chr	start	end	WT.count	mut.count	subclonal.CN	nMaj1	nMin1	frac1	nMaj2	nMin2	frac2	phase	mutation.copy.number	subclonal.fraction	no.chrs.bearing.mut
1	6304296	6304297	11	3	1.19	1	1	0.19	1	0	0.81	unphased	0.552820823244552	0.552820823244552	1
1	17596793	17596794	133	15	1.19	1	1	0.19	1	0	0.81	unphased	0.261469308291342	1.37615425416496	0.19
1	41298753	41298754	65	13	2	1	1	0.36	1	1	0.64	unphased	0.564971751412429	0.882768361581921	0.64
1	52704404	52704405	185	34	1.41	1	1	0.41	1	0	0.59	unphased	0.434676882594226	1.0601875185225	0.41
1	67786057	67786058	123	13	1.47	1	1	0.47	1	0	0.53	unphased	0.273366151545364	0.273366151545364	1
1	75038560	75038561	164	28	2.02	2	1	0.51	1	0	0.49	unphased	0.497266949152542	0.975033233632436	0.51
1	75622746	75622747	122	7	2.02	2	1	0.51	1	0	0.49	unphased	0.185029562475365	0.185029562475365	1
1	78958968	78958969	139	21	2.02	2	1	0.51	1	0	0.49	unphased	0.447540254237288	0.877529910269192	0.51
1	91403431	91403432	201	35	1.46	1	1	0.46	1	0	0.54	unphased	0.422644355070382	0.918792076239961	0.46
1	150484989	150484990	97	5	1.5	1	1	0.5	1	0	0.5	unphased	0.141658358258558	0.141658358258558	1
1	152285502	152285503	413	92	1.5	1	1	0.5	1	0	0.5	unphased	0.526464171840913	1.05292834368183	0.5
1	158549587	158549588	145	33	1.5	1	1	0.5	1	0	0.5	unphased	0.535755094267759	1.07151018853552	0.5
1	158606532	158606533	157	29	1.5	1	1	0.5	1	0	0.5	unphased	0.450564971751412	0.901129943502825	0.5
1	161647509	161647510	9	4	1.5	1	1	0.5	1	0	0.5	unphased	0.889178617992177	0.889178617992177	1
1	169510784	169510785	295	11	1.5	1	1	0.5	1	0	0.5	unphased	0.103882796056276	0.103882796056276	1
1	175067547	175067548	126	27	1.5	1	1	0.5	1	0	0.5	unphased	0.509970089730808	1.01994017946162	0.5
1	175092672	175092673	96	20	1.5	1	1	0.5	1	0	0.5	unphased	0.498246639392168	0.996493278784337	0.5
1	179460857	179460858	172	25	1.5	1	1	0.5	1	0	0.5	unphased	0.366729759958703	0.733459519917405	0.5
1	184801054	184801055	93	41	1.5	1	1	0.5	1	0	0.5	unphased	0.884201871995952	0.884201871995952	1
1	197065220	197065221	180	50	1.5	1	1	0.5	1	0	0.5	unphased	0.62822402358143	1.25644804716286	0.5
1	202245514	202245515	66	4	1.5	1	1	0.5	1	0	0.5	unphased	0.165133171912833	0.165133171912833	1
1	205817024	205817025	63	10	1.5	1	1	0.5	1	0	0.5	unphased	0.395867192941723	0.791734385883446	0.5
1	215960125	215960126	88	15	1.5	1	1	0.5	1	0	0.5	unphased	0.420849103175909	0.841698206351818	0.5
1	228432120	228432121	113	38	1.5	1	1	0.5	1	0	0.5	unphased	0.727242114715456	0.727242114715456	1
1	230846287	230846288	80	20	1.5	1	1	0.5	1	0	0.5	unphased	0.577966101694915	1.15593220338983	0.5
1	231342395	231342396	22	3	1.5	1	1	0.5	1	0	0.5	unphased	0.346779661016949	0.693559322033898	0.5
1	237948019	237948020	68	16	1.5	1	1	0.5	1	0	0.5	unphased	0.55044390637611	1.10088781275222	0.5
1	247921559	247921560	45	14	1.5	1	1	0.5	1	0	0.5	unphased	0.68572249353634	0.68572249353634	1
10	95415536	95415537	120	8	1.87	1	0	0.13	1	1	0.87	unphased	0.203739406779661	0.203739406779661	1
10	95415541	95415542	126	9	1.87	1	0	0.13	1	1	0.87	unphased	0.217322033898305	0.217322033898305	1
10	118314707	118314708	48	5	1.87	1	0	0.13	1	1	0.87	unphased	0.307531180044771	0.307531180044771	1
11	5730534	5730535	71	23	1.01	1	1	0.01	0	1	0.99	unphased	0.587192571222503	0.587192571222503	1
11	7982675	7982676	62	11	2	1	1	0.14	1	1	0.86	unphased	0.51079637798932	0.593949276731767	0.86
11	26700329	26700330	81	14	2	1	1	1	NA	NA	NA	unphased	0.499553969669938	0.499553969669938	1
11	55761814	55761815	107	24	2	1	1	1	NA	NA	NA	unphased	0.621037650407556	0.621037650407556	1
11	55761815	55761816	105	24	2	1	1	1	NA	NA	NA	unphased	0.630666141111549	0.630666141111549	1
11	58207200	58207201	126	12	2	1	1	1	NA	NA	NA	unphased	0.294767870302137	0.294767870302137	1
11	60184424	60184425	51	17	2	1	1	1	NA	NA	NA	unphased	0.847457627118644	0.847457627118644	1
11	72299886	72299887	77	30	2	1	1	1	NA	NA	NA	unphased	0.95041976873119	0.95041976873119	1
11	113264460	113264461	49	13	1.1	2	1	0.05	0	1	0.95	unphased	0.522061235647895	0.522061235647895	1
11	120702703	120702704	70	28	1.8	1	0	0.2	1	1	0.8	unphased	0.91138014527845	0.91138014527845	1
11	134022866	134022867	99	40	2	1	1	0.17	1	1	0.83	unphased	0.975490793805633	0.975490793805633	1
12	2224541	2224542	13	4	1.02	1	1	0.02	0	1	0.98	unphased	0.567018943170489	0.567018943170489	1
12	4874694	4874695	35	6	1.02	1	1	0.02	0	1	0.98	unphased	0.352658123191401	0.352658123191401	1
12	40013042	40013043	69	27	2	1	1	0.12	1	1	0.88	unphased	0.953389830508475	0.953389830508475	1
12	56030836	56030837	114	35	2	1	1	0.09	1	1	0.91	unphased	0.796268911386645	0.796268911386645	1
12	58139585	58139586	103	16	2	1	1	0.09	1	1	0.91	unphased	0.455775530551204	0.455775530551204	1
12	109617029	109617030	19	19	1.03	1	1	0.03	0	1	0.97	unphased	1.20991525423729	1.20991525423729	1
13	110861199	110861200	99	27	2	1	1	1	NA	NA	NA	unphased	0.726392251815981	0.726392251815981	1
14	24801050	24801051	32	3	3.44	2	2	0.72	1	1	0.28	unphased	0.413985472154964	0.413985472154964	1
14	42356615	42356616	241	38	1.12	2	2	0.04	0	1	0.96	unphased	0.341840714415892	0.341840714415892	1
14	53101740	53101741	100	15	1.12	2	2	0.04	0	1	0.96	unphased	0.327369196757553	0.327369196757553	1
14	56147419	56147420	126	15	1.12	2	2	0.04	0	1	0.96	unphased	0.267003245582402	0.267003245582402	1
14	81743480	81743481	248	45	3.7	2	2	0.85	1	1	0.15	unphased	0.781714583212819	0.919664215544493	0.85
14	95934166	95934167	48	11	3.36	2	2	0.68	1	1	0.32	unphased	0.885561620224074	0.885561620224074	1
14	105418084	105418085	147	15	3.36	2	2	0.68	1	1	0.32	unphased	0.439799121155053	0.646763413463314	0.68
15	31320628	31320629	77	7	1.9	1	0	0.1	1	1	0.9	unphased	0.274152542372881	0.274152542372881	1
15	41823326	41823327	207	9	1.9	1	0	0.1	1	1	0.9	unphased	0.137076271186441	0.137076271186441	1
15	42059460	42059461	108	38	1.9	1	0	0.1	1	1	0.9	unphased	0.856257255630369	0.856257255630369	1
15	53889375	53889376	179	10	1.9	1	0	0.1	1	1	0.9	unphased	0.174065106268496	0.174065106268496	1
15	63092864	63092865	41	3	1.9	1	0	0.1	1	1	0.9	unphased	0.224306625577812	0.224306625577812	1
15	78212425	78212426	139	8	1.9	1	0	0.1	1	1	0.9	unphased	0.179038395019025	0.179038395019025	1
15	78825983	78825984	71	7	2	1	1	1	NA	NA	NA	unphased	0.304215558452847	0.304215558452847	1
15	82444679	82444680	177	8	2	1	1	1	NA	NA	NA	unphased	0.146587265231333	0.146587265231333	1
16	27078643	27078644	14	3	2.64	2	1	0.82	1	0	0.18	unphased	0.711146560319043	0.711146560319043	1
16	53403556	53403557	9	4	2	1	1	1	NA	NA	NA	unphased	1.04302477183833	1.04302477183833	1
16	56623932	56623933	8	4	2	1	1	1	NA	NA	NA	unphased	1.12994350282486	1.12994350282486	1
17	3195469	3195470	141	15	2	2	0	1	NA	NA	NA	unphased	0.325945241199479	0.325945241199479	1
17	6927526	6927527	89	39	2	2	0	1	NA	NA	NA	unphased	1.03283898305085	1.03283898305085	1
17	7579527	7579528	121	124	2	2	0	1	NA	NA	NA	unphased	1.71566931857489	0.857834659287444	2
17	10362680	10362681	106	32	2	2	0	1	NA	NA	NA	unphased	0.786047654139032	0.786047654139032	1
17	25783813	25783814	42	11	2	2	0	1	NA	NA	NA	unphased	0.703549728173969	0.703549728173969	1
17	25783839	25783840	46	15	2	2	0	1	NA	NA	NA	unphased	0.833564879133093	0.833564879133093	1
17	25783878	25783879	36	14	2	2	0	1	NA	NA	NA	unphased	0.949152542372881	0.949152542372881	1
17	66972082	66972083	23	8	2	2	0	1	NA	NA	NA	unphased	0.874794969928923	0.874794969928923	1
18	9886680	9886681	62	6	1	1	0	1	NA	NA	NA	unphased	0.21086739780658	0.21086739780658	1
18	65180924	65180925	45	26	1	1	0	1	NA	NA	NA	unphased	0.875149200286465	0.875149200286465	1
19	9056819	9056820	42	12	2	1	1	0.19	1	1	0.81	unphased	0.753295668549906	0.753295668549906	1
19	9296960	9296961	142	54	2	1	1	0.19	1	1	0.81	unphased	0.933932895191975	0.933932895191975	1
19	12243363	12243364	69	27	2	1	1	0.19	1	1	0.81	unphased	0.953389830508475	0.953389830508475	1
19	13226206	13226207	40	20	2	1	1	0.19	1	1	0.81	unphased	1.12994350282486	1.12994350282486	1
19	14754919	14754920	47	10	2	1	1	0.19	1	1	0.81	unphased	0.594707106749926	0.734206304629538	0.81
19	36303057	36303058	68	23	2	1	1	0.13	1	1	0.87	unphased	0.856770348295772	0.856770348295772	1
19	51559890	51559891	188	20	1.79	1	0	0.21	1	1	0.79	unphased	0.305752933507171	0.305752933507171	1
19	53762415	53762416	155	13	1.07	1	1	0.07	0	1	0.93	unphased	0.190344027441485	0.190344027441485	1
19	58371379	58371380	141	10	1.07	1	1	0.07	0	1	0.93	unphased	0.162902682680436	0.162902682680436	1
2	8946490	8946491	152	33	2.74	2	1	0.87	1	0	0.13	unphased	0.736672469079249	0.846749964458907	0.87
2	37036015	37036016	85	19	3	2	1	1	NA	NA	NA	unphased	0.801988265971317	0.801988265971317	1
2	89399609	89399610	184	15	2	2	0	1	NA	NA	NA	unphased	0.255514862447832	0.255514862447832	1
2	97031703	97031704	192	8	2	2	0	1	NA	NA	NA	unphased	0.135593220338983	0.135593220338983	1
2	97405752	97405753	81	17	2	2	0	1	NA	NA	NA	unphased	0.588031822898651	0.588031822898651	1
2	152544854	152544855	24	7	2	2	0	1	NA	NA	NA	unphased	0.765445598687808	0.765445598687808	1
2	242054507	242054508	120	9	2	2	0	1	NA	NA	NA	unphased	0.236499802916831	0.236499802916831	1
20	2293580	2293581	229	62	2.44	2	1	0.72	1	0	0.28	unphased	0.815977634107986	1.13330226959442	0.72
20	3652101	3652102	111	9	2.44	2	1	0.72	1	0	0.28	unphased	0.287237288135593	0.287237288135593	1
20	3732754	3732755	34	4	2.44	2	1	0.72	1	0	0.28	unphased	0.40314005352364	0.559916741005055	0.72
20	10286808	10286809	51	7	2.44	2	1	0.72	1	0	0.28	unphased	0.462220923436587	0.641973504773037	0.72
20	18794901	18794902	90	10	2.44	2	1	0.72	1	0	0.28	unphased	0.382983050847458	0.382983050847458	1
20	30784559	30784560	34	9	2.44	2	1	0.72	1	0	0.28	unphased	0.801592432006307	0.801592432006307	1
20	33763985	33763986	141	24	2.44	2	1	0.72	1	0	0.28	unphased	0.55706625577812	0.773703133025167	0.72
20	40790011	40790012	86	16	2.44	2	1	0.72	1	0	0.28	unphased	0.600757726819541	0.834385731693808	0.72
21	19725272	19725273	97	44	2	2	0	1	NA	NA	NA	unphased	1.05781944945306	1.05781944945306	1
21	30927601	30927602	79	48	2	2	0	1	NA	NA	NA	unphased	1.28119578273055	1.28119578273055	1
22	38219464	38219465	63	20	2	1	1	0.28	1	1	0.72	unphased	0.816826628548091	0.816826628548091	1
22	40661953	40661954	99	22	2	1	1	0.28	1	1	0.72	unphased	0.61633281972265	0.856017805170348	0.72
3	12434117	12434118	49	12	2	2	0	1	NA	NA	NA	unphased	0.666851903306474	0.666851903306474	1
3	14942544	14942545	100	20	2	2	0	1	NA	NA	NA	unphased	0.564971751412429	0.564971751412429	1
3	15282051	15282052	35	24	2	2	0	1	NA	NA	NA	unphased	1.3789141051422	0.6894570525711	2
3	15282059	15282060	32	26	2	2	0	1	NA	NA	NA	unphased	1.51957919345412	0.75978959672706	2
3	38768492	38768493	100	29	2	2	0	1	NA	NA	NA	unphased	0.762054920509789	0.762054920509789	1
3	49200930	49200931	106	13	2	2	0	1	NA	NA	NA	unphased	0.370317618572853	0.370317618572853	1
3	51418766	51418767	47	12	2	2	0	1	NA	NA	NA	unphased	0.6894570525711	0.6894570525711	1
3	97984090	97984091	63	4	2	2	0	1	NA	NA	NA	unphased	0.202377940804452	0.202377940804452	1
3	113505203	113505204	131	51	2	2	0	1	NA	NA	NA	unphased	0.949897560067052	0.949897560067052	1
3	123987978	123987979	34	8	2	2	0	1	NA	NA	NA	unphased	0.645682001614205	0.645682001614205	1
3	124376340	124376341	84	8	2	2	0	1	NA	NA	NA	unphased	0.294767870302137	0.294767870302137	1
4	6303590	6303591	101	10	2.4	2	1	0.7	1	0	0.3	unphased	0.341426171934646	0.341426171934646	1
4	20530613	20530614	129	24	2.88	2	1	0.88	1	1	0.12	unphased	0.669777334662679	0.761110607571226	0.88
4	26490873	26490874	138	39	2.88	2	1	0.88	1	1	0.12	unphased	0.940810112036771	0.940810112036771	1
4	55971022	55971023	78	26	2.88	2	1	0.88	1	1	0.12	unphased	1.06745762711864	1.06745762711864	1
4	66189785	66189786	20	14	2	2	0	1	NA	NA	NA	unphased	1.39581256231306	1.39581256231306	1
4	66467914	66467915	115	6	2	2	0	1	NA	NA	NA	unphased	0.168090769015268	0.168090769015268	1
4	69520809	69520810	69	51	2	2	0	1	NA	NA	NA	unphased	1.44067796610169	0.720338983050847	2
4	73164060	73164061	76	20	2	2	0	1	NA	NA	NA	unphased	0.706214689265537	0.706214689265537	1
4	159514594	159514595	39	7	2	2	0	1	NA	NA	NA	unphased	0.51584377302874	0.51584377302874	1
4	184175084	184175085	31	6	2	2	0	1	NA	NA	NA	unphased	0.549702244617499	0.549702244617499	1
5	7724718	7724719	32	8	2	2	0	0.85	1	1	0.15	unphased	0.677966101694915	0.677966101694915	1
5	41762250	41762251	157	25	1.95	2	0	0.95	0	1	0.05	unphased	0.458767926988266	0.458767926988266	1
5	135391479	135391480	27	5	2	2	0	0.58	1	1	0.42	unphased	0.529661016949153	0.529661016949153	1
5	138160273	138160274	72	4	2	2	0	0.58	1	1	0.42	unphased	0.178412132024978	0.424790790535661	0.42
5	140559410	140559411	80	19	2	2	0	0.58	1	1	0.42	unphased	0.650573531929464	0.650573531929464	1
5	140753952	140753953	46	25	2	2	0	0.58	1	1	0.42	unphased	1.1936022917164	1.1936022917164	1
5	140754167	140754168	26	10	2	2	0	0.58	1	1	0.42	unphased	0.941619585687382	0.941619585687382	1
5	179555603	179555604	32	5	2	2	0	0.58	1	1	0.42	unphased	0.458085203847916	1.09067905678075	0.42
5	179555604	179555605	31	5	2	2	0	0.58	1	1	0.42	unphased	0.470809792843691	1.12097569724688	0.42
6	6152089	6152090	98	28	2.81	2	1	0.81	1	1	0.19	unphased	0.933295668549906	0.933295668549906	1
6	26423182	26423183	70	18	1.06	2	1	0.03	0	1	0.97	unphased	0.501101694915254	0.501101694915254	1
6	56918786	56918787	37	39	2.22	2	1	0.22	1	1	0.78	unphased	1.85241302408564	1.51837133121774	1.22
6	69758078	69758079	43	13	2	1	1	0.09	1	1	0.91	unphased	0.786924939467312	0.786924939467312	1
6	105526454	105526455	54	14	2	1	1	0.16	1	1	0.84	unphased	0.69790628115653	0.69790628115653	1
6	160494947	160494948	29	4	2	1	1	0.16	1	1	0.84	unphased	0.410888546481767	0.489153031525913	0.84
7	4169562	4169563	96	16	1.46	2	1	0.23	1	0	0.77	unphased	0.407118644067797	0.407118644067797	1
7	6026997	6026998	89	65	1.46	2	1	0.23	1	0	0.77	unphased	1.20285053929122	0.977927267716437	1.23
7	25175815	25175816	188	19	1.46	2	1	0.23	1	0	0.77	unphased	0.261578645705396	1.13729845958868	0.23
7	27196231	27196232	76	23	1.46	2	1	0.23	1	0	0.77	unphased	0.662081835302174	0.662081835302174	1
7	33185938	33185939	117	21	1.46	2	1	0.23	1	0	0.77	unphased	0.433669859985262	0.433669859985262	1
7	43360275	43360276	67	16	1.4	2	1	0.2	1	0	0.8	unphased	0.537798652236063	0.537798652236063	1
7	55241706	55241707	50	66	2.29	3	1	0.43	1	0	0.57	unphased	2.09369666861485	1.12564337022304	1.86
7	55249004	55249005	101	131	2.29	3	1	0.43	1	0	0.57	unphased	2.07783533021625	1.11711576893347	1.86
7	88963925	88963926	53	25	2	1	1	0.1	1	1	0.9	unphased	1.0864841373316	1.0864841373316	1
7	100682222	100682223	619	26	2	1	1	0.11	1	1	0.89	unphased	0.136644330574169	0.136644330574169	1
7	100817910	100817911	105	6	2	1	1	0.11	1	1	0.89	unphased	0.183234081539166	0.183234081539166	1
7	103123389	103123390	57	31	2	1	1	0.11	1	1	0.89	unphased	1.19414483821263	1.19414483821263	1
7	124532423	124532424	87	34	2	1	1	0.11	1	1	0.89	unphased	0.952514357753187	0.952514357753187	1
7	141672555	141672556	64	27	2	1	1	0.09	1	1	0.91	unphased	1.00577388712982	1.00577388712982	1
7	143048782	143048783	54	12	2	1	1	1	NA	NA	NA	unphased	0.61633281972265	0.61633281972265	1
7	143792564	143792565	161	13	2	1	1	1	NA	NA	NA	unphased	0.25326319890902	0.25326319890902	1
8	22023022	22023023	20	4	2	1	1	0.22	1	1	0.78	unphased	0.564971751412429	0.564971751412429	1
8	94767324	94767325	138	36	2.67	2	1	0.67	1	1	0.33	unphased	0.839964932787843	0.839964932787843	1
8	104831615	104831616	41	7	2.67	2	1	0.67	1	1	0.33	unphased	0.592058615819209	0.592058615819209	1
8	124266182	124266183	107	16	2.15	2	1	0.15	1	1	0.85	unphased	0.460465757199945	0.460465757199945	1
8	145112602	145112603	26	3	2.15	2	1	0.15	1	1	0.85	unphased	0.366189362945646	0.366189362945646	1
9	17747125	17747126	27	6	1	1	0	1	NA	NA	NA	unphased	0.434514637904468	0.434514637904468	1
9	86900403	86900404	50	47	1	1	0	1	NA	NA	NA	unphased	1.15795911235366	1.15795911235366	1
X	2799176	2799177	22	25	NA	NA	NA	NA	NA	NA	NA	unphased	NA	NA	1
X	3228211	3228212	136	20	NA	NA	NA	NA	NA	NA	NA	unphased	NA	NA	1
X	12725754	12725755	153	38	NA	NA	NA	NA	NA	NA	NA	unphased	NA	NA	1
X	13769418	13769419	63	14	NA	NA	NA	NA	NA	NA	NA	unphased	NA	NA	1
X	15315772	15315773	172	8	NA	NA	NA	NA	NA	NA	NA	unphased	NA	NA	1
X	27999364	27999365	72	14	NA	NA	NA	NA	NA	NA	NA	unphased	NA	NA	1
X	30268783	30268784	45	9	NA	NA	NA	NA	NA	NA	NA	unphased	NA	NA	1
X	54011444	54011445	79	48	NA	NA	NA	NA	NA	NA	NA	unphased	NA	NA	1
X	55047597	55047598	73	22	NA	NA	NA	NA	NA	NA	NA	unphased	NA	NA	1
X	69504488	69504489	49	10	NA	NA	NA	NA	NA	NA	NA	unphased	NA	NA	1
X	69647226	69647227	42	18	NA	NA	NA	NA	NA	NA	NA	unphased	NA	NA	1
X	71351248	71351249	120	6	NA	NA	NA	NA	NA	NA	NA	unphased	NA	NA	1
X	76953082	76953083	129	28	NA	NA	NA	NA	NA	NA	NA	unphased	NA	NA	1
X	101910400	101910401	188	40	NA	NA	NA	NA	NA	NA	NA	unphased	NA	NA	1
X	102754777	102754778	41	7	NA	NA	NA	NA	NA	NA	NA	unphased	NA	NA	1
X	105278253	105278254	80	16	NA	NA	NA	NA	NA	NA	NA	unphased	NA	NA	1
X	109693869	109693870	232	72	NA	NA	NA	NA	NA	NA	NA	unphased	NA	NA	1
X	133304301	133304302	39	7	NA	NA	NA	NA	NA	NA	NA	unphased	NA	NA	1
X	142605205	142605206	316	13	NA	NA	NA	NA	NA	NA	NA	unphased	NA	NA	1
X	144904396	144904397	130	33	NA	NA	NA	NA	NA	NA	NA	unphased	NA	NA	1
X	144904397	144904398	128	34	NA	NA	NA	NA	NA	NA	NA	unphased	NA	NA	1
X	144904884	144904885	143	11	NA	NA	NA	NA	NA	NA	NA	unphased	NA	NA	1
X	153579292	153579293	113	38	NA	NA	NA	NA	NA	NA	NA	unphased	NA	NA	1
