chr	start	end	WT.count	mut.count	subclonal.CN	nMaj1	nMin1	frac1	nMaj2	nMin2	frac2	phase	mutation.copy.number	subclonal.fraction	no.chrs.bearing.mut
1	4772134	4772135	32	10	2.34	2	1	0.34	1	1	0.66	unphased	1.66825396825397	1.66825396825397	1
1	12918946	12918947	174	48	3	2	1	1	NA	NA	NA	unphased	1.65765765765766	0.828828828828829	2
1	29438931	29438932	103	37	3	2	1	1	NA	NA	NA	unphased	2.02619047619048	1.01309523809524	2
1	70339389	70339390	5	8	3	2	1	1	NA	NA	NA	unphased	4.71794871794872	2.35897435897436	2
1	89652776	89652777	97	20	3	2	1	1	NA	NA	NA	unphased	1.31054131054131	1.31054131054131	1
1	99469971	99469972	11	4	3	2	1	1	NA	NA	NA	unphased	2.04444444444444	2.04444444444444	1
1	118534063	118534064	90	32	3	2	1	1	NA	NA	NA	unphased	2.01092896174863	1.00546448087432	2
1	120506350	120506351	299	26	3	2	1	1	NA	NA	NA	unphased	0.613333333333333	0.613333333333333	1
1	155007171	155007172	131	137	6	6	0	1	NA	NA	NA	unphased	5.45273631840796	1.09054726368159	5
1	155231451	155231452	135	146	6	6	0	1	NA	NA	NA	unphased	5.54211150652432	0.923685251087386	6
1	158632625	158632626	71	88	6	6	0	1	NA	NA	NA	unphased	5.90356394129979	0.983927323549965	6
1	176525525	176525526	167	157	6	6	0	1	NA	NA	NA	unphased	5.16872427983539	1.03374485596708	5
1	176564568	176564569	70	82	6	6	0	1	NA	NA	NA	unphased	5.75438596491228	0.95906432748538	6
1	183616715	183616716	70	88	6	6	0	1	NA	NA	NA	unphased	5.94092827004219	0.990154711673699	6
1	201196166	201196167	71	82	6	6	0	1	NA	NA	NA	unphased	5.71677559912854	0.95279593318809	6
1	232575067	232575068	115	10	6	6	0	1	NA	NA	NA	unphased	0.853333333333333	0.853333333333333	1
1	237777576	237777577	42	41	6	6	0	1	NA	NA	NA	unphased	5.26907630522088	1.05381526104418	5
10	26830516	26830517	47	14	1.04	2	1	0.02	0	1	0.98	unphased	1.30972677595628	1.30972677595628	1
10	27382414	27382415	136	13	1.04	2	1	0.02	0	1	0.98	unphased	0.497897091722595	0.497897091722595	1
10	50952154	50952155	39	16	1.04	2	1	0.02	0	1	0.98	unphased	1.66012121212121	1.62756981580511	1.02
10	75147501	75147502	192	35	4	2	2	1	NA	NA	NA	unphased	1.33627019089574	0.668135095447871	2
10	87966374	87966375	58	13	4	2	2	1	NA	NA	NA	unphased	1.5868544600939	1.5868544600939	1
10	95454662	95454663	325	86	4	2	2	1	NA	NA	NA	unphased	1.81346309813463	0.906731549067315	2
10	97376253	97376254	11	4	4	2	2	1	NA	NA	NA	unphased	2.31111111111111	2.31111111111111	1
10	102986862	102986863	16	4	4	2	2	1	NA	NA	NA	unphased	1.73333333333333	1.73333333333333	1
10	108924027	108924028	13	11	4	2	2	1	NA	NA	NA	unphased	3.97222222222222	1.98611111111111	2
10	114059287	114059288	124	30	4	2	2	1	NA	NA	NA	unphased	1.68831168831169	0.844155844155844	2
10	116930884	116930885	249	87	4	2	2	1	NA	NA	NA	unphased	2.24404761904762	1.12202380952381	2
11	7334799	7334800	147	27	4	2	2	1	NA	NA	NA	unphased	1.3448275862069	1.3448275862069	1
11	47361292	47361293	48	18	4	2	2	1	NA	NA	NA	unphased	2.36363636363636	1.18181818181818	2
11	55432896	55432897	211	60	4	2	2	1	NA	NA	NA	unphased	1.91881918819188	0.959409594095941	2
11	55735330	55735331	64	23	4	2	2	1	NA	NA	NA	unphased	2.2911877394636	1.1455938697318	2
11	57077503	57077504	328	112	4	2	2	1	NA	NA	NA	unphased	2.20606060606061	1.1030303030303	2
11	59283147	59283148	377	104	4	2	2	1	NA	NA	NA	unphased	1.87387387387387	0.936936936936937	2
11	63176157	63176158	87	38	4	2	2	1	NA	NA	NA	unphased	2.63466666666667	1.31733333333333	2
11	64806066	64806067	38	12	4	2	2	1	NA	NA	NA	unphased	2.08	1.04	2
11	65812854	65812855	49	5	4	2	2	1	NA	NA	NA	unphased	0.802469135802469	0.802469135802469	1
11	89537406	89537407	70	23	4	2	2	1	NA	NA	NA	unphased	2.14336917562724	1.07168458781362	2
11	89944445	89944446	215	31	4	2	2	1	NA	NA	NA	unphased	1.09214092140921	1.09214092140921	1
11	113780124	113780125	152	36	4	2	2	1	NA	NA	NA	unphased	1.65957446808511	0.829787234042553	2
11	113780125	113780126	153	37	4	2	2	1	NA	NA	NA	unphased	1.68771929824561	0.843859649122807	2
11	116691536	116691537	82	16	4	2	2	1	NA	NA	NA	unphased	1.41496598639456	1.41496598639456	1
11	123476079	123476080	80	7	4	2	2	1	NA	NA	NA	unphased	0.697318007662835	0.697318007662835	1
11	124294350	124294351	112	31	4	2	2	1	NA	NA	NA	unphased	1.87878787878788	0.939393939393939	2
11	128786379	128786380	179	56	4	2	2	1	NA	NA	NA	unphased	2.06524822695035	1.03262411347518	2
12	21796969	21796970	105	34	4	2	2	1	NA	NA	NA	unphased	2.11990407673861	1.0599520383693	2
12	51386098	51386099	103	24	4	2	2	1	NA	NA	NA	unphased	1.63779527559055	0.818897637795275	2
12	52946482	52946483	134	29	4	2	2	1	NA	NA	NA	unphased	1.54192229038855	0.770961145194274	2
12	54118510	54118511	41	7	4	2	2	1	NA	NA	NA	unphased	1.26388888888889	1.26388888888889	1
12	57864529	57864530	80	28	4	2	2	1	NA	NA	NA	unphased	2.24691358024691	1.12345679012346	2
12	57921291	57921292	150	50	4	2	2	1	NA	NA	NA	unphased	2.16666666666667	1.08333333333333	2
12	78225349	78225350	237	73	4	2	2	1	NA	NA	NA	unphased	2.04086021505376	1.02043010752688	2
12	82746875	82746876	101	20	4	2	2	1	NA	NA	NA	unphased	1.43250688705234	1.43250688705234	1
12	100041890	100041891	34	12	4	2	2	1	NA	NA	NA	unphased	2.26086956521739	1.1304347826087	2
12	100887128	100887129	32	4	4	2	2	1	NA	NA	NA	unphased	0.962962962962963	0.962962962962963	1
12	108169074	108169075	109	29	4	2	2	1	NA	NA	NA	unphased	1.82125603864734	0.910628019323671	2
12	109696834	109696835	294	66	4	2	2	1	NA	NA	NA	unphased	1.58888888888889	0.794444444444444	2
13	23914496	23914497	83	15	3	2	1	1	NA	NA	NA	unphased	1.1734693877551	1.1734693877551	1
13	30091894	30091895	140	15	3	2	1	1	NA	NA	NA	unphased	0.741935483870968	0.741935483870968	1
14	19377641	19377642	173	48	NA	NA	NA	NA	NA	NA	NA	unphased	NA	NA	1
14	44975751	44975752	313	111	2	2	0	1	NA	NA	NA	unphased	1.74528301886792	0.872641509433962	2
14	55848688	55848689	92	47	2	2	0	1	NA	NA	NA	unphased	2.25419664268585	1.12709832134293	2
14	64430697	64430698	24	7	2	2	0	1	NA	NA	NA	unphased	1.50537634408602	1.50537634408602	1
14	74409246	74409247	237	43	2	2	0	1	NA	NA	NA	unphased	1.02380952380952	1.02380952380952	1
14	101416167	101416168	60	27	2	2	0	1	NA	NA	NA	unphased	2.06896551724138	1.03448275862069	2
14	105412025	105412026	162	13	2	2	0	1	NA	NA	NA	unphased	0.495238095238095	0.495238095238095	1
14	105412520	105412521	92	11	2	2	0	1	NA	NA	NA	unphased	0.711974110032362	0.711974110032362	1
15	25475883	25475884	71	14	2.34	2	2	0.17	1	1	0.83	unphased	1.15403921568627	1.15403921568627	1
15	33922212	33922213	24	12	2.34	2	2	0.17	1	1	0.83	unphased	2.33555555555556	1.99620132953466	1.17
15	51973964	51973965	59	14	2.34	2	2	0.17	1	1	0.83	unphased	1.34374429223744	1.34374429223744	1
15	65759120	65759121	103	27	2.34	2	2	0.17	1	1	0.83	unphased	1.45523076923077	1.24378698224852	1.17
15	70961108	70961109	167	47	2.34	2	2	0.17	1	1	0.83	unphased	1.53884735202492	1.31525414702985	1.17
15	86124327	86124328	114	35	2.34	2	2	0.17	1	1	0.83	unphased	1.64586129753915	1.40671905772577	1.17
15	91824967	91824968	169	28	2.34	2	2	0.17	1	1	0.83	unphased	0.995871404399323	0.995871404399323	1
15	102346590	102346591	296	72	NA	NA	NA	NA	NA	NA	NA	unphased	NA	NA	1
16	14026298	14026299	7	6	3	3	0	1	NA	NA	NA	unphased	3.53846153846154	1.17948717948718	3
16	24902388	24902389	196	48	2.28	2	2	0.14	1	1	0.86	unphased	1.36655737704918	1.19873454127121	1.14
16	48134805	48134806	47	20	2	2	0	1	NA	NA	NA	unphased	1.99004975124378	0.99502487562189	2
16	71958709	71958710	84	26	2	2	0	1	NA	NA	NA	unphased	1.57575757575758	0.787878787878788	2
17	7577119	7577120	25	39	4	4	0	1	NA	NA	NA	unphased	5.28125	1.3203125	4
17	8141723	8141724	156	122	4	4	0	1	NA	NA	NA	unphased	3.80335731414868	0.95083932853717	4
17	16855825	16855826	43	44	4	4	0	1	NA	NA	NA	unphased	4.38314176245211	1.09578544061303	4
17	16855826	16855827	42	44	4	4	0	1	NA	NA	NA	unphased	4.43410852713178	1.10852713178295	4
17	21730971	21730972	53	44	4	4	0	1	NA	NA	NA	unphased	3.93127147766323	0.982817869415807	4
17	34186067	34186068	65	57	4	4	0	1	NA	NA	NA	unphased	4.04918032786885	1.01229508196721	4
17	38192030	38192031	51	35	4	4	0	1	NA	NA	NA	unphased	3.52713178294574	0.881782945736434	4
17	39261637	39261638	11	10	4	4	0	1	NA	NA	NA	unphased	4.12698412698413	1.03174603174603	4
17	54969036	54969037	36	27	4	4	0	1	NA	NA	NA	unphased	3.71428571428571	0.928571428571428	4
17	72363713	72363714	81	57	4	4	0	1	NA	NA	NA	unphased	3.57971014492754	0.894927536231884	4
18	7231834	7231835	99	45	2	2	0	1	NA	NA	NA	unphased	2.08333333333333	1.04166666666667	2
18	7231835	7231836	100	44	2	2	0	1	NA	NA	NA	unphased	2.03703703703704	1.01851851851852	2
18	9535925	9535926	21	9	2	2	0	1	NA	NA	NA	unphased	2	1	2
18	29770032	29770033	54	14	4	2	2	1	NA	NA	NA	unphased	1.7843137254902	0.892156862745098	2
18	61232706	61232707	173	49	4	2	2	1	NA	NA	NA	unphased	1.91291291291291	0.956456456456456	2
18	66344200	66344201	199	26	4	2	2	1	NA	NA	NA	unphased	1.00148148148148	1.00148148148148	1
18	72345209	72345210	78	11	4	2	2	1	NA	NA	NA	unphased	1.07116104868914	1.07116104868914	1
19	2278807	2278808	13	7	2.3	2	2	0.15	1	1	0.85	unphased	2.43833333333333	2.12028985507246	1.15
19	5587257	5587258	61	13	2.3	2	2	0.15	1	1	0.85	unphased	1.22387387387387	1.22387387387387	1
19	9067654	9067655	267	78	2.3	2	2	0.15	1	1	0.85	unphased	1.57507246376812	1.36962822936358	1.15
19	11616986	11616987	206	32	2.3	2	2	0.15	1	1	0.85	unphased	0.936694677871148	0.936694677871148	1
19	12812150	12812151	47	17	2.3	2	2	0.15	1	1	0.85	unphased	1.85052083333333	1.60914855072464	1.15
19	12858297	12858298	71	16	2.3	2	2	0.15	1	1	0.85	unphased	1.28122605363985	1.28122605363985	1
19	13004296	13004297	96	25	2.3	2	2	0.15	1	1	0.85	unphased	1.43939393939394	1.25164690382082	1.15
19	19656164	19656165	24	7	2.3	2	2	0.15	1	1	0.85	unphased	1.57311827956989	1.57311827956989	1
19	31039382	31039383	305	76	2.3	2	2	0.15	1	1	0.85	unphased	1.38967629046369	1.2084141656206	1.15
19	33697589	33697590	139	33	2.3	2	2	0.15	1	1	0.85	unphased	1.33662790697674	1.16228513650152	1.15
19	35616356	35616357	9	5	2.3	2	2	0.15	1	1	0.85	unphased	2.48809523809524	2.16356107660455	1.15
19	35802818	35802819	20	6	2.3	2	2	0.15	1	1	0.85	unphased	1.60769230769231	1.60769230769231	1
19	35804365	35804366	40	10	2.3	2	2	0.15	1	1	0.85	unphased	1.39333333333333	1.39333333333333	1
19	38125949	38125950	122	27	2.3	2	2	0.15	1	1	0.85	unphased	1.26241610738255	1.26241610738255	1
19	41888861	41888862	437	147	2.3	2	2	0.15	1	1	0.85	unphased	1.75359589041096	1.5248659916617	1.15
19	46215709	46215710	10	7	2.3	2	2	0.15	1	1	0.85	unphased	2.86862745098039	2.49445865302643	1.15
19	46375419	46375420	101	28	2.3	2	2	0.15	1	1	0.85	unphased	1.51214470284238	1.31490843725424	1.15
19	48607848	48607849	154	43	2.3	2	2	0.15	1	1	0.85	unphased	1.52064297800338	1.32229824174207	1.15
19	51827044	51827045	44	7	2.3	2	2	0.15	1	1	0.85	unphased	0.956209150326797	0.956209150326797	1
19	53762508	53762509	217	46	2.3	2	2	0.15	1	1	0.85	unphased	1.21850443599493	1.21850443599493	1
19	55693106	55693107	165	61	2.3	2	2	0.15	1	1	0.85	unphased	1.88038348082596	1.63511607028344	1.15
19	56538776	56538777	33	13	2.3	2	2	0.15	1	1	0.85	unphased	1.96884057971014	1.71203528670447	1.15
2	21228400	21228401	219	96	4	3	1	1	NA	NA	NA	unphased	2.64126984126984	0.88042328042328	3
2	32289074	32289075	28	16	4	3	1	1	NA	NA	NA	unphased	3.15151515151515	1.05050505050505	3
2	33411957	33411958	77	7	4	3	1	1	NA	NA	NA	unphased	0.722222222222222	0.722222222222222	1
2	39406319	39406320	244	73	4	3	1	1	NA	NA	NA	unphased	1.99579390115668	0.997896950578339	2
2	39406320	39406321	236	73	4	3	1	1	NA	NA	NA	unphased	2.04746494066882	1.02373247033441	2
2	49244673	49244674	89	8	4	3	1	1	NA	NA	NA	unphased	0.714776632302406	0.714776632302406	1
2	71740978	71740979	69	9	4	3	1	1	NA	NA	NA	unphased	1	1	1
2	80136874	80136875	85	38	4	3	1	1	NA	NA	NA	unphased	2.67750677506775	0.892502258355917	3
2	80816541	80816542	100	42	4	3	1	1	NA	NA	NA	unphased	2.56338028169014	0.854460093896714	3
2	84518055	84518056	103	15	4	3	1	1	NA	NA	NA	unphased	1.10169491525424	1.10169491525424	1
2	85617333	85617334	98	17	4	3	1	1	NA	NA	NA	unphased	1.28115942028985	1.28115942028985	1
2	90108534	90108535	102	15	4	3	1	1	NA	NA	NA	unphased	1.11111111111111	1.11111111111111	1
2	90248928	90248929	178	23	4	3	1	1	NA	NA	NA	unphased	0.991708126036484	0.991708126036484	1
2	130832536	130832537	424	56	4	3	1	1	NA	NA	NA	unphased	1.01111111111111	1.01111111111111	1
2	132021755	132021756	212	46	4	3	1	1	NA	NA	NA	unphased	1.54521963824289	0.772609819121447	2
2	141130621	141130622	252	80	4	3	1	1	NA	NA	NA	unphased	2.08835341365462	1.04417670682731	2
2	141130622	141130623	249	78	4	3	1	1	NA	NA	NA	unphased	2.06727828746177	1.03363914373089	2
2	141242924	141242925	138	13	4	3	1	1	NA	NA	NA	unphased	0.746136865342163	0.746136865342163	1
2	165383552	165383553	133	56	4	3	1	1	NA	NA	NA	unphased	2.5679012345679	0.8559670781893	3
2	166732681	166732682	75	25	4	3	1	1	NA	NA	NA	unphased	2.16666666666667	1.08333333333333	2
2	166848274	166848275	180	73	4	3	1	1	NA	NA	NA	unphased	2.50065876152833	0.833552920509442	3
2	169985204	169985205	290	91	4	3	1	1	NA	NA	NA	unphased	2.06999125109361	1.03499562554681	2
2	179447364	179447365	56	7	4	3	1	1	NA	NA	NA	unphased	0.962962962962963	0.962962962962963	1
2	179546137	179546138	49	4	4	3	1	1	NA	NA	NA	unphased	0.654088050314465	0.654088050314465	1
2	179572472	179572473	130	21	4	3	1	1	NA	NA	NA	unphased	1.20529801324503	1.20529801324503	1
2	179596698	179596699	162	25	4	3	1	1	NA	NA	NA	unphased	1.15864527629234	1.15864527629234	1
2	179610752	179610753	331	43	4	3	1	1	NA	NA	NA	unphased	0.996434937611408	0.996434937611408	1
2	183989161	183989162	160	18	4	3	1	1	NA	NA	NA	unphased	0.876404494382022	0.876404494382022	1
2	196673405	196673406	123	22	2	1	1	1	NA	NA	NA	unphased	1.01149425287356	1.01149425287356	1
2	198338506	198338507	81	19	2	1	1	1	NA	NA	NA	unphased	1.26666666666667	1.26666666666667	1
2	207572047	207572048	27	3	2	1	1	1	NA	NA	NA	unphased	0.666666666666667	0.666666666666667	1
2	223386572	223386573	106	21	2	1	1	1	NA	NA	NA	unphased	1.10236220472441	1.10236220472441	1
20	1615915	1615916	109	20	1.14	2	1	0.07	0	1	0.93	unphased	0.900258397932817	0.900258397932817	1
20	5903743	5903744	82	18	1.14	2	1	0.07	0	1	0.93	unphased	1.0452	1.0452	1
20	5903744	5903745	81	19	1.14	2	1	0.07	0	1	0.93	unphased	1.10326666666667	1.10326666666667	1
20	7894953	7894954	90	24	1.14	2	1	0.07	0	1	0.93	unphased	1.22245614035088	1.22245614035088	1
20	21695551	21695552	8	6	1.14	2	1	0.07	0	1	0.93	unphased	2.48857142857143	2.32576769025367	1.07
20	30729589	30729590	199	33	1.14	2	1	0.07	0	1	0.93	unphased	0.825948275862069	0.825948275862069	1
20	33706297	33706298	14	7	1.14	2	1	0.07	0	1	0.93	unphased	1.93555555555556	1.80893042575286	1.07
20	36640670	36640671	109	36	1.14	2	1	0.07	0	1	0.93	unphased	1.44165517241379	1.34734128262971	1.07
20	37531434	37531435	109	17	1.14	2	1	0.07	0	1	0.93	unphased	0.783439153439153	0.783439153439153	1
20	37531435	37531436	107	16	1.14	2	1	0.07	0	1	0.93	unphased	0.755338753387534	0.755338753387534	1
21	11039137	11039138	918	17	NA	NA	NA	NA	NA	NA	NA	unphased	NA	NA	1
21	19165738	19165739	32	14	1.26	3	0	0.13	1	0	0.87	unphased	1.80376811594203	0.846839491052596	2.13
21	32119450	32119451	68	43	3	3	0	1	NA	NA	NA	unphased	2.96996996996997	0.98998998998999	3
22	17978493	17978494	72	27	4.04	3	2	0.68	1	1	0.32	unphased	2.37454545454545	1.00616332819723	2.36
22	26736443	26736444	354	87	4.04	3	2	0.68	1	1	0.32	unphased	1.71764172335601	1.02240578771191	1.68
22	36863771	36863772	24	10	4.04	3	2	0.68	1	1	0.32	unphased	2.56078431372549	0.955516534972198	2.68
22	40078599	40078600	61	37	4.04	3	2	0.68	1	1	0.32	unphased	3.28721088435374	1.22657122550513	2.68
22	50472775	50472776	51	8	NA	NA	NA	NA	NA	NA	NA	unphased	NA	NA	1
3	17052613	17052614	73	53	3	3	0	1	NA	NA	NA	unphased	3.22486772486772	1.07495590828924	3
3	48629338	48629339	68	38	3	3	0	1	NA	NA	NA	unphased	2.74842767295597	0.916142557651991	3
3	97852250	97852251	196	47	5	4	1	1	NA	NA	NA	unphased	1.86968449931413	0.934842249657065	2
3	97852251	97852252	199	48	5	4	1	1	NA	NA	NA	unphased	1.87854251012146	0.939271255060729	2
3	107492319	107492320	129	11	5	4	1	1	NA	NA	NA	unphased	0.759523809523809	0.759523809523809	1
3	109046767	109046768	273	62	5	4	1	1	NA	NA	NA	unphased	1.78905472636816	0.89452736318408	2
3	130159660	130159661	30	17	5	4	1	1	NA	NA	NA	unphased	3.49645390070922	0.874113475177305	4
3	138739003	138739004	120	14	8	4	4	1	NA	NA	NA	unphased	1.32338308457711	1.32338308457711	1
3	142388314	142388315	419	39	8	4	4	1	NA	NA	NA	unphased	1.07860262008734	1.07860262008734	1
3	149220632	149220633	29	6	8	4	4	1	NA	NA	NA	unphased	2.17142857142857	1.08571428571429	2
3	164905832	164905833	363	175	8	4	4	1	NA	NA	NA	unphased	4.12019826517968	1.03004956629492	4
3	178916935	178916936	253	40	8	4	4	1	NA	NA	NA	unphased	1.7292377701934	0.864618885096701	2
3	179478920	179478921	285	26	8	4	4	1	NA	NA	NA	unphased	1.05894962486602	1.05894962486602	1
3	190366464	190366465	95	12	8	4	4	1	NA	NA	NA	unphased	1.42056074766355	1.42056074766355	1
3	194407653	194407654	51	8	8	4	4	1	NA	NA	NA	unphased	1.71751412429379	1.71751412429379	1
3	195452919	195452920	42	5	8	4	4	1	NA	NA	NA	unphased	1.34751773049645	1.34751773049645	1
4	658690	658691	164	27	NA	NA	NA	NA	NA	NA	NA	unphased	NA	NA	1
4	26483127	26483128	54	16	4	2	2	1	NA	NA	NA	unphased	1.98095238095238	0.99047619047619	2
4	36214040	36214041	72	18	4	2	2	1	NA	NA	NA	unphased	1.73333333333333	0.866666666666667	2
4	40099025	40099026	188	68	4	2	2	1	NA	NA	NA	unphased	2.30208333333333	1.15104166666667	2
4	40350898	40350899	183	46	4	2	2	1	NA	NA	NA	unphased	1.74090247452693	0.870451237263464	2
4	57843149	57843150	41	12	4	2	2	1	NA	NA	NA	unphased	1.9622641509434	0.981132075471698	2
4	68938143	68938144	137	39	4	2	2	1	NA	NA	NA	unphased	1.92045454545455	0.960227272727273	2
4	71650541	71650542	23	6	4	2	2	1	NA	NA	NA	unphased	1.79310344827586	1.79310344827586	1
4	79800162	79800163	28	3	4	2	2	1	NA	NA	NA	unphased	0.838709677419355	0.838709677419355	1
4	90830529	90830530	82	20	4	2	2	1	NA	NA	NA	unphased	1.69934640522876	0.849673202614379	2
4	103866466	103866467	188	55	4	2	2	1	NA	NA	NA	unphased	1.96159122085048	0.98079561042524	2
4	108816989	108816990	193	37	4	2	2	1	NA	NA	NA	unphased	1.39420289855072	0.697101449275362	2
4	119652645	119652646	153	35	4	2	2	1	NA	NA	NA	unphased	1.61347517730496	0.806737588652482	2
4	177098241	177098242	81	28	4	2	2	1	NA	NA	NA	unphased	2.2262996941896	1.1131498470948	2
4	177138060	177138061	246	75	4	2	2	1	NA	NA	NA	unphased	2.02492211838006	1.01246105919003	2
4	187004703	187004704	185	56	4	2	2	1	NA	NA	NA	unphased	2.01383125864454	1.00691562932227	2
5	427953	427954	75	31	NA	NA	NA	NA	NA	NA	NA	unphased	NA	NA	1
5	1339042	1339043	53	29	3.23	3	2	0.41	1	1	0.59	unphased	2.79272357723577	1.15880646358331	2.41
5	26890630	26890631	263	19	4.55	4	2	0.71	1	0	0.29	unphased	0.620981087470449	0.874621249958379	0.71
5	35727897	35727898	242	35	4.55	4	2	0.71	1	0	0.29	unphased	1.16456077015644	1.16456077015644	1
5	54281100	54281101	706	304	10	7	3	1	NA	NA	NA	unphased	4.41452145214521	1.1036303630363	4
5	54281374	54281375	173	78	10	7	3	1	NA	NA	NA	unphased	4.55776892430279	0.911553784860558	5
5	54320152	54320153	344	153	10	7	3	1	NA	NA	NA	unphased	4.51509054325956	0.903018108651912	5
5	75858346	75858347	108	37	2	2	0	1	NA	NA	NA	unphased	1.70114942528736	0.850574712643678	2
5	138260945	138260946	39	19	2	2	0	1	NA	NA	NA	unphased	2.18390804597701	1.09195402298851	2
5	147466028	147466029	155	71	2	2	0	1	NA	NA	NA	unphased	2.09439528023599	1.04719764011799	2
5	147481343	147481344	78	41	2	2	0	1	NA	NA	NA	unphased	2.296918767507	1.1484593837535	2
5	156899444	156899445	219	75	2	2	0	1	NA	NA	NA	unphased	1.70068027210884	0.850340136054422	2
5	169675695	169675696	225	85	2	2	0	1	NA	NA	NA	unphased	1.82795698924731	0.913978494623656	2
5	175530259	175530260	364	38	2	2	0	1	NA	NA	NA	unphased	0.630182421227197	0.630182421227197	1
5	175530260	175530261	364	38	2	2	0	1	NA	NA	NA	unphased	0.630182421227197	0.630182421227197	1
5	177161902	177161903	32	11	2	2	0	1	NA	NA	NA	unphased	1.70542635658915	0.852713178294574	2
5	177161903	177161904	32	9	2	2	0	1	NA	NA	NA	unphased	1.46341463414634	1.46341463414634	1
6	6182227	6182228	110	35	4	2	2	1	NA	NA	NA	unphased	2.09195402298851	1.04597701149425	2
6	13305332	13305333	103	26	4	2	2	1	NA	NA	NA	unphased	1.74677002583979	0.873385012919897	2
6	18212750	18212751	322	31	4	2	2	1	NA	NA	NA	unphased	0.76109537299339	0.76109537299339	1
6	27420100	27420101	204	52	4	2	2	1	NA	NA	NA	unphased	1.76041666666667	0.880208333333333	2
6	33271711	33271712	106	37	4	2	2	1	NA	NA	NA	unphased	2.24242424242424	1.12121212121212	2
6	34101346	34101347	12	6	4	2	2	1	NA	NA	NA	unphased	2.88888888888889	1.44444444444444	2
6	39847148	39847149	67	21	4	2	2	1	NA	NA	NA	unphased	2.06818181818182	1.03409090909091	2
6	40400150	40400151	84	22	4	2	2	1	NA	NA	NA	unphased	1.79874213836478	0.89937106918239	2
6	99283999	99284000	85	27	4	2	2	1	NA	NA	NA	unphased	2.08928571428571	1.04464285714286	2
6	105606477	105606478	227	56	4	2	2	1	NA	NA	NA	unphased	1.71495877502945	0.857479387514723	2
6	108501624	108501625	158	33	4	2	2	1	NA	NA	NA	unphased	1.49738219895288	0.74869109947644	2
6	118635467	118635468	23	5	4	2	2	1	NA	NA	NA	unphased	1.54761904761905	1.54761904761905	1
6	121577238	121577239	102	27	4	2	2	1	NA	NA	NA	unphased	1.81395348837209	0.906976744186046	2
6	122737377	122737378	65	21	4	2	2	1	NA	NA	NA	unphased	2.11627906976744	1.05813953488372	2
6	131971205	131971206	204	56	4	2	2	1	NA	NA	NA	unphased	1.86666666666667	0.933333333333333	2
6	132785133	132785134	233	62	4	2	2	1	NA	NA	NA	unphased	1.82146892655367	0.910734463276836	2
6	136682313	136682314	63	18	6	4	2	1	NA	NA	NA	unphased	2.37037037037037	1.18518518518519	2
6	142400041	142400042	94	8	6	4	2	1	NA	NA	NA	unphased	0.836601307189543	0.836601307189543	1
6	160662609	160662610	94	31	6	4	2	1	NA	NA	NA	unphased	2.64533333333333	0.881777777777778	3
7	5965286	5965287	248	39	1.44	3	2	0.11	0	1	0.89	unphased	0.829825783972125	0.829825783972125	1
7	6474583	6474584	136	59	1.44	3	2	0.11	0	1	0.89	unphased	1.84765811965812	0.875667355288208	2.11
7	18067167	18067168	383	152	1.44	3	2	0.11	0	1	0.89	unphased	1.73497819314642	0.82226454651489	2.11
7	31692222	31692223	46	16	4.72	3	2	0.93	0	1	0.07	unphased	2.42236559139785	0.868231394766254	2.79
7	37951815	37951816	149	54	4.72	3	2	0.93	0	1	0.07	unphased	2.49694581280788	0.894962656920388	2.79
7	48335403	48335404	246	112	3	3	0	1	NA	NA	NA	unphased	2.39851024208566	1.19925512104283	2
7	56087412	56087413	85	12	2.35	4	2	0.27	1	0	0.73	unphased	0.868041237113402	0.868041237113402	1
7	77764481	77764482	108	76	2.35	4	2	0.27	1	0	0.73	unphased	2.8981884057971	0.886296148561805	3.27
7	88966070	88966071	322	141	2.35	4	2	0.27	1	0	0.73	unphased	2.13682505399568	0.941332622905586	2.27
7	97363031	97363032	119	51	2.35	4	2	0.27	1	0	0.73	unphased	2.105	0.927312775330396	2.27
7	100551425	100551426	174	89	2.35	4	2	0.27	1	0	0.73	unphased	2.37446134347275	1.04601821298359	2.27
7	120911348	120911349	130	34	6	4	2	1	NA	NA	NA	unphased	2.21138211382114	1.10569105691057	2
7	121612614	121612615	196	37	6	4	2	1	NA	NA	NA	unphased	1.69384835479256	0.84692417739628	2
7	121942910	121942911	274	75	6	4	2	1	NA	NA	NA	unphased	2.29226361031519	1.14613180515759	2
7	123136838	123136839	114	69	6	4	2	1	NA	NA	NA	unphased	4.02185792349727	1.00546448087432	4
7	126544699	126544700	221	48	6	4	2	1	NA	NA	NA	unphased	1.90334572490706	0.951672862453532	2
7	136700863	136700864	298	119	6	4	2	1	NA	NA	NA	unphased	3.04396482813749	1.0146549427125	3
7	136700864	136700865	299	119	6	4	2	1	NA	NA	NA	unphased	3.03668261562998	1.01222753854333	3
7	141536979	141536980	187	47	6	4	2	1	NA	NA	NA	unphased	2.14245014245014	1.07122507122507	2
7	142120057	142120058	60	44	6	4	2	1	NA	NA	NA	unphased	4.51282051282051	1.12820512820513	4
7	158334282	158334283	87	55	4.75	4	2	0.75	1	0	0.25	unphased	3.64730046948357	0.972613458528952	3.75
8	39089564	39089565	123	48	5	3	2	1	NA	NA	NA	unphased	2.71345029239766	0.90448343079922	3
8	48772317	48772318	95	36	5	3	2	1	NA	NA	NA	unphased	2.65648854961832	0.885496183206107	3
8	61765229	61765230	73	26	5	3	2	1	NA	NA	NA	unphased	2.53872053872054	0.846240179573513	3
8	70585502	70585503	346	31	5	3	2	1	NA	NA	NA	unphased	0.794871794871795	0.794871794871795	1
8	77763270	77763271	81	17	5	3	2	1	NA	NA	NA	unphased	1.67687074829932	0.83843537414966	2
8	77768134	77768135	49	9	5	3	2	1	NA	NA	NA	unphased	1.5	1.5	1
8	89053593	89053594	91	17	5	3	2	1	NA	NA	NA	unphased	1.5216049382716	0.760802469135802	2
8	124553305	124553306	6	8	5	3	2	1	NA	NA	NA	unphased	5.52380952380952	1.84126984126984	3
8	139144764	139144765	104	28	5	3	2	1	NA	NA	NA	unphased	2.05050505050505	1.02525252525253	2
9	88203243	88203244	93	30	4	2	2	1	NA	NA	NA	unphased	2.11382113821138	1.05691056910569	2
9	114325432	114325433	113	37	4	2	2	1	NA	NA	NA	unphased	2.13777777777778	1.06888888888889	2
9	123675886	123675887	80	21	4	2	2	1	NA	NA	NA	unphased	1.8019801980198	0.900990099009901	2
9	125282112	125282113	147	50	4	2	2	1	NA	NA	NA	unphased	2.19966159052453	1.09983079526227	2
9	130889720	130889721	18	3	4	2	2	1	NA	NA	NA	unphased	1.23809523809524	1.23809523809524	1
9	137717723	137717724	56	13	4	2	2	1	NA	NA	NA	unphased	1.63285024154589	0.816425120772947	2
9	138515919	138515920	91	23	4	2	2	1	NA	NA	NA	unphased	1.74853801169591	0.874269005847953	2
9	138657032	138657033	124	23	4	2	2	1	NA	NA	NA	unphased	1.35600907029478	1.35600907029478	1
X	1317467	1317468	139	49	NA	NA	NA	NA	NA	NA	NA	unphased	NA	NA	1
X	30237232	30237233	23	18	NA	NA	NA	NA	NA	NA	NA	unphased	NA	NA	1
X	32481677	32481678	10	3	NA	NA	NA	NA	NA	NA	NA	unphased	NA	NA	1
X	34148938	34148939	54	26	NA	NA	NA	NA	NA	NA	NA	unphased	NA	NA	1
X	50051888	50051889	46	30	NA	NA	NA	NA	NA	NA	NA	unphased	NA	NA	1
X	53246996	53246997	31	24	NA	NA	NA	NA	NA	NA	NA	unphased	NA	NA	1
X	70327509	70327510	6	6	NA	NA	NA	NA	NA	NA	NA	unphased	NA	NA	1
X	70832779	70832780	33	29	NA	NA	NA	NA	NA	NA	NA	unphased	NA	NA	1
X	72092304	72092305	20	10	NA	NA	NA	NA	NA	NA	NA	unphased	NA	NA	1
X	73066616	73066617	47	48	NA	NA	NA	NA	NA	NA	NA	unphased	NA	NA	1
X	92964596	92964597	28	24	NA	NA	NA	NA	NA	NA	NA	unphased	NA	NA	1
X	101817538	101817539	9	6	NA	NA	NA	NA	NA	NA	NA	unphased	NA	NA	1
X	105280896	105280897	127	84	NA	NA	NA	NA	NA	NA	NA	unphased	NA	NA	1
X	110979953	110979954	111	78	NA	NA	NA	NA	NA	NA	NA	unphased	NA	NA	1
X	153461469	153461470	32	4	NA	NA	NA	NA	NA	NA	NA	unphased	NA	NA	1
