chr	start	end	WT.count	mut.count	subclonal.CN	nMaj1	nMin1	frac1	nMaj2	nMin2	frac2	phase	mutation.copy.number	subclonal.fraction	no.chrs.bearing.mut
1	898495	898496	19	5	2	2	0	1	NA	NA	NA	unphased	1.4367816091954	1.4367816091954	1
1	10041149	10041150	65	13	2	2	0	1	NA	NA	NA	unphased	1.14942528735632	1.14942528735632	1
1	11576217	11576218	43	18	2	2	0	1	NA	NA	NA	unphased	2.03504804974562	1.01752402487281	2
1	12144543	12144544	95	34	2	2	0	1	NA	NA	NA	unphased	1.81769580326116	0.90884790163058	2
1	12952857	12952858	90	37	2	2	0	1	NA	NA	NA	unphased	2.00923160467011	1.00461580233505	2
1	23953718	23953719	19	2	2	2	0	1	NA	NA	NA	unphased	0.656814449917898	0.656814449917898	1
1	27226596	27226597	135	29	2	2	0	1	NA	NA	NA	unphased	1.21951219512195	1.21951219512195	1
1	32542858	32542859	138	13	2	2	0	1	NA	NA	NA	unphased	0.593742863667504	0.593742863667504	1
1	34164513	34164514	42	14	2	2	0	1	NA	NA	NA	unphased	1.72413793103448	0.862068965517241	2
1	40704241	40704242	49	12	2	2	0	1	NA	NA	NA	unphased	1.35669869983041	1.35669869983041	1
1	44087676	44087677	53	11	2	2	0	1	NA	NA	NA	unphased	1.18534482758621	1.18534482758621	1
1	48918699	48918700	81	18	2	2	0	1	NA	NA	NA	unphased	1.25391849529781	1.25391849529781	1
1	52530607	52530608	28	14	2	2	0	1	NA	NA	NA	unphased	2.29885057471264	1.14942528735632	2
1	70291429	70291430	49	10	2	2	0	1	NA	NA	NA	unphased	1.16890707188778	1.16890707188778	1
1	75038363	75038364	173	47	4	2	2	1	NA	NA	NA	unphased	1.90062695924765	0.950313479623824	2
1	87043669	87043670	30	19	1.16	2	1	0.08	0	1	0.92	unphased	2.34845883180859	2.17449891834128	1.08
1	101186199	101186200	100	27	1.16	2	1	0.08	0	1	0.92	unphased	1.28761335867499	1.28761335867499	1
1	103364231	103364232	64	17	1.16	2	1	0.08	0	1	0.92	unphased	1.27112813963389	1.27112813963389	1
1	103471628	103471629	61	20	1.16	2	1	0.08	0	1	0.92	unphased	1.49544487015751	1.38467117607177	1.08
1	103544305	103544306	68	15	1.16	2	1	0.08	0	1	0.92	unphased	1.09455754050686	1.09455754050686	1
1	111061073	111061074	96	33	3	2	1	1	NA	NA	NA	unphased	2.02004811547715	1.01002405773857	2
1	114948094	114948095	344	36	3	2	1	1	NA	NA	NA	unphased	0.748094373865699	0.748094373865699	1
1	117061809	117061810	21	4	3	2	1	1	NA	NA	NA	unphased	1.26344827586207	1.26344827586207	1
1	120461933	120461934	88	7	3	2	1	1	NA	NA	NA	unphased	0.581851179673321	0.581851179673321	1
1	120471797	120471798	70	10	3	2	1	1	NA	NA	NA	unphased	0.987068965517241	0.987068965517241	1
1	144881542	144881543	380	26	4	3	1	1	NA	NA	NA	unphased	0.569729913368439	0.569729913368439	1
1	152082390	152082391	251	39	3.52	3	1	0.84	0	1	0.16	unphased	1.13188109393579	1.13188109393579	1
1	152329110	152329111	135	59	3.52	3	1	0.84	0	1	0.16	unphased	2.55967294703164	1.01574323294906	2.52
1	152329111	152329112	136	59	3.52	3	1	0.84	0	1	0.16	unphased	2.54654641909814	1.01053429329291	2.52
1	153283180	153283181	92	64	4	3	1	1	NA	NA	NA	unphased	3.64986737400531	1.21662245800177	3
1	154680541	154680542	175	21	4	3	1	1	NA	NA	NA	unphased	0.95320197044335	0.95320197044335	1
1	154744527	154744528	142	18	4	3	1	1	NA	NA	NA	unphased	1.00086206896552	1.00086206896552	1
1	156565357	156565358	447	43	4	3	1	1	NA	NA	NA	unphased	0.780717804363125	0.780717804363125	1
1	156639119	156639120	55	34	4	3	1	1	NA	NA	NA	unphased	3.39868268113134	1.13289422704378	3
1	158450183	158450184	256	38	4	3	1	1	NA	NA	NA	unphased	1.14989444053483	1.14989444053483	1
1	158577109	158577110	254	147	4	3	1	1	NA	NA	NA	unphased	3.26132943503311	1.0871098116777	3
1	158585063	158585064	254	106	4	3	1	1	NA	NA	NA	unphased	2.61954022988506	0.873180076628353	3
1	158592897	158592898	702	84	4	3	1	1	NA	NA	NA	unphased	0.950776520136878	0.950776520136878	1
1	165218787	165218788	87	25	4	3	1	1	NA	NA	NA	unphased	1.98583743842365	0.992918719211823	2
1	167341271	167341272	241	124	4	3	1	1	NA	NA	NA	unphased	3.02239017477563	1.00746339159188	3
1	167962665	167962666	56	34	4	3	1	1	NA	NA	NA	unphased	3.36091954022989	1.12030651340996	3
1	175046752	175046753	80	8	4	3	1	1	NA	NA	NA	unphased	0.808777429467085	0.808777429467085	1
1	175365872	175365873	172	19	4	3	1	1	NA	NA	NA	unphased	0.884997291929951	0.884997291929951	1
1	176132087	176132088	45	28	4	3	1	1	NA	NA	NA	unphased	3.41237600377893	1.13745866792631	3
1	176564227	176564228	122	15	4	3	1	1	NA	NA	NA	unphased	0.974075006292474	0.974075006292474	1
1	177933361	177933362	43	5	4	3	1	1	NA	NA	NA	unphased	0.926724137931035	0.926724137931035	1
1	179100543	179100544	78	41	4	3	1	1	NA	NA	NA	unphased	3.06519849319038	1.02173283106346	3
1	190234011	190234012	120	11	4	3	1	1	NA	NA	NA	unphased	0.747038694393262	0.747038694393262	1
1	190234073	190234074	92	52	4	3	1	1	NA	NA	NA	unphased	3.21264367816092	1.07088122605364	3
1	196197453	196197454	46	6	4	3	1	1	NA	NA	NA	unphased	1.02652519893899	1.02652519893899	1
1	196963357	196963358	161	13	4	3	1	1	NA	NA	NA	unphased	0.664684898929846	0.664684898929846	1
1	202571037	202571038	174	69	4	3	1	1	NA	NA	NA	unphased	2.52618135376756	0.842060451255854	3
1	204951082	204951083	27	17	4	3	1	1	NA	NA	NA	unphased	3.43730407523511	1.14576802507837	3
1	207647619	207647620	129	38	4	3	1	1	NA	NA	NA	unphased	2.02436506297749	1.01218253148875	2
1	211263907	211263908	76	8	4	3	1	1	NA	NA	NA	unphased	0.847290640394089	0.847290640394089	1
1	215824111	215824112	121	55	4	3	1	1	NA	NA	NA	unphased	2.7801724137931	0.926724137931035	3
1	216741382	216741383	100	58	4	3	1	1	NA	NA	NA	unphased	3.26582278481013	1.08860759493671	3
1	218520045	218520046	52	22	4	3	1	1	NA	NA	NA	unphased	2.64492078285182	0.881640260950606	3
1	220162123	220162124	118	49	4	3	1	1	NA	NA	NA	unphased	2.61036547594466	0.870121825314887	3
1	222717514	222717515	228	15	4	3	1	1	NA	NA	NA	unphased	0.549169859514687	0.549169859514687	1
1	228495093	228495094	39	4	4	3	1	1	NA	NA	NA	unphased	0.827586206896552	0.827586206896552	1
1	231472102	231472103	113	13	4	3	1	1	NA	NA	NA	unphased	0.917898193760263	0.917898193760263	1
1	232650571	232650572	248	27	4	3	1	1	NA	NA	NA	unphased	0.873479623824451	0.873479623824451	1
1	235938215	235938216	46	6	4	3	1	1	NA	NA	NA	unphased	1.02652519893899	1.02652519893899	1
1	236646762	236646763	52	5	4	3	1	1	NA	NA	NA	unphased	0.780399274047187	0.780399274047187	1
1	237038040	237038041	46	10	4	3	1	1	NA	NA	NA	unphased	1.58866995073892	1.58866995073892	1
1	237058771	237058772	15	4	4	3	1	1	NA	NA	NA	unphased	1.87295825771325	1.87295825771325	1
1	237780691	237780692	88	12	4	3	1	1	NA	NA	NA	unphased	1.06758620689655	1.06758620689655	1
1	237823330	237823331	16	3	4	3	1	1	NA	NA	NA	unphased	1.40471869328494	1.40471869328494	1
1	237947339	237947340	64	28	4	3	1	1	NA	NA	NA	unphased	2.70764617691154	0.902548725637181	3
1	240975309	240975310	180	13	4	3	1	1	NA	NA	NA	unphased	0.599249597998928	0.599249597998928	1
1	245850359	245850360	39	10	4	3	1	1	NA	NA	NA	unphased	1.81562280084448	0.907811400422238	2
1	245851057	245851058	8	7	4	3	1	1	NA	NA	NA	unphased	4.15172413793103	1.38390804597701	3
1	247921009	247921010	72	8	4	3	1	1	NA	NA	NA	unphased	0.889655172413793	0.889655172413793	1
1	247921080	247921081	54	19	4	3	1	1	NA	NA	NA	unphased	2.31554085970713	1.15777042985357	2
1	247921635	247921636	57	6	4	3	1	1	NA	NA	NA	unphased	0.847290640394089	0.847290640394089	1
1	248112602	248112603	292	100	4	3	1	1	NA	NA	NA	unphased	2.2695285010556	1.1347642505278	2
10	5766443	5766444	60	5	4.2	4	1	0.8	1	0	0.2	unphased	0.69973474801061	0.69973474801061	1
10	6268190	6268191	139	63	4.2	4	1	0.8	1	0	0.2	unphased	2.83704335950836	1.01322977125299	2.8
10	15649825	15649826	121	10	3	2	1	1	NA	NA	NA	unphased	0.60279020794946	0.60279020794946	1
10	16526696	16526697	89	12	3	2	1	1	NA	NA	NA	unphased	0.938204165244111	0.938204165244111	1
10	18250643	18250644	109	7	1.32	2	1	0.16	1	0	0.84	unphased	0.375136741973841	0.375136741973841	1
10	21117555	21117556	14	4	1.32	2	1	0.16	1	0	0.84	unphased	1.38145593869732	1.38145593869732	1
10	26446248	26446249	62	16	1.32	2	1	0.16	1	0	0.84	unphased	1.27519009725906	1.27519009725906	1
10	27434548	27434549	81	18	1.32	2	1	0.16	1	0	0.84	unphased	1.13028213166144	1.13028213166144	1
10	27507071	27507072	143	44	1.32	2	1	0.16	1	0	0.84	unphased	1.46271805273834	1.26096383856753	1.16
10	28032202	28032203	19	4	1.32	2	1	0.16	1	0	0.84	unphased	1.08113943028486	1.08113943028486	1
10	31810642	31810643	146	15	1.32	2	1	0.16	1	0	0.84	unphased	0.579181837652602	0.579181837652602	1
10	31815803	31815804	60	6	1.32	2	1	0.16	1	0	0.84	unphased	0.565141065830721	0.565141065830721	1
10	33212595	33212596	37	10	1.32	2	1	0.16	1	0	0.84	unphased	1.32267057960382	1.32267057960382	1
10	37508531	37508532	63	9	1.32	2	1	0.16	1	0	0.84	unphased	0.777068965517241	0.777068965517241	1
10	43701482	43701483	8	5	1.32	2	1	0.16	1	0	0.84	unphased	2.39098143236074	2.06119088996616	1.16
10	44112585	44112586	97	13	1.32	2	1	0.16	1	0	0.84	unphased	0.734683385579937	0.734683385579937	1
10	46967688	46967689	178	16	2	1	1	1	NA	NA	NA	unphased	0.568787771062922	0.568787771062922	1
10	50531632	50531633	58	7	2	1	1	1	NA	NA	NA	unphased	0.742705570291777	0.742705570291777	1
10	50819650	50819651	86	9	2	1	1	1	NA	NA	NA	unphased	0.653357531760436	0.653357531760436	1
10	55581739	55581740	127	19	2	1	1	1	NA	NA	NA	unphased	0.897496457250827	0.897496457250827	1
10	72358093	72358094	117	23	2	1	1	1	NA	NA	NA	unphased	1.13300492610837	1.13300492610837	1
10	74666351	74666352	158	24	2	1	1	1	NA	NA	NA	unphased	0.909435392194013	0.909435392194013	1
10	82267104	82267105	51	4	2	1	1	1	NA	NA	NA	unphased	0.501567398119122	0.501567398119122	1
10	95721064	95721065	110	16	2	1	1	1	NA	NA	NA	unphased	0.875752599890531	0.875752599890531	1
10	98095724	98095725	154	31	2	1	1	1	NA	NA	NA	unphased	1.15563839701771	1.15563839701771	1
10	98742026	98742027	88	11	2	1	1	1	NA	NA	NA	unphased	0.766283524904215	0.766283524904215	1
10	98766274	98766275	35	3	2	1	1	1	NA	NA	NA	unphased	0.544464609800363	0.544464609800363	1
10	104569674	104569675	145	22	2	1	1	1	NA	NA	NA	unphased	0.908527772042123	0.908527772042123	1
10	104865494	104865495	115	10	2	1	1	1	NA	NA	NA	unphased	0.551724137931035	0.551724137931035	1
10	107022217	107022218	58	5	2	1	1	1	NA	NA	NA	unphased	0.547345374931582	0.547345374931582	1
10	108339230	108339231	56	6	2	1	1	1	NA	NA	NA	unphased	0.667408231368187	0.667408231368187	1
10	108339231	108339232	54	6	2	1	1	1	NA	NA	NA	unphased	0.689655172413793	0.689655172413793	1
10	118236683	118236684	59	7	2	1	1	1	NA	NA	NA	unphased	0.731452455590387	0.731452455590387	1
10	120931984	120931985	113	32	2	1	1	1	NA	NA	NA	unphased	1.52199762187872	1.52199762187872	1
10	124377624	124377625	565	94	1.48	2	1	0.24	1	0	0.76	unphased	0.909553660195699	0.909553660195699	1
10	126370844	126370845	34	10	1.48	2	1	0.24	1	0	0.76	unphased	1.44921630094044	1.44921630094044	1
10	127708332	127708333	57	16	1.48	2	1	0.24	1	0	0.76	unphased	1.39760037789325	1.39760037789325	1
10	128191248	128191249	32	10	1.48	2	1	0.24	1	0	0.76	unphased	1.51822660098522	1.51822660098522	1
10	134659601	134659602	10	12	1.48	2	1	0.24	1	0	0.76	unphased	3.47811912225705	2.80493477601375	1.24
10	134659643	134659644	14	10	1.48	2	1	0.24	1	0	0.76	unphased	2.65689655172414	2.14265850945495	1.24
10	135212018	135212019	118	16	1.48	2	1	0.24	1	0	0.76	unphased	0.761379310344828	0.761379310344828	1
11	1272653	1272654	125	6	2	2	0	1	NA	NA	NA	unphased	0.315872598052119	0.315872598052119	1
11	2339217	2339218	9	3	2	2	0	1	NA	NA	NA	unphased	1.72413793103448	1.72413793103448	1
11	5969349	5969350	217	79	2	2	0	1	NA	NA	NA	unphased	1.84063373718546	0.920316868592731	2
11	6622512	6622513	23	9	2	2	0	1	NA	NA	NA	unphased	1.93965517241379	0.969827586206897	2
11	6622513	6622514	23	9	2	2	0	1	NA	NA	NA	unphased	1.93965517241379	0.969827586206897	2
11	6662003	6662004	79	34	2	2	0	1	NA	NA	NA	unphased	2.07506866036009	1.03753433018004	2
11	8008910	8008911	154	66	2	2	0	1	NA	NA	NA	unphased	2.06896551724138	1.03448275862069	2
11	22384372	22384373	45	21	1	2	1	0	0	1	1	unphased	1.87617554858934	1.87617554858934	1
11	26743131	26743132	83	24	1	2	1	0	0	1	1	unphased	1.32259104092813	1.32259104092813	1
11	27528441	27528442	11	5	1	2	1	0	0	1	1	unphased	1.8426724137931	1.8426724137931	1
11	36614056	36614057	16	10	1	2	1	0	0	1	1	unphased	2.26790450928382	2.26790450928382	1
11	47356683	47356684	32	6	1	2	1	0	0	1	1	unphased	0.931034482758621	0.931034482758621	1
11	55419071	55419072	200	9	1	2	1	0	0	1	1	unphased	0.253918495297806	0.253918495297806	1
11	55579072	55579073	420	22	1	2	1	0	0	1	1	unphased	0.293493524730847	0.293493524730847	1
11	56511195	56511196	124	21	1	2	1	0	0	1	1	unphased	0.853983353151011	0.853983353151011	1
11	57569385	57569386	96	40	1	2	1	0	0	1	1	unphased	1.7342799188641	1.7342799188641	1
11	57958039	57958040	85	15	1	2	1	0	0	1	1	unphased	0.88448275862069	0.88448275862069	1
11	59132156	59132157	255	45	1	2	1	0	0	1	1	unphased	0.88448275862069	0.88448275862069	1
11	59132552	59132553	171	55	1	2	1	0	0	1	1	unphased	1.43500152578578	1.43500152578578	1
11	60786731	60786732	30	11	1	2	1	0	0	1	1	unphased	1.58200168208579	1.58200168208579	1
11	63137792	63137793	136	36	1	2	1	0	0	1	1	unphased	1.23416198877306	1.23416198877306	1
11	65480895	65480896	70	14	1	2	1	0	0	1	1	unphased	0.982758620689655	0.982758620689655	1
11	67269420	67269421	53	18	1	2	1	0	0	1	1	unphased	1.49490043710539	1.49490043710539	1
11	67833277	67833278	106	15	1	2	1	0	0	1	1	unphased	0.73097748646338	0.73097748646338	1
11	69063314	69063315	194	35	1	2	1	0	0	1	1	unphased	0.901219695828941	0.901219695828941	1
11	76891512	76891513	33	4	1	2	1	0	0	1	1	unphased	0.637465051258155	0.637465051258155	1
11	83673976	83673977	178	63	1	2	1	0	0	1	1	unphased	1.54142223494062	1.54142223494062	1
11	84028071	84028072	159	50	1	2	1	0	0	1	1	unphased	1.41065830721003	1.41065830721003	1
11	86662525	86662526	205	25	1	2	1	0	0	1	1	unphased	0.640929535232384	0.640929535232384	1
11	89135650	89135651	130	52	1	2	1	0	0	1	1	unphased	1.68472906403941	1.68472906403941	1
11	93212415	93212416	37	10	1	2	1	0	0	1	1	unphased	1.25458547322084	1.25458547322084	1
11	94759438	94759439	58	18	1	2	1	0	0	1	1	unphased	1.39655172413793	1.39655172413793	1
11	102992204	102992205	78	6	1	2	1	0	0	1	1	unphased	0.421182266009852	0.421182266009852	1
11	107673820	107673821	60	5	1	2	1	0	0	1	1	unphased	0.453580901856764	0.453580901856764	1
11	111915888	111915889	287	17	1	2	1	0	0	1	1	unphased	0.329741379310345	0.329741379310345	1
11	118425243	118425244	143	22	1	2	1	0	0	1	1	unphased	0.786206896551724	0.786206896551724	1
11	124120902	124120903	72	30	1	2	1	0	0	1	1	unphased	1.7342799188641	1.7342799188641	1
11	124267143	124267144	165	30	1	2	1	0	0	1	1	unphased	0.907161803713528	0.907161803713528	1
11	124413496	124413497	105	12	1	2	1	0	0	1	1	unphased	0.604774535809019	0.604774535809019	1
11	130060538	130060539	9	7	1	2	1	0	0	1	1	unphased	2.57974137931035	2.57974137931035	1
12	308032	308033	109	35	3.19	3	1	0.73	1	0	0.27	unphased	1.96548132183908	1.13611637100525	1.73
12	1995516	1995517	46	7	3.19	3	1	0.73	1	0	0.27	unphased	1.06803513337671	1.06803513337671	1
12	4460458	4460459	94	14	3.19	3	1	0.73	1	0	0.27	unphased	1.04825670498084	1.04825670498084	1
12	6710493	6710494	249	99	3.19	3	1	0.73	1	0	0.27	unphased	2.30048454221165	0.935156317972217	2.46
12	8329637	8329638	115	33	3.19	3	1	0.73	1	0	0.27	unphased	1.80308247903076	1.04224420753223	1.73
12	9001367	9001368	263	106	3.19	3	1	0.73	1	0	0.27	unphased	2.32296607793664	0.944295153632781	2.46
12	12315153	12315154	210	25	4	2	2	1	NA	NA	NA	unphased	0.946441672780631	0.946441672780631	1
12	12332774	12332775	98	33	4	2	2	1	NA	NA	NA	unphased	2.24111608317978	1.12055804158989	2
12	20523042	20523043	76	16	1.36	2	0	0.36	1	0	0.64	unphased	1.08809595202399	1.08809595202399	1
12	21795055	21795056	42	28	1.36	2	0	0.36	1	0	0.64	unphased	2.50262068965517	1.84016227180527	1.36
12	21926446	21926447	87	34	1.36	2	0	0.36	1	0	0.64	unphased	1.75803932744372	1.29267597606156	1.36
12	27542854	27542855	8	8	1.36	2	0	0.36	1	0	0.64	unphased	3.12827586206897	2.30020283975659	1.36
12	41831586	41831587	66	8	2	2	0	0.29	1	1	0.71	unphased	0.745573159366263	0.745573159366263	1
12	50392978	50392979	70	29	2.68	3	0	0.84	1	0	0.16	unphased	2.21939393939394	0.828132066938037	2.68
12	52639235	52639236	45	24	2.68	3	0	0.84	1	0	0.16	unphased	2.63532233883058	0.983329230906935	2.68
12	52822220	52822221	42	21	2.68	3	0	0.84	1	0	0.16	unphased	2.52551724137931	0.942357179619146	2.68
12	57881752	57881753	34	24	2.68	3	0	0.84	1	0	0.16	unphased	3.13512485136742	1.10391720118571	2.84
12	91366626	91366627	148	33	3	2	1	1	NA	NA	NA	unphased	1.43970280053344	0.719851400266718	2
12	93100823	93100824	86	11	3	2	1	1	NA	NA	NA	unphased	0.895485247067188	0.895485247067188	1
12	96429314	96429315	8	3	3	2	1	1	NA	NA	NA	unphased	2.15360501567398	2.15360501567398	1
12	101880254	101880255	84	38	3	2	1	1	NA	NA	NA	unphased	2.45958168456755	1.22979084228378	2
12	112184977	112184978	62	14	3	2	1	1	NA	NA	NA	unphased	1.4546279491833	1.4546279491833	1
12	113822724	113822725	49	5	3	2	1	1	NA	NA	NA	unphased	0.731162196679438	0.731162196679438	1
12	118198877	118198878	168	22	3	2	1	1	NA	NA	NA	unphased	0.914337568058076	0.914337568058076	1
12	121746476	121746477	117	40	3	2	1	1	NA	NA	NA	unphased	2.01186031188228	1.00593015594114	2
12	123340887	123340888	29	8	3	2	1	1	NA	NA	NA	unphased	1.70736253494874	1.70736253494874	1
12	129566507	129566508	85	17	3	2	1	1	NA	NA	NA	unphased	1.31609195402299	1.31609195402299	1
12	133196858	133196859	84	6	3	2	1	1	NA	NA	NA	unphased	0.526436781609195	0.526436781609195	1
13	19748162	19748163	161	67	2	2	0	1	NA	NA	NA	unphased	2.02661826981246	1.01330913490623	2
13	28014555	28014556	19	6	1.09	2	0	0.09	0	1	0.91	unphased	1.4367724137931	1.4367724137931	1
13	36700141	36700142	140	31	6	4	2	1	NA	NA	NA	unphased	1.97539826577939	0.987699132889695	2
13	37453477	37453478	84	5	6	4	2	1	NA	NA	NA	unphased	0.61216582719876	0.61216582719876	1
13	49281233	49281234	84	26	2	2	0	1	NA	NA	NA	unphased	1.63009404388715	0.815047021943574	2
13	53418893	53418894	87	40	2	2	0	1	NA	NA	NA	unphased	2.17214227531903	1.08607113765952	2
13	58207963	58207964	22	16	2	2	0	1	NA	NA	NA	unphased	2.9038112522686	1.4519056261343	2
13	75923323	75923324	369	35	9	7	2	1	NA	NA	NA	unphased	1.20390918402185	1.20390918402185	1
13	78184240	78184241	63	27	2	2	0	1	NA	NA	NA	unphased	2.06896551724138	1.03448275862069	2
13	78472343	78472344	36	7	2	2	0	1	NA	NA	NA	unphased	1.12269446672013	1.12269446672013	1
13	79945121	79945122	164	51	2	2	0	1	NA	NA	NA	unphased	1.63592622293504	0.817963111467522	2
13	95271573	95271574	69	27	2	2	0	1	NA	NA	NA	unphased	1.93965517241379	0.969827586206897	2
13	108862409	108862410	93	34	2	2	0	1	NA	NA	NA	unphased	1.84632093402118	0.923160467010589	2
13	111213966	111213967	8	9	2	2	0	1	NA	NA	NA	unphased	3.65111561866126	1.82555780933063	2
14	20345098	20345099	238	72	1.08	2	1	0.04	0	1	0.96	unphased	1.38810233592881	1.33471378454693	1.04
14	20482587	20482588	66	9	1.08	2	1	0.04	0	1	0.96	unphased	0.717186206896552	0.717186206896552	1
14	21769311	21769312	17	6	1.08	2	1	0.04	0	1	0.96	unphased	1.55910044977511	1.55910044977511	1
14	22038315	22038316	238	50	1.08	2	1	0.04	0	1	0.96	unphased	1.03759578544061	1.03759578544061	1
14	23451480	23451481	101	29	1.08	2	1	0.04	0	1	0.96	unphased	1.33323076923077	1.33323076923077	1
14	29237720	29237721	56	11	1.08	2	1	0.04	0	1	0.96	unphased	0.981224909933093	0.981224909933093	1
14	35234328	35234329	101	29	1.08	2	1	0.04	0	1	0.96	unphased	1.33323076923077	1.33323076923077	1
14	35872942	35872943	32	14	1.08	2	1	0.04	0	1	0.96	unphased	1.81895052473763	1.7489908891708	1.04
14	36008836	36008837	173	40	1.08	2	1	0.04	0	1	0.96	unphased	1.12235713129351	1.12235713129351	1
14	42356882	42356883	103	43	1.08	2	1	0.04	0	1	0.96	unphased	1.76021728861597	1.6925166236692	1.04
14	58813175	58813176	67	13	1.08	2	1	0.04	0	1	0.96	unphased	0.971189655172414	0.971189655172414	1
14	64498013	64498014	88	14	1.08	2	1	0.04	0	1	0.96	unphased	0.820311020960108	0.820311020960108	1
14	64519226	64519227	90	14	1.08	2	1	0.04	0	1	0.96	unphased	0.804535809018568	0.804535809018568	1
14	70712892	70712893	74	17	1.08	2	1	0.04	0	1	0.96	unphased	1.11649867374005	1.11649867374005	1
14	73404689	73404690	100	11	1.08	2	1	0.04	0	1	0.96	unphased	0.592270891581236	0.592270891581236	1
14	80669369	80669370	54	31	1.08	2	1	0.04	0	1	0.96	unphased	2.17968356997972	2.09584958651896	1.04
14	81972449	81972450	173	52	1.08	2	1	0.04	0	1	0.96	unphased	1.38124750957854	1.32812260536398	1.04
14	92909796	92909797	35	16	1.08	2	1	0.04	0	1	0.96	unphased	1.87499661933739	1.80288136474749	1.04
14	94528618	94528619	170	34	1.08	2	1	0.04	0	1	0.96	unphased	0.996091954022988	0.996091954022988	1
14	94756952	94756953	17	7	1.08	2	1	0.04	0	1	0.96	unphased	1.74316091954023	1.74316091954023	1
14	96707444	96707445	65	10	1.08	2	1	0.04	0	1	0.96	unphased	0.796873563218391	0.796873563218391	1
14	97313602	97313603	50	11	1.08	2	1	0.04	0	1	0.96	unphased	1.07773883550028	1.07773883550028	1
14	102916191	102916192	95	39	1.08	2	1	0.04	0	1	0.96	unphased	1.73944415851776	1.67254246011323	1.04
15	20170051	20170052	164	19	0	0	0	1	NA	NA	NA	unphased	0.508385151686452	0.508385151686452	1
15	20170093	20170094	152	20	0	0	0	1	NA	NA	NA	unphased	0.569366479550922	0.569366479550922	1
15	25494418	25494419	416	78	2	1	1	1	NA	NA	NA	unphased	1.08892921960073	1.08892921960073	1
15	25966902	25966903	132	25	2	1	1	1	NA	NA	NA	unphased	1.09817702613661	1.09817702613661	1
15	26806213	26806214	108	22	2	1	1	1	NA	NA	NA	unphased	1.16710875331565	1.16710875331565	1
15	27126075	27126076	38	9	2	1	1	1	NA	NA	NA	unphased	1.32061628760088	1.32061628760088	1
15	28511042	28511043	73	6	2	1	1	1	NA	NA	NA	unphased	0.523788738542121	0.523788738542121	1
15	31318356	31318357	49	15	2	1	1	1	NA	NA	NA	unphased	1.61637931034483	1.61637931034483	1
15	31819433	31819434	168	38	2	1	1	1	NA	NA	NA	unphased	1.27217944425845	1.27217944425845	1
15	34355858	34355859	90	15	2	1	1	1	NA	NA	NA	unphased	0.985221674876847	0.985221674876847	1
15	36936518	36936519	77	7	2	1	1	1	NA	NA	NA	unphased	0.574712643678161	0.574712643678161	1
15	40916221	40916222	87	11	2	1	1	1	NA	NA	NA	unphased	0.774102744546094	0.774102744546094	1
15	44914889	44914890	62	15	2	1	1	1	NA	NA	NA	unphased	1.34348410210479	1.34348410210479	1
15	45710779	45710780	61	13	2	1	1	1	NA	NA	NA	unphased	1.21155638397018	1.21155638397018	1
15	48451090	48451091	109	7	2	1	1	1	NA	NA	NA	unphased	0.416171224732461	0.416171224732461	1
15	49059609	49059610	92	13	2	1	1	1	NA	NA	NA	unphased	0.853858784893268	0.853858784893268	1
15	50215578	50215579	63	9	2	1	1	1	NA	NA	NA	unphased	0.862068965517241	0.862068965517241	1
15	50906339	50906340	57	13	2	1	1	1	NA	NA	NA	unphased	1.2807881773399	1.2807881773399	1
15	51634155	51634156	52	5	2	1	1	1	NA	NA	NA	unphased	0.604960677555959	0.604960677555959	1
15	55783432	55783433	42	5	2	1	1	1	NA	NA	NA	unphased	0.733675715333822	0.733675715333822	1
15	56657840	56657841	118	16	2	1	1	1	NA	NA	NA	unphased	0.823468862583634	0.823468862583634	1
15	62208142	62208143	76	20	2	1	1	1	NA	NA	NA	unphased	1.4367816091954	1.4367816091954	1
15	64423906	64423907	67	6	2	1	1	1	NA	NA	NA	unphased	0.566839867737364	0.566839867737364	1
15	68617468	68617469	74	12	2	1	1	1	NA	NA	NA	unphased	0.962309542902967	0.962309542902967	1
15	69548655	69548656	214	52	2	1	1	1	NA	NA	NA	unphased	1.34819808141042	1.34819808141042	1
15	72668121	72668122	260	32	2	1	1	1	NA	NA	NA	unphased	0.755786490316486	0.755786490316486	1
15	73552693	73552694	98	12	2	1	1	1	NA	NA	NA	unphased	0.752351097178683	0.752351097178683	1
15	75980589	75980590	143	24	2	1	1	1	NA	NA	NA	unphased	0.991121205864134	0.991121205864134	1
15	75983080	75983081	122	29	2	1	1	1	NA	NA	NA	unphased	1.32450331125828	1.32450331125828	1
15	76467960	76467961	62	9	2	1	1	1	NA	NA	NA	unphased	0.874210781932977	0.874210781932977	1
15	78893796	78893797	140	26	2	1	1	1	NA	NA	NA	unphased	1.08018280016618	1.08018280016618	1
15	81584926	81584927	82	8	2	1	1	1	NA	NA	NA	unphased	0.613026819923372	0.613026819923372	1
15	86311277	86311278	28	4	2	1	1	1	NA	NA	NA	unphased	0.862068965517241	0.862068965517241	1
15	91293068	91293069	77	12	2	1	1	1	NA	NA	NA	unphased	0.929872142580395	0.929872142580395	1
15	91337465	91337466	64	5	2	1	1	1	NA	NA	NA	unphased	0.499750124937531	0.499750124937531	1
15	93007588	93007589	123	8	2	1	1	1	NA	NA	NA	unphased	0.421163464069492	0.421163464069492	1
15	102358499	102358500	274	39	2	1	1	1	NA	NA	NA	unphased	0.859314751569902	0.859314751569902	1
16	726879	726880	100	11	1.26	2	1	0.13	1	0	0.87	unphased	0.610108729419074	0.610108729419074	1
16	1503888	1503889	63	13	1.26	2	1	0.13	1	0	0.87	unphased	1.0530943738657	1.0530943738657	1
16	2347835	2347836	157	17	1.26	2	1	0.13	1	0	0.87	unphased	0.60150217994451	0.60150217994451	1
16	3556380	3556381	111	37	1.26	2	1	0.13	1	0	0.87	unphased	1.53913793103448	1.36206896551724	1.13
16	3614884	3614885	36	7	1.26	2	1	0.13	1	0	0.87	unphased	1.00222935044106	1.00222935044106	1
16	3786794	3786795	121	24	1.26	2	1	0.13	1	0	0.87	unphased	1.01901545778835	1.01901545778835	1
16	10274053	10274054	124	50	1.26	2	1	0.13	1	0	0.87	unphased	1.76912405866032	1.56559651208878	1.13
16	12758661	12758662	21	10	1.26	2	1	0.13	1	0	0.87	unphased	1.98598442714127	1.75750834260289	1.13
16	12897561	12897562	10	4	1.26	2	1	0.13	1	0	0.87	unphased	1.75901477832512	1.75901477832512	1
16	16208747	16208748	34	4	1.26	2	1	0.13	1	0	0.87	unphased	0.648058076225045	0.648058076225045	1
16	19592846	19592847	153	50	1.26	2	1	0.13	1	0	0.87	unphased	1.51639205028028	1.34193986750467	1.13
16	20357605	20357606	155	14	1.26	2	1	0.13	1	0	0.87	unphased	0.510010201999592	0.510010201999592	1
16	20787326	20787327	101	26	1.26	2	1	0.13	1	0	0.87	unphased	1.26039641596525	1.26039641596525	1
16	27078296	27078297	110	13	1.26	2	1	0.13	1	0	0.87	unphased	0.650692458648724	0.650692458648724	1
16	46771640	46771641	74	35	3	3	0	1	NA	NA	NA	unphased	2.53559000316356	0.845196667721185	3
16	48596287	48596288	34	19	3	3	0	1	NA	NA	NA	unphased	2.83083929733247	0.943613099110822	3
16	53281337	53281338	23	9	3.44	3	2	0.48	1	1	0.52	unphased	2.34465517241379	0.945425472747497	2.48
16	55516876	55516877	128	26	3.44	3	2	0.48	1	1	0.52	unphased	1.4074697716077	0.950993088924123	1.48
16	55539434	55539435	34	18	3.44	3	2	0.48	1	1	0.52	unphased	2.88572944297082	1.16360058184307	2.48
16	56878487	56878488	88	9	3.44	3	2	0.48	1	1	0.52	unphased	0.773494489868468	0.773494489868468	1
16	57147279	57147280	87	11	3.44	3	2	0.48	1	1	0.52	unphased	0.935735397607319	0.935735397607319	1
16	57552089	57552090	177	95	3.44	3	2	0.48	1	1	0.52	unphased	2.91166328600406	1.17405777661454	2.48
16	61851474	61851475	137	39	3.44	3	2	0.48	1	1	0.52	unphased	1.84730407523511	0.942502079201586	1.96
16	61859042	61859043	91	39	3.44	3	2	0.48	1	1	0.52	unphased	2.50096551724138	1.00845383759733	2.48
16	64982677	64982678	12	7	3	3	0	1	NA	NA	NA	unphased	2.90925589836661	0.969751966122202	3
16	70415747	70415748	153	9	3	3	0	1	NA	NA	NA	unphased	0.438697318007663	0.438697318007663	1
16	71663395	71663396	94	58	3	3	0	1	NA	NA	NA	unphased	3.01315789473684	1.00438596491228	3
17	7749912	7749913	103	45	2	2	0	1	NA	NA	NA	unphased	2.09692451071761	1.04846225535881	2
17	9489127	9489128	246	10	2	2	0	1	NA	NA	NA	unphased	0.269396551724138	0.269396551724138	1
17	10406146	10406147	199	67	2	2	0	1	NA	NA	NA	unphased	1.73710137412497	0.868550687062484	2
17	18087953	18087954	144	40	2.5	2	2	0.25	1	1	0.75	unphased	1.60794602698651	1.28635682158921	1.25
17	26086070	26086071	32	5	2.26	2	1	0.26	1	1	0.74	unphased	0.967101584342964	0.967101584342964	1
17	31322460	31322461	114	42	2.26	2	1	0.26	1	1	0.74	unphased	1.92676392572944	1.52917771883289	1.26
17	32483002	32483003	112	7	2.26	2	1	0.26	1	1	0.74	unphased	0.420973630831643	0.420973630831643	1
17	39778632	39778633	111	50	2.17	2	1	0.17	1	1	0.83	unphased	2.19458128078818	1.87571049640015	1.17
17	46628508	46628509	12	6	2.92	2	2	0.46	1	1	0.54	unphased	2.60551724137931	1.7846008502598	1.46
17	47785105	47785106	38	5	2.92	2	2	0.46	1	1	0.54	unphased	0.908901363271852	0.908901363271852	1
17	56774051	56774052	149	19	2.22	2	1	0.22	1	1	0.78	unphased	0.804848111658457	0.804848111658457	1
17	59668498	59668499	114	10	2.22	2	1	0.22	1	1	0.78	unphased	0.573915461624027	0.573915461624027	1
17	60005200	60005201	113	16	2.22	2	1	0.22	1	1	0.78	unphased	0.882673082063619	0.882673082063619	1
17	60069975	60069976	32	16	2.22	2	1	0.22	1	1	0.78	unphased	2.37218390804598	1.94441303938195	1.22
17	60088348	60088349	113	36	2.22	2	1	0.22	1	1	0.78	unphased	1.7194353158991	1.40937320975336	1.22
17	62567945	62567946	43	4	2.22	2	1	0.22	1	1	0.78	unphased	0.605663976522377	0.605663976522377	1
17	72436916	72436917	68	12	2.22	2	1	0.22	1	1	0.78	unphased	1.06748275862069	1.06748275862069	1
17	72588887	72588888	74	10	2.22	2	1	0.22	1	1	0.78	unphased	0.847208538587849	0.847208538587849	1
17	74869043	74869044	78	22	2.22	2	1	0.22	1	1	0.78	unphased	1.56564137931034	1.28331260599209	1.22
17	78092009	78092010	64	19	2.22	2	1	0.22	1	1	0.78	unphased	1.62909015371832	1.33531979812977	1.22
17	79660583	79660584	46	5	2.22	2	1	0.22	1	1	0.78	unphased	0.697701149425287	0.697701149425287	1
18	7050845	7050846	78	15	4	2	2	1	NA	NA	NA	unphased	1.4349276974416	1.4349276974416	1
18	7888193	7888194	188	33	4	2	2	1	NA	NA	NA	unphased	1.32844437509752	1.32844437509752	1
18	10680335	10680336	83	12	4	2	2	1	NA	NA	NA	unphased	1.12377495462795	1.12377495462795	1
18	14763768	14763769	45	10	1.24	3	2	0.06	0	1	0.94	unphased	1.11573667711599	1.11573667711599	1
18	14764047	14764048	20	3	1.24	3	2	0.06	0	1	0.94	unphased	0.800419790104947	0.800419790104947	1
18	30873238	30873239	34	8	2	2	0	1	NA	NA	NA	unphased	1.3136288998358	1.3136288998358	1
18	32335938	32335939	50	12	4.95	4	2	0.79	1	0	0.21	unphased	1.90578420467186	1.0646839132245	1.79
18	33557533	33557534	123	5	4.95	4	2	0.79	1	0	0.21	unphased	0.384630926724138	0.486874590790048	0.79
18	45377644	45377645	68	21	2	2	0	1	NA	NA	NA	unphased	1.62727624951569	0.813638124757846	2
18	55144053	55144054	7	6	2	2	0	1	NA	NA	NA	unphased	3.18302387267905	1.59151193633952	2
18	73122771	73122772	36	10	2	2	0	1	NA	NA	NA	unphased	1.49925037481259	1.49925037481259	1
19	581372	581373	70	6	2	2	0	1	NA	NA	NA	unphased	0.544464609800363	0.544464609800363	1
19	603809	603810	43	21	2	2	0	1	NA	NA	NA	unphased	2.26293103448276	1.13146551724138	2
19	1058238	1058239	58	6	2	2	0	1	NA	NA	NA	unphased	0.646551724137931	0.646551724137931	1
19	2425456	2425457	13	4	2	2	0	1	NA	NA	NA	unphased	1.62271805273834	1.62271805273834	1
19	5844735	5844736	27	9	2	2	0	1	NA	NA	NA	unphased	1.72413793103448	1.72413793103448	1
19	6417803	6417804	28	8	2	2	0	1	NA	NA	NA	unphased	1.53256704980843	1.53256704980843	1
19	8196581	8196582	57	18	2	2	0	1	NA	NA	NA	unphased	1.6551724137931	0.827586206896552	2
19	9006695	9006696	136	56	2	2	0	1	NA	NA	NA	unphased	2.01149425287356	1.00574712643678	2
19	9070864	9070865	80	23	2	2	0	1	NA	NA	NA	unphased	1.54000669568129	0.770003347840643	2
19	9088964	9088965	172	31	2	2	0	1	NA	NA	NA	unphased	1.05316799728215	1.05316799728215	1
19	11129630	11129631	85	39	2	2	0	1	NA	NA	NA	unphased	2.16907675194661	1.0845383759733	2
19	11508196	11508197	21	10	2	2	0	1	NA	NA	NA	unphased	2.22469410456062	1.11234705228031	2
19	12187678	12187679	6	9	2	2	0	1	NA	NA	NA	unphased	4.13793103448276	2.06896551724138	2
19	12758380	12758381	105	16	2	2	0	1	NA	NA	NA	unphased	0.91194072385295	0.91194072385295	1
19	13397505	13397506	21	8	2	2	0	1	NA	NA	NA	unphased	1.90249702734839	0.951248513674197	2
19	15221489	15221490	7	6	2	2	0	1	NA	NA	NA	unphased	3.18302387267905	1.59151193633952	2
19	16008394	16008395	53	14	2	2	0	1	NA	NA	NA	unphased	1.44107050952136	1.44107050952136	1
19	16902311	16902312	63	32	2	2	0	1	NA	NA	NA	unphased	2.32304900181488	1.16152450090744	2
19	17768922	17768923	31	8	2	2	0	1	NA	NA	NA	unphased	1.41467727674624	1.41467727674624	1
19	19168450	19168451	48	8	2	2	0	1	NA	NA	NA	unphased	0.985221674876847	0.985221674876847	1
19	20003344	20003345	36	24	2	2	0	1	NA	NA	NA	unphased	2.75862068965517	1.37931034482759	2
19	21300857	21300858	43	16	2	2	0	1	NA	NA	NA	unphased	1.87025131502046	0.935125657510228	2
19	21579925	21579926	18	8	2	2	0	1	NA	NA	NA	unphased	2.12201591511936	1.06100795755968	2
19	22155951	22155952	70	29	2	2	0	1	NA	NA	NA	unphased	2.02020202020202	1.01010101010101	2
19	33635773	33635774	33	4	2.48	2	2	0.24	1	1	0.76	unphased	0.797465051258155	0.797465051258155	1
19	35501098	35501099	100	33	2.48	2	2	0.24	1	1	0.76	unphased	1.8302722323049	1.47602599379427	1.24
19	36024470	36024471	75	17	2.48	2	2	0.24	1	1	0.76	unphased	1.36305847076462	1.36305847076462	1
19	36321793	36321794	184	33	2.48	2	2	0.24	1	1	0.76	unphased	1.12177975528365	1.12177975528365	1
19	36365432	36365433	167	20	2.48	2	2	0.24	1	1	0.76	unphased	0.788936013276784	0.788936013276784	1
19	36605291	36605292	43	17	2.48	2	2	0.24	1	1	0.76	unphased	2.09002298850575	1.68550241008528	1.24
19	36831775	36831776	130	38	2.48	2	2	0.24	1	1	0.76	unphased	1.66850574712644	1.34556915090842	1.24
19	38590663	38590664	145	35	2.48	2	2	0.24	1	1	0.76	unphased	1.43432950191571	1.1567173402546	1.24
19	40996130	40996131	60	13	2.48	2	2	0.24	1	1	0.76	unphased	1.31363249881908	1.31363249881908	1
19	43910634	43910635	13	5	2.6	2	2	0.3	1	1	0.7	unphased	2.0823754789272	2.0823754789272	1
19	45811718	45811719	101	23	2.6	2	2	0.3	1	1	0.7	unphased	1.390489432703	1.390489432703	1
19	46318014	46318015	53	9	2.6	2	2	0.3	1	1	0.7	unphased	1.08820912124583	1.08820912124583	1
19	48734061	48734062	114	29	2.6	2	2	0.3	1	1	0.7	unphased	1.52027972027972	1.16944593867671	1.3
19	48830793	48830794	37	6	2.6	2	2	0.3	1	1	0.7	unphased	1.04603047313553	1.04603047313553	1
19	49260276	49260277	169	9	2.6	2	2	0.3	1	1	0.7	unphased	0.379039132119334	1.26346377373111	0.3
19	49540100	49540101	23	6	2.6	2	2	0.3	1	1	0.7	unphased	1.55101070154578	1.55101070154578	1
19	49793364	49793365	85	25	2.6	2	2	0.3	1	1	0.7	unphased	1.70376175548589	1.31058596575838	1.3
19	49965972	49965973	47	16	2.6	2	2	0.3	1	1	0.7	unphased	1.90388615216201	1.4645278093554	1.3
19	50474596	50474597	135	31	2.6	2	2	0.3	1	1	0.7	unphased	1.39995845450769	1.07689111885207	1.3
19	51359577	51359578	153	37	2.6	2	2	0.3	1	1	0.7	unphased	1.45985480943739	1.12296523802876	1.3
19	52394779	52394780	214	11	2.6	2	2	0.3	1	1	0.7	unphased	0.366498084291188	1.22166028097063	0.3
19	53770223	53770224	25	3	2.6	2	2	0.3	1	1	0.7	unphased	0.80320197044335	0.80320197044335	1
19	54189757	54189758	221	39	2.6	2	2	0.3	1	1	0.7	unphased	1.12448275862069	1.12448275862069	1
19	54782734	54782735	67	13	2.6	2	2	0.3	1	1	0.7	unphased	1.21818965517241	1.21818965517241	1
19	56953917	56953918	178	22	2.5	2	2	0.25	1	1	0.75	unphased	0.813620689655173	0.813620689655173	1
19	57325926	57325927	98	24	2.5	2	2	0.25	1	1	0.75	unphased	1.45505935556812	1.16404748445449	1.25
19	57327913	57327914	99	26	2.5	2	2	0.25	1	1	0.75	unphased	1.53848275862069	1.23078620689655	1.25
19	57642108	57642109	79	20	2.5	2	2	0.25	1	1	0.75	unphased	1.49425287356322	1.19540229885057	1.25
19	57868709	57868710	122	29	2.5	2	2	0.25	1	1	0.75	unphased	1.4205298013245	1.1364238410596	1.25
19	57868710	57868711	122	28	2.5	2	2	0.25	1	1	0.75	unphased	1.38068965517241	1.10455172413793	1.25
19	58361401	58361402	82	16	2.5	2	2	0.25	1	1	0.75	unphased	1.20760028149191	1.20760028149191	1
19	58371581	58371582	116	21	2.5	2	2	0.25	1	1	0.75	unphased	1.13377800151019	1.13377800151019	1
19	58601614	58601615	78	20	2.5	2	2	0.25	1	1	0.75	unphased	1.50950035186488	1.20760028149191	1.25
19	59021372	59021373	51	12	2.5	2	2	0.25	1	1	0.75	unphased	1.40886699507389	1.40886699507389	1
2	15644337	15644338	58	20	3	2	1	1	NA	NA	NA	unphased	2.02475685234306	1.01237842617153	2
2	23980770	23980771	100	14	3	2	1	1	NA	NA	NA	unphased	0.969751966122202	0.969751966122202	1
2	26690337	26690338	49	10	3	2	1	1	NA	NA	NA	unphased	1.33839859731151	1.33839859731151	1
2	27454928	27454929	120	20	3	2	1	1	NA	NA	NA	unphased	1.12807881773399	1.12807881773399	1
2	33952683	33952684	62	12	3	2	1	1	NA	NA	NA	unphased	1.28052190121156	1.28052190121156	1
2	38301581	38301582	14	8	3	2	1	1	NA	NA	NA	unphased	2.87147335423198	1.43573667711599	2
2	43571353	43571354	36	8	5.68	5	2	0.78	0	1	0.22	unphased	1.92300940438871	1.08034236201613	1.78
2	47637472	47637473	160	36	2.5	2	2	0.25	1	1	0.75	unphased	1.3585503166784	1.08684025334272	1.25
2	61180220	61180221	134	24	2.46	2	2	0.23	1	1	0.77	unphased	1.11745089480576	1.11745089480576	1
2	61412735	61412736	119	31	2.46	2	2	0.23	1	1	0.77	unphased	1.52035402298851	1.23606018129147	1.23
2	61753540	61753541	17	7	2.46	2	2	0.23	1	1	0.77	unphased	2.14566091954023	1.74443977198393	1.23
2	71299780	71299781	38	12	2.46	2	2	0.23	1	1	0.77	unphased	1.7655724137931	1.43542472666106	1.23
2	71766319	71766320	112	23	2.46	2	2	0.23	1	1	0.77	unphased	1.25333844189017	1.25333844189017	1
2	74699246	74699247	108	9	2.46	2	2	0.23	1	1	0.77	unphased	0.565888594164456	0.565888594164456	1
2	75914960	75914961	89	22	2.46	2	2	0.23	1	1	0.77	unphased	1.45805529667599	1.18541081030568	1.23
2	79254234	79254235	191	38	4	2	2	1	NA	NA	NA	unphased	1.47628369221503	0.738141846107514	2
2	79971531	79971532	66	13	4	2	2	1	NA	NA	NA	unphased	1.46398952422523	1.46398952422523	1
2	89326821	89326822	140	38	2	2	0	1	NA	NA	NA	unphased	1.47229755908563	0.736148779542813	2
2	89326831	89326832	144	32	2	2	0	1	NA	NA	NA	unphased	1.25391849529781	1.25391849529781	1
2	90193295	90193296	272	44	2	2	0	1	NA	NA	NA	unphased	0.960279353993889	0.960279353993889	1
2	90458615	90458616	982	29	2	2	0	1	NA	NA	NA	unphased	0.19782393669634	0.19782393669634	1
2	103095475	103095476	91	7	2	2	0	1	NA	NA	NA	unphased	0.492610837438424	0.492610837438424	1
2	108496513	108496514	230	88	2	2	0	1	NA	NA	NA	unphased	1.90847972240295	0.954239861201475	2
2	110917823	110917824	98	7	2	2	0	1	NA	NA	NA	unphased	0.459770114942529	0.459770114942529	1
2	112834845	112834846	50	7	2	2	0	1	NA	NA	NA	unphased	0.846944948578342	0.846944948578342	1
2	112942862	112942863	96	28	2	2	0	1	NA	NA	NA	unphased	1.55728587319244	0.778642936596218	2
2	120125259	120125260	29	14	2	2	0	1	NA	NA	NA	unphased	2.24538893344026	1.12269446672013	2
2	127950718	127950719	60	21	2	2	0	1	NA	NA	NA	unphased	1.78799489144317	0.893997445721584	2
2	128381750	128381751	12	4	2	2	0	1	NA	NA	NA	unphased	1.72413793103448	1.72413793103448	1
2	138425372	138425373	13	3	2	2	0	1	NA	NA	NA	unphased	1.29310344827586	1.29310344827586	1
2	139429118	139429119	157	52	2	2	0	1	NA	NA	NA	unphased	1.71588846724963	0.857944233624814	2
2	163144752	163144753	78	32	2	2	0	1	NA	NA	NA	unphased	2.00626959247649	1.00313479623824	2
2	165351034	165351035	52	16	2	2	0	1	NA	NA	NA	unphased	1.62271805273834	0.811359026369168	2
2	165949020	165949021	46	18	2	2	0	1	NA	NA	NA	unphased	1.93965517241379	0.969827586206897	2
2	170003400	170003401	53	26	2	2	0	1	NA	NA	NA	unphased	2.26975120034919	1.1348756001746	2
2	173460637	173460638	42	15	2	2	0	1	NA	NA	NA	unphased	1.81488203266788	0.907441016333938	2
2	179247976	179247977	42	16	2	2	0	1	NA	NA	NA	unphased	1.90249702734839	0.951248513674197	2
2	179404587	179404588	79	27	2	2	0	1	NA	NA	NA	unphased	1.75666883539362	0.878334417696812	2
2	179467179	179467180	36	16	2	2	0	1	NA	NA	NA	unphased	2.12201591511936	1.06100795755968	2
2	179473377	179473378	28	6	2	2	0	1	NA	NA	NA	unphased	1.21703853955375	1.21703853955375	1
2	179495840	179495841	56	23	2	2	0	1	NA	NA	NA	unphased	2.00785683107813	1.00392841553907	2
2	179577861	179577862	37	10	2	2	0	1	NA	NA	NA	unphased	1.46735143066764	1.46735143066764	1
2	182542392	182542393	74	29	2	2	0	1	NA	NA	NA	unphased	1.94174757281553	0.970873786407767	2
2	189875485	189875486	84	32	2	2	0	1	NA	NA	NA	unphased	1.90249702734839	0.951248513674197	2
2	198436643	198436644	18	7	2	2	0	1	NA	NA	NA	unphased	1.93103448275862	1.93103448275862	1
2	198498549	198498550	150	38	2	2	0	1	NA	NA	NA	unphased	1.39398385913426	0.696991929567131	2
2	202245741	202245742	167	73	2	2	0	1	NA	NA	NA	unphased	2.09770114942529	1.04885057471264	2
2	202899483	202899484	65	7	2	2	0	1	NA	NA	NA	unphased	0.670498084291188	0.670498084291188	1
2	207174291	207174292	73	31	2	2	0	1	NA	NA	NA	unphased	2.05570291777188	1.02785145888594	2
2	220422583	220422584	58	5	2	2	0	1	NA	NA	NA	unphased	0.547345374931582	0.547345374931582	1
2	228109675	228109676	107	38	2	2	0	1	NA	NA	NA	unphased	1.80737217598098	0.903686087990488	2
2	240085606	240085607	97	31	2	2	0	1	NA	NA	NA	unphased	1.67025862068966	0.835129310344828	2
20	745867	745868	68	24	1.63	1	1	0.63	1	0	0.37	unphased	1.70257871064468	1.70257871064468	1
20	18296236	18296237	73	14	1.4	2	1	0.2	1	0	0.8	unphased	1.01323820848197	1.01323820848197	1
20	25655783	25655784	246	29	1.4	2	1	0.2	1	0	0.8	unphased	0.664	0.664	1
20	30409404	30409405	102	38	1.4	2	1	0.2	1	0	0.8	unphased	1.70906403940887	1.42422003284072	1.2
20	31384648	31384649	126	46	1.4	2	1	0.2	1	0	0.8	unphased	1.68396150761828	1.40330125634857	1.2
20	45212239	45212240	96	6	1.4	2	1	0.2	1	0	0.8	unphased	0.370385395537525	0.370385395537525	1
20	47710813	47710814	122	30	1.4	2	1	0.2	1	0	0.8	unphased	1.24274047186933	1.24274047186933	1
20	57828975	57828976	112	36	2.36	2	2	0.18	1	1	0.82	unphased	1.76510717614166	1.4958535391031	1.18
20	61511127	61511128	243	53	2.36	2	2	0.18	1	1	0.82	unphased	1.29931500465983	1.10111441072867	1.18
20	61537320	61537321	196	50	2.36	2	2	0.18	1	1	0.82	unphased	1.4749088870199	1.24992278561009	1.18
20	62559700	62559701	84	24	2.36	2	2	0.18	1	1	0.82	unphased	1.61256704980843	1.36658224560036	1.18
20	62705310	62705311	112	36	2.36	2	2	0.18	1	1	0.82	unphased	1.76510717614166	1.4958535391031	1.18
21	10863025	10863026	655	70	NA	NA	NA	NA	NA	NA	NA	unphased	NA	NA	1
21	10934070	10934071	209	25	NA	NA	NA	NA	NA	NA	NA	unphased	NA	NA	1
21	19726122	19726123	74	17	2	2	0	1	NA	NA	NA	unphased	1.28836680560818	1.28836680560818	1
21	27124527	27124528	42	15	2	2	0	1	NA	NA	NA	unphased	1.81488203266788	0.907441016333938	2
21	34022604	34022605	86	45	2	2	0	1	NA	NA	NA	unphased	2.36904448539089	1.18452224269545	2
21	34924188	34924189	158	24	2	2	0	1	NA	NA	NA	unphased	0.909435392194013	0.909435392194013	1
21	36421186	36421187	228	29	2	2	0	1	NA	NA	NA	unphased	0.778210116731518	0.778210116731518	1
21	44513288	44513289	59	34	2	2	0	1	NA	NA	NA	unphased	2.52131998516871	1.26065999258435	2
21	45736380	45736381	42	8	2	2	0	1	NA	NA	NA	unphased	1.10344827586207	1.10344827586207	1
21	46101653	46101654	26	4	2	2	0	1	NA	NA	NA	unphased	0.919540229885058	0.919540229885058	1
22	17449254	17449255	50	11	2	2	0	1	NA	NA	NA	unphased	1.24364047484455	1.24364047484455	1
22	21384500	21384501	30	13	2	2	0	1	NA	NA	NA	unphased	2.0850040096231	1.04250200481155	2
22	22324642	22324643	36	13	2	2	0	1	NA	NA	NA	unphased	1.82969739619986	0.91484869809993	2
22	23956353	23956354	73	25	2	2	0	1	NA	NA	NA	unphased	1.75932441942294	0.879662209711471	2
22	26074849	26074850	85	16	2	2	0	1	NA	NA	NA	unphased	1.09252304540799	1.09252304540799	1
22	29091799	29091800	70	25	2	2	0	1	NA	NA	NA	unphased	1.81488203266788	0.907441016333938	2
22	30387537	30387538	64	23	2	2	0	1	NA	NA	NA	unphased	1.82322631787555	0.911613158937773	2
22	31006972	31006973	258	43	2	2	0	1	NA	NA	NA	unphased	0.985221674876847	0.985221674876847	1
22	32843273	32843274	75	31	2	2	0	1	NA	NA	NA	unphased	2.01691607026675	1.00845803513338	2
22	35789500	35789501	285	29	2	2	0	1	NA	NA	NA	unphased	0.636942675159236	0.636942675159236	1
22	37471252	37471253	61	27	2	2	0	1	NA	NA	NA	unphased	2.11598746081505	1.05799373040752	2
22	40711401	40711402	55	19	2	2	0	1	NA	NA	NA	unphased	1.77073625349487	0.885368126747437	2
22	44585080	44585081	55	12	2	2	0	1	NA	NA	NA	unphased	1.23520329387545	1.23520329387545	1
3	17349546	17349547	66	24	2	2	0	1	NA	NA	NA	unphased	1.83908045977012	0.919540229885058	2
3	19492849	19492850	114	35	2	2	0	1	NA	NA	NA	unphased	1.6199953714418	0.809997685720898	2
3	30875723	30875724	75	37	2	2	0	1	NA	NA	NA	unphased	2.27832512315271	1.13916256157635	2
3	42750364	42750365	30	28	2	2	0	1	NA	NA	NA	unphased	3.32936979785969	1.66468489892985	2
3	44894218	44894219	53	9	2	2	0	1	NA	NA	NA	unphased	1.00111234705228	1.00111234705228	1
3	48612805	48612806	39	19	2	2	0	1	NA	NA	NA	unphased	2.25921521997622	1.12960760998811	2
3	58120356	58120357	171	59	2	2	0	1	NA	NA	NA	unphased	1.76911544227886	0.88455772113943	2
3	98188969	98188970	217	72	2	2	0	1	NA	NA	NA	unphased	1.71817205584059	0.859086027920296	2
3	107492113	107492114	82	33	2	2	0	1	NA	NA	NA	unphased	1.97901049475262	0.989505247376312	2
3	107492114	107492115	80	31	2	2	0	1	NA	NA	NA	unphased	1.92606399502951	0.963031997514756	2
3	121414265	121414266	251	38	2	2	0	1	NA	NA	NA	unphased	0.906813029471423	0.906813029471423	1
3	126260828	126260829	4	6	2	2	0	1	NA	NA	NA	unphased	4.13793103448276	2.06896551724138	2
3	126261333	126261334	6	6	2	2	0	1	NA	NA	NA	unphased	3.44827586206897	1.72413793103448	2
3	132047112	132047113	54	21	2	2	0	1	NA	NA	NA	unphased	1.93103448275862	0.96551724137931	2
3	137742521	137742522	60	21	2	2	0	1	NA	NA	NA	unphased	1.78799489144317	0.893997445721584	2
3	140167391	140167392	122	7	2	2	0	1	NA	NA	NA	unphased	0.374231488906709	0.374231488906709	1
3	171404572	171404573	133	47	2	2	0	1	NA	NA	NA	unphased	1.8007662835249	0.900383141762452	2
3	172165807	172165808	49	17	2	2	0	1	NA	NA	NA	unphased	1.77638453500522	0.888192267502612	2
3	180324149	180324150	90	35	2	2	0	1	NA	NA	NA	unphased	1.93103448275862	0.96551724137931	2
3	183774068	183774069	91	51	2	2	0	1	NA	NA	NA	unphased	2.4769305488101	1.23846527440505	2
4	864612	864613	89	21	2	2	0	1	NA	NA	NA	unphased	1.3166144200627	1.3166144200627	1
4	1816293	1816294	24	3	2	2	0	1	NA	NA	NA	unphased	0.766283524904215	0.766283524904215	1
4	1827357	1827358	34	14	2	2	0	1	NA	NA	NA	unphased	2.01149425287356	1.00574712643678	2
4	36130357	36130358	27	8	2	2	0	1	NA	NA	NA	unphased	1.57635467980296	1.57635467980296	1
4	40438613	40438614	203	77	2	2	0	1	NA	NA	NA	unphased	1.89655172413793	0.948275862068966	2
4	47939579	47939580	83	24	2	2	0	1	NA	NA	NA	unphased	1.54689010634869	0.773445053174347	2
4	53468110	53468111	85	14	2	2	0	1	NA	NA	NA	unphased	0.975269940787182	0.975269940787182	1
4	57366813	57366814	64	7	2	2	0	1	NA	NA	NA	unphased	0.679941719281205	0.679941719281205	1
4	57889645	57889646	97	48	2	2	0	1	NA	NA	NA	unphased	2.28299643281807	1.14149821640904	2
4	66286283	66286284	46	15	2	2	0	1	NA	NA	NA	unphased	1.69587337478802	0.847936687394008	2
4	71024381	71024382	86	39	2	2	0	1	NA	NA	NA	unphased	2.15172413793103	1.07586206896552	2
4	74606302	74606303	129	46	2	2	0	1	NA	NA	NA	unphased	1.8128078817734	0.9064039408867	2
4	76797786	76797787	71	15	2	2	0	1	NA	NA	NA	unphased	1.20288692862871	1.20288692862871	1
4	85654534	85654535	258	84	2	2	0	1	NA	NA	NA	unphased	1.69388989715668	0.846944948578342	2
4	89034606	89034607	156	68	2	2	0	1	NA	NA	NA	unphased	2.0935960591133	1.04679802955665	2
4	94750848	94750849	32	18	2	2	0	1	NA	NA	NA	unphased	2.48275862068966	1.24137931034483	2
4	102117078	102117079	72	23	2	2	0	1	NA	NA	NA	unphased	1.66969147005445	0.834845735027223	2
4	115998215	115998216	16	3	1.28	2	1	0.14	0	1	0.86	unphased	0.97524500907441	0.97524500907441	1
4	123151363	123151364	115	13	1.28	2	1	0.14	0	1	0.86	unphased	0.627306034482759	0.627306034482759	1
4	123171515	123171516	46	17	1.28	2	1	0.14	0	1	0.86	unphased	1.66668856048166	1.46200750919444	1.14
4	126369626	126369627	137	42	1.28	2	1	0.14	0	1	0.86	unphased	1.44924677326141	1.27126909935212	1.14
4	126397364	126397365	159	11	1.28	2	1	0.14	0	1	0.86	unphased	0.399659229208925	0.399659229208925	1
4	134071407	134071408	127	43	1.28	2	1	0.14	0	1	0.86	unphased	1.56230425963489	1.37044233301306	1.14
4	141484333	141484334	87	31	1.28	2	1	0.14	0	1	0.86	unphased	1.62265341905319	1.42338019215192	1.14
4	153896714	153896715	75	14	1.28	2	1	0.14	0	1	0.86	unphased	0.971592406044169	0.971592406044169	1
4	159747069	159747070	205	59	3	2	1	1	NA	NA	NA	unphased	1.76475966562173	0.882379832810867	2
4	160253822	160253823	44	6	3	2	1	1	NA	NA	NA	unphased	0.947586206896552	0.947586206896552	1
4	169336610	169336611	33	10	3	2	1	1	NA	NA	NA	unphased	1.8364073777065	0.918203688853248	2
4	177041115	177041116	231	23	1	2	1	0	0	1	1	unphased	0.53393972305186	0.53393972305186	1
4	177142308	177142309	50	7	1	2	1	0	0	1	1	unphased	0.724137931034483	0.724137931034483	1
4	188923954	188923955	117	10	1.02	2	1	0.01	0	1	0.99	unphased	0.46587021449905	0.46587021449905	1
5	151667	151668	67	14	4.48	4	2	0.62	1	1	0.38	unphased	1.62063856960409	1.00039417876795	1.62
5	434590	434591	31	15	4.48	4	2	0.62	1	1	0.38	unphased	3.0575712143928	0.943694819257038	3.24
5	479948	479949	71	42	4.48	4	2	0.62	1	1	0.38	unphased	3.485090021361	0.962732050099724	3.62
5	644506	644507	259	31	4.48	4	2	0.62	1	1	0.38	unphased	1.00232104637337	1.00232104637337	1
5	2748602	2748603	46	7	4.96	4	2	0.74	1	1	0.26	unphased	1.30180871828237	1.30180871828237	1
5	5462381	5462382	56	7	4.96	4	2	0.74	1	1	0.26	unphased	1.0951724137931	1.0951724137931	1
5	13922275	13922276	91	15	1.1	4	2	0.02	0	1	0.98	unphased	0.848568640208198	0.848568640208198	1
5	24493034	24493035	207	42	6	4	2	1	NA	NA	NA	unphased	1.83797257997507	0.918986289987536	2
5	31472303	31472304	192	8	6	4	2	1	NA	NA	NA	unphased	0.435862068965517	0.435862068965517	1
5	31799354	31799355	53	9	6	4	2	1	NA	NA	NA	unphased	1.5817575083426	1.5817575083426	1
5	33576452	33576453	223	38	6	4	2	1	NA	NA	NA	unphased	1.58647113224997	0.793235566124984	2
5	33576929	33576930	128	17	6	4	2	1	NA	NA	NA	unphased	1.27752675386445	1.27752675386445	1
5	34005890	34005891	86	36	6	4	2	1	NA	NA	NA	unphased	3.21537591859808	1.07179197286603	3
5	34043084	34043085	283	149	6	4	2	1	NA	NA	NA	unphased	3.75830140485313	0.939575351213282	4
5	35035346	35035347	169	24	6	4	2	1	NA	NA	NA	unphased	1.3550116133643	1.3550116133643	1
5	44310632	44310633	31	14	6	4	2	1	NA	NA	NA	unphased	3.39003831417625	1.13001277139208	3
5	45353209	45353210	100	15	6	4	2	1	NA	NA	NA	unphased	1.42128935532234	1.42128935532234	1
5	64907536	64907537	174	12	2	2	0	1	NA	NA	NA	unphased	0.444938820912125	0.444938820912125	1
5	88018311	88018312	30	10	2	2	0	1	NA	NA	NA	unphased	1.72413793103448	0.862068965517241	2
5	90074413	90074414	52	7	2	2	0	1	NA	NA	NA	unphased	0.81823495032145	0.81823495032145	1
5	94353081	94353082	124	54	2	2	0	1	NA	NA	NA	unphased	2.09221232080589	1.04610616040294	2
5	110456698	110456699	83	40	2	2	0	1	NA	NA	NA	unphased	2.24278104850014	1.12139052425007	2
5	122152643	122152644	44	5	2	2	0	1	NA	NA	NA	unphased	0.703729767769177	0.703729767769177	1
5	134678995	134678996	155	28	2	2	0	1	NA	NA	NA	unphased	1.0552100998681	1.0552100998681	1
5	137071421	137071422	35	11	2	2	0	1	NA	NA	NA	unphased	1.64917541229385	1.64917541229385	1
5	140537743	140537744	156	52	2	2	0	1	NA	NA	NA	unphased	1.72413793103448	0.862068965517241	2
5	145838695	145838696	58	5	2	2	0	1	NA	NA	NA	unphased	0.547345374931582	0.547345374931582	1
5	154395373	154395374	144	43	2	2	0	1	NA	NA	NA	unphased	1.58583809699428	0.792919048497142	2
5	176885261	176885262	44	25	2	2	0	1	NA	NA	NA	unphased	2.49875062468766	1.24937531234383	2
6	3225788	3225789	146	40	2	2	0	1	NA	NA	NA	unphased	1.48312940304042	0.741564701520208	2
6	7559560	7559561	166	23	2	2	0	1	NA	NA	NA	unphased	0.839262908228426	0.839262908228426	1
6	10894152	10894153	27	7	2	2	0	1	NA	NA	NA	unphased	1.41987829614604	1.41987829614604	1
6	16328140	16328141	104	34	2	2	0	1	NA	NA	NA	unphased	1.69915042478761	0.849575212393803	2
6	24564549	24564550	65	20	2	2	0	1	NA	NA	NA	unphased	1.62271805273834	0.811359026369168	2
6	25868627	25868628	41	16	2	2	0	1	NA	NA	NA	unphased	1.93587416817907	0.967937084089534	2
6	29455417	29455418	47	21	2	2	0	1	NA	NA	NA	unphased	2.12981744421907	1.06490872210953	2
6	30893360	30893361	46	9	2	2	0	1	NA	NA	NA	unphased	1.12852664576803	1.12852664576803	1
6	32065695	32065696	15	10	2	2	0	1	NA	NA	NA	unphased	2.75862068965517	1.37931034482759	2
6	51613088	51613089	244	98	2	2	0	1	NA	NA	NA	unphased	1.97620488001613	0.988102440008066	2
6	55128532	55128533	38	4	1.15	2	0	0.15	1	0	0.85	unphased	0.575862068965517	0.575862068965517	1
6	70034768	70034769	52	20	2	2	0	1	NA	NA	NA	unphased	1.91570881226054	0.957854406130268	2
6	76527259	76527260	100	5	1.14	2	0	0.14	1	0	0.86	unphased	0.287454844006568	0.287454844006568	1
6	80626240	80626241	35	9	2	2	0	1	NA	NA	NA	unphased	1.41065830721003	1.41065830721003	1
6	96997380	96997381	115	17	1.39	2	2	0.13	0	1	0.87	unphased	0.809631661442006	0.809631661442006	1
6	97587137	97587138	113	16	1.39	2	2	0.13	0	1	0.87	unphased	0.779727345629511	0.779727345629511	1
6	100061078	100061079	35	12	1.39	2	2	0.13	0	1	0.87	unphased	1.60507703595011	1.60507703595011	1
6	106756346	106756347	35	35	9	7	2	1	NA	NA	NA	unphased	6.94827586206897	0.992610837438424	7
6	107391829	107391830	60	82	9	7	2	1	NA	NA	NA	unphased	8.0247693054881	1.14639561506973	7
6	112457440	112457441	125	21	7	5	2	1	NA	NA	NA	unphased	1.71114785073217	0.855573925366084	2
6	118635411	118635412	70	52	7	5	2	1	NA	NA	NA	unphased	5.07066139061617	1.01413227812323	5
6	123377058	123377059	132	63	7	5	2	1	NA	NA	NA	unphased	3.84350132625995	0.960875331564987	4
6	127804088	127804089	149	18	7	5	2	1	NA	NA	NA	unphased	1.28226306008672	1.28226306008672	1
6	129486811	129486812	37	25	7	5	2	1	NA	NA	NA	unphased	4.79699666295884	0.959399332591768	5
6	129777538	129777539	272	78	7	5	2	1	NA	NA	NA	unphased	2.6512315270936	0.883743842364532	3
6	129901276	129901277	55	21	7	5	2	1	NA	NA	NA	unphased	3.28720508166969	1.09573502722323	3
6	132859492	132859493	35	13	4.28	3	2	0.76	1	1	0.24	unphased	2.48531609195402	0.986236544426199	2.52
6	133005573	133005574	135	26	4.28	3	2	0.76	1	1	0.24	unphased	1.48192760762476	0.842004322514068	1.76
6	139609662	139609663	174	71	1.08	3	2	0.02	0	1	0.98	unphased	1.7319802955665	0.857415987904209	2.02
6	152332873	152332874	128	27	1.08	3	2	0.02	0	1	0.98	unphased	1.04107675194661	1.04107675194661	1
6	152651199	152651200	97	38	1.08	3	2	0.02	0	1	0.98	unphased	1.68228863346105	0.832816155178736	2.02
6	152652517	152652518	122	34	1.08	3	2	0.02	0	1	0.98	unphased	1.30258178603006	1.30258178603006	1
6	152652536	152652537	112	37	1.08	3	2	0.02	0	1	0.98	unphased	1.48411015968526	0.734707999844187	2.02
6	152711482	152711483	99	37	1.08	3	2	0.02	0	1	0.98	unphased	1.62597363083164	0.804937441005764	2.02
6	161653259	161653260	52	11	1.08	3	2	0.02	0	1	0.98	unphased	1.04352490421456	1.04352490421456	1
6	168352279	168352280	121	42	2	2	0	1	NA	NA	NA	unphased	1.77702559763063	0.888512798815316	2
7	8790940	8790941	91	11	3	2	1	1	NA	NA	NA	unphased	0.85158891142664	0.85158891142664	1
7	21775317	21775318	41	8	3	2	1	1	NA	NA	NA	unphased	1.28923293455313	1.28923293455313	1
7	30693068	30693069	125	20	3	2	1	1	NA	NA	NA	unphased	1.08917954815696	1.08917954815696	1
7	34971134	34971135	112	20	3	2	1	1	NA	NA	NA	unphased	1.19644723092999	1.19644723092999	1
7	37953857	37953858	102	35	3	2	1	1	NA	NA	NA	unphased	2.01736722879436	1.00868361439718	2
7	41729877	41729878	74	4	3	2	1	1	NA	NA	NA	unphased	0.404951370468612	0.404951370468612	1
7	42005868	42005869	29	9	3	2	1	1	NA	NA	NA	unphased	1.87023593466425	0.935117967332123	2
7	50070743	50070744	75	22	3	2	1	1	NA	NA	NA	unphased	1.79097049413438	0.895485247067188	2
7	50660516	50660517	33	6	3	2	1	1	NA	NA	NA	unphased	1.21485411140584	1.21485411140584	1
7	51204027	51204028	40	7	3	2	1	1	NA	NA	NA	unphased	1.17608217168012	1.17608217168012	1
7	64168065	64168066	33	11	3	2	1	1	NA	NA	NA	unphased	1.97413793103448	0.987068965517241	2
7	64168252	64168253	46	16	3	2	1	1	NA	NA	NA	unphased	2.03781979977753	1.01890989988877	2
7	66418314	66418315	190	67	3	2	1	1	NA	NA	NA	unphased	2.05863410707098	1.02931705353549	2
7	71275422	71275423	111	39	3	2	1	1	NA	NA	NA	unphased	2.05310344827586	1.02655172413793	2
7	72643685	72643686	60	11	3	2	1	1	NA	NA	NA	unphased	1.22340942204954	1.22340942204954	1
7	72985577	72985578	61	12	3	2	1	1	NA	NA	NA	unphased	1.29806329711856	1.29806329711856	1
7	75693727	75693728	26	11	3	2	1	1	NA	NA	NA	unphased	2.34762348555452	1.17381174277726	2
7	81637038	81637039	39	11	3	2	1	1	NA	NA	NA	unphased	1.73724137931034	0.868620689655172	2
7	82545791	82545792	188	59	3	2	1	1	NA	NA	NA	unphased	1.88622085718275	0.943110428591373	2
7	82581573	82581574	149	40	3	2	1	1	NA	NA	NA	unphased	1.67122787812443	0.835613939062215	2
7	87179354	87179355	105	27	3	2	1	1	NA	NA	NA	unphased	1.61520376175549	0.807601880877743	2
7	88963713	88963714	83	35	3	2	1	1	NA	NA	NA	unphased	2.34219754529515	1.17109877264757	2
7	91761087	91761088	32	5	3	2	1	1	NA	NA	NA	unphased	1.06710158434296	1.06710158434296	1
7	93101688	93101689	90	20	3	2	1	1	NA	NA	NA	unphased	1.43573667711599	1.43573667711599	1
7	95115356	95115357	87	6	3	2	1	1	NA	NA	NA	unphased	0.509454949944383	0.509454949944383	1
7	99621525	99621526	90	11	3	2	1	1	NA	NA	NA	unphased	0.860020484807101	0.860020484807101	1
7	100349985	100349986	87	10	3	2	1	1	NA	NA	NA	unphased	0.814077497333807	0.814077497333807	1
7	100677058	100677059	576	184	3	2	1	1	NA	NA	NA	unphased	1.91179673321234	0.955898366606171	2
7	103180686	103180687	129	14	3	2	1	1	NA	NA	NA	unphased	0.773088979985532	0.773088979985532	1
7	116918126	116918127	31	5	1.36	2	1	0.18	1	0	0.82	unphased	0.868965517241379	0.868965517241379	1
7	121944207	121944208	38	16	1.36	2	1	0.18	1	0	0.82	unphased	1.85379310344828	1.57101110461718	1.18
7	121944208	121944209	39	16	1.36	2	1	0.18	1	0	0.82	unphased	1.82008777429467	1.54244726635142	1.18
7	127255148	127255149	92	19	1.28	2	1	0.14	1	0	0.86	unphased	1.05724759242001	1.05724759242001	1
7	136700134	136700135	139	15	2	1	1	1	NA	NA	NA	unphased	0.671742051052396	0.671742051052396	1
7	141490682	141490683	55	7	2	1	1	1	NA	NA	NA	unphased	0.778642936596218	0.778642936596218	1
7	142124525	142124526	85	10	2	1	1	1	NA	NA	NA	unphased	0.725952813067151	0.725952813067151	1
7	144015726	144015727	27	5	2	1	1	1	NA	NA	NA	unphased	1.07758620689655	1.07758620689655	1
7	144096866	144096867	25	3	2	1	1	1	NA	NA	NA	unphased	0.738916256157635	0.738916256157635	1
7	148287992	148287993	57	8	2	1	1	1	NA	NA	NA	unphased	0.848806366047746	0.848806366047746	1
7	151847984	151847985	40	13	2	1	1	1	NA	NA	NA	unphased	1.69160702667534	1.69160702667534	1
7	157475566	157475567	70	15	2	1	1	1	NA	NA	NA	unphased	1.21703853955375	1.21703853955375	1
8	3087682	3087683	41	16	2	2	0	1	NA	NA	NA	unphased	1.93587416817907	0.967937084089534	2
8	6385112	6385113	26	12	2	2	0	1	NA	NA	NA	unphased	2.17785843920145	1.08892921960073	2
8	10468727	10468728	69	35	2	2	0	1	NA	NA	NA	unphased	2.3209549071618	1.1604774535809	2
8	17796406	17796407	37	17	2	2	0	1	NA	NA	NA	unphased	2.17113665389527	1.08556832694764	2
8	17922035	17922036	15	14	2	2	0	1	NA	NA	NA	unphased	3.32936979785969	1.66468489892985	2
8	30706010	30706011	71	19	2	2	0	1	NA	NA	NA	unphased	1.45593869731801	1.45593869731801	1
8	41800217	41800218	24	9	4	2	2	1	NA	NA	NA	unphased	2.42633228840125	1.21316614420063	2
8	42692977	42692978	11	3	4	2	2	1	NA	NA	NA	unphased	1.9064039408867	1.9064039408867	1
8	42939890	42939891	84	10	4	2	2	1	NA	NA	NA	unphased	0.946441672780631	0.946441672780631	1
8	48826495	48826496	167	45	4	2	2	1	NA	NA	NA	unphased	1.88841899804815	0.944209499024073	2
8	56435951	56435952	143	41	1.05	4	2	0.01	0	1	0.99	unphased	1.32504685157421	1.28645325395555	1.03
8	61766019	61766020	92	14	1.05	4	2	0.01	0	1	0.99	unphased	0.785393623942746	0.785393623942746	1
8	70667852	70667853	65	12	1.05	4	2	0.01	0	1	0.99	unphased	0.926735333631885	0.926735333631885	1
8	72969993	72969994	88	16	1.05	4	2	0.01	0	1	0.99	unphased	0.914854111405836	0.914854111405836	1
8	77617049	77617050	64	9	1.05	4	2	0.01	0	1	0.99	unphased	0.733136513934813	0.733136513934813	1
8	82443479	82443480	17	3	1.05	4	2	0.01	0	1	0.99	unphased	0.89198275862069	0.89198275862069	1
8	87126090	87126091	183	32	1.05	4	2	0.01	0	1	0.99	unphased	0.885068163592622	0.885068163592622	1
8	92352669	92352670	187	20	1.05	4	2	0.01	0	1	0.99	unphased	0.574546060303182	0.574546060303182	1
8	92352686	92352687	154	31	1.05	4	2	0.01	0	1	0.99	unphased	0.996449207828518	0.996449207828518	1
8	97157670	97157671	38	7	1.05	4	2	0.01	0	1	0.99	unphased	0.925019157088123	0.925019157088123	1
8	98288831	98288832	231	174	1.05	4	2	0.01	0	1	0.99	unphased	2.55481481481482	0.848775685984988	3.01
8	103311752	103311753	68	37	1.05	4	2	0.01	0	1	0.99	unphased	2.09545155993432	1.03735225739323	2.02
8	103358465	103358466	256	22	1.05	4	2	0.01	0	1	0.99	unphased	0.470590424212354	0.470590424212354	1
8	104427538	104427539	139	14	1.05	4	2	0.01	0	1	0.99	unphased	0.54412891593419	0.54412891593419	1
8	107782204	107782205	153	37	1.05	4	2	0.01	0	1	0.99	unphased	1.15801270417423	1.15801270417423	1
8	110308671	110308672	332	35	1.05	4	2	0.01	0	1	0.99	unphased	0.567109837451846	0.567109837451846	1
8	113267556	113267557	122	6	2.78	4	1	0.26	1	1	0.74	unphased	0.359838362068966	1.38399370026525	0.26
8	113326793	113326794	123	14	2.78	4	1	0.26	1	1	0.74	unphased	0.784465139692927	0.784465139692927	1
8	116430641	116430642	273	24	2.78	4	1	0.26	1	1	0.74	unphased	0.62032741205155	0.62032741205155	1
8	121180454	121180455	168	16	2.78	4	1	0.26	1	1	0.74	unphased	0.667526236881559	0.667526236881559	1
8	131862022	131862023	47	13	2.78	4	1	0.26	1	1	0.74	unphased	1.66325287356322	0.934411726720909	1.78
8	139180141	139180142	169	37	2.78	4	1	0.26	1	1	0.74	unphased	1.37879812520924	0.907104029742921	1.52
8	139180142	139180143	170	38	2.78	4	1	0.26	1	1	0.74	unphased	1.40244694960212	0.922662466843501	1.52
8	139190874	139190875	88	12	2.78	4	1	0.26	1	1	0.74	unphased	0.921186206896552	0.921186206896552	1
8	140631311	140631312	51	10	2.78	4	1	0.26	1	1	0.74	unphased	1.25845110231769	1.25845110231769	1
8	145649244	145649245	103	24	5.25	4	2	0.85	0	1	0.15	unphased	1.91745859353788	1.03646410461507	1.85
8	145948226	145948227	155	27	5.25	4	2	0.85	0	1	0.15	unphased	1.50525767336112	0.885445690212425	1.7
9	13162777	13162778	38	17	2	2	0	1	NA	NA	NA	unphased	2.13166144200627	1.06583072100313	2
9	21409615	21409616	242	100	2	2	0	1	NA	NA	NA	unphased	2.0165355918532	1.0082677959266	2
9	21974779	21974780	39	20	2	2	0	1	NA	NA	NA	unphased	2.33781414377557	1.16890707188778	2
9	40774522	40774523	131	45	2	2	0	1	NA	NA	NA	unphased	1.76332288401254	0.88166144200627	2
9	79320315	79320316	40	16	2	2	0	1	NA	NA	NA	unphased	1.97044334975369	0.985221674876847	2
9	96278298	96278299	32	6	2	2	0	1	NA	NA	NA	unphased	1.08892921960073	1.08892921960073	1
9	103204401	103204402	43	13	2	2	0	1	NA	NA	NA	unphased	1.60098522167488	0.800492610837439	2
9	107562254	107562255	65	30	2	2	0	1	NA	NA	NA	unphased	2.17785843920145	1.08892921960073	2
9	107602758	107602759	34	12	2	2	0	1	NA	NA	NA	unphased	1.79910044977511	0.899550224887556	2
9	108337296	108337297	60	19	2	2	0	1	NA	NA	NA	unphased	1.65866433871672	0.829332169358359	2
9	116176169	116176170	45	14	2	2	0	1	NA	NA	NA	unphased	1.6364699006429	0.81823495032145	2
9	120475401	120475402	80	25	2	2	0	1	NA	NA	NA	unphased	1.64203612479475	0.821018062397373	2
9	139903001	139903002	10	3	2	2	0	1	NA	NA	NA	unphased	1.59151193633952	1.59151193633952	1
9	139906803	139906804	18	10	2	2	0	1	NA	NA	NA	unphased	2.46305418719212	1.23152709359606	2
9	140672342	140672343	206	76	2	2	0	1	NA	NA	NA	unphased	1.85864514551235	0.929322572756175	2
X	595528	595529	23	4	NA	NA	NA	NA	NA	NA	NA	unphased	NA	NA	1
X	2945370	2945371	32	18	NA	NA	NA	NA	NA	NA	NA	unphased	NA	NA	1
X	17047645	17047646	67	12	NA	NA	NA	NA	NA	NA	NA	unphased	NA	NA	1
X	17742548	17742549	39	32	NA	NA	NA	NA	NA	NA	NA	unphased	NA	NA	1
X	21990088	21990089	29	22	NA	NA	NA	NA	NA	NA	NA	unphased	NA	NA	1
X	27765097	27765098	8	4	NA	NA	NA	NA	NA	NA	NA	unphased	NA	NA	1
X	29973522	29973523	34	17	NA	NA	NA	NA	NA	NA	NA	unphased	NA	NA	1
X	34962227	34962228	50	39	NA	NA	NA	NA	NA	NA	NA	unphased	NA	NA	1
X	37026966	37026967	24	25	NA	NA	NA	NA	NA	NA	NA	unphased	NA	NA	1
X	37027908	37027909	77	29	NA	NA	NA	NA	NA	NA	NA	unphased	NA	NA	1
X	46918320	46918321	24	8	NA	NA	NA	NA	NA	NA	NA	unphased	NA	NA	1
X	47308384	47308385	139	10	NA	NA	NA	NA	NA	NA	NA	unphased	NA	NA	1
X	49955595	49955596	34	27	NA	NA	NA	NA	NA	NA	NA	unphased	NA	NA	1
X	51637415	51637416	6	5	NA	NA	NA	NA	NA	NA	NA	unphased	NA	NA	1
X	64738200	64738201	69	49	NA	NA	NA	NA	NA	NA	NA	unphased	NA	NA	1
X	77244076	77244077	167	39	NA	NA	NA	NA	NA	NA	NA	unphased	NA	NA	1
X	78618149	78618150	23	23	NA	NA	NA	NA	NA	NA	NA	unphased	NA	NA	1
X	80377045	80377046	25	8	NA	NA	NA	NA	NA	NA	NA	unphased	NA	NA	1
X	91873372	91873373	58	15	NA	NA	NA	NA	NA	NA	NA	unphased	NA	NA	1
X	91873744	91873745	170	104	NA	NA	NA	NA	NA	NA	NA	unphased	NA	NA	1
X	101572394	101572395	61	17	NA	NA	NA	NA	NA	NA	NA	unphased	NA	NA	1
X	102332600	102332601	80	47	NA	NA	NA	NA	NA	NA	NA	unphased	NA	NA	1
X	106843907	106843908	7	9	NA	NA	NA	NA	NA	NA	NA	unphased	NA	NA	1
X	107865937	107865938	57	17	NA	NA	NA	NA	NA	NA	NA	unphased	NA	NA	1
X	115303580	115303581	43	27	NA	NA	NA	NA	NA	NA	NA	unphased	NA	NA	1
X	119246801	119246802	110	59	NA	NA	NA	NA	NA	NA	NA	unphased	NA	NA	1
X	129518923	129518924	50	26	NA	NA	NA	NA	NA	NA	NA	unphased	NA	NA	1
X	130678458	130678459	133	69	NA	NA	NA	NA	NA	NA	NA	unphased	NA	NA	1
X	132160164	132160165	52	40	NA	NA	NA	NA	NA	NA	NA	unphased	NA	NA	1
X	139866375	139866376	82	70	NA	NA	NA	NA	NA	NA	NA	unphased	NA	NA	1
X	140984516	140984517	70	48	NA	NA	NA	NA	NA	NA	NA	unphased	NA	NA	1
X	140995239	140995240	88	79	NA	NA	NA	NA	NA	NA	NA	unphased	NA	NA	1
X	151092657	151092658	106	57	NA	NA	NA	NA	NA	NA	NA	unphased	NA	NA	1
X	154299834	154299835	20	5	NA	NA	NA	NA	NA	NA	NA	unphased	NA	NA	1
Y	4968038	4968039	97	66	NA	NA	NA	NA	NA	NA	NA	unphased	NA	NA	1
Y	5605438	5605439	51	17	NA	NA	NA	NA	NA	NA	NA	unphased	NA	NA	1
Y	22918046	22918047	27	23	NA	NA	NA	NA	NA	NA	NA	unphased	NA	NA	1
