chr	start	end	WT.count	mut.count	subclonal.CN	nMaj1	nMin1	frac1	nMaj2	nMin2	frac2	phase	mutation.copy.number	subclonal.fraction	no.chrs.bearing.mut
1	6194813	6194814	123	19	3.56	3	1	0.78	1	1	0.22	unphased	0.894900686168292	0.894900686168292	1
1	19566876	19566877	22	16	3.56	3	1	0.78	1	1	0.22	unphased	2.81608636977058	1.01298070855057	2.78
1	32741605	32741606	24	31	3.32	4	1	0.44	1	1	0.56	unphased	3.63444289044289	1.05652409605898	3.44
1	36501853	36501854	74	18	3	2	1	1	NA	NA	NA	unphased	1.19899665551839	1.19899665551839	1
1	37271751	37271752	31	17	3	2	1	1	NA	NA	NA	unphased	2.17040598290598	1.08520299145299	2
1	38006343	38006344	54	7	3	2	1	1	NA	NA	NA	unphased	0.703236654056326	0.703236654056326	1
1	47398460	47398461	303	61	3	2	1	1	NA	NA	NA	unphased	1.02697943082558	1.02697943082558	1
1	65157010	65157011	50	18	3	2	1	1	NA	NA	NA	unphased	1.62217194570136	0.811085972850679	2
1	79383571	79383572	135	22	3	2	1	1	NA	NA	NA	unphased	0.858729381022375	0.858729381022375	1
1	82416125	82416126	53	7	3	2	1	1	NA	NA	NA	unphased	0.714957264957265	0.714957264957265	1
1	85724261	85724262	157	84	3	2	1	1	NA	NA	NA	unphased	2.13597191190552	1.06798595595276	2
1	86954798	86954799	34	8	3	2	1	1	NA	NA	NA	unphased	1.16727716727717	1.16727716727717	1
1	115124153	115124154	20	9	3	2	1	1	NA	NA	NA	unphased	1.90185676392573	0.950928381962865	2
1	115168228	115168229	93	11	3	2	1	1	NA	NA	NA	unphased	0.648175542406312	0.648175542406312	1
1	152282767	152282768	383	131	3.6	3	2	0.65	1	0	0.35	unphased	1.71477601516512	1.03925819100916	1.65
1	152282768	152282769	385	130	3.6	3	2	0.65	1	0	0.35	unphased	1.69838187702265	1.0293223497107	1.65
1	152648563	152648564	76	44	3.6	3	2	0.65	1	0	0.35	unphased	2.46700854700855	0.930946621512659	2.65
1	156955930	156955931	67	39	3.6	3	2	0.65	1	0	0.35	unphased	2.47547169811321	0.934140263438946	2.65
1	157805821	157805822	167	23	3.6	3	2	0.65	1	0	0.35	unphased	0.8144669365722	0.8144669365722	1
1	158325782	158325783	55	32	3.6	3	2	0.65	1	0	0.35	unphased	2.47474211612143	0.933864949479783	2.65
1	158450370	158450371	67	51	3.6	3	2	0.65	1	0	0.35	unphased	2.90795306388527	1.09734077882463	2.65
1	159683540	159683541	327	88	3.6	3	2	0.65	1	0	0.35	unphased	1.42670373802904	0.864668932138812	1.65
1	175365798	175365799	47	18	3.6	3	2	0.65	1	0	0.35	unphased	1.86319526627219	1.12920925228618	1.65
1	176564172	176564173	61	31	3.6	3	2	0.65	1	0	0.35	unphased	2.26711259754738	0.985701129368426	2.3
1	181725203	181725204	25	8	3.6	3	2	0.65	1	0	0.35	unphased	1.63108003108003	1.63108003108003	1
1	185191095	185191096	264	33	3.6	3	2	0.65	1	0	0.35	unphased	0.747578347578348	1.15012053473592	0.65
1	186158962	186158963	106	12	3.6	3	2	0.65	1	0	0.35	unphased	0.684224250325945	0.684224250325945	1
1	192545460	192545461	65	29	3.6	3	2	0.65	1	0	0.35	unphased	2.07572285870158	0.90248819943547	2.3
1	192547460	192547461	152	72	3.6	3	2	0.65	1	0	0.35	unphased	2.16263736263736	0.940277114190158	2.3
1	197621404	197621405	53	11	3.6	3	2	0.65	1	0	0.35	unphased	1.15641025641026	1.15641025641026	1
1	202245536	202245537	27	15	3.6	3	2	0.65	1	0	0.35	unphased	2.4029304029304	1.04475234910018	2.3
1	216369926	216369927	100	34	3.6	3	2	0.65	1	0	0.35	unphased	1.70715652506697	1.03464031822241	1.65
1	228412409	228412410	24	9	4	2	2	1	NA	NA	NA	unphased	1.94405594405594	0.972027972027972	2
1	236746129	236746130	42	20	4	2	2	1	NA	NA	NA	unphased	2.29942100909843	1.14971050454921	2
1	240656614	240656615	35	7	4	2	2	1	NA	NA	NA	unphased	1.18803418803419	1.18803418803419	1
1	244218617	244218618	102	24	4	2	2	1	NA	NA	NA	unphased	1.35775335775336	1.35775335775336	1
1	247319987	247319988	84	41	4	2	2	1	NA	NA	NA	unphased	2.33805128205128	1.16902564102564	2
1	247614346	247614347	335	106	4	2	2	1	NA	NA	NA	unphased	1.71335542764114	0.856677713820571	2
1	247921652	247921653	20	7	NA	NA	NA	NA	NA	NA	NA	unphased	NA	NA	1
1	248616418	248616419	173	31	NA	NA	NA	NA	NA	NA	NA	unphased	NA	NA	1
10	5781856	5781857	126	18	6	5	1	1	NA	NA	NA	unphased	1.14102564102564	1.14102564102564	1
10	11505454	11505455	159	24	1.24	2	1	0.12	1	0	0.88	unphased	0.572879361076082	0.572879361076082	1
10	16955843	16955844	71	30	1.24	2	1	0.12	1	0	0.88	unphased	1.2974866717441	1.2974866717441	1
10	33135304	33135305	48	7	1.24	2	1	0.12	1	0	0.88	unphased	0.55595337995338	0.55595337995338	1
10	33209283	33209284	49	17	1.24	2	1	0.12	1	0	0.88	unphased	1.12514374514374	1.12514374514374	1
10	48414121	48414122	28	5	1.24	2	1	0.12	1	0	0.88	unphased	0.661849261849262	0.661849261849262	1
10	48416439	48416440	45	7	1.24	2	1	0.12	1	0	0.88	unphased	0.588027613412229	0.588027613412229	1
10	64968212	64968213	210	29	1.24	2	1	0.12	1	0	0.88	unphased	0.530033258234095	0.530033258234095	1
10	74899484	74899485	169	75	1.24	2	1	0.12	1	0	0.88	unphased	1.34268600252207	1.19882678796613	1.12
10	75029451	75029452	38	6	1.24	2	1	0.12	1	0	0.88	unphased	0.595664335664336	0.595664335664336	1
10	85904648	85904649	92	9	1.24	2	1	0.12	1	0	0.88	unphased	0.389246001523229	0.389246001523229	1
10	87407153	87407154	107	19	1.24	2	1	0.12	1	0	0.88	unphased	0.658697598697599	0.658697598697599	1
10	87407154	87407155	106	19	1.24	2	1	0.12	1	0	0.88	unphased	0.66396717948718	0.66396717948718	1
10	91497558	91497559	52	5	1.24	2	1	0.12	1	0	0.88	unphased	0.383175888439046	0.383175888439046	1
10	93788544	93788545	43	4	1.24	2	1	0.12	1	0	0.88	unphased	0.371762138570649	0.371762138570649	1
10	98192669	98192670	45	13	1.24	2	1	0.12	1	0	0.88	unphased	0.979080459770115	0.979080459770115	1
10	98192670	98192671	43	13	1.24	2	1	0.12	1	0	0.88	unphased	1.01404761904762	1.01404761904762	1
10	100995341	100995342	117	15	1.24	2	1	0.12	1	0	0.88	unphased	0.496386946386946	0.496386946386946	1
10	104404672	104404673	5	4	1.24	2	1	0.12	1	0	0.88	unphased	1.9414245014245	1.9414245014245	1
10	115971636	115971637	125	19	1.24	2	1	0.12	1	0	0.88	unphased	0.576360398860399	0.576360398860399	1
10	116608454	116608455	30	4	1.24	2	1	0.12	1	0	0.88	unphased	0.513906485671192	0.513906485671192	1
10	129906386	129906387	56	19	1.24	2	1	0.12	1	0	0.88	unphased	1.10661196581197	1.10661196581197	1
11	284493	284494	14	12	NA	NA	NA	NA	NA	NA	NA	unphased	NA	NA	1
11	6048492	6048493	43	6	3	3	0	1	NA	NA	NA	unphased	0.750392464678179	0.750392464678179	1
11	6236054	6236055	20	5	3	3	0	1	NA	NA	NA	unphased	1.22564102564103	1.22564102564103	1
11	8496462	8496463	68	67	3	3	0	1	NA	NA	NA	unphased	3.04140550807217	1.01380183602406	3
11	21555956	21555957	48	27	3	3	0	1	NA	NA	NA	unphased	2.20615384615385	1.10307692307692	2
11	43364036	43364037	38	7	3	3	0	1	NA	NA	NA	unphased	0.953276353276353	0.953276353276353	1
11	47726213	47726214	84	17	3	3	0	1	NA	NA	NA	unphased	1.03148007108403	1.03148007108403	1
11	48511030	48511031	98	43	3	3	0	1	NA	NA	NA	unphased	1.86888525186397	0.934442625931987	2
11	56128007	56128008	123	13	3	3	0	1	NA	NA	NA	unphased	0.58578431372549	0.58578431372549	1
11	57886683	57886684	17	23	3	3	0	1	NA	NA	NA	unphased	3.52371794871795	1.17457264957265	3
11	59814631	59814632	14	16	3	3	0	1	NA	NA	NA	unphased	3.26837606837607	1.08945868945869	3
11	60184262	60184263	22	4	3	3	0	1	NA	NA	NA	unphased	0.942800788954635	0.942800788954635	1
11	67269492	67269493	16	5	3	3	0	1	NA	NA	NA	unphased	1.45909645909646	1.45909645909646	1
11	75438533	75438534	21	41	5	5	0	1	NA	NA	NA	unphased	5.37510339123242	1.07502067824648	5
11	75438534	75438535	21	43	5	5	0	1	NA	NA	NA	unphased	5.46113782051282	1.09222756410256	5
11	82625778	82625779	16	27	5	5	0	1	NA	NA	NA	unphased	5.10375670840787	1.02075134168157	5
11	92495098	92495099	193	15	5	5	0	1	NA	NA	NA	unphased	0.586168639053254	0.586168639053254	1
11	93837764	93837765	90	10	5	5	0	1	NA	NA	NA	unphased	0.812820512820513	0.812820512820513	1
11	93839280	93839281	53	55	5	5	0	1	NA	NA	NA	unphased	4.13936372269706	1.03484093067426	4
11	116692348	116692349	6	15	5	5	0	1	NA	NA	NA	unphased	5.80586080586081	1.16117216117216	5
11	118425704	118425705	77	25	5	5	0	1	NA	NA	NA	unphased	1.99220713926596	0.996103569632981	2
11	119508808	119508809	14	7	5	5	0	1	NA	NA	NA	unphased	2.70940170940171	0.903133903133903	3
11	123847593	123847594	76	9	5	5	0	1	NA	NA	NA	unphased	0.860633484162896	0.860633484162896	1
11	124756395	124756396	19	31	5	5	0	1	NA	NA	NA	unphased	5.03948717948718	1.00789743589744	5
11	132290113	132290114	25	31	5	5	0	1	NA	NA	NA	unphased	4.49954212454212	0.899908424908425	5
12	3040342	3040343	87	18	2.35	2	2	0.45	1	0	0.55	unphased	0.939120879120879	0.939120879120879	1
12	5672644	5672645	32	11	2.35	2	2	0.45	1	0	0.55	unphased	1.40140131186643	1.40140131186643	1
12	6182794	6182795	56	9	2.35	2	2	0.45	1	0	0.55	unphased	0.758520710059172	0.758520710059172	1
12	9243990	9243991	84	4	2.35	2	2	0.45	1	0	0.55	unphased	0.249009324009324	0.553354053354053	0.45
12	9317928	9317929	48	13	2.35	2	2	0.45	1	0	0.55	unphased	1.16748633879781	1.16748633879781	1
12	10150959	10150960	36	22	2.35	2	2	0.45	1	0	0.55	unphased	2.07793987621574	1.43306198359706	1.45
12	13215866	13215867	265	45	2.24	2	1	0.24	1	1	0.76	unphased	0.779255583126551	0.779255583126551	1
12	18234172	18234173	44	10	2.24	2	1	0.24	1	1	0.76	unphased	0.994112060778727	0.994112060778727	1
12	21011411	21011412	44	4	2.24	2	1	0.24	1	1	0.76	unphased	0.447350427350427	0.447350427350427	1
12	39751209	39751210	61	36	1.02	2	1	0.01	0	1	0.99	unphased	1.53954004758128	1.52429707681315	1.01
12	45567457	45567458	94	54	1.02	2	1	0.01	0	1	0.99	unphased	1.5135343035343	1.4985488153805	1.01
12	49170958	49170959	97	28	1.02	2	1	0.01	0	1	0.99	unphased	0.929197948717949	0.929197948717949	1
12	49170959	49170960	97	28	1.02	2	1	0.01	0	1	0.99	unphased	0.929197948717949	0.929197948717949	1
12	52685240	52685241	8	6	2.5	2	2	0.25	1	1	0.75	unphased	2.41208791208791	1.92967032967033	1.25
12	56865308	56865309	21	14	2.5	2	2	0.25	1	1	0.75	unphased	2.25128205128205	1.80102564102564	1.25
12	67691559	67691560	46	6	3	2	1	1	NA	NA	NA	unphased	0.707100591715976	0.707100591715976	1
12	69084441	69084442	55	22	4	3	1	1	NA	NA	NA	unphased	2.03663003663004	1.01831501831502	2
12	76788491	76788492	27	10	4	3	1	1	NA	NA	NA	unphased	1.92654192654193	0.963270963270963	2
12	97328823	97328824	150	10	4	3	1	1	NA	NA	NA	unphased	0.445512820512821	0.445512820512821	1
12	100796514	100796515	16	13	4	3	1	1	NA	NA	NA	unphased	3.19540229885057	1.06513409961686	3
12	104492249	104492250	74	40	4	3	1	1	NA	NA	NA	unphased	2.50112460638776	0.833708202129255	3
12	111785686	111785687	62	33	4	3	1	1	NA	NA	NA	unphased	2.47611336032389	0.825371120107962	3
12	112186167	112186168	68	10	4	3	1	1	NA	NA	NA	unphased	0.913872452333991	0.913872452333991	1
12	113416335	113416336	8	3	4	3	1	1	NA	NA	NA	unphased	1.94405594405594	1.94405594405594	1
12	113436105	113436106	86	68	4	3	1	1	NA	NA	NA	unphased	3.14751914751915	1.04917304917305	3
12	113552716	113552717	137	10	4	3	1	1	NA	NA	NA	unphased	0.484911913483342	0.484911913483342	1
12	117426643	117426644	95	20	4	3	1	1	NA	NA	NA	unphased	1.2396878483835	1.2396878483835	1
12	125509730	125509731	81	13	4	3	1	1	NA	NA	NA	unphased	0.98581560283688	0.98581560283688	1
12	133420621	133420622	19	6	NA	NA	NA	NA	NA	NA	NA	unphased	NA	NA	1
13	32937422	32937423	92	16	2	1	1	1	NA	NA	NA	unphased	0.759734093067426	0.759734093067426	1
13	38320278	38320279	49	11	2	1	1	1	NA	NA	NA	unphased	0.94017094017094	0.94017094017094	1
13	53036057	53036058	31	9	2	1	1	1	NA	NA	NA	unphased	1.15384615384615	1.15384615384615	1
13	53418801	53418802	83	11	2	1	1	1	NA	NA	NA	unphased	0.600109110747409	0.600109110747409	1
13	101320950	101320951	43	10	3	2	1	1	NA	NA	NA	unphased	1.15626511852927	1.15626511852927	1
14	22265803	22265804	121	18	3	2	1	1	NA	NA	NA	unphased	0.793580520199225	0.793580520199225	1
14	25044511	25044512	56	7	3	2	1	1	NA	NA	NA	unphased	0.680911680911681	0.680911680911681	1
14	28734322	28734323	35	3	3	2	1	1	NA	NA	NA	unphased	0.483805668016194	0.483805668016194	1
14	34396239	34396240	54	6	3	2	1	1	NA	NA	NA	unphased	0.612820512820513	0.612820512820513	1
14	65271708	65271709	58	16	3	2	1	1	NA	NA	NA	unphased	1.32501732501732	1.32501732501732	1
14	77275723	77275724	19	6	2	1	1	1	NA	NA	NA	unphased	1.23076923076923	1.23076923076923	1
14	77942013	77942014	31	11	2	1	1	1	NA	NA	NA	unphased	1.34310134310134	1.34310134310134	1
14	80997209	80997210	57	6	2	1	1	1	NA	NA	NA	unphased	0.488400488400488	0.488400488400488	1
14	93408240	93408241	8	9	3	2	1	1	NA	NA	NA	unphased	3.24434389140271	1.62217194570136	2
14	100803402	100803403	104	15	3	2	1	1	NA	NA	NA	unphased	0.772462831286361	0.772462831286361	1
14	105410285	105410286	134	42	2	1	1	1	NA	NA	NA	unphased	1.22377622377622	1.22377622377622	1
14	106967292	106967293	45	5	NA	NA	NA	NA	NA	NA	NA	unphased	NA	NA	1
14	107211242	107211243	37	9	NA	NA	NA	NA	NA	NA	NA	unphased	NA	NA	1
15	23006180	23006181	50	6	NA	NA	NA	NA	NA	NA	NA	unphased	NA	NA	1
15	25296702	25296703	88	18	3	2	1	1	NA	NA	NA	unphased	1.04063860667634	1.04063860667634	1
15	26812849	26812850	53	6	3	2	1	1	NA	NA	NA	unphased	0.623207301173403	0.623207301173403	1
15	28196980	28196981	33	9	3	2	1	1	NA	NA	NA	unphased	1.31318681318681	1.31318681318681	1
15	28422208	28422209	38	7	3	2	1	1	NA	NA	NA	unphased	0.953276353276353	0.953276353276353	1
15	33603290	33603291	15	8	3	2	1	1	NA	NA	NA	unphased	2.13154960981048	1.06577480490524	2
15	49426280	49426281	52	13	3	2	1	1	NA	NA	NA	unphased	1.22564102564103	1.22564102564103	1
15	51507396	51507397	85	10	3	2	1	1	NA	NA	NA	unphased	0.645074224021592	0.645074224021592	1
15	51755681	51755682	107	18	3	2	1	1	NA	NA	NA	unphased	0.882461538461538	0.882461538461538	1
15	66727440	66727441	111	47	3	2	1	1	NA	NA	NA	unphased	1.82294709509899	0.911473547549497	2
15	66850108	66850109	76	37	3	2	1	1	NA	NA	NA	unphased	2.00658044020876	1.00329022010438	2
15	75815559	75815560	33	10	3	2	1	1	NA	NA	NA	unphased	1.42516398330352	1.42516398330352	1
15	75981626	75981627	20	6	3	2	1	1	NA	NA	NA	unphased	1.41420118343195	1.41420118343195	1
15	77087628	77087629	110	17	3	2	1	1	NA	NA	NA	unphased	0.820310922673127	0.820310922673127	1
15	88483958	88483959	108	14	3	2	1	1	NA	NA	NA	unphased	0.703236654056326	0.703236654056326	1
15	89392758	89392759	11	4	3	2	1	1	NA	NA	NA	unphased	1.63418803418803	1.63418803418803	1
16	816696	816697	45	21	1.22	2	1	0.11	0	1	0.89	unphased	1.38351981351981	1.38351981351981	1
16	3614681	3614682	8	5	1.22	2	1	0.11	0	1	0.89	unphased	1.6723865877712	1.6723865877712	1
16	30510691	30510692	84	24	4	2	2	1	NA	NA	NA	unphased	1.58404558404558	0.792022792022792	2
16	30581632	30581633	35	6	4	2	2	1	NA	NA	NA	unphased	1.04315196998124	1.04315196998124	1
16	31439055	31439056	7	4	4	2	2	1	NA	NA	NA	unphased	2.59207459207459	1.2960372960373	2
16	31504878	31504879	23	3	4	2	2	1	NA	NA	NA	unphased	0.822485207100592	0.822485207100592	1
16	49660111	49660112	169	42	4	2	2	1	NA	NA	NA	unphased	1.41888443310244	0.709442216551221	2
16	49670743	49670744	30	7	4	2	2	1	NA	NA	NA	unphased	1.34857934857935	1.34857934857935	1
16	50642219	50642220	98	21	4	2	2	1	NA	NA	NA	unphased	1.2579185520362	1.2579185520362	1
16	53341596	53341597	9	4	4	2	2	1	NA	NA	NA	unphased	2.19329388560158	2.19329388560158	1
16	68224794	68224795	71	21	4	2	2	1	NA	NA	NA	unphased	1.62709030100334	0.813545150501672	2
16	70605713	70605714	41	9	4	2	2	1	NA	NA	NA	unphased	1.28307692307692	1.28307692307692	1
16	70605714	70605715	41	9	4	2	2	1	NA	NA	NA	unphased	1.28307692307692	1.28307692307692	1
16	71509359	71509360	66	11	4	2	2	1	NA	NA	NA	unphased	1.01831501831502	1.01831501831502	1
16	72164248	72164249	23	5	4	2	2	1	NA	NA	NA	unphased	1.27289377289377	1.27289377289377	1
16	77356284	77356285	147	14	4	2	2	1	NA	NA	NA	unphased	0.61984392419175	0.61984392419175	1
16	81232458	81232459	97	40	4	2	2	1	NA	NA	NA	unphased	2.08122777465843	1.04061388732922	2
16	84050276	84050277	44	13	2.3	2	2	0.15	1	1	0.85	unphased	1.23801169590643	1.23801169590643	1
16	84050765	84050766	25	4	2.3	2	2	0.15	1	1	0.85	unphased	0.748717948717949	0.748717948717949	1
16	86582140	86582141	99	28	2.3	2	2	0.15	1	1	0.85	unphased	1.19676963456491	1.19676963456491	1
16	87636699	87636700	25	6	2.3	2	2	0.15	1	1	0.85	unphased	1.05062034739454	1.05062034739454	1
16	88951654	88951655	11	6	2.3	2	2	0.15	1	1	0.85	unphased	1.9158371040724	1.9158371040724	1
17	6330264	6330265	54	53	3	3	0	1	NA	NA	NA	unphased	3.03546609154086	1.01182203051362	3
17	8706496	8706497	6	10	3	3	0	1	NA	NA	NA	unphased	3.8301282051282	1.2767094017094	3
17	9578298	9578299	98	83	3	3	0	1	NA	NA	NA	unphased	2.81017141238136	0.936723804127119	3
17	10366241	10366242	41	41	3	3	0	1	NA	NA	NA	unphased	3.06410256410256	1.02136752136752	3
17	10417164	10417165	31	30	3	3	0	1	NA	NA	NA	unphased	3.01387137452711	1.00462379150904	3
17	10446450	10446451	108	22	3	3	0	1	NA	NA	NA	unphased	1.0370808678501	1.0370808678501	1
17	10447282	10447283	82	12	3	3	0	1	NA	NA	NA	unphased	0.782324058919803	0.782324058919803	1
17	10535311	10535312	21	22	3	3	0	1	NA	NA	NA	unphased	3.13536076326774	1.04512025442258	3
17	29663444	29663445	63	16	2.34	2	2	0.17	1	1	0.83	unphased	1.10748458292762	1.10748458292762	1
17	39150335	39150336	92	31	2.34	2	2	0.17	1	1	0.83	unphased	1.37816552011674	1.17791924796303	1.17
17	41297022	41297023	6	2	2.34	2	2	0.17	1	1	0.83	unphased	1.36705128205128	1.36705128205128	1
17	45886817	45886818	30	11	2.34	2	2	0.17	1	1	0.83	unphased	1.4670794246404	1.4670794246404	1
17	56277624	56277625	63	14	4	2	2	1	NA	NA	NA	unphased	1.2960372960373	1.2960372960373	1
17	58946044	58946045	37	10	4	2	2	1	NA	NA	NA	unphased	1.51663938897981	1.51663938897981	1
17	59668524	59668525	28	12	4	2	2	1	NA	NA	NA	unphased	2.13846153846154	1.06923076923077	2
17	68172047	68172048	71	8	4	2	2	1	NA	NA	NA	unphased	0.721843557286595	0.721843557286595	1
17	74289960	74289961	51	8	4	2	2	1	NA	NA	NA	unphased	0.966536288570187	0.966536288570187	1
17	80274795	80274796	32	8	2.4	2	2	0.2	1	1	0.8	unphased	1.10564102564103	1.10564102564103	1
18	348116	348117	71	26	2.44	2	2	0.22	1	1	0.78	unphased	1.49250859106529	1.2233676975945	1.22
18	13049429	13049430	82	18	2.44	2	2	0.22	1	1	0.78	unphased	1.00227692307692	1.00227692307692	1
18	14184152	14184153	42	10	2.44	2	2	0.22	1	1	0.78	unphased	1.07080867850099	1.07080867850099	1
18	22804889	22804890	39	13	2.44	2	2	0.22	1	1	0.78	unphased	1.39205128205128	1.39205128205128	1
18	22806794	22806795	51	9	2.44	2	2	0.22	1	1	0.78	unphased	0.835230769230769	0.835230769230769	1
18	25543367	25543368	24	9	2.44	2	2	0.22	1	1	0.78	unphased	1.5186013986014	1.5186013986014	1
18	28979266	28979267	97	26	2.76	2	2	0.38	1	1	0.62	unphased	1.24466124661247	1.24466124661247	1
18	30803129	30803130	47	9	2.76	2	2	0.38	1	1	0.62	unphased	0.946318681318681	0.946318681318681	1
18	64172378	64172379	198	76	2.76	2	2	0.38	1	1	0.62	unphased	1.63322478008609	1.18349621745369	1.38
19	362113	362114	5	5	2	2	0	1	NA	NA	NA	unphased	2.56410256410256	1.28205128205128	2
19	9024487	9024488	18	12	2	2	0	1	NA	NA	NA	unphased	2.05128205128205	1.02564102564103	2
19	9059193	9059194	57	36	2	2	0	1	NA	NA	NA	unphased	1.98511166253102	0.992555831265509	2
19	10610098	10610099	3	5	2	2	0	1	NA	NA	NA	unphased	3.2051282051282	1.6025641025641	2
19	12384273	12384274	56	26	2	2	0	1	NA	NA	NA	unphased	1.6260162601626	0.813008130081301	2
19	15198002	15198003	27	3	2	2	0	1	NA	NA	NA	unphased	0.512820512820513	0.512820512820513	1
19	17988584	17988585	54	29	3	3	0	1	NA	NA	NA	unphased	2.14118010503553	1.07059005251776	2
19	22362964	22362965	52	17	NA	NA	NA	NA	NA	NA	NA	unphased	NA	NA	1
19	22575567	22575568	13	5	2	2	0	1	NA	NA	NA	unphased	1.42450142450142	1.42450142450142	1
19	23545220	23545221	45	12	4	2	2	1	NA	NA	NA	unphased	1.50067476383266	1.50067476383266	1
19	31040343	31040344	54	6	4	2	2	1	NA	NA	NA	unphased	0.712820512820513	0.712820512820513	1
19	33350772	33350773	45	4	4	2	2	1	NA	NA	NA	unphased	0.58189429618001	0.58189429618001	1
19	35791290	35791291	19	8	4	2	2	1	NA	NA	NA	unphased	2.11206077872745	1.05603038936372	2
19	36380867	36380868	39	12	4	2	2	1	NA	NA	NA	unphased	1.67722473604827	0.838612368024133	2
19	38126042	38126043	78	16	4	2	2	1	NA	NA	NA	unphased	1.21331151118385	1.21331151118385	1
19	38858711	38858712	56	30	4	2	2	1	NA	NA	NA	unphased	2.4865831842576	1.2432915921288	2
19	41235227	41235228	22	10	4	2	2	1	NA	NA	NA	unphased	2.2275641025641	1.11378205128205	2
19	42563597	42563598	61	28	4	2	2	1	NA	NA	NA	unphased	2.2425813886488	1.1212906943244	2
19	42728896	42728897	51	8	4	2	2	1	NA	NA	NA	unphased	0.966536288570187	0.966536288570187	1
19	44251913	44251914	29	9	4	2	2	1	NA	NA	NA	unphased	1.68825910931174	1.68825910931174	1
19	46825040	46825041	78	26	3	2	1	1	NA	NA	NA	unphased	1.53205128205128	0.766025641025641	2
19	47127081	47127082	5	9	3	2	1	1	NA	NA	NA	unphased	3.93956043956044	1.96978021978022	2
19	48608687	48608688	94	18	3	2	1	1	NA	NA	NA	unphased	0.98489010989011	0.98489010989011	1
19	49540075	49540076	9	5	4	2	2	1	NA	NA	NA	unphased	2.54578754578755	1.27289377289377	2
19	49657098	49657099	117	37	4	2	2	1	NA	NA	NA	unphased	1.71262071262071	0.856310356310356	2
19	49797774	49797775	71	40	4	2	2	1	NA	NA	NA	unphased	2.56872256872257	1.28436128436128	2
19	53007906	53007907	137	37	4	2	2	1	NA	NA	NA	unphased	1.51576775714707	0.757883878573534	2
19	54646690	54646691	51	8	4	2	2	1	NA	NA	NA	unphased	0.966536288570187	0.966536288570187	1
19	54745583	54745584	35	12	4	2	2	1	NA	NA	NA	unphased	1.81996726677578	0.909983633387889	2
19	55401175	55401176	128	45	4	2	2	1	NA	NA	NA	unphased	1.85415740329035	0.927078701645176	2
19	56104096	56104097	25	16	4	2	2	1	NA	NA	NA	unphased	2.78173858661664	1.39086929330832	2
19	56172459	56172460	42	16	4	2	2	1	NA	NA	NA	unphased	1.96640141467728	0.983200707338638	2
19	56701550	56701551	33	11	4	2	2	1	NA	NA	NA	unphased	1.78205128205128	0.891025641025641	2
19	56701904	56701905	116	13	4	2	2	1	NA	NA	NA	unphased	0.718346253229974	0.718346253229974	1
19	57642635	57642636	40	14	4	2	2	1	NA	NA	NA	unphased	1.84805318138651	0.924026590693257	2
19	58565341	58565342	9	4	4	2	2	1	NA	NA	NA	unphased	2.19329388560158	2.19329388560158	1
2	1653009	1653010	8	5	1.36	2	2	0.12	1	0	0.88	unphased	1.72623274161736	1.72623274161736	1
2	3200659	3200660	4	12	1.36	2	2	0.12	1	0	0.88	unphased	3.36615384615385	3.00549450549451	1.12
2	26652527	26652528	57	41	2	2	0	1	NA	NA	NA	unphased	2.145473574045	1.0727367870225	2
2	48034054	48034055	28	15	2	2	0	1	NA	NA	NA	unphased	1.78890876565295	0.894454382826476	2
2	48873797	48873798	50	26	2	2	0	1	NA	NA	NA	unphased	1.75438596491228	0.87719298245614	2
2	96260874	96260875	33	7	4	2	2	1	NA	NA	NA	unphased	1.2474358974359	1.2474358974359	1
2	98195477	98195478	30	4	4	2	2	1	NA	NA	NA	unphased	0.838612368024133	0.838612368024133	1
2	98887213	98887214	158	73	4	2	2	1	NA	NA	NA	unphased	2.25263625263625	1.12631812631813	2
2	99012550	99012551	68	10	4	2	2	1	NA	NA	NA	unphased	0.913872452333991	0.913872452333991	1
2	99185058	99185059	13	5	4	2	2	1	NA	NA	NA	unphased	1.98005698005698	1.98005698005698	1
2	112755052	112755053	36	20	4	2	2	1	NA	NA	NA	unphased	2.54578754578755	1.27289377289377	2
2	113316940	113316941	195	73	4	2	2	1	NA	NA	NA	unphased	1.94163796402602	0.970818982013012	2
2	119604044	119604045	8	3	4	2	2	1	NA	NA	NA	unphased	1.94405594405594	1.94405594405594	1
2	125204513	125204514	31	18	4	2	2	1	NA	NA	NA	unphased	2.61852433281005	1.30926216640502	2
2	131356255	131356256	87	23	4	2	2	1	NA	NA	NA	unphased	1.49044289044289	0.745221445221445	2
2	131486928	131486929	30	11	4	2	2	1	NA	NA	NA	unphased	1.91244527829894	0.956222639149469	2
2	150327361	150327362	81	28	4	2	2	1	NA	NA	NA	unphased	1.83109856504352	0.91554928252176	2
2	155711697	155711698	53	21	4	2	2	1	NA	NA	NA	unphased	2.02286902286902	1.01143451143451	2
2	159195538	159195539	79	34	4	2	2	1	NA	NA	NA	unphased	2.14476968459269	1.07238484229635	2
2	165970388	165970389	107	46	4	2	2	1	NA	NA	NA	unphased	2.14312049606167	1.07156024803084	2
2	166898801	166898802	87	32	4	2	2	1	NA	NA	NA	unphased	1.91682826976945	0.958414134884723	2
2	170145560	170145561	64	20	4	2	2	1	NA	NA	NA	unphased	1.6971916971917	0.848595848595849	2
2	175436880	175436881	44	21	4	2	2	1	NA	NA	NA	unphased	2.30295857988166	1.15147928994083	2
2	176948096	176948097	7	8	4	2	2	1	NA	NA	NA	unphased	3.8017094017094	1.9008547008547	2
2	179458825	179458826	78	26	4	2	2	1	NA	NA	NA	unphased	1.78205128205128	0.891025641025641	2
2	179466636	179466637	54	9	4	2	2	1	NA	NA	NA	unphased	1.01831501831502	1.01831501831502	1
2	179614226	179614227	74	25	4	2	2	1	NA	NA	NA	unphased	1.8000518000518	0.9000259000259	2
2	186673584	186673585	84	9	4	2	2	1	NA	NA	NA	unphased	0.689826302729528	0.689826302729528	1
2	189868726	189868727	16	7	4	2	2	1	NA	NA	NA	unphased	2.16945373467113	1.08472686733556	2
2	189876398	189876399	72	27	4	2	2	1	NA	NA	NA	unphased	1.94405594405594	0.972027972027972	2
2	202899688	202899689	54	17	4	2	2	1	NA	NA	NA	unphased	1.70675334055616	0.853376670278079	2
2	204259512	204259513	121	43	4	2	2	1	NA	NA	NA	unphased	1.86898061288305	0.934490306441526	2
2	209165671	209165672	97	12	4	2	2	1	NA	NA	NA	unphased	0.784756527875794	0.784756527875794	1
2	233274339	233274340	14	3	4	2	2	1	NA	NA	NA	unphased	1.2579185520362	1.2579185520362	1
2	233391240	233391241	66	11	4	2	2	1	NA	NA	NA	unphased	1.01831501831502	1.01831501831502	1
20	368839	368840	69	22	NA	NA	NA	NA	NA	NA	NA	unphased	NA	NA	1
20	1456685	1456686	6	5	3	2	1	1	NA	NA	NA	unphased	2.78554778554778	1.39277389277389	2
20	7921090	7921091	68	9	3	2	1	1	NA	NA	NA	unphased	0.716283716283716	0.716283716283716	1
20	7963091	7963092	46	10	3	2	1	1	NA	NA	NA	unphased	1.09432234432234	1.09432234432234	1
20	31291086	31291087	19	5	2.16	3	2	0.29	1	0	0.71	unphased	1.1017094017094	1.1017094017094	1
20	37005410	37005411	21	10	1.3	2	2	0.1	0	1	0.9	unphased	1.42845326716294	1.42845326716294	1
20	57768084	57768085	11	6	2.41	2	1	0.41	1	1	0.59	unphased	1.95466063348416	1.95466063348416	1
20	57829481	57829482	56	11	2.41	2	1	0.41	1	1	0.59	unphased	0.909257558362036	0.909257558362036	1
20	60584200	60584201	41	23	2.41	2	1	0.41	1	1	0.59	unphased	1.99029246794872	1.4115549418076	1.41
20	62340382	62340383	88	32	NA	NA	NA	NA	NA	NA	NA	unphased	NA	NA	1
21	10944749	10944750	111	10	NA	NA	NA	NA	NA	NA	NA	unphased	NA	NA	1
21	19165869	19165870	32	4	3	2	1	1	NA	NA	NA	unphased	0.680911680911681	0.680911680911681	1
21	22849785	22849786	61	14	3	2	1	1	NA	NA	NA	unphased	1.14393162393162	1.14393162393162	1
21	31744438	31744439	52	23	3	2	1	1	NA	NA	NA	unphased	1.87931623931624	0.939658119658119	2
22	23114826	23114827	20	4	2.52	2	2	0.26	1	1	0.74	unphased	0.941367521367521	0.941367521367521	1
22	26194046	26194047	27	10	2.52	2	2	0.26	1	1	0.74	unphased	1.52654192654193	1.52654192654193	1
22	31522948	31522949	7	4	2.5	2	2	0.25	1	1	0.75	unphased	2.04662004662005	2.04662004662005	1
22	42174739	42174740	9	3	2.5	2	2	0.25	1	1	0.75	unphased	1.40705128205128	1.40705128205128	1
22	46615709	46615710	56	9	2.5	2	2	0.25	1	1	0.75	unphased	0.779289940828402	0.779289940828402	1
22	50572450	50572451	62	9	NA	NA	NA	NA	NA	NA	NA	unphased	NA	NA	1
3	14552930	14552931	31	12	2	2	0	1	NA	NA	NA	unphased	1.43112701252236	1.43112701252236	1
3	28555551	28555552	10	5	2	2	0	1	NA	NA	NA	unphased	1.70940170940171	1.70940170940171	1
3	39174561	39174562	32	8	2	2	0	1	NA	NA	NA	unphased	1.02564102564103	1.02564102564103	1
3	46542439	46542440	14	5	2	2	0	1	NA	NA	NA	unphased	1.34952766531714	1.34952766531714	1
3	141163938	141163939	17	3	2	2	0	1	NA	NA	NA	unphased	0.769230769230769	0.769230769230769	1
3	167246861	167246862	33	13	2	2	0	1	NA	NA	NA	unphased	1.44927536231884	1.44927536231884	1
3	169646343	169646344	93	47	2	2	0	1	NA	NA	NA	unphased	1.72161172161172	0.860805860805861	2
3	183994287	183994288	7	6	2	2	0	1	NA	NA	NA	unphased	2.36686390532544	1.18343195266272	2
3	184800746	184800747	53	35	2	2	0	1	NA	NA	NA	unphased	2.03962703962704	1.01981351981352	2
4	56212670	56212671	8	3	2	2	0	1	NA	NA	NA	unphased	1.3986013986014	1.3986013986014	1
4	77288727	77288728	53	9	2	2	0	1	NA	NA	NA	unphased	0.744416873449132	0.744416873449132	1
4	88959553	88959554	27	19	2	2	0	1	NA	NA	NA	unphased	2.11817168338907	1.05908584169454	2
4	129867261	129867262	24	14	2	2	0	1	NA	NA	NA	unphased	1.88933873144399	0.944669365721997	2
4	155720236	155720237	28	12	2	2	0	1	NA	NA	NA	unphased	1.53846153846154	1.53846153846154	1
4	170384540	170384541	31	31	2	2	0	1	NA	NA	NA	unphased	2.56410256410256	1.28205128205128	2
5	1201768	1201769	15	3	4	2	2	1	NA	NA	NA	unphased	1.18803418803419	1.18803418803419	1
5	14507305	14507306	23	11	4	2	2	1	NA	NA	NA	unphased	2.30618401206637	1.15309200603318	2
5	35068323	35068324	169	12	2.5	4	2	0.3	1	0	0.7	unphased	0.373140671483213	1.24380223827738	0.3
5	39390614	39390615	63	24	1.51	2	2	0.17	1	0	0.83	unphased	1.27950486295314	1.27950486295314	1
5	42718831	42718832	70	11	1.51	2	2	0.17	1	0	0.83	unphased	0.629879708768598	0.629879708768598	1
5	74652175	74652176	49	20	2	2	0	1	NA	NA	NA	unphased	1.48643626904496	0.743218134522482	2
5	112927871	112927872	14	15	2	2	0	1	NA	NA	NA	unphased	2.6525198938992	1.3262599469496	2
5	127641203	127641204	28	16	2	2	0	1	NA	NA	NA	unphased	1.86480186480186	0.932400932400932	2
5	137593572	137593573	17	4	2	2	0	1	NA	NA	NA	unphased	0.976800976800977	0.976800976800977	1
5	140175014	140175015	33	28	2	2	0	1	NA	NA	NA	unphased	2.35393022278268	1.17696511139134	2
5	140474662	140474663	31	15	2	2	0	1	NA	NA	NA	unphased	1.67224080267559	0.836120401337793	2
5	140589645	140589646	21	6	2	2	0	1	NA	NA	NA	unphased	1.13960113960114	1.13960113960114	1
5	140589973	140589974	39	15	2	2	0	1	NA	NA	NA	unphased	1.42450142450142	1.42450142450142	1
5	140753948	140753949	46	13	2	2	0	1	NA	NA	NA	unphased	1.12994350282486	1.12994350282486	1
5	156679712	156679713	27	18	2	2	0	1	NA	NA	NA	unphased	2.05128205128205	1.02564102564103	2
5	169673104	169673105	29	6	1	1	0	1	NA	NA	NA	unphased	0.707692307692308	0.707692307692308	1
5	169680124	169680125	12	3	1	1	0	1	NA	NA	NA	unphased	0.825641025641026	0.825641025641026	1
5	176820728	176820729	23	3	1	1	0	1	NA	NA	NA	unphased	0.476331360946746	0.476331360946746	1
6	7393346	7393347	53	14	3	2	1	1	NA	NA	NA	unphased	1.28052047455032	1.28052047455032	1
6	15496942	15496943	31	3	3	2	1	1	NA	NA	NA	unphased	0.540723981900452	0.540723981900452	1
6	17539604	17539605	79	27	3	2	1	1	NA	NA	NA	unphased	1.56095791001451	0.780478955007257	2
6	26448953	26448954	110	36	2	1	1	1	NA	NA	NA	unphased	1.26448893572181	1.26448893572181	1
6	29408194	29408195	51	9	2	1	1	1	NA	NA	NA	unphased	0.769230769230769	0.769230769230769	1
6	29430206	29430207	99	12	2	1	1	1	NA	NA	NA	unphased	0.554400554400554	0.554400554400554	1
6	47682319	47682320	117	24	2	1	1	1	NA	NA	NA	unphased	0.872885979268958	0.872885979268958	1
6	50683134	50683135	39	14	2	1	1	1	NA	NA	NA	unphased	1.35462022254475	1.35462022254475	1
6	50696701	50696702	60	6	2	1	1	1	NA	NA	NA	unphased	0.466200466200466	0.466200466200466	1
6	55406913	55406914	28	9	2	1	1	1	NA	NA	NA	unphased	1.24740124740125	1.24740124740125	1
6	70890389	70890390	66	30	3	2	1	1	NA	NA	NA	unphased	1.9150641025641	0.957532051282051	2
6	74183110	74183111	42	25	3	2	1	1	NA	NA	NA	unphased	2.28664370455415	1.14332185227708	2
6	76405595	76405596	95	16	3	2	1	1	NA	NA	NA	unphased	0.883344883344883	0.883344883344883	1
6	88123580	88123581	59	16	3	2	1	1	NA	NA	NA	unphased	1.30735042735043	1.30735042735043	1
6	89871552	89871553	76	29	3	2	1	1	NA	NA	NA	unphased	1.69255189255189	0.846275946275946	2
6	116441291	116441292	70	13	2	1	1	1	NA	NA	NA	unphased	0.803212851405622	0.803212851405622	1
6	136599089	136599090	93	19	2	1	1	1	NA	NA	NA	unphased	0.86996336996337	0.86996336996337	1
6	146350652	146350653	65	21	3	2	1	1	NA	NA	NA	unphased	1.49642218246869	0.748211091234347	2
6	155458397	155458398	71	11	3	2	1	1	NA	NA	NA	unphased	0.822076297686054	0.822076297686054	1
6	160499256	160499257	92	9	3	2	1	1	NA	NA	NA	unphased	0.546077684691546	0.546077684691546	1
6	161575191	161575192	37	7	3	2	1	1	NA	NA	NA	unphased	0.974941724941725	0.974941724941725	1
7	18067063	18067064	65	21	1	1	0	1	NA	NA	NA	unphased	1.00805008944544	1.00805008944544	1
7	37780792	37780793	233	12	8	7	1	1	NA	NA	NA	unphased	0.545054945054945	0.545054945054945	1
7	40127866	40127867	57	6	8	7	1	1	NA	NA	NA	unphased	1.05982905982906	1.05982905982906	1
7	44119251	44119252	50	34	4.15	5	1	0.63	1	0	0.37	unphased	2.94594017094017	1.01935646053293	2.89
7	44560665	44560666	222	37	4.15	5	1	0.63	1	0	0.37	unphased	1.03974358974359	1.03974358974359	1
7	53104313	53104314	18	3	4.15	5	1	0.63	1	0	0.37	unphased	1.03974358974359	1.03974358974359	1
7	71142241	71142242	190	19	4	3	1	1	NA	NA	NA	unphased	0.648018648018648	0.648018648018648	1
7	77261700	77261701	119	67	4	3	1	1	NA	NA	NA	unphased	2.56768679349325	0.855895597831082	3
7	77378975	77378976	58	40	4	3	1	1	NA	NA	NA	unphased	2.90947148090005	0.969823826966684	3
7	100676469	100676470	192	23	4	3	1	1	NA	NA	NA	unphased	0.762552176505665	0.762552176505665	1
7	111368559	111368560	31	10	4	3	1	1	NA	NA	NA	unphased	1.7385866166354	0.869293308317698	2
7	112723598	112723599	48	34	4	3	1	1	NA	NA	NA	unphased	2.95559724828018	0.985199082760058	3
7	129842494	129842495	25	17	4	3	1	1	NA	NA	NA	unphased	2.88522588522589	0.961741961741962	3
7	129950738	129950739	178	28	4	3	1	1	NA	NA	NA	unphased	0.968882250435649	0.968882250435649	1
7	142124192	142124193	236	42	4	3	1	1	NA	NA	NA	unphased	1.07692307692308	1.07692307692308	1
7	142206722	142206723	49	48	4	3	1	1	NA	NA	NA	unphased	3.52735923869945	1.17578641289982	3
7	150649747	150649748	61	41	4	3	1	1	NA	NA	NA	unphased	2.86525892408245	0.955086308027485	3
7	155095540	155095541	59	5	4	3	1	1	NA	NA	NA	unphased	0.556891025641026	0.556891025641026	1
7	158534253	158534254	43	5	NA	NA	NA	NA	NA	NA	NA	unphased	NA	NA	1
8	10470794	10470795	51	26	3	2	1	1	NA	NA	NA	unphased	2.06926406926407	1.03463203463203	2
8	19297442	19297443	34	10	3	2	1	1	NA	NA	NA	unphased	1.39277389277389	1.39277389277389	1
8	23711940	23711941	48	10	3	2	1	1	NA	NA	NA	unphased	1.05658709106985	1.05658709106985	1
8	27886882	27886883	17	3	3	2	1	1	NA	NA	NA	unphased	0.919230769230769	0.919230769230769	1
8	30705646	30705647	40	22	3	2	1	1	NA	NA	NA	unphased	2.17452440033085	1.08726220016543	2
8	36694347	36694348	44	28	3	2	1	1	NA	NA	NA	unphased	2.38319088319088	1.19159544159544	2
8	39872870	39872871	23	6	3	2	1	1	NA	NA	NA	unphased	1.26790450928382	1.26790450928382	1
8	49986878	49986879	36	4	3	2	1	1	NA	NA	NA	unphased	0.612820512820513	0.612820512820513	1
8	51621515	51621516	58	13	2	1	1	1	NA	NA	NA	unphased	0.938967136150235	0.938967136150235	1
8	55370909	55370910	17	5	2	1	1	1	NA	NA	NA	unphased	1.16550116550117	1.16550116550117	1
8	55537444	55537445	29	12	2	1	1	1	NA	NA	NA	unphased	1.50093808630394	1.50093808630394	1
8	63927973	63927974	26	4	2	1	1	1	NA	NA	NA	unphased	0.683760683760684	0.683760683760684	1
8	73848768	73848769	61	27	3	2	1	1	NA	NA	NA	unphased	1.88024475524475	0.940122377622377	2
8	73850218	73850219	68	11	3	2	1	1	NA	NA	NA	unphased	0.853294384939954	0.853294384939954	1
8	82370628	82370629	84	11	4	4	1	0.75	1	0	0.25	unphased	0.825371120107962	0.825371120107962	1
8	87498839	87498840	43	34	4	4	1	0.75	1	0	0.25	unphased	3.14751914751915	0.968467430005892	3.25
8	88249218	88249219	74	66	4	4	1	0.75	1	0	0.25	unphased	3.36043956043956	1.03398140321217	3.25
8	88249219	88249220	71	64	4	4	1	0.75	1	0	0.25	unphased	3.37929724596391	0.965513498846832	3.5
8	94808195	94808196	168	28	3.44	4	1	0.61	1	0	0.39	unphased	0.938315018315018	0.938315018315018	1
8	101153695	101153696	34	25	3.44	4	1	0.61	1	0	0.39	unphased	2.78313776618861	0.983440906780429	2.83
8	105360983	105360984	94	7	3.44	4	1	0.61	1	0	0.39	unphased	0.455222137598375	0.746265799341599	0.61
8	110487489	110487490	36	6	1.45	3	1	0.15	1	0	0.85	unphased	0.654029304029304	0.654029304029304	1
8	110520354	110520355	90	15	1.45	3	1	0.15	1	0	0.85	unphased	0.654029304029304	0.654029304029304	1
8	113246613	113246614	156	16	1.45	3	1	0.15	1	0	0.85	unphased	0.425879546809779	0.425879546809779	1
8	121259870	121259871	67	8	5	4	1	1	NA	NA	NA	unphased	0.867008547008547	0.867008547008547	1
9	15784563	15784564	29	18	2	2	0	1	NA	NA	NA	unphased	1.96399345335516	0.981996726677578	2
9	33265065	33265066	44	25	2	2	0	1	NA	NA	NA	unphased	1.85804533630621	0.929022668153103	2
9	33676392	33676393	44	24	2	2	0	1	NA	NA	NA	unphased	1.80995475113122	0.904977375565611	2
9	119065155	119065156	42	12	3	2	1	1	NA	NA	NA	unphased	1.36182336182336	1.36182336182336	1
9	119625874	119625875	26	6	3	2	1	1	NA	NA	NA	unphased	1.14903846153846	1.14903846153846	1
9	120476447	120476448	43	24	3	2	1	1	NA	NA	NA	unphased	2.19517795637199	1.09758897818599	2
9	125288840	125288841	23	5	3	2	1	1	NA	NA	NA	unphased	1.09432234432234	1.09432234432234	1
9	135797348	135797349	49	15	3	2	1	1	NA	NA	NA	unphased	1.43629807692308	1.43629807692308	1
9	135976834	135976835	82	18	3	2	1	1	NA	NA	NA	unphased	1.10307692307692	1.10307692307692	1
9	138670654	138670655	20	4	3	2	1	1	NA	NA	NA	unphased	1.02136752136752	1.02136752136752	1
X	18183162	18183163	135	35	NA	NA	NA	NA	NA	NA	NA	unphased	NA	NA	1
X	18260585	18260586	46	17	NA	NA	NA	NA	NA	NA	NA	unphased	NA	NA	1
X	18260586	18260587	48	17	NA	NA	NA	NA	NA	NA	NA	unphased	NA	NA	1
X	18622581	18622582	124	23	NA	NA	NA	NA	NA	NA	NA	unphased	NA	NA	1
X	18912308	18912309	9	4	NA	NA	NA	NA	NA	NA	NA	unphased	NA	NA	1
X	19379643	19379644	164	42	NA	NA	NA	NA	NA	NA	NA	unphased	NA	NA	1
X	22292160	22292161	63	27	NA	NA	NA	NA	NA	NA	NA	unphased	NA	NA	1
X	30237050	30237051	21	3	NA	NA	NA	NA	NA	NA	NA	unphased	NA	NA	1
X	30268939	30268940	23	8	NA	NA	NA	NA	NA	NA	NA	unphased	NA	NA	1
X	30326433	30326434	14	7	NA	NA	NA	NA	NA	NA	NA	unphased	NA	NA	1
X	31200971	31200972	41	22	NA	NA	NA	NA	NA	NA	NA	unphased	NA	NA	1
X	32305734	32305735	54	27	NA	NA	NA	NA	NA	NA	NA	unphased	NA	NA	1
X	32407764	32407765	102	14	NA	NA	NA	NA	NA	NA	NA	unphased	NA	NA	1
X	34962612	34962613	53	47	NA	NA	NA	NA	NA	NA	NA	unphased	NA	NA	1
X	36122644	36122645	102	37	NA	NA	NA	NA	NA	NA	NA	unphased	NA	NA	1
X	46433944	46433945	8	4	NA	NA	NA	NA	NA	NA	NA	unphased	NA	NA	1
X	47976474	47976475	164	21	NA	NA	NA	NA	NA	NA	NA	unphased	NA	NA	1
X	49965550	49965551	138	45	NA	NA	NA	NA	NA	NA	NA	unphased	NA	NA	1
X	55033652	55033653	35	7	NA	NA	NA	NA	NA	NA	NA	unphased	NA	NA	1
X	57021330	57021331	30	9	NA	NA	NA	NA	NA	NA	NA	unphased	NA	NA	1
X	76920219	76920220	86	18	NA	NA	NA	NA	NA	NA	NA	unphased	NA	NA	1
X	77112245	77112246	96	26	NA	NA	NA	NA	NA	NA	NA	unphased	NA	NA	1
X	77275805	77275806	85	13	NA	NA	NA	NA	NA	NA	NA	unphased	NA	NA	1
X	77912627	77912628	59	18	NA	NA	NA	NA	NA	NA	NA	unphased	NA	NA	1
X	78216520	78216521	31	23	NA	NA	NA	NA	NA	NA	NA	unphased	NA	NA	1
X	100615742	100615743	41	28	NA	NA	NA	NA	NA	NA	NA	unphased	NA	NA	1
X	100617634	100617635	136	26	NA	NA	NA	NA	NA	NA	NA	unphased	NA	NA	1
X	100630265	100630266	136	16	NA	NA	NA	NA	NA	NA	NA	unphased	NA	NA	1
X	106841314	106841315	41	4	NA	NA	NA	NA	NA	NA	NA	unphased	NA	NA	1
X	107018415	107018416	55	12	NA	NA	NA	NA	NA	NA	NA	unphased	NA	NA	1
X	111698401	111698402	106	17	NA	NA	NA	NA	NA	NA	NA	unphased	NA	NA	1
X	117526693	117526694	108	20	NA	NA	NA	NA	NA	NA	NA	unphased	NA	NA	1
X	118221770	118221771	78	16	NA	NA	NA	NA	NA	NA	NA	unphased	NA	NA	1
X	119576489	119576490	318	56	NA	NA	NA	NA	NA	NA	NA	unphased	NA	NA	1
X	122616857	122616858	111	15	NA	NA	NA	NA	NA	NA	NA	unphased	NA	NA	1
X	123556415	123556416	106	15	NA	NA	NA	NA	NA	NA	NA	unphased	NA	NA	1
X	128890489	128890490	40	5	NA	NA	NA	NA	NA	NA	NA	unphased	NA	NA	1
X	129290566	129290567	218	38	NA	NA	NA	NA	NA	NA	NA	unphased	NA	NA	1
X	129629172	129629173	19	18	NA	NA	NA	NA	NA	NA	NA	unphased	NA	NA	1
X	130678917	130678918	117	48	NA	NA	NA	NA	NA	NA	NA	unphased	NA	NA	1
X	132887865	132887866	100	19	NA	NA	NA	NA	NA	NA	NA	unphased	NA	NA	1
X	133988157	133988158	97	19	NA	NA	NA	NA	NA	NA	NA	unphased	NA	NA	1
X	135431278	135431279	91	35	NA	NA	NA	NA	NA	NA	NA	unphased	NA	NA	1
X	142596979	142596980	94	11	NA	NA	NA	NA	NA	NA	NA	unphased	NA	NA	1
