chr	start	end	WT.count	mut.count	subclonal.CN	nMaj1	nMin1	frac1	nMaj2	nMin2	frac2	phase	mutation.copy.number	subclonal.fraction	no.chrs.bearing.mut
1	3662520	3662521	60	21	1.87	1	1	0.87	1	0	0.13	unphased	0.963447293447293	0.963447293447293	1
1	11177111	11177112	89	8	1.87	1	1	0.87	1	0	0.13	unphased	0.306486915146709	0.306486915146709	1
1	21221967	21221968	63	29	1.87	1	1	0.87	1	0	0.13	unphased	1.17139632107023	1.17139632107023	1
1	21584023	21584024	23	4	1.87	1	1	0.87	1	0	0.13	unphased	0.55054131054131	0.55054131054131	1
1	27105839	27105840	49	14	1.87	1	1	0.87	1	0	0.13	unphased	0.825811965811966	0.825811965811966	1
1	28800288	28800289	189	11	1.87	1	1	0.87	1	0	0.13	unphased	0.204388461538462	0.204388461538462	1
1	34158653	34158654	144	33	2	1	1	0.8	1	1	0.2	unphased	0.717079530638853	0.717079530638853	1
1	36026656	36026657	32	17	2	1	1	0.8	1	1	0.2	unphased	1.33437990580848	1.33437990580848	1
1	43232487	43232488	11	9	2	1	1	0.8	1	1	0.2	unphased	1.73076923076923	1.73076923076923	1
1	65878761	65878762	22	12	2	1	1	0.8	1	1	0.2	unphased	1.35746606334842	1.35746606334842	1
1	74737307	74737308	121	36	2	1	1	0.8	1	1	0.2	unphased	0.881920627143557	0.881920627143557	1
1	113460345	113460346	79	6	2	1	1	0.8	1	1	0.2	unphased	0.271493212669683	1.35746606334842	0.2
1	114948170	114948171	181	34	NA	NA	NA	NA	NA	NA	NA	unphased	NA	NA	1
1	145293416	145293417	977	35	1.03	2	0	0.03	0	1	0.97	unphased	0.0994717239282457	0.0994717239282457	1
1	151090702	151090703	34	21	4	2	2	1	NA	NA	NA	unphased	2.23216783216783	1.11608391608392	2
1	152084337	152084338	83	47	4	2	2	1	NA	NA	NA	unphased	2.11360946745562	1.05680473372781	2
1	152284413	152284414	413	65	4	2	2	1	NA	NA	NA	unphased	0.794979079497908	0.794979079497908	1
1	156290703	156290704	164	83	4	2	2	1	NA	NA	NA	unphased	1.96449704142012	0.982248520710059	2
1	156565177	156565178	252	14	4	2	2	1	NA	NA	NA	unphased	0.307692307692308	0.307692307692308	1
1	157567719	157567720	19	10	4	2	2	1	NA	NA	NA	unphased	2.0159151193634	1.0079575596817	2
1	157739858	157739859	52	22	4	2	2	1	NA	NA	NA	unphased	1.73804573804574	0.869022869022869	2
1	158226708	158226709	76	42	4	2	2	1	NA	NA	NA	unphased	2.08083441981747	1.04041720990874	2
1	159161727	159161728	46	16	4	2	2	1	NA	NA	NA	unphased	1.50868486352357	0.754342431761787	2
1	161293425	161293426	40	23	4	2	2	1	NA	NA	NA	unphased	2.13431013431013	1.06715506715507	2
1	173907728	173907729	31	14	4	2	2	1	NA	NA	NA	unphased	1.81880341880342	0.909401709401709	2
1	175046748	175046749	43	9	4	2	2	1	NA	NA	NA	unphased	1.01183431952663	1.01183431952663	1
1	197403998	197403999	77	12	4	2	2	1	NA	NA	NA	unphased	0.788245462402766	0.788245462402766	1
1	202715047	202715048	111	64	4	2	2	1	NA	NA	NA	unphased	2.13802197802198	1.06901098901099	2
1	205038677	205038678	30	3	4	2	2	1	NA	NA	NA	unphased	0.531468531468531	0.531468531468531	1
1	205126463	205126464	68	24	4	2	2	1	NA	NA	NA	unphased	1.52508361204013	0.762541806020067	2
1	213161978	213161979	17	10	4	2	2	1	NA	NA	NA	unphased	2.16524216524217	1.08262108262108	2
1	216595580	216595581	56	25	4	2	2	1	NA	NA	NA	unphased	1.80436847103514	0.902184235517569	2
1	230883211	230883212	105	8	4	2	2	1	NA	NA	NA	unphased	0.413886997957794	0.413886997957794	1
1	235956832	235956833	81	11	4	2	2	1	NA	NA	NA	unphased	0.698996655518395	0.698996655518395	1
1	248059652	248059653	83	38	NA	NA	NA	NA	NA	NA	NA	unphased	NA	NA	1
1	248201870	248201871	157	35	NA	NA	NA	NA	NA	NA	NA	unphased	NA	NA	1
10	75114558	75114559	20	22	2	2	0	1	NA	NA	NA	unphased	2.01465201465201	1.00732600732601	2
10	100017748	100017749	68	5	2	2	0	1	NA	NA	NA	unphased	0.263435194942044	0.263435194942044	1
10	105920865	105920866	33	8	2	2	0	1	NA	NA	NA	unphased	0.75046904315197	0.75046904315197	1
10	124361459	124361460	125	115	2	2	0	1	NA	NA	NA	unphased	1.84294871794872	0.921474358974359	2
11	1629275	1629276	50	78	2	2	0	1	NA	NA	NA	unphased	2.34375	1.171875	2
11	5173254	5173255	14	20	2	2	0	1	NA	NA	NA	unphased	2.26244343891403	1.13122171945701	2
11	5510155	5510156	30	29	2	2	0	1	NA	NA	NA	unphased	1.89048239895698	0.945241199478488	2
11	14853314	14853315	46	8	1.08	2	1	0.04	0	1	0.96	unphased	0.433504273504273	0.433504273504273	1
11	14853316	14853317	46	8	1.08	2	1	0.04	0	1	0.96	unphased	0.433504273504273	0.433504273504273	1
11	18750527	18750528	92	6	1.08	2	1	0.04	0	1	0.96	unphased	0.179152276295133	0.179152276295133	1
11	47362755	47362756	12	3	1.08	2	1	0.04	0	1	0.96	unphased	0.585230769230769	0.585230769230769	1
11	49830105	49830106	33	12	1.08	2	1	0.04	0	1	0.96	unphased	0.780307692307692	0.780307692307692	1
11	51515943	51515944	72	14	1.08	2	1	0.04	0	1	0.96	unphased	0.476350626118068	0.476350626118068	1
11	57798598	57798599	165	44	1.08	2	1	0.04	0	1	0.96	unphased	0.616032388663968	0.616032388663968	1
11	58170191	58170192	57	8	1.08	2	1	0.04	0	1	0.96	unphased	0.36014201183432	0.36014201183432	1
11	59406664	59406665	20	8	1.08	2	1	0.04	0	1	0.96	unphased	0.836043956043956	0.836043956043956	1
11	59415337	59415338	45	7	1.08	2	1	0.04	0	1	0.96	unphased	0.393905325443787	0.393905325443787	1
11	60696235	60696236	15	3	1.08	2	1	0.04	0	1	0.96	unphased	0.487692307692308	0.487692307692308	1
11	61250190	61250191	39	8	1.08	2	1	0.04	0	1	0.96	unphased	0.498068739770867	0.498068739770867	1
11	65266459	65266460	87	44	1.08	2	1	0.04	0	1	0.96	unphased	0.982830299471521	0.982830299471521	1
11	71192970	71192971	13	4	1.08	2	1	0.04	0	1	0.96	unphased	0.688506787330317	0.688506787330317	1
11	71711436	71711437	114	40	1.08	2	1	0.04	0	1	0.96	unphased	0.76003996003996	0.76003996003996	1
11	75152234	75152235	24	8	1.08	2	1	0.04	0	1	0.96	unphased	0.731538461538461	0.731538461538461	1
11	88780744	88780745	29	14	1.08	2	1	0.04	0	1	0.96	unphased	0.952701252236136	0.952701252236136	1
11	92533835	92533836	18	21	1.08	2	1	0.04	0	1	0.96	unphased	1.57562130177515	1.5150204824761	1.04
11	92543127	92543128	65	19	1.08	2	1	0.04	0	1	0.96	unphased	0.661868131868132	0.661868131868132	1
11	94918534	94918535	168	13	1.08	2	1	0.04	0	1	0.96	unphased	0.210165745856354	0.210165745856354	1
11	117109358	117109359	61	76	2	2	0	1	NA	NA	NA	unphased	2.1336327905671	1.06681639528355	2
12	675276	675277	34	4	NA	NA	NA	NA	NA	NA	NA	unphased	NA	NA	1
12	991192	991193	28	8	3	2	1	1	NA	NA	NA	unphased	1.07692307692308	1.07692307692308	1
12	991193	991194	28	8	3	2	1	1	NA	NA	NA	unphased	1.07692307692308	1.07692307692308	1
12	6749568	6749569	21	15	3	2	1	1	NA	NA	NA	unphased	2.01923076923077	1.00961538461538	2
12	10215654	10215655	82	10	3	2	1	1	NA	NA	NA	unphased	0.526755852842809	0.526755852842809	1
12	31132586	31132587	35	16	3	2	1	1	NA	NA	NA	unphased	1.52036199095023	0.760180995475113	2
12	40076887	40076888	29	18	3	2	1	1	NA	NA	NA	unphased	1.85597381342062	0.927986906710311	2
12	49434617	49434618	20	7	3	2	1	1	NA	NA	NA	unphased	1.25641025641026	1.25641025641026	1
12	54106966	54106967	61	16	3	2	1	1	NA	NA	NA	unphased	1.00699300699301	1.00699300699301	1
12	54687072	54687073	87	6	3	2	1	1	NA	NA	NA	unphased	0.312655086848635	0.312655086848635	1
12	56823941	56823942	32	20	3	2	1	1	NA	NA	NA	unphased	1.86390532544379	0.931952662721893	2
12	64377655	64377656	6	7	3	2	1	1	NA	NA	NA	unphased	2.6094674556213	1.30473372781065	2
12	72057028	72057029	80	58	3	2	1	1	NA	NA	NA	unphased	2.03678929765886	1.01839464882943	2
12	89890970	89890971	97	16	3	2	1	1	NA	NA	NA	unphased	0.686181075561606	0.686181075561606	1
12	98849637	98849638	50	15	3	2	1	1	NA	NA	NA	unphased	1.11834319526627	1.11834319526627	1
12	100603919	100603920	69	36	3	2	1	1	NA	NA	NA	unphased	1.66153846153846	0.830769230769231	2
12	113346576	113346577	74	19	2	2	0	1	NA	NA	NA	unphased	0.785773366418528	0.785773366418528	1
12	126135379	126135380	28	5	2	2	0	1	NA	NA	NA	unphased	0.582750582750583	0.582750582750583	1
13	20356839	20356840	21	29	2	2	0	1	NA	NA	NA	unphased	2.23076923076923	1.11538461538462	2
13	21987894	21987895	13	11	2	2	0	1	NA	NA	NA	unphased	1.76282051282051	0.881410256410256	2
13	25483947	25483948	22	5	2	2	0	1	NA	NA	NA	unphased	0.712250712250712	0.712250712250712	1
13	31495910	31495911	30	11	2	2	0	1	NA	NA	NA	unphased	1.03189493433396	1.03189493433396	1
13	110434425	110434426	33	4	4	4	0	1	NA	NA	NA	unphased	0.632016632016632	0.632016632016632	1
14	22251222	22251223	13	12	2	2	0	1	NA	NA	NA	unphased	1.84615384615385	0.923076923076923	2
14	23523879	23523880	50	10	2	2	0	1	NA	NA	NA	unphased	0.641025641025641	0.641025641025641	1
14	23842348	23842349	35	31	2	2	0	1	NA	NA	NA	unphased	1.80652680652681	0.903263403263403	2
14	23900153	23900154	57	65	2	2	0	1	NA	NA	NA	unphased	2.04918032786885	1.02459016393443	2
14	31358978	31358979	20	23	2	2	0	1	NA	NA	NA	unphased	2.05724508050089	1.02862254025045	2
14	34398399	34398400	31	41	2	2	0	1	NA	NA	NA	unphased	2.19017094017094	1.09508547008547	2
14	45564687	45564688	16	10	2	2	0	1	NA	NA	NA	unphased	1.4792899408284	1.4792899408284	1
14	93412809	93412810	25	32	3	3	0	1	NA	NA	NA	unphased	2.72064777327935	0.906882591093117	3
14	95571435	95571436	36	68	3	3	0	1	NA	NA	NA	unphased	3.16863905325444	1.05621301775148	3
15	23931682	23931683	114	16	9	7	2	1	NA	NA	NA	unphased	1.33491124260355	1.33491124260355	1
15	49054702	49054703	90	21	3	2	1	1	NA	NA	NA	unphased	0.916839916839917	0.916839916839917	1
15	51397414	51397415	28	18	3	2	1	1	NA	NA	NA	unphased	1.89632107023411	0.948160535117057	2
15	62256906	62256907	49	7	3	2	1	1	NA	NA	NA	unphased	0.605769230769231	0.605769230769231	1
15	65897520	65897521	81	49	3	2	1	1	NA	NA	NA	unphased	1.82662721893491	0.913313609467456	2
15	69327816	69327817	32	4	3	2	1	1	NA	NA	NA	unphased	0.538461538461538	0.538461538461538	1
15	72502196	72502197	106	30	3	2	1	1	NA	NA	NA	unphased	1.06900452488688	1.06900452488688	1
15	73994804	73994805	35	3	3	2	1	1	NA	NA	NA	unphased	0.382591093117409	0.382591093117409	1
15	81614748	81614749	73	15	3	2	1	1	NA	NA	NA	unphased	0.826048951048951	0.826048951048951	1
16	3065697	3065698	20	10	2	2	0	1	NA	NA	NA	unphased	1.28205128205128	1.28205128205128	1
16	4751512	4751513	16	5	2	2	0	1	NA	NA	NA	unphased	0.915750915750916	0.915750915750916	1
16	19468192	19468193	17	29	2	2	0	1	NA	NA	NA	unphased	2.4247491638796	1.2123745819398	2
16	21080787	21080788	66	20	2	2	0	1	NA	NA	NA	unphased	0.894454382826476	0.894454382826476	1
16	23116772	23116773	29	21	2	2	0	1	NA	NA	NA	unphased	1.61538461538462	0.807692307692308	2
16	31096482	31096483	8	3	2	2	0	1	NA	NA	NA	unphased	1.04895104895105	1.04895104895105	1
16	57559999	57560000	4	4	2	2	0	1	NA	NA	NA	unphased	1.92307692307692	1.92307692307692	1
16	67963968	67963969	74	52	2	2	0	1	NA	NA	NA	unphased	1.58730158730159	0.793650793650794	2
16	72984751	72984752	29	17	2	2	0	1	NA	NA	NA	unphased	1.42140468227425	1.42140468227425	1
17	4797841	4797842	4	11	3	3	0	1	NA	NA	NA	unphased	3.55384615384615	1.18461538461538	3
17	7578460	7578461	33	27	3	3	0	1	NA	NA	NA	unphased	2.18076923076923	1.09038461538462	2
17	10419292	10419293	100	131	3	3	0	1	NA	NA	NA	unphased	2.74825174825175	0.916083916083916	3
17	10427954	10427955	26	25	3	3	0	1	NA	NA	NA	unphased	2.37556561085973	1.18778280542986	2
17	17943080	17943081	8	9	3	3	0	1	NA	NA	NA	unphased	2.56561085972851	0.855203619909502	3
17	27233423	27233424	28	46	3	3	0	1	NA	NA	NA	unphased	3.01247401247401	1.004158004158	3
17	36104881	36104882	31	12	3	3	0	1	NA	NA	NA	unphased	1.35241502683363	1.35241502683363	1
17	41001330	41001331	67	67	3	3	0	1	NA	NA	NA	unphased	2.42307692307692	0.807692307692308	3
17	48183272	48183273	16	7	3	3	0	1	NA	NA	NA	unphased	1.47491638795987	1.47491638795987	1
17	48823147	48823148	8	9	3	3	0	1	NA	NA	NA	unphased	2.56561085972851	0.855203619909502	3
17	60348387	60348388	92	74	3	3	0	1	NA	NA	NA	unphased	2.16033364226135	1.08016682113068	2
18	321661	321662	256	169	NA	NA	NA	NA	NA	NA	NA	unphased	NA	NA	1
18	3452376	3452377	14	8	1.04	2	1	0.02	0	1	0.98	unphased	1.04951048951049	1.04951048951049	1
18	3456404	3456405	307	32	1.04	2	1	0.02	0	1	0.98	unphased	0.272439301111867	0.272439301111867	1
18	14852217	14852218	11	5	1.04	2	1	0.02	0	1	0.98	unphased	0.901923076923077	0.901923076923077	1
18	34408747	34408748	26	8	1.04	2	1	0.02	0	1	0.98	unphased	0.679095022624434	0.679095022624434	1
18	47792788	47792789	53	10	1.04	2	1	0.02	0	1	0.98	unphased	0.458119658119658	0.458119658119658	1
18	47799930	47799931	27	6	1.04	2	1	0.02	0	1	0.98	unphased	0.524755244755245	0.524755244755245	1
18	48326435	48326436	56	16	1.04	2	1	0.02	0	1	0.98	unphased	0.641367521367521	0.641367521367521	1
18	53070694	53070695	128	26	1.04	2	1	0.02	0	1	0.98	unphased	0.487272727272727	0.487272727272727	1
18	58038594	58038595	80	17	1.04	2	1	0.02	0	1	0.98	unphased	0.505820777160983	0.505820777160983	1
18	59483709	59483710	39	21	1.04	2	1	0.02	0	1	0.98	unphased	1.01015384615385	1.01015384615385	1
18	61390486	61390487	44	4	1.04	2	1	0.02	0	1	0.98	unphased	0.24051282051282	0.24051282051282	1
18	66348302	66348303	72	12	1.04	2	1	0.02	0	1	0.98	unphased	0.412307692307692	0.412307692307692	1
19	1110867	1110868	61	12	2	2	0	1	NA	NA	NA	unphased	0.632244467860906	0.632244467860906	1
19	2878077	2878078	21	20	2	2	0	1	NA	NA	NA	unphased	1.87617260787992	0.938086303939962	2
19	3533363	3533364	24	18	2	2	0	1	NA	NA	NA	unphased	1.64835164835165	0.824175824175824	2
19	7685492	7685493	20	26	2	2	0	1	NA	NA	NA	unphased	2.17391304347826	1.08695652173913	2
19	9063417	9063418	26	33	2	2	0	1	NA	NA	NA	unphased	2.15123859191656	1.07561929595828	2
19	15587242	15587243	48	8	1.34	2	1	0.17	1	0	0.83	unphased	0.455164835164835	0.455164835164835	1
19	15839262	15839263	49	13	1.34	2	1	0.17	1	0	0.83	unphased	0.668064516129032	0.668064516129032	1
19	17885234	17885235	45	27	1.34	2	1	0.17	1	0	0.83	unphased	1.19480769230769	1.19480769230769	1
19	32923651	32923652	107	10	9	7	2	1	NA	NA	NA	unphased	0.927021696252465	0.927021696252465	1
19	34001957	34001958	20	23	9	7	2	1	NA	NA	NA	unphased	5.80143112701252	0.96690518783542	6
19	36214818	36214819	21	35	9	7	2	1	NA	NA	NA	unphased	6.77884615384615	0.968406593406593	7
19	36884100	36884101	263	12	9	7	2	1	NA	NA	NA	unphased	0.473286713286713	0.473286713286713	1
19	38858383	38858384	748	54	9	7	2	1	NA	NA	NA	unphased	0.730289660464224	0.730289660464224	1
19	40366120	40366121	122	15	9	7	2	1	NA	NA	NA	unphased	1.18753509264458	1.18753509264458	1
19	50210808	50210809	24	15	2	2	0	1	NA	NA	NA	unphased	1.4792899408284	1.4792899408284	1
19	50796887	50796888	12	9	2	2	0	1	NA	NA	NA	unphased	1.64835164835165	1.64835164835165	1
19	53855436	53855437	36	15	2	2	0	1	NA	NA	NA	unphased	1.13122171945701	1.13122171945701	1
19	54818758	54818759	42	42	2	2	0	1	NA	NA	NA	unphased	1.92307692307692	0.961538461538461	2
19	54871648	54871649	15	8	2	2	0	1	NA	NA	NA	unphased	1.33779264214047	1.33779264214047	1
19	55098683	55098684	63	18	2	2	0	1	NA	NA	NA	unphased	0.854700854700855	0.854700854700855	1
19	57035799	57035800	21	30	2	2	0	1	NA	NA	NA	unphased	2.26244343891403	1.13122171945701	2
19	57290817	57290818	39	35	2	2	0	1	NA	NA	NA	unphased	1.81912681912682	0.90956340956341	2
19	57840669	57840670	44	16	2	2	0	1	NA	NA	NA	unphased	1.02564102564103	1.02564102564103	1
2	1843010	1843011	70	10	5	5	0	1	NA	NA	NA	unphased	0.855769230769231	0.855769230769231	1
2	29226437	29226438	3	7	5	5	0	1	NA	NA	NA	unphased	4.79230769230769	0.958461538461538	5
2	29366598	29366599	46	86	5	5	0	1	NA	NA	NA	unphased	4.46037296037296	0.892074592074592	5
2	33813555	33813556	99	20	5	5	0	1	NA	NA	NA	unphased	1.15061409179056	1.15061409179056	1
2	49244688	49244689	24	38	5	5	0	1	NA	NA	NA	unphased	4.19602977667494	1.04900744416873	4
2	54876252	54876253	74	31	5	5	0	1	NA	NA	NA	unphased	2.02124542124542	1.01062271062271	2
2	55408852	55408853	35	7	5	5	0	1	NA	NA	NA	unphased	1.14102564102564	1.14102564102564	1
2	66796150	66796151	151	46	5	5	0	1	NA	NA	NA	unphased	1.59859429910191	0.799297149550957	2
2	68621269	68621270	222	18	5	5	0	1	NA	NA	NA	unphased	0.513461538461538	0.513461538461538	1
2	73828470	73828471	110	7	4	4	0	1	NA	NA	NA	unphased	0.349769888231427	0.349769888231427	1
2	80816542	80816543	33	62	3	3	0	1	NA	NA	NA	unphased	3.16275303643725	1.05425101214575	3
2	121744138	121744139	24	29	3	3	0	1	NA	NA	NA	unphased	2.65166908563135	0.88388969521045	3
2	131985917	131985918	128	68	4	4	0	1	NA	NA	NA	unphased	2.02825745682889	1.01412872841444	2
2	141473565	141473566	129	11	4	4	0	1	NA	NA	NA	unphased	0.459340659340659	0.459340659340659	1
2	168107214	168107215	33	43	2	2	0	1	NA	NA	NA	unphased	2.17611336032389	1.08805668016194	2
2	179392028	179392029	8	9	2	2	0	1	NA	NA	NA	unphased	2.03619909502262	1.01809954751131	2
2	179426594	179426595	18	18	2	2	0	1	NA	NA	NA	unphased	1.92307692307692	0.961538461538461	2
2	179702251	179702252	40	16	2	2	0	1	NA	NA	NA	unphased	1.0989010989011	1.0989010989011	1
2	200233398	200233399	30	25	3	3	0	1	NA	NA	NA	unphased	2.2027972027972	1.1013986013986	2
2	210560107	210560108	86	31	3	3	0	1	NA	NA	NA	unphased	1.28402366863905	1.28402366863905	1
2	228128533	228128534	13	23	3	3	0	1	NA	NA	NA	unphased	3.09615384615385	1.03205128205128	3
2	228860279	228860280	59	130	3	3	0	1	NA	NA	NA	unphased	3.33333333333333	1.11111111111111	3
2	238277483	238277484	39	74	3	3	0	1	NA	NA	NA	unphased	3.17358747447243	1.05786249149081	3
2	242402802	242402803	23	35	3	3	0	1	NA	NA	NA	unphased	2.92440318302387	0.974801061007957	3
20	2591073	2591074	77	103	3	3	0	1	NA	NA	NA	unphased	2.77307692307692	0.924358974358974	3
20	30745610	30745611	1048	46	10	7	3	1	NA	NA	NA	unphased	0.498101532836451	0.498101532836451	1
20	41419975	41419976	24	51	3	3	0	1	NA	NA	NA	unphased	3.29538461538462	1.09846153846154	3
20	43564087	43564088	24	29	3	3	0	1	NA	NA	NA	unphased	2.65166908563135	0.88388969521045	3
20	50408012	50408013	16	42	3	3	0	1	NA	NA	NA	unphased	3.50928381962865	1.16976127320955	3
22	18300173	18300174	17	11	3	2	1	1	NA	NA	NA	unphased	1.90384615384615	0.951923076923077	2
22	26937142	26937143	51	9	3	2	1	1	NA	NA	NA	unphased	0.726923076923077	0.726923076923077	1
22	26937146	26937147	48	9	3	2	1	1	NA	NA	NA	unphased	0.765182186234818	0.765182186234818	1
22	31043007	31043008	28	23	3	2	1	1	NA	NA	NA	unphased	2.18552036199095	1.09276018099548	2
22	37872995	37872996	26	4	3	2	1	1	NA	NA	NA	unphased	0.646153846153846	0.646153846153846	1
22	39996538	39996539	27	18	3	2	1	1	NA	NA	NA	unphased	1.93846153846154	0.969230769230769	2
22	42781139	42781140	129	71	3	2	1	1	NA	NA	NA	unphased	1.72038461538462	0.860192307692308	2
3	3134046	3134047	36	15	1	1	0	1	NA	NA	NA	unphased	0.83710407239819	0.83710407239819	1
3	38318446	38318447	10	7	2	2	0	1	NA	NA	NA	unphased	1.58371040723982	1.58371040723982	1
3	38888459	38888460	63	58	2	2	0	1	NA	NA	NA	unphased	1.84361093452003	0.921805467260013	2
3	46492119	46492120	47	26	1	1	0	1	NA	NA	NA	unphased	1.01369863013699	1.01369863013699	1
3	49294703	49294704	94	39	1	1	0	1	NA	NA	NA	unphased	0.834586466165413	0.834586466165413	1
3	97202798	97202799	40	12	4.28	3	2	0.76	1	1	0.24	unphased	1.41372781065089	1.41372781065089	1
3	97868730	97868731	93	59	4.28	3	2	0.76	1	1	0.24	unphased	2.37791497975708	0.94361705545916	2.52
3	122274832	122274833	32	24	4.28	3	2	0.76	1	1	0.24	unphased	2.62549450549451	1.04186289900576	2.52
3	126180404	126180405	36	21	4.28	3	2	0.76	1	1	0.24	unphased	2.257004048583	0.895636527215474	2.52
3	147128808	147128809	102	36	4.28	3	2	0.76	1	1	0.24	unphased	1.598127090301	0.908026755852843	1.76
3	183854401	183854402	192	17	4.28	3	2	0.76	1	1	0.24	unphased	0.4982995951417	0.655657362028553	0.76
4	1932377	1932378	17	6	2	1	1	1	NA	NA	NA	unphased	1.00334448160535	1.00334448160535	1
4	5961104	5961105	103	10	2	1	1	1	NA	NA	NA	unphased	0.340367597004765	0.340367597004765	1
4	6302626	6302627	62	18	2	1	1	1	NA	NA	NA	unphased	0.865384615384615	0.865384615384615	1
4	57796242	57796243	160	39	1.24	2	1	0.12	1	0	0.88	unphased	0.604824120603015	0.604824120603015	1
4	70460967	70460968	30	6	2	1	1	1	NA	NA	NA	unphased	0.641025641025641	0.641025641025641	1
4	89042813	89042814	33	9	2	1	1	1	NA	NA	NA	unphased	0.824175824175824	0.824175824175824	1
4	98893590	98893591	25	3	1	1	0	1	NA	NA	NA	unphased	0.304945054945055	0.304945054945055	1
4	107168401	107168402	32	11	1	1	0	1	NA	NA	NA	unphased	0.728085867620751	0.728085867620751	1
4	158238816	158238817	8	3	1	1	0	1	NA	NA	NA	unphased	0.776223776223776	0.776223776223776	1
4	159554553	159554554	30	11	1	1	0	1	NA	NA	NA	unphased	0.763602251407129	0.763602251407129	1
4	170017809	170017810	30	21	1	1	0	1	NA	NA	NA	unphased	1.17194570135747	1.17194570135747	1
4	190862159	190862160	21	7	NA	NA	NA	NA	NA	NA	NA	unphased	NA	NA	1
5	173139	173140	60	34	NA	NA	NA	NA	NA	NA	NA	unphased	NA	NA	1
5	1443321	1443322	72	48	1.87	2	2	0.29	1	0	0.71	unphased	1.48646153846154	1.15229576624925	1.29
5	37815926	37815927	118	20	1.87	2	2	0.29	1	0	0.71	unphased	0.538573021181717	0.538573021181717	1
5	42807131	42807132	77	9	1.87	2	2	0.29	1	0	0.71	unphased	0.388899821109123	1.34103386589353	0.29
5	45262077	45262078	135	51	1.87	2	2	0.29	1	0	0.71	unphased	1.01894540942928	1.01894540942928	1
5	52096603	52096604	59	6	1.87	2	2	0.29	1	0	0.71	unphased	0.343029585798817	1.18286064068557	0.29
5	55422866	55422867	62	27	2	2	0	1	NA	NA	NA	unphased	1.16681071737252	1.16681071737252	1
5	76249945	76249946	33	38	2	2	0	1	NA	NA	NA	unphased	2.05850487540628	1.02925243770314	2
5	79032966	79032967	29	3	2	2	0	1	NA	NA	NA	unphased	0.360576923076923	0.360576923076923	1
5	89979741	89979742	6	19	2	2	0	1	NA	NA	NA	unphased	2.92307692307692	1.46153846153846	2
5	140229393	140229394	93	28	2	2	0	1	NA	NA	NA	unphased	0.890019071837254	0.890019071837254	1
5	140729927	140729928	10	7	2	2	0	1	NA	NA	NA	unphased	1.58371040723982	1.58371040723982	1
5	140740266	140740267	28	32	2	2	0	1	NA	NA	NA	unphased	2.05128205128205	1.02564102564103	2
5	140762890	140762891	43	7	2	2	0	1	NA	NA	NA	unphased	0.538461538461539	0.538461538461539	1
5	141248759	141248760	9	15	2	2	0	1	NA	NA	NA	unphased	2.40384615384615	1.20192307692308	2
5	149227193	149227194	20	4	2	2	0	1	NA	NA	NA	unphased	0.641025641025641	0.641025641025641	1
5	153182041	153182042	110	43	2	2	0	1	NA	NA	NA	unphased	1.08094519859226	1.08094519859226	1
6	8430323	8430324	71	11	4	2	2	1	NA	NA	NA	unphased	0.784240150093809	0.784240150093809	1
6	10407063	10407064	90	33	4	2	2	1	NA	NA	NA	unphased	1.56848030018762	0.784240150093809	2
6	26204944	26204945	97	29	4	2	2	1	NA	NA	NA	unphased	1.34554334554335	1.34554334554335	1
6	27799022	27799023	40	16	4	2	2	1	NA	NA	NA	unphased	1.67032967032967	0.835164835164835	2
6	27879398	27879399	94	25	4	2	2	1	NA	NA	NA	unphased	1.22818358112476	1.22818358112476	1
6	28554142	28554143	171	77	4	2	2	1	NA	NA	NA	unphased	1.8151364764268	0.907568238213399	2
6	28829643	28829644	19	5	4	2	2	1	NA	NA	NA	unphased	1.21794871794872	1.21794871794872	1
6	29429765	29429766	76	16	4	2	2	1	NA	NA	NA	unphased	1.01672240802676	1.01672240802676	1
6	29976930	29976931	97	17	4	2	2	1	NA	NA	NA	unphased	0.871794871794872	0.871794871794872	1
6	30877260	30877261	63	26	4	2	2	1	NA	NA	NA	unphased	1.70786516853933	0.853932584269663	2
6	39304299	39304300	37	7	2	1	1	1	NA	NA	NA	unphased	0.611888111888112	0.611888111888112	1
6	41557905	41557906	56	10	2	1	1	1	NA	NA	NA	unphased	0.582750582750583	0.582750582750583	1
6	44200558	44200559	17	6	2	1	1	1	NA	NA	NA	unphased	1.00334448160535	1.00334448160535	1
6	55638881	55638882	73	50	3	2	1	1	NA	NA	NA	unphased	1.96998123827392	0.984990619136961	2
6	70386342	70386343	33	6	2	1	1	1	NA	NA	NA	unphased	0.591715976331361	0.591715976331361	1
6	79650441	79650442	27	7	2	1	1	1	NA	NA	NA	unphased	0.791855203619909	0.791855203619909	1
6	109321776	109321777	44	8	2	1	1	1	NA	NA	NA	unphased	0.591715976331361	0.591715976331361	1
6	111587323	111587324	31	3	2	1	1	1	NA	NA	NA	unphased	0.339366515837104	0.339366515837104	1
6	114379193	114379194	39	16	2	1	1	1	NA	NA	NA	unphased	1.11888111888112	1.11888111888112	1
6	117709107	117709108	101	32	2	1	1	1	NA	NA	NA	unphased	0.92539039907461	0.92539039907461	1
6	127517120	127517121	38	19	3	2	1	1	NA	NA	NA	unphased	1.61538461538462	0.807692307692308	2
6	132186017	132186018	94	21	3	2	1	1	NA	NA	NA	unphased	0.88494983277592	0.88494983277592	1
6	132824726	132824727	29	10	3	2	1	1	NA	NA	NA	unphased	1.24260355029586	1.24260355029586	1
6	152763226	152763227	100	21	3	2	1	1	NA	NA	NA	unphased	0.841068022886205	0.841068022886205	1
6	160668227	160668228	39	13	3	2	1	1	NA	NA	NA	unphased	1.21153846153846	1.21153846153846	1
6	167570438	167570439	29	18	3	2	1	1	NA	NA	NA	unphased	1.85597381342062	0.927986906710311	2
6	170072395	170072396	22	4	3	2	1	1	NA	NA	NA	unphased	0.745562130177515	0.745562130177515	1
7	2565935	2565936	110	20	2.22	2	2	0.11	1	1	0.89	unphased	0.625562130177515	0.625562130177515	1
7	4949601	4949602	55	29	2.22	2	2	0.11	1	1	0.89	unphased	1.40379120879121	1.26467676467676	1.11
7	5769067	5769068	80	50	2.22	2	2	0.11	1	1	0.89	unphased	1.56390532544379	1.40892371661602	1.11
7	38530648	38530649	207	28	4	2	2	1	NA	NA	NA	unphased	0.696563011456628	0.696563011456628	1
7	45614634	45614635	28	7	4	2	2	1	NA	NA	NA	unphased	1.16923076923077	1.16923076923077	1
7	53104130	53104131	55	20	4	2	2	1	NA	NA	NA	unphased	1.55897435897436	0.779487179487179	2
7	64853812	64853813	81	35	4	2	2	1	NA	NA	NA	unphased	1.76392572944297	0.881962864721485	2
7	73097502	73097503	69	50	4	2	2	1	NA	NA	NA	unphased	2.45636716224952	1.22818358112476	2
7	82582534	82582535	134	59	4	2	2	1	NA	NA	NA	unphased	1.78716620167397	0.893583100836987	2
7	87778307	87778308	30	5	4	2	2	1	NA	NA	NA	unphased	0.835164835164835	0.835164835164835	1
7	99359682	99359683	96	43	4	2	2	1	NA	NA	NA	unphased	1.80852241283896	0.90426120641948	2
7	100198212	100198213	78	15	4	2	2	1	NA	NA	NA	unphased	0.942928039702233	0.942928039702233	1
7	107872769	107872770	90	49	4	2	2	1	NA	NA	NA	unphased	2.06087437742114	1.03043718871057	2
7	154561220	154561221	9	15	2	2	0	1	NA	NA	NA	unphased	2.40384615384615	1.20192307692308	2
7	154863225	154863226	9	23	2	2	0	1	NA	NA	NA	unphased	2.76442307692308	1.38221153846154	2
8	1998918	1998919	20	14	2	2	0	1	NA	NA	NA	unphased	1.58371040723982	0.791855203619909	2
8	6874248	6874249	33	6	2	2	0	1	NA	NA	NA	unphased	0.591715976331361	0.591715976331361	1
8	22429891	22429892	87	5	2	2	0	1	NA	NA	NA	unphased	0.209030100334448	0.209030100334448	1
8	27288869	27288870	19	15	2	2	0	1	NA	NA	NA	unphased	1.69683257918552	0.84841628959276	2
8	38133145	38133146	18	3	2	2	0	1	NA	NA	NA	unphased	0.549450549450549	0.549450549450549	1
8	57228679	57228680	48	34	2	2	0	1	NA	NA	NA	unphased	1.59474671669794	0.797373358348968	2
8	77763570	77763571	7	10	2	2	0	1	NA	NA	NA	unphased	2.26244343891403	1.13122171945701	2
8	77763931	77763932	18	15	2	2	0	1	NA	NA	NA	unphased	1.74825174825175	0.874125874125874	2
8	87242034	87242035	53	16	2	2	0	1	NA	NA	NA	unphased	0.891861761426979	0.891861761426979	1
8	110476828	110476829	49	10	3	3	0	1	NA	NA	NA	unphased	0.821382007822686	0.821382007822686	1
9	382583	382584	41	22	NA	NA	NA	NA	NA	NA	NA	unphased	NA	NA	1
9	34310827	34310828	100	69	3	2	1	1	NA	NA	NA	unphased	1.97860719162494	0.989303595812471	2
9	38396712	38396713	22	23	3	2	1	1	NA	NA	NA	unphased	2.47692307692308	1.23846153846154	2
9	86292748	86292749	45	8	2	1	1	1	NA	NA	NA	unphased	0.58055152394775	0.58055152394775	1
9	97873832	97873833	55	15	2	1	1	1	NA	NA	NA	unphased	0.824175824175824	0.824175824175824	1
9	119065074	119065075	51	11	3	2	1	1	NA	NA	NA	unphased	0.859801488833747	0.859801488833747	1
9	127651418	127651419	28	19	3	2	1	1	NA	NA	NA	unphased	1.95908346972177	0.979541734860884	2
9	134308165	134308166	16	24	3	2	1	1	NA	NA	NA	unphased	2.90769230769231	1.45384615384615	2
9	135931456	135931457	35	11	3	2	1	1	NA	NA	NA	unphased	1.15886287625418	1.15886287625418	1
X	23897092	23897093	24	27	NA	NA	NA	NA	NA	NA	NA	unphased	NA	NA	1
X	55650198	55650199	19	37	NA	NA	NA	NA	NA	NA	NA	unphased	NA	NA	1
X	119664105	119664106	45	87	NA	NA	NA	NA	NA	NA	NA	unphased	NA	NA	1
X	125299529	125299530	27	41	NA	NA	NA	NA	NA	NA	NA	unphased	NA	NA	1
X	138820090	138820091	34	8	NA	NA	NA	NA	NA	NA	NA	unphased	NA	NA	1
X	144337403	144337404	41	26	NA	NA	NA	NA	NA	NA	NA	unphased	NA	NA	1
X	151303246	151303247	94	32	NA	NA	NA	NA	NA	NA	NA	unphased	NA	NA	1
X	152091287	152091288	5	8	NA	NA	NA	NA	NA	NA	NA	unphased	NA	NA	1
X	153716963	153716964	68	35	NA	NA	NA	NA	NA	NA	NA	unphased	NA	NA	1
X	155004339	155004340	90	87	NA	NA	NA	NA	NA	NA	NA	unphased	NA	NA	1
