chr	start	end	WT.count	mut.count	subclonal.CN	nMaj1	nMin1	frac1	nMaj2	nMin2	frac2	phase	mutation.copy.number	subclonal.fraction	no.chrs.bearing.mut
1	12941714	12941715	218	30	3	2	1	1	NA	NA	NA	unphased	0.670821114369502	0.670821114369502	1
1	17023102	17023103	16	3	3	2	1	1	NA	NA	NA	unphased	0.875598086124402	0.875598086124402	1
1	19212113	19212114	41	10	3	2	1	1	NA	NA	NA	unphased	1.0873440285205	1.0873440285205	1
1	23395629	23395630	63	13	3	2	1	1	NA	NA	NA	unphased	0.948564593301436	0.948564593301436	1
1	35915490	35915491	70	28	3	2	1	1	NA	NA	NA	unphased	1.58441558441558	0.792207792207792	2
1	46093992	46093993	277	53	2.35	4	2	0.27	1	0	0.73	unphased	0.786239669421488	0.786239669421488	1
1	47283814	47283815	82	93	2.35	4	2	0.27	1	0	0.73	unphased	2.60158441558442	1.02424583290725	2.54
1	50572061	50572062	54	8	2.35	4	2	0.27	1	0	0.73	unphased	0.631671554252199	0.631671554252199	1
1	57349274	57349275	130	16	2.35	4	2	0.27	1	0	0.73	unphased	0.536488169364882	0.536488169364882	1
1	67154904	67154905	357	97	4	2	2	1	NA	NA	NA	unphased	1.39847817380857	0.699239086904285	2
1	67154905	67154906	353	98	4	2	2	1	NA	NA	NA	unphased	1.42229389236041	0.711146946180206	2
1	79095528	79095529	80	26	4	2	2	1	NA	NA	NA	unphased	1.60548885077187	0.802744425385935	2
1	92941571	92941572	23	7	4	2	2	1	NA	NA	NA	unphased	1.52727272727273	1.52727272727273	1
1	109271431	109271432	90	10	4	2	2	1	NA	NA	NA	unphased	0.654545454545455	0.654545454545455	1
1	118567961	118567962	122	33	4	2	2	1	NA	NA	NA	unphased	1.39354838709677	0.696774193548387	2
1	144865916	144865917	493	81	4	2	2	1	NA	NA	NA	unphased	0.923661704149509	0.923661704149509	1
1	145498773	145498774	63	26	4	2	2	1	NA	NA	NA	unphased	1.91215526046987	0.956077630234934	2
1	149859323	149859324	88	13	4	2	2	1	NA	NA	NA	unphased	0.842484248424842	0.842484248424842	1
1	152281821	152281822	394	185	4	2	2	1	NA	NA	NA	unphased	2.09138012246821	1.0456900612341	2
1	160789113	160789114	88	34	4	2	2	1	NA	NA	NA	unphased	1.82414307004471	0.912071535022355	2
1	170521749	170521750	7	3	4	2	2	1	NA	NA	NA	unphased	1.96363636363636	1.96363636363636	1
1	171755046	171755047	37	11	4	2	2	1	NA	NA	NA	unphased	1.5	1.5	1
1	175092791	175092792	94	6	4	2	2	1	NA	NA	NA	unphased	0.392727272727273	0.392727272727273	1
1	177250257	177250258	81	17	4	2	2	1	NA	NA	NA	unphased	1.13543599257885	1.13543599257885	1
1	177937042	177937043	40	20	4	2	2	1	NA	NA	NA	unphased	2.18181818181818	1.09090909090909	2
1	186308814	186308815	59	16	4	2	2	1	NA	NA	NA	unphased	1.39636363636364	1.39636363636364	1
1	207304940	207304941	60	26	4	2	2	1	NA	NA	NA	unphased	1.97885835095137	0.989429175475687	2
1	210267798	210267799	58	24	4	2	2	1	NA	NA	NA	unphased	1.91574279379157	0.957871396895787	2
1	247769168	247769169	271	127	4	2	2	1	NA	NA	NA	unphased	2.0886249428963	1.04431247144815	2
1	248308859	248308860	389	69	NA	NA	NA	NA	NA	NA	NA	unphased	NA	NA	1
10	7409713	7409714	67	12	3	2	1	1	NA	NA	NA	unphased	0.84234752589183	0.84234752589183	1
10	17278302	17278303	195	72	3	2	1	1	NA	NA	NA	unphased	1.49540347293156	0.747701736465782	2
10	17278303	17278304	195	72	3	2	1	1	NA	NA	NA	unphased	1.49540347293156	0.747701736465782	2
10	17645631	17645632	88	16	3	2	1	1	NA	NA	NA	unphased	0.853146853146853	0.853146853146853	1
10	27223357	27223358	30	4	3	2	1	1	NA	NA	NA	unphased	0.6524064171123	0.6524064171123	1
10	28348668	28348669	66	34	3	2	1	1	NA	NA	NA	unphased	1.88545454545455	0.942727272727273	2
10	48414383	48414384	37	5	3	2	1	1	NA	NA	NA	unphased	0.66017316017316	0.66017316017316	1
10	55582651	55582652	183	30	3	2	1	1	NA	NA	NA	unphased	0.781049935979514	0.781049935979514	1
10	70097752	70097753	68	28	3	2	1	1	NA	NA	NA	unphased	1.61742424242424	0.808712121212121	2
10	70097753	70097754	69	29	3	2	1	1	NA	NA	NA	unphased	1.64100185528757	0.820500927643785	2
10	71969328	71969329	59	45	3	2	1	1	NA	NA	NA	unphased	2.39947552447553	1.19973776223776	2
10	93999116	93999117	27	4	3	2	1	1	NA	NA	NA	unphased	0.715542521994135	0.715542521994135	1
10	128150140	128150141	38	4	3	2	1	1	NA	NA	NA	unphased	0.528138528138528	0.528138528138528	1
10	135204833	135204834	128	30	3	2	1	1	NA	NA	NA	unphased	1.05293440736479	1.05293440736479	1
11	774113	774114	38	12	2	1	1	1	NA	NA	NA	unphased	1.09090909090909	1.09090909090909	1
11	6023941	6023942	64	20	2	1	1	1	NA	NA	NA	unphased	1.08225108225108	1.08225108225108	1
11	10514979	10514980	98	21	2	1	1	1	NA	NA	NA	unphased	0.802139037433155	0.802139037433155	1
11	10526198	10526199	61	14	2	1	1	1	NA	NA	NA	unphased	0.848484848484849	0.848484848484849	1
11	18195509	18195510	51	10	2	1	1	1	NA	NA	NA	unphased	0.745156482861401	0.745156482861401	1
11	30033612	30033613	52	8	2	1	1	1	NA	NA	NA	unphased	0.606060606060606	0.606060606060606	1
11	47355471	47355472	8	3	3	2	1	1	NA	NA	NA	unphased	1.51239669421488	1.51239669421488	1
11	57575872	57575873	101	39	3	2	1	1	NA	NA	NA	unphased	1.5448051948052	0.772402597402598	2
11	60234453	60234454	93	12	3	2	1	1	NA	NA	NA	unphased	0.633766233766234	0.633766233766234	1
11	65427629	65427630	82	26	1.36	2	1	0.18	1	0	0.82	unphased	0.94020202020202	0.94020202020202	1
11	92532479	92532480	30	4	3	2	1	1	NA	NA	NA	unphased	0.6524064171123	0.6524064171123	1
11	108357164	108357165	67	13	4	3	1	1	NA	NA	NA	unphased	1.06363636363636	1.06363636363636	1
11	117869978	117869979	110	25	4	3	1	1	NA	NA	NA	unphased	1.21212121212121	1.21212121212121	1
11	118134902	118134903	53	10	4	3	1	1	NA	NA	NA	unphased	1.03896103896104	1.03896103896104	1
11	121028737	121028738	20	26	4	3	1	1	NA	NA	NA	unphased	3.699604743083	1.23320158102767	3
11	123513294	123513295	113	45	4	3	1	1	NA	NA	NA	unphased	1.86421173762946	0.93210586881473	2
12	250350	250351	127	21	NA	NA	NA	NA	NA	NA	NA	unphased	NA	NA	1
12	549898	549899	82	14	NA	NA	NA	NA	NA	NA	NA	unphased	NA	NA	1
12	6638689	6638690	84	32	4	2	2	1	NA	NA	NA	unphased	1.80564263322884	0.90282131661442	2
12	9754177	9754178	56	7	4	2	2	1	NA	NA	NA	unphased	0.727272727272727	0.727272727272727	1
12	10588419	10588420	205	28	4	2	2	1	NA	NA	NA	unphased	0.786578228638314	0.786578228638314	1
12	22637740	22637741	88	34	4	2	2	1	NA	NA	NA	unphased	1.82414307004471	0.912071535022355	2
12	22637745	22637746	84	34	4	2	2	1	NA	NA	NA	unphased	1.88597842835131	0.942989214175655	2
12	25243094	25243095	93	57	4	2	2	1	NA	NA	NA	unphased	2.48727272727273	1.24363636363636	2
12	40114813	40114814	68	15	4	2	2	1	NA	NA	NA	unphased	1.1829134720701	1.1829134720701	1
12	52162810	52162811	37	7	4	2	2	1	NA	NA	NA	unphased	1.04132231404959	1.04132231404959	1
12	102590465	102590466	212	82	4	2	2	1	NA	NA	NA	unphased	1.82560296846011	0.912801484230056	2
12	130841572	130841573	44	14	4	2	2	1	NA	NA	NA	unphased	1.57993730407523	0.789968652037617	2
13	28897006	28897007	205	35	4.28	4	1	0.82	1	0	0.18	unphased	0.995378787878788	0.995378787878788	1
13	101763504	101763505	297	35	4.32	4	1	0.83	1	0	0.17	unphased	0.723767798466594	0.872009395742884	0.83
15	22368560	22368561	88	12	NA	NA	NA	NA	NA	NA	NA	unphased	NA	NA	1
15	28202860	28202861	36	16	3	2	1	1	NA	NA	NA	unphased	1.70629370629371	0.853146853146853	2
15	41650393	41650394	48	12	3	2	1	1	NA	NA	NA	unphased	1.10909090909091	1.10909090909091	1
15	49030439	49030440	32	7	3	2	1	1	NA	NA	NA	unphased	0.995337995337995	0.995337995337995	1
15	63084979	63084980	34	10	3	2	1	1	NA	NA	NA	unphased	1.2603305785124	1.2603305785124	1
15	77471164	77471165	56	22	3	2	1	1	NA	NA	NA	unphased	1.56410256410256	0.782051282051282	2
15	100246987	100246988	40	20	3	2	1	1	NA	NA	NA	unphased	1.84848484848485	0.924242424242424	2
16	3658854	3658855	115	18	3	2	1	1	NA	NA	NA	unphased	0.750512645249487	0.750512645249487	1
16	22319507	22319508	82	13	3	2	1	1	NA	NA	NA	unphased	0.758851674641148	0.758851674641148	1
16	57951264	57951265	90	20	2.05	3	1	0.35	1	0	0.65	unphased	0.835537190082645	0.835537190082645	1
16	70500095	70500096	53	41	4	3	1	1	NA	NA	NA	unphased	2.85493230174081	0.951644100580271	3
16	72845909	72845910	57	25	3	2	1	1	NA	NA	NA	unphased	1.69068736141907	0.845343680709534	2
16	74695344	74695345	214	67	3	2	1	1	NA	NA	NA	unphased	1.32222581688774	1.32222581688774	1
17	3474818	3474819	5	7	2	2	0	1	NA	NA	NA	unphased	2.65151515151515	1.32575757575758	2
17	6337411	6337412	15	7	2	2	0	1	NA	NA	NA	unphased	1.44628099173554	1.44628099173554	1
17	7139896	7139897	105	57	2	2	0	1	NA	NA	NA	unphased	1.5993265993266	0.7996632996633	2
17	7578456	7578457	46	37	2	2	0	1	NA	NA	NA	unphased	2.026286966046	1.013143483023	2
17	37864712	37864713	104	63	2	2	0	1	NA	NA	NA	unphased	1.71475231355471	0.857376156777354	2
17	45822824	45822825	16	8	2	2	0	1	NA	NA	NA	unphased	1.51515151515152	1.51515151515152	1
17	48050471	48050472	27	16	2	2	0	1	NA	NA	NA	unphased	1.69133192389006	0.845665961945032	2
18	9254527	9254528	153	23	3	2	1	1	NA	NA	NA	unphased	0.724690082644628	0.724690082644628	1
18	59942703	59942704	56	12	3	2	1	1	NA	NA	NA	unphased	0.978609625668449	0.978609625668449	1
18	67993356	67993357	78	16	3	2	1	1	NA	NA	NA	unphased	0.943907156673114	0.943907156673114	1
18	77659473	77659474	21	5	NA	NA	NA	NA	NA	NA	NA	unphased	NA	NA	1
19	8389684	8389685	71	26	2.9	4	2	0.38	1	0	0.62	unphased	1.45960637300843	1.05768577754234	1.38
19	9727721	9727722	64	16	2.9	4	2	0.38	1	0	0.62	unphased	1.08909090909091	1.08909090909091	1
19	12878911	12878912	89	237	9	7	2	1	NA	NA	NA	unphased	8.39347462353597	1.19906780336228	7
19	15164317	15164318	252	42	9	7	2	1	NA	NA	NA	unphased	1.64935064935065	0.824675324675325	2
19	15791258	15791259	63	18	9	7	2	1	NA	NA	NA	unphased	2.56565656565657	0.855218855218855	3
19	17265132	17265133	141	26	4.01	6	2	0.43	1	0	0.57	unphased	1.02060968971149	1.02060968971149	1
19	17442021	17442022	65	61	4.01	6	2	0.43	1	0	0.57	unphased	3.17367243867244	1.00751505989601	3.15
19	19381139	19381140	36	59	4.01	6	2	0.43	1	0	0.57	unphased	4.07128229665072	0.949016852366135	4.29
19	19381155	19381156	32	71	4.01	6	2	0.43	1	0	0.57	unphased	4.51880847308032	1.02004705938608	4.43
19	22780132	22780133	153	27	4.01	6	2	0.43	1	0	0.57	unphased	0.983318181818182	0.983318181818182	1
19	39998798	39998799	49	15	4	2	2	1	NA	NA	NA	unphased	1.53409090909091	1.53409090909091	1
19	40336970	40336971	33	14	4	2	2	1	NA	NA	NA	unphased	1.94970986460348	0.974854932301741	2
19	41381559	41381560	116	5	4	2	2	1	NA	NA	NA	unphased	0.270473328324568	0.270473328324568	1
19	45656362	45656363	14	3	4	2	2	1	NA	NA	NA	unphased	1.15508021390374	1.15508021390374	1
19	54395050	54395051	99	36	4	2	2	1	NA	NA	NA	unphased	1.74545454545455	0.872727272727273	2
19	57647046	57647047	163	46	4	2	2	1	NA	NA	NA	unphased	1.44062635928665	0.720313179643323	2
19	57803638	57803639	31	11	4	2	2	1	NA	NA	NA	unphased	1.71428571428571	0.857142857142857	2
2	45616516	45616517	84	33	4	2	2	1	NA	NA	NA	unphased	1.84615384615385	0.923076923076923	2
2	69208053	69208054	15	3	4	2	2	1	NA	NA	NA	unphased	1.09090909090909	1.09090909090909	1
2	130833090	130833091	23	6	4	2	2	1	NA	NA	NA	unphased	1.35423197492163	1.35423197492163	1
2	158114720	158114721	178	52	4	2	2	1	NA	NA	NA	unphased	1.4798418972332	0.739920948616601	2
2	167298200	167298201	85	33	4	2	2	1	NA	NA	NA	unphased	1.83050847457627	0.915254237288135	2
2	179428792	179428793	157	62	4	2	2	1	NA	NA	NA	unphased	1.85305105853051	0.926525529265255	2
2	179569462	179569463	39	5	4	2	2	1	NA	NA	NA	unphased	0.743801652892562	0.743801652892562	1
2	189855087	189855088	71	14	4	2	2	1	NA	NA	NA	unphased	1.07807486631016	1.07807486631016	1
20	23472425	23472426	120	63	3	2	1	1	NA	NA	NA	unphased	1.90909090909091	0.954545454545455	2
20	43108969	43108970	81	13	3	2	1	1	NA	NA	NA	unphased	0.766924564796905	0.766924564796905	1
20	44444262	44444263	121	19	3	2	1	1	NA	NA	NA	unphased	0.752597402597403	0.752597402597403	1
20	58416494	58416495	63	8	3	2	1	1	NA	NA	NA	unphased	0.624839948783611	0.624839948783611	1
20	60893680	60893681	32	23	NA	NA	NA	NA	NA	NA	NA	unphased	NA	NA	1
20	60893953	60893954	9	8	NA	NA	NA	NA	NA	NA	NA	unphased	NA	NA	1
20	61341011	61341012	48	23	1.42	2	1	0.21	1	0	0.79	unphased	1.28458386683739	1.28458386683739	1
20	62705588	62705589	50	25	NA	NA	NA	NA	NA	NA	NA	unphased	NA	NA	1
21	41719704	41719705	190	111	3	2	1	1	NA	NA	NA	unphased	2.04500151011779	1.02250075505889	2
21	45706448	45706449	74	8	3	2	1	1	NA	NA	NA	unphased	0.541019955654102	0.541019955654102	1
22	17071945	17071946	126	61	NA	NA	NA	NA	NA	NA	NA	unphased	NA	NA	1
3	7620792	7620793	50	31	2	2	0	1	NA	NA	NA	unphased	1.73961840628507	0.869809203142536	2
3	39228400	39228401	27	17	2	2	0	1	NA	NA	NA	unphased	1.75619834710744	0.878099173553719	2
3	53684869	53684870	76	38	2	2	0	1	NA	NA	NA	unphased	1.51515151515152	0.757575757575758	2
3	105572276	105572277	225	80	2.92	3	2	0.48	1	0	0.52	unphased	1.43356184798808	0.968622870262214	1.48
3	119121047	119121048	150	20	2.92	3	2	0.48	1	0	0.52	unphased	0.642994652406417	1.33957219251337	0.48
3	122287848	122287849	114	18	2.92	3	2	0.48	1	0	0.52	unphased	0.745289256198347	0.745289256198347	1
3	140397052	140397053	138	60	2.92	3	2	0.48	1	0	0.52	unphased	1.65619834710744	1.11905293723476	1.48
3	141535631	141535632	180	47	2.92	3	2	0.48	1	0	0.52	unphased	1.13161393672407	1.13161393672407	1
3	141535700	141535701	234	67	2.92	3	2	0.48	1	0	0.52	unphased	1.21656297191181	0.82200200804852	1.48
3	147114107	147114108	18	4	2.92	3	2	0.48	1	0	0.52	unphased	0.993719008264463	0.993719008264463	1
3	183907052	183907053	107	22	2.92	3	2	0.48	1	0	0.52	unphased	0.932093023255814	0.932093023255814	1
3	184038428	184038429	148	36	2.92	3	2	0.48	1	0	0.52	unphased	1.06932806324111	1.06932806324111	1
3	195622266	195622267	14	4	2	4	2	0.2	1	0	0.8	unphased	1.01010101010101	1.01010101010101	1
4	55955888	55955889	118	67	2	2	0	1	NA	NA	NA	unphased	1.64619164619165	0.823095823095823	2
4	79437158	79437159	8	7	2	2	0	1	NA	NA	NA	unphased	2.12121212121212	1.06060606060606	2
4	146807208	146807209	46	8	2	2	0	1	NA	NA	NA	unphased	0.673400673400673	0.673400673400673	1
5	40998192	40998193	187	262	8	7	1	1	NA	NA	NA	unphased	6.15347236282648	1.02557872713775	6
5	50128659	50128660	43	22	NA	NA	NA	NA	NA	NA	NA	unphased	NA	NA	1
5	76331617	76331618	30	15	3	2	1	1	NA	NA	NA	unphased	1.84848484848485	0.924242424242424	2
5	79752838	79752839	48	35	3	2	1	1	NA	NA	NA	unphased	2.33844468784228	1.16922234392114	2
5	90449046	90449047	11	7	3	2	1	1	NA	NA	NA	unphased	2.15656565656566	1.07828282828283	2
5	94022306	94022307	218	56	3	2	1	1	NA	NA	NA	unphased	1.13337757133378	1.13337757133378	1
5	140168013	140168014	56	18	3	2	1	1	NA	NA	NA	unphased	1.34889434889435	1.34889434889435	1
5	140604600	140604601	130	22	3	2	1	1	NA	NA	NA	unphased	0.802631578947369	0.802631578947369	1
5	176003182	176003183	55	12	3	2	1	1	NA	NA	NA	unphased	0.993215739484396	0.993215739484396	1
5	178392300	178392301	51	32	3	2	1	1	NA	NA	NA	unphased	2.13800657174151	1.06900328587076	2
6	7571677	7571678	144	89	2	2	0	1	NA	NA	NA	unphased	1.73624658603199	0.868123293015997	2
6	26156777	26156778	35	6	2	2	0	1	NA	NA	NA	unphased	0.665188470066519	0.665188470066519	1
6	29797254	29797255	195	11	2	2	0	1	NA	NA	NA	unphased	0.242718446601942	0.242718446601942	1
6	38743617	38743618	133	21	4	2	2	1	NA	NA	NA	unphased	0.892561983471074	0.892561983471074	1
6	42044884	42044885	133	14	4	2	2	1	NA	NA	NA	unphased	0.623376623376623	0.623376623376623	1
6	43480207	43480208	71	16	4	2	2	1	NA	NA	NA	unphased	1.20376175548589	1.20376175548589	1
6	51524603	51524604	83	45	3	2	1	1	NA	NA	NA	unphased	1.94957386363636	0.974786931818182	2
6	55739435	55739436	135	28	3	2	1	1	NA	NA	NA	unphased	0.952593418851088	0.952593418851088	1
6	133833900	133833901	142	87	3	2	1	1	NA	NA	NA	unphased	2.10678840809845	1.05339420404923	2
6	138192645	138192646	111	43	3	2	1	1	NA	NA	NA	unphased	1.54840613931523	0.774203069657615	2
6	147124106	147124107	91	11	3	2	1	1	NA	NA	NA	unphased	0.598039215686275	0.598039215686275	1
6	159046220	159046221	153	46	3	2	1	1	NA	NA	NA	unphased	1.28186386477844	1.28186386477844	1
6	168317905	168317906	135	69	3	2	1	1	NA	NA	NA	unphased	1.87566844919786	0.937834224598931	2
6	169637754	169637755	72	12	3	2	1	1	NA	NA	NA	unphased	0.792207792207792	0.792207792207792	1
7	4823973	4823974	5	4	3	2	1	1	NA	NA	NA	unphased	2.46464646464646	2.46464646464646	1
7	38402579	38402580	64	14	3	2	1	1	NA	NA	NA	unphased	0.995337995337995	0.995337995337995	1
7	95216386	95216387	45	3	4	3	1	1	NA	NA	NA	unphased	0.409090909090909	0.409090909090909	1
7	99821237	99821238	161	22	4	3	1	1	NA	NA	NA	unphased	0.786885245901639	0.786885245901639	1
7	105516994	105516995	48	12	4	3	1	1	NA	NA	NA	unphased	1.30909090909091	1.30909090909091	1
7	107427306	107427307	122	25	4	3	1	1	NA	NA	NA	unphased	1.11317254174397	1.11317254174397	1
7	117386085	117386086	116	65	4	3	1	1	NA	NA	NA	unphased	2.35057759919638	1.17528879959819	2
8	30546778	30546779	87	23	5	3	2	1	NA	NA	NA	unphased	1.57768595041322	0.788842975206612	2
8	121237335	121237336	127	35	5	3	2	1	NA	NA	NA	unphased	1.63019079685746	0.815095398428732	2
8	134060110	134060111	89	4	5	3	2	1	NA	NA	NA	unphased	0.324535679374389	0.324535679374389	1
8	145006635	145006636	88	25	5	3	2	1	NA	NA	NA	unphased	1.66934835076428	0.83467417538214	2
9	80879232	80879233	34	16	2	2	0	1	NA	NA	NA	unphased	1.45454545454545	1.45454545454545	1
X	3248134	3248135	28	9	NA	NA	NA	NA	NA	NA	NA	unphased	NA	NA	1
X	15609978	15609979	196	101	NA	NA	NA	NA	NA	NA	NA	unphased	NA	NA	1
X	52681965	52681966	101	48	NA	NA	NA	NA	NA	NA	NA	unphased	NA	NA	1
X	54359718	54359719	75	21	NA	NA	NA	NA	NA	NA	NA	unphased	NA	NA	1
X	69420306	69420307	52	12	NA	NA	NA	NA	NA	NA	NA	unphased	NA	NA	1
X	69615552	69615553	61	10	NA	NA	NA	NA	NA	NA	NA	unphased	NA	NA	1
X	70466281	70466282	45	9	NA	NA	NA	NA	NA	NA	NA	unphased	NA	NA	1
X	96139742	96139743	87	19	NA	NA	NA	NA	NA	NA	NA	unphased	NA	NA	1
X	111195572	111195573	103	22	NA	NA	NA	NA	NA	NA	NA	unphased	NA	NA	1
X	111698849	111698850	54	6	NA	NA	NA	NA	NA	NA	NA	unphased	NA	NA	1
X	117764394	117764395	264	30	NA	NA	NA	NA	NA	NA	NA	unphased	NA	NA	1
X	120182718	120182719	256	54	NA	NA	NA	NA	NA	NA	NA	unphased	NA	NA	1
X	123515072	123515073	228	40	NA	NA	NA	NA	NA	NA	NA	unphased	NA	NA	1
X	138643728	138643729	109	31	NA	NA	NA	NA	NA	NA	NA	unphased	NA	NA	1
