chr	start	end	WT.count	mut.count	subclonal.CN	nMaj1	nMin1	frac1	nMaj2	nMin2	frac2	phase	mutation.copy.number	subclonal.fraction	no.chrs.bearing.mut
1	3427346	3427347	21	7	2.6	2	1	0.8	1	0	0.2	unphased	0.896268656716418	0.896268656716418	1
1	9791326	9791327	165	43	2.6	2	1	0.8	1	0	0.2	unphased	0.741145235361653	0.926431544202067	0.8
1	14106309	14106310	116	98	2.6	2	1	0.8	1	0	0.2	unphased	1.64176314688241	0.912090637156895	1.8
1	17699702	17699703	83	10	2.6	2	1	0.8	1	0	0.2	unphased	0.3854918953619	0.3854918953619	1
1	25627553	25627554	37	119	2.6	2	1	0.8	1	0	0.2	unphased	2.73476846536548	1.51931581409193	1.8
1	25785215	25785216	294	29	2.6	2	1	0.8	1	0	0.2	unphased	0.321879765260385	0.321879765260385	1
1	26360263	26360264	159	52	2.6	2	1	0.8	1	0	0.2	unphased	0.883525500459786	0.883525500459786	1
1	34330141	34330142	173	50	2.6	2	1	0.8	1	0	0.2	unphased	0.803828391673917	1.0047854895924	0.8
1	38078343	38078344	132	42	2.6	2	1	0.8	1	0	0.2	unphased	0.865362840967576	0.865362840967576	1
1	38409539	38409540	89	63	2.6	2	1	0.8	1	0	0.2	unphased	1.48591908876669	0.825510604870385	1.8
1	39800989	39800990	88	70	2.6	2	1	0.8	1	0	0.2	unphased	1.58832420177593	0.882402334319961	1.8
1	60330308	60330309	85	46	2.6	2	1	0.8	1	0	0.2	unphased	1.25888116668566	1.25888116668566	1
1	66067590	66067591	219	55	2.6	2	1	0.8	1	0	0.2	unphased	0.719631768166467	0.899539710208084	0.8
1	75114929	75114930	112	72	3	2	1	1	NA	NA	NA	unphased	1.55937702790396	0.779688513951979	2
1	75606790	75606791	147	31	3	2	1	1	NA	NA	NA	unphased	0.694029850746269	0.694029850746269	1
1	79404918	79404919	10	11	3	2	1	1	NA	NA	NA	unphased	2.08742004264392	1.04371002132196	2
1	94564445	94564446	92	23	3	2	1	1	NA	NA	NA	unphased	0.797014925373134	0.797014925373134	1
1	94685904	94685905	95	96	3	2	1	1	NA	NA	NA	unphased	2.0029694459639	1.00148472298195	2
1	108681679	108681680	99	17	3	2	1	1	NA	NA	NA	unphased	0.584019557385486	0.584019557385486	1
1	115275300	115275301	342	23	3	2	1	1	NA	NA	NA	unphased	0.251114291555919	0.251114291555919	1
1	142713805	142713806	68	6	NA	NA	NA	NA	NA	NA	NA	unphased	NA	NA	1
1	152193242	152193243	755	79	2.52	4	1	0.38	1	0	0.62	unphased	0.33201546225706	0.873724900676474	0.38
1	154966180	154966181	232	11	2.52	4	1	0.38	1	0	0.62	unphased	0.158665929611203	0.158665929611203	1
1	158613123	158613124	240	29	2.52	4	1	0.38	1	0	0.62	unphased	0.37787049880708	0.994396049492315	0.38
1	158908900	158908901	185	22	2.52	4	1	0.38	1	0	0.62	unphased	0.37252000865239	0.980315812243132	0.38
1	166039415	166039416	65	127	2.52	4	1	0.38	1	0	0.62	unphased	2.31846082089552	0.974143202056942	2.38
1	175086167	175086168	92	216	2.52	4	1	0.38	1	0	0.62	unphased	2.45810428377593	1.03281692595627	2.38
1	176563831	176563832	176	30	2.52	4	1	0.38	1	0	0.62	unphased	0.51044776119403	1.34328358208955	0.38
1	179993628	179993629	245	37	2.52	4	1	0.38	1	0	0.62	unphased	0.459885677993014	1.21022546840267	0.38
1	183086725	183086726	111	236	2.52	4	1	0.38	1	0	0.62	unphased	2.38385478945331	1.00161965943416	2.38
1	196695982	196695983	323	59	2.52	4	1	0.38	1	0	0.62	unphased	0.541359693678206	0.541359693678206	1
1	204159849	204159850	15	22	2.52	4	1	0.38	1	0	0.62	unphased	2.08409842678499	0.973877769525698	2.14
1	204951101	204951102	83	5	2.52	4	1	0.38	1	0	0.62	unphased	0.199151967435549	0.524084124830393	0.38
1	216166469	216166470	379	83	2.52	4	1	0.38	1	0	0.62	unphased	0.629699554177166	0.629699554177166	1
1	216737637	216737638	294	58	2.52	4	1	0.38	1	0	0.62	unphased	0.577540705563093	0.577540705563093	1
1	234743447	234743448	159	24	2.52	4	1	0.38	1	0	0.62	unphased	0.459681918277465	1.20968925862491	0.38
1	237905619	237905620	26	3	2.52	4	1	0.38	1	0	0.62	unphased	0.362593926917138	0.954194544518785	0.38
1	240975292	240975293	511	15	2.52	4	1	0.38	1	0	0.62	unphased	0.0999545996254469	0.0999545996254469	1
1	241262036	241262037	244	30	2.52	4	1	0.38	1	0	0.62	unphased	0.3837672949123	1.00991393397974	0.38
1	241757786	241757787	550	16	2.52	4	1	0.38	1	0	0.62	unphased	0.0990833816781815	0.0990833816781815	1
1	245027150	245027151	13	36	2.52	4	1	0.38	1	0	0.62	unphased	2.57515686871764	0.933027850984651	2.76
1	247752206	247752207	140	356	2.52	4	1	0.38	1	0	0.62	unphased	2.51573904670197	1.05703321289999	2.38
1	247769575	247769576	76	169	2.52	4	1	0.38	1	0	0.62	unphased	2.41778617118489	1.01587654251466	2.38
1	248525718	248525719	438	70	NA	NA	NA	NA	NA	NA	NA	unphased	NA	NA	1
10	16858987	16858988	83	46	4	2	2	1	NA	NA	NA	unphased	1.7776235103552	0.8888117551776	2
10	18689953	18689954	92	14	4	2	2	1	NA	NA	NA	unphased	0.658406082793579	0.658406082793579	1
10	27702959	27702960	58	43	4	2	2	1	NA	NA	NA	unphased	2.12235850450717	1.06117925225358	2
10	97951601	97951602	60	26	3	2	1	1	NA	NA	NA	unphased	1.20479000347102	1.20479000347102	1
10	98105611	98105612	52	40	3	2	1	1	NA	NA	NA	unphased	1.73264114211551	0.866320571057755	2
10	114061860	114061861	187	131	3	2	1	1	NA	NA	NA	unphased	1.64165023936919	0.820825119684596	2
10	118307904	118307905	255	99	3	2	1	1	NA	NA	NA	unphased	1.11447002276752	1.11447002276752	1
10	123845189	123845190	69	15	3	2	1	1	NA	NA	NA	unphased	0.711620469083156	0.711620469083156	1
11	4626666	4626667	104	43	2	1	1	0.14	1	1	0.86	unphased	0.873185094933496	0.873185094933496	1
11	6503550	6503551	7	3	2	1	1	0.14	1	1	0.86	unphased	0.895522388059701	0.895522388059701	1
11	7083728	7083729	164	57	2	1	1	0.14	1	1	0.86	unphased	0.769906125481191	0.895239680792083	0.86
11	16340071	16340072	358	18	3	2	1	1	NA	NA	NA	unphased	0.190774849158463	0.190774849158463	1
11	18380125	18380126	204	135	3	2	1	1	NA	NA	NA	unphased	1.58697662131819	0.793488310659094	2
11	27016252	27016253	47	11	3	2	1	1	NA	NA	NA	unphased	0.755790015440041	0.755790015440041	1
11	40136053	40136054	252	69	3	2	1	1	NA	NA	NA	unphased	0.856604826335612	0.856604826335612	1
11	43283665	43283666	24	8	3	2	1	1	NA	NA	NA	unphased	0.996268656716418	0.996268656716418	1
11	47597188	47597189	212	74	3	2	1	1	NA	NA	NA	unphased	1.03110322513308	1.03110322513308	1
11	56237458	56237459	258	78	3	2	1	1	NA	NA	NA	unphased	0.925106609808102	0.925106609808102	1
11	63990579	63990580	132	34	3	2	1	1	NA	NA	NA	unphased	0.816220104297788	0.816220104297788	1
11	65660433	65660434	117	12	3	2	1	1	NA	NA	NA	unphased	0.370704616452621	0.370704616452621	1
11	67926106	67926107	152	149	3	2	1	1	NA	NA	NA	unphased	1.97267813755145	0.986339068775723	2
11	70178185	70178186	166	125	3	2	1	1	NA	NA	NA	unphased	1.71180181566395	0.855900907831974	2
11	86519228	86519229	90	24	3	2	1	1	NA	NA	NA	unphased	0.838963079340141	0.838963079340141	1
11	89896500	89896501	318	101	3	2	1	1	NA	NA	NA	unphased	0.960602714351868	0.960602714351868	1
11	102595585	102595586	269	10	3	2	1	1	NA	NA	NA	unphased	0.142834216016691	0.142834216016691	1
11	106810255	106810256	247	10	3	2	1	1	NA	NA	NA	unphased	0.155061269527847	0.155061269527847	1
11	113848604	113848605	122	33	3	2	1	1	NA	NA	NA	unphased	0.848435243139143	0.848435243139143	1
11	116734531	116734532	215	59	3	2	1	1	NA	NA	NA	unphased	0.858100010894433	0.858100010894433	1
11	122650302	122650303	145	42	3	2	1	1	NA	NA	NA	unphased	0.895043499082129	0.895043499082129	1
11	123814149	123814150	63	14	3	2	1	1	NA	NA	NA	unphased	0.724559023066486	0.724559023066486	1
11	123886689	123886690	322	231	3	2	1	1	NA	NA	NA	unphased	1.66465142641224	0.832325713206121	2
11	124623855	124623856	37	14	3	2	1	1	NA	NA	NA	unphased	1.09394205443371	1.09394205443371	1
11	124765378	124765379	138	42	3	2	1	1	NA	NA	NA	unphased	0.929850746268657	0.929850746268657	1
11	130784448	130784449	149	47	3	2	1	1	NA	NA	NA	unphased	0.955604629911666	0.955604629911666	1
11	132290070	132290071	71	45	3	2	1	1	NA	NA	NA	unphased	1.54593412249099	0.772967061245497	2
12	4627410	4627411	150	151	1.36	2	1	0.18	1	0	0.82	unphased	1.17643278623494	0.996976937487236	1.18
12	6131143	6131144	362	92	1.36	2	1	0.18	1	0	0.82	unphased	0.475213360510224	0.475213360510224	1
12	21391924	21391925	57	40	1.36	2	1	0.18	1	0	0.82	unphased	0.967041083243576	0.967041083243576	1
12	21919053	21919054	85	83	1.36	2	1	0.18	1	0	0.82	unphased	1.15857853589197	0.9818462168576	1.18
12	49412533	49412534	66	107	1.36	2	1	0.18	1	0	0.82	unphased	1.45042187904409	1.22917108393567	1.18
12	49420840	49420841	85	83	1.36	2	1	0.18	1	0	0.82	unphased	1.15857853589197	0.9818462168576	1.18
12	51079639	51079640	70	20	1.36	2	1	0.18	1	0	0.82	unphased	0.521127694859038	0.521127694859038	1
12	52715020	52715021	77	21	1.36	2	1	0.18	1	0	0.82	unphased	0.502515991471215	0.502515991471215	1
12	72388229	72388230	248	93	1.06	2	1	0.03	0	1	0.97	unphased	0.55774762550882	0.55774762550882	1
12	82872925	82872926	6	12	1.06	2	1	0.03	0	1	0.97	unphased	1.36338308457711	1.36338308457711	1
12	86272119	86272120	250	88	1.06	2	1	0.03	0	1	0.97	unphased	0.532445464982778	0.532445464982778	1
12	86272218	86272219	218	93	1.06	2	1	0.03	0	1	0.97	unphased	0.611549647262082	0.611549647262082	1
12	98987855	98987856	19	8	1.06	2	1	0.03	0	1	0.97	unphased	0.605948037589829	0.605948037589829	1
12	107080754	107080755	252	172	1.06	2	1	0.03	0	1	0.97	unphased	0.829605744860603	0.829605744860603	1
12	111758476	111758477	46	16	1.06	2	1	0.03	0	1	0.97	unphased	0.527761194029851	0.527761194029851	1
12	120567261	120567262	433	127	1.06	2	1	0.03	0	1	0.97	unphased	0.463793710021322	0.463793710021322	1
12	120587434	120587435	144	22	1.06	2	1	0.03	0	1	0.97	unphased	0.271033986693041	0.271033986693041	1
12	121132907	121132908	943	23	1.06	2	1	0.03	0	1	0.97	unphased	0.0486922530206112	0.0486922530206112	1
12	125473499	125473500	25	14	1.06	2	1	0.03	0	1	0.97	unphased	0.734129353233831	0.734129353233831	1
12	130831045	130831046	189	66	2.88	2	1	0.88	1	1	0.12	unphased	1.00037225636523	1.00037225636523	1
13	25000672	25000673	147	83	3	3	0	1	NA	NA	NA	unphased	1.43809214795587	0.719046073977936	2
13	33223008	33223009	108	28	3	3	0	1	NA	NA	NA	unphased	0.820456540825285	0.820456540825285	1
13	52605380	52605381	5	9	3	3	0	1	NA	NA	NA	unphased	2.56183368869936	0.853944562899787	3
13	93518681	93518682	65	96	2	2	0	1	NA	NA	NA	unphased	1.77992027440438	0.889960137202188	2
14	20389499	20389500	160	307	NA	NA	NA	NA	NA	NA	NA	unphased	NA	NA	1
14	29237226	29237227	20	61	2	2	0	1	NA	NA	NA	unphased	2.24801916344205	1.12400958172102	2
14	36018382	36018383	148	94	2	2	0	1	NA	NA	NA	unphased	1.15949179721229	1.15949179721229	1
14	59930634	59930635	13	22	2	2	0	1	NA	NA	NA	unphased	1.87633262260128	0.93816631130064	2
14	63842715	63842716	25	50	2	2	0	1	NA	NA	NA	unphased	1.99004975124378	0.99502487562189	2
14	65203601	65203602	15	24	2	2	0	1	NA	NA	NA	unphased	1.83696900114811	0.918484500574053	2
14	79746833	79746834	478	95	4	4	0	1	NA	NA	NA	unphased	0.826495793284884	0.826495793284884	1
14	81743258	81743259	65	255	4	4	0	1	NA	NA	NA	unphased	3.97248134328358	0.993120335820896	4
14	92088264	92088265	50	29	4	4	0	1	NA	NA	NA	unphased	1.82996410353297	0.914982051766484	2
14	94935675	94935676	435	66	4	4	0	1	NA	NA	NA	unphased	0.656716417910448	0.656716417910448	1
14	95081218	95081219	122	24	4	4	0	1	NA	NA	NA	unphased	0.819464322224494	0.819464322224494	1
14	95670676	95670677	330	58	4	4	0	1	NA	NA	NA	unphased	0.745191567933528	0.745191567933528	1
15	27188526	27188527	10	4	2	1	1	0.23	1	1	0.77	unphased	0.852878464818763	0.852878464818763	1
15	28600009	28600010	209	18	2	1	1	0.23	1	1	0.77	unphased	0.236701952791111	0.236701952791111	1
15	40933127	40933128	208	69	2	1	1	0.23	1	1	0.77	unphased	0.743574546042351	0.96568122862643	0.77
15	49329784	49329785	38	19	2	1	1	0.23	1	1	0.77	unphased	0.99502487562189	0.99502487562189	1
15	55912013	55912014	4	4	2	1	1	0.23	1	1	0.77	unphased	1.49253731343284	1.49253731343284	1
15	86284377	86284378	21	13	2	1	1	0.23	1	1	0.77	unphased	1.14135206321334	1.14135206321334	1
15	92690226	92690227	51	18	2	1	1	0.23	1	1	0.77	unphased	0.778715120051914	0.778715120051914	1
16	708257	708258	150	12	3	2	1	1	NA	NA	NA	unphased	0.295190713101161	0.295190713101161	1
16	819470	819471	57	56	3	2	1	1	NA	NA	NA	unphased	1.97490423986263	0.987452119931317	2
16	10576140	10576141	52	14	3	2	1	1	NA	NA	NA	unphased	0.845318860244233	0.845318860244233	1
16	19033050	19033051	148	45	3	2	1	1	NA	NA	NA	unphased	0.929162477766607	0.929162477766607	1
16	24373167	24373168	112	30	3	2	1	1	NA	NA	NA	unphased	0.841917174689931	0.841917174689931	1
16	28943298	28943299	72	42	4	2	2	1	NA	NA	NA	unphased	1.83660644147683	0.918303220738413	2
16	29979361	29979362	191	151	4	2	2	1	NA	NA	NA	unphased	2.20101248145239	1.10050624072619	2
16	51171082	51171083	105	148	4.6	4	2	0.65	1	1	0.35	unphased	3.26715827974751	0.990047963559851	3.3
16	52473098	52473099	53	55	4.6	4	2	0.65	1	1	0.35	unphased	2.8442509673853	0.9641528703001	2.95
16	53243468	53243469	141	20	4.6	4	2	0.65	1	1	0.35	unphased	0.693798090293872	1.06738167737519	0.65
16	57991253	57991254	153	47	4.6	4	2	0.65	1	1	0.35	unphased	1.31249253731343	0.795450022614202	1.65
16	67318230	67318231	34	21	3.78	2	2	0.89	1	1	0.11	unphased	1.8193921302578	0.962641338760742	1.89
16	70602972	70602973	34	5	3.78	2	2	0.89	1	1	0.11	unphased	0.610907003444317	0.610907003444317	1
16	74499644	74499645	376	269	3.78	2	2	0.89	1	1	0.11	unphased	1.98729468934398	1.05147867161057	1.89
16	74511409	74511410	157	51	3.78	2	2	0.89	1	1	0.11	unphased	1.16835964408726	1.16835964408726	1
16	89977664	89977665	69	7	NA	NA	NA	NA	NA	NA	NA	unphased	NA	NA	1
17	4624341	4624342	79	84	3	3	0	1	NA	NA	NA	unphased	2.05365808991851	1.02682904495925	2
17	7324848	7324849	42	18	3	3	0	1	NA	NA	NA	unphased	1.1955223880597	1.1955223880597	1
17	10322229	10322230	129	254	3	3	0	1	NA	NA	NA	unphased	2.64284322512763	0.880947741709209	3
17	10408729	10408730	75	193	3	3	0	1	NA	NA	NA	unphased	2.86984851860102	0.956616172867008	3
17	17696439	17696440	11	30	3	3	0	1	NA	NA	NA	unphased	2.91590826356025	0.971969421186749	3
17	25937077	25937078	224	51	1.75	3	1	0.25	1	0	0.75	unphased	0.507232021709634	0.507232021709634	1
17	37119292	37119293	308	58	1.75	3	1	0.25	1	0	0.75	unphased	0.433427126661773	0.433427126661773	1
17	40451894	40451895	44	8	1.75	3	1	0.25	1	0	0.75	unphased	0.420780711825488	0.420780711825488	1
17	42225980	42225981	321	83	1.75	3	1	0.25	1	0	0.75	unphased	0.561908896113492	0.561908896113492	1
17	54428147	54428148	264	48	1.75	3	1	0.25	1	0	0.75	unphased	0.420780711825488	0.420780711825488	1
17	58260813	58260814	104	128	1.75	3	1	0.25	1	0	0.75	unphased	1.50900669068451	1.00600446045634	1.5
17	66871871	66871872	120	14	1.75	3	1	0.25	1	0	0.75	unphased	0.285754065493428	1.14301626197371	0.25
17	73512833	73512834	10	15	1.75	3	1	0.25	1	0	0.75	unphased	1.6410447761194	1.09402985074627	1.5
17	76795028	76795029	378	73	1.75	3	1	0.25	1	0	0.75	unphased	0.442706092596883	0.442706092596883	1
17	80828206	80828207	46	51	1.75	3	1	0.25	1	0	0.75	unphased	1.43802892752731	0.958685951684875	1.5
18	31320004	31320005	100	10	2.74	2	1	0.74	1	1	0.26	unphased	0.338643147896879	0.338643147896879	1
18	31673471	31673472	166	51	2.74	2	1	0.74	1	1	0.26	unphased	0.875478368526033	0.875478368526033	1
18	43329864	43329865	124	85	2.74	2	1	0.74	1	1	0.26	unphased	1.5149825037492	0.87067959985586	1.74
18	48190554	48190555	79	29	2.74	2	1	0.74	1	1	0.26	unphased	1.00025152017689	1.00025152017689	1
18	56196469	56196470	138	50	2.74	2	1	0.74	1	1	0.26	unphased	0.990711336932359	0.990711336932359	1
18	56620812	56620813	106	30	2.74	2	1	0.74	1	1	0.26	unphased	0.821707638279192	0.821707638279192	1
19	3586839	3586840	13	27	2	2	0	1	NA	NA	NA	unphased	2.01492537313433	1.00746268656716	2
19	9267287	9267288	214	125	2	2	0	1	NA	NA	NA	unphased	1.10069123409501	1.10069123409501	1
19	10469917	10469918	9	12	2	2	0	1	NA	NA	NA	unphased	1.70575692963753	0.852878464818763	2
19	10602849	10602850	24	47	2	2	0	1	NA	NA	NA	unphased	1.97603531637587	0.988017658187934	2
19	11304075	11304076	45	9	2	2	0	1	NA	NA	NA	unphased	0.497512437810945	0.497512437810945	1
19	12848340	12848341	5	5	2	2	0	1	NA	NA	NA	unphased	1.49253731343284	1.49253731343284	1
19	16910813	16910814	188	26	5	3	2	1	NA	NA	NA	unphased	0.727158599525736	0.727158599525736	1
19	17085975	17085976	35	18	5	3	2	1	NA	NA	NA	unphased	2.03266685440721	1.0163334272036	2
19	17720815	17720816	235	129	5	3	2	1	NA	NA	NA	unphased	2.12108413974086	1.06054206987043	2
19	20828523	20828524	136	151	5	3	2	1	NA	NA	NA	unphased	3.14894170263664	1.04964723421221	3
19	22375820	22375821	295	114	5	3	2	1	NA	NA	NA	unphased	1.66821150968872	0.83410575484436	2
19	24309054	24309055	69	4	5	3	2	1	NA	NA	NA	unphased	0.327949294622776	0.327949294622776	1
19	33113382	33113383	362	119	3	2	1	1	NA	NA	NA	unphased	0.985912433673628	0.985912433673628	1
19	38713067	38713068	160	132	3	2	1	1	NA	NA	NA	unphased	1.80147209159681	0.900736045798405	2
19	41306705	41306706	38	11	3	2	1	1	NA	NA	NA	unphased	0.894608589704538	0.894608589704538	1
19	44500910	44500911	211	70	3	2	1	1	NA	NA	NA	unphased	0.992723216656929	0.992723216656929	1
19	50384663	50384664	79	15	3	2	1	1	NA	NA	NA	unphased	0.635916163861543	0.635916163861543	1
19	51169586	51169587	22	19	3	2	1	1	NA	NA	NA	unphased	1.84674190025482	0.923370950127412	2
19	52076625	52076626	219	46	3	2	1	1	NA	NA	NA	unphased	0.691748803154041	0.691748803154041	1
19	52660358	52660359	45	55	3	2	1	1	NA	NA	NA	unphased	2.19179104477612	1.09589552238806	2
19	52869895	52869896	107	69	3	2	1	1	NA	NA	NA	unphased	1.56233039348711	0.781165196743555	2
19	53994102	53994103	188	52	3	2	1	1	NA	NA	NA	unphased	0.863432835820895	0.863432835820895	1
19	55148332	55148333	56	44	3	2	1	1	NA	NA	NA	unphased	1.7534328358209	0.876716417910448	2
19	55418005	55418006	153	49	3	2	1	1	NA	NA	NA	unphased	0.966676518398108	0.966676518398108	1
19	55493678	55493679	203	54	3	2	1	1	NA	NA	NA	unphased	0.837330855450374	0.837330855450374	1
2	26741908	26741909	44	6	4.7	5	1	0.74	1	0	0.26	unphased	0.68220895522388	0.68220895522388	1
2	33783883	33783884	205	20	4.7	5	1	0.74	1	0	0.26	unphased	0.505339966832504	0.682891847070951	0.74
2	44569630	44569631	196	163	4.7	5	1	0.74	1	0	0.26	unphased	2.5812455826716	1.04082483172242	2.48
2	54146299	54146300	22	62	6	5	1	1	NA	NA	NA	unphased	5.15565031982942	1.03113006396588	5
2	54859734	54859735	94	193	6	5	1	1	NA	NA	NA	unphased	4.69728014977378	0.939456029954756	5
2	77746337	77746338	56	66	6	5	1	1	NA	NA	NA	unphased	3.77881086371422	0.944702715928554	4
2	98914456	98914457	138	13	3	2	1	1	NA	NA	NA	unphased	0.34308589502817	0.34308589502817	1
2	101893735	101893736	50	18	3	2	1	1	NA	NA	NA	unphased	1.0548726953468	1.0548726953468	1
2	128471313	128471314	108	117	3	2	1	1	NA	NA	NA	unphased	2.07223880597015	1.03611940298507	2
2	130737914	130737915	144	69	3	2	1	1	NA	NA	NA	unphased	1.29093966785789	1.29093966785789	1
2	130798117	130798118	4	7	3	2	1	1	NA	NA	NA	unphased	2.5359565807327	1.26797829036635	2
2	133539997	133539998	55	21	3	2	1	1	NA	NA	NA	unphased	1.10113904163394	1.10113904163394	1
2	164467353	164467354	251	110	3	2	1	1	NA	NA	NA	unphased	1.21428866746599	1.21428866746599	1
2	170029716	170029717	86	34	3	2	1	1	NA	NA	NA	unphased	1.12910447761194	1.12910447761194	1
2	170059404	170059405	177	60	3	2	1	1	NA	NA	NA	unphased	1.00887965237106	1.00887965237106	1
2	170936430	170936431	154	149	3	2	1	1	NA	NA	NA	unphased	1.95965715974583	0.979828579872913	2
2	176794703	176794704	162	39	3	2	1	1	NA	NA	NA	unphased	0.773223435063489	0.773223435063489	1
2	179594172	179594173	246	67	3	2	1	1	NA	NA	NA	unphased	0.853035143769968	0.853035143769968	1
2	179614215	179614216	103	89	3	2	1	1	NA	NA	NA	unphased	1.84724813432836	0.923624067164179	2
2	182543415	182543416	17	16	3	2	1	1	NA	NA	NA	unphased	1.93215739484396	0.966078697421981	2
2	187625901	187625902	128	40	3	2	1	1	NA	NA	NA	unphased	0.948827292110874	0.948827292110874	1
2	191795218	191795219	163	23	3	2	1	1	NA	NA	NA	unphased	0.492778045257583	0.492778045257583	1
2	207173839	207173840	66	8	3	2	1	1	NA	NA	NA	unphased	0.430818878580073	0.430818878580073	1
2	207176076	207176077	22	6	3	2	1	1	NA	NA	NA	unphased	0.853944562899787	0.853944562899787	1
2	231658040	231658041	87	25	3	2	1	1	NA	NA	NA	unphased	0.889525586353945	0.889525586353945	1
2	234112938	234112939	44	54	3	2	1	1	NA	NA	NA	unphased	2.19585744745659	1.0979287237283	2
20	896736	896737	91	72	2.88	2	1	0.94	0	1	0.0600000000000001	unphased	1.70727222781797	0.908123525435088	1.88
20	1277790	1277791	47	7	2.88	2	1	0.94	0	1	0.0600000000000001	unphased	0.501028192371476	0.533008715288804	0.94
20	1286155	1286156	161	64	2.88	2	1	0.94	0	1	0.0600000000000001	unphased	1.09939900497512	1.09939900497512	1
20	20552579	20552580	16	19	2.88	2	1	0.94	0	1	0.0600000000000001	unphased	2.09818336886994	1.08153781900512	1.94
20	23065009	23065010	318	111	2.88	2	1	0.94	0	1	0.0600000000000001	unphased	1.00005427408412	1.00005427408412	1
20	30822338	30822339	116	303	3.6	5	1	0.4	1	1	0.6	unphased	3.31569835785274	0.975205399368453	3.4
20	31622901	31622902	270	12	3.6	5	1	0.4	1	1	0.6	unphased	0.195109558590029	0.195109558590029	1
20	36611921	36611922	41	15	2	1	1	0.25	1	1	0.75	unphased	0.799573560767591	0.799573560767591	1
20	44506878	44506879	66	25	2	1	1	0.25	1	1	0.75	unphased	0.820075446941119	0.820075446941119	1
20	44685077	44685078	48	22	2	1	1	0.25	1	1	0.75	unphased	0.93816631130064	0.93816631130064	1
20	45228638	45228639	135	35	2	1	1	0.25	1	1	0.75	unphased	0.614574187884109	0.819432250512145	0.75
20	56090873	56090874	223	71	2	1	1	0.21	1	1	0.79	unphased	0.720885369073002	0.912513125408864	0.79
20	57415275	57415276	39	24	2	1	1	0.21	1	1	0.79	unphased	1.13717128642502	1.13717128642502	1
20	57576577	57576578	32	20	2	1	1	0.21	1	1	0.79	unphased	1.14810562571757	1.14810562571757	1
20	62338481	62338482	8	4	NA	NA	NA	NA	NA	NA	NA	unphased	NA	NA	1
21	11015090	11015091	28	29	NA	NA	NA	NA	NA	NA	NA	unphased	NA	NA	1
21	11097575	11097576	133	11	NA	NA	NA	NA	NA	NA	NA	unphased	NA	NA	1
21	33044664	33044665	25	51	3	3	0	1	NA	NA	NA	unphased	2.6741948153967	0.8913982717989	3
21	43783370	43783371	70	31	2	2	0	1	NA	NA	NA	unphased	0.916211024087483	0.916211024087483	1
21	44273747	44273748	8	15	2	2	0	1	NA	NA	NA	unphased	1.94678780012979	0.973393900064893	2
21	46117823	46117824	42	45	2	2	0	1	NA	NA	NA	unphased	1.54400411734431	0.772002058672156	2
22	26264283	26264284	30	10	3.64	2	2	0.82	1	1	0.18	unphased	1.15626865671642	1.15626865671642	1
22	32242823	32242824	103	14	3.64	2	2	0.82	1	1	0.18	unphased	0.553427733129226	0.674911869669787	0.82
22	36886289	36886290	309	200	3.64	2	2	0.82	1	1	0.18	unphased	1.81731812450518	0.998526442035811	1.82
22	37603577	37603578	99	83	3.64	2	2	0.82	1	1	0.18	unphased	2.10923732983434	1.15892160979909	1.82
22	38877553	38877554	49	50	3.64	2	2	0.82	1	1	0.18	unphased	2.33589627619478	1.28345949241472	1.82
22	40417596	40417597	33	21	3.64	2	2	0.82	1	1	0.18	unphased	1.79864013266998	0.988263809159332	1.82
3	11350507	11350508	190	251	2	2	0	1	NA	NA	NA	unphased	1.69898805293262	0.849494026466308	2
3	28566159	28566160	17	37	2	2	0	1	NA	NA	NA	unphased	2.04532891100055	1.02266445550028	2
3	40469139	40469140	4	8	2	2	0	1	NA	NA	NA	unphased	1.99004975124378	0.99502487562189	2
3	42299540	42299541	27	46	2	2	0	1	NA	NA	NA	unphased	1.88100592925782	0.94050296462891	2
3	74383977	74383978	77	55	1	1	0	1	NA	NA	NA	unphased	0.827114427860696	0.827114427860696	1
3	77571934	77571935	73	23	1	1	0	1	NA	NA	NA	unphased	0.475590796019901	0.475590796019901	1
3	77637987	77637988	52	41	1	1	0	1	NA	NA	NA	unphased	0.875140426897769	0.875140426897769	1
3	98512602	98512603	134	245	8	6	2	1	NA	NA	NA	unphased	5.80829362422715	0.968048937371192	6
3	108474511	108474512	95	34	3.9	5	2	0.38	1	1	0.62	unphased	1.28753904894134	1.28753904894134	1
3	108776293	108776294	404	44	3.9	5	2	0.38	1	1	0.62	unphased	0.479784115138593	1.26258977668051	0.38
3	112969594	112969595	192	19	3.9	5	2	0.38	1	1	0.62	unphased	0.439888236542407	1.15760062248002	0.38
3	113145024	113145025	1354	127	3.9	5	2	0.38	1	1	0.62	unphased	0.418909167867617	1.10239254702004	0.38
3	113755616	113755617	252	37	3.9	5	2	0.38	1	1	0.62	unphased	0.625424779218096	0.625424779218096	1
3	114070036	114070037	354	49	3.9	5	2	0.38	1	1	0.62	unphased	0.593966890115181	0.593966890115181	1
3	119211229	119211230	322	85	3.9	5	2	0.38	1	1	0.62	unphased	1.02022443067219	1.02022443067219	1
3	120394657	120394658	417	29	3.9	5	2	0.38	1	1	0.62	unphased	0.317639381567499	0.835893109388155	0.38
3	122354819	122354820	269	35	3.9	5	2	0.38	1	1	0.62	unphased	0.562426355066771	0.562426355066771	1
3	122645392	122645393	111	25	3.9	5	2	0.38	1	1	0.62	unphased	0.897991659350307	0.897991659350307	1
3	129183504	129183505	561	61	3.9	5	2	0.38	1	1	0.62	unphased	0.479082881412871	1.26074442477071	0.38
3	132294744	132294745	278	116	3.9	5	2	0.38	1	1	0.62	unphased	1.43824532161527	1.04220675479368	1.38
3	142525098	142525099	62	30	3.9	5	2	0.38	1	1	0.62	unphased	1.5929591174562	0.905090407645567	1.76
3	147127972	147127973	116	38	3.9	5	2	0.38	1	1	0.62	unphased	1.20540802481101	1.20540802481101	1
3	151458462	151458463	224	91	3.9	5	2	0.38	1	1	0.62	unphased	1.41124378109453	1.02264042108299	1.38
3	155199553	155199554	505	45	3.9	5	2	0.38	1	1	0.62	unphased	0.399687924016282	1.05181032635864	0.38
3	158415436	158415437	175	89	3.9	5	2	0.38	1	1	0.62	unphased	1.64686227951153	0.935717204267917	1.76
3	158415437	158415438	180	91	3.9	5	2	0.38	1	1	0.62	unphased	1.64037561271135	0.93203159813145	1.76
3	170198774	170198775	477	48	3.9	5	2	0.38	1	1	0.62	unphased	0.44663539445629	1.17535630120076	0.38
3	172165996	172165997	73	174	3.9	5	2	0.38	1	1	0.62	unphased	3.44130763188108	1.01813835262754	3.38
3	179460013	179460014	213	73	1.56	6	2	0.08	0	1	0.92	unphased	0.649616950213965	0.649616950213965	1
3	184910688	184910689	547	74	1.56	6	2	0.08	0	1	0.92	unphased	0.303277813829404	0.303277813829404	1
3	188956627	188956628	622	17	1.56	6	2	0.08	0	1	0.92	unphased	0.0677093406208395	0.846366757760493	0.08
3	197505210	197505211	162	25	1.56	6	2	0.08	0	1	0.92	unphased	0.340250618564929	0.340250618564929	1
4	1316280	1316281	33	40	1	1	0	1	NA	NA	NA	unphased	1.08771212430996	1.08771212430996	1
4	22389164	22389165	5	4	2	1	1	1	NA	NA	NA	unphased	1.32669983416252	1.32669983416252	1
4	48552576	48552577	45	30	2	1	1	0.1	1	1	0.9	unphased	1.19402985074627	1.19402985074627	1
4	56823454	56823455	191	59	2	1	1	0.1	1	1	0.9	unphased	0.704477611940298	0.704477611940298	1
4	85598452	85598453	60	30	2	1	1	0.1	1	1	0.9	unphased	0.99502487562189	0.99502487562189	1
4	96762124	96762125	113	10	2	1	1	0.1	1	1	0.9	unphased	0.24268899405412	0.24268899405412	1
4	115997954	115997955	116	49	2	1	1	0.1	1	1	0.9	unphased	0.88647670737223	0.88647670737223	1
4	151749382	151749383	84	83	1	1	0	1	NA	NA	NA	unphased	0.986593976226651	0.986593976226651	1
4	156631982	156631983	72	44	1	1	0	1	NA	NA	NA	unphased	0.75295934122491	0.75295934122491	1
4	165961429	165961430	56	53	1	1	0	1	NA	NA	NA	unphased	0.965219772696152	0.965219772696152	1
4	186366561	186366562	11	10	1	1	0	1	NA	NA	NA	unphased	0.945273631840796	0.945273631840796	1
5	6312633	6312634	19	11	4	2	2	1	NA	NA	NA	unphased	1.82786069651741	0.913930348258706	2
5	13864616	13864617	120	73	4	2	2	1	NA	NA	NA	unphased	1.88554636145696	0.942773180728482	2
5	23527305	23527306	167	70	4	2	2	1	NA	NA	NA	unphased	1.47238491088859	0.736192455444297	2
5	24491936	24491937	43	13	4	2	2	1	NA	NA	NA	unphased	1.15724946695096	1.15724946695096	1
5	24498595	24498596	161	84	4	2	2	1	NA	NA	NA	unphased	1.7091684434968	0.854584221748401	2
5	40692342	40692343	73	49	4	2	2	1	NA	NA	NA	unphased	2.00220210423293	1.00110105211647	2
5	41004482	41004483	259	139	4	2	2	1	NA	NA	NA	unphased	1.74101852546314	0.870509262731568	2
5	45396629	45396630	69	48	4	2	2	1	NA	NA	NA	unphased	2.04515882127822	1.02257941063911	2
5	120021814	120021815	59	142	2	2	0	1	NA	NA	NA	unphased	2.10885869161654	1.05442934580827	2
5	140209304	140209305	173	17	2	2	0	1	NA	NA	NA	unphased	0.267085624509034	0.267085624509034	1
5	140574308	140574309	49	88	2	2	0	1	NA	NA	NA	unphased	1.91742019827868	0.95871009913934	2
5	140574309	140574310	56	93	2	2	0	1	NA	NA	NA	unphased	1.86316738455374	0.931583692276871	2
5	140711924	140711925	269	10	2	2	0	1	NA	NA	NA	unphased	0.106991922109881	0.106991922109881	1
5	156757806	156757807	88	29	2	2	0	1	NA	NA	NA	unphased	0.739890292129098	0.739890292129098	1
6	12120634	12120635	100	125	4	3	1	1	NA	NA	NA	unphased	2.76948590381426	0.923161967938087	3
6	27107121	27107122	126	22	4	3	1	1	NA	NA	NA	unphased	0.741024606696248	0.741024606696248	1
6	29079671	29079672	242	311	4	3	1	1	NA	NA	NA	unphased	2.80354106501849	0.934513688339496	3
6	29640929	29640930	184	247	4	3	1	1	NA	NA	NA	unphased	2.85687571423624	0.952291904745414	3
6	31914820	31914821	198	38	4	3	1	1	NA	NA	NA	unphased	0.802681507715659	0.802681507715659	1
6	39046731	39046732	382	85	4	3	1	1	NA	NA	NA	unphased	0.907347630157563	0.907347630157563	1
6	52993719	52993720	144	189	4	3	1	1	NA	NA	NA	unphased	2.82936668011295	0.943122226704316	3
6	57472416	57472417	121	9	NA	NA	NA	NA	NA	NA	NA	unphased	NA	NA	1
6	82924286	82924287	143	20	5	4	1	1	NA	NA	NA	unphased	0.734364984891493	0.734364984891493	1
6	84569455	84569456	8	19	5.12	5	1	0.78	1	1	0.22	unphased	4.29616362631288	0.989899453067484	4.34
6	85446864	85446865	297	41	5.12	5	1	0.78	1	1	0.22	unphased	0.740556389649386	0.949431268781264	0.78
6	86253439	86253440	64	10	5.12	5	1	0.78	1	1	0.22	unphased	0.825010084711577	0.825010084711577	1
6	87965904	87965905	158	19	5.12	5	1	0.78	1	1	0.22	unphased	0.655346993844337	0.840188453646586	0.78
6	110541047	110541048	99	49	2	1	1	1	NA	NA	NA	unphased	0.988301734570391	0.988301734570391	1
6	138635046	138635047	30	17	2	1	1	0.15	1	1	0.85	unphased	1.07970784375992	1.07970784375992	1
6	155635433	155635434	32	10	2	1	1	0.15	1	1	0.85	unphased	0.710732054015636	0.710732054015636	1
6	163956075	163956076	129	13	2	1	1	0.15	1	1	0.85	unphased	0.273281479924322	0.273281479924322	1
6	170175437	170175438	41	14	2	1	1	0.15	1	1	0.85	unphased	0.759837177747625	0.759837177747625	1
7	5567225	5567226	17	4	2.98	2	1	0.99	0	1	0.01	unphased	0.755252309879175	0.755252309879175	1
7	11422149	11422150	52	12	2.98	2	1	0.99	0	1	0.01	unphased	0.743451492537313	0.743451492537313	1
7	34971210	34971211	161	26	2.98	2	1	0.99	0	1	0.01	unphased	0.55129379838774	0.55129379838774	1
7	37907412	37907413	89	25	2.98	2	1	0.99	0	1	0.01	unphased	0.869533909400366	0.869533909400366	1
7	38402609	38402610	103	52	2.98	2	1	0.99	0	1	0.01	unphased	1.33021858449687	0.671827567927712	1.98
7	44153946	44153947	30	4	2.98	2	1	0.99	0	1	0.01	unphased	0.46647936786655	0.46647936786655	1
7	76239477	76239478	196	29	2.44	3	1	0.22	1	1	0.78	unphased	0.441454063018242	0.441454063018242	1
7	81695830	81695831	37	13	2.44	3	1	0.22	1	1	0.78	unphased	0.890519402985075	0.890519402985075	1
7	84649629	84649630	60	78	2.44	3	1	0.22	1	1	0.78	unphased	1.93591174561973	0.872032317846724	2.22
7	95657514	95657515	315	407	2.44	3	1	0.22	1	1	0.78	unphased	1.93075536445198	0.869709623627017	2.22
7	99580819	99580820	14	7	2.44	3	1	0.22	1	1	0.78	unphased	1.14169154228856	1.14169154228856	1
7	103801610	103801611	132	142	2.44	3	1	0.22	1	1	0.78	unphased	1.77503867523695	0.799566970827457	2.22
7	103969661	103969662	142	36	2.44	3	1	0.22	1	1	0.78	unphased	0.692711722287439	0.692711722287439	1
7	105204389	105204390	60	88	2.44	3	1	0.22	1	1	0.78	unphased	2.03653085921743	0.917356242890732	2.22
7	128317839	128317840	48	13	2.44	3	1	0.22	1	1	0.78	unphased	0.729933936873012	0.729933936873012	1
7	129658312	129658313	11	4	2.44	3	1	0.22	1	1	0.78	unphased	0.913353233830846	0.913353233830846	1
7	134878008	134878009	98	30	2.44	3	1	0.22	1	1	0.78	unphased	0.802751865671642	0.802751865671642	1
7	139164405	139164406	158	165	2.44	3	1	0.22	1	1	0.78	unphased	1.74965112517906	0.788131137468044	2.22
7	142013417	142013418	310	82	2.44	3	1	0.22	1	1	0.78	unphased	0.716469692354554	0.716469692354554	1
7	142045350	142045351	264	66	2.44	3	1	0.22	1	1	0.78	unphased	0.685014925373134	0.685014925373134	1
7	142045387	142045388	312	46	2.44	3	1	0.22	1	1	0.78	unphased	0.440093387809556	0.440093387809556	1
8	11189090	11189091	109	318	3	3	0	1	NA	NA	NA	unphased	2.96780733335664	0.989269111118879	3
8	16001065	16001066	11	36	3	3	0	1	NA	NA	NA	unphased	3.05239758653541	1.01746586217847	3
8	27729451	27729452	59	190	3	3	0	1	NA	NA	NA	unphased	3.04081999640352	1.01360666546784	3
8	94935237	94935238	84	139	4.36	4	1	0.84	1	0	0.16	unphased	3.33168328759789	0.946500933976672	3.52
8	110984721	110984722	71	113	2.35	3	1	0.45	1	0	0.55	unphased	2.04817083062946	1.07798464769972	1.9
8	113702180	113702181	409	75	2.35	3	1	0.45	1	0	0.55	unphased	0.516798754163069	1.14844167591793	0.45
8	144803719	144803720	157	29	2.35	3	1	0.45	1	0	0.55	unphased	0.519984753651099	1.15552167478022	0.45
9	2081897	2081898	113	457	5	5	0	1	NA	NA	NA	unphased	4.79855983241686	0.959711966483373	5
9	39887385	39887386	131	27	3.78	2	2	0.89	1	1	0.11	unphased	0.814284904590969	0.814284904590969	1
9	77435286	77435287	133	30	3.78	2	2	0.89	1	1	0.11	unphased	0.877007600036627	0.877007600036627	1
9	84609542	84609543	44	11	3.78	2	2	0.89	1	1	0.11	unphased	0.953014925373134	0.953014925373134	1
9	102590725	102590726	96	44	3.78	2	2	0.89	1	1	0.11	unphased	1.49759488272921	0.79237824483027	1.89
9	104171501	104171502	273	11	3.78	2	2	0.89	1	1	0.11	unphased	0.184562749632121	0.184562749632121	1
9	104324200	104324201	552	117	3.78	2	2	0.89	1	1	0.11	unphased	0.83335385851014	0.936352650011393	0.89
9	111754346	111754347	32	15	3.78	2	2	0.89	1	1	0.11	unphased	1.52076849793585	0.804639416897277	1.89
9	117188638	117188639	139	25	3.78	2	2	0.89	1	1	0.11	unphased	0.726383327266109	0.816161041872032	0.89
9	118997638	118997639	86	54	3.78	2	2	0.89	1	1	0.11	unphased	1.83795735607676	0.972464209564423	1.89
9	119033689	119033690	308	85	3.78	2	2	0.89	1	1	0.11	unphased	1.03061410504728	1.03061410504728	1
9	125391440	125391441	84	40	3.78	2	2	0.89	1	1	0.11	unphased	1.53712084737602	0.813291453638107	1.89
9	140772527	140772528	17	7	3.78	2	2	0.89	1	1	0.11	unphased	1.38981343283582	1.38981343283582	1
X	205452	205453	137	110	NA	NA	NA	NA	NA	NA	NA	unphased	NA	NA	1
X	21450922	21450923	41	124	NA	NA	NA	NA	NA	NA	NA	unphased	NA	NA	1
X	26158005	26158006	3	27	NA	NA	NA	NA	NA	NA	NA	unphased	NA	NA	1
X	34148450	34148451	34	120	NA	NA	NA	NA	NA	NA	NA	unphased	NA	NA	1
X	37029403	37029404	66	200	NA	NA	NA	NA	NA	NA	NA	unphased	NA	NA	1
X	47774986	47774987	16	65	NA	NA	NA	NA	NA	NA	NA	unphased	NA	NA	1
X	52679418	52679419	188	12	NA	NA	NA	NA	NA	NA	NA	unphased	NA	NA	1
X	101382146	101382147	13	63	NA	NA	NA	NA	NA	NA	NA	unphased	NA	NA	1
X	105152719	105152720	17	42	NA	NA	NA	NA	NA	NA	NA	unphased	NA	NA	1
X	138671993	138671994	21	75	NA	NA	NA	NA	NA	NA	NA	unphased	NA	NA	1
