chr	start	end	WT.count	mut.count	subclonal.CN	nMaj1	nMin1	frac1	nMaj2	nMin2	frac2	phase	mutation.copy.number	subclonal.fraction	no.chrs.bearing.mut
1	2082356	2082357	38	5	NA	NA	NA	NA	NA	NA	NA	unphased	NA	NA	1
1	10035807	10035808	104	27	2	1	1	0.18	1	1	0.82	unphased	1.42142669123454	1.42142669123454	1
1	12171957	12171958	30	4	2	1	1	0.18	1	1	0.82	unphased	0.811359026369168	0.811359026369168	1
1	19027164	19027165	44	11	2	1	1	0.18	1	1	0.82	unphased	1.37931034482759	1.37931034482759	1
1	24507322	24507323	32	4	2	1	1	0.18	1	1	0.82	unphased	0.766283524904215	0.766283524904215	1
1	86890008	86890009	45	6	2	1	1	0.18	1	1	0.82	unphased	0.811359026369168	0.811359026369168	1
1	92511126	92511127	103	15	2	1	1	0.18	1	1	0.82	unphased	0.876680303915839	0.876680303915839	1
1	145440957	145440958	137	22	2	1	1	0.18	1	1	0.82	unphased	0.954239861201475	0.954239861201475	1
1	152081785	152081786	150	11	2	1	1	0.18	1	1	0.82	unphased	0.471192974941101	0.574625579196465	0.82
1	152191496	152191497	78	13	2	1	1	0.18	1	1	0.82	unphased	0.985221674876847	0.985221674876847	1
1	162302858	162302859	60	11	2	1	1	0.18	1	1	0.82	unphased	1.06847984458475	1.06847984458475	1
1	167097866	167097867	20	5	2	1	1	0.18	1	1	0.82	unphased	1.37931034482759	1.37931034482759	1
1	175092533	175092534	62	11	2	1	1	0.18	1	1	0.82	unphased	1.03920642418517	1.03920642418517	1
1	184041381	184041382	71	9	2	1	1	0.18	1	1	0.82	unphased	0.775862068965517	0.775862068965517	1
1	196205162	196205163	193	35	2	1	1	0.18	1	1	0.82	unphased	1.05868118572293	1.05868118572293	1
1	197325966	197325967	40	5	2	1	1	0.18	1	1	0.82	unphased	0.766283524904215	0.766283524904215	1
1	200818966	200818967	100	13	2	1	1	0.18	1	1	0.82	unphased	0.793408605431797	0.793408605431797	1
1	236759176	236759177	68	4	2	1	1	1	NA	NA	NA	unphased	0.383141762452107	0.383141762452107	1
1	237754045	237754046	152	21	2	1	1	1	NA	NA	NA	unphased	0.837153677496512	0.837153677496512	1
1	242048759	242048760	58	14	2	1	1	1	NA	NA	NA	unphased	1.34099616858238	1.34099616858238	1
1	247587617	247587618	89	11	2	1	1	1	NA	NA	NA	unphased	0.758620689655172	0.758620689655172	1
1	248059059	248059060	150	21	NA	NA	NA	NA	NA	NA	NA	unphased	NA	NA	1
1	248202537	248202538	57	9	NA	NA	NA	NA	NA	NA	NA	unphased	NA	NA	1
1	248844959	248844960	77	18	NA	NA	NA	NA	NA	NA	NA	unphased	NA	NA	1
10	11505353	11505354	148	19	2	1	1	1	NA	NA	NA	unphased	0.784637621309106	0.784637621309106	1
10	13234495	13234496	55	8	2	1	1	1	NA	NA	NA	unphased	0.875752599890531	0.875752599890531	1
10	16975227	16975228	43	10	2	1	1	1	NA	NA	NA	unphased	1.30123617436565	1.30123617436565	1
10	26939536	26939537	97	21	2	1	1	1	NA	NA	NA	unphased	1.22735242548217	1.22735242548217	1
10	27326210	27326211	138	20	2	1	1	1	NA	NA	NA	unphased	0.872981230903536	0.872981230903536	1
10	27508744	27508745	90	14	2	1	1	1	NA	NA	NA	unphased	0.928381962864722	0.928381962864722	1
10	48370460	48370461	28	5	2	1	1	1	NA	NA	NA	unphased	1.04493207941484	1.04493207941484	1
10	70700878	70700879	43	6	2	1	1	1	NA	NA	NA	unphased	0.844475721323012	0.844475721323012	1
10	81154081	81154082	99	12	2	1	1	1	NA	NA	NA	unphased	0.745573159366263	0.745573159366263	1
10	89692834	89692835	125	16	2	1	1	1	NA	NA	NA	unphased	0.782587429689411	0.782587429689411	1
10	98127858	98127859	49	14	2	1	1	1	NA	NA	NA	unphased	1.53256704980843	1.53256704980843	1
10	98778852	98778853	31	9	2	1	1	1	NA	NA	NA	unphased	1.55172413793103	1.55172413793103	1
10	105173724	105173725	59	4	2	1	1	1	NA	NA	NA	unphased	0.437876299945265	0.437876299945265	1
10	117884769	117884770	45	7	2	1	1	1	NA	NA	NA	unphased	0.928381962864722	0.928381962864722	1
10	121212763	121212764	87	10	2	1	1	1	NA	NA	NA	unphased	0.710984713828653	0.710984713828653	1
11	1861654	1861655	13	5	2	1	1	0.24	1	1	0.76	unphased	1.91570881226054	1.91570881226054	1
11	5021049	5021050	79	14	2	1	1	0.24	1	1	0.76	unphased	1.03819058212829	1.03819058212829	1
11	5602779	5602780	161	24	2	1	1	0.24	1	1	0.76	unphased	0.894687791239515	0.894687791239515	1
11	5841708	5841709	112	6	2	1	1	0.24	1	1	0.76	unphased	0.350672121566336	0.461410686271494	0.76
11	7071069	7071070	170	22	2	1	1	0.24	1	1	0.76	unphased	0.790229885057471	0.790229885057471	1
11	7982426	7982427	53	9	2	1	1	0.24	1	1	0.76	unphased	1.00111234705228	1.00111234705228	1
11	17496451	17496452	52	4	2	1	1	0.24	1	1	0.76	unphased	0.492610837438424	0.492610837438424	1
11	17565905	17565906	19	3	2	1	1	0.24	1	1	0.76	unphased	0.940438871473354	0.940438871473354	1
11	45827766	45827767	48	13	2	1	1	0.24	1	1	0.76	unphased	1.46975692481628	1.46975692481628	1
11	48158680	48158681	136	11	2	1	1	0.24	1	1	0.76	unphased	0.516068496364063	0.679037495215872	0.76
11	55861084	55861085	159	27	2	1	1	0.24	1	1	0.76	unphased	1.00111234705228	1.00111234705228	1
11	62300718	62300719	35	5	2	1	1	0.24	1	1	0.76	unphased	0.862068965517241	0.862068965517241	1
11	62520141	62520142	64	5	2	1	1	0.24	1	1	0.76	unphased	0.499750124937531	0.499750124937531	1
11	62520803	62520804	129	10	2	1	1	0.24	1	1	0.76	unphased	0.496154800297693	0.652835263549596	0.76
11	62782419	62782420	56	17	2	1	1	0.24	1	1	0.76	unphased	1.60604629192253	1.60604629192253	1
11	70013414	70013415	38	11	2	1	1	0.24	1	1	0.76	unphased	1.54820548909219	1.54820548909219	1
11	70331741	70331742	176	13	2	1	1	0.24	1	1	0.76	unphased	0.474365991607371	0.624165778430751	0.76
11	87020657	87020658	118	24	2	1	1	0.24	1	1	0.76	unphased	1.16561437591064	1.16561437591064	1
11	88386448	88386449	70	10	2	1	1	0.24	1	1	0.76	unphased	0.862068965517241	0.862068965517241	1
11	93469409	93469410	85	7	2	1	1	0.24	1	1	0.76	unphased	0.524737631184408	0.690444251558431	0.76
11	101829003	101829004	209	21	2	1	1	0.24	1	1	0.76	unphased	0.629685157421289	0.828533101870118	0.76
11	108547830	108547831	69	14	2	1	1	0.24	1	1	0.76	unphased	1.16327378479435	1.16327378479435	1
11	111431088	111431089	88	7	2	1	1	0.24	1	1	0.76	unphased	0.508166969147005	0.668640748877639	0.76
11	111724369	111724370	60	19	2	1	1	0.24	1	1	0.76	unphased	1.65866433871672	1.65866433871672	1
11	113102470	113102471	63	17	2	1	1	0.24	1	1	0.76	unphased	1.46551724137931	1.46551724137931	1
11	118403870	118403871	17	3	2	1	1	0.24	1	1	0.76	unphased	1.03448275862069	1.03448275862069	1
11	123814337	123814338	68	18	2	1	1	0.24	1	1	0.76	unphased	1.44346431435445	1.44346431435445	1
11	125475571	125475572	139	25	2	1	1	0.24	1	1	0.76	unphased	1.05130361648444	1.05130361648444	1
12	6787404	6787405	69	17	2	1	1	1	NA	NA	NA	unphased	1.36327185244587	1.36327185244587	1
12	7076662	7076663	38	4	2	1	1	1	NA	NA	NA	unphased	0.656814449917898	0.656814449917898	1
12	14778702	14778703	110	26	2	1	1	1	NA	NA	NA	unphased	1.3184584178499	1.3184584178499	1
12	25398283	25398284	17	10	2.8	4	1	0.45	1	0	0.55	unphased	2.85057471264368	0.982956797463337	2.9
12	27908251	27908252	108	7	2	1	1	1	NA	NA	NA	unphased	0.419790104947526	0.419790104947526	1
12	53005043	53005044	74	6	2	1	1	1	NA	NA	NA	unphased	0.517241379310345	0.517241379310345	1
12	53823983	53823984	197	26	2	1	1	1	NA	NA	NA	unphased	0.804082263800835	0.804082263800835	1
12	57587420	57587421	33	7	2	1	1	1	NA	NA	NA	unphased	1.20689655172414	1.20689655172414	1
12	58125341	58125342	62	12	2	1	1	1	NA	NA	NA	unphased	1.11835973904939	1.11835973904939	1
12	78443840	78443841	53	10	2	1	1	1	NA	NA	NA	unphased	1.09469074986316	1.09469074986316	1
12	85446008	85446009	91	5	2	1	1	1	NA	NA	NA	unphased	0.359195402298851	0.359195402298851	1
12	100727947	100727948	71	16	2	1	1	1	NA	NA	NA	unphased	1.2683313515656	1.2683313515656	1
12	109046106	109046107	120	12	2	1	1	1	NA	NA	NA	unphased	0.626959247648903	0.626959247648903	1
12	117710191	117710192	50	9	2	1	1	1	NA	NA	NA	unphased	1.05201636469901	1.05201636469901	1
12	124229214	124229215	62	6	2	1	1	1	NA	NA	NA	unphased	0.608519269776876	0.608519269776876	1
12	125626717	125626718	58	10	2	1	1	1	NA	NA	NA	unphased	1.01419878296146	1.01419878296146	1
13	24471068	24471069	75	10	2	1	1	0.17	1	1	0.83	unphased	0.811359026369168	0.811359026369168	1
13	43788122	43788123	94	11	2	1	1	0.17	1	1	0.83	unphased	0.722495894909688	0.722495894909688	1
13	43935494	43935495	99	13	2	1	1	0.17	1	1	0.83	unphased	0.800492610837439	0.800492610837439	1
13	46917606	46917607	34	5	2	1	1	0.17	1	1	0.83	unphased	0.884173297966401	0.884173297966401	1
13	53602980	53602981	113	18	2	1	1	0.17	1	1	0.83	unphased	0.947617794156357	0.947617794156357	1
13	70456536	70456537	74	6	2	1	1	0.17	1	1	0.83	unphased	0.517241379310345	0.517241379310345	1
13	84455256	84455257	80	32	2	1	1	0.17	1	1	0.83	unphased	1.97044334975369	1.97044334975369	1
13	88328753	88328754	77	6	2	1	1	0.17	1	1	0.83	unphased	0.498545907769007	0.600657720203623	0.83
14	20404271	20404272	75	10	NA	NA	NA	NA	NA	NA	NA	unphased	NA	NA	1
14	20502725	20502726	50	11	2	1	1	1	NA	NA	NA	unphased	1.24364047484455	1.24364047484455	1
14	22111116	22111117	19	3	2	1	1	1	NA	NA	NA	unphased	0.940438871473354	0.940438871473354	1
14	23885456	23885457	150	19	2	1	1	1	NA	NA	NA	unphased	0.775351968985921	0.775351968985921	1
14	24897995	24897996	29	8	2	1	1	1	NA	NA	NA	unphased	1.49114631873253	1.49114631873253	1
14	34243707	34243708	94	11	2	1	1	1	NA	NA	NA	unphased	0.722495894909688	0.722495894909688	1
14	42356140	42356141	59	10	2	1	1	1	NA	NA	NA	unphased	0.999500249875063	0.999500249875063	1
14	45605176	45605177	39	9	2	1	1	1	NA	NA	NA	unphased	1.29310344827586	1.29310344827586	1
14	50247031	50247032	99	14	2	1	1	1	NA	NA	NA	unphased	0.854440036618859	0.854440036618859	1
14	79181126	79181127	161	34	2	1	1	1	NA	NA	NA	unphased	1.20247568523431	1.20247568523431	1
14	79432635	79432636	107	14	2	1	1	1	NA	NA	NA	unphased	0.797948133371331	0.797948133371331	1
14	94912799	94912800	108	13	2	1	1	1	NA	NA	NA	unphased	0.740951838130522	0.740951838130522	1
14	105406027	105406028	265	19	2	1	1	1	NA	NA	NA	unphased	0.46138902379796	0.46138902379796	1
14	105406951	105406952	31	11	2	1	1	1	NA	NA	NA	unphased	1.80623973727422	1.80623973727422	1
14	106054695	106054696	59	6	NA	NA	NA	NA	NA	NA	NA	unphased	NA	NA	1
15	25330539	25330540	156	9	2	1	1	0.26	1	1	0.74	unphased	0.376175548589342	0.376175548589342	1
15	25438423	25438424	133	38	2	1	1	0.26	1	1	0.74	unphased	1.53256704980843	1.53256704980843	1
15	25463882	25463883	127	13	2	1	1	0.26	1	1	0.74	unphased	0.640394088669951	0.640394088669951	1
15	42160768	42160769	35	6	2	1	1	0.26	1	1	0.74	unphased	1.00925147182506	1.00925147182506	1
15	65110485	65110486	39	10	2	1	1	0.26	1	1	0.74	unphased	1.40745953553835	1.40745953553835	1
15	78777226	78777227	45	7	2	1	1	0.26	1	1	0.74	unphased	0.928381962864722	0.928381962864722	1
15	83226529	83226530	55	5	2	1	1	0.26	1	1	0.74	unphased	0.574712643678161	0.574712643678161	1
15	84581867	84581868	67	7	2	1	1	0.26	1	1	0.74	unphased	0.65237651444548	0.65237651444548	1
16	1891846	1891847	54	11	2	1	1	0.28	1	1	0.72	unphased	1.16710875331565	1.16710875331565	1
16	20838514	20838515	136	10	2	1	1	0.28	1	1	0.72	unphased	0.472366556447804	0.65606466173306	0.72
16	24166070	24166071	40	6	2	1	1	0.28	1	1	0.72	unphased	0.899550224887556	0.899550224887556	1
16	27761499	27761500	55	3	2	1	1	0.28	1	1	0.72	unphased	0.356718192627824	0.495441934205311	0.72
16	31072694	31072695	67	8	2	1	1	0.28	1	1	0.72	unphased	0.735632183908046	0.735632183908046	1
16	65319335	65319336	28	6	2	1	1	0.28	1	1	0.72	unphased	1.21703853955375	1.21703853955375	1
17	7578211	7578212	37	8	1	1	0	1	NA	NA	NA	unphased	1.04827586206897	1.04827586206897	1
17	9837547	9837548	7	3	1	1	0	1	NA	NA	NA	unphased	1.76896551724138	1.76896551724138	1
17	11515182	11515183	14	4	1	1	0	1	NA	NA	NA	unphased	1.31034482758621	1.31034482758621	1
17	37822058	37822059	9	2	3	2	1	1	NA	NA	NA	unphased	1.43573667711599	1.43573667711599	1
17	38151469	38151470	205	21	3	2	1	1	NA	NA	NA	unphased	0.733750381446445	0.733750381446445	1
17	38643370	38643371	177	75	3	2	1	1	NA	NA	NA	unphased	2.35016420361248	1.17508210180624	2
17	39092846	39092847	32	6	3	2	1	1	NA	NA	NA	unphased	1.24682395644283	1.24682395644283	1
17	39279950	39279951	37	14	3	2	1	1	NA	NA	NA	unphased	2.16768086544963	1.08384043272481	2
17	47656496	47656497	106	7	3	2	1	1	NA	NA	NA	unphased	0.489166920964297	0.489166920964297	1
17	59988989	59988990	19	4	3	2	1	1	NA	NA	NA	unphased	1.37331334332834	1.37331334332834	1
17	62041055	62041056	14	4	3	2	1	1	NA	NA	NA	unphased	1.75478927203065	1.75478927203065	1
17	65889807	65889808	114	7	3	2	1	1	NA	NA	NA	unphased	0.456825306355087	0.456825306355087	1
17	71228501	71228502	9	6	3	2	1	1	NA	NA	NA	unphased	3.15862068965517	1.57931034482759	2
17	74274092	74274093	62	6	3	2	1	1	NA	NA	NA	unphased	0.696754563894523	0.696754563894523	1
17	79411762	79411763	41	8	3	2	1	1	NA	NA	NA	unphased	1.28923293455313	1.28923293455313	1
18	14542679	14542680	132	18	2	1	1	1	NA	NA	NA	unphased	0.827586206896552	0.827586206896552	1
18	14763853	14763854	20	4	2	1	1	1	NA	NA	NA	unphased	1.14942528735632	1.14942528735632	1
18	28734891	28734892	58	6	2	1	1	1	NA	NA	NA	unphased	0.646551724137931	0.646551724137931	1
18	32398233	32398234	41	6	2	1	1	1	NA	NA	NA	unphased	0.880410858400587	0.880410858400587	1
18	56203729	56203730	136	20	2	1	1	1	NA	NA	NA	unphased	0.884173297966401	0.884173297966401	1
18	56819836	56819837	148	6	2	1	1	1	NA	NA	NA	unphased	0.268696820420958	0.268696820420958	1
19	2939381	2939382	76	9	2	1	1	1	NA	NA	NA	unphased	0.730223123732252	0.730223123732252	1
19	7591724	7591725	39	9	2	1	1	1	NA	NA	NA	unphased	1.29310344827586	1.29310344827586	1
19	8056589	8056590	114	10	2	1	1	1	NA	NA	NA	unphased	0.556173526140156	0.556173526140156	1
19	8056612	8056613	95	5	2	1	1	1	NA	NA	NA	unphased	0.344827586206897	0.344827586206897	1
19	9065226	9065227	39	5	2	1	1	1	NA	NA	NA	unphased	0.783699059561129	0.783699059561129	1
19	9524670	9524671	116	18	2	1	1	1	NA	NA	NA	unphased	0.926402470406588	0.926402470406588	1
19	10124204	10124205	51	9	2	1	1	1	NA	NA	NA	unphased	1.03448275862069	1.03448275862069	1
19	14992092	14992093	31	4	2	1	1	1	NA	NA	NA	unphased	0.788177339901478	0.788177339901478	1
19	15072884	15072885	76	18	2	1	1	1	NA	NA	NA	unphased	1.32061628760088	1.32061628760088	1
19	16268357	16268358	31	14	2	1	1	1	NA	NA	NA	unphased	2.1455938697318	2.1455938697318	1
19	16268374	16268375	31	10	2	1	1	1	NA	NA	NA	unphased	1.68208578637511	1.68208578637511	1
19	18001691	18001692	109	12	2	1	1	1	NA	NA	NA	unphased	0.683955542889712	0.683955542889712	1
19	18375844	18375845	65	7	2	1	1	1	NA	NA	NA	unphased	0.670498084291188	0.670498084291188	1
19	18893710	18893711	36	4	2	1	1	1	NA	NA	NA	unphased	0.689655172413793	0.689655172413793	1
19	51021797	51021798	19	4	2	1	1	1	NA	NA	NA	unphased	1.19940029985008	1.19940029985008	1
19	52919234	52919235	75	11	2	1	1	1	NA	NA	NA	unphased	0.882117080994387	0.882117080994387	1
19	52919324	52919325	78	5	2	1	1	1	NA	NA	NA	unphased	0.415454923140839	0.415454923140839	1
19	53158831	53158832	123	14	2	1	1	1	NA	NA	NA	unphased	0.704757110495847	0.704757110495847	1
19	53994789	53994790	54	8	2	1	1	1	NA	NA	NA	unphased	0.889877641824249	0.889877641824249	1
19	57065505	57065506	65	10	2	1	1	1	NA	NA	NA	unphased	0.919540229885058	0.919540229885058	1
19	57910516	57910517	50	13	2	1	1	1	NA	NA	NA	unphased	1.42309797482211	1.42309797482211	1
19	58187795	58187796	66	13	2	1	1	1	NA	NA	NA	unphased	1.1348756001746	1.1348756001746	1
2	17697377	17697378	64	14	2	1	1	1	NA	NA	NA	unphased	1.23784261715296	1.23784261715296	1
2	27463182	27463183	125	7	2	1	1	1	NA	NA	NA	unphased	0.365726227795193	0.365726227795193	1
2	32476209	32476210	91	18	2	1	1	1	NA	NA	NA	unphased	1.13888010123379	1.13888010123379	1
2	40656203	40656204	71	5	2	1	1	1	NA	NA	NA	unphased	0.453720508166969	0.453720508166969	1
2	54155332	54155333	47	8	2	1	1	1	NA	NA	NA	unphased	1.00313479623824	1.00313479623824	1
2	54155333	54155334	46	8	2	1	1	1	NA	NA	NA	unphased	1.02171136653895	1.02171136653895	1
2	74734263	74734264	30	3	2	1	1	1	NA	NA	NA	unphased	0.626959247648903	0.626959247648903	1
2	80530239	80530240	78	5	2	1	1	1	NA	NA	NA	unphased	0.415454923140839	0.415454923140839	1
2	85270748	85270749	24	3	2	1	1	1	NA	NA	NA	unphased	0.766283524904215	0.766283524904215	1
2	101188173	101188174	158	24	2	1	1	1	NA	NA	NA	unphased	0.909435392194013	0.909435392194013	1
2	111411039	111411040	71	14	2	1	1	1	NA	NA	NA	unphased	1.13590263691684	1.13590263691684	1
2	133543158	133543159	68	9	2	1	1	1	NA	NA	NA	unphased	0.806090461262875	0.806090461262875	1
2	136626279	136626280	115	12	2	1	1	1	NA	NA	NA	unphased	0.65164268259571	0.65164268259571	1
2	141291687	141291688	33	6	2	1	1	1	NA	NA	NA	unphased	1.06100795755968	1.06100795755968	1
2	153575485	153575486	90	5	2	1	1	1	NA	NA	NA	unphased	0.362976406533575	0.362976406533575	1
2	179423170	179423171	36	6	2	1	1	1	NA	NA	NA	unphased	0.985221674876847	0.985221674876847	1
2	179477661	179477662	32	3	2	1	1	1	NA	NA	NA	unphased	0.591133004926108	0.591133004926108	1
2	179477674	179477675	34	5	2	1	1	1	NA	NA	NA	unphased	0.884173297966401	0.884173297966401	1
2	182786957	182786958	126	6	2	1	1	1	NA	NA	NA	unphased	0.313479623824451	0.313479623824451	1
2	185801012	185801013	45	9	2	1	1	1	NA	NA	NA	unphased	1.14942528735632	1.14942528735632	1
2	196825331	196825332	134	13	2	1	1	1	NA	NA	NA	unphased	0.60989913206662	0.60989913206662	1
2	219029722	219029723	91	13	2	1	1	1	NA	NA	NA	unphased	0.862068965517241	0.862068965517241	1
2	241812405	241812406	84	14	2	1	1	1	NA	NA	NA	unphased	0.985221674876847	0.985221674876847	1
20	7866488	7866489	96	18	2	1	1	0.2	1	1	0.8	unphased	1.08892921960073	1.08892921960073	1
20	21492526	21492527	19	5	2	1	1	0.2	1	1	0.8	unphased	1.4367816091954	1.4367816091954	1
20	35060172	35060173	51	5	2	1	1	0.2	1	1	0.8	unphased	0.61576354679803	0.61576354679803	1
20	35539682	35539683	123	27	2	1	1	0.2	1	1	0.8	unphased	1.24137931034483	1.24137931034483	1
20	35860772	35860773	114	18	2	1	1	0.2	1	1	0.8	unphased	0.940438871473354	0.940438871473354	1
20	42089451	42089452	34	4	2	1	1	0.2	1	1	0.8	unphased	0.725952813067151	0.725952813067151	1
20	43944982	43944983	21	4	2	1	1	0.2	1	1	0.8	unphased	1.10344827586207	1.10344827586207	1
20	50407791	50407792	52	5	2	1	1	0.2	1	1	0.8	unphased	0.604960677555959	0.604960677555959	1
20	56728653	56728654	87	8	2	1	1	0.2	1	1	0.8	unphased	0.580762250453721	0.580762250453721	1
21	11020842	11020843	330	18	NA	NA	NA	NA	NA	NA	NA	unphased	NA	NA	1
21	31973511	31973512	124	16	2	1	1	0.26	1	1	0.74	unphased	0.788177339901478	0.788177339901478	1
21	34876748	34876749	88	22	2	1	1	0.26	1	1	0.74	unphased	1.37931034482759	1.37931034482759	1
21	46032218	46032219	76	9	2	1	1	0.26	1	1	0.74	unphased	0.730223123732252	0.730223123732252	1
22	16267021	16267022	454	29	NA	NA	NA	NA	NA	NA	NA	unphased	NA	NA	1
22	19026298	19026299	16	3	2	1	1	1	NA	NA	NA	unphased	1.08892921960073	1.08892921960073	1
22	22317256	22317257	21	7	2	1	1	1	NA	NA	NA	unphased	1.72413793103448	1.72413793103448	1
22	26423141	26423142	54	7	2	1	1	1	NA	NA	NA	unphased	0.791407574901074	0.791407574901074	1
22	29191698	29191699	83	8	2	1	1	1	NA	NA	NA	unphased	0.606290261462675	0.606290261462675	1
3	447321	447322	75	22	NA	NA	NA	NA	NA	NA	NA	unphased	NA	NA	1
3	39174475	39174476	11	3	2	1	1	1	NA	NA	NA	unphased	1.47783251231527	1.47783251231527	1
3	51749621	51749622	86	16	2	1	1	1	NA	NA	NA	unphased	1.08181203515889	1.08181203515889	1
3	53145858	53145859	102	6	2	1	1	1	NA	NA	NA	unphased	0.383141762452107	0.383141762452107	1
3	77147289	77147290	36	9	2	1	1	1	NA	NA	NA	unphased	1.37931034482759	1.37931034482759	1
3	97983202	97983203	203	29	2	1	1	1	NA	NA	NA	unphased	0.862068965517241	0.862068965517241	1
3	119887087	119887088	38	8	2	1	1	1	NA	NA	NA	unphased	1.19940029985008	1.19940029985008	1
3	138183185	138183186	51	6	2	1	1	1	NA	NA	NA	unphased	0.725952813067151	0.725952813067151	1
3	154147230	154147231	66	7	2	1	1	1	NA	NA	NA	unphased	0.661313179026925	0.661313179026925	1
3	158983033	158983034	114	15	2	1	1	1	NA	NA	NA	unphased	0.801924619085806	0.801924619085806	1
3	161221672	161221673	40	7	2	1	1	1	NA	NA	NA	unphased	1.02714600146735	1.02714600146735	1
3	193209135	193209136	76	7	2	1	1	1	NA	NA	NA	unphased	0.581636892397175	0.581636892397175	1
4	2883714	2883715	108	21	2	1	1	0.22	1	1	0.78	unphased	1.12269446672013	1.12269446672013	1
4	5811336	5811337	20	8	2	1	1	0.22	1	1	0.78	unphased	1.97044334975369	1.97044334975369	1
4	9982337	9982338	35	14	2	1	1	0.22	1	1	0.78	unphased	1.97044334975369	1.97044334975369	1
4	13371560	13371561	97	9	2	1	1	0.22	1	1	0.78	unphased	0.585556278464541	0.585556278464541	1
4	39109274	39109275	77	6	2	1	1	0.22	1	1	0.78	unphased	0.498545907769007	0.639161420216676	0.78
4	57193885	57193886	196	20	2	1	1	0.22	1	1	0.78	unphased	0.638569604086845	0.81867897959852	0.78
4	70070187	70070188	174	23	2	1	1	0.22	1	1	0.78	unphased	0.805181165762297	0.805181165762297	1
4	71232503	71232504	165	20	2	1	1	0.22	1	1	0.78	unphased	0.745573159366263	0.745573159366263	1
4	72634096	72634097	31	5	2	1	1	0.22	1	1	0.78	unphased	0.957854406130268	0.957854406130268	1
4	81188178	81188179	83	11	2	1	1	0.22	1	1	0.78	unphased	0.807043286867205	0.807043286867205	1
4	88959423	88959424	102	15	2	1	1	0.22	1	1	0.78	unphased	0.884173297966401	0.884173297966401	1
4	95223335	95223336	201	51	2	1	1	0.22	1	1	0.78	unphased	1.39573070607553	1.39573070607553	1
4	99960597	99960598	93	22	2	1	1	0.22	1	1	0.78	unphased	1.31934032983508	1.31934032983508	1
4	123168472	123168473	89	7	2	1	1	0.22	1	1	0.78	unphased	0.502873563218391	0.644709696433834	0.78
4	140058911	140058912	54	6	2	1	1	0.22	1	1	0.78	unphased	0.689655172413793	0.689655172413793	1
4	143081598	143081599	65	24	2	1	1	0.22	1	1	0.78	unphased	1.85974428516079	1.85974428516079	1
4	155157031	155157032	96	23	2	1	1	0.22	1	1	0.78	unphased	1.33294697189221	1.33294697189221	1
4	155507468	155507469	91	30	2	1	1	0.22	1	1	0.78	unphased	1.70988885722428	1.70988885722428	1
4	156135528	156135529	44	5	2	1	1	0.22	1	1	0.78	unphased	0.703729767769177	0.703729767769177	1
4	177648947	177648948	45	19	2	1	1	0.22	1	1	0.78	unphased	2.04741379310345	2.04741379310345	1
4	183713569	183713570	65	7	2	1	1	0.22	1	1	0.78	unphased	0.670498084291188	0.670498084291188	1
5	7868042	7868043	66	16	2	1	1	1	NA	NA	NA	unphased	1.34566862910008	1.34566862910008	1
5	10382000	10382001	173	32	2	1	1	1	NA	NA	NA	unphased	1.07653490328007	1.07653490328007	1
5	10382002	10382003	180	32	2	1	1	1	NA	NA	NA	unphased	1.04098893949252	1.04098893949252	1
5	23509085	23509086	11	4	2	1	1	1	NA	NA	NA	unphased	1.83908045977012	1.83908045977012	1
5	26881625	26881626	166	22	2	1	1	1	NA	NA	NA	unphased	0.807043286867205	0.807043286867205	1
5	33527300	33527301	196	34	2	1	1	1	NA	NA	NA	unphased	1.01949025487256	1.01949025487256	1
5	33937387	33937388	40	5	2	1	1	1	NA	NA	NA	unphased	0.766283524904215	0.766283524904215	1
5	38925342	38925343	85	23	2	1	1	1	NA	NA	NA	unphased	1.46871008939974	1.46871008939974	1
5	52781837	52781838	124	18	2	1	1	1	NA	NA	NA	unphased	0.874210781932977	0.874210781932977	1
5	55082456	55082457	115	9	2	1	1	1	NA	NA	NA	unphased	0.50055617352614	0.50055617352614	1
5	101794129	101794130	91	10	2	1	1	1	NA	NA	NA	unphased	0.682826903379993	0.682826903379993	1
5	112174585	112174586	66	26	2	1	1	1	NA	NA	NA	unphased	1.94902548725637	1.94902548725637	1
5	115803376	115803377	25	7	2	1	1	1	NA	NA	NA	unphased	1.50862068965517	1.50862068965517	1
5	140503987	140503988	24	4	2	1	1	1	NA	NA	NA	unphased	0.985221674876847	0.985221674876847	1
5	140774001	140774002	139	24	2	1	1	1	NA	NA	NA	unphased	1.01544319864608	1.01544319864608	1
5	149457737	149457738	62	9	2	1	1	1	NA	NA	NA	unphased	0.874210781932977	0.874210781932977	1
5	160757926	160757927	130	15	2	1	1	1	NA	NA	NA	unphased	0.713436385255648	0.713436385255648	1
5	161318040	161318041	64	8	2	1	1	1	NA	NA	NA	unphased	0.766283524904215	0.766283524904215	1
5	162911106	162911107	49	7	2	1	1	1	NA	NA	NA	unphased	0.862068965517241	0.862068965517241	1
5	162911107	162911108	50	7	2	1	1	1	NA	NA	NA	unphased	0.846944948578342	0.846944948578342	1
6	2948735	2948736	58	17	2	2	0	0.52	1	1	0.48	unphased	1.5632183908046	1.02843315184513	1.52
6	10928639	10928640	41	7	2	2	0	0.52	1	1	0.48	unphased	1.00574712643678	1.00574712643678	1
6	12163742	12163743	81	11	2	2	0	0.52	1	1	0.48	unphased	0.824587706146927	0.824587706146927	1
6	26158618	26158619	185	9	2	2	0	0.52	1	1	0.48	unphased	0.319943121222894	0.666548169214362	0.48
6	32942507	32942508	37	4	2	2	0	0.52	1	1	0.48	unphased	0.672834314550042	0.672834314550042	1
6	35438058	35438059	55	4	2	2	0	0.52	1	1	0.48	unphased	0.467562828755114	0.467562828755114	1
6	38980304	38980305	178	8	2	2	0	0.52	1	1	0.48	unphased	0.296625880608083	0.617970584600173	0.48
6	39895343	39895344	31	3	2	2	0	0.52	1	1	0.48	unphased	0.608519269776876	0.608519269776876	1
6	43323305	43323306	163	24	2	2	0	0.52	1	1	0.48	unphased	0.885118937857275	0.885118937857275	1
6	46135474	46135475	88	9	2	2	0	0.52	1	1	0.48	unphased	0.639886242445788	0.639886242445788	1
6	49698877	49698878	66	9	2	2	0	0.52	1	1	0.48	unphased	0.827586206896552	0.827586206896552	1
6	51751951	51751952	70	14	2	2	0	0.52	1	1	0.48	unphased	1.14942528735632	1.14942528735632	1
6	54735344	54735345	104	27	2	2	0	0.52	1	1	0.48	unphased	1.42142669123454	0.935149138970089	1.52
6	56489305	56489306	38	5	2	2	0	0.52	1	1	0.48	unphased	0.801924619085806	0.801924619085806	1
6	66054046	66054047	60	7	2	2	0	0.52	1	1	0.48	unphased	0.720535254760679	0.720535254760679	1
6	84417639	84417640	36	7	2	2	0	0.52	1	1	0.48	unphased	1.12269446672013	1.12269446672013	1
6	116432046	116432047	30	6	2	2	0	0.52	1	1	0.48	unphased	1.14942528735632	1.14942528735632	1
6	129609189	129609190	64	31	2	2	0	0.52	1	1	0.48	unphased	2.25045372050817	1.48056165822906	1.52
6	151674409	151674410	37	7	2	2	0	0.52	1	1	0.48	unphased	1.09717868338558	1.09717868338558	1
6	161527736	161527737	43	16	2	2	0	0.52	1	1	0.48	unphased	1.87025131502046	1.23042849672398	1.52
7	4965104	4965105	103	19	3	2	1	1	NA	NA	NA	unphased	1.22979084228378	1.22979084228378	1
7	6027150	6027151	52	14	3	2	1	1	NA	NA	NA	unphased	1.67502612330199	0.837513061650993	2
7	11675886	11675887	130	18	3	2	1	1	NA	NA	NA	unphased	0.960391425908667	0.960391425908667	1
7	31735130	31735131	103	17	3	2	1	1	NA	NA	NA	unphased	1.11867816091954	1.11867816091954	1
7	39472854	39472855	48	8	3	2	1	1	NA	NA	NA	unphased	1.12807881773399	1.12807881773399	1
7	43846648	43846649	54	25	3	2	1	1	NA	NA	NA	unphased	2.49890877346137	1.24945438673069	2
7	47698785	47698786	48	8	3	2	1	1	NA	NA	NA	unphased	1.12807881773399	1.12807881773399	1
7	48411988	48411989	116	36	3	2	1	1	NA	NA	NA	unphased	1.87023593466425	0.935117967332123	2
7	72398959	72398960	248	21	3	2	1	1	NA	NA	NA	unphased	0.616459428278426	0.616459428278426	1
7	87082308	87082309	55	15	3	2	1	1	NA	NA	NA	unphased	1.69211822660099	0.846059113300493	2
7	91724457	91724458	41	13	3	2	1	1	NA	NA	NA	unphased	1.90102171136654	0.950510855683269	2
7	98554088	98554089	94	11	2	1	1	0.22	1	1	0.78	unphased	0.722495894909688	0.722495894909688	1
7	99951089	99951090	30	3	2	1	1	0.22	1	1	0.78	unphased	0.626959247648903	0.626959247648903	1
7	111368366	111368367	24	10	2	1	1	0.22	1	1	0.78	unphased	2.02839756592292	2.02839756592292	1
7	130040583	130040584	28	5	2	1	1	0.22	1	1	0.78	unphased	1.04493207941484	1.04493207941484	1
7	131982936	131982937	65	6	2	1	1	0.22	1	1	0.78	unphased	0.582807187955318	0.582807187955318	1
7	139415870	139415871	59	5	2	1	1	0.22	1	1	0.78	unphased	0.538793103448276	0.538793103448276	1
7	143175741	143175742	94	8	2	1	1	0.22	1	1	0.78	unphased	0.540906017579446	0.693469253306982	0.78
7	143826517	143826518	221	39	2	1	1	0.22	1	1	0.78	unphased	1.03448275862069	1.03448275862069	1
7	149129310	149129311	89	7	2	1	1	0.22	1	1	0.78	unphased	0.502873563218391	0.644709696433834	0.78
8	2092910	2092911	33	4	2	1	1	1	NA	NA	NA	unphased	0.745573159366263	0.745573159366263	1
8	17579392	17579393	44	6	2	1	1	1	NA	NA	NA	unphased	0.827586206896552	0.827586206896552	1
8	19218792	19218793	31	6	2	1	1	1	NA	NA	NA	unphased	1.11835973904939	1.11835973904939	1
8	22428516	22428517	58	9	2	1	1	1	NA	NA	NA	unphased	0.926402470406588	0.926402470406588	1
8	25744348	25744349	61	9	2	1	1	1	NA	NA	NA	unphased	0.886699507389163	0.886699507389163	1
8	39871173	39871174	48	5	2	1	1	1	NA	NA	NA	unphased	0.650618087182824	0.650618087182824	1
8	77618909	77618910	8	9	2	1	1	1	NA	NA	NA	unphased	3.65111561866126	3.65111561866126	1
8	109240517	109240518	85	11	2	1	1	1	NA	NA	NA	unphased	0.790229885057471	0.790229885057471	1
8	113358371	113358372	87	11	2	1	1	1	NA	NA	NA	unphased	0.774102744546094	0.774102744546094	1
8	134146945	134146946	64	5	3.88	3	1	0.96	0	1	0.04	unphased	0.635982008995502	0.635982008995502	1
8	139209814	139209815	64	7	3.88	3	1	0.96	0	1	0.04	unphased	0.865293831957261	0.865293831957261	1
8	139629184	139629185	58	19	3.88	3	1	0.96	0	1	0.04	unphased	2.16564263322884	1.10491971083104	1.96
8	145003897	145003898	7	8	3.88	3	1	0.96	0	1	0.04	unphased	4.6808275862069	1.58136067101584	2.96
9	18753442	18753443	27	4	2.52	2	1	0.52	1	1	0.48	unphased	0.956974416017798	0.956974416017798	1
9	32466352	32466353	120	6	2.52	2	1	0.52	1	1	0.48	unphased	0.353169129720854	0.679171403309334	0.52
9	35044908	35044909	95	31	2.52	2	1	0.52	1	1	0.48	unphased	1.82470717022441	1.20046524356869	1.52
9	35310602	35310603	113	18	2.52	2	1	0.52	1	1	0.48	unphased	1.01906817583575	1.01906817583575	1
9	39118040	39118041	82	12	2.52	2	1	0.52	1	1	0.48	unphased	0.946793837123991	0.946793837123991	1
9	39887516	39887517	101	12	2.52	2	1	0.52	1	1	0.48	unphased	0.787598413182789	0.787598413182789	1
9	100245540	100245541	83	5	2.52	2	1	0.52	1	1	0.48	unphased	0.421394984326019	0.810374969857728	0.52
9	107367900	107367901	82	16	2.52	2	1	0.52	1	1	0.48	unphased	1.21086558761436	1.21086558761436	1
9	117852844	117852845	93	8	2.52	2	1	0.52	1	1	0.48	unphased	0.587449641515876	0.587449641515876	1
9	125315564	125315565	70	11	2.52	2	1	0.52	1	1	0.48	unphased	1.00718603661132	1.00718603661132	1
X	12938713	12938714	51	5	NA	NA	NA	NA	NA	NA	NA	unphased	NA	NA	1
X	21609203	21609204	142	23	NA	NA	NA	NA	NA	NA	NA	unphased	NA	NA	1
X	22056374	22056375	12	4	NA	NA	NA	NA	NA	NA	NA	unphased	NA	NA	1
X	30872882	30872883	37	7	NA	NA	NA	NA	NA	NA	NA	unphased	NA	NA	1
X	37026938	37026939	46	9	NA	NA	NA	NA	NA	NA	NA	unphased	NA	NA	1
X	54328225	54328226	45	6	NA	NA	NA	NA	NA	NA	NA	unphased	NA	NA	1
X	69497953	69497954	25	4	NA	NA	NA	NA	NA	NA	NA	unphased	NA	NA	1
X	86773223	86773224	81	18	NA	NA	NA	NA	NA	NA	NA	unphased	NA	NA	1
X	100486679	100486680	135	29	NA	NA	NA	NA	NA	NA	NA	unphased	NA	NA	1
X	100613357	100613358	150	9	NA	NA	NA	NA	NA	NA	NA	unphased	NA	NA	1
X	102612909	102612910	56	13	NA	NA	NA	NA	NA	NA	NA	unphased	NA	NA	1
X	109695631	109695632	86	13	NA	NA	NA	NA	NA	NA	NA	unphased	NA	NA	1
X	110439736	110439737	118	23	NA	NA	NA	NA	NA	NA	NA	unphased	NA	NA	1
X	117566801	117566802	158	41	NA	NA	NA	NA	NA	NA	NA	unphased	NA	NA	1
X	117959386	117959387	69	13	NA	NA	NA	NA	NA	NA	NA	unphased	NA	NA	1
X	129148344	129148345	206	24	NA	NA	NA	NA	NA	NA	NA	unphased	NA	NA	1
X	131518704	131518705	24	6	NA	NA	NA	NA	NA	NA	NA	unphased	NA	NA	1
X	134983715	134983716	135	15	NA	NA	NA	NA	NA	NA	NA	unphased	NA	NA	1
X	140336550	140336551	165	33	NA	NA	NA	NA	NA	NA	NA	unphased	NA	NA	1
X	148038059	148038060	74	8	NA	NA	NA	NA	NA	NA	NA	unphased	NA	NA	1
X	152159338	152159339	86	11	NA	NA	NA	NA	NA	NA	NA	unphased	NA	NA	1
X	154227863	154227864	201	13	NA	NA	NA	NA	NA	NA	NA	unphased	NA	NA	1
