chr	start	end	WT.count	mut.count	subclonal.CN	nMaj1	nMin1	frac1	nMaj2	nMin2	frac2	phase	mutation.copy.number	subclonal.fraction	no.chrs.bearing.mut
1	880904	880905	39	29	NA	NA	NA	NA	NA	NA	NA	unphased	NA	NA	1
1	889420	889421	52	26	NA	NA	NA	NA	NA	NA	NA	unphased	NA	NA	1
1	3440802	3440803	30	12	1.42	2	1	0.21	1	0	0.79	unphased	1.00046647230321	1.00046647230321	1
1	6184628	6184629	22	3	1.42	2	1	0.21	1	0	0.79	unphased	0.420195918367347	0.420195918367347	1
1	10431225	10431226	37	25	1.42	2	1	0.21	1	0	0.79	unphased	1.41194865042791	1.16689971109745	1.21
1	11272477	11272478	47	10	1.42	2	1	0.21	1	0	0.79	unphased	0.614321518080917	0.614321518080917	1
1	11591677	11591678	29	15	1.42	2	1	0.21	1	0	0.79	unphased	1.19373840445269	1.19373840445269	1
1	11596642	11596643	14	6	1.42	2	1	0.21	1	0	0.79	unphased	1.05048979591837	1.05048979591837	1
1	11596646	11596647	11	5	1.42	2	1	0.21	1	0	0.79	unphased	1.09426020408163	1.09426020408163	1
1	12328834	12328835	159	73	1.42	2	1	0.21	1	0	0.79	unphased	1.10180682617875	1.10180682617875	1
1	12907902	12907903	201	12	1.42	2	1	0.21	1	0	0.79	unphased	0.197275079045703	0.939405138312871	0.21
1	13936945	13936946	53	9	1.42	2	1	0.21	1	0	0.79	unphased	0.508301514154049	0.508301514154049	1
1	15541748	15541749	112	48	1.42	2	1	0.21	1	0	0.79	unphased	1.05048979591837	1.05048979591837	1
1	16464385	16464386	41	18	1.42	2	1	0.21	1	0	0.79	unphased	1.06829470771359	1.06829470771359	1
1	16945463	16945464	116	9	1.42	2	1	0.21	1	0	0.79	unphased	0.252117551020408	1.20055976676385	0.21
1	20302255	20302256	50	12	1.42	2	1	0.21	1	0	0.79	unphased	0.677735352205398	0.677735352205398	1
1	21902371	21902372	149	9	1.42	2	1	0.21	1	0	0.79	unphased	0.199460087832601	0.949809942060007	0.21
1	22333449	22333450	78	38	1.42	2	1	0.21	1	0	0.79	unphased	1.14708655876144	1.14708655876144	1
1	26371648	26371649	72	23	1.42	2	1	0.21	1	0	0.79	unphased	0.847763694951665	0.847763694951665	1
1	26887236	26887237	47	30	1.42	2	1	0.21	1	0	0.79	unphased	1.36427246223165	1.12749790267078	1.21
1	27100357	27100358	170	74	1.42	2	1	0.21	1	0	0.79	unphased	1.06197055871529	1.06197055871529	1
1	31194359	31194360	93	26	1.42	2	1	0.21	1	0	0.79	unphased	0.765062596467158	0.765062596467158	1
1	36217084	36217085	35	13	1.42	2	1	0.21	1	0	0.79	unphased	0.948358843537415	0.948358843537415	1
1	41304034	41304035	83	28	1.42	2	1	0.21	1	0	0.79	unphased	0.883294723294723	0.883294723294723	1
1	43108211	43108212	140	58	1.42	2	1	0.21	1	0	0.79	unphased	1.02573077715935	1.02573077715935	1
1	55317862	55317863	16	5	1.42	2	1	0.21	1	0	0.79	unphased	0.833722060252672	0.833722060252672	1
1	66833713	66833714	43	6	1.42	2	1	0.21	1	0	0.79	unphased	0.428771345272803	0.428771345272803	1
1	70505178	70505179	27	6	1.42	2	1	0.21	1	0	0.79	unphased	0.636660482374768	0.636660482374768	1
1	70505384	70505385	81	14	1.42	2	1	0.21	1	0	0.79	unphased	0.51603007518797	0.51603007518797	1
1	71418562	71418563	77	14	1.42	2	1	0.21	1	0	0.79	unphased	0.538712715855573	0.538712715855573	1
1	89847390	89847391	39	6	1.42	2	1	0.21	1	0	0.79	unphased	0.466884353741497	0.466884353741497	1
1	99418781	99418782	57	23	1.42	2	1	0.21	1	0	0.79	unphased	1.0067193877551	1.0067193877551	1
1	99772038	99772039	20	11	1.42	2	1	0.21	1	0	0.79	unphased	1.24251481237656	1.24251481237656	1
1	100588013	100588014	80	8	1.42	2	1	0.21	1	0	0.79	unphased	0.318330241187384	1.5158582913685	0.21
1	102462381	102462382	31	12	1.42	2	1	0.21	1	0	0.79	unphased	0.977199810156621	0.977199810156621	1
1	103343712	103343713	19	4	1.42	2	1	0.21	1	0	0.79	unphased	0.608979591836735	0.608979591836735	1
1	103412436	103412437	25	5	1.42	2	1	0.21	1	0	0.79	unphased	0.583605442176871	0.583605442176871	1
1	103544218	103544219	42	7	1.42	2	1	0.21	1	0	0.79	unphased	0.500233236151604	0.500233236151604	1
1	107973449	107973450	27	3	1.42	2	1	0.21	1	0	0.79	unphased	0.350163265306122	0.350163265306122	1
1	108303502	108303503	19	5	1.42	2	1	0.21	1	0	0.79	unphased	0.729506802721088	0.729506802721088	1
1	108681710	108681711	40	21	1.42	2	1	0.21	1	0	0.79	unphased	1.20548009367682	1.20548009367682	1
1	110134683	110134684	49	11	1.42	2	1	0.21	1	0	0.79	unphased	0.641965986394558	0.641965986394558	1
1	110134686	110134687	49	11	1.42	2	1	0.21	1	0	0.79	unphased	0.641965986394558	0.641965986394558	1
1	117122425	117122426	27	12	1.42	2	1	0.21	1	0	0.79	unphased	1.07742543171115	1.07742543171115	1
1	153512580	153512581	126	18	1.42	2	1	0.21	1	0	0.79	unphased	0.437704081632653	0.437704081632653	1
1	156812856	156812857	39	32	1.42	2	1	0.21	1	0	0.79	unphased	1.57820063236562	1.30429804327737	1.21
1	159277582	159277583	118	25	1.42	2	1	0.21	1	0	0.79	unphased	0.612173540744969	0.612173540744969	1
1	165532834	165532835	26	12	1.42	2	1	0.21	1	0	0.79	unphased	1.10577873254565	1.10577873254565	1
1	169080726	169080727	41	24	1.42	2	1	0.21	1	0	0.79	unphased	1.29291051805338	1.29291051805338	1
1	171306561	171306562	47	20	1.42	2	1	0.21	1	0	0.79	unphased	1.04526347852574	1.04526347852574	1
1	174417342	174417343	53	10	1.42	2	1	0.21	1	0	0.79	unphased	0.555814706835115	0.555814706835115	1
1	175956123	175956124	70	40	1.42	2	1	0.21	1	0	0.79	unphased	1.27332096474954	1.05233137582606	1.21
1	177250307	177250308	84	11	1.42	2	1	0.21	1	0	0.79	unphased	0.405452201933405	0.405452201933405	1
1	180905360	180905361	27	15	1.42	2	1	0.21	1	0	0.79	unphased	1.25058309037901	1.25058309037901	1
1	185060779	185060780	128	71	1.42	2	1	0.21	1	0	0.79	unphased	1.24932622295149	1.03250101070371	1.21
1	190067567	190067568	182	106	1.42	2	1	0.21	1	0	0.79	unphased	1.28879535147392	1.06512012518506	1.21
1	196706737	196706738	40	8	1.42	2	1	0.21	1	0	0.79	unphased	0.583605442176871	0.583605442176871	1
1	196796099	196796100	67	30	1.42	2	1	0.21	1	0	0.79	unphased	1.08297917104986	1.08297917104986	1
1	196876503	196876504	53	10	1.42	2	1	0.21	1	0	0.79	unphased	0.555814706835115	0.555814706835115	1
1	196928027	196928028	6	4	1.42	2	1	0.21	1	0	0.79	unphased	1.40065306122449	1.40065306122449	1
1	204198173	204198174	46	7	1.42	2	1	0.21	1	0	0.79	unphased	0.462479784366577	0.462479784366577	1
1	205809436	205809437	23	14	1.42	2	1	0.21	1	0	0.79	unphased	1.32494208494208	1.32494208494208	1
1	206653243	206653244	26	4	1.42	2	1	0.21	1	0	0.79	unphased	0.466884353741497	0.466884353741497	1
1	209974727	209974728	73	43	1.42	2	1	0.21	1	0	0.79	unphased	1.29801900070373	1.07274297578821	1.21
1	215256726	215256727	62	11	1.42	2	1	0.21	1	0	0.79	unphased	0.527643276488678	0.527643276488678	1
1	216062060	216062061	55	11	1.42	2	1	0.21	1	0	0.79	unphased	0.583605442176871	0.583605442176871	1
1	216219922	216219923	55	12	1.42	2	1	0.21	1	0	0.79	unphased	0.627158087115443	0.627158087115443	1
1	220232156	220232157	57	37	1.42	2	1	0.21	1	0	0.79	unphased	1.37830221450282	1.13909273925853	1.21
1	226923457	226923458	18	7	1.42	2	1	0.21	1	0	0.79	unphased	0.980457142857143	0.980457142857143	1
1	228596161	228596162	45	13	1.42	2	1	0.21	1	0	0.79	unphased	0.78484869809993	0.78484869809993	1
1	232943499	232943500	46	11	1.42	2	1	0.21	1	0	0.79	unphased	0.675753669889008	0.675753669889008	1
1	233394782	233394783	19	28	1.42	2	1	0.21	1	0	0.79	unphased	2.08607902735562	1.72403225401291	1.21
1	237881822	237881823	21	3	1.42	2	1	0.21	1	0	0.79	unphased	0.437704081632653	0.437704081632653	1
1	237936817	237936818	19	11	1.42	2	1	0.21	1	0	0.79	unphased	1.28393197278912	1.28393197278912	1
1	240969436	240969437	32	16	1.42	2	1	0.21	1	0	0.79	unphased	1.16721088435374	1.16721088435374	1
1	245582976	245582977	69	14	1.42	2	1	0.21	1	0	0.79	unphased	0.590636833046472	0.590636833046472	1
1	247150364	247150365	30	19	1.42	2	1	0.21	1	0	0.79	unphased	1.35777592669721	1.35777592669721	1
1	247588320	247588321	21	14	1.42	2	1	0.21	1	0	0.79	unphased	1.40065306122449	1.40065306122449	1
1	247695184	247695185	22	7	1.42	2	1	0.21	1	0	0.79	unphased	0.845221674876847	0.845221674876847	1
1	247978137	247978138	47	26	NA	NA	NA	NA	NA	NA	NA	unphased	NA	NA	1
1	248308448	248308449	143	23	NA	NA	NA	NA	NA	NA	NA	unphased	NA	NA	1
1	248366413	248366414	230	39	NA	NA	NA	NA	NA	NA	NA	unphased	NA	NA	1
1	248436675	248436676	99	24	NA	NA	NA	NA	NA	NA	NA	unphased	NA	NA	1
1	248436751	248436752	95	6	NA	NA	NA	NA	NA	NA	NA	unphased	NA	NA	1
1	248845176	248845177	17	3	NA	NA	NA	NA	NA	NA	NA	unphased	NA	NA	1
1	249144509	249144510	132	19	NA	NA	NA	NA	NA	NA	NA	unphased	NA	NA	1
10	11299786	11299787	41	22	2	1	1	1	NA	NA	NA	unphased	1.42533203757694	1.42533203757694	1
10	12131101	12131102	58	19	2	1	1	1	NA	NA	NA	unphased	1.00715610919693	1.00715610919693	1
10	16957941	16957942	49	17	2	1	1	1	NA	NA	NA	unphased	1.05132962275819	1.05132962275819	1
10	17152916	17152917	63	25	2	1	1	1	NA	NA	NA	unphased	1.1595547309833	1.1595547309833	1
10	17363208	17363209	119	46	2	1	1	1	NA	NA	NA	unphased	1.13790970933828	1.13790970933828	1
10	17365137	17365138	90	16	2	1	1	1	NA	NA	NA	unphased	0.616095494801694	0.616095494801694	1
10	18242434	18242435	23	7	2	1	1	1	NA	NA	NA	unphased	0.952380952380952	0.952380952380952	1
10	18280106	18280107	60	22	2	1	1	1	NA	NA	NA	unphased	1.09507217521155	1.09507217521155	1
10	25886830	25886831	61	33	2	1	1	0.61	1	1	0.39	unphased	1.4329135909683	1.4329135909683	1
10	27437935	27437936	260	15	2	1	1	0.61	1	1	0.39	unphased	0.222634508348794	0.222634508348794	1
10	31138373	31138374	83	35	2	1	1	0.61	1	1	0.39	unphased	1.21065375302663	1.21065375302663	1
10	38344463	38344464	37	5	2.47	2	1	0.47	1	1	0.53	unphased	0.541861030126336	0.541861030126336	1
10	48387880	48387881	69	29	2.47	2	1	0.47	1	1	0.53	unphased	1.34691170345689	0.916266464936662	1.47
10	55570365	55570366	126	8	2.47	2	1	0.47	1	1	0.53	unphased	0.271739262869327	0.578168644402823	0.47
10	56138549	56138550	70	6	2.47	2	1	0.47	1	1	0.53	unphased	0.359339419978518	0.764551957401101	0.47
10	70154086	70154087	23	14	2.47	2	1	0.47	1	1	0.53	unphased	1.72223938223938	1.17159141648938	1.47
10	70332882	70332883	69	10	2.47	2	1	0.47	1	1	0.53	unphased	0.576156032033066	1.22586389794269	0.47
10	73406453	73406454	16	14	2	2	0	0.35	1	1	0.65	unphased	1.9047619047619	1.41093474426808	1.35
10	73468917	73468918	51	3	2	2	0	0.35	1	1	0.65	unphased	0.226757369614512	0.348857491714635	0.65
10	74628614	74628615	48	5	2	2	0	0.35	1	1	0.65	unphased	0.385059684251059	0.592399514232398	0.65
10	79603413	79603414	141	19	2	2	0	0.35	1	1	0.65	unphased	0.48469387755102	0.745682888540031	0.65
10	85982286	85982287	21	4	2	2	0	0.35	1	1	0.65	unphased	0.653061224489796	0.653061224489796	1
10	87966365	87966366	18	6	2	2	0	0.35	1	1	0.65	unphased	1.02040816326531	1.02040816326531	1
10	90497488	90497489	81	37	2	2	0	0.35	1	1	0.65	unphased	1.2798339674853	1.2798339674853	1
10	101122152	101122153	32	12	2.46	2	2	0.23	1	1	0.77	unphased	1.23862708719852	1.23862708719852	1
10	102783788	102783789	52	17	2.35	2	1	0.35	1	1	0.65	unphased	1.09185152321798	1.09185152321798	1
10	105197798	105197799	164	65	2.35	2	1	0.35	1	1	0.65	unphased	1.2578869975938	0.931768146365776	1.35
10	106737194	106737195	47	18	2.35	2	1	0.35	1	1	0.65	unphased	1.22722135007849	1.22722135007849	1
10	118957066	118957067	49	8	2.35	2	1	0.35	1	1	0.65	unphased	0.621983530254207	0.621983530254207	1
10	119044325	119044326	60	9	2.35	2	1	0.35	1	1	0.65	unphased	0.578039041703638	0.578039041703638	1
10	121203193	121203194	39	11	2.35	2	1	0.35	1	1	0.65	unphased	0.974959183673469	0.974959183673469	1
10	124672364	124672365	53	29	2.35	2	1	0.35	1	1	0.65	unphased	1.56728471876555	1.16095164353004	1.35
10	135204894	135204895	76	15	2.35	2	1	0.35	1	1	0.65	unphased	0.730488898856246	0.730488898856246	1
11	1246914	1246915	6	3	2.49	2	1	0.49	1	1	0.51	unphased	1.52387755102041	1.52387755102041	1
11	2427905	2427906	74	12	2.49	2	1	0.49	1	1	0.51	unphased	0.637902230659706	1.30184128706062	0.49
11	5246895	5246896	56	22	2.49	2	1	0.49	1	1	0.51	unphased	1.28943485086342	1.28943485086342	1
11	5443935	5443936	142	64	2.49	2	1	0.49	1	1	0.51	unphased	1.42031305726174	0.953230239772979	1.49
11	5878089	5878090	100	33	2.49	2	1	0.49	1	1	0.51	unphased	1.13431486880466	1.13431486880466	1
11	6262913	6262914	170	66	2.49	2	1	0.49	1	1	0.51	unphased	1.27850743687305	0.858058682465137	1.49
11	6651267	6651268	20	4	2.49	2	1	0.49	1	1	0.51	unphased	0.761938775510204	0.761938775510204	1
11	6943154	6943155	72	34	2.49	2	1	0.49	1	1	0.51	unphased	1.46637273777435	0.984142777029768	1.49
11	7065105	7065106	95	38	2.49	2	1	0.49	1	1	0.51	unphased	1.30618075801749	0.876631381219794	1.49
11	7488056	7488057	49	22	2.49	2	1	0.49	1	1	0.51	unphased	1.41656223052601	0.950712906393297	1.49
11	10820817	10820818	61	35	2.49	2	1	0.49	1	1	0.51	unphased	1.66674107142857	1.11861816874401	1.49
11	13378643	13378644	43	15	2.49	2	1	0.49	1	1	0.51	unphased	1.1823187895848	1.1823187895848	1
11	15222396	15222397	36	10	2.49	2	1	0.49	1	1	0.51	unphased	0.993833185448092	0.993833185448092	1
11	18159297	18159298	105	6	2.5	2	1	0.5	1	1	0.5	unphased	0.247655819084391	0.495311638168781	0.5
11	18485531	18485532	79	25	2.5	2	1	0.5	1	1	0.5	unphased	1.10135400313972	1.10135400313972	1
11	30033942	30033943	29	17	2.5	2	1	0.5	1	1	0.5	unphased	1.69321206743567	1.12880804495711	1.5
11	30914466	30914467	74	22	2.5	2	1	0.5	1	1	0.5	unphased	1.0499574829932	1.0499574829932	1
11	30925157	30925158	18	3	2.5	2	1	0.5	1	1	0.5	unphased	0.654518950437318	0.654518950437318	1
11	30942458	30942459	16	4	2.5	2	1	0.5	1	1	0.5	unphased	0.916326530612245	0.916326530612245	1
11	45117402	45117403	85	14	7	6	1	1	NA	NA	NA	unphased	1.28427128427128	1.28427128427128	1
11	45671408	45671409	52	92	8	7	1	1	NA	NA	NA	unphased	6.44104308390023	1.07350718065004	6
11	45928101	45928102	169	18	8	7	1	1	NA	NA	NA	unphased	0.970424533449743	0.970424533449743	1
11	46784047	46784048	99	27	3.02	3	1	0.51	1	1	0.49	unphased	1.09320699708455	1.09320699708455	1
11	47345864	47345865	20	10	3.02	3	1	0.51	1	1	0.49	unphased	1.70054421768707	1.12618822363382	1.51
11	48510486	48510487	53	6	3.02	3	1	0.51	1	1	0.49	unphased	0.518810100311311	1.01727470649277	0.51
11	51411780	51411781	44	11	3.02	3	1	0.51	1	1	0.49	unphased	1.02032653061224	1.02032653061224	1
11	55136161	55136162	138	27	3.02	3	1	0.51	1	1	0.49	unphased	0.834812615955473	0.834812615955473	1
11	55432948	55432949	54	14	3.02	3	1	0.51	1	1	0.49	unphased	1.05033613445378	1.05033613445378	1
11	55563910	55563911	61	19	3.02	3	1	0.51	1	1	0.49	unphased	1.21163775510204	1.21163775510204	1
11	55594725	55594726	153	97	3.02	3	1	0.51	1	1	0.49	unphased	1.97943346938776	0.979917559102849	2.02
11	56258454	56258455	58	13	3.02	3	1	0.51	1	1	0.49	unphased	0.934101753377407	0.934101753377407	1
11	57995500	57995501	86	13	3.02	3	1	0.51	1	1	0.49	unphased	0.669911358482787	0.669911358482787	1
11	58169979	58169980	117	11	3.02	3	1	0.51	1	1	0.49	unphased	0.438421556122449	0.859650110044018	0.51
11	58207584	58207585	59	37	3.02	3	1	0.51	1	1	0.49	unphased	1.96625425170068	0.973393193911228	2.02
11	60714007	60714008	28	8	2	2	0	1	NA	NA	NA	unphased	0.90702947845805	0.90702947845805	1
11	63487647	63487648	30	35	3	3	0	1	NA	NA	NA	unphased	2.73626373626374	0.912087912087912	3
11	63487648	63487649	31	35	3	3	0	1	NA	NA	NA	unphased	2.6948051948052	0.898268398268398	3
11	63666129	63666130	45	43	3	3	0	1	NA	NA	NA	unphased	2.48307050092764	0.827690166975881	3
11	64537757	64537758	60	82	3	3	0	1	NA	NA	NA	unphased	2.93446392641564	0.978154642138546	3
11	65270746	65270747	13	7	3	3	0	1	NA	NA	NA	unphased	1.77857142857143	1.77857142857143	1
11	65338162	65338163	14	17	3	3	0	1	NA	NA	NA	unphased	2.78670177748519	0.928900592495063	3
11	85396023	85396024	24	22	2	2	0	1	NA	NA	NA	unphased	1.95208518189885	0.976042590949423	2
11	92616380	92616381	64	63	2	2	0	1	NA	NA	NA	unphased	2.02474690663667	1.01237345331834	2
11	94040668	94040669	52	16	2	2	0	1	NA	NA	NA	unphased	0.960384153661465	0.960384153661465	1
11	101375479	101375480	49	69	2	2	0	1	NA	NA	NA	unphased	2.38671739882394	1.19335869941197	2
11	107219762	107219763	25	5	2	2	0	1	NA	NA	NA	unphased	0.680272108843537	0.680272108843537	1
11	110450209	110450210	44	34	2	2	0	1	NA	NA	NA	unphased	1.77917320774464	0.889586603872318	2
11	113267989	113267990	12	11	2	2	0	1	NA	NA	NA	unphased	1.95208518189885	0.976042590949423	2
11	117209309	117209310	59	17	2	2	0	1	NA	NA	NA	unphased	0.912996777658432	0.912996777658432	1
11	118498932	118498933	101	6	2	2	0	1	NA	NA	NA	unphased	0.228876597367919	0.228876597367919	1
11	124618405	124618406	18	18	2	2	0	1	NA	NA	NA	unphased	2.04081632653061	1.02040816326531	2
11	124789650	124789651	23	20	2	2	0	1	NA	NA	NA	unphased	1.8984337921215	0.94921689606075	2
12	3702356	3702357	12	11	3	3	0	1	NA	NA	NA	unphased	2.43034605146406	0.810115350488021	3
12	4700361	4700362	18	25	3	3	0	1	NA	NA	NA	unphased	2.95443758898908	0.984812529663028	3
12	12037474	12037475	38	74	3	3	0	1	NA	NA	NA	unphased	3.35750728862974	1.11916909620991	3
12	16510578	16510579	36	18	3	3	0	1	NA	NA	NA	unphased	1.69387755102041	0.846938775510204	2
12	25347859	25347860	28	25	3	3	0	1	NA	NA	NA	unphased	2.39699653446284	1.19849826723142	2
12	46233110	46233111	48	14	2.38	3	1	0.19	1	1	0.81	unphased	1.00746543778802	1.00746543778802	1
12	46592511	46592512	65	43	2.38	3	1	0.19	1	1	0.81	unphased	1.77639077853364	0.811137341796181	2.19
12	46592512	46592513	67	44	2.38	3	1	0.19	1	1	0.81	unphased	1.76857510571796	0.807568541423727	2.19
12	49444340	49444341	40	39	2.38	3	1	0.19	1	1	0.81	unphased	2.20257814518212	1.00574344528864	2.19
12	51737559	51737560	24	6	2.38	3	1	0.19	1	1	0.81	unphased	0.892326530612245	0.892326530612245	1
12	52282597	52282598	86	18	2.38	3	1	0.19	1	1	0.81	unphased	0.772205651491366	0.772205651491366	1
12	52818492	52818493	41	55	2.38	3	1	0.19	1	1	0.81	unphased	2.55614370748299	1.16718890752648	2.19
12	52843561	52843562	102	47	2.38	3	1	0.19	1	1	0.81	unphased	1.40736063552938	1.01982654748506	1.38
12	52843562	52843563	103	46	2.38	3	1	0.19	1	1	0.81	unphased	1.37741679222024	0.998128110304524	1.38
12	52913776	52913777	71	5	2.38	3	1	0.19	1	1	0.81	unphased	0.293528464017186	1.54488665272203	0.19
12	57572801	57572802	86	43	2.38	3	1	0.19	1	1	0.81	unphased	1.48721088435374	1.07768904663315	1.38
12	57606327	57606328	38	12	2.38	3	1	0.19	1	1	0.81	unphased	1.07079183673469	1.07079183673469	1
12	57864470	57864471	43	10	2.38	3	1	0.19	1	1	0.81	unphased	0.841817481709665	0.841817481709665	1
12	57943920	57943921	9	9	2.38	3	1	0.19	1	1	0.81	unphased	2.23081632653061	1.01863759202311	2.19
12	64815185	64815186	96	35	2.38	3	1	0.19	1	1	0.81	unphased	1.19203925845147	1.19203925845147	1
12	71966694	71966695	81	25	2.38	3	1	0.19	1	1	0.81	unphased	1.05227185213708	1.05227185213708	1
12	75434840	75434841	15	12	2.38	3	1	0.19	1	1	0.81	unphased	1.98294784580499	0.905455637353876	2.19
12	78583960	78583961	28	23	2.38	3	1	0.19	1	1	0.81	unphased	2.01210884353742	0.918771161432609	2.19
12	81101536	81101537	91	9	2.38	3	1	0.19	1	1	0.81	unphased	0.40154693877551	0.40154693877551	1
12	81734914	81734915	49	11	2.38	3	1	0.19	1	1	0.81	unphased	0.817965986394558	0.817965986394558	1
12	81751859	81751860	13	2	2.38	3	1	0.19	1	1	0.81	unphased	0.594884353741497	0.594884353741497	1
12	85260836	85260837	31	11	2.38	3	1	0.19	1	1	0.81	unphased	1.16852283770651	1.16852283770651	1
12	85623408	85623409	58	14	2.38	3	1	0.19	1	1	0.81	unphased	0.867539682539683	0.867539682539683	1
12	101748666	101748667	42	42	3.97	3	1	0.99	0	1	0.01	unphased	3.02581632653061	1.01197870452529	2.99
12	104126896	104126897	109	98	3.97	3	1	0.99	0	1	0.01	unphased	2.86502415458937	0.964654597504839	2.97
12	109605835	109605836	39	5	3.97	3	1	0.99	0	1	0.01	unphased	0.687685528756957	0.687685528756957	1
12	111748369	111748370	64	40	3.97	3	1	0.99	0	1	0.01	unphased	2.32755102040816	1.16962362834581	1.99
12	120159162	120159163	89	20	3.97	3	1	0.99	0	1	0.01	unphased	1.1103913124883	1.1103913124883	1
12	121001250	121001251	60	20	3.97	3	1	0.99	0	1	0.01	unphased	1.51290816326531	0.764095031952175	1.98
12	122284812	122284813	27	11	3.97	3	1	0.99	0	1	0.01	unphased	1.75178839957035	0.884741615944624	1.98
12	124268651	124268652	67	40	3.97	3	1	0.99	0	1	0.01	unphased	2.26229258058364	1.13683044250434	1.99
12	124824594	124824595	48	35	3.97	3	1	0.99	0	1	0.01	unphased	2.55189328743546	0.859223329102847	2.97
12	130184919	130184920	31	20	3.97	3	1	0.99	0	1	0.01	unphased	2.37318927571028	1.19255742498004	1.99
13	25266921	25266922	422	43	3.2	4	0	0.6	1	1	0.4	unphased	0.488409041035769	0.814015068392949	0.6
13	26621088	26621089	28	10	3.2	4	0	0.6	1	1	0.4	unphased	1.38990332975295	1.38990332975295	1
13	28877396	28877397	106	10	3.2	4	0	0.6	1	1	0.4	unphased	0.455313159746657	0.758855266244429	0.6
13	32783009	32783010	78	10	9	7	2	1	0	1	0	unphased	1.25927643784787	1.25927643784787	1
13	32937490	32937491	242	43	9	7	2	1	0	1	0	unphased	1.67196562835661	0.835982814178303	2
13	41636823	41636824	125	7	8	7	1	1	0	1	0	unphased	0.534632034632035	0.534632034632035	1
13	46559723	46559724	299	10	1.08	4	1	0.02	0	1	0.98	unphased	0.102318208836933	0.102318208836933	1
13	53420299	53420300	31	39	1.08	4	1	0.02	0	1	0.98	unphased	1.76148104956268	0.872020321565684	2.02
13	53420510	53420511	3	12	1.08	4	1	0.02	0	1	0.98	unphased	2.52930612244898	0.837518583592377	3.02
13	84455479	84455480	46	43	2.94	3	1	0.47	1	1	0.53	unphased	2.42618206833295	0.982259946693503	2.47
13	93518678	93518679	58	38	2.94	3	1	0.47	1	1	0.53	unphased	1.98772959183673	1.02460288239007	1.94
13	95095717	95095718	25	36	2.94	3	1	0.47	1	1	0.53	unphased	2.96358648377384	1.19983258452382	2.47
13	101890222	101890223	36	39	2.94	3	1	0.47	1	1	0.53	unphased	2.61124897959184	1.0571858216971	2.47
13	103446051	103446052	99	85	2.94	3	1	0.47	1	1	0.53	unphased	2.3197759538598	0.939180548121379	2.47
14	20502862	20502863	31	19	2	1	1	0.61	1	1	0.39	unphased	1.55102040816327	1.55102040816327	1
14	20876105	20876106	174	67	2	1	1	0.61	1	1	0.39	unphased	1.13472775002117	1.13472775002117	1
14	22090017	22090018	31	5	2	1	1	0.61	1	1	0.39	unphased	0.566893424036281	0.566893424036281	1
14	23530580	23530581	80	23	2	1	1	0.61	1	1	0.39	unphased	0.91143253417872	0.91143253417872	1
14	23531686	23531687	205	46	2	1	1	0.61	1	1	0.39	unphased	0.748028294983332	0.748028294983332	1
14	23893160	23893161	70	17	2	1	1	0.61	1	1	0.39	unphased	0.797560403471734	0.797560403471734	1
14	24538063	24538064	14	6	2	1	1	0.61	1	1	0.39	unphased	1.22448979591837	1.22448979591837	1
14	24655131	24655132	47	6	2	1	1	0.61	1	1	0.39	unphased	0.462071621101271	1.1847990284648	0.39
14	47566250	47566251	93	9	2	1	1	0.61	1	1	0.39	unphased	0.360144057623049	0.923446301597562	0.39
14	50626481	50626482	84	20	2	1	1	0.61	1	1	0.39	unphased	0.784929356357928	0.784929356357928	1
14	52433352	52433353	102	39	2	1	1	0.61	1	1	0.39	unphased	1.12896222318715	1.12896222318715	1
14	56645092	56645093	71	15	2	1	1	0.61	1	1	0.39	unphased	0.711912672045562	0.711912672045562	1
14	64953725	64953726	60	37	2	1	1	0.61	1	1	0.39	unphased	1.55691142436356	1.55691142436356	1
14	78397953	78397954	24	9	2	1	1	0.81	1	1	0.19	unphased	1.11317254174397	1.11317254174397	1
14	91007747	91007748	8	9	2	1	1	0.81	1	1	0.19	unphased	2.1608643457383	2.1608643457383	1
14	94933526	94933527	41	19	2	1	1	0.81	1	1	0.19	unphased	1.29251700680272	1.29251700680272	1
14	101201092	101201093	53	18	2	1	1	0.81	1	1	0.19	unphased	1.03478010922679	1.03478010922679	1
15	24923729	24923730	51	34	2	2	0	0.47	1	1	0.53	unphased	1.63265306122449	1.11064834096904	1.47
15	25470425	25470426	151	9	2	2	0	0.47	1	1	0.53	unphased	0.229591836734694	0.229591836734694	1
15	26812799	26812800	20	20	2	2	0	0.47	1	1	0.53	unphased	2.04081632653061	1.3883104262113	1.47
15	28000590	28000591	28	7	2	2	0	0.47	1	1	0.53	unphased	0.816326530612245	0.816326530612245	1
15	29409378	29409379	16	11	2	2	0	0.47	1	1	0.53	unphased	1.66288737717309	1.13121590283884	1.47
15	33999196	33999197	12	6	2	2	0	0.47	1	1	0.53	unphased	1.36054421768707	1.36054421768707	1
15	34015042	34015043	61	46	2	2	0	0.47	1	1	0.53	unphased	1.75472057982071	1.19368746926579	1.47
15	38591587	38591588	57	4	2	2	0	0.47	1	1	0.53	unphased	0.267648042823687	0.504996307214504	0.53
15	43658616	43658617	62	7	2	2	0	0.47	1	1	0.53	unphased	0.41407867494824	0.781280518770264	0.53
15	48052530	48052531	30	14	2	2	0	0.47	1	1	0.53	unphased	1.2987012987013	1.2987012987013	1
15	48063040	48063041	33	12	2	2	0	0.47	1	1	0.53	unphased	1.08843537414966	1.08843537414966	1
15	48063049	48063050	27	16	2	2	0	0.47	1	1	0.53	unphased	1.5187470336972	1.03316124741306	1.47
15	50515329	50515330	40	4	2	2	0	0.47	1	1	0.53	unphased	0.371057513914657	0.700108516820107	0.53
15	50838793	50838794	11	10	2	2	0	0.47	1	1	0.53	unphased	1.94363459669582	1.32220040591552	1.47
15	54305102	54305103	32	7	2	2	0	0.47	1	1	0.53	unphased	0.732600732600733	0.732600732600733	1
15	56142805	56142806	134	63	2	2	0	0.47	1	1	0.53	unphased	1.30529369108049	0.887954891891492	1.47
15	56142806	56142807	132	60	2	2	0	0.47	1	1	0.53	unphased	1.27551020408163	0.867694016382063	1.47
15	63004130	63004131	28	13	2	2	0	0.47	1	1	0.53	unphased	1.29417620706819	1.29417620706819	1
15	65702612	65702613	42	9	2	2	0	0.47	1	1	0.53	unphased	0.720288115246098	0.720288115246098	1
15	65702613	65702614	41	8	2	2	0	0.47	1	1	0.53	unphased	0.666389004581424	0.666389004581424	1
15	67457256	67457257	220	17	2	2	0	0.47	1	1	0.53	unphased	0.292775337983295	0.292775337983295	1
15	68628072	68628073	11	3	2	2	0	0.47	1	1	0.53	unphased	0.87463556851312	0.87463556851312	1
15	72691080	72691081	39	7	2	2	0	0.47	1	1	0.53	unphased	0.62111801242236	0.62111801242236	1
15	81181088	81181089	131	11	2.94	2	2	0.47	1	1	0.53	unphased	0.388999712561081	0.827658962895916	0.47
15	81584982	81584983	32	13	2.94	2	2	0.47	1	1	0.53	unphased	1.45069387755102	1.45069387755102	1
15	86807755	86807756	61	23	2.94	2	2	0.47	1	1	0.53	unphased	1.37497084548105	1.37497084548105	1
15	86807756	86807757	63	24	2.94	2	2	0.47	1	1	0.53	unphased	1.38527797325827	0.942365968202904	1.47
15	89398307	89398308	8	5	2.94	2	2	0.47	1	1	0.53	unphased	1.93139717425432	1.93139717425432	1
15	90021157	90021158	36	10	2.94	2	2	0.47	1	1	0.53	unphased	1.09165927240461	1.09165927240461	1
15	95001410	95001411	53	17	2.94	2	2	0.47	1	1	0.53	unphased	1.21953935860058	1.21953935860058	1
15	98995129	98995130	12	4	2.94	2	2	0.47	1	1	0.53	unphased	1.25540816326531	1.25540816326531	1
15	99465613	99465614	59	17	2.94	2	2	0.47	1	1	0.53	unphased	1.12325993555317	1.12325993555317	1
15	101112153	101112154	74	24	2.94	2	2	0.47	1	1	0.53	unphased	1.22978758850479	1.22978758850479	1
15	101434373	101434374	23	5	2.94	2	2	0.47	1	1	0.53	unphased	0.896720116618076	0.896720116618076	1
16	727794	727795	10	5	3	2	1	1	NA	NA	NA	unphased	1.69387755102041	1.69387755102041	1
16	823009	823010	67	50	3	2	1	1	NA	NA	NA	unphased	2.1716378859236	1.0858189429618	2
16	3074227	3074228	3	8	3	2	1	1	NA	NA	NA	unphased	3.69573283858998	1.84786641929499	2
16	12145986	12145987	140	20	1.98	2	1	0.49	1	0	0.51	unphased	0.507704081632653	1.03613077884215	0.49
16	20576095	20576096	33	12	1.98	2	1	0.49	1	0	0.51	unphased	1.08310204081633	1.08310204081633	1
16	24979671	24979672	59	23	1.98	2	1	0.49	1	0	0.51	unphased	1.13923842707815	1.13923842707815	1
16	27460515	27460516	57	7	1.98	2	1	0.49	1	0	0.51	unphased	0.444241071428571	0.90661443148688	0.49
16	27544623	27544624	73	15	1.98	2	1	0.49	1	0	0.51	unphased	0.69232374768089	0.69232374768089	1
16	31419213	31419214	47	26	1.98	2	1	0.49	1	0	0.51	unphased	1.44660889013139	0.970878449752614	1.49
16	31422635	31422636	180	30	1.98	2	1	0.49	1	0	0.51	unphased	0.580233236151603	1.18414946153388	0.49
16	32077589	32077590	458	59	1.98	2	1	0.49	1	0	0.51	unphased	0.463513204121107	0.945945314532871	0.49
16	48138052	48138053	16	13	1.98	2	1	0.49	1	0	0.51	unphased	1.82073187895848	1.22196770399898	1.49
16	49669979	49669980	21	7	1.98	2	1	0.49	1	0	0.51	unphased	1.01540816326531	1.01540816326531	1
16	49670411	49670412	58	16	1.98	2	1	0.49	1	0	0.51	unphased	0.87819084390513	0.87819084390513	1
16	61823357	61823358	26	19	2	2	0	1	NA	NA	NA	unphased	1.72335600907029	0.861678004535147	2
16	65005901	65005902	7	11	2	2	0	1	NA	NA	NA	unphased	2.49433106575964	1.24716553287982	2
16	71392787	71392788	6	7	2	2	0	1	NA	NA	NA	unphased	2.1978021978022	1.0989010989011	2
16	72834017	72834018	37	14	2	2	0	1	NA	NA	NA	unphased	1.12044817927171	1.12044817927171	1
16	89977672	89977673	31	12	NA	NA	NA	NA	NA	NA	NA	unphased	NA	NA	1
17	1494601	1494602	35	24	2	2	0	1	NA	NA	NA	unphased	1.66032514700796	0.830162573503978	2
17	3182148	3182149	26	16	2	2	0	1	NA	NA	NA	unphased	1.55490767735666	0.777453838678328	2
17	6364784	6364785	74	49	2	2	0	1	NA	NA	NA	unphased	1.6260162601626	0.813008130081301	2
17	7358599	7358600	70	6	2	2	0	1	NA	NA	NA	unphased	0.322234156820623	0.322234156820623	1
17	7836273	7836274	4	4	2	2	0	1	NA	NA	NA	unphased	2.04081632653061	2.04081632653061	1
17	8135133	8135134	47	4	2	2	0	1	NA	NA	NA	unphased	0.320128051220488	0.320128051220488	1
17	8809051	8809052	5	5	2	2	0	1	NA	NA	NA	unphased	2.04081632653061	2.04081632653061	1
17	10430337	10430338	42	13	2	2	0	1	NA	NA	NA	unphased	0.964749536178108	0.964749536178108	1
17	11865392	11865393	28	19	2	2	0	1	NA	NA	NA	unphased	1.65002171081198	0.825010855405992	2
17	15406304	15406305	24	7	2	2	0	1	NA	NA	NA	unphased	0.921658986175115	0.921658986175115	1
17	16456683	16456684	77	74	2	2	0	1	NA	NA	NA	unphased	2.00027030679822	1.00013515339911	2
17	21318871	21318872	51	9	4	4	0	1	NA	NA	NA	unphased	0.912244897959184	0.912244897959184	1
17	26800699	26800700	14	8	5	3	2	1	NA	NA	NA	unphased	2.57513914656772	0.858379715522573	3
17	26955576	26955577	46	25	5	3	2	1	NA	NA	NA	unphased	2.49353262431733	0.831177541439111	3
17	28539836	28539837	45	15	3	2	1	1	NA	NA	NA	unphased	1.27040816326531	1.27040816326531	1
17	28772926	28772927	91	16	3	2	1	1	NA	NA	NA	unphased	0.759870303261492	0.759870303261492	1
17	29654691	29654692	57	29	3	2	1	1	NA	NA	NA	unphased	1.71357380161367	0.856786900806834	2
17	30207727	30207728	148	20	3	2	1	1	NA	NA	NA	unphased	0.604956268221574	0.604956268221574	1
17	33802073	33802074	22	10	3	2	1	1	NA	NA	NA	unphased	1.58801020408163	1.58801020408163	1
17	33806456	33806457	43	10	3	2	1	1	NA	NA	NA	unphased	0.958798613785137	0.958798613785137	1
17	39274397	39274398	22	16	3	2	1	1	NA	NA	NA	unphased	2.13963480128894	1.06981740064447	2
17	39316476	39316477	31	12	3	2	1	1	NA	NA	NA	unphased	1.41813004271476	1.41813004271476	1
17	40342358	40342359	17	4	3	2	1	1	NA	NA	NA	unphased	0.967930029154519	0.967930029154519	1
17	40468915	40468916	55	7	3	2	1	1	NA	NA	NA	unphased	0.573732718894009	0.573732718894009	1
17	40872312	40872313	92	22	3	2	1	1	NA	NA	NA	unphased	0.980665950590763	0.980665950590763	1
17	43906639	43906640	30	10	3	2	1	1	NA	NA	NA	unphased	1.27040816326531	1.27040816326531	1
17	45299787	45299788	55	7	3	2	1	1	NA	NA	NA	unphased	0.573732718894009	0.573732718894009	1
17	48272810	48272811	82	17	3	2	1	1	NA	NA	NA	unphased	0.872603586889301	0.872603586889301	1
17	51900650	51900651	163	21	3	2	1	1	NA	NA	NA	unphased	0.579968944099379	0.579968944099379	1
17	67130880	67130881	51	18	3	2	1	1	NA	NA	NA	unphased	1.32564330079858	1.32564330079858	1
17	72240153	72240154	61	9	3	2	1	1	NA	NA	NA	unphased	0.6533527696793	0.6533527696793	1
17	72368432	72368433	37	34	3	2	1	1	NA	NA	NA	unphased	2.43345789019833	1.21672894509917	2
17	72921750	72921751	59	43	3	2	1	1	NA	NA	NA	unphased	2.1422569027611	1.07112845138055	2
17	73262984	73262985	31	16	3	2	1	1	NA	NA	NA	unphased	1.72991749891446	0.86495874945723	2
17	73263868	73263869	60	13	3	2	1	1	NA	NA	NA	unphased	0.904948280682136	0.904948280682136	1
17	73836586	73836587	45	32	3	2	1	1	NA	NA	NA	unphased	2.11184733633713	1.05592366816857	2
17	79994491	79994492	33	12	3	2	1	1	NA	NA	NA	unphased	1.35510204081633	1.35510204081633	1
18	346493	346494	51	18	2.26	2	1	0.26	1	1	0.74	unphased	1.13259982253771	1.13259982253771	1
18	2847925	2847926	20	7	2.26	2	1	0.26	1	1	0.74	unphased	1.12560846560847	1.12560846560847	1
18	3845281	3845282	25	20	2.26	2	1	0.26	1	1	0.74	unphased	1.92961451247166	1.53144008926322	1.26
18	7231771	7231772	25	20	2.26	2	1	0.26	1	1	0.74	unphased	1.92961451247166	1.53144008926322	1.26
18	7231798	7231799	19	13	2.26	2	1	0.26	1	1	0.74	unphased	1.76378826530612	1.39983195659216	1.26
18	8783928	8783929	112	50	2.26	2	1	0.26	1	1	0.74	unphased	1.34001007810532	1.06350006198835	1.26
18	12496078	12496079	76	13	2.26	2	1	0.26	1	1	0.74	unphased	0.6341710616831	0.6341710616831	1
18	29111027	29111028	50	22	2	1	1	1	NA	NA	NA	unphased	1.24716553287982	1.24716553287982	1
18	29867398	29867399	47	13	2	1	1	1	NA	NA	NA	unphased	0.884353741496599	0.884353741496599	1
18	31599523	31599524	81	14	2	1	1	1	NA	NA	NA	unphased	0.601503759398496	0.601503759398496	1
18	32407637	32407638	65	14	2	1	1	1	NA	NA	NA	unphased	0.723327305605787	0.723327305605787	1
18	43204723	43204724	46	10	1.08	1	1	0.08	0	1	0.92	unphased	0.564577259475219	0.564577259475219	1
18	48255620	48255621	12	6	2	1	1	1	NA	NA	NA	unphased	1.36054421768707	1.36054421768707	1
18	50432649	50432650	42	10	2	1	1	1	NA	NA	NA	unphased	0.784929356357928	0.784929356357928	1
18	51025664	51025665	38	7	2	1	1	1	NA	NA	NA	unphased	0.634920634920635	0.634920634920635	1
18	51025665	51025666	38	7	2	1	1	1	NA	NA	NA	unphased	0.634920634920635	0.634920634920635	1
18	54444110	54444111	110	28	2	1	1	1	NA	NA	NA	unphased	0.82815734989648	0.82815734989648	1
18	60563196	60563197	32	8	2	1	1	1	NA	NA	NA	unphased	0.816326530612245	0.816326530612245	1
18	61234151	61234152	44	23	2	1	1	1	NA	NA	NA	unphased	1.40115747791654	1.40115747791654	1
18	63526276	63526277	37	12	2	1	1	1	NA	NA	NA	unphased	0.999583506872137	0.999583506872137	1
18	64211978	64211979	13	6	2	1	1	1	NA	NA	NA	unphased	1.28893662728249	1.28893662728249	1
18	74154221	74154222	22	5	2	1	1	1	NA	NA	NA	unphased	0.755857898715041	0.755857898715041	1
18	74154222	74154223	21	5	2	1	1	1	NA	NA	NA	unphased	0.784929356357928	0.784929356357928	1
18	74624285	74624286	15	4	2	1	1	1	NA	NA	NA	unphased	0.859291084854995	0.859291084854995	1
19	4292731	4292732	23	24	2	2	0	1	NA	NA	NA	unphased	2.08423795049935	1.04211897524967	2
19	5933468	5933469	43	4	2	2	0	1	NA	NA	NA	unphased	0.347372991749891	0.347372991749891	1
19	7083875	7083876	7	10	2	2	0	1	NA	NA	NA	unphased	2.40096038415366	1.20048019207683	2
19	8808270	8808271	28	16	2	2	0	1	NA	NA	NA	unphased	1.48423005565863	0.742115027829314	2
19	9060277	9060278	37	30	2	2	0	1	NA	NA	NA	unphased	1.82759671032592	0.913798355162961	2
19	9072942	9072943	36	29	2	2	0	1	NA	NA	NA	unphased	1.82103610675039	0.910518053375196	2
19	10091369	10091370	16	6	2	2	0	1	NA	NA	NA	unphased	1.11317254174397	1.11317254174397	1
19	10610292	10610293	16	10	2	2	0	1	NA	NA	NA	unphased	1.56985871271586	1.56985871271586	1
19	11138490	11138491	36	39	2	2	0	1	NA	NA	NA	unphased	2.12244897959184	1.06122448979592	2
19	17283218	17283219	11	9	2	2	0	1	NA	NA	NA	unphased	1.83673469387755	0.918367346938776	2
19	17758110	17758111	5	3	2	2	0	1	NA	NA	NA	unphased	1.53061224489796	1.53061224489796	1
19	19339041	19339042	29	24	2	2	0	1	NA	NA	NA	unphased	1.84828648440508	0.924143242202541	2
19	21476271	21476272	18	10	2	2	0	1	NA	NA	NA	unphased	1.45772594752187	1.45772594752187	1
19	22156741	22156742	18	16	2	2	0	1	NA	NA	NA	unphased	1.92076830732293	0.960384153661465	2
19	22363511	22363512	45	18	2	2	0	1	NA	NA	NA	unphased	1.16618075801749	1.16618075801749	1
19	22586233	22586234	76	8	2	2	0	1	NA	NA	NA	unphased	0.388726919339164	0.388726919339164	1
19	30935024	30935025	17	12	3.66	3	1	0.83	1	1	0.17	unphased	2.37584799437016	0.893175937733144	2.66
19	36159570	36159571	5	5	3.66	3	1	0.83	1	1	0.17	unphased	2.87081632653061	1.01442273022283	2.83
19	36245207	36245208	53	40	3.66	3	1	0.83	1	1	0.17	unphased	2.46951942067149	0.928390759650938	2.66
19	36832248	36832249	229	22	3.66	3	1	0.83	1	1	0.17	unphased	0.503250670786243	0.503250670786243	1
19	37129922	37129923	38	20	3.66	3	1	0.83	1	1	0.17	unphased	1.9798733286418	1.08189799379333	1.83
19	37677514	37677515	230	54	3.66	3	1	0.83	1	1	0.17	unphased	1.09171888473699	1.09171888473699	1
19	40504257	40504258	45	15	3.66	3	1	0.83	1	1	0.17	unphased	1.43540816326531	1.43540816326531	1
19	40704285	40704286	28	6	3.66	3	1	0.83	1	1	0.17	unphased	1.01322929171669	1.01322929171669	1
19	41206253	41206254	68	5	3.66	3	1	0.83	1	1	0.17	unphased	0.393262510483646	0.473810253594754	0.83
19	41454957	41454958	27	28	3.66	3	1	0.83	1	1	0.17	unphased	2.92301298701299	1.03286677986325	2.83
19	41522648	41522649	38	12	3.66	3	1	0.83	1	1	0.17	unphased	1.37799183673469	1.37799183673469	1
19	44417579	44417580	70	23	3.66	3	1	0.83	1	1	0.17	unphased	1.41997366688611	0.775941894473284	1.83
19	44501579	44501580	40	37	3.66	3	1	0.83	1	1	0.17	unphased	2.75896633978267	0.974899766707656	2.83
19	44679239	44679240	27	30	3.66	3	1	0.83	1	1	0.17	unphased	3.0219119226638	1.06781340023456	2.83
19	46299363	46299364	111	29	3.66	3	1	0.83	1	1	0.17	unphased	1.18933819241983	1.18933819241983	1
19	48343138	48343139	175	55	3.66	3	1	0.83	1	1	0.17	unphased	1.37299911268855	0.750272739174073	1.83
19	49610943	49610944	49	21	3.66	3	1	0.83	1	1	0.17	unphased	1.72248979591837	0.941251254600201	1.83
19	51220045	51220046	22	4	3.66	3	1	0.83	1	1	0.17	unphased	0.883328100470958	0.883328100470958	1
19	51411734	51411735	47	34	3.66	3	1	0.83	1	1	0.17	unphased	2.41006802721088	0.906040611733415	2.66
19	51532472	51532473	56	48	3.66	3	1	0.83	1	1	0.17	unphased	2.64998430141287	0.996234699779276	2.66
19	53454040	53454041	167	55	3.66	3	1	0.83	1	1	0.17	unphased	1.42247655819084	0.777309594639805	1.83
19	53484206	53484207	37	9	3.66	3	1	0.83	1	1	0.17	unphased	1.12336291038154	1.12336291038154	1
19	53855100	53855101	61	46	3.66	3	1	0.83	1	1	0.17	unphased	2.4683654396338	0.927956932193157	2.66
19	53952872	53952873	47	12	3.66	3	1	0.83	1	1	0.17	unphased	1.16778969214805	1.16778969214805	1
19	54401817	54401818	14	12	3.66	3	1	0.83	1	1	0.17	unphased	2.64998430141287	0.996234699779276	2.66
19	54758730	54758731	37	31	3.66	3	1	0.83	1	1	0.17	unphased	2.61750900360144	0.984025941203549	2.66
19	55748125	55748126	55	17	3.66	3	1	0.83	1	1	0.17	unphased	1.35566326530612	1.35566326530612	1
19	56424391	56424392	97	13	3.66	3	1	0.83	1	1	0.17	unphased	0.678556586270872	0.678556586270872	1
19	56572781	56572782	48	14	3.66	3	1	0.83	1	1	0.17	unphased	1.29649769585253	1.29649769585253	1
19	57640594	57640595	101	35	3.66	3	1	0.83	1	1	0.17	unphased	1.47762605042017	0.807445929191349	1.83
19	57839610	57839611	41	7	3.66	3	1	0.83	1	1	0.17	unphased	0.837321428571429	0.837321428571429	1
19	58490842	58490843	58	50	3.66	3	1	0.83	1	1	0.17	unphased	2.65816326530612	0.999309498235385	2.66
19	58572989	58572990	51	35	3.66	3	1	0.83	1	1	0.17	unphased	2.33671096345515	0.878462768216222	2.66
19	58724290	58724291	77	14	3.66	3	1	0.83	1	1	0.17	unphased	0.883328100470958	0.883328100470958	1
19	58864390	58864391	65	13	3.66	3	1	0.83	1	1	0.17	unphased	0.956938775510204	0.956938775510204	1
2	16085777	16085778	15	10	2.46	2	1	0.46	1	1	0.54	unphased	1.81665306122449	1.24428291864691	1.46
2	17830708	17830709	98	28	2.46	2	1	0.46	1	1	0.54	unphased	1.00925170068027	1.00925170068027	1
2	21235325	21235326	53	45	2.46	2	1	0.46	1	1	0.54	unphased	2.08544356518117	1.42838600354875	1.46
2	25190084	25190085	37	24	2.46	2	1	0.46	1	1	0.54	unphased	1.7868718634995	1.22388483801335	1.46
2	31484545	31484546	89	23	2.46	2	1	0.46	1	1	0.54	unphased	0.932656705539359	0.932656705539359	1
2	32613997	32613998	13	3	2.46	2	1	0.46	1	1	0.54	unphased	0.85155612244898	0.85155612244898	1
2	33484661	33484662	111	40	2.46	2	1	0.46	1	1	0.54	unphased	1.20308149749966	1.20308149749966	1
2	36669768	36669769	90	58	2.46	2	1	0.46	1	1	0.54	unphased	1.77982901268616	1.21906096759326	1.46
2	43797576	43797577	35	27	2.46	2	1	0.46	1	1	0.54	unphased	1.9778077682686	1.35466285497849	1.46
2	44586879	44586880	31	16	2.46	2	1	0.46	1	1	0.54	unphased	1.54608771168042	1.05896418608248	1.46
2	46574199	46574200	63	13	2.46	2	1	0.46	1	1	0.54	unphased	0.776858216970999	0.776858216970999	1
2	48809665	48809666	39	9	2.46	2	1	0.46	1	1	0.54	unphased	0.85155612244898	0.85155612244898	1
2	48915275	48915276	99	19	2.46	2	1	0.46	1	1	0.54	unphased	0.731279833967485	0.731279833967485	1
2	49189749	49189750	3	7	2.46	2	1	0.46	1	1	0.54	unphased	3.17914285714286	2.17749510763209	1.46
2	50733714	50733715	19	20	2.46	2	1	0.46	1	1	0.54	unphased	2.32904238618524	1.59523451108578	1.46
2	51254932	51254933	7	8	2.46	2	1	0.46	1	1	0.54	unphased	2.42220408163265	1.65904389152921	1.46
2	51254933	51254934	6	7	2.46	2	1	0.46	1	1	0.54	unphased	2.44549450549451	1.67499623664007	1.46
2	54872431	54872432	76	17	2.46	2	1	0.46	1	1	0.54	unphased	0.830190915075708	0.830190915075708	1
2	69736518	69736519	29	14	2.46	2	1	0.46	1	1	0.54	unphased	1.47867109634551	1.47867109634551	1
2	70096904	70096905	80	45	2.46	2	1	0.46	1	1	0.54	unphased	1.63498775510204	1.11985462678222	1.46
2	71148363	71148364	61	15	2.46	2	1	0.46	1	1	0.54	unphased	0.896374865735768	0.896374865735768	1
2	73678724	73678725	119	19	2.46	2	1	0.46	1	1	0.54	unphased	0.625297249334516	1.35934184637938	0.46
2	85049049	85049050	7	4	2.46	2	1	0.46	1	1	0.54	unphased	1.65150278293135	1.65150278293135	1
2	85894863	85894864	70	46	2.46	2	1	0.46	1	1	0.54	unphased	1.80099225897255	1.23355634176202	1.46
2	89417277	89417278	229	62	2.46	2	1	0.46	1	1	0.54	unphased	0.967633073848096	0.967633073848096	1
2	90108922	90108923	41	21	2.46	2	1	0.46	1	1	0.54	unphased	1.53829493087558	1.05362666498327	1.46
2	96936995	96936996	48	25	2.46	2	1	0.46	1	1	0.54	unphased	1.55535364830864	1.06531071801962	1.46
2	96950177	96950178	45	27	2.46	2	1	0.46	1	1	0.54	unphased	1.70311224489796	1.16651523623148	1.46
2	98736074	98736075	173	17	2.46	2	1	0.46	1	1	0.54	unphased	0.406356605800215	0.883383925652641	0.46
2	99242231	99242232	43	8	2.46	2	1	0.46	1	1	0.54	unphased	0.712412965186074	0.712412965186074	1
2	99342814	99342815	14	8	2.46	2	1	0.46	1	1	0.54	unphased	1.65150278293135	1.65150278293135	1
2	101967401	101967402	152	40	2.46	2	1	0.46	1	1	0.54	unphased	0.946173469387755	0.946173469387755	1
2	103090301	103090302	169	51	2.46	2	1	0.46	1	1	0.54	unphased	1.05283302411874	1.05283302411874	1
2	109067568	109067569	35	10	2.46	2	1	0.46	1	1	0.54	unphased	1.00925170068027	1.00925170068027	1
2	109380141	109380142	135	18	2.46	2	1	0.46	1	1	0.54	unphased	0.534309723889556	1.16154287802077	0.46
2	109408184	109408185	85	24	2.46	2	1	0.46	1	1	0.54	unphased	0.999992510765774	0.999992510765774	1
2	109415039	109415040	52	15	2.46	2	1	0.46	1	1	0.54	unphased	1.01678342978983	1.01678342978983	1
2	118753903	118753904	42	15	2.46	2	1	0.46	1	1	0.54	unphased	1.19516648764769	1.19516648764769	1
2	122004482	122004483	49	14	2.82	2	2	0.41	1	1	0.59	unphased	1.08925170068027	1.08925170068027	1
2	125261946	125261947	41	26	2.82	2	2	0.41	1	1	0.59	unphased	1.90212610417301	1.34902560579646	1.41
2	125281973	125281974	17	11	2.82	2	2	0.41	1	1	0.59	unphased	1.92564139941691	1.36570312015384	1.41
2	128075836	128075837	50	7	2.82	2	2	0.41	1	1	0.59	unphased	0.601954887218045	0.601954887218045	1
2	128367542	128367543	9	7	2.82	2	2	0.41	1	1	0.59	unphased	2.14446428571429	1.52089665653495	1.41
2	130737816	130737817	27	12	2.82	2	2	0.41	1	1	0.59	unphased	1.50819466248038	1.50819466248038	1
2	141291701	141291702	22	10	2.82	2	2	0.41	1	1	0.59	unphased	1.53176020408163	1.53176020408163	1
2	145187455	145187456	65	15	2.62	2	2	0.31	1	1	0.69	unphased	0.88155612244898	0.88155612244898	1
2	152432207	152432208	164	68	2.62	2	2	0.31	1	1	0.69	unphased	1.37806474313863	1.0519578191898	1.31
2	157426036	157426037	76	12	2.62	2	2	0.31	1	1	0.69	unphased	0.64113172541744	0.64113172541744	1
2	158142618	158142619	35	11	2.62	2	2	0.31	1	1	0.69	unphased	1.12430346051464	1.12430346051464	1
2	160194282	160194283	57	16	2.62	2	2	0.31	1	1	0.69	unphased	1.03049482806821	1.03049482806821	1
2	162895492	162895493	60	29	2.62	2	2	0.31	1	1	0.69	unphased	1.53199266223343	1.16946004750644	1.31
2	166901689	166901690	267	65	2.62	2	2	0.31	1	1	0.69	unphased	0.920500368822228	0.920500368822228	1
2	167060952	167060953	31	6	2.62	2	2	0.31	1	1	0.69	unphased	0.762426916712631	0.762426916712631	1
2	167168060	167168061	62	27	2.62	2	2	0.31	1	1	0.69	unphased	1.42633799587251	1.08880763043703	1.31
2	168107343	168107344	74	24	2.62	2	2	0.31	1	1	0.69	unphased	1.15142024156601	1.15142024156601	1
2	170042415	170042416	77	39	2.62	2	2	0.31	1	1	0.69	unphased	1.58072132301196	1.20665749848241	1.31
2	172952918	172952919	87	30	2.62	2	2	0.31	1	1	0.69	unphased	1.20554683411826	1.20554683411826	1
2	179408022	179408023	104	16	2.62	2	2	0.31	1	1	0.69	unphased	0.626884353741497	0.626884353741497	1
2	179413590	179413591	62	15	2.62	2	2	0.31	1	1	0.69	unphased	0.915902464882057	0.915902464882057	1
2	179432941	179432942	142	50	2.62	2	2	0.31	1	1	0.69	unphased	1.22438350340136	1.22438350340136	1
2	179434395	179434396	26	8	2.62	2	2	0.31	1	1	0.69	unphased	1.10626650660264	1.10626650660264	1
2	179529214	179529215	126	47	2.62	2	2	0.31	1	1	0.69	unphased	1.27732216586056	0.975055088443178	1.31
2	179529215	179529216	129	47	2.62	2	2	0.31	1	1	0.69	unphased	1.25554962894249	0.958434831253806	1.31
2	179594233	179594234	75	30	2.62	2	2	0.31	1	1	0.69	unphased	1.34332361516035	1.02543787416821	1.31
2	179610534	179610535	89	16	2.62	2	2	0.31	1	1	0.69	unphased	0.716439261418853	0.716439261418853	1
2	179614933	179614934	57	24	2.62	2	2	0.31	1	1	0.69	unphased	1.39307634164777	1.06341705469295	1.31
2	182344886	182344887	32	14	2.62	2	2	0.31	1	1	0.69	unphased	1.43093167701863	1.43093167701863	1
2	183586759	183586760	53	11	2.62	2	2	0.31	1	1	0.69	unphased	0.808093112244898	0.808093112244898	1
2	186673097	186673098	24	9	2.62	2	2	0.31	1	1	0.69	unphased	1.28226345083488	1.28226345083488	1
2	187371498	187371499	74	42	2.62	2	2	0.31	1	1	0.69	unphased	1.70231527093596	1.29947730605798	1.31
2	189599534	189599535	101	27	2.62	2	2	0.31	1	1	0.69	unphased	0.991750637755102	0.991750637755102	1
2	189868866	189868867	28	9	2.62	2	2	0.31	1	1	0.69	unphased	1.14364037506895	1.14364037506895	1
2	189917527	189917528	50	7	2.62	2	2	0.31	1	1	0.69	unphased	0.577393483709273	0.577393483709273	1
2	197002294	197002295	85	32	2.62	2	2	0.31	1	1	0.69	unphased	1.28591662305948	1.28591662305948	1
2	197298148	197298149	23	12	2.62	2	2	0.31	1	1	0.69	unphased	1.61198833819242	1.23052544900185	1.31
2	197629200	197629201	24	6	2.62	2	2	0.31	1	1	0.69	unphased	0.940326530612245	0.940326530612245	1
2	197943538	197943539	22	8	2.62	2	2	0.31	1	1	0.69	unphased	1.25376870748299	1.25376870748299	1
2	197943539	197943540	22	8	2.62	2	2	0.31	1	1	0.69	unphased	1.25376870748299	1.25376870748299	1
2	212248510	212248511	65	23	2.62	2	2	0.31	1	1	0.69	unphased	1.22883580705009	1.22883580705009	1
2	212530090	212530091	66	21	2.62	2	2	0.31	1	1	0.69	unphased	1.13487684729064	1.13487684729064	1
2	213914436	213914437	62	24	2.62	2	2	0.31	1	1	0.69	unphased	1.31208353108685	1.31208353108685	1
2	219204766	219204767	42	20	2.45	2	1	0.45	1	1	0.55	unphased	1.46181698485846	1.00814964472997	1.45
2	220098545	220098546	57	17	2.45	2	1	0.45	1	1	0.55	unphased	1.04105074462217	1.04105074462217	1
2	226446930	226446931	96	40	2.45	2	1	0.45	1	1	0.55	unphased	1.3328331332533	0.919195264312622	1.45
2	228119375	228119376	78	29	2.45	2	1	0.45	1	1	0.55	unphased	1.22819950410071	1.22819950410071	1
2	228882762	228882763	132	21	2.45	2	1	0.45	1	1	0.55	unphased	0.621988795518207	0.621988795518207	1
2	238287866	238287867	61	7	2.45	2	1	0.45	1	1	0.55	unphased	0.466491596638656	1.03664799253035	0.45
2	240985275	240985276	72	22	2.45	2	1	0.45	1	1	0.55	unphased	1.06059487624837	1.06059487624837	1
2	241622086	241622087	46	6	2.45	2	1	0.45	1	1	0.55	unphased	0.522880690737834	1.16195709052852	0.45
20	1629707	1629708	91	25	2.32	2	1	0.32	1	1	0.68	unphased	0.94862772695285	0.94862772695285	1
20	3127959	3127960	93	36	2.32	2	1	0.32	1	1	0.68	unphased	1.22836260085429	1.22836260085429	1
20	3129680	3129681	40	33	2.32	2	1	0.32	1	1	0.68	unphased	1.98977914453453	1.50740844282919	1.32
20	4202211	4202212	32	6	2.32	2	1	0.32	1	1	0.68	unphased	0.694994629430719	0.694994629430719	1
20	13858198	13858199	59	13	2.32	2	1	0.32	1	1	0.68	unphased	0.794739229024943	0.794739229024943	1
20	17932181	17932182	86	38	2.32	2	1	0.32	1	1	0.68	unphased	1.34888742593812	1.02188441358948	1.32
20	18297167	18297168	32	11	2.32	2	1	0.32	1	1	0.68	unphased	1.1259990507831	1.1259990507831	1
20	20582346	20582347	55	3	2.32	2	1	0.32	1	1	0.68	unphased	0.227670654468684	0.711470795214637	0.32
20	29976906	29976907	98	57	1.5	4	2	0.1	0	1	0.9	unphased	1.31711652402897	1.01316655694536	1.3
20	31627308	31627309	103	74	1.5	4	2	0.1	0	1	0.9	unphased	1.4974057419578	1.15185057073677	1.3
20	35128632	35128633	24	15	2.16	2	1	0.16	1	1	0.84	unphased	1.63139717425432	1.40637687435717	1.16
20	35390862	35390863	17	13	2.16	2	1	0.16	1	1	0.84	unphased	1.83804081632653	1.58451794510908	1.16
20	42788284	42788285	10	7	2.16	2	1	0.16	1	1	0.84	unphased	1.74655462184874	1.74655462184874	1
20	43034843	43034844	45	21	2.16	2	1	0.16	1	1	0.84	unphased	1.34961038961039	1.34961038961039	1
20	44170793	44170794	25	10	2.16	2	1	0.16	1	1	0.84	unphased	1.21189504373178	1.21189504373178	1
20	44680366	44680367	71	14	2.16	2	1	0.16	1	1	0.84	unphased	0.698621848739496	0.698621848739496	1
20	50346456	50346457	77	27	2.14	2	1	0.14	1	1	0.86	unphased	1.09600078492936	1.09600078492936	1
20	51870964	51870965	84	18	2.14	2	1	0.14	1	1	0.86	unphased	0.74499399759904	0.74499399759904	1
20	52193349	52193350	136	132	2.6	4	2	0.15	1	1	0.85	unphased	2.30587876941821	1.00255598670357	2.3
20	54578971	54578972	281	49	2.6	4	2	0.15	1	1	0.85	unphased	0.695151515151515	0.695151515151515	1
20	56087659	56087660	140	36	2.6	4	2	0.15	1	1	0.85	unphased	0.95760667903525	0.95760667903525	1
20	56140910	56140911	5	9	2.6	4	2	0.15	1	1	0.85	unphased	3.00962099125364	0.955435235318617	3.15
20	57485074	57485075	200	32	2.6	4	2	0.15	1	1	0.85	unphased	0.645742434904996	0.645742434904996	1
20	57565974	57565975	87	68	2.6	4	2	0.15	1	1	0.85	unphased	2.05387755102041	0.955291884195539	2.15
20	61512317	61512318	20	4	1.1	2	1	0.05	0	1	0.95	unphased	0.530272108843537	0.530272108843537	1
20	62730100	62730101	20	14	NA	NA	NA	NA	NA	NA	NA	unphased	NA	NA	1
21	10916475	10916476	92	11	NA	NA	NA	NA	NA	NA	NA	unphased	NA	NA	1
21	15753636	15753637	68	29	2.68	2	2	0.34	1	1	0.66	unphased	1.42358089627604	1.06237380319107	1.34
21	28296445	28296446	44	18	2.68	2	2	0.34	1	1	0.66	unphased	1.382409479921	1.382409479921	1
21	31655172	31655173	38	11	2.68	2	2	0.34	1	1	0.66	unphased	1.06893794252395	1.06893794252395	1
21	31691967	31691968	147	26	2.68	2	2	0.34	1	1	0.66	unphased	0.715621092367583	0.715621092367583	1
21	33651132	33651133	4	4	2.98	2	2	0.49	1	1	0.51	unphased	2.53081632653061	1.69853444733598	1.49
21	34117881	34117882	99	21	2.98	2	2	0.49	1	1	0.51	unphased	0.885785714285714	0.885785714285714	1
21	41239371	41239372	39	14	2.98	2	2	0.49	1	1	0.51	unphased	1.33703504043127	1.33703504043127	1
21	42080434	42080435	102	37	2.98	2	2	0.49	1	1	0.51	unphased	1.34734106592277	0.904255748941458	1.49
21	43863443	43863444	21	9	2.98	2	2	0.49	1	1	0.51	unphased	1.51848979591837	1.51848979591837	1
21	45522795	45522796	57	25	2.98	2	2	0.49	1	1	0.51	unphased	1.54318068690891	1.03569173618048	1.49
21	45713742	45713743	19	4	2.98	2	2	0.49	1	1	0.51	unphased	0.880283939662822	0.880283939662822	1
21	46330267	46330268	35	4	2.98	2	2	0.49	1	1	0.51	unphased	0.519141810570382	0.519141810570382	1
22	17072820	17072821	46	24	NA	NA	NA	NA	NA	NA	NA	unphased	NA	NA	1
22	17073465	17073466	17	6	NA	NA	NA	NA	NA	NA	NA	unphased	NA	NA	1
22	19130300	19130301	121	28	2	1	1	0.61	1	1	0.39	unphased	0.767018216682646	0.767018216682646	1
22	20127705	20127706	137	5	2	1	1	0.61	1	1	0.39	unphased	0.143719459614832	0.143719459614832	1
22	21349314	21349315	44	382	2	1	1	0.61	1	1	0.39	unphased	3.66005557152438	3.66005557152438	1
22	21380576	21380577	110	8	2	1	1	0.61	1	1	0.39	unphased	0.276720857834659	0.709540661114511	0.39
22	22599661	22599662	16	9	2	1	1	0.61	1	1	0.39	unphased	1.46938775510204	1.46938775510204	1
22	24582314	24582315	26	9	2	1	1	0.61	1	1	0.39	unphased	1.04956268221574	1.04956268221574	1
22	24939993	24939994	28	10	2	1	1	0.61	1	1	0.39	unphased	1.07411385606874	1.07411385606874	1
22	31661988	31661989	71	25	2	1	1	0.61	1	1	0.39	unphased	1.06292517006803	1.06292517006803	1
22	32909544	32909545	10	11	2	1	1	0.61	1	1	0.39	unphased	2.1379980563654	2.1379980563654	1
22	35478513	35478514	40	10	2	1	1	0.61	1	1	0.39	unphased	0.816326530612245	0.816326530612245	1
22	36055358	36055359	39	9	2	1	1	0.61	1	1	0.39	unphased	0.76530612244898	0.76530612244898	1
22	38468616	38468617	75	24	2	1	1	0.61	1	1	0.39	unphased	0.989486703772418	0.989486703772418	1
22	38823947	38823948	41	28	2	1	1	0.61	1	1	0.39	unphased	1.65631469979296	1.65631469979296	1
22	43576789	43576790	76	40	2	1	1	0.61	1	1	0.39	unphased	1.40745953553835	1.40745953553835	1
22	46795762	46795763	37	13	2	1	1	0.61	1	1	0.39	unphased	1.06122448979592	1.06122448979592	1
22	46931389	46931390	37	9	2	1	1	0.61	1	1	0.39	unphased	0.798580301685892	0.798580301685892	1
22	50197938	50197939	32	11	NA	NA	NA	NA	NA	NA	NA	unphased	NA	NA	1
3	1444002	1444003	39	18	NA	NA	NA	NA	NA	NA	NA	unphased	NA	NA	1
3	13360749	13360750	7	9	3	3	0	1	NA	NA	NA	unphased	2.85841836734694	0.95280612244898	3
3	14799155	14799156	12	11	3	3	0	1	NA	NA	NA	unphased	2.43034605146406	0.810115350488021	3
3	33906810	33906811	32	13	3	3	0	1	NA	NA	NA	unphased	1.46802721088435	1.46802721088435	1
3	39942312	39942313	52	63	3	3	0	1	NA	NA	NA	unphased	2.78385093167702	0.927950310559006	3
3	40529171	40529172	29	39	3	3	0	1	NA	NA	NA	unphased	2.91446578631453	0.971488595438175	3
3	46723031	46723032	20	35	3	3	0	1	NA	NA	NA	unphased	3.23376623376623	1.07792207792208	3
3	47158146	47158147	73	52	3	3	0	1	NA	NA	NA	unphased	2.11395918367347	1.05697959183673	2
3	47870538	47870539	7	5	3	3	0	1	NA	NA	NA	unphased	2.11734693877551	2.11734693877551	1
3	52432998	52432999	34	19	3	3	0	1	NA	NA	NA	unphased	1.82171736619176	0.91085868309588	2
3	53321477	53321478	3	6	3	3	0	1	NA	NA	NA	unphased	3.38775510204082	1.12925170068027	3
3	53925856	53925857	13	8	3	3	0	1	NA	NA	NA	unphased	1.93586005830904	0.967930029154519	2
3	62467523	62467524	63	59	3	3	0	1	NA	NA	NA	unphased	2.45751087320174	0.819170291067247	3
3	62535708	62535709	69	81	3	3	0	1	NA	NA	NA	unphased	2.74408163265306	0.914693877551021	3
3	74334492	74334493	129	40	3	3	0	1	NA	NA	NA	unphased	1.20275329066538	1.20275329066538	1
3	74411126	74411127	41	38	3	3	0	1	NA	NA	NA	unphased	2.44432963058641	0.814776543528804	3
3	74413688	74413689	59	19	3	3	0	1	NA	NA	NA	unphased	1.23783359497645	1.23783359497645	1
3	98073295	98073296	51	11	1.21	2	0	0.21	1	0	0.79	unphased	0.583999341672153	0.583999341672153	1
3	98188803	98188804	51	55	1.21	2	0	0.21	1	0	0.79	unphased	1.70792260300347	1.41150628347394	1.21
3	119533824	119533825	45	14	4.04	3	2	0.68	1	1	0.32	unphased	1.45259079903148	1.45259079903148	1
3	119900181	119900182	106	27	3.75	5	2	0.35	1	1	0.65	unphased	1.18386527543348	1.18386527543348	1
3	122629685	122629686	26	34	3.75	5	2	0.35	1	1	0.65	unphased	3.30459183673469	0.986445324398416	3.35
3	123166345	123166346	29	11	3.75	5	2	0.35	1	1	0.65	unphased	1.60369897959184	1.60369897959184	1
3	126114801	126114802	42	12	6.22	5	2	0.87	0	1	0.13	unphased	1.84480725623583	0.986527944511138	1.87
3	126270896	126270897	87	14	6.22	5	2	0.87	0	1	0.13	unphased	1.15072135785007	1.15072135785007	1
3	129239078	129239079	15	9	3.59	3	2	0.53	1	1	0.47	unphased	2.12686224489796	1.0324574004359	2.06
3	130188090	130188091	81	27	2.08	5	2	0.18	1	0	0.82	unphased	1.04040816326531	1.04040816326531	1
3	130290118	130290119	59	31	2.08	5	2	0.18	1	0	0.82	unphased	1.43345124716553	1.05400826997466	1.36
3	130427167	130427168	257	22	2.08	5	2	0.18	1	0	0.82	unphased	0.328157413503036	0.328157413503036	1
3	130435260	130435261	74	83	2.08	5	2	0.18	1	0	0.82	unphased	2.2000987911088	1.00921962894899	2.18
3	132075603	132075604	167	9	2.08	5	2	0.18	1	0	0.82	unphased	0.212810760667904	1.18228200371058	0.18
3	132407564	132407565	269	26	2.08	5	2	0.18	1	0	0.82	unphased	0.366787962642684	0.366787962642684	1
3	136701171	136701172	44	14	2.66	2	2	0.33	1	1	0.67	unphased	1.14453201970443	1.14453201970443	1
3	140265369	140265370	46	19	2.66	2	2	0.33	1	1	0.67	unphased	1.38601569858713	1.38601569858713	1
3	147128063	147128064	41	4	2.66	2	2	0.33	1	1	0.67	unphased	0.421478458049887	1.27720744863602	0.33
3	147128845	147128846	25	18	2.66	2	2	0.33	1	1	0.67	unphased	1.98486948267679	1.4923830696818	1.33
3	148614350	148614351	108	28	2.66	2	2	0.33	1	1	0.67	unphased	0.976218487394958	0.976218487394958	1
3	151156245	151156246	142	31	2.66	2	2	0.33	1	1	0.67	unphased	0.849656718178601	0.849656718178601	1
3	151162957	151162958	156	34	2.66	2	2	0.33	1	1	0.67	unphased	0.84850268528464	0.84850268528464	1
3	151162965	151162966	147	31	2.66	2	2	0.33	1	1	0.67	unphased	0.825789956432011	0.825789956432011	1
3	154802042	154802043	130	50	2.66	2	2	0.33	1	1	0.67	unphased	1.3171201814059	0.990315925869095	1.33
3	154802043	154802044	127	52	2.66	2	2	0.33	1	1	0.67	unphased	1.37745753049823	1.03568235375807	1.33
3	158522149	158522150	39	18	2.66	2	2	0.33	1	1	0.67	unphased	1.49735767991407	1.12583284204065	1.33
3	164737499	164737500	66	5	2.8	2	2	0.4	1	1	0.6	unphased	0.343776947398678	0.859442368496694	0.4
3	172065094	172065095	83	32	2.8	2	2	0.4	1	1	0.6	unphased	1.35836734693878	0.970262390670554	1.4
3	172065098	172065099	83	31	2.8	2	2	0.4	1	1	0.6	unphased	1.32746151092016	0.948186793514398	1.4
3	179291163	179291164	53	4	2.8	2	2	0.4	1	1	0.6	unphased	0.342570712495525	0.856426781238811	0.4
4	59438	59439	449	31	NA	NA	NA	NA	NA	NA	NA	unphased	NA	NA	1
4	2826406	2826407	59	38	4.22	3	2	0.74	1	1	0.26	unphased	2.46868083315801	0.995435819821777	2.48
4	5016864	5016865	38	11	4.22	3	2	0.74	1	1	0.26	unphased	1.41465222823823	1.41465222823823	1
4	8467228	8467229	59	41	4.22	3	2	0.74	1	1	0.26	unphased	2.5836693877551	1.0418021724819	2.48
4	8589162	8589163	11	3	4.22	3	2	0.74	1	1	0.26	unphased	1.35034985422741	1.35034985422741	1
4	22749026	22749027	113	63	4.22	3	2	0.74	1	1	0.26	unphased	2.25569805194805	0.909555666108086	2.48
4	25675964	25675965	62	32	4.22	3	2	0.74	1	1	0.26	unphased	2.14523664785063	0.865014777359125	2.48
4	26483735	26483736	115	33	4.22	3	2	0.74	1	1	0.26	unphased	1.40509376723662	0.807525153584267	1.74
4	42895637	42895638	100	80	4.22	3	2	0.74	1	1	0.26	unphased	2.80072562358277	1.02216263634408	2.74
4	46252267	46252268	14	16	4.22	3	2	0.74	1	1	0.26	unphased	3.36087074829932	1.22659516361289	2.74
4	46252333	46252334	63	8	4.22	3	2	0.74	1	1	0.26	unphased	0.710043115837884	0.710043115837884	1
4	47556859	47556860	136	6	4.22	3	2	0.74	1	1	0.26	unphased	0.266266168439207	0.266266168439207	1
4	47559953	47559954	33	29	4.22	3	2	0.74	1	1	0.26	unphased	2.94753785385122	1.07574374228147	2.74
4	54439848	54439849	7	5	1.14	2	1	0.07	0	1	0.93	unphased	1.34234693877551	1.34234693877551	1
4	55981511	55981512	26	19	1.14	2	1	0.07	0	1	0.93	unphased	1.36024489795918	1.36024489795918	1
4	68964602	68964603	56	35	2.33	2	1	0.33	1	1	0.67	unphased	1.69678178963893	1.27577578168341	1.33
4	70156416	70156417	151	45	2.33	2	1	0.33	1	1	0.67	unphased	1.01287484381508	1.01287484381508	1
4	70156417	70156418	153	47	2.33	2	1	0.33	1	1	0.67	unphased	1.03673367346939	1.03673367346939	1
4	71200970	71200971	69	54	2.33	2	1	0.33	1	1	0.67	unphased	1.93681433549029	1.45625138006789	1.33
4	77817997	77817998	43	14	3	2	1	1	NA	NA	NA	unphased	1.24812030075188	1.24812030075188	1
4	79399130	79399131	6	5	3	2	1	1	NA	NA	NA	unphased	2.30983302411874	1.15491651205937	2
4	79503386	79503387	62	8	3	2	1	1	NA	NA	NA	unphased	0.580758017492711	0.580758017492711	1
4	80328581	80328582	103	16	3	2	1	1	NA	NA	NA	unphased	0.683244726462013	0.683244726462013	1
4	86844844	86844845	51	7	3	2	1	1	NA	NA	NA	unphased	0.613300492610838	0.613300492610838	1
4	87028473	87028474	61	8	3	2	1	1	NA	NA	NA	unphased	0.589174800354925	0.589174800354925	1
4	88533715	88533716	43	8	3	2	1	1	NA	NA	NA	unphased	0.797118847539016	0.797118847539016	1
4	88766497	88766498	63	8	3	2	1	1	NA	NA	NA	unphased	0.57257832710549	0.57257832710549	1
4	109895541	109895542	63	31	1.02	2	1	0.01	0	1	0.99	unphased	1.02287885366913	1.02287885366913	1
4	110223215	110223216	14	4	1.02	2	1	0.01	0	1	0.99	unphased	0.689251700680272	0.689251700680272	1
4	110452655	110452656	79	16	1.02	2	1	0.01	0	1	0.99	unphased	0.522380236305048	0.522380236305048	1
4	113332984	113332985	12	3	1.02	2	1	0.01	0	1	0.99	unphased	0.620326530612245	0.620326530612245	1
4	121774657	121774658	302	16	1.02	2	1	0.01	0	1	0.99	unphased	0.156056988833269	0.156056988833269	1
4	126336649	126336650	90	15	1.02	2	1	0.01	0	1	0.99	unphased	0.443090379008746	0.443090379008746	1
4	126369619	126369620	111	12	1.02	2	1	0.01	0	1	0.99	unphased	0.302598307615729	0.302598307615729	1
4	126370084	126370085	22	16	1.02	2	1	0.01	0	1	0.99	unphased	1.30595059076262	1.30595059076262	1
4	126373103	126373104	48	34	1.02	2	1	0.01	0	1	0.99	unphased	1.28604280736685	1.27330971026421	1.01
4	144135715	144135716	31	14	3	2	1	1	NA	NA	NA	unphased	1.58095238095238	0.790476190476191	2
4	160264210	160264211	37	5	1.16	2	1	0.08	0	1	0.92	unphased	0.385908649173955	0.385908649173955	1
4	164271758	164271759	203	25	1.16	2	1	0.08	0	1	0.92	unphased	0.355442176870748	0.355442176870748	1
4	174169424	174169425	49	26	1.16	2	1	0.08	0	1	0.92	unphased	1.12376598639456	1.12376598639456	1
4	175898482	175898483	141	27	1.16	2	1	0.08	0	1	0.92	unphased	0.52097667638484	0.52097667638484	1
4	183601429	183601430	22	19	1.16	2	1	0.08	0	1	0.92	unphased	1.5022200099552	1.39094445366222	1.08
4	185552919	185552920	46	4	1.16	2	1	0.08	0	1	0.92	unphased	0.259330612244898	0.259330612244898	1
4	187454825	187454826	61	8	1.16	2	1	0.08	0	1	0.92	unphased	0.375841467021591	0.375841467021591	1
4	189068507	189068508	42	21	NA	NA	NA	NA	NA	NA	NA	unphased	NA	NA	1
5	457102	457103	23	22	NA	NA	NA	NA	NA	NA	NA	unphased	NA	NA	1
5	5461255	5461256	96	45	4	2	2	1	NA	NA	NA	unphased	1.94094659140252	0.970473295701259	2
5	10227694	10227695	42	11	4	2	2	1	NA	NA	NA	unphased	1.26222564497497	1.26222564497497	1
5	11384963	11384964	9	7	4	2	2	1	NA	NA	NA	unphased	2.66071428571429	1.33035714285714	2
5	15616168	15616169	26	10	4	2	2	1	NA	NA	NA	unphased	1.68934240362812	1.68934240362812	1
5	19473590	19473591	51	19	4	2	2	1	NA	NA	NA	unphased	1.65072886297376	0.82536443148688	2
5	21459681	21459682	131	13	4	2	2	1	NA	NA	NA	unphased	0.549036281179138	0.549036281179138	1
5	34998785	34998786	26	7	3.53	3	2	0.51	1	1	0.49	unphased	1.19034632034632	1.19034632034632	1
5	38493778	38493779	181	37	3.53	3	2	0.51	1	1	0.49	unphased	0.952433064969107	0.952433064969107	1
5	40950058	40950059	7	6	3.8	3	2	0.7	1	0	0.3	unphased	2.71459968602826	1.00540729112158	2.7
5	50111264	50111265	24	15	2	2	0	1	NA	NA	NA	unphased	1.56985871271586	0.784929356357928	2
5	52781806	52781807	70	39	2	2	0	1	NA	NA	NA	unphased	1.46040067403108	0.73020033701554	2
5	54567930	54567931	5	8	2	2	0	1	NA	NA	NA	unphased	2.51177394034537	1.25588697017268	2
5	58273026	58273027	46	24	2	2	0	1	NA	NA	NA	unphased	1.39941690962099	0.699708454810496	2
5	102260667	102260668	34	33	2	2	0	1	NA	NA	NA	unphased	2.01035638135851	1.00517819067926	2
5	110407738	110407739	40	30	2	2	0	1	NA	NA	NA	unphased	1.74927113702624	0.87463556851312	2
5	112178227	112178228	25	19	2	2	0	1	NA	NA	NA	unphased	1.76252319109462	0.88126159554731	2
5	115838023	115838024	46	35	2	2	0	1	NA	NA	NA	unphased	1.7636684303351	0.881834215167548	2
5	126734442	126734443	40	23	2	2	0	1	NA	NA	NA	unphased	1.4901198574668	0.745059928733398	2
5	126771051	126771052	19	13	2	2	0	1	NA	NA	NA	unphased	1.65816326530612	0.829081632653061	2
5	127648463	127648464	105	86	2	2	0	1	NA	NA	NA	unphased	1.83780318410087	0.918901592050433	2
5	127712524	127712525	59	43	2	2	0	1	NA	NA	NA	unphased	1.72068827531012	0.860344137655062	2
5	128844828	128844829	24	23	2	2	0	1	NA	NA	NA	unphased	1.99739470256188	0.998697351280938	2
5	129520232	129520233	20	14	2	2	0	1	NA	NA	NA	unphased	1.68067226890756	0.840336134453782	2
5	140181957	140181958	66	57	2	2	0	1	NA	NA	NA	unphased	1.89148830263813	0.945744151319064	2
5	140745166	140745167	39	35	2	2	0	1	NA	NA	NA	unphased	1.93050193050193	0.965250965250965	2
5	140746230	140746231	111	16	2	2	0	1	NA	NA	NA	unphased	0.514221436606139	0.514221436606139	1
5	140754619	140754620	85	62	2	2	0	1	NA	NA	NA	unphased	1.72150492850201	0.860752464251007	2
5	156751010	156751011	11	10	2	2	0	1	NA	NA	NA	unphased	1.94363459669582	0.971817298347911	2
5	161117359	161117360	72	15	2	2	0	1	NA	NA	NA	unphased	0.703729767769177	0.703729767769177	1
5	167850649	167850650	41	37	2	2	0	1	NA	NA	NA	unphased	1.93615907901622	0.968079539508111	2
5	170235646	170235647	40	6	2	2	0	1	NA	NA	NA	unphased	0.532386867790595	0.532386867790595	1
5	175959137	175959138	8	12	2	2	0	1	NA	NA	NA	unphased	2.44897959183673	1.22448979591837	2
5	179290819	179290820	56	42	2	2	0	1	NA	NA	NA	unphased	1.74927113702624	0.87463556851312	2
5	180338528	180338529	36	34	2	2	0	1	NA	NA	NA	unphased	1.98250728862974	0.991253644314869	2
5	180377624	180377625	8	3	NA	NA	NA	NA	NA	NA	NA	unphased	NA	NA	1
6	7230552	7230553	34	14	2	2	0	1	NA	NA	NA	unphased	1.19047619047619	1.19047619047619	1
6	17688815	17688816	124	12	2	2	0	1	NA	NA	NA	unphased	0.360144057623049	0.360144057623049	1
6	25652561	25652562	19	13	2	2	0	1	NA	NA	NA	unphased	1.65816326530612	0.829081632653061	2
6	29012593	29012594	24	17	2	2	0	1	NA	NA	NA	unphased	1.69238427078148	0.846192135390742	2
6	31696948	31696949	54	30	NA	NA	NA	NA	NA	NA	NA	unphased	NA	NA	1
6	31735273	31735274	153	55	NA	NA	NA	NA	NA	NA	NA	unphased	NA	NA	1
6	32155932	32155933	21	10	NA	NA	NA	NA	NA	NA	NA	unphased	NA	NA	1
6	32155933	32155934	22	10	NA	NA	NA	NA	NA	NA	NA	unphased	NA	NA	1
6	32188605	32188606	122	57	NA	NA	NA	NA	NA	NA	NA	unphased	NA	NA	1
6	33163924	33163925	13	6	4	2	2	1	NA	NA	NA	unphased	1.92051557465091	1.92051557465091	1
6	33168966	33168967	155	12	4	2	2	1	NA	NA	NA	unphased	0.437003543932543	0.437003543932543	1
6	35588008	35588009	41	39	2	2	0	0.25	1	1	0.75	unphased	1.98979591836735	1.59183673469388	1.25
6	38835951	38835952	24	38	2	2	0	0.25	1	1	0.75	unphased	2.50164581961817	2.00131665569454	1.25
6	42832694	42832695	14	26	2	2	0	0.25	1	1	0.75	unphased	2.6530612244898	2.12244897959184	1.25
6	51890624	51890625	28	18	2	2	0	0.25	1	1	0.75	unphased	1.59716060337178	1.27772848269743	1.25
6	51944752	51944753	96	81	2	2	0	0.25	1	1	0.75	unphased	1.86786579038395	1.49429263230716	1.25
6	56473995	56473996	53	61	2	2	0	0.25	1	1	0.75	unphased	2.18403150733978	1.74722520587182	1.25
6	57512832	57512833	8	8	2	2	0	0.25	1	1	0.75	unphased	2.04081632653061	1.63265306122449	1.25
6	66063472	66063473	31	6	2	2	0	0.25	1	1	0.75	unphased	0.66188637617209	0.66188637617209	1
6	70065731	70065732	51	43	2	2	0	0.25	1	1	0.75	unphased	1.86712983065567	1.49370386452453	1.25
6	79650326	79650327	36	6	2	2	0	0.25	1	1	0.75	unphased	0.583090379008746	0.583090379008746	1
6	87726232	87726233	19	9	3.53	3	2	0.51	1	1	0.49	unphased	1.80373906705539	0.89294013220564	2.02
6	90382347	90382348	75	16	3.53	3	2	0.51	1	1	0.49	unphased	0.986660686252523	0.986660686252523	1
6	100395639	100395640	107	64	2.25	2	1	0.25	1	1	0.75	unphased	1.62119584675976	1.29695667740781	1.25
6	111695586	111695587	123	12	3.68	4	1	0.56	1	1	0.44	unphased	0.512145124716553	0.914544865565274	0.56
6	114279811	114279812	48	19	2.15	2	1	0.15	1	1	0.85	unphased	1.20001522997259	1.20001522997259	1
6	117609598	117609599	16	7	2.15	2	1	0.15	1	1	0.85	unphased	1.28788819875776	1.28788819875776	1
6	121769098	121769099	53	17	2.31	2	1	0.31	1	1	0.69	unphased	1.06653935860058	1.06653935860058	1
6	126319417	126319418	20	3	2.31	2	1	0.31	1	1	0.69	unphased	0.57282165039929	0.57282165039929	1
6	131247752	131247753	92	15	2.31	2	1	0.31	1	1	0.69	unphased	0.615649437345031	0.615649437345031	1
6	133004337	133004338	65	17	2.31	2	1	0.31	1	1	0.69	unphased	0.910460428073668	0.910460428073668	1
6	133044910	133044911	13	5	2.31	2	1	0.31	1	1	0.69	unphased	1.21989795918367	1.21989795918367	1
6	135250220	135250221	61	11	2.31	2	1	0.31	1	1	0.69	unphased	0.67094387755102	0.67094387755102	1
6	138584670	138584671	55	7	2.31	2	1	0.31	1	1	0.69	unphased	0.495829493087557	0.495829493087557	1
6	139569030	139569031	55	30	2.31	2	1	0.31	1	1	0.69	unphased	1.54998799519808	1.1831969428993	1.31
6	143605318	143605319	32	11	2.31	2	1	0.31	1	1	0.69	unphased	1.12344091124822	1.12344091124822	1
6	144416563	144416564	35	3	2.31	2	1	0.31	1	1	0.69	unphased	0.346707841031149	1.11841239042306	0.31
6	151939298	151939299	33	4	2.31	2	1	0.31	1	1	0.69	unphased	0.47477109762824	0.47477109762824	1
6	154410983	154410984	45	27	2.31	2	1	0.31	1	1	0.69	unphased	1.64686224489796	1.2571467518305	1.31
6	157222533	157222534	34	3	2.31	2	1	0.31	1	1	0.69	unphased	0.35607832322118	1.14863975232639	0.31
6	170627609	170627610	138	72	2.31	2	1	0.31	1	1	0.69	unphased	1.50570262390671	1.14939131595932	1.31
7	883153	883154	343	23	4.16	3	2	0.72	1	1	0.28	unphased	0.392233745957399	0.392233745957399	1
7	2593982	2593983	91	28	4.16	3	2	0.72	1	1	0.28	unphased	1.46861944777911	0.853848516150646	1.72
7	4947149	4947150	45	44	4.16	3	2	0.72	1	1	0.28	unphased	3.08575097454712	1.13446727005409	2.72
7	11871416	11871417	10	8	4.16	3	2	0.72	1	1	0.28	unphased	2.7740589569161	1.01987461651327	2.72
7	22534439	22534440	37	24	4.16	3	2	0.72	1	1	0.28	unphased	2.45572432251589	1.00644439447373	2.44
7	22999979	22999980	136	42	4.16	3	2	0.72	1	1	0.28	unphased	1.47274478330658	0.85624696703871	1.72
7	23729050	23729051	60	4	4.16	3	2	0.72	1	1	0.28	unphased	0.390102040816327	0.541808390022676	0.72
7	30795406	30795407	106	34	4.16	3	2	0.72	1	1	0.28	unphased	1.5158250728863	0.881293647026917	1.72
7	35733801	35733802	147	33	4.16	3	2	0.72	1	1	0.28	unphased	1.14429931972789	1.14429931972789	1
7	47852795	47852796	72	58	4.16	3	2	0.72	1	1	0.28	unphased	2.7847284144427	1.02379721119217	2.72
7	48237880	48237881	34	18	4.16	3	2	0.72	1	1	0.28	unphased	2.16056514913658	0.885477520137942	2.44
7	48314898	48314899	37	41	4.16	3	2	0.72	1	1	0.28	unphased	3.28085818942962	1.20619786376089	2.72
7	53104042	53104043	65	22	4.16	3	2	0.72	1	1	0.28	unphased	1.57834388927985	0.917641796092936	1.72
7	64292489	64292490	35	12	4.16	3	2	0.72	1	1	0.28	unphased	1.5936083369518	1.5936083369518	1
7	71275384	71275385	66	35	1.12	2	1	0.06	0	1	0.94	unphased	1.10947666195191	1.10947666195191	1
7	82544890	82544891	86	13	1.12	2	1	0.06	0	1	0.94	unphased	0.420416408987838	0.420416408987838	1
7	93065290	93065291	28	4	1.12	2	1	0.06	0	1	0.94	unphased	0.400204081632653	0.400204081632653	1
7	94024364	94024365	80	37	1.12	2	1	0.06	0	1	0.94	unphased	1.01248212105355	1.01248212105355	1
7	99821628	99821629	50	159	NA	NA	NA	NA	NA	NA	NA	unphased	NA	NA	1
7	104377164	104377165	20	18	6	5	1	1	NA	NA	NA	unphased	3.828141783029	0.95703544575725	4
7	105662891	105662892	121	351	8	7	1	1	NA	NA	NA	unphased	7.49714631615358	1.07102090230765	7
7	117431568	117431569	469	170	14	7	7	1	NA	NA	NA	unphased	4.27836862444508	1.06959215611127	4
7	119915118	119915119	101	378	9	7	2	1	0	1	0	unphased	8.74500447360573	1.24928635337225	7
7	120704313	120704314	47	6	1.16	2	1	0.08	0	1	0.92	unphased	0.366977281478629	0.366977281478629	1
7	121755131	121755132	54	17	1.16	2	1	0.08	0	1	0.92	unphased	0.776165564817476	0.776165564817476	1
7	127253907	127253908	67	7	1.96	3	1	0.32	1	0	0.68	unphased	0.382316602316602	1.19473938223938	0.32
7	128116824	128116825	11	24	5.1	5	1	0.82	1	0	0.18	unphased	4.92454810495627	1.02169047820669	4.82
7	130025174	130025175	37	57	5.1	5	1	0.82	1	0	0.18	unphased	4.35481980026053	1.01748126174311	4.28
7	131830039	131830040	33	7	4	3	1	1	NA	NA	NA	unphased	1.06428571428571	1.06428571428571	1
7	131913110	131913111	44	11	4	3	1	1	NA	NA	NA	unphased	1.21632653061224	1.21632653061224	1
7	135310996	135310997	121	5	1.06	2	1	0.03	0	1	0.97	unphased	0.124667962423064	0.124667962423064	1
7	135376425	135376426	18	5	1.06	2	1	0.03	0	1	0.97	unphased	0.682963620230701	0.682963620230701	1
7	136700191	136700192	41	28	1.06	2	1	0.03	0	1	0.97	unphased	1.27486542443064	1.27486542443064	1
7	137363341	137363342	182	52	1.06	2	1	0.03	0	1	0.97	unphased	0.698140589569161	0.698140589569161	1
7	137612986	137612987	13	5	1.06	2	1	0.03	0	1	0.97	unphased	0.872675736961451	0.872675736961451	1
7	141536246	141536247	49	23	1.06	2	1	0.03	0	1	0.97	unphased	1.00357709750567	1.00357709750567	1
7	141750515	141750516	33	20	1.06	2	1	0.03	0	1	0.97	unphased	1.18552175587216	1.18552175587216	1
7	142104306	142104307	118	31	1.06	2	1	0.03	0	1	0.97	unphased	0.653628270099986	0.653628270099986	1
7	143956201	143956202	150	18	1.06	2	1	0.03	0	1	0.97	unphased	0.336603498542274	0.336603498542274	1
7	144070358	144070359	71	28	1.06	2	1	0.03	0	1	0.97	unphased	0.888542568542569	0.888542568542569	1
7	144320280	144320281	124	31	1.06	2	1	0.03	0	1	0.97	unphased	0.628326530612245	0.628326530612245	1
7	148508783	148508784	42	9	2.5	2	2	0.25	1	1	0.75	unphased	0.808523409363746	0.808523409363746	1
7	148851298	148851299	55	25	2.5	2	2	0.25	1	1	0.75	unphased	1.43176020408163	1.14540816326531	1.25
7	151174500	151174501	100	30	2.5	2	2	0.25	1	1	0.75	unphased	1.05729984301413	1.05729984301413	1
7	151174501	151174502	100	30	2.5	2	2	0.25	1	1	0.75	unphased	1.05729984301413	1.05729984301413	1
7	154143393	154143394	64	24	2.5	2	2	0.25	1	1	0.75	unphased	1.24953617810761	1.24953617810761	1
7	154684100	154684101	54	18	2.5	2	2	0.25	1	1	0.75	unphased	1.14540816326531	1.14540816326531	1
7	155504086	155504087	24	13	2.5	2	2	0.25	1	1	0.75	unphased	1.60976282404854	1.28781025923883	1.25
8	3443691	3443692	8	6	2	1	1	1	NA	NA	NA	unphased	1.74927113702624	1.74927113702624	1
8	3565936	3565937	37	7	2	1	1	1	NA	NA	NA	unphased	0.649350649350649	0.649350649350649	1
8	10465981	10465982	178	61	2	1	1	1	NA	NA	NA	unphased	1.04175561437964	1.04175561437964	1
8	10467183	10467184	68	12	2	1	1	1	NA	NA	NA	unphased	0.612244897959184	0.612244897959184	1
8	10468595	10468596	40	21	2	1	1	1	NA	NA	NA	unphased	1.40515222482436	1.40515222482436	1
8	10468596	10468597	41	22	2	1	1	1	NA	NA	NA	unphased	1.42533203757694	1.42533203757694	1
8	11832106	11832107	99	36	2	1	1	1	NA	NA	NA	unphased	1.08843537414966	1.08843537414966	1
8	13072129	13072130	96	17	2	1	1	1	NA	NA	NA	unphased	0.614050930106556	0.614050930106556	1
8	17157478	17157479	30	10	2	1	1	1	NA	NA	NA	unphased	1.02040816326531	1.02040816326531	1
8	19221650	19221651	36	10	2	1	1	1	NA	NA	NA	unphased	0.887311446317657	0.887311446317657	1
8	30921858	30921859	127	41	2	1	1	1	NA	NA	NA	unphased	0.996112730806608	0.996112730806608	1
8	39607213	39607214	34	12	2	1	1	1	NA	NA	NA	unphased	1.06477373558119	1.06477373558119	1
8	42012411	42012412	48	9	2	1	1	1	NA	NA	NA	unphased	0.644468313641246	0.644468313641246	1
8	48878869	48878870	30	6	1.56	2	1	0.28	1	0	0.72	unphased	0.606938775510204	0.606938775510204	1
8	49832626	49832627	90	12	1.56	2	1	0.28	1	0	0.72	unphased	0.428427370948379	1.53009775338707	0.28
8	49987883	49987884	19	22	1.56	2	1	0.28	1	0	0.72	unphased	1.95404678944749	1.52659905425585	1.28
8	52370124	52370125	88	19	1.56	2	1	0.28	1	0	0.72	unphased	0.646645050543582	0.646645050543582	1
8	55534686	55534687	34	9	1.56	2	1	0.28	1	0	0.72	unphased	0.762202183198861	0.762202183198861	1
8	66963822	66963823	107	31	1.56	2	1	0.28	1	0	0.72	unphased	0.818047914818101	0.818047914818101	1
8	68024300	68024301	48	20	1.56	2	1	0.28	1	0	0.72	unphased	1.07106842737095	1.07106842737095	1
8	77768312	77768313	88	18	1.56	2	1	0.28	1	0	0.72	unphased	0.618390450519831	0.618390450519831	1
8	82627318	82627319	42	11	1.56	2	1	0.28	1	0	0.72	unphased	0.755810550635349	0.755810550635349	1
8	91963411	91963412	33	7	1.56	2	1	0.28	1	0	0.72	unphased	0.637285714285714	0.637285714285714	1
8	95158252	95158253	54	12	1.56	2	1	0.28	1	0	0.72	unphased	0.662115027829314	0.662115027829314	1
8	96259923	96259924	50	9	1.56	2	1	0.28	1	0	0.72	unphased	0.555503286060187	0.555503286060187	1
8	97156856	97156857	23	10	1.56	2	1	0.28	1	0	0.72	unphased	1.10352504638219	1.10352504638219	1
8	99054344	99054345	41	47	1.56	2	1	0.28	1	0	0.72	unphased	1.94496289424861	1.51950226113173	1.28
8	103359294	103359295	93	66	3.34	3	1	0.78	1	0	0.22	unphased	2.250489025799	0.879097275702734	2.56
8	110408304	110408305	20	5	3.34	3	1	0.78	1	0	0.22	unphased	1.08432653061224	1.08432653061224	1
8	110432915	110432916	98	28	3.34	3	1	0.78	1	0	0.22	unphased	1.20480725623583	1.20480725623583	1
8	110453507	110453508	11	3	3.34	3	1	0.78	1	0	0.22	unphased	1.16177842565598	1.16177842565598	1
8	113326280	113326281	16	10	3.34	3	1	0.78	1	0	0.22	unphased	2.08524332810047	1.17148501578678	1.78
8	113516077	113516078	82	9	3.34	3	1	0.78	1	0	0.22	unphased	0.536205427225835	0.687442855417738	0.78
8	113563003	113563004	37	33	3.34	3	1	0.78	1	0	0.22	unphased	2.55591253644315	0.998403334548105	2.56
8	116599309	116599310	66	10	3.34	3	1	0.78	1	0	0.22	unphased	0.713372717508056	0.713372717508056	1
8	120118126	120118127	33	32	3.34	3	1	0.78	1	0	0.22	unphased	2.6691114599686	0.960112035959929	2.78
8	125989980	125989981	78	74	3.34	3	1	0.78	1	0	0.22	unphased	2.63947905477981	1.03104650577336	2.56
8	131130875	131130876	52	5	4	3	1	1	NA	NA	NA	unphased	0.533476548514143	0.533476548514143	1
8	139606331	139606332	70	10	4	3	1	1	NA	NA	NA	unphased	0.760204081632653	0.760204081632653	1
8	139833474	139833475	55	9	4	3	1	1	NA	NA	NA	unphased	0.855229591836735	0.855229591836735	1
8	144997653	144997654	13	8	4	3	1	1	NA	NA	NA	unphased	2.31681243926142	1.15840621963071	2
8	145113226	145113227	6	7	4	3	1	1	NA	NA	NA	unphased	3.27472527472527	1.09157509157509	3
9	977257	977258	13	7	1	1	0	1	NA	NA	NA	unphased	1.07857142857143	1.07857142857143	1
9	2054676	2054677	50	26	1	1	0	1	NA	NA	NA	unphased	1.05424274973147	1.05424274973147	1
9	17789526	17789527	32	28	2	2	0	1	NA	NA	NA	unphased	1.9047619047619	0.952380952380952	2
9	32634277	32634278	164	40	2	2	0	1	NA	NA	NA	unphased	0.80032012805122	0.80032012805122	1
9	33071821	33071822	46	53	2	2	0	1	NA	NA	NA	unphased	2.18511647083076	1.09255823541538	2
9	35792525	35792526	9	11	2	2	0	1	NA	NA	NA	unphased	2.24489795918367	1.12244897959184	2
9	43627175	43627176	244	149	2	2	0	1	NA	NA	NA	unphased	1.54748922469751	0.773744612348756	2
9	77282815	77282816	83	6	2	2	0	1	NA	NA	NA	unphased	0.27516624627379	0.27516624627379	1
9	84609572	84609573	8	7	2	2	0	1	NA	NA	NA	unphased	1.9047619047619	0.952380952380952	2
9	95263279	95263280	40	33	2	2	0	1	NA	NA	NA	unphased	1.84512161028795	0.922560805143975	2
9	101788184	101788185	8	6	2	2	0	1	NA	NA	NA	unphased	1.74927113702624	1.74927113702624	1
9	106901506	106901507	27	20	2	2	0	1	NA	NA	NA	unphased	1.73686495874946	0.868432479374729	2
9	107267267	107267268	63	42	2	2	0	1	NA	NA	NA	unphased	1.63265306122449	0.816326530612245	2
9	107267268	107267269	61	42	2	2	0	1	NA	NA	NA	unphased	1.66435506241331	0.832177531206657	2
9	107331655	107331656	148	49	2	2	0	1	NA	NA	NA	unphased	1.01522842639594	1.01522842639594	1
9	107331806	107331807	25	20	2	2	0	1	NA	NA	NA	unphased	1.8140589569161	0.90702947845805	2
9	112542646	112542647	4	4	2	2	0	1	NA	NA	NA	unphased	2.04081632653061	2.04081632653061	1
9	116259625	116259626	44	5	2	2	0	1	NA	NA	NA	unphased	0.41649312786339	0.41649312786339	1
9	116279845	116279846	55	3	2	2	0	1	NA	NA	NA	unphased	0.211118930330753	0.211118930330753	1
9	119488127	119488128	113	16	2	2	0	1	NA	NA	NA	unphased	0.5062490112324	0.5062490112324	1
9	119625958	119625959	15	17	2	2	0	1	NA	NA	NA	unphased	2.16836734693878	1.08418367346939	2
9	124936921	124936922	39	21	2	2	0	1	NA	NA	NA	unphased	1.42857142857143	0.714285714285714	2
9	125377092	125377093	62	49	2	2	0	1	NA	NA	NA	unphased	1.8018018018018	0.900900900900901	2
9	130569351	130569352	61	8	2	2	0	1	NA	NA	NA	unphased	0.473232771369417	0.473232771369417	1
9	130825872	130825873	34	23	2	2	0	1	NA	NA	NA	unphased	1.64697457930541	0.823487289652703	2
9	131398629	131398630	9	4	2	2	0	1	NA	NA	NA	unphased	1.25588697017268	1.25588697017268	1
9	135797336	135797337	38	32	2	2	0	1	NA	NA	NA	unphased	1.86588921282799	0.932944606413994	2
9	135864467	135864468	18	7	2	2	0	1	NA	NA	NA	unphased	1.14285714285714	1.14285714285714	1
9	140126578	140126579	64	42	2	2	0	1	NA	NA	NA	unphased	1.61725067385445	0.808625336927224	2
X	347160	347161	13	9	NA	NA	NA	NA	NA	NA	NA	unphased	NA	NA	1
X	3228003	3228004	49	25	NA	NA	NA	NA	NA	NA	NA	unphased	NA	NA	1
X	3240047	3240048	100	32	NA	NA	NA	NA	NA	NA	NA	unphased	NA	NA	1
X	3240385	3240386	43	27	NA	NA	NA	NA	NA	NA	NA	unphased	NA	NA	1
X	5821808	5821809	68	18	NA	NA	NA	NA	NA	NA	NA	unphased	NA	NA	1
X	8433437	8433438	80	5	NA	NA	NA	NA	NA	NA	NA	unphased	NA	NA	1
X	12937851	12937852	111	20	NA	NA	NA	NA	NA	NA	NA	unphased	NA	NA	1
X	15554497	15554498	128	30	NA	NA	NA	NA	NA	NA	NA	unphased	NA	NA	1
X	19031888	19031889	134	26	NA	NA	NA	NA	NA	NA	NA	unphased	NA	NA	1
X	21534735	21534736	61	17	NA	NA	NA	NA	NA	NA	NA	unphased	NA	NA	1
X	21667054	21667055	132	26	NA	NA	NA	NA	NA	NA	NA	unphased	NA	NA	1
X	23412272	23412273	77	28	NA	NA	NA	NA	NA	NA	NA	unphased	NA	NA	1
X	30260997	30260998	41	9	NA	NA	NA	NA	NA	NA	NA	unphased	NA	NA	1
X	30269672	30269673	21	10	NA	NA	NA	NA	NA	NA	NA	unphased	NA	NA	1
X	32591655	32591656	47	26	NA	NA	NA	NA	NA	NA	NA	unphased	NA	NA	1
X	32591897	32591898	29	5	NA	NA	NA	NA	NA	NA	NA	unphased	NA	NA	1
X	34150341	34150342	43	19	NA	NA	NA	NA	NA	NA	NA	unphased	NA	NA	1
X	34961711	34961712	47	14	NA	NA	NA	NA	NA	NA	NA	unphased	NA	NA	1
X	37028756	37028757	27	21	NA	NA	NA	NA	NA	NA	NA	unphased	NA	NA	1
X	37653015	37653016	97	21	NA	NA	NA	NA	NA	NA	NA	unphased	NA	NA	1
X	40464915	40464916	82	8	NA	NA	NA	NA	NA	NA	NA	unphased	NA	NA	1
X	41333565	41333566	36	9	NA	NA	NA	NA	NA	NA	NA	unphased	NA	NA	1
X	41495913	41495914	62	16	NA	NA	NA	NA	NA	NA	NA	unphased	NA	NA	1
X	45023391	45023392	15	13	NA	NA	NA	NA	NA	NA	NA	unphased	NA	NA	1
X	47106709	47106710	31	26	NA	NA	NA	NA	NA	NA	NA	unphased	NA	NA	1
X	47485814	47485815	22	6	NA	NA	NA	NA	NA	NA	NA	unphased	NA	NA	1
X	48663849	48663850	9	7	NA	NA	NA	NA	NA	NA	NA	unphased	NA	NA	1
X	49063080	49063081	36	7	NA	NA	NA	NA	NA	NA	NA	unphased	NA	NA	1
X	49063212	49063213	32	26	NA	NA	NA	NA	NA	NA	NA	unphased	NA	NA	1
X	54949779	54949780	17	5	NA	NA	NA	NA	NA	NA	NA	unphased	NA	NA	1
X	56310867	56310868	25	3	NA	NA	NA	NA	NA	NA	NA	unphased	NA	NA	1
X	65413470	65413471	33	15	NA	NA	NA	NA	NA	NA	NA	unphased	NA	NA	1
X	65428008	65428009	9	8	NA	NA	NA	NA	NA	NA	NA	unphased	NA	NA	1
X	68836383	68836384	31	7	NA	NA	NA	NA	NA	NA	NA	unphased	NA	NA	1
X	70521648	70521649	40	27	NA	NA	NA	NA	NA	NA	NA	unphased	NA	NA	1
X	70811980	70811981	78	14	NA	NA	NA	NA	NA	NA	NA	unphased	NA	NA	1
X	73046711	73046712	82	45	NA	NA	NA	NA	NA	NA	NA	unphased	NA	NA	1
X	73048819	73048820	12	15	NA	NA	NA	NA	NA	NA	NA	unphased	NA	NA	1
X	73506940	73506941	98	21	NA	NA	NA	NA	NA	NA	NA	unphased	NA	NA	1
X	76889200	76889201	25	5	NA	NA	NA	NA	NA	NA	NA	unphased	NA	NA	1
X	76953070	76953071	92	14	NA	NA	NA	NA	NA	NA	NA	unphased	NA	NA	1
X	80377160	80377161	9	5	NA	NA	NA	NA	NA	NA	NA	unphased	NA	NA	1
X	83616486	83616487	33	6	NA	NA	NA	NA	NA	NA	NA	unphased	NA	NA	1
X	84362768	84362769	61	11	NA	NA	NA	NA	NA	NA	NA	unphased	NA	NA	1
X	89177644	89177645	22	4	NA	NA	NA	NA	NA	NA	NA	unphased	NA	NA	1
X	90691662	90691663	67	16	NA	NA	NA	NA	NA	NA	NA	unphased	NA	NA	1
X	91873298	91873299	12	30	NA	NA	NA	NA	NA	NA	NA	unphased	NA	NA	1
X	99854594	99854595	32	4	NA	NA	NA	NA	NA	NA	NA	unphased	NA	NA	1
X	100912508	100912509	63	16	NA	NA	NA	NA	NA	NA	NA	unphased	NA	NA	1
X	101623500	101623501	164	21	NA	NA	NA	NA	NA	NA	NA	unphased	NA	NA	1
X	102612942	102612943	23	10	NA	NA	NA	NA	NA	NA	NA	unphased	NA	NA	1
X	105011393	105011394	94	14	NA	NA	NA	NA	NA	NA	NA	unphased	NA	NA	1
X	107330999	107331000	127	42	NA	NA	NA	NA	NA	NA	NA	unphased	NA	NA	1
X	107334816	107334817	22	5	NA	NA	NA	NA	NA	NA	NA	unphased	NA	NA	1
X	107417734	107417735	72	13	NA	NA	NA	NA	NA	NA	NA	unphased	NA	NA	1
X	107911659	107911660	34	5	NA	NA	NA	NA	NA	NA	NA	unphased	NA	NA	1
X	108625420	108625421	201	37	NA	NA	NA	NA	NA	NA	NA	unphased	NA	NA	1
X	108684681	108684682	253	103	NA	NA	NA	NA	NA	NA	NA	unphased	NA	NA	1
X	108785909	108785910	126	23	NA	NA	NA	NA	NA	NA	NA	unphased	NA	NA	1
X	108867951	108867952	12	3	NA	NA	NA	NA	NA	NA	NA	unphased	NA	NA	1
X	120181572	120181573	24	11	NA	NA	NA	NA	NA	NA	NA	unphased	NA	NA	1
X	122318469	122318470	94	20	NA	NA	NA	NA	NA	NA	NA	unphased	NA	NA	1
X	123220442	123220443	101	29	NA	NA	NA	NA	NA	NA	NA	unphased	NA	NA	1
X	128650468	128650469	86	15	NA	NA	NA	NA	NA	NA	NA	unphased	NA	NA	1
X	129147050	129147051	50	15	NA	NA	NA	NA	NA	NA	NA	unphased	NA	NA	1
X	129148881	129148882	49	9	NA	NA	NA	NA	NA	NA	NA	unphased	NA	NA	1
X	129272582	129272583	106	20	NA	NA	NA	NA	NA	NA	NA	unphased	NA	NA	1
X	129837134	129837135	84	23	NA	NA	NA	NA	NA	NA	NA	unphased	NA	NA	1
X	130409601	130409602	75	18	NA	NA	NA	NA	NA	NA	NA	unphased	NA	NA	1
X	132473342	132473343	31	42	NA	NA	NA	NA	NA	NA	NA	unphased	NA	NA	1
X	132548910	132548911	87	13	NA	NA	NA	NA	NA	NA	NA	unphased	NA	NA	1
X	135106566	135106567	115	17	NA	NA	NA	NA	NA	NA	NA	unphased	NA	NA	1
X	135443690	135443691	79	17	NA	NA	NA	NA	NA	NA	NA	unphased	NA	NA	1
X	135570362	135570363	42	43	NA	NA	NA	NA	NA	NA	NA	unphased	NA	NA	1
X	138850586	138850587	33	30	NA	NA	NA	NA	NA	NA	NA	unphased	NA	NA	1
X	140985491	140985492	118	29	NA	NA	NA	NA	NA	NA	NA	unphased	NA	NA	1
X	140994984	140994985	507	93	NA	NA	NA	NA	NA	NA	NA	unphased	NA	NA	1
X	140996471	140996472	221	30	NA	NA	NA	NA	NA	NA	NA	unphased	NA	NA	1
X	147011476	147011477	44	6	NA	NA	NA	NA	NA	NA	NA	unphased	NA	NA	1
X	148798267	148798268	135	143	NA	NA	NA	NA	NA	NA	NA	unphased	NA	NA	1
X	150832784	150832785	64	8	NA	NA	NA	NA	NA	NA	NA	unphased	NA	NA	1
X	151092780	151092781	132	14	NA	NA	NA	NA	NA	NA	NA	unphased	NA	NA	1
X	153137772	153137773	21	34	NA	NA	NA	NA	NA	NA	NA	unphased	NA	NA	1
X	153220718	153220719	144	15	NA	NA	NA	NA	NA	NA	NA	unphased	NA	NA	1
X	153581376	153581377	45	7	NA	NA	NA	NA	NA	NA	NA	unphased	NA	NA	1
X	154293942	154293943	175	20	NA	NA	NA	NA	NA	NA	NA	unphased	NA	NA	1
X	154507269	154507270	139	15	NA	NA	NA	NA	NA	NA	NA	unphased	NA	NA	1
