chr	start	end	WT.count	mut.count	subclonal.CN	nMaj1	nMin1	frac1	nMaj2	nMin2	frac2	phase	mutation.copy.number	subclonal.fraction	no.chrs.bearing.mut
1	1284483	1284484	2	9	NA	NA	NA	NA	NA	NA	NA	unphased	NA	NA	1
1	1289417	1289418	34	50	NA	NA	NA	NA	NA	NA	NA	unphased	NA	NA	1
1	3679915	3679916	13	22	2	2	0	1	NA	NA	NA	unphased	2.06088992974239	1.03044496487119	2
1	12202461	12202462	7	21	2	2	0	1	NA	NA	NA	unphased	2.45901639344262	1.22950819672131	2
1	12378228	12378229	89	31	2	2	0	1	NA	NA	NA	unphased	0.846994535519126	0.846994535519126	1
1	12381925	12381926	42	21	2	2	0	1	NA	NA	NA	unphased	1.09289617486339	1.09289617486339	1
1	12382621	12382622	46	13	2	2	0	1	NA	NA	NA	unphased	0.72242289524868	0.72242289524868	1
1	17265570	17265571	7	17	2	2	0	1	NA	NA	NA	unphased	2.3224043715847	1.16120218579235	2
1	19412690	19412691	17	31	2	2	0	1	NA	NA	NA	unphased	2.11748633879781	1.05874316939891	2
1	20302215	20302216	53	65	2	2	0	1	NA	NA	NA	unphased	1.8060572381217	0.90302861906085	2
1	32130776	32130777	39	73	2	2	0	1	NA	NA	NA	unphased	2.13700234192037	1.06850117096019	2
1	33959960	33959961	23	40	2	2	0	1	NA	NA	NA	unphased	2.08170699973979	1.04085349986989	2
1	36026221	36026222	65	81	2	2	0	1	NA	NA	NA	unphased	1.81899842802605	0.909499214013025	2
1	36807505	36807506	13	37	2	2	0	1	NA	NA	NA	unphased	2.42622950819672	1.21311475409836	2
1	41092227	41092228	6	10	2	2	0	1	NA	NA	NA	unphased	2.04918032786885	1.02459016393443	2
1	47027146	47027147	13	24	2	2	0	1	NA	NA	NA	unphased	2.12671688081524	1.06335844040762	2
1	57537953	57537954	27	32	2	2	0	1	NA	NA	NA	unphased	1.7782717421506	0.889135871075299	2
1	60324669	60324670	14	6	2	2	0	1	NA	NA	NA	unphased	0.983606557377049	0.983606557377049	1
1	61849026	61849027	54	103	2	2	0	1	NA	NA	NA	unphased	2.15098673906234	1.07549336953117	2
1	71477997	71477998	45	19	2	2	0	1	NA	NA	NA	unphased	0.973360655737705	0.973360655737705	1
1	75038922	75038923	34	73	2	2	0	1	NA	NA	NA	unphased	2.23686226444002	1.11843113222001	2
1	75039125	75039126	23	45	2	2	0	1	NA	NA	NA	unphased	2.16972034715526	1.08486017357763	2
1	75622762	75622763	29	44	2	2	0	1	NA	NA	NA	unphased	1.97619582304065	0.988097911520323	2
1	91177983	91177984	3	9	2	2	0	1	NA	NA	NA	unphased	2.45901639344262	1.22950819672131	2
1	92327036	92327037	8	21	2	2	0	1	NA	NA	NA	unphased	2.37422272470322	1.18711136235161	2
1	95614330	95614331	25	37	2	2	0	1	NA	NA	NA	unphased	1.95663670015865	0.978318350079323	2
1	101196969	101196970	18	20	2	2	0	1	NA	NA	NA	unphased	1.72562553925798	0.86281276962899	2
1	103544277	103544278	25	32	2	2	0	1	NA	NA	NA	unphased	1.84066724187518	0.92033362093759	2
1	114453879	114453880	30	45	2	2	0	1	NA	NA	NA	unphased	1.9672131147541	0.983606557377049	2
1	144857632	144857633	387	132	3	2	1	1	NA	NA	NA	unphased	1.0882213588553	1.0882213588553	1
1	149905395	149905396	76	31	3	2	1	1	NA	NA	NA	unphased	1.23962003983453	1.23962003983453	1
1	150804312	150804313	66	21	3	2	1	1	NA	NA	NA	unphased	1.0327868852459	1.0327868852459	1
1	151819827	151819828	42	9	3	2	1	1	NA	NA	NA	unphased	0.755062680810029	0.755062680810029	1
1	152058978	152058979	146	49	3	2	1	1	NA	NA	NA	unphased	1.07515762925599	1.07515762925599	1
1	152193686	152193687	124	42	3	2	1	1	NA	NA	NA	unphased	1.08255974718546	1.08255974718546	1
1	152275665	152275666	105	30	3	2	1	1	NA	NA	NA	unphased	0.950819672131148	0.950819672131148	1
1	152944615	152944616	54	16	3	2	1	1	NA	NA	NA	unphased	0.977985948477752	0.977985948477752	1
1	152944616	152944617	54	16	3	2	1	1	NA	NA	NA	unphased	0.977985948477752	0.977985948477752	1
1	153665963	153665964	45	6	3	2	1	1	NA	NA	NA	unphased	0.503375120540019	0.503375120540019	1
1	155210445	155210446	208	63	3	2	1	1	NA	NA	NA	unphased	0.994676668078156	0.994676668078156	1
1	155747448	155747449	95	76	3	2	1	1	NA	NA	NA	unphased	1.9016393442623	0.950819672131148	2
1	156498839	156498840	71	56	3	2	1	1	NA	NA	NA	unphased	1.8866658061185	0.943332903059249	2
1	156640181	156640182	192	51	3	2	1	1	NA	NA	NA	unphased	0.897996357012751	0.897996357012751	1
1	156640381	156640382	70	69	3	2	1	1	NA	NA	NA	unphased	2.12395329637929	1.06197664818965	2
1	156641771	156641772	93	21	3	2	1	1	NA	NA	NA	unphased	0.788179465056083	0.788179465056083	1
1	157522154	157522155	65	28	3	2	1	1	NA	NA	NA	unphased	1.28820729772607	1.28820729772607	1
1	158326359	158326360	16	5	3	2	1	1	NA	NA	NA	unphased	1.01873536299766	1.01873536299766	1
1	158669657	158669658	23	20	3	2	1	1	NA	NA	NA	unphased	1.99008768585589	0.995043842927945	2
1	159277712	159277713	35	8	3	2	1	1	NA	NA	NA	unphased	0.796035074342356	0.796035074342356	1
1	160803840	160803841	28	29	3	2	1	1	NA	NA	NA	unphased	2.17687661777394	1.08843830888697	2
1	160851777	160851778	113	29	3	2	1	1	NA	NA	NA	unphased	0.873816670514893	0.873816670514893	1
1	161018298	161018299	117	104	3	2	1	1	NA	NA	NA	unphased	2.01350048216008	1.00675024108004	2
1	161205670	161205671	60	21	3	2	1	1	NA	NA	NA	unphased	1.10928961748634	1.10928961748634	1
1	162381776	162381777	70	21	3	2	1	1	NA	NA	NA	unphased	0.987389659520807	0.987389659520807	1
1	168550403	168550404	54	25	3	2	1	1	NA	NA	NA	unphased	1.35401535588296	1.35401535588296	1
1	176845765	176845766	26	13	3	2	1	1	NA	NA	NA	unphased	1.42622950819672	1.42622950819672	1
1	176903440	176903441	54	12	3	2	1	1	NA	NA	NA	unphased	0.777943368107303	0.777943368107303	1
1	177001858	177001859	45	47	3	2	1	1	NA	NA	NA	unphased	2.18585174625802	1.09292587312901	2
1	177199052	177199053	39	27	3	2	1	1	NA	NA	NA	unphased	1.75037257824143	0.875186289120716	2
1	178846672	178846673	39	20	3	2	1	1	NA	NA	NA	unphased	1.45040288969158	0.725201444845791	2
1	181452922	181452923	41	30	3	2	1	1	NA	NA	NA	unphased	1.80789655968598	0.903948279842992	2
1	181764179	181764180	23	23	3	2	1	1	NA	NA	NA	unphased	2.13934426229508	1.06967213114754	2
1	182026852	182026853	52	45	3	2	1	1	NA	NA	NA	unphased	1.98495859388204	0.992479296941018	2
1	186143743	186143744	53	9	3	2	1	1	NA	NA	NA	unphased	0.621099947117927	0.621099947117927	1
1	197097644	197097645	42	32	3	2	1	1	NA	NA	NA	unphased	1.85024368630926	0.92512184315463	2
1	205042312	205042313	61	34	3	2	1	1	NA	NA	NA	unphased	1.53132010353753	0.765660051768766	2
1	207871170	207871171	218	72	3	2	1	1	NA	NA	NA	unphased	1.06229508196721	1.06229508196721	1
1	210948701	210948702	14	4	2	1	1	1	NA	NA	NA	unphased	0.728597449908925	0.728597449908925	1
1	215799050	215799051	15	5	2	1	1	1	NA	NA	NA	unphased	0.819672131147541	0.819672131147541	1
1	215972266	215972267	39	19	2	1	1	1	NA	NA	NA	unphased	1.07405313736574	1.07405313736574	1
1	216380684	216380685	39	17	2	1	1	1	NA	NA	NA	unphased	0.995316159250585	0.995316159250585	1
1	216420316	216420317	42	10	2	1	1	1	NA	NA	NA	unphased	0.630517023959647	0.630517023959647	1
1	222721266	222721267	29	6	2	1	1	1	NA	NA	NA	unphased	0.562060889929742	0.562060889929742	1
1	223990486	223990487	75	43	2	1	1	1	NA	NA	NA	unphased	1.19477632675743	1.19477632675743	1
1	226053596	226053597	25	5	2	1	1	1	NA	NA	NA	unphased	0.546448087431694	0.546448087431694	1
1	226413216	226413217	55	25	2	1	1	1	NA	NA	NA	unphased	1.02459016393443	1.02459016393443	1
1	229730380	229730381	98	13	2	1	1	1	NA	NA	NA	unphased	0.383990547924974	0.383990547924974	1
1	230979617	230979618	132	54	2	1	1	1	NA	NA	NA	unphased	0.951877313590693	0.951877313590693	1
1	233114054	233114055	3	6	2	1	1	1	NA	NA	NA	unphased	2.18579234972678	2.18579234972678	1
1	236143152	236143153	40	18	2	1	1	1	NA	NA	NA	unphased	1.01752402487281	1.01752402487281	1
1	236201529	236201530	78	34	2	1	1	1	NA	NA	NA	unphased	0.995316159250585	0.995316159250585	1
1	238049133	238049134	51	17	2	1	1	1	NA	NA	NA	unphased	0.819672131147541	0.819672131147541	1
1	240255688	240255689	7	7	2	1	1	1	NA	NA	NA	unphased	1.63934426229508	1.63934426229508	1
1	240256637	240256638	57	15	2	1	1	1	NA	NA	NA	unphased	0.683060109289618	0.683060109289618	1
1	240371696	240371697	28	7	2	1	1	1	NA	NA	NA	unphased	0.655737704918033	0.655737704918033	1
1	240975330	240975331	51	25	3	2	1	1	NA	NA	NA	unphased	1.40746333045729	0.703731665228646	2
1	247586621	247586622	108	69	3	2	1	1	NA	NA	NA	unphased	1.66796332314532	0.833981661572659	2
1	247654726	247654727	93	47	3	2	1	1	NA	NA	NA	unphased	1.4364168618267	0.718208430913349	2
1	248058858	248058859	18	10	NA	NA	NA	NA	NA	NA	NA	unphased	NA	NA	1
1	248084531	248084532	162	28	NA	NA	NA	NA	NA	NA	NA	unphased	NA	NA	1
1	248402302	248402303	118	75	NA	NA	NA	NA	NA	NA	NA	unphased	NA	NA	1
1	248436295	248436296	194	101	NA	NA	NA	NA	NA	NA	NA	unphased	NA	NA	1
1	248458340	248458341	107	56	NA	NA	NA	NA	NA	NA	NA	unphased	NA	NA	1
1	248685160	248685161	74	40	NA	NA	NA	NA	NA	NA	NA	unphased	NA	NA	1
1	248756341	248756342	45	23	NA	NA	NA	NA	NA	NA	NA	unphased	NA	NA	1
1	248789722	248789723	53	29	NA	NA	NA	NA	NA	NA	NA	unphased	NA	NA	1
10	7708775	7708776	18	33	2	2	0	1	NA	NA	NA	unphased	2.12150433944069	1.06075216972035	2
10	7708934	7708935	5	8	2	2	0	1	NA	NA	NA	unphased	2.01765447667087	1.00882723833544	2
10	16970193	16970194	26	31	2	1	1	0.54	1	1	0.46	unphased	1.78314639056658	1.78314639056658	1
10	21147229	21147230	16	4	2	1	1	0.54	1	1	0.46	unphased	0.655737704918033	0.655737704918033	1
10	26357811	26357812	13	26	2	1	1	0.54	1	1	0.46	unphased	2.18579234972678	2.18579234972678	1
10	70516188	70516189	26	10	2	1	1	0.54	1	1	0.46	unphased	0.910746812386157	0.910746812386157	1
10	71682460	71682461	9	5	2	1	1	0.54	1	1	0.46	unphased	1.17096018735363	1.17096018735363	1
10	72298648	72298649	72	17	2	1	1	0.54	1	1	0.46	unphased	0.626266347393627	1.36144858129049	0.46
10	73559325	73559326	119	36	2	1	1	0.54	1	1	0.46	unphased	0.761501850872554	0.761501850872554	1
10	75114532	75114533	17	5	2	1	1	0.54	1	1	0.46	unphased	0.745156482861401	0.745156482861401	1
10	75552551	75552552	87	19	2	1	1	0.54	1	1	0.46	unphased	0.587689452520878	1.27758576634974	0.46
10	76990702	76990703	31	10	2	1	1	0.54	1	1	0.46	unphased	0.79968012794882	0.79968012794882	1
10	77159439	77159440	11	11	2	1	1	0.54	1	1	0.46	unphased	1.63934426229508	1.63934426229508	1
10	81058315	81058316	82	27	2	1	1	0.54	1	1	0.46	unphased	0.812152203338848	0.812152203338848	1
10	82363482	82363483	20	9	2	1	1	0.54	1	1	0.46	unphased	1.01752402487281	1.01752402487281	1
10	88702632	88702633	12	3	2	1	1	0.54	1	1	0.46	unphased	0.655737704918033	0.655737704918033	1
10	90438200	90438201	96	58	2	1	1	0.54	1	1	0.46	unphased	1.23483074302746	1.23483074302746	1
10	95335923	95335924	84	39	2	1	1	0.54	1	1	0.46	unphased	1.03958416633347	1.03958416633347	1
10	95395260	95395261	37	25	2	1	1	0.54	1	1	0.46	unphased	1.32205182443152	1.32205182443152	1
10	95660992	95660993	46	21	2	1	1	0.54	1	1	0.46	unphased	1.02764864203572	1.02764864203572	1
10	96540285	96540286	88	51	2	1	1	0.54	1	1	0.46	unphased	1.20297204859064	1.20297204859064	1
10	98170165	98170166	35	24	2	1	1	0.54	1	1	0.46	unphased	1.33370380661295	1.33370380661295	1
10	99967979	99967980	48	18	2	1	1	0.54	1	1	0.46	unphased	0.894187779433681	0.894187779433681	1
10	103870647	103870648	41	31	2	1	1	0.78	1	1	0.22	unphased	1.41165755919854	1.41165755919854	1
10	103919188	103919189	70	68	2	1	1	0.78	1	1	0.22	unphased	1.61558564979805	1.61558564979805	1
10	104183900	104183901	33	20	2	1	1	0.78	1	1	0.22	unphased	1.23724095267553	1.23724095267553	1
10	104241928	104241929	64	40	2	1	1	0.78	1	1	0.22	unphased	1.26103404791929	1.26103404791929	1
10	104678931	104678932	18	9	2	1	1	0.78	1	1	0.22	unphased	1.09289617486339	1.09289617486339	1
10	106113539	106113540	14	6	2	1	1	0.78	1	1	0.22	unphased	0.983606557377049	0.983606557377049	1
10	108412238	108412239	64	26	2	1	1	0.78	1	1	0.22	unphased	0.947176684881603	0.947176684881603	1
10	108469028	108469029	28	4	2	1	1	0.78	1	1	0.22	unphased	0.409836065573771	0.409836065573771	1
10	115950745	115950746	33	20	2	1	1	0.78	1	1	0.22	unphased	1.23724095267553	1.23724095267553	1
10	117486791	117486792	28	11	2	1	1	0.78	1	1	0.22	unphased	0.924758301807482	0.924758301807482	1
10	118236775	118236776	6	4	2	1	1	0.78	1	1	0.22	unphased	1.31147540983607	1.31147540983607	1
10	120070349	120070350	46	7	2	1	1	0.78	1	1	0.22	unphased	0.433034333436437	0.433034333436437	1
10	120936608	120936609	21	18	2	1	1	0.78	1	1	0.22	unphased	1.51324085750315	1.51324085750315	1
10	120936609	120936610	22	19	2	1	1	0.78	1	1	0.22	unphased	1.51939224310276	1.51939224310276	1
10	122273441	122273442	67	21	2	1	1	0.78	1	1	0.22	unphased	0.782414307004471	0.782414307004471	1
10	124907806	124907807	9	9	2	1	1	0.78	1	1	0.22	unphased	1.63934426229508	1.63934426229508	1
10	132965083	132965084	19	13	1	1	0	1	NA	NA	NA	unphased	0.925717213114754	0.925717213114754	1
10	134906623	134906624	10	12	1	1	0	1	NA	NA	NA	unphased	1.24292101341282	1.24292101341282	1
10	135237148	135237149	9	8	NA	NA	NA	NA	NA	NA	NA	unphased	NA	NA	1
11	212637	212638	19	8	NA	NA	NA	NA	NA	NA	NA	unphased	NA	NA	1
11	1093894	1093895	76	42	2	1	1	1	NA	NA	NA	unphased	1.16699083078633	1.16699083078633	1
11	1100992	1100993	20	14	2	1	1	1	NA	NA	NA	unphased	1.35004821600771	1.35004821600771	1
11	1217625	1217626	117	36	2	1	1	1	NA	NA	NA	unphased	0.77145612343298	0.77145612343298	1
11	2170548	2170549	75	33	2	1	1	1	NA	NA	NA	unphased	1.00182149362477	1.00182149362477	1
11	3381448	3381449	29	15	2	1	1	1	NA	NA	NA	unphased	1.1177347242921	1.1177347242921	1
11	3707285	3707286	75	13	2	1	1	1	NA	NA	NA	unphased	0.484351713859911	0.484351713859911	1
11	4903988	4903989	59	17	2	1	1	1	NA	NA	NA	unphased	0.733390854184642	0.733390854184642	1
11	5461916	5461917	66	24	2	1	1	1	NA	NA	NA	unphased	0.87431693989071	0.87431693989071	1
11	5602463	5602464	51	29	2	1	1	1	NA	NA	NA	unphased	1.18852459016393	1.18852459016393	1
11	5862773	5862774	112	60	2	1	1	1	NA	NA	NA	unphased	1.14372855508959	1.14372855508959	1
11	5968956	5968957	77	43	2	1	1	1	NA	NA	NA	unphased	1.17486338797814	1.17486338797814	1
11	6281184	6281185	8	4	2	1	1	1	NA	NA	NA	unphased	1.09289617486339	1.09289617486339	1
11	6867303	6867304	122	46	2	1	1	1	NA	NA	NA	unphased	0.897736143637783	0.897736143637783	1
11	6942917	6942918	26	5	2	1	1	1	NA	NA	NA	unphased	0.528820729772607	0.528820729772607	1
11	6953823	6953824	24	13	2	1	1	1	NA	NA	NA	unphased	1.15197164377492	1.15197164377492	1
11	8008769	8008770	63	34	2	1	1	1	NA	NA	NA	unphased	1.14923102923779	1.14923102923779	1
11	10019820	10019821	19	6	2	1	1	1	NA	NA	NA	unphased	0.786885245901639	0.786885245901639	1
11	17428909	17428910	74	33	2	1	1	1	NA	NA	NA	unphased	1.0111843113222	1.0111843113222	1
11	17522696	17522697	12	8	2	1	1	1	NA	NA	NA	unphased	1.31147540983607	1.31147540983607	1
11	18028148	18028149	65	26	2	1	1	1	NA	NA	NA	unphased	0.936768149882904	0.936768149882904	1
11	22397612	22397613	108	39	2	1	1	1	NA	NA	NA	unphased	0.869856139176982	0.869856139176982	1
11	27393871	27393872	78	37	2	1	1	1	NA	NA	NA	unphased	1.05488239486814	1.05488239486814	1
11	28318425	28318426	57	15	2	1	1	1	NA	NA	NA	unphased	0.683060109289618	0.683060109289618	1
11	30255207	30255208	45	26	2	1	1	1	NA	NA	NA	unphased	1.2006465019626	1.2006465019626	1
11	30937252	30937253	17	11	2	1	1	1	NA	NA	NA	unphased	1.28805620608899	1.28805620608899	1
11	31329213	31329214	62	31	2	1	1	1	NA	NA	NA	unphased	1.09289617486339	1.09289617486339	1
11	34104421	34104422	22	7	2	1	1	1	NA	NA	NA	unphased	0.791407574901074	0.791407574901074	1
11	35641144	35641145	47	21	2	1	1	1	NA	NA	NA	unphased	1.01253616200579	1.01253616200579	1
11	47350769	47350770	38	17	2	1	1	1	NA	NA	NA	unphased	1.01341281669151	1.01341281669151	1
11	47470560	47470561	45	4	2	1	1	1	NA	NA	NA	unphased	0.267648042823687	0.267648042823687	1
11	55032459	55032460	149	78	2	1	1	1	NA	NA	NA	unphased	1.12659781902217	1.12659781902217	1
11	55418546	55418547	24	28	2	1	1	1	NA	NA	NA	unphased	1.76544766708701	1.76544766708701	1
11	55433243	55433244	75	50	2	1	1	1	NA	NA	NA	unphased	1.31147540983607	1.31147540983607	1
11	55540949	55540950	74	33	2	1	1	1	NA	NA	NA	unphased	1.0111843113222	1.0111843113222	1
11	55579306	55579307	73	56	2	1	1	1	NA	NA	NA	unphased	1.42330664633371	1.42330664633371	1
11	55607105	55607106	45	21	2	1	1	1	NA	NA	NA	unphased	1.04321907600596	1.04321907600596	1
11	55653314	55653315	34	8	2	1	1	1	NA	NA	NA	unphased	0.624512099921936	0.624512099921936	1
11	55703190	55703191	16	3	2	1	1	1	NA	NA	NA	unphased	0.517687661777394	0.517687661777394	1
11	55735380	55735381	19	6	2	1	1	1	NA	NA	NA	unphased	0.786885245901639	0.786885245901639	1
11	55798307	55798308	57	40	2	1	1	1	NA	NA	NA	unphased	1.35203650498563	1.35203650498563	1
11	55890480	55890481	98	20	2	1	1	1	NA	NA	NA	unphased	0.555709919422062	0.555709919422062	1
11	56185012	56185013	71	30	2	1	1	1	NA	NA	NA	unphased	0.973867878591138	0.973867878591138	1
11	58035301	58035302	34	19	2	1	1	1	NA	NA	NA	unphased	1.17537890504176	1.17537890504176	1
11	58602205	58602206	38	6	2	1	1	1	NA	NA	NA	unphased	0.44709388971684	0.44709388971684	1
11	59947357	59947358	32	11	2	1	1	1	NA	NA	NA	unphased	0.838734273732368	0.838734273732368	1
11	61044096	61044097	18	8	2	1	1	1	NA	NA	NA	unphased	1.00882723833544	1.00882723833544	1
11	61295596	61295597	58	20	2	1	1	1	NA	NA	NA	unphased	0.840689365279529	0.840689365279529	1
11	61404714	61404715	30	24	2	1	1	1	NA	NA	NA	unphased	1.45719489981785	1.45719489981785	1
11	61630532	61630533	58	19	2	1	1	1	NA	NA	NA	unphased	0.809027038535235	0.809027038535235	1
11	64135636	64135637	66	46	3	2	1	1	NA	NA	NA	unphased	1.75731850117096	0.87865925058548	2
11	64599135	64599136	23	16	3	2	1	1	NA	NA	NA	unphased	1.75535939470366	0.877679697351828	2
11	65271208	65271209	44	7	3	2	1	1	NA	NA	NA	unphased	0.587270973963356	0.587270973963356	1
11	65273561	65273562	65	9	3	2	1	1	NA	NA	NA	unphased	0.520381036774479	0.520381036774479	1
11	65273690	65273691	55	10	3	2	1	1	NA	NA	NA	unphased	0.658259773013872	0.658259773013872	1
11	65823020	65823021	56	17	3	2	1	1	NA	NA	NA	unphased	0.996406916685381	0.996406916685381	1
11	67164942	67164943	26	5	3	2	1	1	NA	NA	NA	unphased	0.690111052353252	0.690111052353252	1
11	71150016	71150017	63	11	4	2	2	1	NA	NA	NA	unphased	0.784669915817457	0.784669915817457	1
11	71249242	71249243	493	99	4	2	2	1	NA	NA	NA	unphased	0.882753655294639	0.882753655294639	1
11	71249372	71249373	363	90	4	2	2	1	NA	NA	NA	unphased	1.04874606448811	1.04874606448811	1
11	71850885	71850886	23	14	3	2	1	1	NA	NA	NA	unphased	1.6189632255206	0.809481612760301	2
11	72945768	72945769	26	17	3	2	1	1	NA	NA	NA	unphased	1.69157453297751	0.845787266488753	2
11	73748650	73748651	26	50	2	2	0	1	NA	NA	NA	unphased	2.15703192407248	1.07851596203624	2
11	74054017	74054018	37	70	2	2	0	1	NA	NA	NA	unphased	2.14493641795618	1.07246820897809	2
11	88386482	88386483	79	23	3	2	1	1	NA	NA	NA	unphased	0.96480231436837	0.96480231436837	1
11	92087169	92087170	10	15	2	2	0	1	NA	NA	NA	unphased	1.9672131147541	0.983606557377049	2
11	93845018	93845019	96	98	2	2	0	1	NA	NA	NA	unphased	1.6562447186074	0.828122359303701	2
11	94906380	94906381	4	16	2	2	0	1	NA	NA	NA	unphased	2.62295081967213	1.31147540983607	2
11	96098140	96098141	9	12	2	2	0	1	NA	NA	NA	unphased	1.87353629976581	0.936768149882904	2
11	102745636	102745637	7	7	2	2	0	1	NA	NA	NA	unphased	1.63934426229508	1.63934426229508	1
11	104905106	104905107	100	102	2	2	0	1	NA	NA	NA	unphased	1.65557539360493	0.827787696802467	2
11	108535975	108535976	15	23	2	2	0	1	NA	NA	NA	unphased	1.98446937014668	0.992234685073339	2
11	116658728	116658729	2	6	2	2	0	1	NA	NA	NA	unphased	2.45901639344262	1.22950819672131	2
11	117246439	117246440	63	81	2	2	0	1	NA	NA	NA	unphased	1.84426229508197	0.922131147540984	2
11	118948775	118948776	44	73	2	2	0	1	NA	NA	NA	unphased	2.04567745551352	1.02283872775676	2
11	123811172	123811173	41	65	2	2	0	1	NA	NA	NA	unphased	2.01051654809774	1.00525827404887	2
12	176592	176593	65	8	NA	NA	NA	NA	NA	NA	NA	unphased	NA	NA	1
12	1192545	1192546	50	29	4	2	2	1	NA	NA	NA	unphased	1.93774642041917	0.968873210209587	2
12	2690808	2690809	10	5	4	2	2	1	NA	NA	NA	unphased	1.75956284153005	1.75956284153005	1
12	4554575	4554576	125	68	4	2	2	1	NA	NA	NA	unphased	1.85984880659135	0.929924403295676	2
12	7024854	7024855	20	12	4	2	2	1	NA	NA	NA	unphased	1.97950819672131	0.989754098360656	2
12	7639534	7639535	45	19	4	2	2	1	NA	NA	NA	unphased	1.5671106557377	0.783555327868852	2
12	7651465	7651466	145	76	4	2	2	1	NA	NA	NA	unphased	1.81529560121653	0.907647800608263	2
12	7651466	7651467	146	78	4	2	2	1	NA	NA	NA	unphased	1.83811475409836	0.91905737704918	2
12	7843192	7843193	104	41	4	2	2	1	NA	NA	NA	unphased	1.49259468626343	0.746297343131713	2
12	7973857	7973858	125	86	4	2	2	1	NA	NA	NA	unphased	2.15150337969078	1.07575168984539	2
12	7981411	7981412	74	42	4	2	2	1	NA	NA	NA	unphased	1.91124929338609	0.955624646693047	2
12	9348938	9348939	38	10	4	2	2	1	NA	NA	NA	unphased	1.09972677595628	1.09972677595628	1
12	13717473	13717474	199	102	4	2	2	1	NA	NA	NA	unphased	1.78879146016012	0.894395730080061	2
12	22215218	22215219	16	11	4	2	2	1	NA	NA	NA	unphased	2.15057680631451	1.07528840315726	2
12	29474842	29474843	41	22	4	2	2	1	NA	NA	NA	unphased	1.84335154826958	0.921675774134791	2
12	29664977	29664978	168	100	4	2	2	1	NA	NA	NA	unphased	1.96965989723514	0.984829948617568	2
12	29911644	29911645	31	16	4	2	2	1	NA	NA	NA	unphased	1.79700034879665	0.898500174398326	2
12	30783814	30783815	64	46	4	2	2	1	NA	NA	NA	unphased	2.20745156482861	1.10372578241431	2
12	40076443	40076444	54	22	4	2	2	1	NA	NA	NA	unphased	1.52804141501294	0.764020707506471	2
12	40076815	40076816	13	19	4	2	2	1	NA	NA	NA	unphased	3.13422131147541	1.5671106557377	2
12	40749947	40749948	27	4	4	2	2	1	NA	NA	NA	unphased	0.681121099947118	0.681121099947118	1
12	44148447	44148448	30	27	4	2	2	1	NA	NA	NA	unphased	2.50043140638481	1.25021570319241	2
12	44338118	44338119	72	35	4	2	2	1	NA	NA	NA	unphased	1.72667381645473	0.863336908227363	2
12	51281041	51281042	41	20	4	2	2	1	NA	NA	NA	unphased	1.73071754904596	0.865358774522978	2
12	52794402	52794403	80	46	4	2	2	1	NA	NA	NA	unphased	1.92714025500911	0.963570127504554	2
12	52840915	52840916	41	19	4	2	2	1	NA	NA	NA	unphased	1.67158469945355	0.835792349726776	2
12	52867506	52867507	60	38	4	2	2	1	NA	NA	NA	unphased	2.04683840749415	1.02341920374707	2
12	53069372	53069373	71	34	4	2	2	1	NA	NA	NA	unphased	1.70928961748634	0.854644808743169	2
12	54968992	54968993	111	84	4	2	2	1	NA	NA	NA	unphased	2.27389659520807	1.13694829760404	2
12	55420926	55420927	119	25	4	2	2	1	NA	NA	NA	unphased	0.91643897996357	0.91643897996357	1
12	56094136	56094137	60	29	4	2	2	1	NA	NA	NA	unphased	1.72002210351814	0.860011051759072	2
12	56234592	56234593	108	66	4	2	2	1	NA	NA	NA	unphased	2.00226116449972	1.00113058224986	2
12	58008768	58008769	37	17	4	2	2	1	NA	NA	NA	unphased	1.66180935033394	0.83090467516697	2
12	60169062	60169063	153	89	4	2	2	1	NA	NA	NA	unphased	1.94133586234927	0.970667931174637	2
12	64587847	64587848	135	32	4	2	2	1	NA	NA	NA	unphased	1.01148522626877	1.01148522626877	1
12	68051120	68051121	30	29	4	2	2	1	NA	NA	NA	unphased	2.59460961378161	1.2973048068908	2
12	69265574	69265575	188	13	4	2	2	1	NA	NA	NA	unphased	0.341407715520757	0.341407715520757	1
12	70760502	70760503	21	13	4	2	2	1	NA	NA	NA	unphased	2.01832208293153	1.00916104146577	2
12	71286481	71286482	104	66	4	2	2	1	NA	NA	NA	unphased	2.04937319189971	1.02468659594986	2
12	71978114	71978115	124	54	4	2	2	1	NA	NA	NA	unphased	1.60139988948241	0.800699944741205	2
12	72388268	72388269	104	7	4	2	2	1	NA	NA	NA	unphased	0.332890267316497	0.332890267316497	1
12	77417887	77417888	87	75	4	2	2	1	NA	NA	NA	unphased	2.44383727990285	1.22191863995143	2
12	78225425	78225426	57	40	4	2	2	1	NA	NA	NA	unphased	2.17677877302687	1.08838938651344	2
12	78400885	78400886	59	20	4	2	2	1	NA	NA	NA	unphased	1.3363768416684	1.3363768416684	1
12	78443868	78443869	19	14	4	2	2	1	NA	NA	NA	unphased	2.2394436164928	1.1197218082464	2
12	78513015	78513016	123	49	4	2	2	1	NA	NA	NA	unphased	1.50381242851697	0.751906214258483	2
12	80658852	80658853	166	107	4	2	2	1	NA	NA	NA	unphased	2.06893652795292	1.03446826397646	2
12	81101563	81101564	85	39	4	2	2	1	NA	NA	NA	unphased	1.6602326811211	0.83011634056055	2
12	81101868	81101869	80	39	4	2	2	1	NA	NA	NA	unphased	1.72999035679846	0.864995178399228	2
12	83526044	83526045	35	26	4	2	2	1	NA	NA	NA	unphased	2.24993281375974	1.12496640687987	2
12	85449927	85449928	38	28	4	2	2	1	NA	NA	NA	unphased	2.2394436164928	1.1197218082464	2
12	91449754	91449755	88	18	4	2	2	1	NA	NA	NA	unphased	0.896381070213424	0.896381070213424	1
12	94543448	94543449	24	3	4	2	2	1	NA	NA	NA	unphased	0.586520947176685	0.586520947176685	1
12	98928115	98928116	152	18	4	2	2	1	NA	NA	NA	unphased	0.558919961427194	0.558919961427194	1
12	109889349	109889350	13	18	2	2	0	1	NA	NA	NA	unphased	1.90375462718139	0.951877313590693	2
12	111078322	111078323	26	28	2	2	0	1	NA	NA	NA	unphased	1.70006071645416	0.85003035822708	2
12	111785740	111785741	210	42	4	2	2	1	NA	NA	NA	unphased	0.879781420765027	0.879781420765027	1
12	111954042	111954043	29	22	4	2	2	1	NA	NA	NA	unphased	2.27708132433301	1.13854066216651	2
12	113531398	113531399	35	15	4	2	2	1	NA	NA	NA	unphased	1.58360655737705	0.791803278688525	2
12	116446533	116446534	81	5	2.25	4	2	0.25	1	0	0.75	unphased	0.205156309569196	0.820625238276782	0.25
12	117681139	117681140	83	80	2.25	4	2	0.25	1	0	0.75	unphased	1.73187166851051	0.989640953434577	1.75
12	117768982	117768983	23	10	2.25	4	2	0.25	1	0	0.75	unphased	1.06929955290611	1.06929955290611	1
12	120934290	120934291	116	61	4	2	2	1	NA	NA	NA	unphased	1.81920903954802	0.909604519774011	2
12	122958139	122958140	178	39	4	2	2	1	NA	NA	NA	unphased	0.948704389212057	0.948704389212057	1
12	123900387	123900388	266	132	4	2	2	1	NA	NA	NA	unphased	1.75072081720076	0.875360408600379	2
12	124081399	124081400	13	4	4	2	2	1	NA	NA	NA	unphased	1.2420443587271	1.2420443587271	1
12	124811958	124811959	42	15	4	2	2	1	NA	NA	NA	unphased	1.38912855910267	1.38912855910267	1
12	125438723	125438724	55	12	4	2	2	1	NA	NA	NA	unphased	0.945436750672865	0.945436750672865	1
12	132209983	132209984	70	34	4	2	2	1	NA	NA	NA	unphased	1.72572509457755	0.862862547288777	2
12	132322699	132322700	63	30	4	2	2	1	NA	NA	NA	unphased	1.70280274986779	0.851401374933897	2
13	26927935	26927936	12	13	3	2	1	1	NA	NA	NA	unphased	2.22491803278689	1.11245901639344	2
13	28498414	28498415	16	8	3	2	1	1	NA	NA	NA	unphased	1.42622950819672	1.42622950819672	1
13	33680965	33680966	118	11	3	2	1	1	NA	NA	NA	unphased	0.36484940907358	0.36484940907358	1
13	44455099	44455100	44	12	3	2	1	1	NA	NA	NA	unphased	0.916861826697892	0.916861826697892	1
13	46716493	46716494	37	37	3	2	1	1	NA	NA	NA	unphased	2.13934426229508	1.06967213114754	2
13	51855119	51855120	46	13	3	2	1	1	NA	NA	NA	unphased	0.942761878299528	0.942761878299528	1
13	53216791	53216792	31	8	3	2	1	1	NA	NA	NA	unphased	0.877679697351828	0.877679697351828	1
13	53313267	53313268	28	14	3	2	1	1	NA	NA	NA	unphased	1.42622950819672	1.42622950819672	1
13	53421532	53421533	16	12	3	2	1	1	NA	NA	NA	unphased	1.83372365339578	0.916861826697892	2
13	58207526	58207527	71	21	3	2	1	1	NA	NA	NA	unphased	0.976657163221668	0.976657163221668	1
13	58208636	58208637	146	37	3	2	1	1	NA	NA	NA	unphased	0.865090029561946	0.865090029561946	1
13	64321237	64321238	94	10	3	2	1	1	NA	NA	NA	unphased	0.41141235813367	0.41141235813367	1
13	73317702	73317703	48	8	3	2	1	1	NA	NA	NA	unphased	0.611241217798595	0.611241217798595	1
13	75936393	75936394	16	24	3	2	1	1	NA	NA	NA	unphased	2.5672131147541	1.28360655737705	2
13	77695586	77695587	40	24	3	2	1	1	NA	NA	NA	unphased	1.60450819672131	0.802254098360656	2
13	79177359	79177360	29	14	3	2	1	1	NA	NA	NA	unphased	1.39306138009912	1.39306138009912	1
13	84453665	84453666	43	14	3	2	1	1	NA	NA	NA	unphased	1.05090595340811	1.05090595340811	1
13	84453666	84453667	42	14	3	2	1	1	NA	NA	NA	unphased	1.06967213114754	1.06967213114754	1
13	95050773	95050774	62	18	3	2	1	1	NA	NA	NA	unphased	0.962704918032787	0.962704918032787	1
13	101707700	101707701	119	29	3	2	1	1	NA	NA	NA	unphased	0.838391670358884	0.838391670358884	1
13	103436858	103436859	24	6	3	2	1	1	NA	NA	NA	unphased	0.855737704918033	0.855737704918033	1
13	109779719	109779720	22	8	3	2	1	1	NA	NA	NA	unphased	1.14098360655738	1.14098360655738	1
13	111293891	111293892	214	64	3	2	1	1	NA	NA	NA	unphased	0.985021818610685	0.985021818610685	1
13	111353783	111353784	65	10	3	2	1	1	NA	NA	NA	unphased	0.570491803278689	0.570491803278689	1
14	19553592	19553593	438	83	NA	NA	NA	NA	NA	NA	NA	unphased	NA	NA	1
14	20019992	20019993	564	65	NA	NA	NA	NA	NA	NA	NA	unphased	NA	NA	1
14	20020043	20020044	268	49	NA	NA	NA	NA	NA	NA	NA	unphased	NA	NA	1
14	20248501	20248502	58	22	NA	NA	NA	NA	NA	NA	NA	unphased	NA	NA	1
14	20586029	20586030	57	18	2	1	1	1	NA	NA	NA	unphased	0.786885245901639	0.786885245901639	1
14	20666413	20666414	85	39	2	1	1	1	NA	NA	NA	unphased	1.03120042305658	1.03120042305658	1
14	22102649	22102650	28	9	2	1	1	1	NA	NA	NA	unphased	0.797518830305716	0.797518830305716	1
14	23846560	23846561	33	17	2	1	1	1	NA	NA	NA	unphased	1.11475409836066	1.11475409836066	1
14	23865567	23865568	51	24	2	1	1	1	NA	NA	NA	unphased	1.04918032786885	1.04918032786885	1
14	23866168	23866169	59	19	2	1	1	1	NA	NA	NA	unphased	0.798654897015553	0.798654897015553	1
14	24586898	24586899	90	35	2	1	1	1	NA	NA	NA	unphased	0.918032786885246	0.918032786885246	1
14	24685147	24685148	42	20	2	1	1	1	NA	NA	NA	unphased	1.05764145954521	1.05764145954521	1
14	42373416	42373417	12	13	2	1	1	1	NA	NA	NA	unphased	1.70491803278689	1.70491803278689	1
14	44974623	44974624	29	11	2	1	1	1	NA	NA	NA	unphased	0.901639344262295	0.901639344262295	1
14	45603671	45603672	37	7	2	1	1	1	NA	NA	NA	unphased	0.521609538002981	0.521609538002981	1
14	45644561	45644562	41	5	2	1	1	1	NA	NA	NA	unphased	0.356379187455453	0.356379187455453	1
14	45645484	45645485	29	20	2	1	1	1	NA	NA	NA	unphased	1.33824021411843	1.33824021411843	1
14	47566195	47566196	62	28	2	1	1	1	NA	NA	NA	unphased	1.0200364298725	1.0200364298725	1
14	50760894	50760895	38	17	2	1	1	1	NA	NA	NA	unphased	1.01341281669151	1.01341281669151	1
14	52156582	52156583	31	9	2	1	1	1	NA	NA	NA	unphased	0.737704918032787	0.737704918032787	1
14	52735242	52735243	67	36	2	1	1	1	NA	NA	NA	unphased	1.1459493872354	1.1459493872354	1
14	57099807	57099808	22	8	2	1	1	1	NA	NA	NA	unphased	0.87431693989071	0.87431693989071	1
14	60193697	60193698	18	7	2	1	1	1	NA	NA	NA	unphased	0.918032786885246	0.918032786885246	1
14	64548215	64548216	44	17	2	1	1	1	NA	NA	NA	unphased	0.913732867508734	0.913732867508734	1
14	68249654	68249655	63	31	2	1	1	1	NA	NA	NA	unphased	1.08126961981165	1.08126961981165	1
14	69520494	69520495	4	7	2	1	1	1	NA	NA	NA	unphased	2.08643815201192	2.08643815201192	1
14	70515700	70515701	40	12	2	1	1	1	NA	NA	NA	unphased	0.756620428751576	0.756620428751576	1
14	71576259	71576260	31	8	2	1	1	1	NA	NA	NA	unphased	0.672551492223623	0.672551492223623	1
14	72139291	72139292	29	13	2	1	1	1	NA	NA	NA	unphased	1.01483216237315	1.01483216237315	1
14	72200382	72200383	46	25	2	1	1	1	NA	NA	NA	unphased	1.15446779034865	1.15446779034865	1
14	72205863	72205864	53	26	2	1	1	1	NA	NA	NA	unphased	1.07906204606765	1.07906204606765	1
14	77605710	77605711	8	3	2	1	1	1	NA	NA	NA	unphased	0.894187779433681	0.894187779433681	1
14	81209420	81209421	41	27	2	1	1	1	NA	NA	NA	unphased	1.30183220829315	1.30183220829315	1
14	81606128	81606129	46	13	2	1	1	1	NA	NA	NA	unphased	0.72242289524868	0.72242289524868	1
14	91007808	91007809	25	43	4.4	4	1	0.85	1	0	0.15	unphased	3.59093539054966	1.01153109592948	3.55
14	94160752	94160753	23	4	1	1	0	0.01	0	1	0.99	unphased	0.337583485124469	0.337583485124469	1
14	96788933	96788934	23	3	1	1	0	0.01	0	1	0.99	unphased	0.262925598991173	0.262925598991173	1
14	96794779	96794780	23	19	1	1	0	0.01	0	1	0.99	unphased	1.03083528493365	1.03083528493365	1
14	105353311	105353312	58	6	1	1	0	0.01	0	1	0.99	unphased	0.213627049180328	0.213627049180328	1
14	105360685	105360686	52	13	1	1	0	0.01	0	1	0.99	unphased	0.455737704918033	0.455737704918033	1
14	106725299	106725300	185	36	NA	NA	NA	NA	NA	NA	NA	unphased	NA	NA	1
14	107013177	107013178	43	15	NA	NA	NA	NA	NA	NA	NA	unphased	NA	NA	1
15	20644304	20644305	28	10	NA	NA	NA	NA	NA	NA	NA	unphased	NA	NA	1
15	22368923	22368924	127	85	NA	NA	NA	NA	NA	NA	NA	unphased	NA	NA	1
15	25423737	25423738	45	31	2.4	2	2	0.2	1	1	0.8	unphased	1.50051768766178	1.25043140638481	1.2
15	25448410	25448411	250	96	2.4	2	2	0.2	1	1	0.8	unphased	1.02067658485739	1.02067658485739	1
15	25465665	25465666	136	86	2.4	2	2	0.2	1	1	0.8	unphased	1.42507753655295	1.18756461379412	1.2
15	27159960	27159961	49	29	2.4	2	2	0.2	1	1	0.8	unphased	1.36771752837327	1.13976460697772	1.2
15	28501137	28501138	80	44	2.4	2	2	0.2	1	1	0.8	unphased	1.3053410893707	1.08778424114225	1.2
15	31358305	31358306	97	67	2.4	2	2	0.2	1	1	0.8	unphased	1.50287884846062	1.25239904038385	1.2
15	32929736	32929737	47	26	2.4	2	2	0.2	1	1	0.8	unphased	1.31021783067595	1.31021783067595	1
15	41657666	41657667	13	15	2.32	2	2	0.16	1	1	0.84	unphased	1.92786885245902	1.66195590729226	1.16
15	41961118	41961119	101	68	2.32	2	2	0.16	1	1	0.84	unphased	1.44799301581143	1.24826984121675	1.16
15	42040945	42040946	52	24	2.32	2	2	0.16	1	1	0.84	unphased	1.13642795513374	1.13642795513374	1
15	42154040	42154041	15	3	2.32	2	2	0.16	1	1	0.84	unphased	0.599781420765027	0.599781420765027	1
15	48056247	48056248	54	28	2.32	2	2	0.16	1	1	0.84	unphased	1.22882047181128	1.22882047181128	1
15	49447787	49447788	48	10	2.32	2	2	0.16	1	1	0.84	unphased	0.620463538722442	0.620463538722442	1
15	51988090	51988091	39	24	2.32	2	2	0.16	1	1	0.84	unphased	1.37092896174863	1.18183531185227	1.16
15	53997388	53997389	63	7	2.32	2	2	0.16	1	1	0.84	unphased	0.359868852459016	0.359868852459016	1
15	54860110	54860111	7	5	2.32	2	2	0.16	1	1	0.84	unphased	1.49945355191257	1.49945355191257	1
15	63029074	63029075	42	20	2.32	2	2	0.16	1	1	0.84	unphased	1.16086726599683	1.16086726599683	1
15	63547783	63547784	27	18	2.32	2	2	0.16	1	1	0.84	unphased	1.43947540983607	1.24092707744488	1.16
15	66996111	66996112	8	2	2.32	2	2	0.16	1	1	0.84	unphased	0.719737704918033	0.719737704918033	1
15	69709796	69709797	78	36	2.32	2	2	0.16	1	1	0.84	unphased	1.13642795513374	1.13642795513374	1
15	72810414	72810415	29	8	2.22	2	2	0.11	1	1	0.89	unphased	0.756473194505981	0.756473194505981	1
15	72953664	72953665	247	28	2.22	2	2	0.11	1	1	0.89	unphased	0.356230104321908	0.356230104321908	1
15	74324919	74324920	44	21	2.22	2	2	0.11	1	1	0.89	unphased	1.13034552332913	1.13034552332913	1
15	74368266	74368267	116	40	2.22	2	2	0.11	1	1	0.89	unphased	0.897099621689786	0.897099621689786	1
15	74630429	74630430	62	33	2.22	2	2	0.11	1	1	0.89	unphased	1.21533390854185	1.21533390854185	1
15	76994194	76994195	40	26	2.22	2	2	0.11	1	1	0.89	unphased	1.37827123695976	1.24168579906285	1.11
15	77348187	77348188	56	25	2.22	2	2	0.11	1	1	0.89	unphased	1.07984213721919	1.07984213721919	1
15	78465983	78465984	78	15	2.22	2	2	0.11	1	1	0.89	unphased	0.564304600740349	0.564304600740349	1
15	79058483	79058484	45	25	2.22	2	2	0.11	1	1	0.89	unphased	1.24953161592506	1.24953161592506	1
15	80423535	80423536	54	24	2.22	2	2	0.11	1	1	0.89	unphased	1.07651954602774	1.07651954602774	1
15	81660627	81660628	152	85	2.22	2	2	0.11	1	1	0.89	unphased	1.25480390122432	1.13045396506696	1.11
15	83658777	83658778	38	12	2.22	2	2	0.11	1	1	0.89	unphased	0.839685245901639	0.839685245901639	1
15	83776516	83776517	16	10	2.22	2	2	0.11	1	1	0.89	unphased	1.34564943253468	1.34564943253468	1
15	83935590	83935591	99	48	2.22	2	2	0.11	1	1	0.89	unphased	1.14242890598862	1.14242890598862	1
15	89390528	89390529	10	6	2.22	2	2	0.11	1	1	0.89	unphased	1.31200819672131	1.31200819672131	1
15	90903470	90903471	48	31	2.22	2	2	0.11	1	1	0.89	unphased	1.37290309192779	1.23684963236737	1.11
15	93515118	93515119	40	18	2.22	2	2	0.11	1	1	0.89	unphased	1.08579988694177	1.08579988694177	1
15	100594223	100594224	161	74	2.22	2	2	0.11	1	1	0.89	unphased	1.10171468433903	1.10171468433903	1
16	422662	422663	71	25	NA	NA	NA	NA	NA	NA	NA	unphased	NA	NA	1
16	3080763	3080764	13	11	2	1	1	1	NA	NA	NA	unphased	1.50273224043716	1.50273224043716	1
16	3293589	3293590	190	73	2	1	1	1	NA	NA	NA	unphased	0.910054229258867	0.910054229258867	1
16	3778917	3778918	12	13	2	1	1	1	NA	NA	NA	unphased	1.70491803278689	1.70491803278689	1
16	3778941	3778942	12	7	2	1	1	1	NA	NA	NA	unphased	1.20793787748059	1.20793787748059	1
16	7760774	7760775	19	7	2	1	1	1	NA	NA	NA	unphased	0.882723833543506	0.882723833543506	1
16	7760776	7760777	19	8	2	1	1	1	NA	NA	NA	unphased	0.971463266545234	0.971463266545234	1
16	9857976	9857977	74	29	2	1	1	1	NA	NA	NA	unphased	0.923125895272959	0.923125895272959	1
16	15225119	15225120	22	6	2	1	1	1	NA	NA	NA	unphased	0.702576112412178	0.702576112412178	1
16	15695878	15695879	98	39	2	1	1	1	NA	NA	NA	unphased	0.933349288022017	0.933349288022017	1
16	19083369	19083370	81	20	2	1	1	1	NA	NA	NA	unphased	0.649245252394092	0.649245252394092	1
16	21109956	21109957	62	23	2	1	1	1	NA	NA	NA	unphased	0.887174541947927	0.887174541947927	1
16	21663923	21663924	81	32	2	1	1	1	NA	NA	NA	unphased	0.928478166255622	0.928478166255622	1
16	25143743	25143744	41	16	2	1	1	1	NA	NA	NA	unphased	0.92033362093759	0.92033362093759	1
16	25251105	25251106	21	9	2	1	1	1	NA	NA	NA	unphased	0.983606557377049	0.983606557377049	1
16	27509023	27509024	34	8	2	1	1	1	NA	NA	NA	unphased	0.624512099921936	0.624512099921936	1
16	27549550	27549551	81	30	2	1	1	1	NA	NA	NA	unphased	0.886132033673017	0.886132033673017	1
16	27732963	27732964	44	14	2	1	1	1	NA	NA	NA	unphased	0.791407574901074	0.791407574901074	1
16	28518120	28518121	42	18	2	1	1	1	NA	NA	NA	unphased	0.983606557377049	0.983606557377049	1
16	28857229	28857230	46	18	2	1	1	1	NA	NA	NA	unphased	0.922131147540984	0.922131147540984	1
16	28857417	28857418	32	14	2	1	1	1	NA	NA	NA	unphased	0.997861724875267	0.997861724875267	1
16	28883301	28883302	32	19	2	1	1	1	NA	NA	NA	unphased	1.22147219543555	1.22147219543555	1
16	28913327	28913328	48	17	2	1	1	1	NA	NA	NA	unphased	0.85750315258512	0.85750315258512	1
16	29827970	29827971	17	4	2	1	1	1	NA	NA	NA	unphased	0.624512099921936	0.624512099921936	1
16	30621282	30621283	12	5	2	1	1	1	NA	NA	NA	unphased	0.964320154291225	0.964320154291225	1
16	30621284	30621285	11	4	2	1	1	1	NA	NA	NA	unphased	0.87431693989071	0.87431693989071	1
16	30990547	30990548	8	7	2	1	1	1	NA	NA	NA	unphased	1.53005464480874	1.53005464480874	1
16	31382491	31382492	58	21	2	1	1	1	NA	NA	NA	unphased	0.871550114131562	0.871550114131562	1
16	32266272	32266273	12	5	2	1	1	1	NA	NA	NA	unphased	0.964320154291225	0.964320154291225	1
16	32893902	32893903	169	42	2	1	1	1	NA	NA	NA	unphased	0.65262994328335	0.65262994328335	1
16	47581456	47581457	26	11	2	1	1	1	NA	NA	NA	unphased	0.974745237040319	0.974745237040319	1
16	49669912	49669913	21	24	2	1	1	1	NA	NA	NA	unphased	1.74863387978142	1.74863387978142	1
16	57060668	57060669	28	53	2	2	0	1	NA	NA	NA	unphased	2.14531471362072	1.07265735681036	2
16	57503204	57503205	57	13	2	2	0	1	NA	NA	NA	unphased	0.608899297423888	0.608899297423888	1
16	67337218	67337219	33	20	4	4	0	1	NA	NA	NA	unphased	1.99195793380761	0.995978966903804	2
16	67576304	67576305	521	126	4	4	0	1	NA	NA	NA	unphased	1.02799807434059	1.02799807434059	1
16	67576769	67576770	499	90	4	4	0	1	NA	NA	NA	unphased	0.806590776253166	0.806590776253166	1
16	71209579	71209580	29	71	2	2	0	1	NA	NA	NA	unphased	2.32786885245902	1.16393442622951	2
16	71423872	71423873	6	18	2	2	0	1	NA	NA	NA	unphased	2.45901639344262	1.22950819672131	2
16	72166848	72166849	34	70	2	2	0	1	NA	NA	NA	unphased	2.20680958385876	1.10340479192938	2
16	76481963	76481964	46	5	2	2	0	1	NA	NA	NA	unphased	0.321440051430408	0.321440051430408	1
16	84691177	84691178	24	29	2	2	0	1	NA	NA	NA	unphased	1.79399938137952	0.896999690689762	2
16	89940101	89940102	27	18	NA	NA	NA	NA	NA	NA	NA	unphased	NA	NA	1
17	1028540	1028541	65	62	4	4	0	1	NA	NA	NA	unphased	2.57699754743772	0.858999182479239	3
17	3539417	3539418	4	34	4	4	0	1	NA	NA	NA	unphased	4.72303710094909	1.18075927523727	4
17	3992154	3992155	19	37	4	4	0	1	NA	NA	NA	unphased	3.48770491803279	0.871926229508197	4
17	5072102	5072103	38	158	4	4	0	1	NA	NA	NA	unphased	4.25526932084309	1.06381733021077	4
17	5998515	5998516	32	94	4	4	0	1	NA	NA	NA	unphased	3.93806921675774	0.984517304189435	4
17	6515397	6515398	48	131	4	4	0	1	NA	NA	NA	unphased	3.86317428335928	0.96579357083982	4
17	6703470	6703471	41	121	4	4	0	1	NA	NA	NA	unphased	3.94272414490994	0.985681036227484	4
17	7319153	7319154	41	70	4	4	0	1	NA	NA	NA	unphased	3.32890267316497	1.10963422438832	3
17	7577550	7577551	25	66	4	4	0	1	NA	NA	NA	unphased	3.82849936948298	0.957124842370744	4
17	7751208	7751209	8	40	4	4	0	1	NA	NA	NA	unphased	4.39890710382514	1.09972677595628	4
17	8018968	8018969	22	54	4	4	0	1	NA	NA	NA	unphased	3.75064710957722	0.937661777394305	4
17	9631590	9631591	28	9	4	4	0	1	NA	NA	NA	unphased	1.2840053167922	1.2840053167922	1
17	10317708	10317709	7	30	4	4	0	1	NA	NA	NA	unphased	4.28001772264067	1.07000443066017	4
17	16638039	16638040	4	9	4	4	0	1	NA	NA	NA	unphased	3.65447667087011	0.913619167717528	4
17	17053522	17053523	38	132	3.4	4	1	0.6	1	0	0.4	unphased	3.63286403085825	1.00912889746062	3.6
17	17053523	17053524	36	131	3.4	4	1	0.6	1	0	0.4	unphased	3.67010896240306	1.01947471177863	3.6
17	18387215	18387216	64	30	3.4	4	1	0.6	1	0	0.4	unphased	1.49319846529473	0.933249040809208	1.6
17	19641529	19641530	55	80	3.4	4	1	0.6	1	0	0.4	unphased	2.7725561627201	0.990198629542892	2.8
17	21319672	21319673	309	40	NA	NA	NA	NA	NA	NA	NA	unphased	NA	NA	1
17	27905752	27905753	127	96	3	2	1	1	NA	NA	NA	unphased	1.84194662941998	0.920973314709991	2
17	27994165	27994166	41	8	3	2	1	1	NA	NA	NA	unphased	0.698561391769823	0.698561391769823	1
17	27994189	27994190	37	6	3	2	1	1	NA	NA	NA	unphased	0.597026305756767	0.597026305756767	1
17	29095933	29095934	28	21	1.21	2	2	0.07	0	1	0.93	unphased	1.06658079625293	1.06658079625293	1
17	31318968	31318969	22	16	1.21	2	2	0.07	0	1	0.93	unphased	1.04786885245902	1.04786885245902	1
17	32647388	32647389	23	16	1.21	2	2	0.07	0	1	0.93	unphased	1.02100042034468	1.02100042034468	1
17	32964837	32964838	80	26	3	2	1	1	NA	NA	NA	unphased	1.04948963810702	1.04948963810702	1
17	33849572	33849573	27	20	3	2	1	1	NA	NA	NA	unphased	1.8207185211022	0.910359260551099	2
17	33951558	33951559	37	44	3	2	1	1	NA	NA	NA	unphased	2.32422586520947	1.16211293260474	2
17	34431941	34431942	35	10	3	2	1	1	NA	NA	NA	unphased	0.950819672131148	0.950819672131148	1
17	37107920	37107921	44	21	3	2	1	1	NA	NA	NA	unphased	1.38234552332913	1.38234552332913	1
17	38062137	38062138	123	83	3	2	1	1	NA	NA	NA	unphased	1.72393760942225	0.861968804711125	2
17	38711509	38711510	24	8	3	2	1	1	NA	NA	NA	unphased	1.06967213114754	1.06967213114754	1
17	39041260	39041261	61	62	3	2	1	1	NA	NA	NA	unphased	2.15673730507797	1.07836865253898	2
17	39333841	39333842	14	4	3	2	1	1	NA	NA	NA	unphased	0.950819672131148	0.950819672131148	1
17	39521218	39521219	58	13	3	2	1	1	NA	NA	NA	unphased	0.783421842530594	0.783421842530594	1
17	41832893	41832894	28	14	3	2	1	1	NA	NA	NA	unphased	1.42622950819672	1.42622950819672	1
17	41832894	41832895	26	14	3	2	1	1	NA	NA	NA	unphased	1.49754098360656	1.49754098360656	1
17	41847040	41847041	49	20	3	2	1	1	NA	NA	NA	unphased	1.24019957234498	1.24019957234498	1
17	42249612	42249613	47	44	3	2	1	1	NA	NA	NA	unphased	2.06881642947217	1.03440821473608	2
17	43037483	43037484	37	11	3	2	1	1	NA	NA	NA	unphased	0.980532786885246	0.980532786885246	1
17	43045020	43045021	52	20	3	2	1	1	NA	NA	NA	unphased	1.18852459016393	1.18852459016393	1
17	45734380	45734381	37	6	3	2	1	1	NA	NA	NA	unphased	0.597026305756767	0.597026305756767	1
17	56232888	56232889	68	12	3	2	1	1	NA	NA	NA	unphased	0.641803278688525	0.641803278688525	1
17	56385938	56385939	79	18	3	2	1	1	NA	NA	NA	unphased	0.793983437552814	0.793983437552814	1
17	58227361	58227362	18	11	3	2	1	1	NA	NA	NA	unphased	1.62295081967213	1.62295081967213	1
17	61466857	61466858	7	10	3	2	1	1	NA	NA	NA	unphased	2.5168756027001	1.25843780135005	2
17	61877961	61877962	66	55	3	2	1	1	NA	NA	NA	unphased	1.94485842026826	0.972429210134128	2
17	65529065	65529066	14	3	3	2	1	1	NA	NA	NA	unphased	0.755062680810029	0.755062680810029	1
17	66397554	66397555	90	13	3	2	1	1	NA	NA	NA	unphased	0.540028648734681	0.540028648734681	1
17	66928586	66928587	47	31	3	2	1	1	NA	NA	NA	unphased	1.70050441361917	0.850252206809584	2
17	67305459	67305460	27	28	3	2	1	1	NA	NA	NA	unphased	2.17824143070045	1.08912071535022	2
17	68128382	68128383	35	45	3	2	1	1	NA	NA	NA	unphased	2.40676229508197	1.20338114754098	2
17	72926572	72926573	99	104	3	2	1	1	NA	NA	NA	unphased	2.192037470726	1.096018735363	2
17	73539530	73539531	97	24	3	2	1	1	NA	NA	NA	unphased	0.848665492480694	0.848665492480694	1
17	74387491	74387492	82	21	3	2	1	1	NA	NA	NA	unphased	0.872353971032946	0.872353971032946	1
17	79881066	79881067	27	8	3	2	1	1	NA	NA	NA	unphased	0.977985948477752	0.977985948477752	1
17	79881067	79881068	26	8	3	2	1	1	NA	NA	NA	unphased	1.00675024108004	1.00675024108004	1
17	80726365	80726366	160	117	3	2	1	1	NA	NA	NA	unphased	1.80724388944783	0.903621944723916	2
18	8819053	8819054	23	43	2	2	0	1	NA	NA	NA	unphased	2.13611525086935	1.06805762543467	2
18	22806051	22806052	13	25	2	2	0	1	NA	NA	NA	unphased	2.15703192407248	1.07851596203624	2
18	23731870	23731871	14	20	2	2	0	1	NA	NA	NA	unphased	1.92864030858245	0.964320154291225	2
18	29110997	29110998	15	19	2	2	0	1	NA	NA	NA	unphased	1.83220829315333	0.916104146576664	2
18	50994281	50994282	18	42	2	2	0	1	NA	NA	NA	unphased	2.29508196721311	1.14754098360656	2
18	51013246	51013247	50	65	2	2	0	1	NA	NA	NA	unphased	1.85317177476835	0.926585887384177	2
18	55240515	55240516	43	13	2	2	0	1	NA	NA	NA	unphased	0.76112412177986	0.76112412177986	1
18	61309118	61309119	20	41	2	2	0	1	NA	NA	NA	unphased	2.20370868046224	1.10185434023112	2
18	61326721	61326722	33	35	2	2	0	1	NA	NA	NA	unphased	1.68756027000964	0.843780135004822	2
18	70209132	70209133	13	22	2	2	0	1	NA	NA	NA	unphased	2.06088992974239	1.03044496487119	2
19	1113631	1113632	15	6	2	2	0	1	NA	NA	NA	unphased	0.936768149882904	0.936768149882904	1
19	1468917	1468918	10	4	2	2	0	1	NA	NA	NA	unphased	0.936768149882904	0.936768149882904	1
19	1470031	1470032	10	6	2	2	0	1	NA	NA	NA	unphased	1.22950819672131	1.22950819672131	1
19	1555341	1555342	27	4	2	2	0	1	NA	NA	NA	unphased	0.423056583818086	0.423056583818086	1
19	2185893	2185894	128	215	2	2	0	1	NA	NA	NA	unphased	2.05515461453902	1.02757730726951	2
19	2832340	2832341	46	74	2	2	0	1	NA	NA	NA	unphased	2.02185792349727	1.01092896174863	2
19	4704054	4704055	20	30	2	2	0	1	NA	NA	NA	unphased	1.9672131147541	0.983606557377049	2
19	5843928	5843929	47	17	2	2	0	1	NA	NA	NA	unphased	0.870901639344262	0.870901639344262	1
19	7619582	7619583	19	38	2	2	0	1	NA	NA	NA	unphased	2.18579234972678	1.09289617486339	2
19	8841554	8841555	53	83	2	2	0	1	NA	NA	NA	unphased	2.00096432015429	1.00048216007715	2
19	9000494	9000495	41	38	2	2	0	1	NA	NA	NA	unphased	1.57709068271426	0.788545341357128	2
19	9059552	9059553	57	95	2	2	0	1	NA	NA	NA	unphased	2.04918032786885	1.02459016393443	2
19	10578382	10578383	10	14	2	2	0	1	NA	NA	NA	unphased	1.91256830601093	0.956284153005465	2
19	10599898	10599899	6	14	2	2	0	1	NA	NA	NA	unphased	2.29508196721311	1.14754098360656	2
19	12760785	12760786	79	137	2	2	0	1	NA	NA	NA	unphased	2.07953855494839	1.0397692774742	2
19	14236935	14236936	43	13	2	2	0	1	NA	NA	NA	unphased	0.76112412177986	0.76112412177986	1
19	14710839	14710840	13	22	2	2	0	1	NA	NA	NA	unphased	2.06088992974239	1.03044496487119	2
19	15586643	15586644	23	26	2	2	0	1	NA	NA	NA	unphased	1.73971227835396	0.869856139176982	2
19	15586644	15586645	23	26	2	2	0	1	NA	NA	NA	unphased	1.73971227835396	0.869856139176982	2
19	19932490	19932491	22	33	2	2	0	1	NA	NA	NA	unphased	1.9672131147541	0.983606557377049	2
19	21477066	21477067	14	13	2	2	0	1	NA	NA	NA	unphased	1.578627808136	0.789313904068002	2
19	23328938	23328939	5	3	1	1	0	1	NA	NA	NA	unphased	0.854508196721312	0.854508196721312	1
19	31025764	31025765	59	76	2	2	0	1	NA	NA	NA	unphased	1.84578020643594	0.922890103217972	2
19	35823620	35823621	102	13	4	4	0	1	NA	NA	NA	unphased	0.59672131147541	0.59672131147541	1
19	36351917	36351918	7	34	4	4	0	1	NA	NA	NA	unphased	4.37744902039184	1.09436225509796	4
19	39105075	39105076	187	52	4	4	0	1	NA	NA	NA	unphased	1.14850126894849	1.14850126894849	1
19	40886803	40886804	37	133	4	4	0	1	NA	NA	NA	unphased	4.1297974927676	1.0324493731919	4
19	40886804	40886805	37	131	4	4	0	1	NA	NA	NA	unphased	4.11612021857923	1.02903005464481	4
19	43372270	43372271	288	157	4	4	0	1	NA	NA	NA	unphased	1.86236876036102	0.931184380180512	2
19	43411794	43411795	96	309	4	4	0	1	NA	NA	NA	unphased	4.0274438372799	1.00686095931998	4
19	47193861	47193862	88	7	4	4	0	1	NA	NA	NA	unphased	0.388955996548749	0.388955996548749	1
19	51363172	51363173	21	41	2	2	0	1	NA	NA	NA	unphased	2.16816499206769	1.08408249603384	2
19	51628238	51628239	18	29	2	2	0	1	NA	NA	NA	unphased	2.02302057900244	1.01151028950122	2
19	51850279	51850280	10	19	2	2	0	1	NA	NA	NA	unphased	2.14810627473149	1.07405313736574	2
19	52618237	52618238	48	45	2	2	0	1	NA	NA	NA	unphased	1.58646218931782	0.793231094658911	2
19	54745466	54745467	88	68	2	2	0	1	NA	NA	NA	unphased	1.4291719209752	0.7145859604876	2
19	54822947	54822948	33	72	2	2	0	1	NA	NA	NA	unphased	2.24824355971897	1.12412177985948	2
19	55666155	55666156	34	7	2	2	0	1	NA	NA	NA	unphased	0.559776089564174	0.559776089564174	1
19	56423257	56423258	25	42	2	2	0	1	NA	NA	NA	unphased	2.05529728407145	1.02764864203572	2
19	57088751	57088752	17	23	2	2	0	1	NA	NA	NA	unphased	1.88524590163934	0.942622950819672	2
19	57335847	57335848	35	49	2	2	0	1	NA	NA	NA	unphased	1.91256830601093	0.956284153005465	2
19	57641308	57641309	30	36	2	2	0	1	NA	NA	NA	unphased	1.78837555886736	0.894187779433681	2
19	57641309	57641310	32	37	2	2	0	1	NA	NA	NA	unphased	1.75813732478023	0.879068662390116	2
19	58018444	58018445	70	31	2	2	0	1	NA	NA	NA	unphased	1.00633014121084	1.00633014121084	1
19	58050071	58050072	22	24	2	2	0	1	NA	NA	NA	unphased	1.71062009978617	0.855310049893086	2
19	58199704	58199705	14	26	2	2	0	1	NA	NA	NA	unphased	2.13114754098361	1.0655737704918	2
19	58489747	58489748	31	45	2	2	0	1	NA	NA	NA	unphased	1.94132873166523	0.970664365832614	2
19	58596188	58596189	2	7	2	2	0	1	NA	NA	NA	unphased	2.55009107468124	1.27504553734062	2
19	59073506	59073507	5	11	NA	NA	NA	NA	NA	NA	NA	unphased	NA	NA	1
19	59073872	59073873	9	22	NA	NA	NA	NA	NA	NA	NA	unphased	NA	NA	1
2	1926791	1926792	69	37	2	1	1	1	NA	NA	NA	unphased	1.14444788122487	1.14444788122487	1
2	15701391	15701392	122	38	2	1	1	1	NA	NA	NA	unphased	0.778688524590164	0.778688524590164	1
2	20823687	20823688	23	6	2	1	1	1	NA	NA	NA	unphased	0.678349349915206	0.678349349915206	1
2	20871123	20871124	21	13	2	1	1	1	NA	NA	NA	unphased	1.25361620057859	1.25361620057859	1
2	21231902	21231903	42	12	2	1	1	1	NA	NA	NA	unphased	0.728597449908925	0.728597449908925	1
2	24522941	24522942	127	21	2	1	1	1	NA	NA	NA	unphased	0.465219317678334	0.465219317678334	1
2	27156124	27156125	56	19	2	1	1	1	NA	NA	NA	unphased	0.830601092896175	0.830601092896175	1
2	27455009	27455010	63	28	2	1	1	1	NA	NA	NA	unphased	1.00882723833544	1.00882723833544	1
2	27556628	27556629	78	29	2	1	1	1	NA	NA	NA	unphased	0.888616516010418	0.888616516010418	1
2	28814590	28814591	54	28	2	1	1	1	NA	NA	NA	unphased	1.11955217912835	1.11955217912835	1
2	29432735	29432736	43	18	2	1	1	1	NA	NA	NA	unphased	0.96748185971513	0.96748185971513	1
2	31133916	31133917	45	27	2	1	1	1	NA	NA	NA	unphased	1.22950819672131	1.22950819672131	1
2	39075408	39075409	36	11	2	1	1	1	NA	NA	NA	unphased	0.767352633414719	0.767352633414719	1
2	40387939	40387940	59	24	2	1	1	1	NA	NA	NA	unphased	0.948054513134505	0.948054513134505	1
2	50280689	50280690	56	15	2	1	1	1	NA	NA	NA	unphased	0.69268067420919	0.69268067420919	1
2	50699459	50699460	13	6	2	1	1	1	NA	NA	NA	unphased	1.03537532355479	1.03537532355479	1
2	54482212	54482213	50	16	2	1	1	1	NA	NA	NA	unphased	0.794833581718828	0.794833581718828	1
2	63101630	63101631	81	36	2	1	1	1	NA	NA	NA	unphased	1.00882723833544	1.00882723833544	1
2	74900935	74900936	114	42	2	1	1	1	NA	NA	NA	unphased	0.882723833543506	0.882723833543506	1
2	79255030	79255031	82	27	2	1	1	1	NA	NA	NA	unphased	0.812152203338848	0.812152203338848	1
2	79313596	79313597	69	30	2	1	1	1	NA	NA	NA	unphased	0.993541977148535	0.993541977148535	1
2	79363104	79363105	14	6	2	1	1	1	NA	NA	NA	unphased	0.983606557377049	0.983606557377049	1
2	80530106	80530107	34	15	2	1	1	1	NA	NA	NA	unphased	1.00368016058883	1.00368016058883	1
2	80835319	80835320	41	16	2	1	1	1	NA	NA	NA	unphased	0.92033362093759	0.92033362093759	1
2	85570767	85570768	33	9	2	1	1	1	NA	NA	NA	unphased	0.702576112412178	0.702576112412178	1
2	85578965	85578966	56	26	2	1	1	1	NA	NA	NA	unphased	1.03958416633347	1.03958416633347	1
2	86067446	86067447	44	15	2	1	1	1	NA	NA	NA	unphased	0.833564879133093	0.833564879133093	1
2	86437815	86437816	28	7	2	1	1	1	NA	NA	NA	unphased	0.655737704918033	0.655737704918033	1
2	88327753	88327754	40	25	2	1	1	1	NA	NA	NA	unphased	1.26103404791929	1.26103404791929	1
2	90121854	90121855	195	61	NA	NA	NA	NA	NA	NA	NA	unphased	NA	NA	1
2	96795627	96795628	84	37	2.74	3	1	0.58	1	0	0.42	unphased	1.22885516867633	1.22885516867633	1
2	96956499	96956500	155	36	2.74	3	1	0.58	1	0	0.42	unphased	0.757449145996052	0.757449145996052	1
2	110301794	110301795	13	20	2.74	3	1	0.58	1	0	0.42	unphased	2.43556880278192	0.944018915806945	2.58
2	114500280	114500281	44	45	2.74	3	1	0.58	1	0	0.42	unphased	2.03192116411862	0.94070424264751	2.16
2	120439432	120439433	13	21	2.74	3	1	0.58	1	0	0.42	unphased	2.48213114754098	0.962066336256195	2.58
2	124783112	124783113	6	19	2.74	3	1	0.58	1	0	0.42	unphased	3.05420327868852	1.18379972042191	2.58
2	124783183	124783184	69	6	2.74	3	1	0.58	1	0	0.42	unphased	0.321495081967213	0.554301865460712	0.58
2	128480603	128480604	22	21	2.74	3	1	0.58	1	0	0.42	unphased	1.96261532596264	0.908618206464184	2.16
2	131487481	131487482	155	27	2.74	3	1	0.58	1	0	0.42	unphased	0.596179066834804	1.02789494281863	0.58
2	131904285	131904286	142	108	2.74	3	1	0.58	1	0	0.42	unphased	1.73607344262295	1.09878065988794	1.58
2	132021758	132021759	375	30	2.74	3	1	0.58	1	0	0.42	unphased	0.297680631451123	0.297680631451123	1
2	136519470	136519471	45	11	2.74	3	1	0.58	1	0	0.42	unphased	0.789385245901639	0.789385245901639	1
2	141747100	141747101	37	12	1	1	0	0.38	1	0	0.62	unphased	0.558046169287387	0.90007446659256	0.62
2	144245001	144245002	54	71	4	3	1	1	NA	NA	NA	unphased	2.99829508196721	0.999431693989071	3
2	145161528	145161529	97	72	4	3	1	1	NA	NA	NA	unphased	2.24890872053545	1.12445436026773	2
2	145161589	145161590	79	77	4	3	1	1	NA	NA	NA	unphased	2.60550651534258	0.86850217178086	3
2	148672859	148672860	84	22	4	3	1	1	NA	NA	NA	unphased	1.09557686359418	1.09557686359418	1
2	167262795	167262796	83	103	4	3	1	1	NA	NA	NA	unphased	2.92314472060638	0.97438157353546	3
2	170019083	170019084	48	49	4	3	1	1	NA	NA	NA	unphased	2.66655399695792	0.888851332319306	3
2	170077067	170077068	26	4	4	3	1	1	NA	NA	NA	unphased	0.703825136612022	0.703825136612022	1
2	175427156	175427157	4	10	4	3	1	1	NA	NA	NA	unphased	3.77049180327869	1.2568306010929	3
2	177191570	177191571	42	39	4	3	1	1	NA	NA	NA	unphased	2.54159077109897	0.847196923699656	3
2	178483509	178483510	8	10	4	3	1	1	NA	NA	NA	unphased	2.93260473588342	0.977534911961142	3
2	179425882	179425883	95	19	4	3	1	1	NA	NA	NA	unphased	0.879781420765027	0.879781420765027	1
2	179440742	179440743	127	151	4	3	1	1	NA	NA	NA	unphased	2.86720132091048	0.955733773636828	3
2	179582914	179582915	37	42	4	3	1	1	NA	NA	NA	unphased	2.80639136750363	0.935463789167877	3
2	183050627	183050628	67	19	4	3	1	1	NA	NA	NA	unphased	1.16622188333969	1.16622188333969	1
2	188225436	188225437	28	26	4	3	1	1	NA	NA	NA	unphased	2.54159077109897	0.847196923699656	3
2	191301057	191301058	76	75	4	3	1	1	NA	NA	NA	unphased	2.62186516122028	0.873955053740093	3
2	204281785	204281786	50	61	4	3	1	1	NA	NA	NA	unphased	2.9009009009009	0.966966966966967	3
2	204599660	204599661	121	16	4	3	1	1	NA	NA	NA	unphased	0.616489170755055	0.616489170755055	1
2	207613750	207613751	26	39	4	3	1	1	NA	NA	NA	unphased	3.1672131147541	1.05573770491803	3
2	218712410	218712411	85	18	4	3	1	1	NA	NA	NA	unphased	0.922489256724495	0.922489256724495	1
2	219561778	219561779	197	235	4	3	1	1	NA	NA	NA	unphased	2.87150880388585	0.957169601295284	3
2	219895921	219895922	25	27	4	3	1	1	NA	NA	NA	unphased	2.74085750315259	0.913619167717528	3
2	220379615	220379616	94	15	4	3	1	1	NA	NA	NA	unphased	0.726425026319747	0.726425026319747	1
2	231041332	231041333	58	21	4	3	1	1	NA	NA	NA	unphased	1.40319568375182	1.40319568375182	1
2	231934802	231934803	22	27	4	3	1	1	NA	NA	NA	unphased	2.90866510538642	0.969555035128805	3
2	233546493	233546494	10	12	4	3	1	1	NA	NA	NA	unphased	2.87928464977645	0.959761549925484	3
2	234102539	234102540	111	22	4	3	1	1	NA	NA	NA	unphased	0.873166522864538	0.873166522864538	1
2	241622122	241622123	14	45	4	3	1	1	NA	NA	NA	unphased	4.02611836621284	1.34203945540428	3
2	241700234	241700235	17	21	4	3	1	1	NA	NA	NA	unphased	2.91716997411562	0.972389991371872	3
2	241818164	241818165	7	8	4	3	1	1	NA	NA	NA	unphased	2.81530054644809	0.938433515482696	3
20	2774934	2774935	46	45	1.02	2	1	0.01	0	1	0.99	unphased	1.13671410556656	1.13671410556656	1
20	3914810	3914811	77	24	1.02	2	1	0.01	0	1	0.99	unphased	0.546223015744197	0.546223015744197	1
20	4162482	4162483	84	43	1.02	2	1	0.01	0	1	0.99	unphased	0.778296114625016	0.778296114625016	1
20	4202115	4202116	46	12	1.02	2	1	0.01	0	1	0.99	unphased	0.475590729225551	0.475590729225551	1
20	7864199	7864200	31	11	1.02	2	1	0.01	0	1	0.99	unphased	0.602037470725995	0.602037470725995	1
20	13463882	13463883	171	14	1.02	2	1	0.01	0	1	0.99	unphased	0.173954807266283	0.173954807266283	1
20	20168616	20168617	89	30	1.02	2	1	0.01	0	1	0.99	unphased	0.579501308720209	0.579501308720209	1
20	23361950	23361951	64	25	1.02	2	1	0.01	0	1	0.99	unphased	0.645699023761282	0.645699023761282	1
20	25187890	25187891	65	35	1.02	2	1	0.01	0	1	0.99	unphased	0.804540983606557	0.804540983606557	1
20	30072056	30072057	9	11	1.02	2	1	0.01	0	1	0.99	unphased	1.26427868852459	1.26427868852459	1
20	30433384	30433385	28	16	1.02	2	1	0.01	0	1	0.99	unphased	0.835886736214605	0.835886736214605	1
20	30556384	30556385	12	13	1.02	2	1	0.01	0	1	0.99	unphased	1.19531803278689	1.19531803278689	1
20	34263122	34263123	24	12	1.02	2	1	0.01	0	1	0.99	unphased	0.766229508196721	0.766229508196721	1
20	37464705	37464706	14	7	1.02	2	1	0.01	0	1	0.99	unphased	0.766229508196721	0.766229508196721	1
20	37464706	37464707	14	7	1.02	2	1	0.01	0	1	0.99	unphased	0.766229508196721	0.766229508196721	1
20	39991412	39991413	54	16	1.02	2	1	0.01	0	1	0.99	unphased	0.525414519906323	0.525414519906323	1
20	44856238	44856239	17	6	1.02	2	1	0.01	0	1	0.99	unphased	0.599657875980043	0.599657875980043	1
20	47273704	47273705	19	14	1.02	2	1	0.01	0	1	0.99	unphased	0.975201192250373	0.975201192250373	1
20	49211132	49211133	101	20	1.02	2	1	0.01	0	1	0.99	unphased	0.379948516461184	0.379948516461184	1
20	50715083	50715084	48	11	1.02	2	1	0.01	0	1	0.99	unphased	0.428569046957488	0.428569046957488	1
20	57769278	57769279	34	10	1.02	2	1	0.01	0	1	0.99	unphased	0.522429210134128	0.522429210134128	1
20	60511868	60511869	41	13	1.02	2	1	0.01	0	1	0.99	unphased	0.553387978142077	0.553387978142077	1
20	60921766	60921767	69	21	1.02	2	1	0.01	0	1	0.99	unphased	0.536360655737705	0.536360655737705	1
20	61542638	61542639	55	7	1.02	2	1	0.01	0	1	0.99	unphased	0.259529349550502	0.259529349550502	1
20	62737738	62737739	32	12	NA	NA	NA	NA	NA	NA	NA	unphased	NA	NA	1
20	62839221	62839222	44	20	NA	NA	NA	NA	NA	NA	NA	unphased	NA	NA	1
21	10941906	10941907	106	32	NA	NA	NA	NA	NA	NA	NA	unphased	NA	NA	1
21	11039069	11039070	282	27	NA	NA	NA	NA	NA	NA	NA	unphased	NA	NA	1
21	27269946	27269947	92	11	2	2	0	1	NA	NA	NA	unphased	0.35015120165526	0.35015120165526	1
21	35124112	35124113	22	14	2	2	0	1	NA	NA	NA	unphased	1.27504553734062	1.27504553734062	1
21	40800329	40800330	50	12	2	2	0	1	NA	NA	NA	unphased	0.634584875727129	0.634584875727129	1
21	43767650	43767651	27	36	2	2	0	1	NA	NA	NA	unphased	1.87353629976581	0.936768149882904	2
21	46591535	46591536	14	17	2	2	0	1	NA	NA	NA	unphased	1.79799048122686	0.898995240613432	2
22	17071852	17071853	108	43	NA	NA	NA	NA	NA	NA	NA	unphased	NA	NA	1
22	18028646	18028647	68	6	1.83	1	1	0.83	1	0	0.17	unphased	0.252055826318121	0.252055826318121	1
22	19968924	19968925	8	6	1.83	1	1	0.83	1	0	0.17	unphased	1.33229508196721	1.33229508196721	1
22	21159448	21159449	43	46	1.83	1	1	0.83	1	0	0.17	unphased	1.60673788911402	1.60673788911402	1
22	25598759	25598760	30	16	1.83	1	1	0.83	1	0	0.17	unphased	1.08128296507484	1.08128296507484	1
22	31286743	31286744	25	15	2	1	1	1	NA	NA	NA	unphased	1.22950819672131	1.22950819672131	1
22	31328731	31328732	25	31	2	1	1	1	NA	NA	NA	unphased	1.81498829039813	1.81498829039813	1
22	32829733	32829734	31	6	2	1	1	1	NA	NA	NA	unphased	0.53167922020381	0.53167922020381	1
22	33673220	33673221	27	12	2	1	1	1	NA	NA	NA	unphased	1.00882723833544	1.00882723833544	1
22	35947894	35947895	41	17	2	1	1	1	NA	NA	NA	unphased	0.960994912379876	0.960994912379876	1
22	36624069	36624070	54	21	2	1	1	1	NA	NA	NA	unphased	0.918032786885246	0.918032786885246	1
22	37407051	37407052	59	22	2	1	1	1	NA	NA	NA	unphased	0.890507994333131	0.890507994333131	1
22	38327857	38327858	78	25	2	1	1	1	NA	NA	NA	unphased	0.795798185580137	0.795798185580137	1
22	39883361	39883362	118	54	2	1	1	1	NA	NA	NA	unphased	1.02935569958063	1.02935569958063	1
22	40662322	40662323	9	5	2	1	1	1	NA	NA	NA	unphased	1.17096018735363	1.17096018735363	1
22	41973200	41973201	18	6	2	1	1	1	NA	NA	NA	unphased	0.819672131147541	0.819672131147541	1
22	42793948	42793949	33	29	2	1	1	1	NA	NA	NA	unphased	1.53358011634056	1.53358011634056	1
22	43627881	43627882	27	10	2	1	1	1	NA	NA	NA	unphased	0.886132033673017	0.886132033673017	1
22	46760116	46760117	74	18	2	1	1	1	NA	NA	NA	unphased	0.641482537419815	0.641482537419815	1
22	47071403	47071404	103	22	2	1	1	1	NA	NA	NA	unphased	0.577049180327869	0.577049180327869	1
3	11389428	11389429	105	26	3	2	1	1	NA	NA	NA	unphased	0.849205356025529	0.849205356025529	1
3	12458264	12458265	33	33	3	2	1	1	NA	NA	NA	unphased	2.13934426229508	1.06967213114754	2
3	12650799	12650800	62	33	3	2	1	1	NA	NA	NA	unphased	1.4862812769629	0.74314063848145	2
3	13395160	13395161	28	37	2	2	0	1	NA	NA	NA	unphased	1.86633039092055	0.933165195460277	2
3	19322701	19322702	23	37	2	2	0	1	NA	NA	NA	unphased	2.02185792349727	1.01092896174863	2
3	24164617	24164618	32	48	2	2	0	1	NA	NA	NA	unphased	1.9672131147541	0.983606557377049	2
3	29476317	29476318	21	31	2	2	0	1	NA	NA	NA	unphased	1.95460277427491	0.977301387137453	2
3	36763035	36763036	28	34	2	2	0	1	NA	NA	NA	unphased	1.79799048122686	0.898995240613432	2
3	36763036	36763037	29	34	2	2	0	1	NA	NA	NA	unphased	1.76945094977882	0.884725474889409	2
3	38592469	38592470	41	11	2	2	0	1	NA	NA	NA	unphased	0.693568726355612	0.693568726355612	1
3	38622492	38622493	20	27	2	2	0	1	NA	NA	NA	unphased	1.88350191838158	0.941750959190792	2
3	42560739	42560740	39	8	2	2	0	1	NA	NA	NA	unphased	0.558074642483432	0.558074642483432	1
3	42754688	42754689	67	27	2	2	0	1	NA	NA	NA	unphased	0.941750959190792	0.941750959190792	1
3	46062454	46062455	4	14	2	2	0	1	NA	NA	NA	unphased	2.55009107468124	1.27504553734062	2
3	49049782	49049783	58	29	2	2	0	1	NA	NA	NA	unphased	1.09289617486339	1.09289617486339	1
3	49052792	49052793	13	6	2	2	0	1	NA	NA	NA	unphased	1.03537532355479	1.03537532355479	1
3	49055270	49055271	29	6	2	2	0	1	NA	NA	NA	unphased	0.562060889929742	0.562060889929742	1
3	49866573	49866574	54	42	2	2	0	1	NA	NA	NA	unphased	1.4344262295082	0.717213114754098	2
3	49866640	49866641	43	30	2	2	0	1	NA	NA	NA	unphased	1.34740624298226	0.67370312149113	2
3	49898175	49898176	84	24	2	2	0	1	NA	NA	NA	unphased	0.728597449908925	0.728597449908925	1
3	51274977	51274978	10	12	2	2	0	1	NA	NA	NA	unphased	1.78837555886736	0.894187779433681	2
3	57232928	57232929	181	70	2	2	0	1	NA	NA	NA	unphased	0.914375285742277	0.914375285742277	1
3	57302619	57302620	7	4	2	2	0	1	NA	NA	NA	unphased	1.19225037257824	1.19225037257824	1
3	58494710	58494711	52	9	2	2	0	1	NA	NA	NA	unphased	0.483740929857565	0.483740929857565	1
3	89259609	89259610	93	132	2	2	0	1	NA	NA	NA	unphased	1.92349726775956	0.961748633879781	2
3	89499366	89499367	11	11	2	2	0	1	NA	NA	NA	unphased	1.63934426229508	0.819672131147541	2
3	98188955	98188956	53	83	2	2	0	1	NA	NA	NA	unphased	2.00096432015429	1.00048216007715	2
3	113285294	113285295	43	58	2	2	0	1	NA	NA	NA	unphased	1.88281123194287	0.941405615971433	2
3	114070029	114070030	46	77	2	2	0	1	NA	NA	NA	unphased	2.05251232840197	1.02625616420099	2
3	115805214	115805215	9	25	2	2	0	1	NA	NA	NA	unphased	2.41080038572806	1.20540019286403	2
3	121345799	121345800	8	8	2	2	0	1	NA	NA	NA	unphased	1.63934426229508	1.63934426229508	1
3	128181700	128181701	23	38	2	2	0	1	NA	NA	NA	unphased	2.04246170384305	1.02123085192153	2
3	132075634	132075635	45	68	2	2	0	1	NA	NA	NA	unphased	1.9730161032932	0.986508051646598	2
3	140277676	140277677	21	6	2	2	0	1	NA	NA	NA	unphased	0.728597449908925	0.728597449908925	1
3	151164047	151164048	112	20	4	4	0	1	NA	NA	NA	unphased	0.79980129160457	0.79980129160457	1
3	157213275	157213276	19	6	4	4	0	1	NA	NA	NA	unphased	1.26688524590164	1.26688524590164	1
3	157817677	157817678	11	52	4	4	0	1	NA	NA	NA	unphased	4.35701275045537	1.08925318761384	4
3	160130200	160130201	4	10	4	4	0	1	NA	NA	NA	unphased	3.77049180327869	0.942622950819672	4
3	167218012	167218013	228	101	4	4	0	1	NA	NA	NA	unphased	1.62050924311127	0.810254621555633	2
3	170078332	170078333	38	99	4	4	0	1	NA	NA	NA	unphased	3.81452674404691	0.953631686011727	4
3	170110111	170110112	74	40	4	4	0	1	NA	NA	NA	unphased	1.8521714121369	0.92608570606845	2
3	171321084	171321085	10	19	4	4	0	1	NA	NA	NA	unphased	3.45845110231769	0.864612775579423	4
3	172835331	172835332	265	27	4	4	0	1	NA	NA	NA	unphased	0.488097911520323	0.488097911520323	1
3	187419848	187419849	162	122	4	4	0	1	NA	NA	NA	unphased	2.26760563380282	1.13380281690141	2
3	192516835	192516836	23	22	4	4	0	1	NA	NA	NA	unphased	2.58069216757741	0.860230722525804	3
3	193360810	193360811	23	3	4	4	0	1	NA	NA	NA	unphased	0.609079445145019	0.609079445145019	1
3	194061745	194061746	2	25	4	4	0	1	NA	NA	NA	unphased	4.88767455980571	1.22191863995143	4
3	194061746	194061747	2	25	4	4	0	1	NA	NA	NA	unphased	4.88767455980571	1.22191863995143	4
4	1018204	1018205	142	52	NA	NA	NA	NA	NA	NA	NA	unphased	NA	NA	1
4	8605877	8605878	18	10	4	2	2	1	NA	NA	NA	unphased	1.88524590163934	0.942622950819672	2
4	23830211	23830212	66	31	4	2	2	1	NA	NA	NA	unphased	1.68700354909583	0.843501774547913	2
4	41016093	41016094	80	26	4	2	2	1	NA	NA	NA	unphased	1.29477265697495	1.29477265697495	1
4	47034500	47034501	122	74	4	2	2	1	NA	NA	NA	unphased	1.99297423887588	0.996487119437939	2
4	48169818	48169819	85	27	NA	NA	NA	NA	NA	NA	NA	unphased	NA	NA	1
4	48584701	48584702	45	19	NA	NA	NA	NA	NA	NA	NA	unphased	NA	NA	1
4	62845294	62845295	96	143	2	2	0	1	NA	NA	NA	unphased	1.96172576994307	0.980862884971534	2
4	65175608	65175609	37	40	2	2	0	1	NA	NA	NA	unphased	1.70321481796892	0.851607408984458	2
4	65175609	65175610	37	39	2	2	0	1	NA	NA	NA	unphased	1.68248490077653	0.841242450388266	2
4	66197586	66197587	4	9	2	2	0	1	NA	NA	NA	unphased	2.26986128625473	1.13493064312736	2
4	73171754	73171755	72	14	2	2	0	1	NA	NA	NA	unphased	0.533739992375143	0.533739992375143	1
4	73957888	73957889	85	21	2	2	0	1	NA	NA	NA	unphased	0.649551500154655	0.649551500154655	1
4	76781939	76781940	26	13	2	2	0	1	NA	NA	NA	unphased	1.09289617486339	1.09289617486339	1
4	81967764	81967765	82	140	2	2	0	1	NA	NA	NA	unphased	2.06764141190371	1.03382070595185	2
4	85416845	85416846	43	58	2	2	0	1	NA	NA	NA	unphased	1.88281123194287	0.941405615971433	2
4	85661483	85661484	29	52	2	2	0	1	NA	NA	NA	unphased	2.10483707751467	1.05241853875734	2
4	87726462	87726463	16	11	2	2	0	1	NA	NA	NA	unphased	1.3357619914997	1.3357619914997	1
4	88732882	88732883	22	28	2	2	0	1	NA	NA	NA	unphased	1.83606557377049	0.918032786885246	2
4	90816329	90816330	25	24	2	2	0	1	NA	NA	NA	unphased	1.60588825694212	0.802944128471061	2
4	100518329	100518330	78	18	2	2	0	1	NA	NA	NA	unphased	0.614754098360656	0.614754098360656	1
4	109810879	109810880	16	19	2	2	0	1	NA	NA	NA	unphased	1.77985948477752	0.889929742388759	2
4	115997367	115997368	54	20	2	2	0	1	NA	NA	NA	unphased	0.886132033673017	0.886132033673017	1
4	125591646	125591647	52	14	2	2	0	1	NA	NA	NA	unphased	0.695479384003974	0.695479384003974	1
4	126373059	126373060	22	52	2	2	0	1	NA	NA	NA	unphased	2.30394328754985	1.15197164377492	2
4	126398440	126398441	38	63	2	2	0	1	NA	NA	NA	unphased	2.04512254504139	1.02256127252069	2
4	128722947	128722948	19	15	2	2	0	1	NA	NA	NA	unphased	1.44648023143684	1.44648023143684	1
4	134071835	134071836	75	17	2	2	0	1	NA	NA	NA	unphased	0.605844618674269	0.605844618674269	1
4	134072030	134072031	31	53	2	2	0	1	NA	NA	NA	unphased	2.06869633099141	1.03434816549571	2
4	144390296	144390297	14	14	2	2	0	1	NA	NA	NA	unphased	1.63934426229508	0.819672131147541	2
4	146463768	146463769	59	15	2	2	0	1	NA	NA	NA	unphased	0.664599025254763	0.664599025254763	1
4	162697207	162697208	4	7	2	2	0	1	NA	NA	NA	unphased	2.08643815201192	1.04321907600596	2
4	183603066	183603067	11	24	2	2	0	1	NA	NA	NA	unphased	2.24824355971897	1.12412177985948	2
4	183714955	183714956	19	23	2	2	0	1	NA	NA	NA	unphased	1.79547228727557	0.897736143637783	2
4	184606266	184606267	27	14	2	2	0	1	NA	NA	NA	unphased	1.11955217912835	1.11955217912835	1
4	190878566	190878567	12	6	NA	NA	NA	NA	NA	NA	NA	unphased	NA	NA	1
5	434631	434632	62	4	NA	NA	NA	NA	NA	NA	NA	unphased	NA	NA	1
5	477529	477530	94	15	NA	NA	NA	NA	NA	NA	NA	unphased	NA	NA	1
5	1212451	1212452	234	53	8	7	1	1	0	1	0	unphased	1.71348603415777	0.856743017078883	2
5	1219181	1219182	84	11	8	7	1	1	0	1	0	unphased	1.07437446074202	1.07437446074202	1
5	1245998	1245999	18	32	8	7	1	1	0	1	0	unphased	5.93836065573771	0.989726775956284	6
5	1422085	1422086	178	67	8	7	1	1	0	1	0	unphased	2.53743726998996	0.845812423329988	3
5	2747689	2747690	116	15	8	7	1	1	0	1	0	unphased	1.06244525090727	1.06244525090727	1
5	2749642	2749643	374	31	8	7	1	1	0	1	0	unphased	0.710220603116778	0.710220603116778	1
5	3599648	3599649	175	30	8	7	1	1	0	1	0	unphased	1.3578568572571	0.678928428628549	2
5	3599691	3599692	154	20	8	7	1	1	0	1	0	unphased	1.06651592236669	1.06651592236669	1
5	5303852	5303853	110	16	8	7	1	1	0	1	0	unphased	1.17824616185272	1.17824616185272	1
5	5457563	5457564	63	13	8	7	1	1	0	1	0	unphased	1.58714408973253	1.58714408973253	1
5	5464732	5464733	54	15	8	7	1	1	0	1	0	unphased	2.01710620099786	1.00855310049893	2
5	7773173	7773174	337	34	8	7	1	1	0	1	0	unphased	0.850338031903142	0.850338031903142	1
5	9044613	9044614	244	67	8	7	1	1	0	1	0	unphased	1.99894575931685	0.999472879658426	2
5	9054239	9054240	131	61	8	7	1	1	0	1	0	unphased	2.94791666666667	0.982638888888889	3
5	13811775	13811776	111	10	8	7	1	1	0	1	0	unphased	0.766833762362823	0.766833762362823	1
5	15928106	15928107	112	23	9	7	2	1	0	1	0	unphased	1.7511839708561	0.875591985428051	2
5	15928496	15928497	120	13	9	7	2	1	0	1	0	unphased	1.00468384074941	1.00468384074941	1
5	16091086	16091087	13	58	9	7	2	1	0	1	0	unphased	8.3966751327638	1.19952501896626	7
5	16668541	16668542	134	8	9	7	2	1	0	1	0	unphased	0.579081043638883	0.579081043638883	1
5	21752252	21752253	147	36	5.24	7	2	0.53	1	0	0.47	unphased	1.28236495565708	1.28236495565708	1
5	24509714	24509715	101	23	5.24	7	2	0.53	1	0	0.47	unphased	1.20911158117398	1.20911158117398	1
5	24535283	24535284	170	42	5.24	7	2	0.53	1	0	0.47	unphased	1.29143829260749	0.844077315429729	1.53
5	26988307	26988308	110	17	5.24	7	2	0.53	1	0	0.47	unphased	0.872580353685298	0.872580353685298	1
5	31532425	31532426	69	7	5.24	7	2	0.53	1	0	0.47	unphased	0.600405522001726	0.600405522001726	1
5	34028928	34028929	70	18	5.24	7	2	0.53	1	0	0.47	unphased	1.33336810730253	1.33336810730253	1
5	35014184	35014185	145	18	5.24	7	2	0.53	1	0	0.47	unphased	0.719855174494619	0.719855174494619	1
5	35641642	35641643	40	60	5.24	7	2	0.53	1	0	0.47	unphased	3.9112131147541	0.963352983929581	4.06
5	37048652	37048653	54	5	5.24	7	2	0.53	1	0	0.47	unphased	0.552431230897472	0.552431230897472	1
5	38352373	38352374	363	49	5.24	7	2	0.53	1	0	0.47	unphased	0.77528091675951	0.77528091675951	1
5	38512037	38512038	70	14	5.24	7	2	0.53	1	0	0.47	unphased	1.08644808743169	1.08644808743169	1
5	41061780	41061781	200	38	5.24	7	2	0.53	1	0	0.47	unphased	1.04079900812784	1.04079900812784	1
5	41313772	41313773	58	54	5.24	7	2	0.53	1	0	0.47	unphased	3.14293911007026	1.00735227886867	3.12
5	45303719	45303720	44	88	5.24	7	2	0.53	1	0	0.47	unphased	4.34579234972677	1.03966324156143	4.18
5	71740079	71740080	30	50	2	2	0	1	NA	NA	NA	unphased	2.04918032786885	1.02459016393443	2
5	75979597	75979598	10	16	2	2	0	1	NA	NA	NA	unphased	2.01765447667087	1.00882723833544	2
5	78076395	78076396	17	24	2	2	0	1	NA	NA	NA	unphased	1.91923230707717	0.959616153538585	2
5	95067821	95067822	8	14	2	2	0	1	NA	NA	NA	unphased	2.08643815201192	1.04321907600596	2
5	102490376	102490377	6	8	2	2	0	1	NA	NA	NA	unphased	1.87353629976581	0.936768149882904	2
5	112174766	112174767	18	18	2	2	0	1	NA	NA	NA	unphased	1.63934426229508	0.819672131147541	2
5	112175363	112175364	18	46	2	2	0	1	NA	NA	NA	unphased	2.35655737704918	1.17827868852459	2
5	115338574	115338575	8	9	2	2	0	1	NA	NA	NA	unphased	1.7357762777242	0.867888138862102	2
5	118788245	118788246	32	46	2	2	0	1	NA	NA	NA	unphased	1.93358554014292	0.966792770071459	2
5	130808404	130808405	10	11	2	2	0	1	NA	NA	NA	unphased	1.71740827478532	0.858704137392662	2
5	135283101	135283102	20	24	2	2	0	1	NA	NA	NA	unphased	1.78837555886736	0.894187779433681	2
5	136324288	136324289	20	40	2	2	0	1	NA	NA	NA	unphased	2.18579234972678	1.09289617486339	2
5	137497801	137497802	28	44	2	2	0	1	NA	NA	NA	unphased	2.00364298724954	1.00182149362477	2
5	140167447	140167448	57	99	2	2	0	1	NA	NA	NA	unphased	2.08070617906683	1.04035308953342	2
5	140516437	140516438	90	142	2	2	0	1	NA	NA	NA	unphased	2.00678349349915	1.00339174674958	2
5	140516727	140516728	48	71	2	2	0	1	NA	NA	NA	unphased	1.95619231299077	0.978096156495385	2
5	140531634	140531635	57	80	2	2	0	1	NA	NA	NA	unphased	1.91456264209645	0.957281321048223	2
5	140589969	140589970	65	90	2	2	0	1	NA	NA	NA	unphased	1.90375462718139	0.951877313590693	2
5	140590199	140590200	73	108	2	2	0	1	NA	NA	NA	unphased	1.9563445340096	0.9781722670048	2
5	140603173	140603174	16	23	2	2	0	1	NA	NA	NA	unphased	1.93358554014292	0.966792770071459	2
5	140741278	140741279	22	52	2	2	0	1	NA	NA	NA	unphased	2.30394328754985	1.15197164377492	2
5	140793177	140793178	6	22	2	2	0	1	NA	NA	NA	unphased	2.57611241217799	1.28805620608899	2
5	145502102	145502103	30	11	2	2	0	1	NA	NA	NA	unphased	0.879648140743703	0.879648140743703	1
5	146780283	146780284	29	51	2	2	0	1	NA	NA	NA	unphased	2.09016393442623	1.04508196721311	2
5	146781121	146781122	11	14	2	2	0	1	NA	NA	NA	unphased	1.83606557377049	0.918032786885246	2
5	149206253	149206254	39	47	2	2	0	1	NA	NA	NA	unphased	1.79184140297369	0.895920701486847	2
5	150947982	150947983	51	62	2	2	0	1	NA	NA	NA	unphased	1.79892644712027	0.899463223560133	2
5	154179524	154179525	19	22	2	2	0	1	NA	NA	NA	unphased	1.75929628148741	0.879648140743703	2
5	156907981	156907982	46	6	2	2	0	1	NA	NA	NA	unphased	0.378310214375788	0.378310214375788	1
5	158139336	158139337	18	6	2	2	0	1	NA	NA	NA	unphased	0.819672131147541	0.819672131147541	1
5	161495007	161495008	11	31	2	2	0	1	NA	NA	NA	unphased	2.4199843871975	1.20999219359875	2
5	169174458	169174459	12	11	2	2	0	1	NA	NA	NA	unphased	1.56806842480399	1.56806842480399	1
5	169685088	169685089	71	108	2	2	0	1	NA	NA	NA	unphased	1.97820313215496	0.98910156607748	2
5	173534486	173534487	31	3	2	2	0	1	NA	NA	NA	unphased	0.289296046287367	0.289296046287367	1
5	174869203	174869204	21	34	2	2	0	1	NA	NA	NA	unphased	2.02682563338301	1.01341281669151	2
5	176295566	176295567	3	6	2	2	0	1	NA	NA	NA	unphased	2.18579234972678	1.09289617486339	2
5	176370371	176370372	74	96	2	2	0	1	NA	NA	NA	unphased	1.85149469623915	0.925747348119576	2
5	176915217	176915218	27	38	2	2	0	1	NA	NA	NA	unphased	1.91677175283733	0.958385876418663	2
5	177019588	177019589	11	17	2	2	0	1	NA	NA	NA	unphased	1.99063231850117	0.995316159250585	2
5	180053195	180053196	48	67	2	2	0	1	NA	NA	NA	unphased	1.91019244476123	0.955096222380613	2
6	4052957	4052958	19	7	3	2	1	1	NA	NA	NA	unphased	1.15195460277428	1.15195460277428	1
6	6266856	6266857	55	23	3	2	1	1	NA	NA	NA	unphased	1.26166456494325	1.26166456494325	1
6	16144080	16144081	133	29	3	2	1	1	NA	NA	NA	unphased	0.765938069216758	0.765938069216758	1
6	17601329	17601330	8	9	3	2	1	1	NA	NA	NA	unphased	2.26518804243009	1.13259402121504	2
6	17633036	17633037	48	35	3	2	1	1	NA	NA	NA	unphased	1.80426624530911	0.902133122654553	2
6	20758834	20758835	13	9	3	2	1	1	NA	NA	NA	unphased	1.75037257824143	0.875186289120716	2
6	24403333	24403334	41	37	3	2	1	1	NA	NA	NA	unphased	2.0296343001261	1.01481715006305	2
6	26031996	26031997	85	29	3	2	1	1	NA	NA	NA	unphased	1.08843830888697	1.08843830888697	1
6	28540715	28540716	46	30	3	2	1	1	NA	NA	NA	unphased	1.68895599654875	0.844477998274375	2
6	29231622	29231623	128	47	3	2	1	1	NA	NA	NA	unphased	1.14913348946136	1.14913348946136	1
6	30153983	30153984	5	4	3	2	1	1	NA	NA	NA	unphased	1.9016393442623	1.9016393442623	1
6	30653694	30653695	139	43	3	2	1	1	NA	NA	NA	unphased	1.01089893712845	1.01089893712845	1
6	30691914	30691915	84	65	3	2	1	1	NA	NA	NA	unphased	1.8665419738145	0.933270986907251	2
6	32012930	32012931	90	16	3	2	1	1	NA	NA	NA	unphased	0.645839777296629	0.645839777296629	1
6	32159164	32159165	176	50	3	2	1	1	NA	NA	NA	unphased	0.946612505440302	0.946612505440302	1
6	34004360	34004361	55	18	3	2	1	1	NA	NA	NA	unphased	1.05501908825511	1.05501908825511	1
6	34214911	34214912	107	24	3	2	1	1	NA	NA	NA	unphased	0.783881867100488	0.783881867100488	1
6	35716548	35716549	38	42	3	2	1	1	NA	NA	NA	unphased	2.24631147540984	1.12315573770492	2
6	37614115	37614116	10	3	3	2	1	1	NA	NA	NA	unphased	0.987389659520807	0.987389659520807	1
6	38548068	38548069	63	18	3	2	1	1	NA	NA	NA	unphased	0.950819672131148	0.950819672131148	1
6	38746232	38746233	50	6	3	2	1	1	NA	NA	NA	unphased	0.458430913348946	0.458430913348946	1
6	42152571	42152572	65	142	NA	NA	NA	NA	NA	NA	NA	unphased	NA	NA	1
6	42236705	42236706	66	103	1	3	1	0	0	1	1	unphased	1.38878649723543	0.694393248617713	2
6	42561936	42561937	58	97	1	3	1	0	0	1	1	unphased	1.42601797990481	0.713008989952406	2
6	47763236	47763237	88	28	1	3	1	0	0	1	1	unphased	0.550028264556247	0.550028264556247	1
6	49582521	49582522	67	93	1	3	1	0	0	1	1	unphased	1.32448770491803	1.32448770491803	1
6	49754976	49754977	29	5	1	3	1	0	0	1	1	unphased	0.335101253616201	0.335101253616201	1
6	54254684	54254685	53	57	1	3	1	0	0	1	1	unphased	1.18077496274218	1.18077496274218	1
6	54792314	54792315	28	21	1	3	1	0	0	1	1	unphased	0.976580796252927	0.976580796252927	1
6	54806407	54806408	47	26	1	3	1	0	0	1	1	unphased	0.811587693689647	0.811587693689647	1
6	56535502	56535503	17	7	1	3	1	0	0	1	1	unphased	0.664617486338798	0.664617486338798	1
6	56919146	56919147	36	30	1	3	1	0	0	1	1	unphased	1.03576751117735	1.03576751117735	1
6	70859766	70859767	28	38	2	2	0	1	NA	NA	NA	unphased	1.88772975658222	0.943864878291108	2
6	73023351	73023352	18	12	1.06	2	1	0.03	0	1	0.97	unphased	0.935475409836066	0.935475409836066	1
6	75827177	75827178	62	25	1.06	2	1	0.03	0	1	0.97	unphased	0.672036932353495	0.672036932353495	1
6	88854434	88854435	63	25	1.06	2	1	0.03	0	1	0.97	unphased	0.664400149031297	0.664400149031297	1
6	90382966	90382967	51	34	1.06	2	1	0.03	0	1	0.97	unphased	0.935475409836066	0.935475409836066	1
6	96651315	96651316	58	32	1.06	2	1	0.03	0	1	0.97	unphased	0.831533697632058	0.831533697632058	1
6	102074277	102074278	185	131	1.06	2	1	0.03	0	1	0.97	unphased	0.969519609877568	0.969519609877568	1
6	102376413	102376414	30	27	1.06	2	1	0.03	0	1	0.97	unphased	1.10779982743745	1.10779982743745	1
6	106960401	106960402	5	7	1.06	2	1	0.03	0	1	0.97	unphased	1.3642349726776	1.3642349726776	1
6	112439021	112439022	48	39	1.06	2	1	0.03	0	1	0.97	unphased	1.04837761447145	1.04837761447145	1
6	116442517	116442518	71	20	1.06	2	1	0.03	0	1	0.97	unphased	0.513997477931904	0.513997477931904	1
6	116832922	116832923	133	11	1.06	2	1	0.03	0	1	0.97	unphased	0.178649817850638	0.178649817850638	1
6	129470159	129470160	73	34	1.06	2	1	0.03	0	1	0.97	unphased	0.743134671365099	0.743134671365099	1
6	129511368	129511369	44	24	1.06	2	1	0.03	0	1	0.97	unphased	0.825419479267117	0.825419479267117	1
6	130467242	130467243	45	13	1.06	2	1	0.03	0	1	0.97	unphased	0.524188807235726	0.524188807235726	1
6	136599074	136599075	143	39	1.06	2	1	0.03	0	1	0.97	unphased	0.501147540983607	0.501147540983607	1
6	136599635	136599636	297	57	1.06	2	1	0.03	0	1	0.97	unphased	0.376568491247569	0.376568491247569	1
6	137815060	137815061	100	69	1.06	2	1	0.03	0	1	0.97	unphased	0.954849160927345	0.954849160927345	1
6	152668193	152668194	14	30	2	2	0	1	NA	NA	NA	unphased	2.2354694485842	1.1177347242921	2
6	152949623	152949624	6	3	2	2	0	1	NA	NA	NA	unphased	1.09289617486339	1.09289617486339	1
6	161015065	161015066	47	65	2	2	0	1	NA	NA	NA	unphased	1.90281030444965	0.951405152224824	2
7	7476024	7476025	27	13	2	1	1	0.65	1	1	0.35	unphased	1.0655737704918	1.0655737704918	1
7	7622760	7622761	20	18	2	1	1	0.65	1	1	0.35	unphased	1.55306298533218	1.55306298533218	1
7	8791419	8791420	7	4	2	1	1	0.65	1	1	0.35	unphased	1.19225037257824	1.19225037257824	1
7	10979641	10979642	59	93	1	1	0	1	NA	NA	NA	unphased	1.39419758412424	1.39419758412424	1
7	35242261	35242262	10	8	1	1	0	1	NA	NA	NA	unphased	1.01275045537341	1.01275045537341	1
7	39379419	39379420	2	7	1	1	0	1	NA	NA	NA	unphased	1.77231329690346	1.77231329690346	1
7	42005089	42005090	42	61	1	1	0	1	NA	NA	NA	unphased	1.3495145631068	1.3495145631068	1
7	44098476	44098477	17	16	1	1	0	1	NA	NA	NA	unphased	1.10481867858917	1.10481867858917	1
7	44579552	44579553	19	15	1	1	0	1	NA	NA	NA	unphased	1.0053037608486	1.0053037608486	1
7	47342883	47342884	26	5	1	1	0	1	NA	NA	NA	unphased	0.367530407191962	0.367530407191962	1
7	55874920	55874921	27	27	1	1	0	1	NA	NA	NA	unphased	1.13934426229508	1.13934426229508	1
7	76109891	76109892	17	26	3	3	0	1	NA	NA	NA	unphased	2.58711399161266	0.862371330537552	3
7	87563825	87563826	8	12	3	3	0	1	NA	NA	NA	unphased	2.5672131147541	0.855737704918033	3
7	93536149	93536150	11	17	3	3	0	1	NA	NA	NA	unphased	2.59777517564403	0.865925058548009	3
7	94049939	94049940	5	11	3	3	0	1	NA	NA	NA	unphased	2.94159836065574	0.980532786885246	3
7	99091841	99091842	53	87	3	3	0	1	NA	NA	NA	unphased	2.65889929742389	0.886299765807963	3
7	100466257	100466258	18	31	3	3	0	1	NA	NA	NA	unphased	2.70692539310806	0.902308464369355	3
7	100679100	100679101	138	220	3	3	0	1	NA	NA	NA	unphased	2.62936166315597	0.876453887718656	3
7	123508411	123508412	39	37	3	3	0	1	NA	NA	NA	unphased	2.08304572907679	1.0415228645384	2
7	128502969	128502970	15	16	3	3	0	1	NA	NA	NA	unphased	2.20835536753041	1.1041776837652	2
7	128851575	128851576	27	48	3	3	0	1	NA	NA	NA	unphased	2.73836065573771	0.912786885245902	3
7	137028280	137028281	15	26	3	3	0	1	NA	NA	NA	unphased	2.71331467413035	0.904438224710116	3
7	142168649	142168650	62	15	3	3	0	1	NA	NA	NA	unphased	0.833510751543538	0.833510751543538	1
7	142423423	142423424	56	23	3	3	0	1	NA	NA	NA	unphased	1.24569412741233	1.24569412741233	1
7	148709024	148709025	64	22	3	3	0	1	NA	NA	NA	unphased	1.09454822722074	1.09454822722074	1
7	150754937	150754938	12	4	3	3	0	1	NA	NA	NA	unphased	1.06967213114754	1.06967213114754	1
7	151097210	151097211	10	22	3	3	0	1	NA	NA	NA	unphased	2.94159836065574	0.980532786885246	3
7	158734680	158734681	15	25	NA	NA	NA	NA	NA	NA	NA	unphased	NA	NA	1
8	3045414	3045415	16	8	1.89	1	1	0.89	1	0	0.11	unphased	1.05622950819672	1.05622950819672	1
8	3889605	3889606	28	8	1.89	1	1	0.89	1	0	0.11	unphased	0.704153005464481	0.704153005464481	1
8	10177391	10177392	20	11	2	1	1	0.87	1	1	0.13	unphased	1.16340560549974	1.16340560549974	1
8	20110568	20110569	46	29	2	1	1	0.87	1	1	0.13	unphased	1.26775956284153	1.26775956284153	1
8	22333112	22333113	45	17	2	1	1	0.87	1	1	0.13	unphased	0.898995240613432	0.898995240613432	1
8	23106756	23106757	44	18	2	1	1	0.87	1	1	0.13	unphased	0.951877313590693	0.951877313590693	1
8	27660856	27660857	24	20	2	1	1	0.87	1	1	0.13	unphased	1.4903129657228	1.4903129657228	1
8	27729353	27729354	21	14	2	1	1	0.87	1	1	0.13	unphased	1.31147540983607	1.31147540983607	1
8	27927067	27927068	45	18	2	1	1	0.87	1	1	0.13	unphased	0.936768149882904	0.936768149882904	1
8	30889685	30889686	53	26	2	1	1	0.87	1	1	0.13	unphased	1.07906204606765	1.07906204606765	1
8	30889851	30889852	101	45	2	1	1	0.87	1	1	0.13	unphased	1.01055468223669	1.01055468223669	1
8	35406951	35406952	27	18	2	1	1	0.87	1	1	0.13	unphased	1.31147540983607	1.31147540983607	1
8	35583794	35583795	25	19	2	1	1	0.87	1	1	0.13	unphased	1.41579731743666	1.41579731743666	1
8	36793177	36793178	69	55	1.02	2	1	0.01	0	1	0.99	unphased	1.01957958751983	1.01957958751983	1
8	37687389	37687390	55	10	1.02	2	1	0.01	0	1	0.99	unphased	0.353644388398487	0.353644388398487	1
8	51571161	51571162	50	8	1.02	2	1	0.01	0	1	0.99	unphased	0.317060486150367	0.317060486150367	1
8	52359672	52359673	152	20	1.02	2	1	0.01	0	1	0.99	unphased	0.267289363324438	0.267289363324438	1
8	62438642	62438643	97	31	1.02	2	1	0.01	0	1	0.99	unphased	0.55671362704918	0.55671362704918	1
8	77767420	77767421	24	19	1.02	2	1	0.01	0	1	0.99	unphased	1.01569958063286	1.01569958063286	1
8	77776582	77776583	78	25	1.02	2	1	0.01	0	1	0.99	unphased	0.557934107910234	0.557934107910234	1
8	86114435	86114436	23	4	1.02	2	1	0.01	0	1	0.99	unphased	0.340546448087432	0.340546448087432	1
8	87242215	87242216	36	15	1.02	2	1	0.01	0	1	0.99	unphased	0.676084860173578	0.676084860173578	1
8	87679303	87679304	33	33	1.02	2	1	0.01	0	1	0.99	unphased	1.14934426229508	1.14934426229508	1
8	88885554	88885555	103	61	1.02	2	1	0.01	0	1	0.99	unphased	0.855	0.855	1
8	91094960	91094961	30	32	1.02	2	1	0.01	0	1	0.99	unphased	1.18641988365944	1.18641988365944	1
8	92090776	92090777	12	4	1.02	2	1	0.01	0	1	0.99	unphased	0.574672131147541	0.574672131147541	1
8	92407413	92407414	51	15	1.02	2	1	0.01	0	1	0.99	unphased	0.522429210134128	0.522429210134128	1
8	97311994	97311995	142	50	1.02	2	1	0.01	0	1	0.99	unphased	0.598616803278689	0.598616803278689	1
8	99158832	99158833	72	28	1.02	2	1	0.01	0	1	0.99	unphased	0.643632786885246	0.643632786885246	1
8	107715303	107715304	27	7	1.02	2	1	0.01	0	1	0.99	unphased	0.473259402121504	0.473259402121504	1
8	107782448	107782449	52	9	1.02	2	1	0.01	0	1	0.99	unphased	0.339150765923139	0.339150765923139	1
8	110454384	110454385	30	20	1.1	2	1	0.05	0	1	0.95	unphased	0.951475409836066	0.951475409836066	1
8	113418790	113418791	42	19	1.1	2	1	0.05	0	1	0.95	unphased	0.740902983069068	0.740902983069068	1
8	113871458	113871459	52	13	1.1	2	1	0.05	0	1	0.95	unphased	0.475737704918033	0.475737704918033	1
8	123964311	123964312	119	37	1.06	2	1	0.03	0	1	0.97	unphased	0.554688944934847	0.554688944934847	1
8	124204146	124204147	152	97	1.06	2	1	0.03	0	1	0.97	unphased	0.911055369017052	0.911055369017052	1
8	133036858	133036859	41	4	1.12	2	1	0.06	0	1	0.94	unphased	0.213216757741348	0.213216757741348	1
8	133984883	133984884	120	37	1.12	2	1	0.06	0	1	0.94	unphased	0.565296021718701	0.565296021718701	1
8	135614720	135614721	41	40	1.12	2	1	0.06	0	1	0.94	unphased	1.18453754300749	1.18453754300749	1
8	139149420	139149421	86	37	1	2	1	0	0	1	1	unphased	0.685459149673464	0.685459149673464	1
8	143957126	143957127	56	48	2.35	2	1	0.35	1	1	0.65	unphased	1.67477931904161	1.24057727336416	1.35
8	143996489	143996490	18	14	2.35	2	1	0.35	1	1	0.65	unphased	1.5875512295082	1.17596387370978	1.35
9	893982	893983	25	39	2	2	0	1	NA	NA	NA	unphased	1.99795081967213	0.998975409836066	2
9	2717771	2717772	76	18	2	2	0	1	NA	NA	NA	unphased	0.627833972793861	0.627833972793861	1
9	6506036	6506037	18	50	2	2	0	1	NA	NA	NA	unphased	2.41080038572806	1.20540019286403	2
9	33464891	33464892	46	50	2	2	0	1	NA	NA	NA	unphased	1.70765027322404	0.853825136612022	2
9	43627843	43627844	74	103	2	2	0	1	NA	NA	NA	unphased	1.90793739001575	0.953968695007873	2
9	71094398	71094399	44	60	2	2	0	1	NA	NA	NA	unphased	1.89155107187894	0.94577553593947	2
9	71863026	71863027	30	33	2	2	0	1	NA	NA	NA	unphased	1.71740827478532	0.858704137392662	2
9	79955412	79955413	22	33	2	2	0	1	NA	NA	NA	unphased	1.9672131147541	0.983606557377049	2
9	104238674	104238675	29	51	2	2	0	1	NA	NA	NA	unphased	2.09016393442623	1.04508196721311	2
9	104432733	104432734	35	62	2	2	0	1	NA	NA	NA	unphased	2.09565658272773	1.04782829136387	2
9	104499982	104499983	4	9	2	2	0	1	NA	NA	NA	unphased	2.26986128625473	1.13493064312736	2
9	107591241	107591242	16	26	2	2	0	1	NA	NA	NA	unphased	2.02966432474629	1.01483216237315	2
9	116854136	116854137	44	8	2	2	0	1	NA	NA	NA	unphased	0.504413619167718	0.504413619167718	1
9	119625957	119625958	17	35	2	2	0	1	NA	NA	NA	unphased	2.20680958385876	1.10340479192938	2
9	125563279	125563280	57	29	2	2	0	1	NA	NA	NA	unphased	1.10560426991994	1.10560426991994	1
9	127982955	127982956	40	3	2	2	0	1	NA	NA	NA	unphased	0.228745711017918	0.228745711017918	1
9	133730334	133730335	20	44	2	2	0	1	NA	NA	NA	unphased	2.25409836065574	1.12704918032787	2
9	134351751	134351752	10	10	2	2	0	1	NA	NA	NA	unphased	1.63934426229508	0.819672131147541	2
9	137622311	137622312	24	54	2	2	0	1	NA	NA	NA	unphased	2.26986128625473	1.13493064312736	2
9	140970322	140970323	7	12	NA	NA	NA	NA	NA	NA	NA	unphased	NA	NA	1
X	302132	302133	150	60	NA	NA	NA	NA	NA	NA	NA	unphased	NA	NA	1
X	2942083	2942084	32	8	NA	NA	NA	NA	NA	NA	NA	unphased	NA	NA	1
X	2990162	2990163	105	33	NA	NA	NA	NA	NA	NA	NA	unphased	NA	NA	1
X	5821158	5821159	45	18	NA	NA	NA	NA	NA	NA	NA	unphased	NA	NA	1
X	10535353	10535354	138	18	NA	NA	NA	NA	NA	NA	NA	unphased	NA	NA	1
X	10535480	10535481	103	33	NA	NA	NA	NA	NA	NA	NA	unphased	NA	NA	1
X	10535482	10535483	104	33	NA	NA	NA	NA	NA	NA	NA	unphased	NA	NA	1
X	12734241	12734242	110	32	NA	NA	NA	NA	NA	NA	NA	unphased	NA	NA	1
X	12735852	12735853	103	50	NA	NA	NA	NA	NA	NA	NA	unphased	NA	NA	1
X	13337039	13337040	116	40	NA	NA	NA	NA	NA	NA	NA	unphased	NA	NA	1
X	13635948	13635949	56	37	NA	NA	NA	NA	NA	NA	NA	unphased	NA	NA	1
X	14550452	14550453	47	17	NA	NA	NA	NA	NA	NA	NA	unphased	NA	NA	1
X	17095414	17095415	158	59	NA	NA	NA	NA	NA	NA	NA	unphased	NA	NA	1
X	19045369	19045370	106	40	NA	NA	NA	NA	NA	NA	NA	unphased	NA	NA	1
X	19045377	19045378	97	38	NA	NA	NA	NA	NA	NA	NA	unphased	NA	NA	1
X	21875378	21875379	168	63	NA	NA	NA	NA	NA	NA	NA	unphased	NA	NA	1
X	30326397	30326398	57	30	NA	NA	NA	NA	NA	NA	NA	unphased	NA	NA	1
X	32486648	32486649	18	7	NA	NA	NA	NA	NA	NA	NA	unphased	NA	NA	1
X	34962110	34962111	38	11	NA	NA	NA	NA	NA	NA	NA	unphased	NA	NA	1
X	37893044	37893045	11	3	NA	NA	NA	NA	NA	NA	NA	unphased	NA	NA	1
X	39916425	39916426	35	20	NA	NA	NA	NA	NA	NA	NA	unphased	NA	NA	1
X	46918163	46918164	31	11	NA	NA	NA	NA	NA	NA	NA	unphased	NA	NA	1
X	47028840	47028841	23	12	NA	NA	NA	NA	NA	NA	NA	unphased	NA	NA	1
X	47045891	47045892	17	6	NA	NA	NA	NA	NA	NA	NA	unphased	NA	NA	1
X	47065666	47065667	13	4	NA	NA	NA	NA	NA	NA	NA	unphased	NA	NA	1
X	47307810	47307811	61	23	NA	NA	NA	NA	NA	NA	NA	unphased	NA	NA	1
X	47436853	47436854	10	4	NA	NA	NA	NA	NA	NA	NA	unphased	NA	NA	1
X	47518286	47518287	26	11	NA	NA	NA	NA	NA	NA	NA	unphased	NA	NA	1
X	48317989	48317990	15	4	NA	NA	NA	NA	NA	NA	NA	unphased	NA	NA	1
X	48318236	48318237	33	12	NA	NA	NA	NA	NA	NA	NA	unphased	NA	NA	1
X	48374125	48374126	57	23	NA	NA	NA	NA	NA	NA	NA	unphased	NA	NA	1
X	49034492	49034493	24	6	NA	NA	NA	NA	NA	NA	NA	unphased	NA	NA	1
X	49067054	49067055	15	10	NA	NA	NA	NA	NA	NA	NA	unphased	NA	NA	1
X	49067056	49067057	16	11	NA	NA	NA	NA	NA	NA	NA	unphased	NA	NA	1
X	49192696	49192697	84	33	NA	NA	NA	NA	NA	NA	NA	unphased	NA	NA	1
X	49958814	49958815	182	61	NA	NA	NA	NA	NA	NA	NA	unphased	NA	NA	1
X	50659076	50659077	54	21	NA	NA	NA	NA	NA	NA	NA	unphased	NA	NA	1
X	54107827	54107828	65	19	NA	NA	NA	NA	NA	NA	NA	unphased	NA	NA	1
X	54159248	54159249	22	14	NA	NA	NA	NA	NA	NA	NA	unphased	NA	NA	1
X	54838628	54838629	32	11	NA	NA	NA	NA	NA	NA	NA	unphased	NA	NA	1
X	57935120	57935121	106	43	NA	NA	NA	NA	NA	NA	NA	unphased	NA	NA	1
X	70343475	70343476	14	10	NA	NA	NA	NA	NA	NA	NA	unphased	NA	NA	1
X	74513303	74513304	66	31	NA	NA	NA	NA	NA	NA	NA	unphased	NA	NA	1
X	76907656	76907657	76	63	NA	NA	NA	NA	NA	NA	NA	unphased	NA	NA	1
X	85769352	85769353	14	7	NA	NA	NA	NA	NA	NA	NA	unphased	NA	NA	1
X	90691081	90691082	21	19	NA	NA	NA	NA	NA	NA	NA	unphased	NA	NA	1
X	92927529	92927530	53	30	NA	NA	NA	NA	NA	NA	NA	unphased	NA	NA	1
X	92928285	92928286	29	8	NA	NA	NA	NA	NA	NA	NA	unphased	NA	NA	1
X	101970907	101970908	23	24	NA	NA	NA	NA	NA	NA	NA	unphased	NA	NA	1
X	105011767	105011768	6	5	NA	NA	NA	NA	NA	NA	NA	unphased	NA	NA	1
X	110492208	110492209	52	39	NA	NA	NA	NA	NA	NA	NA	unphased	NA	NA	1
X	114251861	114251862	13	14	NA	NA	NA	NA	NA	NA	NA	unphased	NA	NA	1
X	115593005	115593006	34	37	NA	NA	NA	NA	NA	NA	NA	unphased	NA	NA	1
X	119077612	119077613	12	10	NA	NA	NA	NA	NA	NA	NA	unphased	NA	NA	1
X	127185045	127185046	76	63	NA	NA	NA	NA	NA	NA	NA	unphased	NA	NA	1
X	130410141	130410142	35	29	NA	NA	NA	NA	NA	NA	NA	unphased	NA	NA	1
X	135427806	135427807	24	23	NA	NA	NA	NA	NA	NA	NA	unphased	NA	NA	1
X	140969260	140969261	76	69	NA	NA	NA	NA	NA	NA	NA	unphased	NA	NA	1
X	145075869	145075870	27	46	NA	NA	NA	NA	NA	NA	NA	unphased	NA	NA	1
X	145109354	145109355	13	31	NA	NA	NA	NA	NA	NA	NA	unphased	NA	NA	1
X	152818491	152818492	21	38	NA	NA	NA	NA	NA	NA	NA	unphased	NA	NA	1
X	152915741	152915742	39	3	NA	NA	NA	NA	NA	NA	NA	unphased	NA	NA	1
X	153129861	153129862	71	132	NA	NA	NA	NA	NA	NA	NA	unphased	NA	NA	1
X	153363092	153363093	13	9	NA	NA	NA	NA	NA	NA	NA	unphased	NA	NA	1
X	153363093	153363094	12	9	NA	NA	NA	NA	NA	NA	NA	unphased	NA	NA	1
X	153549128	153549129	55	41	NA	NA	NA	NA	NA	NA	NA	unphased	NA	NA	1
X	154128183	154128184	27	17	NA	NA	NA	NA	NA	NA	NA	unphased	NA	NA	1
