chr	start	end	WT.count	mut.count	subclonal.CN	nMaj1	nMin1	frac1	nMaj2	nMin2	frac2	phase	mutation.copy.number	subclonal.fraction	no.chrs.bearing.mut
1	6488378	6488379	68	33	4	2	2	1	NA	NA	NA	unphased	1.98706809456456	0.993534047282279	2
1	13718411	13718412	304	21	4	2	2	1	NA	NA	NA	unphased	0.392967032967033	0.392967032967033	1
1	14108928	14108929	96	6	4	2	2	1	NA	NA	NA	unphased	0.357743097238896	0.357743097238896	1
1	24194553	24194554	24	5	4	2	2	1	NA	NA	NA	unphased	1.04855735397607	1.04855735397607	1
1	25573110	25573111	64	27	4	2	2	1	NA	NA	NA	unphased	1.80444045750168	0.902220228750841	2
1	28384527	28384528	219	24	4	2	2	1	NA	NA	NA	unphased	0.600655076845553	0.600655076845553	1
1	29069902	29069903	81	37	4	2	2	1	NA	NA	NA	unphased	1.9069526115531	0.953476305776548	2
1	32167810	32167811	39	16	4	2	2	1	NA	NA	NA	unphased	1.76920222634508	0.884601113172542	2
1	34003032	34003033	108	40	4	2	2	1	NA	NA	NA	unphased	1.64368450082736	0.821842250413679	2
1	36023764	36023765	104	16	4	2	2	1	NA	NA	NA	unphased	0.810884353741497	0.810884353741497	1
1	40363104	40363105	103	62	4	2	2	1	NA	NA	NA	unphased	2.2852195423624	1.1426097711812	2
1	45347296	45347297	184	69	4	2	2	1	NA	NA	NA	unphased	1.65862708719852	0.829313543599258	2
1	63113914	63113915	68	44	4	2	2	1	NA	NA	NA	unphased	2.38921282798834	1.19460641399417	2
1	70611553	70611554	64	9	4	2	2	1	NA	NA	NA	unphased	0.74979032708974	0.74979032708974	1
1	93306113	93306114	109	36	4	2	2	1	NA	NA	NA	unphased	1.50992258972555	0.754961294862773	2
1	94508893	94508894	65	10	4	2	2	1	NA	NA	NA	unphased	0.810884353741497	0.810884353741497	1
1	100757054	100757055	270	8	4	2	2	1	NA	NA	NA	unphased	0.175011011598884	0.175011011598884	1
1	101186145	101186146	56	22	4	2	2	1	NA	NA	NA	unphased	1.71533228676086	0.857666143380429	2
1	110172892	110172893	138	70	4	2	2	1	NA	NA	NA	unphased	2.0467032967033	1.02335164835165	2
1	115456643	115456644	43	18	4	2	2	1	NA	NA	NA	unphased	1.79458012713282	0.89729006356641	2
1	145598608	145598609	148	44	3.85	4	2	0.57	1	0	0.43	unphased	1.3593324829932	0.865816868148533	1.57
1	149901596	149901597	172	34	3.85	4	2	0.57	1	0	0.43	unphased	0.979007331087775	0.979007331087775	1
1	151040065	151040066	57	21	3.85	4	2	0.57	1	0	0.43	unphased	1.59697802197802	1.01718345348919	1.57
1	151314990	151314991	216	73	3.85	4	2	0.57	1	0	0.43	unphased	1.49830167361062	0.954332276185109	1.57
1	158225932	158225933	95	34	3.85	4	2	0.57	1	0	0.43	unphased	1.56337604809366	0.995780922352647	1.57
1	158450024	158450025	387	125	3.85	4	2	0.57	1	0	0.43	unphased	1.44815250318878	0.922390129419602	1.57
1	158596651	158596652	296	15	3.85	4	2	0.57	1	0	0.43	unphased	0.286091607060831	0.286091607060831	1
1	158815571	158815572	60	6	3.85	4	2	0.57	1	0	0.43	unphased	0.539239332096475	0.539239332096475	1
1	159019380	159019381	331	44	3.85	4	2	0.57	1	0	0.43	unphased	0.695978231292517	1.22101444086407	0.57
1	159277621	159277622	82	30	3.85	4	2	0.57	1	0	0.43	unphased	1.58883017492711	1.01199374199179	1.57
1	167097296	167097297	76	20	3.85	4	2	0.57	1	0	0.43	unphased	1.23575680272109	1.23575680272109	1
1	169697306	169697307	146	31	3.85	4	2	0.57	1	0	0.43	unphased	1.0388735155079	1.0388735155079	1
1	170695455	170695456	55	10	3.85	4	2	0.57	1	0	0.43	unphased	0.912558869701727	0.912558869701727	1
1	170934336	170934337	167	34	3.85	4	2	0.57	1	0	0.43	unphased	1.00336074728399	1.00336074728399	1
1	173472448	173472449	68	16	3.85	4	2	0.57	1	0	0.43	unphased	1.12983479105928	1.12983479105928	1
1	174979301	174979302	17	3	3.85	4	2	0.57	1	0	0.43	unphased	0.889744897959184	0.889744897959184	1
1	176853570	176853571	110	17	3.85	4	2	0.57	1	0	0.43	unphased	0.793998071669613	0.793998071669613	1
1	179660105	179660106	29	11	3.85	4	2	0.57	1	0	0.43	unphased	1.63119897959184	1.63119897959184	1
1	182787821	182787822	57	13	3.85	4	2	0.57	1	0	0.43	unphased	1.1015889212828	1.1015889212828	1
1	183616704	183616705	48	9	3.85	4	2	0.57	1	0	0.43	unphased	0.936573576799141	0.936573576799141	1
1	190424017	190424018	36	10	3.85	4	2	0.57	1	0	0.43	unphased	1.28948535936114	1.28948535936114	1
1	207925404	207925405	39	5	3.85	4	2	0.57	1	0	0.43	unphased	0.674049165120594	0.674049165120594	1
1	212538536	212538537	138	19	3.85	4	2	0.57	1	0	0.43	unphased	0.717840894319511	0.717840894319511	1
1	214830337	214830338	63	15	3.85	4	2	0.57	1	0	0.43	unphased	1.14069858712716	1.14069858712716	1
1	216371905	216371906	53	15	3.85	4	2	0.57	1	0	0.43	unphased	1.30844837935174	1.30844837935174	1
1	226125263	226125264	50	15	3.85	4	2	0.57	1	0	0.43	unphased	1.36883830455259	1.36883830455259	1
1	237057845	237057846	87	9	3.85	4	2	0.57	1	0	0.43	unphased	0.55609056122449	0.975597475832438	0.57
1	237806643	237806644	250	69	3.85	4	2	0.57	1	0	0.43	unphased	1.28301772119506	0.817208739614689	1.57
1	237947170	237947171	40	4	3.85	4	2	0.57	1	0	0.43	unphased	0.539239332096475	0.539239332096475	1
1	243305731	243305732	24	7	3.85	4	2	0.57	1	0	0.43	unphased	1.33940092165899	1.33940092165899	1
1	246922378	246922379	185	44	3.85	4	2	0.57	1	0	0.43	unphased	1.13970234381962	1.13970234381962	1
1	247068857	247068858	79	32	3.85	4	2	0.57	1	0	0.43	unphased	1.71002022430594	1.08918485624582	1.57
1	247921159	247921160	36	15	NA	NA	NA	NA	NA	NA	NA	unphased	NA	NA	1
1	248402281	248402282	195	17	NA	NA	NA	NA	NA	NA	NA	unphased	NA	NA	1
1	248616757	248616758	20	30	NA	NA	NA	NA	NA	NA	NA	unphased	NA	NA	1
1	248756475	248756476	96	19	NA	NA	NA	NA	NA	NA	NA	unphased	NA	NA	1
10	875437	875438	54	5	3	2	1	1	NA	NA	NA	unphased	0.430646835005189	0.430646835005189	1
10	3822297	3822298	34	13	3	2	1	1	NA	NA	NA	unphased	1.405557967868	1.405557967868	1
10	14987174	14987175	32	27	3	2	1	1	NA	NA	NA	unphased	2.32549290902802	1.16274645451401	2
10	16994355	16994356	115	21	3	2	1	1	NA	NA	NA	unphased	0.784663865546219	0.784663865546219	1
10	24762927	24762928	81	6	3	2	1	1	NA	NA	NA	unphased	0.35045742434905	0.35045742434905	1
10	38260676	38260677	68	17	3	2	1	1	NA	NA	NA	unphased	1.01632653061225	1.01632653061225	1
10	75391779	75391780	33	21	3	2	1	1	NA	NA	NA	unphased	1.97619047619048	0.988095238095238	2
10	81373912	81373913	53	6	3	2	1	1	NA	NA	NA	unphased	0.516776202006226	0.516776202006226	1
10	116045880	116045881	99	9	3	2	1	1	NA	NA	NA	unphased	0.423469387755102	0.423469387755102	1
10	135038375	135038376	20	3	3	2	1	1	NA	NA	NA	unphased	0.66282165039929	0.66282165039929	1
11	2929521	2929522	51	9	1.15	2	2	0.05	0	1	0.95	unphased	0.484744897959184	0.484744897959184	1
11	4825129	4825130	63	17	1.15	2	2	0.05	0	1	0.95	unphased	0.68672193877551	0.68672193877551	1
11	4967631	4967632	51	33	1.15	2	2	0.05	0	1	0.95	unphased	1.26956997084548	1.26956997084548	1
11	6913259	6913260	52	18	1.15	2	2	0.05	0	1	0.95	unphased	0.830991253644315	0.830991253644315	1
11	8704204	8704205	6	4	1.15	2	2	0.05	0	1	0.95	unphased	1.29265306122449	1.29265306122449	1
11	19970311	19970312	63	11	1.15	2	2	0.05	0	1	0.95	unphased	0.480377826806398	0.480377826806398	1
11	22646210	22646211	62	5	1.15	2	2	0.05	0	1	0.95	unphased	0.241166615900091	0.241166615900091	1
11	35453912	35453913	61	6	1.15	2	2	0.05	0	1	0.95	unphased	0.28939993908011	0.28939993908011	1
11	36103257	36103258	116	8	1.15	2	2	0.05	0	1	0.95	unphased	0.208492429229756	0.208492429229756	1
11	49597835	49597836	44	8	1.15	2	2	0.05	0	1	0.95	unphased	0.497174254317111	0.497174254317111	1
11	55594901	55594902	198	95	1.15	2	2	0.05	0	1	0.95	unphased	1.04779898307446	1.04779898307446	1
11	55703806	55703807	31	5	1.15	2	2	0.05	0	1	0.95	unphased	0.448837868480726	0.448837868480726	1
11	55904845	55904846	100	39	1.15	2	2	0.05	0	1	0.95	unphased	0.906717075319336	0.906717075319336	1
11	56043713	56043714	259	20	1.15	2	2	0.05	0	1	0.95	unphased	0.231658254699729	0.231658254699729	1
11	59620403	59620404	160	19	1.15	2	2	0.05	0	1	0.95	unphased	0.3430224603808	0.3430224603808	1
11	60714086	60714087	61	24	1.15	2	2	0.05	0	1	0.95	unphased	0.912460984393757	0.912460984393757	1
11	65273371	65273372	93	7	1.15	2	2	0.05	0	1	0.95	unphased	0.226214285714286	0.226214285714286	1
11	65273512	65273513	51	25	1.15	2	2	0.05	0	1	0.95	unphased	1.06303705692803	1.06303705692803	1
11	66391876	66391877	34	22	1.15	2	2	0.05	0	1	0.95	unphased	1.26956997084548	1.26956997084548	1
11	69458697	69458698	38	26	1.15	2	2	0.05	0	1	0.95	unphased	1.31285076530612	1.31285076530612	1
11	69458698	69458699	37	25	1.15	2	2	0.05	0	1	0.95	unphased	1.30307768268598	1.30307768268598	1
11	71701661	71701662	122	54	1.15	2	2	0.05	0	1	0.95	unphased	0.991523654916512	0.991523654916512	1
11	71727041	71727042	119	16	1.15	2	2	0.05	0	1	0.95	unphased	0.383008314436886	0.383008314436886	1
11	73075515	73075516	91	25	1.15	2	2	0.05	0	1	0.95	unphased	0.696472554539057	0.696472554539057	1
11	77388034	77388035	132	7	1.15	2	2	0.05	0	1	0.95	unphased	0.162744090441932	0.162744090441932	1
11	103908056	103908057	69	6	1.15	2	2	0.05	0	1	0.95	unphased	0.258530612244898	0.258530612244898	1
11	106558340	106558341	220	14	1.15	2	2	0.05	0	1	0.95	unphased	0.193345543345543	0.193345543345543	1
11	113675627	113675628	56	25	1.15	2	2	0.05	0	1	0.95	unphased	0.997417485512724	0.997417485512724	1
12	27128446	27128447	62	20	4	2	2	1	NA	NA	NA	unphased	1.48332503733201	0.741662518666003	2
12	29617517	29617518	49	22	4	2	2	1	NA	NA	NA	unphased	1.88444955446967	0.942224777234837	2
12	49578827	49578828	260	11	4	2	2	1	NA	NA	NA	unphased	0.246855937947135	0.246855937947135	1
12	49724413	49724414	91	9	4	2	2	1	NA	NA	NA	unphased	0.54734693877551	0.54734693877551	1
12	56708677	56708678	94	49	4	2	2	1	NA	NA	NA	unphased	2.08391608391608	1.04195804195804	2
12	76763493	76763494	80	14	4	2	2	1	NA	NA	NA	unphased	0.905775075987842	0.905775075987842	1
12	85411260	85411261	18	8	4	2	2	1	NA	NA	NA	unphased	1.8712715855573	0.93563579277865	2
12	89992964	89992965	108	30	4	2	2	1	NA	NA	NA	unphased	1.32209405501331	1.32209405501331	1
12	95927517	95927518	82	33	4	2	2	1	NA	NA	NA	unphased	1.74516415261757	0.872582076308784	2
12	100551821	100551822	36	9	4	2	2	1	NA	NA	NA	unphased	1.21632653061224	1.21632653061224	1
12	110618327	110618328	53	11	8	4	4	1	NA	NA	NA	unphased	1.7327806122449	0.866390306122449	2
12	113830940	113830941	74	39	4	2	2	1	NA	NA	NA	unphased	2.098970561676	1.049485280838	2
12	114397876	114397877	98	31	4	2	2	1	NA	NA	NA	unphased	1.46147761430153	0.730738807150767	2
12	117513111	117513112	77	35	4	2	2	1	NA	NA	NA	unphased	1.90051020408163	0.950255102040816	2
12	119909846	119909847	112	53	4	2	2	1	NA	NA	NA	unphased	1.9534941249227	0.976747062461348	2
12	133353278	133353279	78	46	NA	NA	NA	NA	NA	NA	NA	unphased	NA	NA	1
13	21265278	21265279	63	28	4	2	2	1	NA	NA	NA	unphased	1.8712715855573	0.93563579277865	2
13	26043142	26043143	81	9	4	2	2	1	NA	NA	NA	unphased	0.608163265306122	0.608163265306122	1
13	26436462	26436463	89	11	4	2	2	1	NA	NA	NA	unphased	0.668979591836735	0.668979591836735	1
13	31232309	31232310	36	13	4	2	2	1	NA	NA	NA	unphased	1.61349437734277	0.806747188671387	2
13	36379849	36379850	132	57	4	2	2	1	NA	NA	NA	unphased	1.83414318108196	0.917071590540978	2
13	43788177	43788178	79	34	4	2	2	1	NA	NA	NA	unphased	1.82987177171754	0.914935885858768	2
13	49752733	49752734	83	32	4	2	2	1	NA	NA	NA	unphased	1.69228039041704	0.846140195208518	2
13	52701618	52701619	180	30	4	2	2	1	NA	NA	NA	unphased	0.868804664723032	0.868804664723032	1
13	101910916	101910917	51	4	4	2	2	1	NA	NA	NA	unphased	0.442300556586271	0.442300556586271	1
13	114322110	114322111	11	4	4	2	2	1	NA	NA	NA	unphased	1.62176870748299	1.62176870748299	1
14	20978764	20978765	90	64	3	2	1	1	NA	NA	NA	unphased	2.11184733633713	1.05592366816857	2
14	59105172	59105173	6	6	3	2	1	1	NA	NA	NA	unphased	2.54081632653061	1.27040816326531	2
14	65399020	65399021	26	10	3	2	1	1	NA	NA	NA	unphased	1.41156462585034	1.41156462585034	1
14	70714517	70714518	36	4	3	2	1	1	NA	NA	NA	unphased	0.508163265306123	0.508163265306123	1
14	72945013	72945014	38	5	3	2	1	1	NA	NA	NA	unphased	0.590887517797817	0.590887517797817	1
14	74154041	74154042	35	17	3	2	1	1	NA	NA	NA	unphased	1.66130298273155	0.830651491365777	2
14	81610779	81610780	6	5	3	2	1	1	NA	NA	NA	unphased	2.30983302411874	1.15491651205937	2
14	104026972	104026973	87	23	3	2	1	1	NA	NA	NA	unphased	1.06252319109462	1.06252319109462	1
15	35044897	35044898	52	20	4	2	2	1	NA	NA	NA	unphased	1.68934240362812	0.844671201814059	2
15	42378514	42378515	122	8	4	2	2	1	NA	NA	NA	unphased	0.37425431711146	0.37425431711146	1
15	45270710	45270711	92	26	4	2	2	1	NA	NA	NA	unphased	1.34002075406434	1.34002075406434	1
15	48446076	48446077	23	6	4	2	2	1	NA	NA	NA	unphased	1.25826882477129	1.25826882477129	1
15	48446077	48446078	24	5	4	2	2	1	NA	NA	NA	unphased	1.04855735397607	1.04855735397607	1
15	89862317	89862318	78	28	4	2	2	1	NA	NA	NA	unphased	1.60646900269542	0.803234501347709	2
15	94858847	94858848	34	15	4	2	2	1	NA	NA	NA	unphased	1.86172428154935	0.930862140774677	2
15	101593182	101593183	43	27	4	2	2	1	NA	NA	NA	unphased	2.34577259475219	1.17288629737609	2
16	1555455	1555456	20	22	3	2	1	1	NA	NA	NA	unphased	2.66180758017493	1.33090379008746	2
16	10996624	10996625	47	25	3	2	1	1	NA	NA	NA	unphased	1.76445578231293	0.882227891156463	2
16	23847513	23847514	16	5	3	2	1	1	NA	NA	NA	unphased	1.20991253644315	1.20991253644315	1
16	24582308	24582309	50	7	3	2	1	1	NA	NA	NA	unphased	0.62406015037594	0.62406015037594	1
16	48201503	48201504	104	47	3	2	1	1	NA	NA	NA	unphased	1.58170022976078	0.790850114880389	2
16	51174299	51174300	42	4	3	2	1	1	NA	NA	NA	unphased	0.441881100266193	0.441881100266193	1
16	57765097	57765098	50	27	3	2	1	1	NA	NA	NA	unphased	1.78187119003446	0.890935595017228	2
16	61859002	61859003	64	46	3	2	1	1	NA	NA	NA	unphased	2.12504638218924	1.06252319109462	2
16	67263490	67263491	34	21	3	2	1	1	NA	NA	NA	unphased	1.94025974025974	0.97012987012987	2
16	67514998	67514999	25	9	3	2	1	1	NA	NA	NA	unphased	1.34513805522209	1.34513805522209	1
16	67515000	67515001	24	8	3	2	1	1	NA	NA	NA	unphased	1.27040816326531	1.27040816326531	1
16	68405583	68405584	57	4	3	2	1	1	NA	NA	NA	unphased	0.33322181331549	0.33322181331549	1
16	77465342	77465343	140	42	3	2	1	1	NA	NA	NA	unphased	1.17268445839874	1.17268445839874	1
16	81324005	81324006	78	41	3	2	1	1	NA	NA	NA	unphased	1.75081461155891	0.875407305779455	2
16	87866629	87866630	131	29	3	2	1	1	NA	NA	NA	unphased	0.921045918367347	0.921045918367347	1
16	89703659	89703660	42	8	NA	NA	NA	NA	NA	NA	NA	unphased	NA	NA	1
17	1552102	1552103	10	3	4	2	2	1	NA	NA	NA	unphased	1.40345368916797	1.40345368916797	1
17	1936832	1936833	73	25	4	2	2	1	NA	NA	NA	unphased	1.55143690129113	0.775718450645564	2
17	8077423	8077424	16	12	4	2	2	1	NA	NA	NA	unphased	2.6064139941691	1.30320699708455	2
17	9792771	9792772	47	26	4	2	2	1	NA	NA	NA	unphased	2.16606094492592	1.08303047246296	2
17	25976034	25976035	81	9	4	2	2	1	NA	NA	NA	unphased	0.608163265306122	0.608163265306122	1
17	27008930	27008931	34	5	4	2	2	1	NA	NA	NA	unphased	0.779696493982208	0.779696493982208	1
17	38434498	38434499	19	6	4	2	2	1	NA	NA	NA	unphased	1.45959183673469	1.45959183673469	1
17	42398803	42398804	53	21	4	2	2	1	NA	NA	NA	unphased	1.72586872586873	0.862934362934363	2
17	46629585	46629586	73	36	4	2	2	1	NA	NA	NA	unphased	2.00861261935967	1.00430630967984	2
17	49245625	49245626	117	6	4	2	2	1	NA	NA	NA	unphased	0.296665007466401	0.296665007466401	1
17	51901605	51901606	62	27	4	2	2	1	NA	NA	NA	unphased	1.84498968126576	0.922494840632882	2
17	61627971	61627972	27	15	4	2	2	1	NA	NA	NA	unphased	2.17201166180758	1.08600583090379	2
17	73125036	73125037	14	5	4	2	2	1	NA	NA	NA	unphased	1.60042964554243	1.60042964554243	1
17	73125235	73125236	9	5	4	2	2	1	NA	NA	NA	unphased	2.17201166180758	2.17201166180758	1
17	78321477	78321478	72	22	4	2	2	1	NA	NA	NA	unphased	1.42336083369518	0.71168041684759	2
18	10691236	10691237	82	48	3	2	1	1	NA	NA	NA	unphased	1.87629513343799	0.938147566718995	2
18	12695284	12695285	20	3	3	2	1	1	NA	NA	NA	unphased	0.66282165039929	0.66282165039929	1
18	21526202	21526203	75	11	3	2	1	1	NA	NA	NA	unphased	0.649976269577598	0.649976269577598	1
18	22806028	22806029	56	12	3	2	1	1	NA	NA	NA	unphased	0.896758703481393	0.896758703481393	1
18	28660164	28660165	132	26	3	2	1	1	NA	NA	NA	unphased	0.836218031516404	0.836218031516404	1
18	31323323	31323324	37	5	3	2	1	1	NA	NA	NA	unphased	0.604956268221574	0.604956268221574	1
18	40323479	40323480	114	15	3	2	1	1	NA	NA	NA	unphased	0.590887517797817	0.590887517797817	1
18	56648816	56648817	45	32	3	2	1	1	NA	NA	NA	unphased	2.11184733633713	1.05592366816857	2
18	64218486	64218487	78	21	3	2	1	1	NA	NA	NA	unphased	1.07792207792208	1.07792207792208	1
19	5651058	5651059	43	13	2	2	0	1	NA	NA	NA	unphased	0.947521865889213	0.947521865889213	1
19	10287990	10287991	33	5	2	2	0	1	NA	NA	NA	unphased	0.537056928034372	0.537056928034372	1
19	10602774	10602775	37	9	2	2	0	1	NA	NA	NA	unphased	0.798580301685892	0.798580301685892	1
19	11168982	11168983	17	14	2	2	0	1	NA	NA	NA	unphased	1.84331797235023	0.921658986175115	2
19	22574556	22574557	78	4	2	2	0	1	NA	NA	NA	unphased	0.199104031856645	0.199104031856645	1
19	43430043	43430044	266	108	1.24	2	2	0.08	0	1	0.92	unphased	0.959188038851904	0.959188038851904	1
19	44223519	44223520	48	7	1.24	2	2	0.08	0	1	0.92	unphased	0.422753246753247	0.422753246753247	1
19	44351996	44351997	107	46	1.24	2	2	0.08	0	1	0.92	unphased	0.998660797652394	0.998660797652394	1
19	45567458	45567459	10	6	1.24	2	2	0.08	0	1	0.92	unphased	1.24561224489796	1.24561224489796	1
19	46319125	46319126	17	4	1.24	2	2	0.08	0	1	0.92	unphased	0.632691933916424	0.632691933916424	1
19	46663875	46663876	88	81	2	2	0	1	NA	NA	NA	unphased	1.95628547276899	0.978142736384495	2
19	46973431	46973432	70	78	2	2	0	1	NA	NA	NA	unphased	2.15113072255929	1.07556536127965	2
19	46974055	46974056	20	7	2	2	0	1	NA	NA	NA	unphased	1.05820105820106	1.05820105820106	1
19	47492797	47492798	22	22	2	2	0	1	NA	NA	NA	unphased	2.04081632653061	1.02040816326531	2
19	48255843	48255844	26	6	2	2	0	1	NA	NA	NA	unphased	0.76530612244898	0.76530612244898	1
19	55147117	55147118	42	27	2	2	0	1	NA	NA	NA	unphased	1.59716060337178	0.798580301685892	2
2	40655728	40655729	218	11	4	2	2	1	NA	NA	NA	unphased	0.292130826129578	0.292130826129578	1
2	43519313	43519314	23	7	4	2	2	1	NA	NA	NA	unphased	1.41904761904762	1.41904761904762	1
2	70933522	70933523	80	28	4	2	2	1	NA	NA	NA	unphased	1.57671957671958	0.788359788359788	2
2	96944389	96944390	58	25	4	2	2	1	NA	NA	NA	unphased	1.83181706417507	0.915908532087534	2
2	130877668	130877669	114	34	4	2	2	1	NA	NA	NA	unphased	1.39713182570325	0.698565912851627	2
2	141081554	141081555	142	31	4	2	2	1	NA	NA	NA	unphased	1.08977232511502	1.08977232511502	1
2	160661620	160661621	51	20	4	2	2	1	NA	NA	NA	unphased	1.7131359586088	0.856567979304398	2
2	160884749	160884750	113	8	4	2	2	1	NA	NA	NA	unphased	0.402091415078428	0.402091415078428	1
2	165947524	165947525	180	79	4	2	2	1	NA	NA	NA	unphased	1.85501536521945	0.927507682609723	2
2	168096469	168096470	63	7	4	2	2	1	NA	NA	NA	unphased	0.608163265306122	0.608163265306122	1
2	176794749	176794750	81	45	4	2	2	1	NA	NA	NA	unphased	2.17201166180758	1.08600583090379	2
2	177034064	177034065	59	24	4	2	2	1	NA	NA	NA	unphased	1.75854438160807	0.879272190804033	2
2	178981065	178981066	167	30	4	2	2	1	NA	NA	NA	unphased	0.926136952242826	0.926136952242826	1
2	179579142	179579143	86	9	4	2	2	1	NA	NA	NA	unphased	0.576154672395274	0.576154672395274	1
2	183943758	183943759	36	19	4	2	2	1	NA	NA	NA	unphased	2.10092764378479	1.05046382189239	2
2	185802436	185802437	82	31	4	2	2	1	NA	NA	NA	unphased	1.66841249774246	0.83420624887123	2
2	202899456	202899457	38	28	4	2	2	1	NA	NA	NA	unphased	2.58008658008658	1.29004329004329	2
2	205969184	205969185	126	37	4	2	2	1	NA	NA	NA	unphased	1.38049330161512	0.690246650807562	2
2	206036934	206036935	80	14	4	2	2	1	NA	NA	NA	unphased	0.905775075987842	0.905775075987842	1
2	209355383	209355384	121	70	4	2	2	1	NA	NA	NA	unphased	2.22887060583396	1.11443530291698	2
2	215646022	215646023	122	44	4	2	2	1	NA	NA	NA	unphased	1.61199901647406	0.80599950823703	2
2	217234652	217234653	15	7	4	2	2	1	NA	NA	NA	unphased	1.93506493506493	0.967532467532467	2
2	220115639	220115640	69	45	4	2	2	1	NA	NA	NA	unphased	2.40064446831364	1.20032223415682	2
20	40040831	40040832	81	22	2.32	2	2	0.16	1	1	0.84	unphased	0.940154547255795	0.940154547255795	1
20	57243141	57243142	67	5	2.32	2	2	0.16	1	1	0.84	unphased	0.305668934240363	0.305668934240363	1
21	34030050	34030051	58	34	4	2	2	1	NA	NA	NA	unphased	2.24755989352263	1.12377994676131	2
21	42748998	42748999	97	43	4	2	2	1	NA	NA	NA	unphased	1.86793002915452	0.93396501457726	2
21	45978612	45978613	33	14	4	2	2	1	NA	NA	NA	unphased	1.81155015197568	0.905775075987842	2
21	46011472	46011473	83	56	4	2	2	1	NA	NA	NA	unphased	2.45015416238438	1.22507708119219	2
21	47663460	47663461	111	7	4	2	2	1	NA	NA	NA	unphased	0.360774818401937	0.360774818401937	1
22	21354219	21354220	51	6	4	2	2	1	NA	NA	NA	unphased	0.640171858216971	0.640171858216971	1
22	21800809	21800810	37	16	4	2	2	1	NA	NA	NA	unphased	1.83596457450905	0.917982287254524	2
22	21921997	21921998	13	6	4	2	2	1	NA	NA	NA	unphased	1.92051557465091	1.92051557465091	1
22	39996547	39996548	57	8	4	2	2	1	NA	NA	NA	unphased	0.74850863422292	0.74850863422292	1
22	50277564	50277565	115	21	NA	NA	NA	NA	NA	NA	NA	unphased	NA	NA	1
3	3888069	3888070	285	34	3	2	1	1	NA	NA	NA	unphased	0.541616019448532	0.541616019448532	1
3	12393097	12393098	42	23	3	2	1	1	NA	NA	NA	unphased	1.79811616954474	0.899058084772371	2
3	27152781	27152782	56	5	3	2	1	1	NA	NA	NA	unphased	0.416527266644363	0.416527266644363	1
3	27203853	27203854	46	5	3	2	1	1	NA	NA	NA	unphased	0.498199279711885	0.498199279711885	1
3	27204077	27204078	56	6	3	2	1	1	NA	NA	NA	unphased	0.491770901909151	0.491770901909151	1
3	38401861	38401862	103	41	3	2	1	1	NA	NA	NA	unphased	1.4468537414966	0.723426870748299	2
3	44701144	44701145	79	19	3	2	1	1	NA	NA	NA	unphased	0.98521449396085	0.98521449396085	1
3	48686567	48686568	15	8	3	2	1	1	NA	NA	NA	unphased	1.76752440106477	1.76752440106477	1
3	48696533	48696534	74	4	3	2	1	1	NA	NA	NA	unphased	0.260596546310832	0.260596546310832	1
3	48725788	48725789	42	29	3	2	1	1	NA	NA	NA	unphased	2.0755964357574	1.0377982178787	2
3	58508311	58508312	66	15	3	2	1	1	NA	NA	NA	unphased	0.941043083900227	0.941043083900227	1
3	59737984	59737985	84	7	3	2	1	1	NA	NA	NA	unphased	0.390894819466248	0.390894819466248	1
3	69987180	69987181	44	12	3	2	1	1	NA	NA	NA	unphased	1.08892128279883	1.08892128279883	1
3	101060618	101060619	45	4	3	2	1	1	NA	NA	NA	unphased	0.414827155351937	0.414827155351937	1
3	121230865	121230866	46	10	3	2	1	1	NA	NA	NA	unphased	0.907434402332362	0.907434402332362	1
3	124393475	124393476	11	3	3	2	1	1	NA	NA	NA	unphased	1.08892128279883	1.08892128279883	1
3	183639186	183639187	40	10	3	2	1	1	NA	NA	NA	unphased	1.01632653061225	1.01632653061225	1
3	184297341	184297342	57	5	3	2	1	1	NA	NA	NA	unphased	0.409809084924292	0.409809084924292	1
4	437397	437398	71	13	NA	NA	NA	NA	NA	NA	NA	unphased	NA	NA	1
4	6296863	6296864	65	12	3	2	1	1	NA	NA	NA	unphased	0.791942751126425	0.791942751126425	1
4	41984968	41984969	41	7	3	2	1	1	NA	NA	NA	unphased	0.741071428571429	0.741071428571429	1
4	44449817	44449818	12	3	3	2	1	1	NA	NA	NA	unphased	1.01632653061225	1.01632653061225	1
4	52928476	52928477	143	5	3	2	1	1	NA	NA	NA	unphased	0.171676778819636	0.171676778819636	1
4	62599068	62599069	55	6	1.6	2	1	0.3	1	0	0.7	unphased	0.362127801940448	1.20709267313483	0.3
4	71347019	71347020	129	21	1.6	2	1	0.3	1	0	0.7	unphased	0.515428571428571	0.515428571428571	1
4	74308074	74308075	39	23	1.6	2	1	0.3	1	0	0.7	unphased	1.36576695194207	1.36576695194207	1
4	77660855	77660856	112	16	1.6	2	1	0.3	1	0	0.7	unphased	0.460204081632653	1.53401360544218	0.3
4	101331502	101331503	128	15	1.62	2	1	0.31	1	0	0.69	unphased	0.388283145426003	1.25252627556775	0.31
4	103806448	103806449	100	23	1.62	2	1	0.31	1	0	0.69	unphased	0.692175211548034	0.692175211548034	1
4	114824399	114824400	77	18	1.62	2	1	0.31	1	0	0.69	unphased	0.701361976369495	0.701361976369495	1
4	118975515	118975516	56	9	1.62	2	1	0.31	1	0	0.69	unphased	0.512533751962323	0.512533751962323	1
4	120213798	120213799	45	10	1.62	2	1	0.31	1	0	0.69	unphased	0.673024118738405	0.673024118738405	1
4	160266331	160266332	112	101	1.62	2	1	0.31	1	0	0.69	unphased	1.75523426271917	1.33987348299173	1.31
5	31316421	31316422	38	26	3	2	1	1	NA	NA	NA	unphased	2.06441326530612	1.03220663265306	2
5	35010147	35010148	78	16	3	2	1	1	NA	NA	NA	unphased	0.86495874945723	0.86495874945723	1
5	35771818	35771819	52	17	3	2	1	1	NA	NA	NA	unphased	1.25199645075421	1.25199645075421	1
5	64747408	64747409	52	28	3	2	1	1	NA	NA	NA	unphased	1.77857142857143	0.889285714285714	2
5	74325766	74325767	235	66	3	2	1	1	NA	NA	NA	unphased	1.1142450335616	1.1142450335616	1
5	78981147	78981148	28	5	3	2	1	1	NA	NA	NA	unphased	0.769944341372913	0.769944341372913	1
5	79378925	79378926	145	42	3	2	1	1	NA	NA	NA	unphased	1.14132925897632	1.14132925897632	1
5	92929472	92929473	102	24	3	2	1	1	NA	NA	NA	unphased	0.967930029154519	0.967930029154519	1
5	133502892	133502893	54	31	3	2	1	1	NA	NA	NA	unphased	1.85330132052821	0.926650660264106	2
5	140249820	140249821	94	18	3	2	1	1	NA	NA	NA	unphased	0.816690962099126	0.816690962099126	1
5	140537597	140537598	109	15	3	2	1	1	NA	NA	NA	unphased	0.614713627386439	0.614713627386439	1
5	140719743	140719744	59	35	3	2	1	1	NA	NA	NA	unphased	1.89209726443769	0.946048632218845	2
5	149214256	149214257	86	6	3	2	1	1	NA	NA	NA	unphased	0.331410825199645	0.331410825199645	1
5	152870469	152870470	371	13	3	2	1	1	NA	NA	NA	unphased	0.17203443877551	0.17203443877551	1
5	160047785	160047786	54	24	3	2	1	1	NA	NA	NA	unphased	1.56357927786499	0.781789638932496	2
5	161580235	161580236	162	25	3	2	1	1	NA	NA	NA	unphased	0.67936265415257	0.67936265415257	1
5	167420062	167420063	74	16	3	2	1	1	NA	NA	NA	unphased	0.903401360544218	0.903401360544218	1
5	169111352	169111353	138	9	3	2	1	1	NA	NA	NA	unphased	0.311120366513953	0.311120366513953	1
5	169508966	169508967	71	20	3	2	1	1	NA	NA	NA	unphased	1.11684234133214	1.11684234133214	1
6	30672359	30672360	309	67	4	3	1	1	NA	NA	NA	unphased	1.08369518019974	1.08369518019974	1
6	31868935	31868936	34	5	4	3	1	1	NA	NA	NA	unphased	0.779696493982208	0.779696493982208	1
6	34496626	34496627	35	48	4	3	1	1	NA	NA	NA	unphased	3.51708876321613	1.17236292107204	3
6	35773659	35773660	184	38	4	3	1	1	NA	NA	NA	unphased	1.04100018385733	1.04100018385733	1
6	38747796	38747797	59	5	4	3	1	1	NA	NA	NA	unphased	0.475127551020408	0.475127551020408	1
6	41036603	41036604	68	9	4	3	1	1	NA	NA	NA	unphased	0.710840180227935	0.710840180227935	1
6	52370504	52370505	49	37	4	3	1	1	NA	NA	NA	unphased	2.61651637399146	0.872172124663819	3
6	55264022	55264023	36	7	4	3	1	1	NA	NA	NA	unphased	0.990033222591362	0.990033222591362	1
6	71248049	71248050	66	10	4	3	1	1	NA	NA	NA	unphased	0.800214822771214	0.800214822771214	1
6	90566858	90566859	11	4	4	3	1	1	NA	NA	NA	unphased	1.62176870748299	1.62176870748299	1
6	121402009	121402010	49	34	4	3	1	1	NA	NA	NA	unphased	2.49127120727809	0.830423735759364	3
6	127636020	127636021	75	10	4	3	1	1	NA	NA	NA	unphased	0.715486194477791	0.715486194477791	1
6	146264342	146264343	98	8	4	3	1	1	NA	NA	NA	unphased	0.458991143627262	0.458991143627262	1
6	146720734	146720735	55	10	4	3	1	1	NA	NA	NA	unphased	0.93563579277865	0.93563579277865	1
7	808793	808794	16	6	4.28	3	2	0.82	1	0	0.18	unphased	1.73499072356215	1.73499072356215	1
7	2946327	2946328	76	8	4.28	3	2	0.82	1	0	0.18	unphased	0.605869776482021	0.605869776482021	1
7	5540615	5540616	15	5	4.28	3	2	0.82	1	0	0.18	unphased	1.59040816326531	1.59040816326531	1
7	11068331	11068332	59	8	4.28	3	2	0.82	1	0	0.18	unphased	0.759597928723728	0.759597928723728	1
7	23830455	23830456	76	8	4.28	3	2	0.82	1	0	0.18	unphased	0.605869776482021	0.605869776482021	1
7	30963078	30963079	74	10	4.28	3	2	0.82	1	0	0.18	unphased	0.757337220602527	0.757337220602527	1
7	33427661	33427662	299	23	4.28	3	2	0.82	1	0	0.18	unphased	0.454402332361516	0.454402332361516	1
7	48033979	48033980	203	26	4.28	3	2	0.82	1	0	0.18	unphased	0.722281436592104	0.880831020234273	0.82
7	48035653	48035654	137	20	4.28	3	2	0.82	1	0	0.18	unphased	0.810399064084232	0.810399064084232	1
7	50455158	50455159	16	9	4.28	3	2	0.82	1	0	0.18	unphased	2.29018775510204	0.867495361781076	2.64
7	53103780	53103781	50	4	4.28	3	2	0.82	1	0	0.18	unphased	0.471232048374905	0.471232048374905	1
7	76058923	76058924	28	25	2	2	0	1	NA	NA	NA	unphased	1.92529842125529	0.962649210627647	2
7	88966041	88966042	167	10	3	2	1	1	NA	NA	NA	unphased	0.287097890003459	0.287097890003459	1
7	92762500	92762501	11	13	2	2	0	1	NA	NA	NA	unphased	2.2108843537415	1.10544217687075	2
7	99022693	99022694	30	23	2	2	0	1	NA	NA	NA	unphased	1.77127454755487	0.885637273777436	2
7	117431285	117431286	65	6	2	2	0	1	NA	NA	NA	unphased	0.344926703075596	0.344926703075596	1
7	136848883	136848884	39	3	2	2	0	1	NA	NA	NA	unphased	0.291545189504373	0.291545189504373	1
7	137282597	137282598	29	8	2	2	0	1	NA	NA	NA	unphased	0.882515168229454	0.882515168229454	1
7	142625815	142625816	29	4	2	2	0	1	NA	NA	NA	unphased	0.494743351886209	0.494743351886209	1
7	150817228	150817229	16	6	2	2	0	1	NA	NA	NA	unphased	1.11317254174397	1.11317254174397	1
8	1497623	1497624	93	34	4	2	2	1	NA	NA	NA	unphased	1.62815362365419	0.814076811827093	2
8	10387084	10387085	254	88	4	2	2	1	NA	NA	NA	unphased	1.56486454230815	0.782432271154076	2
8	21768238	21768239	36	18	4	2	2	1	NA	NA	NA	unphased	2.02721088435374	1.01360544217687	2
8	21768239	21768240	36	17	4	2	2	1	NA	NA	NA	unphased	1.95071236041586	0.975356180207932	2
8	22368700	22368701	105	8	4	2	2	1	NA	NA	NA	unphased	0.430558063933538	0.430558063933538	1
8	24324369	24324370	111	51	4	2	2	1	NA	NA	NA	unphased	1.9145880574452	0.9572940287226	2
8	24771377	24771378	21	4	4	2	2	1	NA	NA	NA	unphased	0.973061224489796	0.973061224489796	1
8	27598008	27598009	158	68	4	2	2	1	NA	NA	NA	unphased	1.82987177171754	0.914935885858768	2
8	30704642	30704643	83	23	4	2	2	1	NA	NA	NA	unphased	1.31959953792838	1.31959953792838	1
8	48805716	48805717	26	4	1.18	2	2	0.06	0	1	0.94	unphased	0.434884353741497	0.434884353741497	1
8	52321921	52321922	10	5	1.18	2	2	0.06	0	1	0.94	unphased	1.08721088435374	1.08721088435374	1
8	59512530	59512531	73	9	1.18	2	2	0.06	0	1	0.94	unphased	0.357984071677451	0.357984071677451	1
8	88886264	88886265	7	7	1.18	2	2	0.06	0	1	0.94	unphased	1.63081632653061	1.63081632653061	1
8	92378835	92378836	53	13	1.18	2	2	0.06	0	1	0.94	unphased	0.642442795299938	0.642442795299938	1
8	113316973	113316974	70	5	1.18	2	2	0.06	0	1	0.94	unphased	0.217442176870748	0.217442176870748	1
8	116599828	116599829	106	39	1.18	2	2	0.06	0	1	0.94	unphased	0.877266713581984	0.877266713581984	1
8	136554915	136554916	114	10	1.18	2	2	0.06	0	1	0.94	unphased	0.263034891375905	0.263034891375905	1
9	17409350	17409351	68	56	2	2	0	1	NA	NA	NA	unphased	1.84331797235023	0.921658986175115	2
9	33264327	33264328	16	27	2	2	0	1	NA	NA	NA	unphased	2.56288561936402	1.28144280968201	2
9	84532860	84532861	15	7	1	2	1	0	0	1	1	unphased	0.980519480519481	0.980519480519481	1
9	98242858	98242859	48	8	1	2	1	0	0	1	1	unphased	0.440233236151604	0.440233236151604	1
9	98774544	98774545	19	3	1	2	1	0	0	1	1	unphased	0.420222634508349	0.420222634508349	1
9	105767259	105767260	59	6	1	2	1	0	0	1	1	unphased	0.284458398744113	0.284458398744113	1
9	118949433	118949434	63	10	1	2	1	0	0	1	1	unphased	0.422141459323455	0.422141459323455	1
9	120476245	120476246	28	12	1	2	1	0	0	1	1	unphased	0.924489795918367	0.924489795918367	1
9	120476747	120476748	61	7	1	2	1	0	0	1	1	unphased	0.317226890756303	0.317226890756303	1
9	125551303	125551304	59	26	1	2	1	0	0	1	1	unphased	0.942617046818728	0.942617046818728	1
9	130551616	130551617	28	6	1	2	1	0	0	1	1	unphased	0.543817527010804	0.543817527010804	1
9	139265113	139265114	42	5	1	2	1	0	0	1	1	unphased	0.32783326096396	0.32783326096396	1
X	5821682	5821683	20	40	NA	NA	NA	NA	NA	NA	NA	unphased	NA	NA	1
X	30739035	30739036	8	13	NA	NA	NA	NA	NA	NA	NA	unphased	NA	NA	1
X	50053788	50053789	28	18	NA	NA	NA	NA	NA	NA	NA	unphased	NA	NA	1
X	53223698	53223699	5	5	NA	NA	NA	NA	NA	NA	NA	unphased	NA	NA	1
X	54949380	54949381	13	18	NA	NA	NA	NA	NA	NA	NA	unphased	NA	NA	1
X	66863121	66863122	71	13	NA	NA	NA	NA	NA	NA	NA	unphased	NA	NA	1
X	107840674	107840675	55	17	NA	NA	NA	NA	NA	NA	NA	unphased	NA	NA	1
X	132351955	132351956	36	71	NA	NA	NA	NA	NA	NA	NA	unphased	NA	NA	1
X	133087111	133087112	115	23	NA	NA	NA	NA	NA	NA	NA	unphased	NA	NA	1
X	135758847	135758848	33	11	NA	NA	NA	NA	NA	NA	NA	unphased	NA	NA	1
X	138857034	138857035	61	10	NA	NA	NA	NA	NA	NA	NA	unphased	NA	NA	1
X	150911914	150911915	110	19	NA	NA	NA	NA	NA	NA	NA	unphased	NA	NA	1
