chr	start	end	WT.count	mut.count	subclonal.CN	nMaj1	nMin1	frac1	nMaj2	nMin2	frac2	phase	mutation.copy.number	subclonal.fraction	no.chrs.bearing.mut
1	11595165	11595166	23	3	1.34	2	1	0.17	1	0	0.83	unphased	0.531133603238866	0.531133603238866	1
1	12069781	12069782	36	4	1.34	2	1	0.17	1	0	0.83	unphased	0.460315789473684	0.460315789473684	1
1	13940880	13940881	115	24	1.34	2	1	0.17	1	0	0.83	unphased	0.794789852328664	0.794789852328664	1
1	22173971	22173972	144	47	1.08	2	1	0.04	0	1	0.96	unphased	1.06873518875723	1.06873518875723	1
1	47406938	47406939	85	17	1.08	2	1	0.04	0	1	0.96	unphased	0.723859649122807	0.723859649122807	1
1	67263710	67263711	65	10	1.08	2	1	0.04	0	1	0.96	unphased	0.579087719298246	0.579087719298246	1
1	117910818	117910819	95	13	1.08	2	1	0.04	0	1	0.96	unphased	0.522787524366472	0.522787524366472	1
1	150312942	150312943	107	4	3.28	5	2	0.38	1	0	0.62	unphased	0.235789473684211	0.620498614958449	0.38
1	153520100	153520101	69	6	3.28	5	2	0.38	1	0	0.62	unphased	0.523452631578947	0.523452631578947	1
1	158627400	158627401	218	67	2.12	3	2	0.28	1	0	0.72	unphased	1.26551431209603	0.988683056325023	1.28
1	207196807	207196808	53	16	2.08	3	2	0.27	1	0	0.73	unphased	1.23899313501144	1.23899313501144	1
1	233296063	233296064	57	6	1.04	2	1	0.02	0	1	0.98	unphased	0.409824561403509	0.409824561403509	1
1	237791370	237791371	45	24	2.16	3	2	0.29	1	0	0.71	unphased	1.88631578947368	0.823718685359687	2.29
1	247752443	247752444	110	35	3	2	1	1	NA	NA	NA	unphased	1.51179673321234	0.75589836660617	2
1	247921554	247921555	56	3	NA	NA	NA	NA	NA	NA	NA	unphased	NA	NA	1
10	69684944	69684945	23	11	3	3	0	1	NA	NA	NA	unphased	2.02631578947368	1.01315789473684	2
10	99330147	99330148	24	4	1	1	0	1	NA	NA	NA	unphased	0.609022556390977	0.609022556390977	1
10	128193346	128193347	58	9	3	2	1	1	NA	NA	NA	unphased	0.841319717203456	0.841319717203456	1
12	54797512	54797513	82	15	1.04	2	1	0.02	0	1	0.98	unphased	0.665436787845903	0.665436787845903	1
12	81688715	81688716	35	5	1.04	2	1	0.02	0	1	0.98	unphased	0.537894736842105	0.537894736842105	1
12	117685287	117685288	62	11	1.04	2	1	0.02	0	1	0.98	unphased	0.648421052631579	0.648421052631579	1
14	59113479	59113480	43	53	1.21	4	0	0.07	0	1	0.93	unphased	2.46955592105263	1.15399809394983	2.14
15	51791716	51791717	114	8	2	2	0	1	NA	NA	NA	unphased	0.345125107851596	0.345125107851596	1
15	52356643	52356644	14	11	2	2	0	1	NA	NA	NA	unphased	2.31578947368421	1.15789473684211	2
16	55719073	55719074	43	4	1.36	2	1	0.18	1	0	0.82	unphased	0.393460246360582	0.393460246360582	1
16	69693760	69693761	121	17	1.36	2	1	0.18	1	0	0.82	unphased	0.569519450800915	0.569519450800915	1
16	72132852	72132853	33	5	1.36	2	1	0.18	1	0	0.82	unphased	0.608310249307479	0.608310249307479	1
17	7578262	7578263	36	22	2	2	0	1	NA	NA	NA	unphased	1.99637023593466	0.998185117967332	2
17	26951366	26951367	68	23	4	2	2	1	NA	NA	NA	unphased	1.83574320416426	0.917871602082128	2
17	35830540	35830541	162	29	6	4	2	1	NA	NA	NA	unphased	1.40644805731607	0.703224028658033	2
17	37565807	37565808	227	52	6	4	2	1	NA	NA	NA	unphased	1.7264667043954	0.863233352197699	2
17	40855781	40855782	105	11	4	2	2	1	NA	NA	NA	unphased	0.688747731397459	0.688747731397459	1
17	71027794	71027795	37	27	4	2	2	1	NA	NA	NA	unphased	3.06414473684211	1.53207236842105	2
19	15795667	15795668	85	4	2	2	0	1	NA	NA	NA	unphased	0.236546422235364	0.236546422235364	1
19	45262693	45262694	353	25	2	2	0	1	NA	NA	NA	unphased	0.348092453355611	0.348092453355611	1
19	52496694	52496695	99	12	2	2	0	1	NA	NA	NA	unphased	0.568990042674253	0.568990042674253	1
19	53014945	53014946	72	5	2	2	0	1	NA	NA	NA	unphased	0.341763499658236	0.341763499658236	1
19	55814113	55814114	56	4	2	2	0	1	NA	NA	NA	unphased	0.350877192982456	0.350877192982456	1
2	27587223	27587224	14	6	3	2	1	1	NA	NA	NA	unphased	1.87894736842105	1.87894736842105	1
2	73676582	73676583	117	16	3	2	1	1	NA	NA	NA	unphased	0.753462603878116	0.753462603878116	1
2	112777074	112777075	56	44	2	2	0	1	NA	NA	NA	unphased	2.31578947368421	1.15789473684211	2
2	152363472	152363473	41	26	2	2	0	1	NA	NA	NA	unphased	2.04241948153967	1.02120974076984	2
20	40049522	40049523	95	4	4	2	2	1	NA	NA	NA	unphased	0.293460925039872	0.293460925039872	1
21	15326402	15326403	121	7	NA	NA	NA	NA	NA	NA	NA	unphased	NA	NA	1
21	37633009	37633010	179	76	4.56	3	3	0.64	1	1	0.36	unphased	2.33160784313725	1.02263501891985	2.28
21	43239970	43239971	39	23	4.56	3	3	0.64	1	1	0.36	unphased	2.90213921901528	1.09929515871791	2.64
3	38908864	38908865	48	19	2	2	0	1	NA	NA	NA	unphased	1.49253731343284	0.746268656716418	2
3	58148833	58148834	33	4	2	2	0	1	NA	NA	NA	unphased	0.568990042674253	0.568990042674253	1
3	93617330	93617331	71	29	2.22	2	2	0.11	1	1	0.89	unphased	1.59011578947368	1.43253674727359	1.11
3	111766637	111766638	99	13	1.3	4	2	0.06	0	1	0.94	unphased	0.529652255639098	0.529652255639098	1
3	113115416	113115417	120	8	1.3	4	2	0.06	0	1	0.94	unphased	0.285197368421053	0.285197368421053	1
3	122145775	122145776	12	4	1.3	4	2	0.06	0	1	0.94	unphased	1.14078947368421	1.14078947368421	1
3	126138958	126138959	31	3	1.3	4	2	0.06	0	1	0.94	unphased	0.402631578947368	0.402631578947368	1
3	167277996	167277997	51	13	2.6	4	2	0.15	1	1	0.85	unphased	1.19095394736842	1.19095394736842	1
3	171394538	171394539	75	56	2.6	4	2	0.15	1	1	0.85	unphased	2.50638810767376	1.08973395985816	2.3
3	178917493	178917494	74	39	2.6	4	2	0.15	1	1	0.85	unphased	2.02356776897997	0.941194311153475	2.15
3	178917494	178917495	76	38	2.6	4	2	0.15	1	1	0.85	unphased	1.95438596491228	0.909016727866177	2.15
3	186383963	186383964	171	7	2.6	4	2	0.15	1	1	0.85	unphased	0.230573625073921	1.5371575004928	0.15
4	75245173	75245174	171	38	1.06	2	1	0.03	0	1	0.97	unphased	0.786028708133971	0.786028708133971	1
4	81123236	81123237	27	3	1.06	2	1	0.03	0	1	0.97	unphased	0.432315789473684	0.432315789473684	1
5	23527197	23527198	139	40	2.64	3	3	0.16	1	1	0.84	unphased	1.31914142899147	0.999349567417783	1.32
5	40692462	40692463	103	41	2.64	3	3	0.16	1	1	0.84	unphased	1.68076023391813	0.778129737925059	2.16
5	125912886	125912887	50	7	3	3	0	1	NA	NA	NA	unphased	0.76915974145891	0.76915974145891	1
5	140530707	140530708	56	30	3	3	0	1	NA	NA	NA	unphased	2.18482252141983	1.09241126070991	2
5	141336053	141336054	151	6	3	3	0	1	NA	NA	NA	unphased	0.239356352665102	0.239356352665102	1
6	118832570	118832571	21	14	1.07	2	0	0.07	0	1	0.93	unphased	1.73326315789474	1.619872110182	1.07
6	150064826	150064827	42	12	1.01	2	0	0.01	0	1	0.99	unphased	0.949590643274854	0.949590643274854	1
7	17838334	17838335	17	7	4.37	3	2	0.79	1	1	0.21	unphased	2.22633771929825	0.862921596627227	2.58
7	44274241	44274242	31	16	4.37	3	2	0.79	1	1	0.21	unphased	2.59852183650616	1.00717900639774	2.58
7	100686289	100686290	144	19	4	3	1	1	NA	NA	NA	unphased	0.846625766871166	0.846625766871166	1
8	27145560	27145561	67	3	2	2	0	1	NA	NA	NA	unphased	0.225563909774436	0.225563909774436	1
8	73848793	73848794	112	29	2.54	3	2	0.18	1	1	0.82	unphased	1.19355729749907	1.19355729749907	1
8	109491250	109491251	64	14	2.54	3	2	0.18	1	1	0.82	unphased	1.04159244264507	1.04159244264507	1
8	144892863	144892864	310	16	2.54	3	2	0.18	1	1	0.82	unphased	0.284817565385857	1.58231980769921	0.18
9	118950343	118950344	84	28	6	6	0	1	NA	NA	NA	unphased	2.31578947368421	1.15789473684211	2
9	119903719	119903720	91	26	6	6	0	1	NA	NA	NA	unphased	2.05847953216374	1.02923976608187	2
9	125563287	125563288	119	33	4	4	0	1	NA	NA	NA	unphased	1.57686980609418	0.788434903047091	2
9	128691973	128691974	108	38	4	4	0	1	NA	NA	NA	unphased	1.89041095890411	0.945205479452055	2
X	48419137	48419138	125	9	NA	NA	NA	NA	NA	NA	NA	unphased	NA	NA	1
X	48545337	48545338	4	4	NA	NA	NA	NA	NA	NA	NA	unphased	NA	NA	1
X	48896668	48896669	27	4	NA	NA	NA	NA	NA	NA	NA	unphased	NA	NA	1
X	77224606	77224607	98	11	NA	NA	NA	NA	NA	NA	NA	unphased	NA	NA	1
X	151899929	151899930	350	26	NA	NA	NA	NA	NA	NA	NA	unphased	NA	NA	1
