chr	start	end	WT.count	mut.count	subclonal.CN	nMaj1	nMin1	frac1	nMaj2	nMin2	frac2	phase	mutation.copy.number	subclonal.fraction	no.chrs.bearing.mut
1	2116078	2116079	15	20	NA	NA	NA	NA	NA	NA	NA	unphased	NA	NA	1
1	2939246	2939247	81	23	NA	NA	NA	NA	NA	NA	NA	unphased	NA	NA	1
1	3679953	3679954	50	16	3	2	1	1	NA	NA	NA	unphased	0.925309432351686	0.925309432351686	1
1	6314949	6314950	35	14	3	2	1	1	NA	NA	NA	unphased	1.09054325955734	1.09054325955734	1
1	7725090	7725091	112	11	3	2	1	1	NA	NA	NA	unphased	0.341348906446811	0.341348906446811	1
1	9305263	9305264	51	13	3	2	1	1	NA	NA	NA	unphased	0.775308098591549	0.775308098591549	1
1	17264203	17264204	60	7	3	2	1	1	NA	NA	NA	unphased	0.398780744166491	0.398780744166491	1
1	17531715	17531716	27	6	3	2	1	1	NA	NA	NA	unphased	0.693982074263764	0.693982074263764	1
1	19062356	19062357	50	24	3	2	1	1	NA	NA	NA	unphased	1.23791397030834	1.23791397030834	1
1	22987626	22987627	39	13	3	2	1	1	NA	NA	NA	unphased	0.954225352112676	0.954225352112676	1
1	24421459	24421460	32	11	3	2	1	1	NA	NA	NA	unphased	0.97641663937111	0.97641663937111	1
1	27106960	27106961	41	49	3	2	1	1	NA	NA	NA	unphased	2.07809076682316	1.03904538341158	2
1	29587222	29587223	59	15	4	2	2	1	NA	NA	NA	unphased	0.976398934145413	0.976398934145413	1
1	32674704	32674705	68	20	4	2	2	1	NA	NA	NA	unphased	1.09475032010243	1.09475032010243	1
1	32713218	32713219	77	35	4	2	2	1	NA	NA	NA	unphased	1.50528169014085	0.752640845070423	2
1	39924765	39924766	143	23	4	2	2	1	NA	NA	NA	unphased	0.6674020023757	0.6674020023757	1
1	44437178	44437179	91	69	2.37	2	1	0.37	1	1	0.63	unphased	1.37435123239437	1.00317608203968	1.37
1	54684039	54684040	45	14	2.37	2	1	0.37	1	1	0.63	unphased	0.756213893530676	0.756213893530676	1
1	57157065	57157066	67	19	2.37	2	1	0.37	1	1	0.63	unphased	0.704082869308877	0.704082869308877	1
1	57476448	57476449	98	34	2.37	2	1	0.37	1	1	0.63	unphased	0.820868544600939	0.820868544600939	1
1	66036186	66036187	74	59	2.37	2	1	0.37	1	1	0.63	unphased	1.4137382187864	1.03192570714336	1.37
1	68942595	68942596	8	4	2.37	2	1	0.37	1	1	0.63	unphased	1.06230046948357	1.06230046948357	1
1	70486773	70486774	61	12	2.37	2	1	0.37	1	1	0.63	unphased	0.523874204128883	1.41587622737536	0.37
1	75596256	75596257	15	45	7	6	1	1	NA	NA	NA	unphased	5.86267605633803	0.977112676056338	6
1	79121151	79121152	198	21	7	6	1	1	NA	NA	NA	unphased	0.749565888481574	0.749565888481574	1
1	86591543	86591544	46	19	2	1	1	0.79	1	1	0.21	unphased	0.823401950162514	0.823401950162514	1
1	86921129	86921130	170	67	2	1	1	0.79	1	1	0.21	unphased	0.796339216735009	0.796339216735009	1
1	92149356	92149357	10	11	2	1	1	0.85	1	1	0.15	unphased	1.47551978537894	1.47551978537894	1
1	92979245	92979246	133	62	2	1	1	1	NA	NA	NA	unphased	0.895630191404839	0.895630191404839	1
1	103388929	103388930	14	8	2	1	1	1	NA	NA	NA	unphased	1.02432778489117	1.02432778489117	1
1	108703860	108703861	87	37	2	1	1	1	NA	NA	NA	unphased	0.840527033166742	0.840527033166742	1
1	113084511	113084512	29	11	2	1	1	1	NA	NA	NA	unphased	0.774647887323944	0.774647887323944	1
1	113456487	113456488	119	39	2	1	1	1	NA	NA	NA	unphased	0.695311107149225	0.695311107149225	1
1	151156931	151156932	182	30	5	4	1	1	NA	NA	NA	unphased	0.823146425724156	0.823146425724156	1
1	152057684	152057685	110	208	5	4	1	1	NA	NA	NA	unphased	3.80476570112499	0.951191425281247	4
1	152276657	152276658	420	266	5	4	1	1	NA	NA	NA	unphased	2.25553319919517	1.12776659959759	2
1	152487968	152487969	14	5	5	4	1	1	NA	NA	NA	unphased	1.53076352853966	1.53076352853966	1
1	153533782	153533783	37	13	5	4	1	1	NA	NA	NA	unphased	1.51239436619718	1.51239436619718	1
1	154575069	154575070	45	76	5	4	1	1	NA	NA	NA	unphased	3.65359096729135	0.913397741822838	4
1	154987801	154987802	82	17	5	4	1	1	NA	NA	NA	unphased	0.998861858016788	0.998861858016788	1
1	156617449	156617450	215	29	5	4	1	1	NA	NA	NA	unphased	0.691353036250289	0.691353036250289	1
1	156626882	156626883	19	48	5	4	1	1	NA	NA	NA	unphased	4.16733235232289	1.04183308808072	4
1	156883541	156883542	52	73	5	4	1	1	NA	NA	NA	unphased	3.39707042253521	1.13235680751174	3
1	156902244	156902245	64	8	5	4	1	1	NA	NA	NA	unphased	0.646322378716745	0.646322378716745	1
1	157491041	157491042	89	20	5	4	1	1	NA	NA	NA	unphased	1.06732135934875	1.06732135934875	1
1	158435623	158435624	357	63	5	4	1	1	NA	NA	NA	unphased	0.872535211267606	0.872535211267606	1
1	158736094	158736095	53	13	5	4	1	1	NA	NA	NA	unphased	1.14575330772514	1.14575330772514	1
1	160535365	160535366	193	299	5	4	1	1	NA	NA	NA	unphased	3.53506813237146	0.883767033092866	4
1	161336227	161336228	459	13	5	4	1	1	NA	NA	NA	unphased	0.160211267605634	0.160211267605634	1
1	167370722	167370723	56	9	2.72	4	1	0.24	1	1	0.76	unphased	0.489724810400867	0.489724810400867	1
1	168549298	168549299	47	100	2.72	4	1	0.24	1	1	0.76	unphased	2.40605537989844	0.970183620926789	2.48
1	168549299	168549300	47	100	2.72	4	1	0.24	1	1	0.76	unphased	2.40605537989844	0.970183620926789	2.48
1	176525530	176525531	93	188	2.72	4	1	0.24	1	1	0.76	unphased	2.3663254974688	0.95416350704387	2.48
1	176661309	176661310	309	49	2.72	4	1	0.24	1	1	0.76	unphased	0.484101030765599	0.484101030765599	1
1	177250783	177250784	7	28	2.72	4	1	0.24	1	1	0.76	unphased	2.82952112676056	0.873308989740915	3.24
1	177937145	177937146	33	9	2.72	4	1	0.24	1	1	0.76	unphased	0.757907444668008	0.757907444668008	1
1	180904461	180904462	8	5	2.72	4	1	0.24	1	1	0.76	unphased	1.36034669555796	1.36034669555796	1
1	181701922	181701923	60	31	2.72	4	1	0.24	1	1	0.76	unphased	1.20487850177991	1.20487850177991	1
1	183106929	183106930	45	83	2.72	4	1	0.24	1	1	0.76	unphased	2.29345950704225	1.02386585135815	2.24
1	197390269	197390270	95	145	2.72	4	1	0.24	1	1	0.76	unphased	2.1368779342723	0.95396336351442	2.24
1	201044686	201044687	310	88	2.72	4	1	0.24	1	1	0.76	unphased	0.782028452119754	0.782028452119754	1
1	201837921	201837922	19	23	2.72	4	1	0.24	1	1	0.76	unphased	1.93687458081824	1.12608987256875	1.72
1	201980146	201980147	34	13	2.72	4	1	0.24	1	1	0.76	unphased	0.978291878933173	0.978291878933173	1
1	212583781	212583782	332	438	2.72	4	1	0.24	1	1	0.76	unphased	2.01189976220962	0.898169536700724	2.24
1	213146146	213146147	60	68	2.72	4	1	0.24	1	1	0.76	unphased	1.87897887323944	1.09242957746479	1.72
1	216061814	216061815	44	79	2.72	4	1	0.24	1	1	0.76	unphased	2.27166838428948	1.0141376715578	2.24
1	216373148	216373149	181	75	2.72	4	1	0.24	1	1	0.76	unphased	1.03620158450704	1.03620158450704	1
1	217915364	217915365	54	110	2.72	4	1	0.24	1	1	0.76	unphased	2.3723119203023	0.95657738721867	2.48
1	220325051	220325052	182	42	2.72	4	1	0.24	1	1	0.76	unphased	0.663169014084507	0.663169014084507	1
1	223176740	223176741	215	14	2.72	4	1	0.24	1	1	0.76	unphased	0.216229780429301	0.900957418455419	0.24
1	226567664	226567665	258	10	2.72	4	1	0.24	1	1	0.76	unphased	0.131973933151146	0.549891388129774	0.24
1	229568450	229568451	64	169	2.72	4	1	0.24	1	1	0.76	unphased	2.56539200870459	1.03443226157443	2.48
1	232144657	232144658	18	55	2.72	4	1	0.24	1	1	0.76	unphased	2.66478873239437	1.07451158564289	2.48
1	233270785	233270786	162	25	2.72	4	1	0.24	1	1	0.76	unphased	0.472847781878436	0.472847781878436	1
1	235747063	235747064	141	270	2.72	4	1	0.24	1	1	0.76	unphased	2.3235118741647	1.03728208668067	2.24
1	237955440	237955441	32	6	2.72	4	1	0.24	1	1	0.76	unphased	0.558458117123795	0.558458117123795	1
1	240656710	240656711	35	6	2.72	4	1	0.24	1	1	0.76	unphased	0.517595328065957	0.517595328065957	1
10	15120461	15120462	100	32	3	2	1	1	NA	NA	NA	unphased	0.925309432351686	0.925309432351686	1
10	16916417	16916418	104	103	3	2	1	1	NA	NA	NA	unphased	1.89923113560591	0.949615567802953	2
10	18289741	18289742	54	20	3	2	1	1	NA	NA	NA	unphased	1.03159497525695	1.03159497525695	1
10	22634680	22634681	11	5	3	2	1	1	NA	NA	NA	unphased	1.19278169014085	1.19278169014085	1
10	26359099	26359100	52	52	3	2	1	1	NA	NA	NA	unphased	1.90845070422535	0.954225352112676	2
10	27702173	27702174	220	73	3	2	1	1	NA	NA	NA	unphased	0.950968610296592	0.950968610296592	1
10	28233219	28233220	70	17	3	2	1	1	NA	NA	NA	unphased	0.745831309697264	0.745831309697264	1
10	38344865	38344866	67	63	3	2	1	1	NA	NA	NA	unphased	1.84972914409534	0.924864572047671	2
10	49791060	49791061	156	51	2	1	1	0.81	1	1	0.19	unphased	0.694019187589304	0.694019187589304	1
10	50835661	50835662	165	60	2	1	1	0.81	1	1	0.19	unphased	0.751173708920188	0.751173708920188	1
10	51821234	51821235	85	49	2	1	1	0.81	1	1	0.19	unphased	1.03006096279168	1.03006096279168	1
10	62648481	62648482	153	38	4	3	1	1	NA	NA	NA	unphased	0.958336405869774	0.958336405869774	1
10	68687089	68687090	202	278	4	3	1	1	NA	NA	NA	unphased	2.78978873239437	0.929929577464789	3
10	81154190	81154191	104	16	3	2	1	1	NA	NA	NA	unphased	0.508920187793427	0.508920187793427	1
10	88227064	88227065	76	36	2	1	1	1	NA	NA	NA	unphased	0.905432595573441	0.905432595573441	1
10	99361611	99361612	26	5	2	1	1	1	NA	NA	NA	unphased	0.454338936846888	0.454338936846888	1
10	100195395	100195396	103	43	2	1	1	1	NA	NA	NA	unphased	0.829635346324523	0.829635346324523	1
10	101715736	101715737	119	64	2	1	1	1	NA	NA	NA	unphased	0.985145847764181	0.985145847764181	1
10	103559212	103559213	76	40	2	1	1	1	NA	NA	NA	unphased	0.971345313258864	0.971345313258864	1
10	103909050	103909051	43	17	2	1	1	1	NA	NA	NA	unphased	0.7981220657277	0.7981220657277	1
10	116331077	116331078	53	3	2	1	1	1	NA	NA	NA	unphased	0.150905432595573	0.150905432595573	1
10	120460918	120460919	46	20	2	1	1	1	NA	NA	NA	unphased	0.853606487409304	0.853606487409304	1
10	124271485	124271486	58	24	2	1	1	1	NA	NA	NA	unphased	0.82445894881484	0.82445894881484	1
10	128153488	128153489	65	37	2	1	1	1	NA	NA	NA	unphased	1.02181717757526	1.02181717757526	1
10	135112993	135112994	31	34	3	2	1	1	NA	NA	NA	unphased	1.99653304442037	0.998266522210184	2
11	562206	562207	45	22	3	2	1	1	NA	NA	NA	unphased	1.25331091023754	1.25331091023754	1
11	2189847	2189848	22	16	4	2	2	1	NA	NA	NA	unphased	2.02816901408451	1.01408450704225	2
11	4510177	4510178	164	102	4	2	2	1	NA	NA	NA	unphased	1.84708249496982	0.92354124748491	2
11	6048655	6048656	94	41	4	2	2	1	NA	NA	NA	unphased	1.46291079812207	0.731455399061033	2
11	9608046	9608047	111	83	4	2	2	1	NA	NA	NA	unphased	2.06083926237839	1.0304196311892	2
11	14157085	14157086	60	49	4	2	2	1	NA	NA	NA	unphased	2.16539604600078	1.08269802300039	2
11	18194981	18194982	75	71	4	2	2	1	NA	NA	NA	unphased	2.34246575342466	1.17123287671233	2
11	26463485	26463486	161	44	3	2	1	1	NA	NA	NA	unphased	0.819237375472346	0.819237375472346	1
11	34668093	34668094	177	107	4.28	3	3	0.57	1	1	0.43	unphased	1.92031144614164	0.897341797262448	2.14
11	44950849	44950850	19	9	4	2	2	1	NA	NA	NA	unphased	1.54828973843058	1.54828973843058	1
11	45277320	45277321	74	21	4	2	2	1	NA	NA	NA	unphased	1.06478873239437	1.06478873239437	1
11	45893666	45893667	74	23	4	2	2	1	NA	NA	NA	unphased	1.14215188035429	1.14215188035429	1
11	46897449	46897450	39	33	4	2	2	1	NA	NA	NA	unphased	2.20774647887324	1.10387323943662	2
11	47703570	47703571	78	14	4	2	2	1	NA	NA	NA	unphased	0.733006736068586	0.733006736068586	1
11	47825021	47825022	131	83	4	2	2	1	NA	NA	NA	unphased	1.86823746215611	0.934118731078057	2
11	49805557	49805558	58	41	4	2	2	1	NA	NA	NA	unphased	1.99487836107554	0.997439180537772	2
11	55135928	55135929	315	87	4	2	2	1	NA	NA	NA	unphased	1.04246373764978	1.04246373764978	1
11	56058535	56058536	122	62	4	2	2	1	NA	NA	NA	unphased	1.62308634415187	0.811543172075934	2
11	57799185	57799186	168	102	4	2	2	1	NA	NA	NA	unphased	1.81971830985915	0.909859154929577	2
11	58377406	58377407	90	70	4	2	2	1	NA	NA	NA	unphased	2.10739436619718	1.05369718309859	2
11	58979094	58979095	60	36	4	2	2	1	NA	NA	NA	unphased	1.80633802816901	0.903169014084507	2
11	59361713	59361714	69	32	4	2	2	1	NA	NA	NA	unphased	1.52614698089527	0.763073490447636	2
11	61049332	61049333	58	8	4	2	2	1	NA	NA	NA	unphased	0.583866837387964	0.583866837387964	1
11	61249262	61249263	10	11	4	2	2	1	NA	NA	NA	unphased	2.52313883299799	1.26156941649899	2
11	62344194	62344195	83	39	4	2	2	1	NA	NA	NA	unphased	1.53982913876703	0.769914569383514	2
11	62373334	62373335	92	26	4	2	2	1	NA	NA	NA	unphased	1.06135115779422	1.06135115779422	1
11	62415075	62415076	106	50	4	2	2	1	NA	NA	NA	unphased	1.54387865655471	0.771939328277356	2
11	62760743	62760744	39	8	4	2	2	1	NA	NA	NA	unphased	0.819898112076716	0.819898112076716	1
11	64419623	64419624	31	9	4	2	2	1	NA	NA	NA	unphased	1.08380281690141	1.08380281690141	1
11	66191303	66191304	64	73	4	2	2	1	NA	NA	NA	unphased	2.56667009355402	1.28333504677701	2
11	66192135	66192136	108	79	4	2	2	1	NA	NA	NA	unphased	2.03494765383746	1.01747382691873	2
11	66206130	66206131	21	17	4	2	2	1	NA	NA	NA	unphased	2.15492957746479	1.07746478873239	2
11	67191122	67191123	8	5	4	2	2	1	NA	NA	NA	unphased	1.85265438786566	1.85265438786566	1
11	82536066	82536067	49	7	1.06	2	0	0.06	0	1	0.94	unphased	0.234612676056338	0.234612676056338	1
11	92543100	92543101	62	60	1.14	2	1	0.07	0	1	0.93	unphased	0.962410528746248	0.962410528746248	1
11	92616284	92616285	86	51	1.14	2	1	0.07	0	1	0.93	unphased	0.728481546211576	0.728481546211576	1
11	92715460	92715461	70	39	1.14	2	1	0.07	0	1	0.93	unphased	0.700175733298876	0.700175733298876	1
11	99786866	99786867	22	5	1.14	2	1	0.07	0	1	0.93	unphased	0.362389149713093	0.362389149713093	1
11	118828964	118828965	15	5	4	4	0	1	NA	NA	NA	unphased	1.20422535211268	1.20422535211268	1
11	118849875	118849876	34	127	4	4	0	1	NA	NA	NA	unphased	3.79966757064124	0.94991689266031	4
11	121060482	121060483	36	48	2	2	0	1	NA	NA	NA	unphased	1.60965794768612	0.804828973843058	2
12	6952793	6952794	26	59	4	3	1	1	NA	NA	NA	unphased	3.34349627174814	1.11449875724938	3
12	7362838	7362839	78	17	4	3	1	1	NA	NA	NA	unphased	0.861971830985916	0.861971830985916	1
12	7942240	7942241	109	100	4	3	1	1	NA	NA	NA	unphased	2.30473751600512	1.15236875800256	2
12	9001330	9001331	241	61	4	3	1	1	NA	NA	NA	unphased	0.972950284488387	0.972950284488387	1
12	9227155	9227156	11	13	4	3	1	1	NA	NA	NA	unphased	2.60915492957746	0.869718309859155	3
12	13716970	13716971	27	44	4	3	1	1	NA	NA	NA	unphased	2.98512199960325	0.995040666534418	3
12	15722407	15722408	155	31	4	3	1	1	NA	NA	NA	unphased	0.802816901408451	0.802816901408451	1
12	21069121	21069122	80	18	4	3	1	1	NA	NA	NA	unphased	0.884736993388905	0.884736993388905	1
12	24736418	24736419	20	17	4	3	1	1	NA	NA	NA	unphased	2.21317091739627	1.10658545869813	2
12	29689061	29689062	17	22	4	3	1	1	NA	NA	NA	unphased	2.71722643553629	0.905742145178765	3
12	46245497	46245498	45	56	5	4	1	1	NA	NA	NA	unphased	3.22521266211128	1.07507088737043	3
12	48387258	48387259	82	19	5	4	1	1	NA	NA	NA	unphased	1.09426858178776	1.09426858178776	1
12	50050948	50050949	159	9	5	4	1	1	NA	NA	NA	unphased	0.311619718309859	0.311619718309859	1
12	50357894	50357895	32	48	5	4	1	1	NA	NA	NA	unphased	3.49014084507042	0.872535211267606	4
12	55641479	55641480	175	51	5	4	1	1	NA	NA	NA	unphased	1.3126635921725	1.3126635921725	1
12	56231416	56231417	150	24	5	4	1	1	NA	NA	NA	unphased	0.802331228751821	0.802331228751821	1
12	56733875	56733876	116	24	5	4	1	1	NA	NA	NA	unphased	0.997183098591549	0.997183098591549	1
12	62749200	62749201	35	30	5	4	1	1	NA	NA	NA	unphased	2.68472372697725	0.894907908992416	3
12	92821878	92821879	66	122	5	4	1	1	NA	NA	NA	unphased	3.77479772250524	0.943699430626311	4
12	99478746	99478747	39	7	5	4	1	1	NA	NA	NA	unphased	0.885180649112064	0.885180649112064	1
12	99793514	99793515	182	43	5	4	1	1	NA	NA	NA	unphased	1.1116744913928	1.1116744913928	1
12	111057645	111057646	61	143	5	4	1	1	NA	NA	NA	unphased	4.07753383043358	1.0193834576084	4
13	78474024	78474025	23	42	2	2	0	1	NA	NA	NA	unphased	1.82015167930661	0.910075839653305	2
13	100020151	100020152	17	36	2	2	0	1	NA	NA	NA	unphased	1.91336699441935	0.956683497209673	2
13	111545260	111545261	14	3	2	2	0	1	NA	NA	NA	unphased	0.497100248550124	0.497100248550124	1
14	19563500	19563501	686	193	NA	NA	NA	NA	NA	NA	NA	unphased	NA	NA	1
14	22314988	22314989	81	13	4	3	1	1	NA	NA	NA	unphased	0.666167216062331	0.666167216062331	1
14	22573997	22573998	29	4	4	3	1	1	NA	NA	NA	unphased	0.583866837387964	0.583866837387964	1
14	23886517	23886518	47	62	4	3	1	1	NA	NA	NA	unphased	2.73988887453159	0.913296291510531	3
14	24029195	24029196	36	7	4	3	1	1	NA	NA	NA	unphased	0.78414674091058	0.78414674091058	1
14	24787705	24787706	52	67	4	3	1	1	NA	NA	NA	unphased	2.71203692744704	0.904012309149012	3
14	24842950	24842951	200	29	4	3	1	1	NA	NA	NA	unphased	0.610000615043976	0.610000615043976	1
14	25043500	25043501	56	19	4	3	1	1	NA	NA	NA	unphased	1.22028169014085	1.22028169014085	1
14	28733789	28733790	20	17	4	3	1	1	NA	NA	NA	unphased	2.21317091739627	1.10658545869813	2
14	36786010	36786011	99	20	4	3	1	1	NA	NA	NA	unphased	0.809563261924488	0.809563261924488	1
14	36989334	36989335	41	6	4	3	1	1	NA	NA	NA	unphased	0.614923584057537	0.614923584057537	1
14	55493432	55493433	81	97	4	3	1	1	NA	NA	NA	unphased	2.62494065516696	0.874980218388986	3
14	59113617	59113618	167	37	4	3	1	1	NA	NA	NA	unphased	0.873653686826843	0.873653686826843	1
14	60928126	60928127	49	12	4	3	1	1	NA	NA	NA	unphased	0.947587162318171	0.947587162318171	1
14	63671678	63671679	40	7	4	3	1	1	NA	NA	NA	unphased	0.717410848067126	0.717410848067126	1
14	63671679	63671680	41	7	4	3	1	1	NA	NA	NA	unphased	0.702464788732394	0.702464788732394	1
14	64610581	64610582	168	215	4	3	1	1	NA	NA	NA	unphased	2.70400470709374	0.901334902364579	3
14	69584942	69584943	37	34	4	3	1	1	NA	NA	NA	unphased	2.3066851815116	1.1533425907558	2
14	70238261	70238262	36	9	4	3	1	1	NA	NA	NA	unphased	0.963380281690141	0.963380281690141	1
14	70245053	70245054	288	42	4	3	1	1	NA	NA	NA	unphased	0.613060179257362	0.613060179257362	1
14	70634926	70634927	58	13	4	3	1	1	NA	NA	NA	unphased	0.881967863519143	0.881967863519143	1
14	73141018	73141019	23	7	4	3	1	1	NA	NA	NA	unphased	1.12394366197183	1.12394366197183	1
14	73550246	73550247	62	16	4	3	1	1	NA	NA	NA	unphased	0.988082340195016	0.988082340195016	1
14	73550248	73550249	63	15	4	3	1	1	NA	NA	NA	unphased	0.926327193932828	0.926327193932828	1
14	74969446	74969447	67	114	4	3	1	1	NA	NA	NA	unphased	3.03384950587503	1.01128316862501	3
14	78063611	78063612	58	69	4	3	1	1	NA	NA	NA	unphased	2.61705667073306	0.872352223577687	3
14	88454508	88454509	99	15	4	3	1	1	NA	NA	NA	unphased	0.633802816901408	0.633802816901408	1
14	93043794	93043795	157	40	4	3	1	1	NA	NA	NA	unphased	0.978051047401158	0.978051047401158	1
14	93650149	93650150	247	17	4	3	1	1	NA	NA	NA	unphased	0.310179257362356	0.310179257362356	1
14	94129012	94129013	64	13	4	3	1	1	NA	NA	NA	unphased	0.813243094933236	0.813243094933236	1
14	94464453	94464454	45	9	4	3	1	1	NA	NA	NA	unphased	0.802816901408451	0.802816901408451	1
14	101458323	101458324	110	22	4	3	1	1	NA	NA	NA	unphased	0.802816901408451	0.802816901408451	1
14	101526920	101526921	14	9	4	3	1	1	NA	NA	NA	unphased	1.88487446417636	0.942437232088181	2
14	106311805	106311806	40	46	NA	NA	NA	NA	NA	NA	NA	unphased	NA	NA	1
14	106780655	106780656	139	29	NA	NA	NA	NA	NA	NA	NA	unphased	NA	NA	1
14	107078493	107078494	100	70	NA	NA	NA	NA	NA	NA	NA	unphased	NA	NA	1
15	23889061	23889062	5	8	1.16	2	1	0.08	0	1	0.92	unphased	1.21655471289274	1.21655471289274	1
15	25328656	25328657	31	24	1.16	2	1	0.08	0	1	0.92	unphased	0.862647887323944	0.862647887323944	1
15	25472160	25472161	40	27	1.16	2	1	0.08	0	1	0.92	unphased	0.796661761614463	0.796661761614463	1
15	26792998	26792999	89	48	1.16	2	1	0.08	0	1	0.92	unphased	0.692636989822145	0.692636989822145	1
15	34355546	34355547	115	187	2	2	0	1	NA	NA	NA	unphased	1.74424027609365	0.872120138046824	2
15	48548063	48548064	7	7	2	2	0	1	NA	NA	NA	unphased	1.40845070422535	1.40845070422535	1
15	48826373	48826374	111	170	2	2	0	1	NA	NA	NA	unphased	1.70417522931181	0.852087614655907	2
15	65491426	65491427	23	36	2	2	0	1	NA	NA	NA	unphased	1.71878730007162	0.859393650035808	2
15	70959874	70959875	33	67	2	2	0	1	NA	NA	NA	unphased	1.88732394366197	0.943661971830986	2
15	72690669	72690670	8	6	2	2	0	1	NA	NA	NA	unphased	1.20724346076459	1.20724346076459	1
15	74426100	74426101	4	6	2	2	0	1	NA	NA	NA	unphased	1.69014084507042	1.69014084507042	1
15	80263170	80263171	98	138	2	2	0	1	NA	NA	NA	unphased	1.64717116256863	0.823585581284316	2
15	102462697	102462698	170	70	NA	NA	NA	NA	NA	NA	NA	unphased	NA	NA	1
16	2749841	2749842	66	44	1.06	2	1	0.03	0	1	0.97	unphased	0.750760563380282	0.750760563380282	1
16	8722822	8722823	69	76	3	2	1	1	NA	NA	NA	unphased	2.00058280718796	1.00029140359398	2
16	9857765	9857766	218	194	3	2	1	1	NA	NA	NA	unphased	1.79727881854232	0.898639409271161	2
16	15045468	15045469	15	11	3	2	1	1	NA	NA	NA	unphased	1.6148429035753	0.807421451787649	2
16	27509983	27509984	146	126	3	2	1	1	NA	NA	NA	unphased	1.76812344656172	0.884061723280862	2
16	27752196	27752197	11	3	3	2	1	1	NA	NA	NA	unphased	0.817907444668008	0.817907444668008	1
16	30719026	30719027	38	28	3	2	1	1	NA	NA	NA	unphased	1.61929150661545	0.809645753307725	2
16	31309147	31309148	60	19	3	2	1	1	NA	NA	NA	unphased	0.917988946336245	0.917988946336245	1
16	46714639	46714640	90	26	3	2	1	1	NA	NA	NA	unphased	0.855512384652744	0.855512384652744	1
16	48138184	48138185	88	95	3	2	1	1	NA	NA	NA	unphased	1.98145155083506	0.990725775417532	2
16	48594715	48594716	268	61	3	2	1	1	NA	NA	NA	unphased	0.707692966308489	0.707692966308489	1
16	49433125	49433126	118	31	3	2	1	1	NA	NA	NA	unphased	0.794120427261556	0.794120427261556	1
16	53913763	53913764	109	157	3	2	1	1	NA	NA	NA	unphased	2.25283278619083	1.12641639309541	2
16	65038624	65038625	42	4	3	2	1	1	NA	NA	NA	unphased	0.331904470300061	0.331904470300061	1
16	67976607	67976608	192	18	5.04	5	1	0.76	1	1	0.24	unphased	0.502020120724346	0.660552790426771	0.76
16	72142740	72142741	15	90	5.04	5	1	0.76	1	1	0.24	unphased	5.02020120724346	1.05466411916879	4.76
16	74678505	74678506	190	20	5.04	5	1	0.76	1	1	0.24	unphased	0.557800134138162	0.733947544918635	0.76
16	85132793	85132794	153	6	5.04	5	1	0.76	1	1	0.24	unphased	0.221015147488706	0.221015147488706	1
16	87874693	87874694	86	47	3.74	3	1	0.87	1	1	0.13	unphased	1.61033358042995	0.861140952101576	1.87
16	87960507	87960508	9	8	3.74	3	1	0.87	1	1	0.13	unphased	2.1444241922121	1.14675090492625	1.87
16	89169101	89169102	69	11	3.74	3	1	0.87	1	1	0.13	unphased	0.626573943661972	0.626573943661972	1
17	2996171	2996172	200	57	4	4	0	1	NA	NA	NA	unphased	1.06834000109607	1.06834000109607	1
17	3967876	3967877	66	9	3	3	0	1	NA	NA	NA	unphased	0.458028169014084	0.458028169014084	1
17	4837540	4837541	32	66	3	3	0	1	NA	NA	NA	unphased	2.57056625467088	0.856855418223628	3
17	7011805	7011806	7	13	3	3	0	1	NA	NA	NA	unphased	2.48098591549296	0.826995305164319	3
17	7578406	7578407	12	45	3	3	0	1	NA	NA	NA	unphased	3.01334321719792	1.00444773906597	3
17	7750032	7750033	19	91	3	3	0	1	NA	NA	NA	unphased	3.15761843790013	1.05253947930004	3
17	9757858	9757859	160	443	3	3	0	1	NA	NA	NA	unphased	2.80412491532946	0.934708305109819	3
17	11837288	11837289	34	85	3	3	0	1	NA	NA	NA	unphased	2.72635814889336	0.90878604963112	3
17	26691545	26691546	27	32	5	3	2	1	NA	NA	NA	unphased	3.15492957746479	1.05164319248826	3
17	26970222	26970223	138	100	5	3	2	1	NA	NA	NA	unphased	2.44407622203811	0.814692074012704	3
17	26970223	26970224	142	100	5	3	2	1	NA	NA	NA	unphased	2.40367826795484	0.801226089318279	3
17	29541519	29541520	57	29	5	3	2	1	NA	NA	NA	unphased	1.96151326564035	0.980756632820177	2
17	29676264	29676265	30	18	5	3	2	1	NA	NA	NA	unphased	2.18133802816901	1.09066901408451	2
17	30526044	30526045	97	124	5	3	2	1	NA	NA	NA	unphased	3.26378178573705	1.08792726191235	3
17	33520726	33520727	129	69	5	3	2	1	NA	NA	NA	unphased	2.02710200597525	1.01355100298762	2
17	36352523	36352524	111	14	5	3	2	1	NA	NA	NA	unphased	0.651492957746479	0.651492957746479	1
17	39150266	39150267	119	112	5	3	2	1	NA	NA	NA	unphased	2.82031583440034	0.940105278133447	3
17	39959556	39959557	95	18	5	3	2	1	NA	NA	NA	unphased	0.926586065062944	0.926586065062944	1
17	40330848	40330849	90	32	5	3	2	1	NA	NA	NA	unphased	1.52574463172477	0.762872315862387	2
17	40913877	40913878	29	14	5	3	2	1	NA	NA	NA	unphased	1.89387487717	0.946937438584998	2
17	41246003	41246004	137	60	5	3	2	1	NA	NA	NA	unphased	1.77164509902052	0.88582254951026	2
17	43893943	43893944	50	23	5	3	2	1	NA	NA	NA	unphased	1.83272236156666	0.91636118078333	2
17	46608013	46608014	84	42	5	3	2	1	NA	NA	NA	unphased	1.93896713615023	0.969483568075117	2
17	48262807	48262808	60	29	5	3	2	1	NA	NA	NA	unphased	1.89539484095585	0.947697420477924	2
17	73517537	73517538	65	22	5	3	2	1	NA	NA	NA	unphased	1.47094058604501	0.735470293022503	2
17	76183409	76183410	48	35	5	3	2	1	NA	NA	NA	unphased	2.45291023247921	0.817636744159738	3
17	76558031	76558032	28	37	5	3	2	1	NA	NA	NA	unphased	3.31115926327194	1.10371975442398	3
17	79409551	79409552	10	9	5	3	2	1	NA	NA	NA	unphased	2.75537435137139	0.918458117123795	3
18	6943295	6943296	165	50	3	3	0	1	NA	NA	NA	unphased	0.887651490337373	0.887651490337373	1
18	9557337	9557338	55	214	3	3	0	1	NA	NA	NA	unphased	3.03649405728049	1.01216468576016	3
18	14183732	14183733	177	33	3	3	0	1	NA	NA	NA	unphased	0.599798792756539	0.599798792756539	1
18	31323870	31323871	82	231	3	3	0	1	NA	NA	NA	unphased	2.81694640687576	0.938982135625253	3
18	55020038	55020039	9	25	3	3	0	1	NA	NA	NA	unphased	2.80654515327258	0.935515051090859	3
18	59206306	59206307	49	158	3	3	0	1	NA	NA	NA	unphased	2.91338368374498	0.97112789458166	3
19	9578077	9578078	41	127	2	2	0	1	NA	NA	NA	unphased	2.12944332662643	1.06472166331321	2
19	9677375	9677376	20	45	2	2	0	1	NA	NA	NA	unphased	1.9501625135428	0.975081256771398	2
19	10602472	10602473	2	8	2	2	0	1	NA	NA	NA	unphased	2.25352112676056	1.12676056338028	2
19	11280920	11280921	17	33	2	2	0	1	NA	NA	NA	unphased	1.85915492957746	0.929577464788732	2
19	11547247	11547248	19	46	2	2	0	1	NA	NA	NA	unphased	1.99349945828819	0.996749729144095	2
19	12542491	12542492	46	102	2	2	0	1	NA	NA	NA	unphased	1.94137799771603	0.970688998858013	2
19	12963059	12963060	14	34	2	2	0	1	NA	NA	NA	unphased	1.99530516431925	0.997652582159624	2
19	18778776	18778777	16	27	2	2	0	1	NA	NA	NA	unphased	1.76875204716672	0.884376023583361	2
19	21541874	21541875	10	20	2	2	0	1	NA	NA	NA	unphased	1.87793427230047	0.938967136150235	2
19	21910244	21910245	21	43	2	2	0	1	NA	NA	NA	unphased	1.89260563380282	0.946302816901408	2
19	30935659	30935660	76	49	4	2	2	1	NA	NA	NA	unphased	1.88822535211268	0.944112676056338	2
19	37118175	37118176	67	35	4	2	2	1	NA	NA	NA	unphased	1.65285832642916	0.826429163214582	2
19	37130208	37130209	82	8	4	2	2	1	NA	NA	NA	unphased	0.428169014084507	0.428169014084507	1
19	38860825	38860826	61	5	4	2	2	1	NA	NA	NA	unphased	0.364916773367478	0.364916773367478	1
19	39589134	39589135	69	17	4	2	2	1	NA	NA	NA	unphased	0.952178185391418	0.952178185391418	1
19	40357379	40357380	60	31	4	2	2	1	NA	NA	NA	unphased	1.64092245782387	0.820461228911933	2
19	40368653	40368654	311	34	4	2	2	1	NA	NA	NA	unphased	0.474709124311084	0.474709124311084	1
19	41630694	41630695	20	8	4	2	2	1	NA	NA	NA	unphased	1.37625754527163	1.37625754527163	1
19	43439810	43439811	243	130	4	2	2	1	NA	NA	NA	unphased	1.67881282332062	0.83940641166031	2
19	43690490	43690491	134	79	4	2	2	1	NA	NA	NA	unphased	1.78655028764134	0.893275143820671	2
19	44514666	44514667	169	98	4	2	2	1	NA	NA	NA	unphased	1.76800126602311	0.884000633011553	2
19	46998641	46998642	39	30	4	2	2	1	NA	NA	NA	unphased	2.09430496019596	1.04715248009798	2
19	47207525	47207526	50	39	4	2	2	1	NA	NA	NA	unphased	2.11077702168065	1.05538851084032	2
19	48908233	48908234	50	32	4	2	2	1	NA	NA	NA	unphased	1.87976640329784	0.939883201648918	2
19	48922879	48922880	70	40	4	2	2	1	NA	NA	NA	unphased	1.75160051216389	0.875800256081946	2
19	49136750	49136751	534	105	4	2	2	1	NA	NA	NA	unphased	0.791509621106923	0.791509621106923	1
19	49863136	49863137	142	47	4	2	2	1	NA	NA	NA	unphased	1.19785378940309	1.19785378940309	1
19	50393833	50393834	4	5	4	2	2	1	NA	NA	NA	unphased	2.67605633802817	1.33802816901408	2
19	51021380	51021381	5	7	4	2	2	1	NA	NA	NA	unphased	2.80985915492958	1.40492957746479	2
19	51226813	51226814	65	54	4	2	2	1	NA	NA	NA	unphased	2.18582080719612	1.09291040359806	2
19	51503951	51503952	51	33	4	2	2	1	NA	NA	NA	unphased	1.89235412474849	0.946177062374246	2
19	51559889	51559890	247	158	4	2	2	1	NA	NA	NA	unphased	1.879186228482	0.939593114241002	2
19	51628464	51628465	78	34	4	2	2	1	NA	NA	NA	unphased	1.46227364185111	0.731136820925553	2
19	51918131	51918132	126	36	4	2	2	1	NA	NA	NA	unphased	1.07042253521127	1.07042253521127	1
19	53385122	53385123	205	128	4	2	2	1	NA	NA	NA	unphased	1.8515416825276	0.925770841263799	2
19	53418494	53418495	151	100	4	2	2	1	NA	NA	NA	unphased	1.91908422647438	0.959542113237192	2
19	54080615	54080616	100	52	4	2	2	1	NA	NA	NA	unphased	1.64788732394366	0.823943661971831	2
19	54780769	54780770	41	23	4	2	2	1	NA	NA	NA	unphased	1.73107394366197	0.865536971830986	2
19	54823221	54823222	248	147	4	2	2	1	NA	NA	NA	unphased	1.79261900517026	0.896309502585131	2
19	55341616	55341617	341	199	4	2	2	1	NA	NA	NA	unphased	1.77511737089202	0.887558685446009	2
19	55418141	55418142	87	53	4	2	2	1	NA	NA	NA	unphased	1.82354124748491	0.911770623742455	2
19	55677416	55677417	23	25	4	2	2	1	NA	NA	NA	unphased	2.50880281690141	1.2544014084507	2
19	55677417	55677418	23	24	4	2	2	1	NA	NA	NA	unphased	2.45969433623015	1.22984716811507	2
19	55715297	55715298	102	71	4	2	2	1	NA	NA	NA	unphased	1.97687861271676	0.988439306358382	2
19	55815126	55815127	125	29	4	2	2	1	NA	NA	NA	unphased	0.907078836656302	0.907078836656302	1
19	57325171	57325172	107	71	4	2	2	1	NA	NA	NA	unphased	1.92134831460674	0.960674157303371	2
19	57641312	57641313	159	94	4	2	2	1	NA	NA	NA	unphased	1.78967878416746	0.894839392083728	2
19	58101881	58101882	78	38	4	2	2	1	NA	NA	NA	unphased	1.57795046138902	0.788975230694512	2
19	58189413	58189414	73	52	4	2	2	1	NA	NA	NA	unphased	2.00383098591549	1.00191549295775	2
2	7154902	7154903	140	17	4.55	3	2	0.85	1	1	0.15	unphased	0.581129451870459	0.683681708082892	0.85
2	17941243	17941244	185	232	3.95	5	2	0.39	1	1	0.61	unphased	2.65208903299895	1.03597227851522	2.56
2	27728608	27728609	58	22	3	2	1	1	NA	NA	NA	unphased	1.04964788732394	1.04964788732394	1
2	27890250	27890251	75	39	3	2	1	1	NA	NA	NA	unphased	1.30578206078577	1.30578206078577	1
2	29152528	29152529	119	12	5.55	5	2	0.71	1	1	0.29	unphased	0.583227609934416	0.821447337935797	0.71
2	29404719	29404720	119	197	5.55	5	2	0.71	1	1	0.29	unphased	3.96923916919237	1.03365603364385	3.84
2	31587049	31587050	49	16	3	2	1	1	NA	NA	NA	unphased	0.939544962080173	0.939544962080173	1
2	32750664	32750665	33	89	3	2	1	1	NA	NA	NA	unphased	2.78446086354191	1.39223043177095	2
2	37143247	37143248	39	27	3	2	1	1	NA	NA	NA	unphased	1.56145966709347	0.780729833546735	2
2	40657158	40657159	98	60	3	2	1	1	NA	NA	NA	unphased	1.44945623105723	0.724728115528615	2
2	43804382	43804383	14	5	3.68	4	2	0.42	1	1	0.58	unphased	1.18339510748703	1.18339510748703	1
2	49189893	49189894	196	45	3.68	4	2	0.42	1	1	0.58	unphased	0.839670387470049	0.839670387470049	1
2	55522966	55522967	147	26	4.43	3	2	0.81	1	1	0.19	unphased	0.788551656761378	0.788551656761378	1
2	55544717	55544718	82	89	4.43	3	2	0.81	1	1	0.19	unphased	2.73084342311177	0.971830399683904	2.81
2	60688133	60688134	19	30	1.72	2	1	0.36	1	0	0.64	unphased	1.55320494394941	1.14206245878633	1.36
2	64160936	64160937	85	39	2.71	3	1	0.57	1	0	0.43	unphased	1.10926737846433	1.10926737846433	1
2	69002432	69002433	181	68	3	2	1	1	NA	NA	NA	unphased	1.04236664969738	1.04236664969738	1
2	71607695	71607696	47	14	3	2	1	1	NA	NA	NA	unphased	0.876010159316555	0.876010159316555	1
2	74802643	74802644	138	66	1.09	2	2	0.03	0	1	0.97	unphased	0.616938690969346	0.616938690969346	1
2	79385852	79385853	30	52	5.85	7	2	0.55	1	1	0.45	unphased	4.2277911370663	1.00661693739674	4.2
2	86258513	86258514	170	86	1.36	2	2	0.12	0	1	0.88	unphased	0.731302816901408	0.731302816901408	1
2	89476589	89476590	14	6	1.36	2	2	0.12	0	1	0.88	unphased	0.653070422535211	0.653070422535211	1
2	90154148	90154149	58	43	1.36	2	2	0.12	0	1	0.88	unphased	0.926799609538419	0.926799609538419	1
2	96555615	96555616	15	31	4.3	5	2	0.46	1	1	0.54	unphased	3.44834660134721	0.996631965707288	3.46
2	98274444	98274445	221	44	4.3	5	2	0.46	1	1	0.54	unphased	0.849598724422004	0.849598724422004	1
2	99013000	99013001	29	58	4.3	5	2	0.46	1	1	0.54	unphased	3.4112676056338	1.00925077089757	3.38
2	103335074	103335075	25	14	1.76	2	1	0.38	1	0	0.62	unphased	0.925041531238714	0.925041531238714	1
2	120005288	120005289	42	8	1.3	5	2	0.05	0	1	0.95	unphased	0.338704225352113	0.338704225352113	1
2	131520278	131520279	49	22	2.49	2	1	0.49	1	1	0.51	unphased	1.02467367585796	1.02467367585796	1
2	132289287	132289288	83	45	2.49	2	1	0.49	1	1	0.51	unphased	1.16258252640845	1.16258252640845	1
2	141128329	141128330	186	424	9	7	2	1	0	1	0	unphased	6.82355114292311	0.974793020417588	7
2	141214042	141214043	68	235	9	7	2	1	0	1	0	unphased	7.61376841909543	1.08768120272792	7
2	149840147	149840148	57	10	1.3	5	2	0.05	0	1	0.95	unphased	0.31595543409712	0.31595543409712	1
2	154334942	154334943	21	19	2.82	2	2	0.41	1	1	0.59	unphased	1.72752816901408	1.22519728298871	1.41
2	160242946	160242947	290	41	1.21	6	2	0.03	0	1	0.97	unphased	0.251066337602655	0.251066337602655	1
2	161133861	161133862	125	179	1.21	6	2	0.03	0	1	0.97	unphased	1.19347155300222	1.03780135043672	1.15
2	162274731	162274732	134	26	1.21	6	2	0.03	0	1	0.97	unphased	0.329371478873239	0.329371478873239	1
2	162804143	162804144	338	13	1.21	6	2	0.03	0	1	0.97	unphased	0.0750704225352113	0.0750704225352113	1
2	163291983	163291984	60	138	1.21	6	2	0.03	0	1	0.97	unphased	1.41268886043534	1.22842509603073	1.15
2	163695055	163695056	27	55	1.21	6	2	0.03	0	1	0.97	unphased	1.35950704225352	1.18218003674219	1.15
2	170417050	170417051	58	48	2.44	2	1	0.44	1	1	0.56	unphased	1.47482327929843	1.02418283284613	1.44
2	171225764	171225765	86	58	2.44	2	1	0.44	1	1	0.56	unphased	1.31180751173709	0.910977438706312	1.44
2	171686060	171686061	110	57	2.44	2	1	0.44	1	1	0.56	unphased	1.11163700767479	1.11163700767479	1
2	178592439	178592440	74	27	2.44	2	1	0.44	1	1	0.56	unphased	0.870656812160089	0.870656812160089	1
2	201371763	201371764	46	22	2.98	2	2	0.49	1	1	0.51	unphased	1.22840927920464	1.22840927920464	1
2	202700415	202700416	37	31	2.98	2	2	0.49	1	1	0.51	unphased	1.73094034797017	1.16170493152361	1.49
2	203624027	203624028	70	46	2.98	2	2	0.49	1	1	0.51	unphased	1.50566779990287	1.01051530194823	1.49
2	204822596	204822597	64	32	2.98	2	2	0.49	1	1	0.51	unphased	1.2656338028169	1.2656338028169	1
2	218669326	218669327	36	32	2.98	2	2	0.49	1	1	0.51	unphased	1.78677713338857	1.1991792841534	1.49
2	220346140	220346141	43	27	2	1	1	0.51	1	1	0.49	unphased	1.08651911468813	1.08651911468813	1
2	223066850	223066851	25	16	2	1	1	0.51	1	1	0.49	unphased	1.09927859841979	1.09927859841979	1
2	224462366	224462367	77	43	2	1	1	0.51	1	1	0.49	unphased	1.0093896713615	1.0093896713615	1
2	225657778	225657779	213	88	2	1	1	0.51	1	1	0.49	unphased	0.82354592672313	0.82354592672313	1
2	230456333	230456334	52	26	2	1	1	0.51	1	1	0.49	unphased	0.938967136150235	0.938967136150235	1
2	233348876	233348877	38	10	2	1	1	0.51	1	1	0.49	unphased	0.586854460093897	1.19766216345693	0.49
20	1961395	1961396	174	40	3.7	3	1	0.9	0	1	0.1	unphased	0.844280637093589	0.844280637093589	1
20	2796244	2796245	18	30	3.7	3	1	0.9	0	1	0.1	unphased	2.82306338028169	1.00823692152917	2.8
20	4837540	4837541	33	49	3.7	3	1	0.9	0	1	0.1	unphased	2.69912401236688	0.999675560135883	2.7
20	20232367	20232368	81	124	3.7	3	1	0.9	0	1	0.1	unphased	2.7321745104775	1.01191648536204	2.7
20	23473591	23473592	152	170	3.7	3	1	0.9	0	1	0.1	unphased	2.38469950135596	0.883222037539245	2.7
20	24940366	24940367	62	13	3.7	3	1	0.9	0	1	0.1	unphased	0.782929577464789	0.782929577464789	1
20	31024448	31024449	86	32	3.7	3	1	0.9	0	1	0.1	unphased	1.22492241585104	1.22492241585104	1
20	34021837	34021838	39	44	3.7	3	1	0.9	0	1	0.1	unphased	2.39450195146784	0.88685257461772	2.7
20	44592561	44592562	32	52	3.7	3	1	0.9	0	1	0.1	unphased	2.79617706237425	0.998634665133659	2.8
20	55966870	55966871	4	8	3.7	3	1	0.9	0	1	0.1	unphased	3.0112676056338	1.03836813987373	2.9
20	62065178	62065179	63	114	3.7	3	1	0.9	0	1	0.1	unphased	2.90919073764622	1.00316921987801	2.9
20	62896780	62896781	40	55	NA	NA	NA	NA	NA	NA	NA	unphased	NA	NA	1
21	10916410	10916411	407	27	NA	NA	NA	NA	NA	NA	NA	unphased	NA	NA	1
21	11039295	11039296	706	26	NA	NA	NA	NA	NA	NA	NA	unphased	NA	NA	1
21	15554142	15554143	32	43	4.4	3	2	0.8	1	1	0.2	unphased	2.9910234741784	1.06822266934943	2.8
21	30248683	30248684	104	99	4.4	3	2	0.8	1	1	0.2	unphased	2.54420314993409	0.978539673051572	2.6
21	30547262	30547263	10	7	4.4	3	2	0.8	1	1	0.2	unphased	2.14813587406794	0.826206105410745	2.6
21	31538287	31538288	146	54	4.4	3	2	0.8	1	1	0.2	unphased	1.40856338028169	0.782535211267606	1.8
21	31768853	31768854	34	15	4.4	3	2	0.8	1	1	0.2	unphased	1.59701063524001	0.887228130688895	1.8
21	31874248	31874249	99	71	4.4	3	2	0.8	1	1	0.2	unphased	2.17882352941177	0.838009049773756	2.6
21	31874249	31874250	102	71	4.4	3	2	0.8	1	1	0.2	unphased	2.14104046242775	0.823477100933748	2.6
21	43161306	43161307	127	47	4.4	3	2	0.8	1	1	0.2	unphased	1.40916302412174	0.782868346734301	1.8
21	45987775	45987776	70	52	4.4	3	2	0.8	1	1	0.2	unphased	2.22359732163473	0.855229739090279	2.6
21	47676827	47676828	18	11	4.4	3	2	0.8	1	1	0.2	unphased	1.97882467217096	1.09934704009498	1.8
22	19483536	19483537	131	473	2.56	6	1	0.26	1	0	0.74	unphased	2.64449398377017	0.951256828694306	2.78
22	21838378	21838379	18	6	2.56	6	1	0.26	1	0	0.74	unphased	0.844225352112676	0.844225352112676	1
22	25010800	25010801	30	48	3	2	1	1	NA	NA	NA	unphased	2.34886240520043	1.17443120260022	2
22	27024390	27024391	54	36	3	2	1	1	NA	NA	NA	unphased	1.52676056338028	0.763380281690141	2
22	29628306	29628307	17	24	3	2	1	1	NA	NA	NA	unphased	2.23428375128822	1.11714187564411	2
22	29917004	29917005	207	56	3	2	1	1	NA	NA	NA	unphased	0.812724254270872	0.812724254270872	1
22	35478550	35478551	101	19	3	2	1	1	NA	NA	NA	unphased	0.604342723004695	0.604342723004695	1
22	40080409	40080410	12	7	3	2	1	1	NA	NA	NA	unphased	1.40622683469236	1.40622683469236	1
22	40139938	40139939	51	19	3	2	1	1	NA	NA	NA	unphased	1.03601609657948	1.03601609657948	1
22	50216867	50216868	115	94	NA	NA	NA	NA	NA	NA	NA	unphased	NA	NA	1
3	14801435	14801436	40	5	2	1	1	1	NA	NA	NA	unphased	0.312989045383412	0.312989045383412	1
3	14801436	14801437	40	5	2	1	1	1	NA	NA	NA	unphased	0.312989045383412	0.312989045383412	1
3	19389264	19389265	97	61	2	1	1	1	NA	NA	NA	unphased	1.08753788554109	1.08753788554109	1
3	25686808	25686809	132	38	2	1	1	1	NA	NA	NA	unphased	0.629660314830157	0.629660314830157	1
3	33481290	33481291	36	15	2	1	1	1	NA	NA	NA	unphased	0.828500414250207	0.828500414250207	1
3	38318954	38318955	45	26	2	1	1	1	NA	NA	NA	unphased	1.0315413608411	1.0315413608411	1
3	38830445	38830446	46	23	2	1	1	1	NA	NA	NA	unphased	0.938967136150235	0.938967136150235	1
3	39543684	39543685	42	12	2	1	1	1	NA	NA	NA	unphased	0.625978090766823	0.625978090766823	1
3	42728172	42728173	49	16	2	1	1	1	NA	NA	NA	unphased	0.693391115926327	0.693391115926327	1
3	50224168	50224169	17	5	2	1	1	1	NA	NA	NA	unphased	0.640204865556978	0.640204865556978	1
3	53815621	53815622	39	17	2	1	1	1	NA	NA	NA	unphased	0.855130784708249	0.855130784708249	1
3	62187208	62187209	35	16	2	1	1	1	NA	NA	NA	unphased	0.883733775200221	0.883733775200221	1
3	69028821	69028822	54	16	2	1	1	1	NA	NA	NA	unphased	0.643863179074447	0.643863179074447	1
3	69168127	69168128	44	15	2	1	1	1	NA	NA	NA	unphased	0.71616137502984	0.71616137502984	1
3	70008495	70008496	22	15	2	1	1	1	NA	NA	NA	unphased	1.14198705748002	1.14198705748002	1
3	79174625	79174626	25	9	2	1	1	1	NA	NA	NA	unphased	0.745650372825186	0.745650372825186	1
3	101062528	101062529	159	28	3	3	0	1	NA	NA	NA	unphased	0.571514649393688	0.571514649393688	1
3	122591353	122591354	365	58	5	4	1	1	NA	NA	NA	unphased	0.797589318416409	0.797589318416409	1
3	122632821	122632822	99	15	5	4	1	1	NA	NA	NA	unphased	0.76538176426983	0.76538176426983	1
3	126571493	126571494	49	55	5	4	1	1	NA	NA	NA	unphased	3.07624593716143	1.02541531238714	3
3	141161799	141161800	67	196	4.35	6	0	0.67	1	0	0.33	unphased	3.85061854013817	0.960254000034456	4.01
3	141626097	141626098	175	45	4.35	6	0	0.67	1	0	0.33	unphased	1.0568661971831	1.0568661971831	1
3	164781243	164781244	160	6	5	5	0	1	NA	NA	NA	unphased	0.210249448498218	0.210249448498218	1
4	1737454	1737455	72	59	3	2	1	1	NA	NA	NA	unphased	1.71906246640146	0.859531233200731	2
4	2343281	2343282	44	33	3	2	1	1	NA	NA	NA	unphased	1.63581488933602	0.817907444668008	2
4	2733693	2733694	14	16	3	2	1	1	NA	NA	NA	unphased	2.03568075117371	1.01784037558685	2
4	10448000	10448001	78	43	3	2	1	1	NA	NA	NA	unphased	1.35641950878827	0.678209754394133	2
4	16510278	16510279	57	45	3	2	1	1	NA	NA	NA	unphased	1.68392709196355	0.841963545981773	2
4	25014046	25014047	77	84	3	2	1	1	NA	NA	NA	unphased	1.99142682180037	0.995713410900184	2
4	30724142	30724143	18	24	3	2	1	1	NA	NA	NA	unphased	2.18108651911469	1.09054325955734	2
4	30725460	30725461	35	14	3	2	1	1	NA	NA	NA	unphased	1.09054325955734	1.09054325955734	1
4	36160996	36160997	124	32	3	2	1	1	NA	NA	NA	unphased	0.782954135066811	0.782954135066811	1
4	36160997	36160998	124	32	3	2	1	1	NA	NA	NA	unphased	0.782954135066811	0.782954135066811	1
4	48584728	48584729	127	33	3	2	1	1	NA	NA	NA	unphased	0.787235915492958	0.787235915492958	1
4	56465342	56465343	38	4	3	2	1	1	NA	NA	NA	unphased	0.363514419852448	0.363514419852448	1
4	57181601	57181602	12	6	3	2	1	1	NA	NA	NA	unphased	1.27230046948357	1.27230046948357	1
4	62812662	62812663	222	65	3	2	1	1	NA	NA	NA	unphased	0.864455022819846	0.864455022819846	1
4	65175634	65175635	59	45	3	2	1	1	NA	NA	NA	unphased	1.65154387865655	0.825771939328277	2
4	70351092	70351093	231	77	3	2	1	1	NA	NA	NA	unphased	0.954225352112676	0.954225352112676	1
4	70361500	70361501	188	47	3	2	1	1	NA	NA	NA	unphased	0.763380281690141	0.763380281690141	1
4	76522206	76522207	141	113	3	2	1	1	NA	NA	NA	unphased	1.69807031163358	0.84903515581679	2
4	76811181	76811182	152	66	3	2	1	1	NA	NA	NA	unphased	1.15557565576948	1.15557565576948	1
4	81207619	81207620	96	75	3	2	1	1	NA	NA	NA	unphased	1.67407956510996	0.837039782554979	2
4	82369221	82369222	61	61	3	2	1	1	NA	NA	NA	unphased	1.90845070422535	0.954225352112676	2
4	82369222	82369223	61	61	3	2	1	1	NA	NA	NA	unphased	1.90845070422535	0.954225352112676	2
4	83369093	83369094	24	21	3	2	1	1	NA	NA	NA	unphased	1.781220657277	0.890610328638498	2
4	87671972	87671973	31	13	3	2	1	1	NA	NA	NA	unphased	1.12772087067862	1.12772087067862	1
4	89199741	89199742	24	25	3	2	1	1	NA	NA	NA	unphased	1.94739867778097	0.973699338890486	2
4	90874672	90874673	11	4	3	2	1	1	NA	NA	NA	unphased	1.01784037558685	1.01784037558685	1
4	95583636	95583637	97	80	3	2	1	1	NA	NA	NA	unphased	1.72515317896077	0.862576589480385	2
4	100542252	100542253	76	65	3	2	1	1	NA	NA	NA	unphased	1.75956447907302	0.87978223953651	2
4	110663663	110663664	39	61	3	2	1	1	NA	NA	NA	unphased	2.32830985915493	1.16415492957746	2
4	111482576	111482577	34	15	3	2	1	1	NA	NA	NA	unphased	1.16843920666858	1.16843920666858	1
4	119219990	119219991	68	59	1.34	2	1	0.17	1	0	0.83	unphased	1.00202506376844	1.00202506376844	1
4	121774679	121774680	246	99	1.34	2	1	0.17	1	0	0.83	unphased	0.618936925903246	0.618936925903246	1
4	126242173	126242174	226	59	1.34	2	1	0.17	1	0	0.83	unphased	0.446516431924883	0.446516431924883	1
4	126369705	126369706	85	26	1.34	2	1	0.17	1	0	0.83	unphased	0.505220149727192	0.505220149727192	1
4	154197104	154197105	89	17	1.34	2	1	0.17	1	0	0.83	unphased	0.345918150411905	0.345918150411905	1
4	155156619	155156620	131	41	1.34	2	1	0.17	1	0	0.83	unphased	0.514145103177203	0.514145103177203	1
4	156135539	156135540	28	36	1.34	2	1	0.17	1	0	0.83	unphased	1.21325704225352	1.21325704225352	1
4	162402217	162402218	211	55	1.69	3	1	0.23	0	1	0.77	unphased	0.518344276183416	0.518344276183416	1
5	801261	801262	406	33	NA	NA	NA	NA	NA	NA	NA	unphased	NA	NA	1
5	10414597	10414598	131	314	9	7	2	1	NA	NA	NA	unphased	6.92698211742364	0.989568873917663	7
5	11384927	11384928	24	79	9	7	2	1	NA	NA	NA	unphased	7.52946807055928	1.07563829579418	7
5	14465676	14465677	239	14	9	7	2	1	NA	NA	NA	unphased	0.543227745922173	0.543227745922173	1
5	16465699	16465700	166	20	9	7	2	1	NA	NA	NA	unphased	1.0555807966076	1.0555807966076	1
5	21975464	21975465	153	336	9	7	2	1	NA	NA	NA	unphased	6.7453555689968	0.963622224142401	7
5	32087949	32087950	18	38	9	7	2	1	NA	NA	NA	unphased	6.66146881287726	0.951638401839609	7
5	32774932	32774933	362	61	9	7	2	1	NA	NA	NA	unphased	1.41567608963474	0.707838044817368	2
5	33461107	33461108	299	46	9	7	2	1	NA	NA	NA	unphased	1.30892018779343	1.30892018779343	1
5	35873681	35873682	330	9	9	7	2	1	NA	NA	NA	unphased	0.260625701109311	0.260625701109311	1
5	41909864	41909865	133	25	9	7	2	1	NA	NA	NA	unphased	1.55330718488144	0.77665359244072	2
5	63257018	63257019	62	62	2	2	0	1	NA	NA	NA	unphased	1.40845070422535	0.704225352112676	2
5	75954375	75954376	28	78	2	2	0	1	NA	NA	NA	unphased	2.07281424395429	1.03640712197715	2
5	112915352	112915353	49	94	2	2	0	1	NA	NA	NA	unphased	1.85166945730326	0.92583472865163	2
5	140166630	140166631	68	50	2	2	0	1	NA	NA	NA	unphased	1.1936022917164	1.1936022917164	1
5	140167154	140167155	31	55	2	2	0	1	NA	NA	NA	unphased	1.80150671470685	0.900753357353423	2
5	140223246	140223247	26	39	2	2	0	1	NA	NA	NA	unphased	1.69014084507042	0.845070422535211	2
5	140515489	140515490	37	80	2	2	0	1	NA	NA	NA	unphased	1.92608643312869	0.963043216564343	2
5	140553339	140553340	24	65	2	2	0	1	NA	NA	NA	unphased	2.05728754549771	1.02864377274885	2
5	140580787	140580788	39	87	2	2	0	1	NA	NA	NA	unphased	1.94500335345406	0.972501676727029	2
5	140720358	140720359	60	22	2	2	0	1	NA	NA	NA	unphased	0.755754036413604	0.755754036413604	1
5	149503823	149503824	13	20	2	2	0	1	NA	NA	NA	unphased	1.70721297481861	0.853606487409304	2
5	150277687	150277688	45	80	2	2	0	1	NA	NA	NA	unphased	1.80281690140845	0.901408450704225	2
5	180625212	180625213	7	26	NA	NA	NA	NA	NA	NA	NA	unphased	NA	NA	1
6	24564510	24564511	18	28	3	3	0	1	NA	NA	NA	unphased	2.32333129210043	1.16166564605021	2
6	24564511	24564512	19	28	3	3	0	1	NA	NA	NA	unphased	2.27389871141744	1.13694935570872	2
6	25820132	25820133	28	72	3	3	0	1	NA	NA	NA	unphased	2.74816901408451	0.916056338028169	3
6	28543353	28543354	49	165	3	3	0	1	NA	NA	NA	unphased	2.94293800184283	0.980979333947611	3
6	28962924	28962925	30	98	3	3	0	1	NA	NA	NA	unphased	2.92231514084507	0.974105046948357	3
6	28962925	28962926	31	99	3	3	0	1	NA	NA	NA	unphased	2.90671722643554	0.968905742145179	3
6	30672712	30672713	32	157	3	3	0	1	NA	NA	NA	unphased	3.17065355093524	1.05688451697841	3
6	43322910	43322911	16	59	3	3	0	1	NA	NA	NA	unphased	3.00262910798122	1.00087636932707	3
6	55638863	55638864	168	18	3	2	1	1	NA	NA	NA	unphased	0.36937755565652	0.36937755565652	1
6	71004006	71004007	120	99	3	2	1	1	NA	NA	NA	unphased	1.72544858190237	0.862724290951187	2
6	80737727	80737728	36	37	3	2	1	1	NA	NA	NA	unphased	1.93459386455721	0.967296932278603	2
6	82461467	82461468	31	28	3	2	1	1	NA	NA	NA	unphased	1.81141083790881	0.905705418954404	2
6	90415837	90415838	40	41	3	2	1	1	NA	NA	NA	unphased	1.9320118240306	0.966005912015302	2
6	96652005	96652006	108	31	3	2	1	1	NA	NA	NA	unphased	0.851251393251596	0.851251393251596	1
6	107391663	107391664	36	10	3	2	1	1	NA	NA	NA	unphased	0.829761175750153	0.829761175750153	1
6	117130547	117130548	64	45	3	2	1	1	NA	NA	NA	unphased	1.5757849851402	0.7878924925701	2
6	117240429	117240430	95	15	3	2	1	1	NA	NA	NA	unphased	0.520486555697823	0.520486555697823	1
6	117681562	117681563	38	41	3	2	1	1	NA	NA	NA	unphased	1.98092351577821	0.990461757889107	2
6	119252619	119252620	34	44	3	2	1	1	NA	NA	NA	unphased	2.15312387143373	1.07656193571687	2
6	123892144	123892145	88	14	3	2	1	1	NA	NA	NA	unphased	0.523888428610881	0.523888428610881	1
6	130378583	130378584	14	7	3	2	1	1	NA	NA	NA	unphased	1.27230046948357	1.27230046948357	1
6	132910475	132910476	88	22	3	2	1	1	NA	NA	NA	unphased	0.763380281690141	0.763380281690141	1
6	133077157	133077158	33	7	3	2	1	1	NA	NA	NA	unphased	0.667957746478873	0.667957746478873	1
6	139564384	139564385	64	20	3	2	1	1	NA	NA	NA	unphased	0.90878604963112	0.90878604963112	1
6	144098472	144098473	34	12	3	2	1	1	NA	NA	NA	unphased	0.995713410900184	0.995713410900184	1
6	148864898	148864899	77	88	3	2	1	1	NA	NA	NA	unphased	2.03568075117371	1.01784037558685	2
6	160908352	160908353	22	33	3	2	1	1	NA	NA	NA	unphased	2.29014084507042	1.14507042253521	2
6	165792837	165792838	68	15	3	2	1	1	NA	NA	NA	unphased	0.689801459358561	0.689801459358561	1
6	167796369	167796370	12	10	3	2	1	1	NA	NA	NA	unphased	1.73495518565941	0.867477592829705	2
7	4249699	4249700	69	60	4	3	1	1	NA	NA	NA	unphased	2.24041925974451	1.12020962987226	2
7	5540379	5540380	15	27	4	3	1	1	NA	NA	NA	unphased	3.09657947686117	1.03219315895372	3
7	6730590	6730591	97	17	4	3	1	1	NA	NA	NA	unphased	0.71830985915493	0.71830985915493	1
7	8167590	8167591	163	169	4	3	1	1	NA	NA	NA	unphased	2.45197692177159	0.817325640590531	3
7	10979688	10979689	83	116	4	3	1	1	NA	NA	NA	unphased	2.80784202703659	0.935947342345531	3
7	24874223	24874224	55	53	4	3	1	1	NA	NA	NA	unphased	2.36384976525822	1.18192488262911	2
7	30475670	30475671	53	15	3	2	1	1	NA	NA	NA	unphased	0.841963545981773	0.841963545981773	1
7	37955993	37955994	56	61	3	2	1	1	NA	NA	NA	unphased	1.99000842662815	0.995004213314073	2
7	37956125	37956126	20	22	3	2	1	1	NA	NA	NA	unphased	1.99932930918846	0.999664654594232	2
7	38289043	38289044	169	160	3	2	1	1	NA	NA	NA	unphased	1.85624384605505	0.928121923027527	2
7	48086125	48086126	17	6	3	2	1	1	NA	NA	NA	unphased	0.995713410900184	0.995713410900184	1
7	50531070	50531071	56	19	3	2	1	1	NA	NA	NA	unphased	0.966948356807512	0.966948356807512	1
7	54636707	54636708	8	3	3	2	1	1	NA	NA	NA	unphased	1.04097311139565	1.04097311139565	1
7	55910722	55910723	13	11	3	2	1	1	NA	NA	NA	unphased	1.74941314553991	0.874706572769953	2
7	81331911	81331912	57	40	3	2	1	1	NA	NA	NA	unphased	1.57397996224771	0.786989981123856	2
7	94039043	94039044	74	57	3	2	1	1	NA	NA	NA	unphased	1.66078916245565	0.830394581227825	2
7	99754530	99754531	166	28	3	2	1	1	NA	NA	NA	unphased	0.5508929867867	0.5508929867867	1
7	102738949	102738950	145	55	2.42	2	1	0.42	1	1	0.58	unphased	0.890147887323944	0.890147887323944	1
7	102738950	102738951	150	55	2.42	2	1	0.42	1	1	0.58	unphased	0.868436963242872	0.868436963242872	1
7	103143653	103143654	90	23	2.42	2	1	0.42	1	1	0.58	unphased	0.658838339773152	0.658838339773152	1
7	107603474	107603475	125	71	2.42	2	1	0.42	1	1	0.58	unphased	1.17255102040816	1.17255102040816	1
7	127254599	127254600	4	12	5.32	5	2	0.72	1	0	0.28	unphased	4.60267605633803	0.975143232275006	4.72
7	129094343	129094344	141	27	5.32	5	2	0.72	1	0	0.28	unphased	0.986287726358149	0.986287726358149	1
7	131195745	131195746	306	66	5.32	5	2	0.72	1	0	0.28	unphased	1.08880508859609	1.08880508859609	1
7	139826528	139826529	224	110	5.32	5	2	0.72	1	0	0.28	unphased	2.02113519439993	0.828334096065546	2.44
7	142605693	142605694	144	79	5.32	5	2	0.72	1	0	0.28	unphased	2.17405924335249	0.891007886619874	2.44
7	142654954	142654955	80	85	5.32	5	2	0.72	1	0	0.28	unphased	3.16143405889885	1.00045381610723	3.16
7	144074242	144074243	107	21	5.32	5	2	0.72	1	0	0.28	unphased	1.00683538732394	1.00683538732394	1
7	156437449	156437450	134	19	2.3	3	1	0.15	1	1	0.85	unphased	0.387066187977539	0.387066187977539	1
8	623390	623391	57	100	2	2	0	1	NA	NA	NA	unphased	1.79420471875841	0.897102359379205	2
8	3008928	3008929	12	22	2	2	0	1	NA	NA	NA	unphased	1.82270091135046	0.911350455675228	2
8	15998505	15998506	58	36	2	2	0	1	NA	NA	NA	unphased	1.0788133053641	1.0788133053641	1
8	15998506	15998507	57	36	2	2	0	1	NA	NA	NA	unphased	1.09041344843253	1.09041344843253	1
8	25280902	25280903	13	24	2	2	0	1	NA	NA	NA	unphased	1.82717929196802	0.913589645984012	2
8	27918116	27918117	10	18	2	2	0	1	NA	NA	NA	unphased	1.81086519114688	0.905432595573441	2
8	32505745	32505746	199	26	4.8	4	2	0.76	1	0	0.24	unphased	0.649064162754304	0.854031793097768	0.76
8	42233277	42233278	62	71	7	5	2	1	NA	NA	NA	unphased	4.17293233082707	1.04323308270677	4
8	49637287	49637288	72	21	7	5	2	1	NA	NA	NA	unphased	1.76510676965016	0.88255338482508	2
8	52321973	52321974	63	7	9	7	2	1	NA	NA	NA	unphased	0.98169014084507	0.98169014084507	1
8	67040549	67040550	388	80	9	7	2	1	NA	NA	NA	unphased	1.67810280486337	0.839051402431684	2
8	67791063	67791064	196	10	9	7	2	1	NA	NA	NA	unphased	0.476548612060714	0.476548612060714	1
8	71646106	71646107	181	30	9	7	2	1	NA	NA	NA	unphased	1.3957679727655	0.697883986382751	2
8	72128976	72128977	416	89	9	7	2	1	NA	NA	NA	unphased	1.73010737693488	0.865053688467438	2
8	77617651	77617652	68	11	9	7	2	1	NA	NA	NA	unphased	1.36691032269567	1.36691032269567	1
8	90996831	90996832	30	15	7.04	7	1	0.84	1	1	0.16	unphased	2.61896713615023	0.97722654333964	2.68
8	95178148	95178149	180	22	7.04	7	1	0.84	1	1	0.16	unphased	0.855702133593641	0.855702133593641	1
8	99440454	99440455	354	39	7.04	7	1	0.84	1	1	0.16	unphased	0.779692506182131	0.779692506182131	1
8	101092426	101092427	438	47	7.04	7	1	0.84	1	1	0.16	unphased	0.761390445767388	0.906417197342128	0.84
8	101541820	101541821	248	22	7.04	7	1	0.84	1	1	0.16	unphased	0.640191966614502	0.762133293588693	0.84
8	104898439	104898440	161	14	7.04	7	1	0.84	1	1	0.16	unphased	0.628552112676056	0.748276324614353	0.84
8	105160963	105160964	201	17	7.04	7	1	0.84	1	1	0.16	unphased	0.61269414653056	0.729397793488761	0.84
8	106815487	106815488	72	40	7.04	7	1	0.84	1	1	0.16	unphased	2.80603621730382	0.988040921585853	2.84
8	110451188	110451189	204	19	8	7	1	1	0	1	0	unphased	0.751215815069791	0.751215815069791	1
8	110539081	110539082	33	7	8	7	1	1	0	1	0	unphased	1.54295774647887	1.54295774647887	1
8	113299426	113299427	289	32	8	7	1	1	0	1	0	unphased	0.878943442586986	0.878943442586986	1
8	113314024	113314025	185	13	8	7	1	1	0	1	0	unphased	0.57888746621141	0.57888746621141	1
8	118165220	118165221	301	23	3.04	6	1	0.34	1	0	0.66	unphased	0.273792383933229	0.805271717450673	0.34
8	120233904	120233905	829	110	3.04	6	1	0.34	1	0	0.66	unphased	0.45182018629348	0.45182018629348	1
8	124714889	124714890	335	20	3.04	6	1	0.34	1	0	0.66	unphased	0.217290220194406	0.217290220194406	1
8	134488263	134488264	168	20	3.04	6	1	0.34	1	0	0.66	unphased	0.410308660473479	1.20679017786317	0.34
8	143545864	143545865	6	13	3.04	6	1	0.34	1	0	0.66	unphased	2.63893254262417	0.984676321874689	2.68
8	144991187	144991188	113	36	3.04	6	1	0.34	1	0	0.66	unphased	0.931868796672654	0.931868796672654	1
8	145101591	145101592	114	25	3.04	6	1	0.34	1	0	0.66	unphased	0.693687303678184	0.693687303678184	1
9	2718878	2718879	41	28	2	1	1	0.84	1	1	0.16	unphased	1.14309042661768	1.14309042661768	1
9	14722334	14722335	39	16	2	1	1	0.84	1	1	0.16	unphased	0.819462227912932	0.819462227912932	1
9	14746969	14746970	35	6	2	1	1	0.84	1	1	0.16	unphased	0.41222947440742	0.41222947440742	1
9	14846057	14846058	14	4	2	1	1	0.84	1	1	0.16	unphased	0.625978090766823	0.625978090766823	1
9	27213550	27213551	1664	34	9	7	2	1	NA	NA	NA	unphased	0.196569286152723	0.196569286152723	1
9	35043618	35043619	755	90	6.9	7	2	0.7	1	1	0.3	unphased	0.821918493207767	1.1741692760111	0.7
9	35870132	35870133	52	25	2.26	2	1	0.26	1	1	0.74	unphased	0.998993963782696	0.998993963782696	1
9	37436732	37436733	161	69	1.16	2	1	0.08	0	1	0.92	unphased	0.593070422535211	0.593070422535211	1
9	74587822	74587823	60	27	2	1	1	0.83	1	1	0.17	unphased	0.874210781932977	0.874210781932977	1
9	75407226	75407227	218	101	2	1	1	0.83	1	1	0.17	unphased	0.891871605810411	0.891871605810411	1
9	90535696	90535697	160	46	2.39	2	1	0.39	1	1	0.61	unphased	0.716104198003555	0.716104198003555	1
9	100693290	100693291	170	60	2.39	2	1	0.39	1	1	0.61	unphased	0.836582976117575	0.836582976117575	1
9	106889587	106889588	81	23	1.2	2	1	0.1	0	1	0.9	unphased	0.446045503791983	0.446045503791983	1
9	107267219	107267220	231	75	1.2	2	1	0.1	0	1	0.9	unphased	0.494338580502624	0.494338580502624	1
9	111732693	111732694	42	16	2	1	1	0.87	1	1	0.13	unphased	0.777076250607091	0.777076250607091	1
9	117120443	117120444	45	19	2	1	1	0.87	1	1	0.13	unphased	0.836267605633803	0.836267605633803	1
9	117838786	117838787	312	148	2	1	1	0.87	1	1	0.13	unphased	0.906307409675444	0.906307409675444	1
9	125281567	125281568	250	125	1.02	2	1	0.01	0	1	0.99	unphased	0.612300469483568	0.612300469483568	1
9	125330161	125330162	22	25	1.02	2	1	0.01	0	1	0.99	unphased	0.977075217261013	0.977075217261013	1
9	126520020	126520021	65	23	1.02	2	1	0.01	0	1	0.99	unphased	0.480099231754161	0.480099231754161	1
9	126794782	126794783	32	24	1.02	2	1	0.01	0	1	0.99	unphased	0.787243460764588	0.787243460764588	1
9	130672249	130672250	12	25	2.64	3	1	0.32	1	1	0.68	unphased	2.33574419489912	1.00678629090479	2.32
9	132595736	132595737	71	52	1.08	2	1	0.04	0	1	0.96	unphased	0.801942058857208	0.801942058857208	1
9	134136146	134136147	27	41	1.08	2	1	0.04	0	1	0.96	unphased	1.14371996685998	1.14371996685998	1
9	135204636	135204637	70	37	1.89	1	1	0.89	1	0	0.11	unphased	0.936031328155851	0.936031328155851	1
9	138645807	138645808	39	21	1.89	1	1	0.89	1	0	0.11	unphased	0.947415492957747	0.947415492957747	1
X	3238594	3238595	107	18	NA	NA	NA	NA	NA	NA	NA	unphased	NA	NA	1
X	26212412	26212413	15	19	NA	NA	NA	NA	NA	NA	NA	unphased	NA	NA	1
X	29972726	29972727	17	29	NA	NA	NA	NA	NA	NA	NA	unphased	NA	NA	1
X	29972727	29972728	17	30	NA	NA	NA	NA	NA	NA	NA	unphased	NA	NA	1
X	30269641	30269642	10	12	NA	NA	NA	NA	NA	NA	NA	unphased	NA	NA	1
X	30269642	30269643	9	13	NA	NA	NA	NA	NA	NA	NA	unphased	NA	NA	1
X	37026572	37026573	19	11	NA	NA	NA	NA	NA	NA	NA	unphased	NA	NA	1
X	48463412	48463413	7	17	NA	NA	NA	NA	NA	NA	NA	unphased	NA	NA	1
X	73062808	73062809	9	58	NA	NA	NA	NA	NA	NA	NA	unphased	NA	NA	1
X	73963707	73963708	47	126	NA	NA	NA	NA	NA	NA	NA	unphased	NA	NA	1
X	78216656	78216657	24	41	NA	NA	NA	NA	NA	NA	NA	unphased	NA	NA	1
X	79286061	79286062	27	109	NA	NA	NA	NA	NA	NA	NA	unphased	NA	NA	1
X	91066258	91066259	16	46	NA	NA	NA	NA	NA	NA	NA	unphased	NA	NA	1
X	99854604	99854605	10	25	NA	NA	NA	NA	NA	NA	NA	unphased	NA	NA	1
X	99917333	99917334	63	41	NA	NA	NA	NA	NA	NA	NA	unphased	NA	NA	1
X	100656648	100656649	99	57	NA	NA	NA	NA	NA	NA	NA	unphased	NA	NA	1
X	123654450	123654451	23	130	NA	NA	NA	NA	NA	NA	NA	unphased	NA	NA	1
X	148797278	148797279	26	88	NA	NA	NA	NA	NA	NA	NA	unphased	NA	NA	1
X	153556266	153556267	40	206	NA	NA	NA	NA	NA	NA	NA	unphased	NA	NA	1
Y	22918695	22918696	7	51	NA	NA	NA	NA	NA	NA	NA	unphased	NA	NA	1
