chr	start	end	WT.count	mut.count	subclonal.CN	nMaj1	nMin1	frac1	nMaj2	nMin2	frac2	phase	mutation.copy.number	subclonal.fraction	no.chrs.bearing.mut
1	27878008	27878009	30	8	1	1	0	1	NA	NA	NA	unphased	0.555023923444976	0.555023923444976	1
1	45232579	45232580	36	18	1	1	0	1	NA	NA	NA	unphased	0.878787878787879	0.878787878787879	1
1	45232775	45232776	46	25	1	1	0	1	NA	NA	NA	unphased	0.928297055057618	0.928297055057618	1
1	145282030	145282031	80	7	NA	NA	NA	NA	NA	NA	NA	unphased	NA	NA	1
1	151779881	151779882	13	5	3	2	1	1	NA	NA	NA	unphased	1.28787878787879	1.28787878787879	1
1	153735785	153735786	74	62	3	2	1	1	NA	NA	NA	unphased	2.11363636363636	1.05681818181818	2
1	160136390	160136391	48	16	3	2	1	1	NA	NA	NA	unphased	1.15909090909091	1.15909090909091	1
1	164781370	164781371	53	6	3	2	1	1	NA	NA	NA	unphased	0.471494607087827	0.471494607087827	1
1	244218144	244218145	24	24	3	2	1	1	NA	NA	NA	unphased	2.31818181818182	1.15909090909091	2
10	22607578	22607579	52	17	2	1	1	0.36	1	1	0.64	unphased	0.895915678524374	0.895915678524374	1
10	61432634	61432635	20	11	2	1	1	0.27	1	1	0.73	unphased	1.29032258064516	1.29032258064516	1
10	88703037	88703038	37	10	2	1	1	0.27	1	1	0.73	unphased	0.773694390715667	0.773694390715667	1
11	5969025	5969026	104	9	1.04	1	1	0.04	0	1	0.96	unphased	0.213161705551086	0.213161705551086	1
11	10794074	10794075	20	9	1.04	1	1	0.04	0	1	0.96	unphased	0.830595611285266	0.830595611285266	1
11	55371599	55371600	32	32	2	1	1	0.1	1	1	0.9	unphased	1.81818181818182	1.81818181818182	1
11	55761722	55761723	57	12	2	1	1	0.1	1	1	0.9	unphased	0.632411067193676	0.702678963548529	0.9
11	57576855	57576856	32	15	2	1	1	0.1	1	1	0.9	unphased	1.1605415860735	1.1605415860735	1
11	75727966	75727967	61	15	2	1	1	0.1	1	1	0.9	unphased	0.717703349282297	0.717703349282297	1
11	105880458	105880459	139	43	2	1	1	0.1	1	1	0.9	unphased	0.859140859140859	0.859140859140859	1
11	108382976	108382977	65	22	2	1	1	0.1	1	1	0.9	unphased	0.919540229885057	0.919540229885057	1
11	122930468	122930469	38	3	2	1	1	0.1	1	1	0.9	unphased	0.266075388026608	0.266075388026608	1
11	125864258	125864259	27	6	2	1	1	0.1	1	1	0.9	unphased	0.661157024793388	0.661157024793388	1
12	5722117	5722118	39	10	2	1	1	1	NA	NA	NA	unphased	0.742115027829313	0.742115027829313	1
12	9002261	9002262	40	7	2	1	1	1	NA	NA	NA	unphased	0.541586073500967	0.541586073500967	1
12	14578136	14578137	45	15	2	1	1	0.11	1	1	0.89	unphased	0.909090909090909	0.909090909090909	1
12	23696275	23696276	89	35	2	1	1	0.11	1	1	0.89	unphased	1.02639296187683	1.02639296187683	1
12	42840436	42840437	24	15	2	1	1	0.11	1	1	0.89	unphased	1.3986013986014	1.3986013986014	1
12	50571709	50571710	132	7	2	1	1	0.11	1	1	0.89	unphased	0.183126226291694	0.183126226291694	1
12	52885384	52885385	81	24	2	1	1	0.11	1	1	0.89	unphased	0.831168831168831	0.831168831168831	1
12	53201457	53201458	83	18	2	1	1	0.11	1	1	0.89	unphased	0.648064806480648	0.72816270391084	0.89
12	57588839	57588840	65	28	2	1	1	0.11	1	1	0.89	unphased	1.09481915933529	1.09481915933529	1
12	117768175	117768176	73	13	2	1	1	0.11	1	1	0.89	unphased	0.549682875264271	0.617621208162102	0.89
12	119916930	119916931	33	12	2	1	1	0.11	1	1	0.89	unphased	0.96969696969697	0.96969696969697	1
12	129558386	129558387	52	10	2	1	1	0.11	1	1	0.89	unphased	0.586510263929619	0.659000296550133	0.89
13	21965980	21965981	17	4	2	2	0	1	NA	NA	NA	unphased	0.692640692640693	0.692640692640693	1
15	22369130	22369131	133	35	NA	NA	NA	NA	NA	NA	NA	unphased	NA	NA	1
15	41862507	41862508	101	22	2	1	1	1	NA	NA	NA	unphased	0.650406504065041	0.650406504065041	1
15	45814459	45814460	50	3	2	1	1	1	NA	NA	NA	unphased	0.205831903945111	0.205831903945111	1
15	49429424	49429425	33	8	2	1	1	1	NA	NA	NA	unphased	0.709534368070953	0.709534368070953	1
15	68661577	68661578	42	19	2	1	1	1	NA	NA	NA	unphased	1.13263785394933	1.13263785394933	1
15	84652053	84652054	118	42	2	1	1	1	NA	NA	NA	unphased	0.954545454545454	0.954545454545454	1
16	2000846	2000847	38	33	2	2	0	1	NA	NA	NA	unphased	1.69014084507042	0.845070422535211	2
16	89351185	89351186	26	5	2	2	0	1	NA	NA	NA	unphased	0.586510263929619	0.586510263929619	1
17	7577579	7577580	16	25	2	2	0	1	NA	NA	NA	unphased	2.21729490022173	1.10864745011086	2
17	37564165	37564166	52	15	2	2	0	1	NA	NA	NA	unphased	0.814111261872456	0.814111261872456	1
17	37564268	37564269	59	29	2	2	0	1	NA	NA	NA	unphased	1.19834710743802	1.19834710743802	1
17	37564890	37564891	49	10	2	2	0	1	NA	NA	NA	unphased	0.61633281972265	0.61633281972265	1
17	54969226	54969227	22	19	2	2	0	1	NA	NA	NA	unphased	1.68514412416851	0.842572062084257	2
17	56247783	56247784	54	53	2	2	0	1	NA	NA	NA	unphased	1.80118946474087	0.900594732370433	2
17	67039849	67039850	25	27	2	2	0	1	NA	NA	NA	unphased	1.88811188811189	0.944055944055944	2
17	74527628	74527629	40	12	2	2	0	1	NA	NA	NA	unphased	0.839160839160839	0.839160839160839	1
19	20027424	20027425	89	4	1.43	1	1	0.43	1	0	0.57	unphased	0.13188660801564	0.13188660801564	1
19	37904953	37904954	74	31	1.43	1	1	0.43	1	0	0.57	unphased	0.905307359307359	0.905307359307359	1
19	38948933	38948934	85	59	2.26	2	1	0.63	1	0	0.37	unphased	1.59642676767677	0.979402924955072	1.63
19	44536872	44536873	83	16	2	1	1	0.14	1	1	0.86	unphased	0.587695133149679	0.683366433894975	0.86
19	52705204	52705205	28	6	2	1	1	0.14	1	1	0.86	unphased	0.641711229946524	0.641711229946524	1
2	3392129	3392130	8	5	2	1	1	1	NA	NA	NA	unphased	1.3986013986014	1.3986013986014	1
2	27303627	27303628	20	9	2	1	1	1	NA	NA	NA	unphased	1.12852664576802	1.12852664576802	1
2	49381443	49381444	28	13	1.08	1	1	0.08	1	0	0.92	unphased	0.861286031042129	0.861286031042129	1
2	54014504	54014505	48	18	1.08	1	1	0.08	1	0	0.92	unphased	0.740826446280992	0.740826446280992	1
2	70933546	70933547	35	22	1.13	1	1	0.13	1	0	0.87	unphased	1.06771929824561	1.06771929824561	1
2	74757202	74757203	28	13	1.13	1	1	0.13	1	0	0.87	unphased	0.877139689578714	0.877139689578714	1
2	88427469	88427470	98	41	2	1	1	1	NA	NA	NA	unphased	1.07259646827992	1.07259646827992	1
2	105990062	105990063	28	6	2	1	1	1	NA	NA	NA	unphased	0.641711229946524	0.641711229946524	1
2	131520796	131520797	30	10	2	1	1	1	NA	NA	NA	unphased	0.909090909090909	0.909090909090909	1
2	178098809	178098810	57	20	2.68	2	1	0.68	1	1	0.32	unphased	1.1211334120425	1.1211334120425	1
2	178402886	178402887	143	6	2.68	2	1	0.68	1	1	0.32	unphased	0.173813300793167	0.173813300793167	1
2	208611875	208611876	51	14	2.68	2	1	0.68	1	1	0.32	unphased	0.929678321678322	0.929678321678322	1
2	220103866	220103867	45	15	1	1	0	1	NA	NA	NA	unphased	0.659090909090909	0.659090909090909	1
20	9317804	9317805	52	15	2	1	1	1	NA	NA	NA	unphased	0.814111261872456	0.814111261872456	1
20	26084075	26084076	14	3	2	1	1	1	NA	NA	NA	unphased	0.641711229946524	0.641711229946524	1
22	32097715	32097716	58	16	2	1	1	1	NA	NA	NA	unphased	0.786240786240786	0.786240786240786	1
3	13417072	13417073	105	21	2	2	0	1	NA	NA	NA	unphased	0.606060606060606	0.606060606060606	1
3	33617710	33617711	30	3	1	1	0	1	NA	NA	NA	unphased	0.239669421487603	0.239669421487603	1
3	167322219	167322220	32	44	1.96	5	0	0.24	1	0	0.76	unphased	2.08210526315789	1.06229860365199	1.96
4	73013430	73013431	37	18	1	1	0	1	NA	NA	NA	unphased	0.862809917355372	0.862809917355372	1
4	73943166	73943167	61	33	1	1	0	1	NA	NA	NA	unphased	0.925531914893617	0.925531914893617	1
4	94145892	94145893	19	9	1	1	0	1	NA	NA	NA	unphased	0.847402597402597	0.847402597402597	1
4	123178554	123178555	95	30	1	1	0	1	NA	NA	NA	unphased	0.632727272727273	0.632727272727273	1
4	167022039	167022040	21	6	1	1	0	1	NA	NA	NA	unphased	0.585858585858586	0.585858585858586	1
5	13841158	13841159	98	18	2.69	2	1	0.69	1	1	0.31	unphased	0.671332288401254	0.972945345509064	0.69
5	13920701	13920702	82	13	2.69	2	1	0.69	1	1	0.31	unphased	0.592028708133971	0.858012620484016	0.69
5	35740041	35740042	69	12	2.69	2	1	0.69	1	1	0.31	unphased	0.640942760942761	0.640942760942761	1
5	60189023	60189024	9	5	1	1	0	1	NA	NA	NA	unphased	0.941558441558441	0.941558441558441	1
5	140221899	140221900	49	22	1	1	0	1	NA	NA	NA	unphased	0.816901408450704	0.816901408450704	1
6	30856734	30856735	18	8	2	2	0	1	NA	NA	NA	unphased	1.11888111888112	1.11888111888112	1
6	42016368	42016369	14	5	2	2	0	1	NA	NA	NA	unphased	0.956937799043062	0.956937799043062	1
7	41739882	41739883	187	53	2	1	1	0.11	1	1	0.89	unphased	0.803030303030303	0.902281239359891	0.89
7	44714138	44714139	42	9	2	1	1	0.11	1	1	0.89	unphased	0.641711229946524	0.641711229946524	1
7	47319762	47319763	67	36	2	1	1	0.11	1	1	0.89	unphased	1.27096204766108	1.27096204766108	1
7	71571273	71571274	23	12	2	1	1	0.11	1	1	0.89	unphased	1.24675324675325	1.24675324675325	1
7	82764925	82764926	9	4	2	1	1	0.11	1	1	0.89	unphased	1.11888111888112	1.11888111888112	1
7	102257162	102257163	26	3	2	1	1	0.11	1	1	0.89	unphased	0.376175548589342	0.422669155718361	0.89
7	117254678	117254679	53	14	2	1	1	0.11	1	1	0.89	unphased	0.759837177747625	0.759837177747625	1
7	117307085	117307086	23	6	2	1	1	0.11	1	1	0.89	unphased	0.752351097178683	0.752351097178683	1
7	143091366	143091367	50	13	2	1	1	0.11	1	1	0.89	unphased	0.75036075036075	0.75036075036075	1
8	42176880	42176881	55	22	2	1	1	1	NA	NA	NA	unphased	1.03896103896104	1.03896103896104	1
8	71075034	71075035	107	45	2	1	1	1	NA	NA	NA	unphased	1.07655502392344	1.07655502392344	1
8	80942389	80942390	29	13	2	1	1	1	NA	NA	NA	unphased	1.12554112554113	1.12554112554113	1
8	125463095	125463096	24	6	2	1	1	1	NA	NA	NA	unphased	0.727272727272727	0.727272727272727	1
8	131916110	131916111	61	21	2	1	1	1	NA	NA	NA	unphased	0.931263858093126	0.931263858093126	1
9	21227904	21227905	85	33	3	3	0	1	NA	NA	NA	unphased	1.29661016949153	1.29661016949153	1
9	27296646	27296647	69	8	3	3	0	1	NA	NA	NA	unphased	0.481700118063754	0.481700118063754	1
9	34290193	34290194	77	15	3	3	0	1	NA	NA	NA	unphased	0.755928853754941	0.755928853754941	1
9	35675546	35675547	16	34	3	3	0	1	NA	NA	NA	unphased	3.15272727272727	1.05090909090909	3
9	120475643	120475644	79	7	1	1	0	1	NA	NA	NA	unphased	0.214587737843552	0.214587737843552	1
9	124922026	124922027	42	8	1	1	0	1	NA	NA	NA	unphased	0.421818181818182	0.421818181818182	1
9	135211884	135211885	51	8	1	1	0	1	NA	NA	NA	unphased	0.357473035439137	0.357473035439137	1
X	50037926	50037927	12	21	NA	NA	NA	NA	NA	NA	NA	unphased	NA	NA	1
