chr	pos	ref	alt	gene	classification	t_ref_count	t_alt_count	total_depth	vaf	local_cn	major_cn	minor_cn	mcn	multiplicity	ccf	ccf_capped	is_clonal	purity	ploidy
1	44450680	C	T	B4GALT2	Silent	30	10	40	0.25	3	2	1	0.9167	1	0.9167	0.9167	True	0.75	3.05
1	53925206	C	T	DMRTB1	Missense_Mutation	6	11	17	0.6470588235294118	3	2	1	2.3725	2	1.1863	1.0	True	0.75	3.05
1	79470902	C	A	ELTD1	Missense_Mutation	7	9	16	0.5625	3	2	1	2.0625	2	1.0312	1.0	True	0.75	3.05
1	147380211	C	T	GJA8	Silent	58	31	89	0.34831460674157305	3	2	1	1.2772	1	1.2772	1.0	True	0.75	3.05
1	156012626	G	A	UBQLN4	Missense_Mutation	60	9	69	0.13043478260869565	4	2	2	0.6087	1	0.6087	0.6087	False	0.75	3.05
1	159409739	T	G	OR10J1	Missense_Mutation	131	100	231	0.4329004329004329	4	2	2	2.0202	2	1.0101	1.0	True	0.75	3.05
1	161693378	G	A	FCRLB	Missense_Mutation	42	34	76	0.4473684210526316	4	2	2	2.0877	2	1.0439	1.0	True	0.75	3.05
1	196758803	C	T	CFHR3	Intron	34	10	44	0.22727272727272727	3	2	1	0.8333	1	0.8333	0.8333	False	0.75	3.05
1	204119000	G	A	ETNK2	Missense_Mutation	13	4	17	0.23529411764705882	3	2	1	0.8627	1	0.8627	0.8627	True	0.75	3.05
1	210001396	T	G	DIEXF	5'UTR	56	26	82	0.3170731707317073	3	2	1	1.1626	1	1.1626	1.0	True	0.75	3.05
1	245850350	C	A	KIF26B	Silent	11	20	31	0.6451612903225806	3	2	1	2.3656	2	1.1828	1.0	True	0.75	3.05
2	51255000	C	A	NRXN1	Missense_Mutation	29	19	48	0.3958333333333333	3	2	1	1.4514	1	1.4514	1.0	True	0.75	3.05
2	56210114	C	A	MIR217	RNA	29	6	35	0.17142857142857143	3	2	1	0.6286	1	0.6286	0.6286	False	0.75	3.05
2	102836364	A	T	IL1RL2	Missense_Mutation	13	12	25	0.48	3	2	1	1.76	2	0.88	0.88	True	0.75	3.05
2	121736090	C	A	GLI2	Silent	49	71	120	0.5916666666666667	3	2	1	2.1694	2	1.0847	1.0	True	0.75	3.05
2	183129090	G	T	PDE1A	Missense_Mutation	67	17	84	0.20238095238095238	3	2	1	0.7421	1	0.7421	0.7421	False	0.75	3.05
2	211473150	T	C	CPS1	Missense_Mutation	196	9	205	0.04390243902439024	4	3	1	0.2049	1	0.2049	0.2049	False	0.75	3.05
2	235950502	G	A	SH3BP4	Silent	20	17	37	0.4594594594594595	4	3	1	2.1441	2	1.0721	1.0	True	0.75	3.05
3	5025415	C	T	BHLHE40	3'UTR	21	20	41	0.4878048780487805	3	3	0	1.7886	2	0.8943	0.8943	True	0.75	3.05
3	8787572	C	T	CAV3	3'UTR	7	32	39	0.8205128205128205	3	3	0	3.0085	3	1.0028	1.0	True	0.75	3.05
3	38888715	C	T	SCN11A	Missense_Mutation	81	18	99	0.18181818181818182	3	3	0	0.6667	1	0.6667	0.6667	False	0.75	3.05
3	188242498	G	T	LPP	Missense_Mutation	114	68	182	0.37362637362637363	4	4	0	1.7436	2	0.8718	0.8718	True	0.75	3.05
3	188242499	A	T	LPP	Missense_Mutation	114	68	182	0.37362637362637363	4	4	0	1.7436	2	0.8718	0.8718	True	0.75	3.05
4	65155449	A	C	TECRL	Missense_Mutation	12	10	22	0.45454545454545453	2	2	0	1.2121	1	1.2121	1.0	True	0.75	3.05
4	189012609	C	A	TRIML2	Missense_Mutation	28	40	68	0.5882352941176471	2	1	1	1.5686	1	1.5686	1.0	True	0.75	3.05
5	41739516	C	G	OXCT1	Missense_Mutation	113	30	143	0.2097902097902098	3	3	0	0.7692	1	0.7692	0.7692	False	0.75	3.05
5	79968173	A	T	MSH3	Silent	46	13	59	0.22033898305084745	3	3	0	0.8079	1	0.8079	0.8079	False	0.75	3.05
5	114632279	G	T	CCDC112	5'UTR	8	3	11	0.2727272727272727	2	2	0	0.7273	1	0.7273	0.7273	False	0.75	3.05
6	18122065	T	C	NHLRC1	Missense_Mutation	74	7	81	0.08641975308641975	5	5	0	0.4897	1	0.4897	0.4897	False	0.75	3.05
6	36343663	G	A	ETV7	Missense_Mutation	284	23	307	0.0749185667752443	5	5	0	0.4245	1	0.4245	0.4245	False	0.75	3.05
6	82459692	C	T	FAM46A	Missense_Mutation	51	36	87	0.41379310344827586	4	4	0	1.931	2	0.9655	0.9655	True	0.75	3.05
6	108985299	G	A	FOXO3	Silent	159	40	199	0.20100502512562815	4	4	0	0.938	1	0.938	0.938	True	0.75	3.05
6	146747700	G	A	GRM1	Intron	2	9	11	0.8181818181818182	2	2	0	2.1818	2	1.0909	1.0	True	0.75	3.05
7	141478766	G	A	TAS2R4	Missense_Mutation	181	68	249	0.27309236947791166	3	3	0	1.0013	1	1.0013	1.0	True	0.75	3.05
8	55533785	C	T	RP1	Missense_Mutation	187	44	231	0.19047619047619047	7	5	2	1.4603	1	1.4603	1.0	True	0.75	3.05
8	55542395	A	T	RP1	Missense_Mutation	25	11	36	0.3055555555555556	7	5	2	2.3426	2	1.1713	1.0	True	0.75	3.05
8	131795957	T	A	ADCY8	Missense_Mutation	20	79	99	0.797979797979798	4	4	0	3.7239	4	0.931	0.931	True	0.75	3.05
9	19063161	T	G	HAUS6	Missense_Mutation	4	5	9	0.5555555555555556	4	2	2	2.5926	2	1.2963	1.0	True	0.75	3.05
9	90586220	C	A	CDK20	Missense_Mutation	22	4	26	0.15384615384615385	3	2	1	0.5641	1	0.5641	0.5641	False	0.75	3.05
9	123527050	G	A	FBXW2	Silent	73	15	88	0.17045454545454544	3	2	1	0.625	1	0.625	0.625	False	0.75	3.05
9	132580876	C	T	TOR1A	Missense_Mutation	70	56	126	0.4444444444444444	3	2	1	1.6296	2	0.8148	0.8148	False	0.75	3.05
9	138683695	G	A	KCNT1	Silent	77	96	173	0.5549132947976878	3	2	1	2.0347	2	1.0173	1.0	True	0.75	3.05
9	140772535	G	A	CACNA1B	Silent	15	3	18	0.16666666666666666	3	2	1	0.6111	1	0.6111	0.6111	False	0.75	3.05
10	62021617	C	G	ANK3	Missense_Mutation	48	24	72	0.3333333333333333	3	2	1	1.2222	1	1.2222	1.0	True	0.75	3.05
10	69750049	C	A	HERC4	Missense_Mutation	44	31	75	0.41333333333333333	3	2	1	1.5156	2	0.7578	0.7578	False	0.75	3.05
10	104125283	C	T	GBF1	Missense_Mutation	95	33	128	0.2578125	3	2	1	0.9453	1	0.9453	0.9453	True	0.75	3.05
11	5068218	G	A	OR52J3	Missense_Mutation	35	21	56	0.375	4	4	0	1.75	2	0.875	0.875	True	0.75	3.05
11	7111495	C	T	RBMXL2	Missense_Mutation	0	11	11	1.0	4	4	0	4.6667	4	1.1667	1.0	True	0.75	3.05
11	22399153	G	T	SLC17A6	Missense_Mutation	45	10	55	0.18181818181818182	4	4	0	0.8485	1	0.8485	0.8485	False	0.75	3.05
11	56431542	T	A	OR5AR1	Nonsense_Mutation	174	46	220	0.20909090909090908	4	4	0	0.9758	1	0.9758	0.9758	True	0.75	3.05
11	104900494	C	G	CASP1	Missense_Mutation	87	64	151	0.423841059602649	4	4	0	1.9779	2	0.989	0.989	True	0.75	3.05
11	111571702	C	T	SIK2	Nonsense_Mutation	12	44	56	0.7857142857142857	4	4	0	3.6667	4	0.9167	0.9167	True	0.75	3.05
11	119206667	C	T	RNF26	Missense_Mutation	17	92	109	0.8440366972477065	4	4	0	3.9388	4	0.9847	0.9847	True	0.75	3.05
11	121425952	G	A	SORL1	Silent	83	30	113	0.26548672566371684	4	4	0	1.2389	1	1.2389	1.0	True	0.75	3.05
12	4600345	T	A	C12orf4	Missense_Mutation	33	94	127	0.7401574803149606	2	2	0	1.9738	2	0.9869	0.9869	True	0.75	3.05
12	48596917	G	T	OR10AD1	Missense_Mutation	24	8	32	0.25	3	2	1	0.9167	1	0.9167	0.9167	True	0.75	3.05
12	55615590	G	A	OR10A7	Missense_Mutation	60	23	83	0.27710843373493976	3	2	1	1.0161	1	1.0161	1.0	True	0.75	3.05
12	111926287	C	A	ATXN2	Missense_Mutation	54	16	70	0.22857142857142856	3	2	1	0.8381	1	0.8381	0.8381	False	0.75	3.05
12	112119584	C	T	BRAP	Silent	76	6	82	0.07317073170731707	3	2	1	0.2683	1	0.2683	0.2683	False	0.75	3.05
12	121176172	G	A	ACADS	Silent	91	11	102	0.10784313725490197	3	2	1	0.3954	1	0.3954	0.3954	False	0.75	3.05
12	124325995	G	A	DNAH10	Missense_Mutation	95	35	130	0.2692307692307692	3	2	1	0.9872	1	0.9872	0.9872	True	0.75	3.05
12	133256628	C	A	POLE	Missense_Mutation	37	4	41	0.0975609756097561	2	1	1	0.2602	1	0.2602	0.2602	False	0.75	3.05
12	133435752	G	A	CHFR	Silent	28	48	76	0.631578947368421	2	1	1	1.6842	1	1.6842	1.0	True	0.75	3.05
13	37679324	C	T	CSNK1A1L	Missense_Mutation	73	33	106	0.3113207547169811	3	2	1	1.1415	1	1.1415	1.0	True	0.75	3.05
14	20863741	G	T	TEP1	Missense_Mutation	76	12	88	0.13636363636363635	4	2	2	0.6364	1	0.6364	0.6364	False	0.75	3.05
14	39597518	A	C	GEMIN2	Missense_Mutation	41	34	75	0.4533333333333333	3	2	1	1.6622	2	0.8311	0.8311	False	0.75	3.05
14	42360632	C	G	LRFN5	Missense_Mutation	185	60	245	0.24489795918367346	3	2	1	0.898	1	0.898	0.898	True	0.75	3.05
14	71576670	A	T	PCNX	3'UTR	52	23	75	0.30666666666666664	3	2	1	1.1244	1	1.1244	1.0	True	0.75	3.05
14	91592791	C	T	C14orf159	Intron	19	6	25	0.24	3	2	1	0.88	1	0.88	0.88	True	0.75	3.05
15	49303926	A	G	SECISBP2L	Splice_Site	36	4	40	0.1	2	2	0	0.2667	1	0.2667	0.2667	False	0.75	3.05
15	74290635	C	T	PML	Silent	40	5	45	0.1111111111111111	2	2	0	0.2963	1	0.2963	0.2963	False	0.75	3.05
16	21208827	C	A	ZP2	Nonsense_Mutation	35	3	38	0.07894736842105263	2	2	0	0.2105	1	0.2105	0.2105	False	0.75	3.05
16	22278169	A	T	EEF2K	Missense_Mutation	102	33	135	0.24444444444444444	2	2	0	0.6519	1	0.6519	0.6519	False	0.75	3.05
17	6941923	C	T	SLC16A13	Missense_Mutation	31	30	61	0.4918032786885246	2	2	0	1.3115	1	1.3115	1.0	True	0.75	3.05
18	19762749	G	T	GATA6	Missense_Mutation	22	4	26	0.15384615384615385	2	1	1	0.4103	1	0.4103	0.4103	False	0.75	3.05
18	28710576	T	A	DSC1	Silent	68	29	97	0.29896907216494845	2	2	0	0.7973	1	0.7973	0.7973	False	0.75	3.05
19	8669960	G	A	ADAMTS10	Silent	1	11	12	0.9166666666666666	2	2	0	2.4444	2	1.2222	1.0	True	0.75	3.05
19	14887536	A	G	EMR2	Splice_Site	0	13	13	1.0	2	2	0	2.6667	2	1.3333	1.0	True	0.75	3.05
19	18255381	G	A	MAST3	Missense_Mutation	13	10	23	0.43478260869565216	2	2	0	1.1594	1	1.1594	1.0	True	0.75	3.05
19	37441189	G	A	ZNF568	Silent	55	57	112	0.5089285714285714	6	3	2	3.3929	3	1.131	1.0	True	0.75	3.05
19	46195970	C	G	QPCTL	Silent	28	13	41	0.3170731707317073	6	3	2	2.1138	2	1.0569	1.0	True	0.75	3.05
20	4771185	C	T	RASSF2	Missense_Mutation	32	17	49	0.3469387755102041	4	4	0	1.619	2	0.8095	0.8095	False	0.75	3.05
20	30432356	C	A	FOXS1	Missense_Mutation	141	51	192	0.265625	5	4	2	1.5052	2	0.7526	0.7526	False	0.75	3.05
20	39832810	G	T	ZHX3	Missense_Mutation	49	51	100	0.51	4	4	0	2.38	2	1.19	1.0	True	0.75	3.05
20	42695466	C	A	TOX2	Missense_Mutation	160	128	288	0.4444444444444444	4	4	0	2.0741	2	1.037	1.0	True	0.75	3.05
20	57769755	C	A	ZNF831	Missense_Mutation	7	29	36	0.8055555555555556	4	4	0	3.7593	4	0.9398	0.9398	True	0.75	3.05
20	60903046	C	A	LAMA5	Missense_Mutation	43	46	89	0.5168539325842697	4	4	0	2.412	2	1.206	1.0	True	0.75	3.05
20	62571773	C	A	UCKL1	Silent	35	22	57	0.38596491228070173	2	1	1	1.0292	1	1.0292	1.0	True	0.75	3.05
20	62700799	C	T	TCEA2	Missense_Mutation	7	49	56	0.875	2	1	1	2.3333	1	2.3333	1.0	True	0.75	3.05
21	38390196	C	G	RIPPLY3	Missense_Mutation	8	33	41	0.8048780487804879	2	2	0	2.1463	2	1.0732	1.0	True	0.75	3.05
22	19241744	T	C	CLTCL1	Missense_Mutation	5	13	18	0.7222222222222222	2	2	0	1.9259	2	0.963	0.963	True	0.75	3.05
22	33254081	C	T	TIMP3	Missense_Mutation	19	52	71	0.7323943661971831	2	2	0	1.9531	2	0.9765	0.9765	True	0.75	3.05
22	42540316	T	C	RP4-669P10.16	5'Flank	4	18	22	0.8181818181818182	2	2	0	2.1818	2	1.0909	1.0	True	0.75	3.05
22	50905993	C	A	SBF1	Missense_Mutation	37	83	120	0.6916666666666667	2	1	1	1.8444	1	1.8444	1.0	True	0.75	3.05
X	83128442	T	G	CYLC1	Missense_Mutation	6	13	19	0.6842105263157895	2	1	1	1.8246	1	1.8246	1.0	True	0.75	3.05
X	140994530	T	G	MAGEC1	Missense_Mutation	15	25	40	0.625	2	1	1	1.6667	1	1.6667	1.0	True	0.75	3.05
