chr	start	end	WT.count	mut.count	subclonal.CN	nMaj1	nMin1	frac1	nMaj2	nMin2	frac2	phase	mutation.copy.number	subclonal.fraction	no.chrs.bearing.mut
1	9416201	9416202	203	38	3.64	2	2	0.82	1	1	0.18	unphased	1.42656216382357	0.783825364738228	1.82
1	40961203	40961204	115	15	3.64	2	2	0.82	1	1	0.18	unphased	1.04393162393162	1.04393162393162	1
1	47489620	47489621	28	5	3.64	2	2	0.82	1	1	0.18	unphased	1.37081930415264	1.37081930415264	1
1	52403026	52403027	123	16	3.64	2	2	0.82	1	1	0.18	unphased	1.04142819078071	1.04142819078071	1
1	62915920	62915921	113	8	3.64	2	2	0.82	1	1	0.18	unphased	0.598175696357515	0.598175696357515	1
1	103428230	103428231	94	20	3.64	2	2	0.82	1	1	0.18	unphased	1.5872644574399	0.872123328263679	1.82
1	109284550	109284551	7	5	3.64	2	2	0.82	1	1	0.18	unphased	3.76975308641975	2.07129290462624	1.82
1	114682454	114682455	204	11	3.64	2	2	0.82	1	1	0.18	unphased	0.462890611541774	0.564500745782652	0.82
1	117127642	117127643	44	10	3.64	2	2	0.82	1	1	0.18	unphased	1.67544581618656	1.67544581618656	1
1	117504135	117504136	59	15	3.64	2	2	0.82	1	1	0.18	unphased	1.83393393393393	1.00765600765601	1.82
1	120298056	120298057	286	75	3.64	2	2	0.82	1	1	0.18	unphased	1.87965527854725	1.03277762557541	1.82
1	147381010	147381011	30	6	3.64	2	2	0.82	1	1	0.18	unphased	1.5079012345679	1.5079012345679	1
1	148932834	148932835	195	14	3.64	2	2	0.82	1	1	0.18	unphased	0.606046429204324	0.739081011224785	0.82
1	152276019	152276020	436	140	3.64	2	2	0.82	1	1	0.18	unphased	2.19902263374486	1.20825419436531	1.82
1	152325491	152325492	294	44	3.64	2	2	0.82	1	1	0.18	unphased	1.17776901161517	1.17776901161517	1
1	152648532	152648533	115	22	3.64	2	2	0.82	1	1	0.18	unphased	1.45286834279535	0.798279309228214	1.82
1	153932915	153932916	45	3	3.64	2	2	0.82	1	1	0.18	unphased	0.565462962962963	0.565462962962963	1
1	156223236	156223237	51	16	3.64	2	2	0.82	1	1	0.18	unphased	2.16057490326147	1.18712906772608	1.82
1	157805846	157805847	150	27	3.64	2	2	0.82	1	1	0.18	unphased	1.38011299435028	0.758303843049606	1.82
1	158627349	158627350	154	28	3.64	2	2	0.82	1	1	0.18	unphased	1.39190883190883	0.76478507247738	1.82
1	158632505	158632506	73	4	3.64	2	2	0.82	1	1	0.18	unphased	0.46999518999519	0.46999518999519	1
1	158670175	158670176	88	16	3.64	2	2	0.82	1	1	0.18	unphased	1.39190883190883	1.39190883190883	1
1	159275976	159275977	86	32	3.64	2	2	0.82	1	1	0.18	unphased	2.45353421217828	1.34809572097708	1.82
1	160388875	160388876	130	6	3.64	2	2	0.82	1	1	0.18	unphased	0.399150326797386	0.486768691216324	0.82
1	176811629	176811630	20	3	3.64	2	2	0.82	1	1	0.18	unphased	1.18009661835749	1.18009661835749	1
1	176863928	176863929	179	46	3.64	2	2	0.82	1	1	0.18	unphased	1.84969218106996	1.01631438520327	1.82
1	186286692	186286693	61	13	3.64	2	2	0.82	1	1	0.18	unphased	1.58940940940941	1.58940940940941	1
1	196928190	196928191	61	11	3.64	2	2	0.82	1	1	0.18	unphased	1.38224279835391	1.38224279835391	1
1	204588511	204588512	66	16	3.64	2	2	0.82	1	1	0.18	unphased	1.7653477868112	0.969971311434726	1.82
1	209788494	209788495	8	3	3.64	2	2	0.82	1	1	0.18	unphased	2.46747474747475	2.46747474747475	1
1	220752871	220752872	74	13	3.64	2	2	0.82	1	1	0.18	unphased	1.35191145168157	1.35191145168157	1
1	222695918	222695919	291	38	3.64	2	2	0.82	1	1	0.18	unphased	1.04498930541484	1.04498930541484	1
1	227171592	227171593	22	4	1.03	3	1	0.01	0	1	0.99	unphased	0.99037037037037	0.99037037037037	1
1	228471363	228471364	38	19	1.03	3	1	0.01	0	1	0.99	unphased	2.1458024691358	1.0675634174805	2.01
1	232172459	232172460	20	3	1.03	3	1	0.01	0	1	0.99	unphased	0.839661835748792	0.839661835748792	1
1	233394395	233394396	139	7	1.03	3	1	0.01	0	1	0.99	unphased	0.308642820903095	0.308642820903095	1
1	235860530	235860531	51	7	1.03	3	1	0.01	0	1	0.99	unphased	0.776928480204342	0.776928480204342	1
1	237551439	237551440	34	10	1.03	3	1	0.01	0	1	0.99	unphased	1.46304713804714	1.46304713804714	1
1	240656351	240656352	95	25	1.03	3	1	0.01	0	1	0.99	unphased	1.34112654320988	1.34112654320988	1
1	242383323	242383324	56	10	1.03	3	1	0.01	0	1	0.99	unphased	0.975364758698092	0.975364758698092	1
1	242383404	242383405	57	17	1.03	3	1	0.01	0	1	0.99	unphased	1.47886386386386	1.47886386386386	1
1	242428645	242428646	113	9	1.03	3	1	0.01	0	1	0.99	unphased	0.474890710382514	0.474890710382514	1
1	245850142	245850143	24	5	1.03	3	1	0.01	0	1	0.99	unphased	1.10989782886335	1.10989782886335	1
1	246927550	246927551	93	12	1.03	3	1	0.01	0	1	0.99	unphased	0.735703703703704	0.735703703703704	1
1	247588043	247588044	37	15	1.03	3	1	0.01	0	1	0.99	unphased	1.85694444444444	0.923852957435047	2.01
1	247902750	247902751	59	15	NA	NA	NA	NA	NA	NA	NA	unphased	NA	NA	1
1	248059378	248059379	61	15	NA	NA	NA	NA	NA	NA	NA	unphased	NA	NA	1
1	248402652	248402653	141	18	NA	NA	NA	NA	NA	NA	NA	unphased	NA	NA	1
1	248550948	248550949	115	53	NA	NA	NA	NA	NA	NA	NA	unphased	NA	NA	1
10	5827101	5827102	163	30	2	1	1	0.41	1	1	0.59	unphased	1.15141047783535	1.15141047783535	1
10	7804420	7804421	113	12	2	1	1	0.41	1	1	0.59	unphased	0.711111111111111	0.711111111111111	1
10	15290755	15290756	58	8	2	1	1	0.41	1	1	0.59	unphased	0.897867564534231	0.897867564534231	1
10	15639264	15639265	117	6	2	1	1	0.41	1	1	0.59	unphased	0.3613369467028	0.612435502886102	0.59
10	17362911	17362912	294	23	2	1	1	0.41	1	1	0.59	unphased	0.537445963313471	0.910925361548256	0.59
10	18940127	18940128	104	10	2	1	1	0.41	1	1	0.59	unphased	0.649772579597141	0.649772579597141	1
10	50820035	50820036	23	3	2	1	1	0.41	1	1	0.59	unphased	0.854700854700855	0.854700854700855	1
10	55582021	55582022	60	4	2	1	1	0.41	1	1	0.59	unphased	0.462962962962963	0.462962962962963	1
10	69957179	69957180	178	15	2	1	1	0.41	1	1	0.59	unphased	0.575705238917674	0.975771591385888	0.59
10	71913617	71913618	384	17	2	1	1	0.41	1	1	0.59	unphased	0.314029740463656	0.314029740463656	1
10	75533452	75533453	79	7	2	1	1	0.41	1	1	0.59	unphased	0.602928509905254	0.602928509905254	1
10	93220263	93220264	129	30	2	1	1	0.41	1	1	0.59	unphased	1.39762403913347	1.39762403913347	1
10	103292157	103292158	116	10	2	1	1	0.41	1	1	0.59	unphased	0.587889476778366	0.99642284199723	0.59
10	106209933	106209934	83	17	2	1	1	0.41	1	1	0.59	unphased	1.25925925925926	1.25925925925926	1
10	108923852	108923853	43	7	2	1	1	0.41	1	1	0.59	unphased	1.03703703703704	1.03703703703704	1
10	115334133	115334134	102	18	2	1	1	0.41	1	1	0.59	unphased	1.11111111111111	1.11111111111111	1
10	118220523	118220524	79	12	2	1	1	0.25	1	1	0.75	unphased	0.976800976800977	0.976800976800977	1
10	118386412	118386413	20	3	2	1	1	0.25	1	1	0.75	unphased	0.966183574879227	0.966183574879227	1
10	118386413	118386414	20	3	2	1	1	0.25	1	1	0.75	unphased	0.966183574879227	0.966183574879227	1
10	124345770	124345771	192	20	2	1	1	0.25	1	1	0.75	unphased	0.698812019566737	0.698812019566737	1
11	249046	249047	34	12	NA	NA	NA	NA	NA	NA	NA	unphased	NA	NA	1
11	4790229	4790230	84	6	1.12	2	1	0.06	0	1	0.94	unphased	0.43516049382716	0.43516049382716	1
11	4843469	4843470	107	18	1.12	2	1	0.06	0	1	0.94	unphased	0.939946666666666	0.939946666666666	1
11	6191075	6191076	29	10	1.12	2	1	0.06	0	1	0.94	unphased	1.67369420702754	1.67369420702754	1
11	7070934	7070935	146	33	1.12	2	1	0.06	0	1	0.94	unphased	1.20337678460583	1.20337678460583	1
11	30032821	30032822	79	4	6	4	2	1	NA	NA	NA	unphased	0.549754573850959	0.549754573850959	1
11	30352777	30352778	225	10	6	4	2	1	NA	NA	NA	unphased	0.48542159180457	0.48542159180457	1
11	32413600	32413601	210	33	2.52	2	2	0.26	1	1	0.74	unphased	1.07656149977138	1.07656149977138	1
11	40136857	40136858	44	4	1.72	2	2	0.24	1	0	0.76	unphased	0.593950617283951	0.593950617283951	1
11	40137191	40137192	96	19	1.72	2	2	0.24	1	0	0.76	unphased	1.17757165861514	1.17757165861514	1
11	55032689	55032690	63	9	1.72	2	2	0.24	1	0	0.76	unphased	0.890925925925926	0.890925925925926	1
11	55322382	55322383	82	24	1.72	2	2	0.24	1	0	0.76	unphased	1.61375262054507	1.30141340366538	1.24
11	55340090	55340091	165	40	1.72	2	2	0.24	1	0	0.76	unphased	1.39071364046974	1.12154325844334	1.24
11	55563863	55563864	86	4	1.72	2	2	0.24	1	0	0.76	unphased	0.31677366255144	1.319890260631	0.24
11	55703070	55703071	36	7	1.72	2	2	0.24	1	0	0.76	unphased	1.16027562446167	1.16027562446167	1
11	55735246	55735247	57	13	1.72	2	2	0.24	1	0	0.76	unphased	1.32366137566138	1.32366137566138	1
11	56020010	56020011	161	42	1.72	2	2	0.24	1	0	0.76	unphased	1.47463601532567	1.18922259300457	1.24
11	56143851	56143852	100	34	1.72	2	2	0.24	1	0	0.76	unphased	1.80844665561083	1.4584247222668	1.24
11	56468088	56468089	98	15	1.72	2	2	0.24	1	0	0.76	unphased	0.946116027531957	0.946116027531957	1
11	65635361	65635362	97	35	NA	NA	NA	NA	NA	NA	NA	unphased	NA	NA	1
11	66272112	66272113	92	10	2.78	2	2	0.39	1	1	0.61	unphased	0.802687000726217	0.802687000726217	1
11	67395478	67395479	25	7	2.78	2	2	0.39	1	1	0.61	unphased	1.79099537037037	1.79099537037037	1
11	78147602	78147603	115	27	2	2	0	1	NA	NA	NA	unphased	1.40845070422535	0.704225352112676	2
11	89537472	89537473	97	20	2	2	0	1	NA	NA	NA	unphased	1.26622348844571	1.26622348844571	1
11	92534671	92534672	7	9	2	2	0	1	NA	NA	NA	unphased	4.16666666666667	2.08333333333333	2
11	111864308	111864309	75	20	2	2	0	1	NA	NA	NA	unphased	1.55945419103314	0.779727095516569	2
11	123886883	123886884	103	28	2	2	0	1	NA	NA	NA	unphased	1.58326265196494	0.791631325982471	2
11	123886903	123886904	91	27	2	2	0	1	NA	NA	NA	unphased	1.69491525423729	0.847457627118644	2
12	5022096	5022097	45	6	3.4	2	2	0.7	1	1	0.3	unphased	1.03616557734205	1.03616557734205	1
12	7639557	7639558	50	11	3.4	2	2	0.7	1	1	0.3	unphased	1.58822100789314	1.58822100789314	1
12	13715646	13715647	69	11	3.4	2	2	0.7	1	1	0.3	unphased	1.21101851851852	1.21101851851852	1
12	15262004	15262005	101	17	3.4	2	2	0.7	1	1	0.3	unphased	1.26886377903327	1.26886377903327	1
12	20803387	20803388	90	155	9	7	2	1	NA	NA	NA	unphased	9.11489040060469	1.30212720008638	7
12	20874922	20874923	108	6	9	7	2	1	NA	NA	NA	unphased	0.758284600389864	0.758284600389864	1
12	21428304	21428305	62	5	7	7	0	1	NA	NA	NA	unphased	0.925925925925926	0.925925925925926	1
12	25398283	25398284	37	23	9	7	2	1	NA	NA	NA	unphased	5.52283950617284	0.920473251028807	6
12	26493143	26493144	95	12	9	7	2	1	NA	NA	NA	unphased	1.61578400830737	1.61578400830737	1
12	28116577	28116578	207	24	3.83	3	2	0.61	1	1	0.39	unphased	0.95973063973064	0.95973063973064	1
12	29614828	29614829	166	7	9	7	2	1	NA	NA	NA	unphased	0.582958681224577	0.582958681224577	1
12	29669364	29669365	78	63	9	7	2	1	NA	NA	NA	unphased	6.43735224586288	1.07289204097715	6
12	41337490	41337491	65	5	2	1	1	0.22	1	1	0.78	unphased	0.529100529100529	0.529100529100529	1
12	41337491	41337492	65	5	2	1	1	0.22	1	1	0.78	unphased	0.529100529100529	0.529100529100529	1
12	43826498	43826499	82	9	2	1	1	0.22	1	1	0.78	unphased	0.732600732600733	0.732600732600733	1
12	43925914	43925915	63	14	2	1	1	0.22	1	1	0.78	unphased	1.34680134680135	1.34680134680135	1
12	55688105	55688106	80	9	2	1	1	0.22	1	1	0.78	unphased	0.749063670411985	0.749063670411985	1
12	63977658	63977659	22	5	2	1	1	0.22	1	1	0.78	unphased	1.37174211248285	1.37174211248285	1
12	78452875	78452876	77	8	2	1	1	0.22	1	1	0.78	unphased	0.697167755991285	0.697167755991285	1
12	78569174	78569175	100	5	2	1	1	0.22	1	1	0.78	unphased	0.352733686067019	0.452222674444897	0.78
12	85531699	85531700	102	7	2	1	1	0.22	1	1	0.78	unphased	0.475705062861026	0.609878285719264	0.78
12	102813419	102813420	50	6	2	1	1	0.22	1	1	0.78	unphased	0.793650793650794	0.793650793650794	1
12	108600179	108600180	39	4	2	1	1	0.22	1	1	0.78	unphased	0.689061154177433	0.689061154177433	1
12	111296568	111296569	68	8	2	1	1	0.22	1	1	0.78	unphased	0.779727095516569	0.779727095516569	1
12	113344989	113344990	79	5	2	1	1	0.22	1	1	0.78	unphased	0.440917107583774	0.565278343056121	0.78
12	116410033	116410034	77	10	2	1	1	0.22	1	1	0.78	unphased	0.851426138782461	0.851426138782461	1
12	116421095	116421096	36	5	2	1	1	0.22	1	1	0.78	unphased	0.903342366757001	0.903342366757001	1
12	120214177	120214178	220	53	2	1	1	0.22	1	1	0.78	unphased	1.43806810473477	1.43806810473477	1
12	122684774	122684775	60	11	2	1	1	0.22	1	1	0.78	unphased	1.14762649973918	1.14762649973918	1
13	20024285	20024286	133	12	2	1	1	1	NA	NA	NA	unphased	0.613026819923372	0.613026819923372	1
13	31711465	31711466	135	21	2	1	1	1	NA	NA	NA	unphased	0.997150997150997	0.997150997150997	1
13	43933985	43933986	143	7	2.29	2	1	0.29	1	1	0.71	unphased	0.359212345679012	1.23866326096211	0.29
13	48619793	48619794	61	4	2	1	1	1	NA	NA	NA	unphased	0.455840455840456	0.455840455840456	1
13	53422252	53422253	37	4	2	1	1	1	NA	NA	NA	unphased	0.722673893405601	0.722673893405601	1
13	76379704	76379705	177	22	1.04	1	1	0.04	0	1	0.96	unphased	0.712778708356598	0.712778708356598	1
13	84453825	84453826	12	3	2	1	1	1	NA	NA	NA	unphased	1.48148148148148	1.48148148148148	1
13	86368637	86368638	197	34	2	1	1	1	NA	NA	NA	unphased	1.09026775693442	1.09026775693442	1
13	96519615	96519616	172	11	2.27	2	1	0.27	1	1	0.73	unphased	0.461483505363287	0.461483505363287	1
13	99356686	99356687	137	14	1.1	1	1	0.1	0	1	0.9	unphased	0.603335786117243	0.603335786117243	1
13	99378452	99378453	44	8	1.1	1	1	0.1	0	1	0.9	unphased	1.0011396011396	1.0011396011396	1
13	99947694	99947695	129	13	1.1	1	1	0.1	0	1	0.9	unphased	0.595748565466875	0.595748565466875	1
13	99947695	99947696	131	13	1.1	1	1	0.1	0	1	0.9	unphased	0.587474279835391	0.587474279835391	1
13	101756708	101756709	71	9	1.1	1	1	0.1	0	1	0.9	unphased	0.732083333333333	0.732083333333333	1
13	101756711	101756712	70	9	1.1	1	1	0.1	0	1	0.9	unphased	0.741350210970464	0.741350210970464	1
14	20389007	20389008	383	33	NA	NA	NA	NA	NA	NA	NA	unphased	NA	NA	1
14	21424013	21424014	57	5	3.2	2	2	0.6	1	1	0.4	unphased	0.694145758661888	0.694145758661888	1
14	22265630	22265631	38	3	3.2	2	2	0.6	1	1	0.4	unphased	0.629810298102981	0.629810298102981	1
14	23876235	23876236	490	24	3.2	2	2	0.6	1	1	0.4	unphased	0.401902291396455	0.401902291396455	1
14	23894494	23894495	39	12	3.2	2	2	0.6	1	1	0.4	unphased	2.02527233115468	1.26579520697168	1.6
14	23898509	23898510	74	20	3.2	2	2	0.6	1	1	0.4	unphased	1.83136327817179	1.14460204885737	1.6
14	33293462	33293463	43	4	3.2	2	2	0.6	1	1	0.4	unphased	0.732545311268715	0.732545311268715	1
14	56763704	56763705	148	9	3.2	2	2	0.6	1	1	0.4	unphased	0.493418259023355	0.822363765038924	0.6
14	58934503	58934504	216	36	3.2	2	2	0.6	1	1	0.4	unphased	1.22962962962963	1.22962962962963	1
14	59793302	59793303	116	12	3.2	2	2	0.6	1	1	0.4	unphased	0.806944444444444	0.806944444444444	1
14	65008299	65008300	66	4	3.2	2	2	0.6	1	1	0.4	unphased	0.491851851851852	0.491851851851852	1
14	71209067	71209068	132	8	3.2	2	2	0.6	1	1	0.4	unphased	0.491851851851852	0.819753086419753	0.6
14	73029226	73029227	23	3	3.2	2	2	0.6	1	1	0.4	unphased	0.993162393162393	0.993162393162393	1
14	74967651	74967652	39	9	3.2	2	2	0.6	1	1	0.4	unphased	1.61388888888889	1.61388888888889	1
14	75264580	75264581	75	8	3.2	2	2	0.6	1	1	0.4	unphased	0.829629629629629	0.829629629629629	1
14	81244253	81244254	88	5	3.2	2	2	0.6	1	1	0.4	unphased	0.462763839107925	0.771273065179875	0.6
14	102496194	102496195	82	12	3.2	2	2	0.6	1	1	0.4	unphased	1.09881796690307	1.09881796690307	1
14	104462106	104462107	28	5	3.2	2	2	0.6	1	1	0.4	unphased	1.30415263748597	1.30415263748597	1
14	105411914	105411915	221	8	3.2	2	2	0.6	1	1	0.4	unphased	0.300695455280608	0.501159092134347	0.6
14	106357574	106357575	40	7	NA	NA	NA	NA	NA	NA	NA	unphased	NA	NA	1
15	20170346	20170347	140	11	NA	NA	NA	NA	NA	NA	NA	unphased	NA	NA	1
15	27725867	27725868	24	3	2	1	1	1	NA	NA	NA	unphased	0.823045267489712	0.823045267489712	1
15	28474940	28474941	275	16	2	1	1	1	NA	NA	NA	unphased	0.407280132366043	0.407280132366043	1
15	33895446	33895447	189	16	2	1	1	1	NA	NA	NA	unphased	0.578139114724481	0.578139114724481	1
15	33962752	33962753	62	11	2	1	1	1	NA	NA	NA	unphased	1.11618467782851	1.11618467782851	1
15	45564557	45564558	60	10	2	1	1	1	NA	NA	NA	unphased	1.05820105820106	1.05820105820106	1
15	49030439	49030440	31	5	2	1	1	1	NA	NA	NA	unphased	1.02880658436214	1.02880658436214	1
15	66610848	66610849	89	10	2	1	1	1	NA	NA	NA	unphased	0.748222970445193	0.748222970445193	1
15	71329523	71329524	121	7	2	1	1	1	NA	NA	NA	unphased	0.405092592592593	0.405092592592593	1
15	89382143	89382144	103	7	2	1	1	1	NA	NA	NA	unphased	0.471380471380471	0.471380471380471	1
15	99678232	99678233	43	4	2	1	1	1	NA	NA	NA	unphased	0.630417651694247	0.630417651694247	1
16	1391158	1391159	50	3	2	1	1	0.36	1	1	0.64	unphased	0.419287211740042	0.419287211740042	1
16	19656205	19656206	98	5	2	1	1	0.36	1	1	0.64	unphased	0.359582883854728	0.561848256023013	0.64
16	24580931	24580932	86	16	2	1	1	0.36	1	1	0.64	unphased	1.16194625998548	1.16194625998548	1
16	30038005	30038006	27	5	2	1	1	0.36	1	1	0.64	unphased	1.15740740740741	1.15740740740741	1
16	30536016	30536017	28	5	2	1	1	0.36	1	1	0.64	unphased	1.12233445566779	1.12233445566779	1
16	30998215	30998216	73	17	2.62	2	2	0.31	1	1	0.69	unphased	1.51628806584362	1.1574718059875	1.31
16	57054739	57054740	60	4	2	1	1	0.36	1	1	0.64	unphased	0.462962962962963	0.462962962962963	1
16	78064458	78064459	63	6	2	1	1	0.36	1	1	0.64	unphased	0.644122383252818	0.644122383252818	1
16	83378558	83378559	71	13	2	1	1	0.36	1	1	0.64	unphased	1.14638447971781	1.14638447971781	1
16	84212612	84212613	76	13	2	1	1	0.36	1	1	0.64	unphased	1.08198085726176	1.08198085726176	1
16	84779060	84779061	19	3	2	1	1	0.36	1	1	0.64	unphased	1.01010101010101	1.01010101010101	1
17	663351	663352	30	6	NA	NA	NA	NA	NA	NA	NA	unphased	NA	NA	1
17	3343341	3343342	12	4	2	2	0	1	NA	NA	NA	unphased	1.85185185185185	1.85185185185185	1
17	6021460	6021461	24	15	2	2	0	1	NA	NA	NA	unphased	2.84900284900285	1.42450142450142	2
17	10323439	10323440	215	66	2	2	0	1	NA	NA	NA	unphased	1.73981810992487	0.869909054962436	2
17	12883519	12883520	31	6	2	2	0	1	NA	NA	NA	unphased	1.2012012012012	1.2012012012012	1
17	26110041	26110042	62	7	3.54	2	2	0.77	1	1	0.23	unphased	0.907707997852925	0.907707997852925	1
17	32961988	32961989	42	4	3.54	2	2	0.77	1	1	0.23	unphased	0.778035426731079	0.778035426731079	1
17	33935315	33935316	108	32	3.54	2	2	0.77	1	1	0.23	unphased	2.04512169312169	1.15543598481452	1.77
17	39994097	39994098	31	3	3.54	2	2	0.77	1	1	0.23	unphased	0.789477124183007	0.789477124183007	1
17	39994151	39994152	87	6	3.54	2	2	0.77	1	1	0.23	unphased	0.577252090800478	0.577252090800478	1
17	42853506	42853507	113	9	3.54	2	2	0.77	1	1	0.23	unphased	0.660054644808743	0.660054644808743	1
17	49156968	49156969	149	32	2.63	3	2	0.21	1	1	0.79	unphased	1.420978105177	1.00068880646268	1.42
17	54431317	54431318	51	15	2.63	3	2	0.21	1	1	0.79	unphased	1.8266835016835	0.826553620671268	2.21
17	71346481	71346482	19	14	2.63	3	2	0.21	1	1	0.79	unphased	3.40980920314254	1.5429000919197	2.21
17	72301558	72301559	29	4	2.63	3	2	0.21	1	1	0.79	unphased	0.974231200897868	0.974231200897868	1
17	77926533	77926534	42	6	2.63	3	2	0.21	1	1	0.79	unphased	1.00467592592593	1.00467592592593	1
17	80045688	80045689	31	10	2.63	3	2	0.21	1	1	0.79	unphased	1.96034327009937	0.887033153891117	2.21
18	5415908	5415909	52	18	2	2	0	1	NA	NA	NA	unphased	1.9047619047619	0.952380952380952	2
18	14851953	14851954	18	4	2	2	0	1	NA	NA	NA	unphased	1.34680134680135	1.34680134680135	1
18	22805059	22805060	72	26	2	2	0	1	NA	NA	NA	unphased	1.96523053665911	0.982615268329554	2
18	25565005	25565006	30	9	2	2	0	1	NA	NA	NA	unphased	1.70940170940171	1.70940170940171	1
18	29437774	29437775	188	62	2	2	0	1	NA	NA	NA	unphased	1.83703703703704	0.918518518518518	2
18	47796405	47796406	67	30	2	2	0	1	NA	NA	NA	unphased	2.29095074455899	1.1454753722795	2
18	56620992	56620993	136	7	2	2	0	1	NA	NA	NA	unphased	0.362600362600363	0.362600362600363	1
19	9577252	9577253	64	18	2.78	2	1	0.78	1	1	0.22	unphased	1.79723577235772	1.0096830181785	1.78
19	14040396	14040397	11	4	2.78	2	1	0.78	1	1	0.22	unphased	2.18330864197531	2.18330864197531	1
19	15052636	15052637	49	13	2.78	2	1	0.78	1	1	0.22	unphased	1.71671445639188	0.964446323815661	1.78
19	15839524	15839525	95	5	2.78	2	1	0.78	1	1	0.22	unphased	0.40937037037037	0.524833808167141	0.78
19	22155044	22155045	31	4	2.78	2	1	0.78	1	1	0.22	unphased	0.935703703703704	0.935703703703704	1
19	29698809	29698810	106	5	2.78	2	1	0.78	1	1	0.22	unphased	0.368802135468802	0.472823250601028	0.78
19	30935024	30935025	21	4	2.78	2	1	0.78	1	1	0.22	unphased	1.30998518518519	1.30998518518519	1
19	31769435	31769436	106	13	2.78	2	1	0.78	1	1	0.22	unphased	0.89442265795207	0.89442265795207	1
19	37678133	37678134	75	12	2.78	2	1	0.78	1	1	0.22	unphased	1.1292975734355	1.1292975734355	1
19	37678134	37678135	73	13	2.78	2	1	0.78	1	1	0.22	unphased	1.23763135228251	1.23763135228251	1
19	37854258	37854259	37	3	2.78	2	1	0.78	1	1	0.22	unphased	0.614055555555555	0.614055555555555	1
19	39008032	39008033	44	3	2.78	2	1	0.78	1	1	0.22	unphased	0.522600472813239	0.522600472813239	1
19	43268238	43268239	298	69	2.78	2	1	0.78	1	1	0.22	unphased	1.53932182864063	0.864787544180129	1.78
19	43348629	43348630	238	15	2.78	2	1	0.78	1	1	0.22	unphased	0.485419411506368	0.622332578854318	0.78
19	46094545	46094546	44	3	2.78	2	1	0.78	1	1	0.22	unphased	0.522600472813239	0.522600472813239	1
19	49110447	49110448	28	3	2.78	2	1	0.78	1	1	0.22	unphased	0.792329749103942	0.792329749103942	1
19	49225185	49225186	51	8	2.78	2	1	0.78	1	1	0.22	unphased	1.11015693659761	1.11015693659761	1
19	51380291	51380292	52	15	2.78	2	1	0.78	1	1	0.22	unphased	1.83300165837479	1.02977621257011	1.78
19	51499376	51499377	185	16	2.78	2	1	0.78	1	1	0.22	unphased	0.651733922977704	0.835556311509877	0.78
19	53667773	53667774	43	12	2.78	2	1	0.78	1	1	0.22	unphased	1.78634343434343	1.00356372715923	1.78
19	55021834	55021835	31	9	2.78	2	1	0.78	1	1	0.22	unphased	1.84216666666667	1.03492509363296	1.78
2	1520665	1520666	57	10	3.08	2	2	0.54	1	1	0.46	unphased	1.26677722498618	1.26677722498618	1
2	17953924	17953925	88	5	3.08	2	2	0.54	1	1	0.46	unphased	0.456312226204699	0.845022641119814	0.54
2	21233330	21233331	39	5	3.08	2	2	0.54	1	1	0.46	unphased	0.964478114478114	0.964478114478114	1
2	27121558	27121559	41	8	3.08	2	2	0.54	1	1	0.46	unphased	1.38569916855631	1.38569916855631	1
2	40342546	40342547	56	13	3.08	2	2	0.54	1	1	0.46	unphased	1.59907675791734	1.59907675791734	1
2	44079911	44079912	57	7	3.08	2	2	0.54	1	1	0.46	unphased	0.928310185185185	0.928310185185185	1
2	44566423	44566424	74	8	3.08	2	2	0.54	1	1	0.46	unphased	0.828039747064137	0.828039747064137	1
2	49195970	49195971	55	3	3.08	2	2	0.54	1	1	0.46	unphased	0.439003831417624	0.439003831417624	1
2	60998765	60998766	75	20	3.08	2	2	0.54	1	1	0.46	unphased	1.78682261208577	1.16027442343232	1.54
2	61149633	61149634	69	10	3.08	2	2	0.54	1	1	0.46	unphased	1.07435536802625	1.07435536802625	1
2	73717863	73717864	264	23	3.08	2	2	0.54	1	1	0.46	unphased	0.68017550651697	1.25958427132772	0.54
2	90248936	90248937	89	10	3.08	2	2	0.54	1	1	0.46	unphased	0.857313879536102	0.857313879536102	1
2	103148978	103148979	26	11	3.08	2	2	0.54	1	1	0.46	unphased	2.52328328328328	1.63849563849564	1.54
2	109380701	109380702	96	7	3.08	2	2	0.54	1	1	0.46	unphased	0.576814095649047	0.576814095649047	1
2	109382539	109382540	219	13	3.08	2	2	0.54	1	1	0.46	unphased	0.47558748403576	0.880717563029185	0.54
2	128941254	128941255	61	11	3.08	2	2	0.54	1	1	0.46	unphased	1.29668724279835	1.29668724279835	1
2	131904332	131904333	229	33	3.08	2	2	0.54	1	1	0.46	unphased	1.0690245971162	1.0690245971162	1
2	132277130	132277131	35	8	3.08	2	2	0.54	1	1	0.46	unphased	1.57905254091301	1.57905254091301	1
2	136567021	136567022	92	11	3.08	2	2	0.54	1	1	0.46	unphased	0.906422150305645	0.906422150305645	1
2	137814463	137814464	210	49	3.08	2	2	0.54	1	1	0.46	unphased	1.60572572572573	1.04267904267904	1.54
2	141747164	141747165	116	23	3.08	2	2	0.54	1	1	0.46	unphased	1.40439115374367	1.40439115374367	1
2	152472565	152472566	44	3	3.08	2	2	0.54	1	1	0.46	unphased	0.541749408983451	0.541749408983451	1
2	160755506	160755507	116	32	3.08	2	2	0.54	1	1	0.46	unphased	1.83511511511511	1.19163319163319	1.54
2	160958300	160958301	87	19	3.08	2	2	0.54	1	1	0.46	unphased	1.52132774283718	0.987875157686478	1.54
2	165946746	165946747	37	5	3.08	2	2	0.54	1	1	0.46	unphased	1.01040564373898	1.01040564373898	1
2	168102058	168102059	87	30	3.08	2	2	0.54	1	1	0.46	unphased	2.17625830959164	1.41315474648808	1.54
2	168114687	168114688	76	10	3.08	2	2	0.54	1	1	0.46	unphased	0.986907838070629	0.986907838070629	1
2	179614244	179614245	113	9	3.08	2	2	0.54	1	1	0.46	unphased	0.626120218579235	0.626120218579235	1
2	179632809	179632810	99	16	3.08	2	2	0.54	1	1	0.46	unphased	1.18085668276973	1.18085668276973	1
2	179736948	179736949	87	8	3.08	2	2	0.54	1	1	0.46	unphased	0.714729044834308	0.714729044834308	1
2	189870934	189870935	64	12	3.08	2	2	0.54	1	1	0.46	unphased	1.34011695906433	1.34011695906433	1
2	197674046	197674047	193	15	3.61	2	2	0.87	0	1	0.13	unphased	0.650293803418803	0.747464141860693	0.87
2	210887822	210887823	72	9	3.61	2	2	0.87	0	1	0.13	unphased	1.0019341563786	1.0019341563786	1
2	238249698	238249699	182	50	3.61	2	2	0.87	0	1	0.13	unphased	1.9434067688378	1.03925495659776	1.87
2	240969108	240969109	56	4	1.17	1	1	0.17	1	0	0.83	unphased	0.438493827160494	0.438493827160494	1
2	242741366	242741367	49	11	NA	NA	NA	NA	NA	NA	NA	unphased	NA	NA	1
20	744475	744476	56	10	3.36	2	2	0.68	1	1	0.32	unphased	1.3283950617284	1.3283950617284	1
20	2384385	2384386	84	17	3.36	2	2	0.68	1	1	0.32	unphased	1.47570223689036	1.47570223689036	1
20	9496976	9496977	75	6	3.36	2	2	0.68	1	1	0.32	unphased	0.649437585733882	0.649437585733882	1
20	11898954	11898955	267	63	3.36	2	2	0.68	1	1	0.32	unphased	1.67377777777778	0.996296296296296	1.68
20	24565509	24565510	134	20	3.36	2	2	0.68	1	1	0.32	unphased	1.13862433862434	1.13862433862434	1
20	30662468	30662469	114	15	3.36	2	2	0.68	1	1	0.32	unphased	1.01946597760551	1.01946597760551	1
20	31622622	31622623	74	28	3.36	2	2	0.68	1	1	0.32	unphased	2.40673928830792	1.43258290970709	1.68
20	34022073	34022074	183	58	3.36	2	2	0.68	1	1	0.32	unphased	2.10999846319348	1.2559514661866	1.68
20	44505597	44505598	43	8	4.88	3	2	0.97	0	1	0.03	unphased	1.61371096586783	1.61371096586783	1
20	45905215	45905216	93	10	4.88	3	2	0.97	0	1	0.03	unphased	0.998777418194894	0.998777418194894	1
20	45918992	45918993	86	12	4.88	3	2	0.97	0	1	0.03	unphased	1.25968253968254	1.25968253968254	1
20	47268038	47268039	55	24	4.88	3	2	0.97	0	1	0.03	unphased	3.12528832630098	1.05228563175117	2.97
20	47592673	47592674	32	5	4.88	3	2	0.97	0	1	0.03	unphased	1.39019019019019	1.39019019019019	1
20	57829408	57829409	44	10	4.88	3	2	0.97	0	1	0.03	unphased	1.90507544581619	0.98199765248257	1.94
20	57896226	57896227	130	8	4.88	3	2	0.97	0	1	0.03	unphased	0.596371443907676	0.596371443907676	1
20	58571517	58571518	38	9	4.88	3	2	0.97	0	1	0.03	unphased	1.96992907801418	0.999963998991972	1.97
20	62187725	62187726	150	46	4.88	3	2	0.97	0	1	0.03	unphased	2.41439153439153	0.829687812505682	2.91
21	10934070	10934071	318	17	NA	NA	NA	NA	NA	NA	NA	unphased	NA	NA	1
21	31971136	31971137	76	10	4	2	2	1	NA	NA	NA	unphased	1.09388458225668	1.09388458225668	1
21	35229037	35229038	66	18	4	2	2	1	NA	NA	NA	unphased	2.01587301587302	1.00793650793651	2
21	38537962	38537963	321	55	4	2	2	1	NA	NA	NA	unphased	1.37608353033885	0.688041765169425	2
21	44524455	44524456	40	14	3.56	3	2	0.64	1	0	0.36	unphased	2.32488340192044	1.01968570259668	2.28
21	45220426	45220427	47	7	3.56	3	2	0.64	1	0	0.36	unphased	1.16244170096022	1.16244170096022	1
21	47801664	47801665	266	10	NA	NA	NA	NA	NA	NA	NA	unphased	NA	NA	1
22	22892595	22892596	91	8	1.13	1	1	0.13	1	0	0.87	unphased	0.528275346053124	0.528275346053124	1
22	31487706	31487707	21	3	1.13	1	1	0.13	1	0	0.87	unphased	0.817175925925926	0.817175925925926	1
22	45929752	45929753	152	11	1.13	1	1	0.13	1	0	0.87	unphased	0.441174733015224	0.441174733015224	1
22	50167915	50167916	178	27	NA	NA	NA	NA	NA	NA	NA	unphased	NA	NA	1
3	10107089	10107090	104	16	2	1	1	1	NA	NA	NA	unphased	0.987654320987654	0.987654320987654	1
3	15677045	15677046	93	14	2	1	1	1	NA	NA	NA	unphased	0.969193492557978	0.969193492557978	1
3	33174051	33174052	141	13	2	1	1	1	NA	NA	NA	unphased	0.625300625300625	0.625300625300625	1
3	38739039	38739040	69	12	2	1	1	1	NA	NA	NA	unphased	1.09739368998628	1.09739368998628	1
3	38888216	38888217	67	8	2	1	1	1	NA	NA	NA	unphased	0.790123456790123	0.790123456790123	1
3	40352528	40352529	64	8	2	1	1	1	NA	NA	NA	unphased	0.823045267489712	0.823045267489712	1
3	47603998	47603999	57	8	2	1	1	1	NA	NA	NA	unphased	0.911680911680912	0.911680911680912	1
3	47956348	47956349	179	22	2	1	1	1	NA	NA	NA	unphased	0.810761009765985	0.810761009765985	1
3	58120478	58120479	140	12	2	1	1	1	NA	NA	NA	unphased	0.584795321637427	0.584795321637427	1
3	65342406	65342407	59	13	2	1	1	1	NA	NA	NA	unphased	1.33744855967078	1.33744855967078	1
3	73433086	73433087	71	8	2	1	1	1	NA	NA	NA	unphased	0.750117205813408	0.750117205813408	1
3	87017812	87017813	45	8	2	1	1	1	NA	NA	NA	unphased	1.11809923130678	1.11809923130678	1
3	97983996	97983997	69	5	2	1	1	1	NA	NA	NA	unphased	0.500500500500501	0.500500500500501	1
3	101540807	101540808	40	8	2	1	1	1	NA	NA	NA	unphased	1.23456790123457	1.23456790123457	1
3	114069320	114069321	72	16	2.59	3	1	0.53	1	0	0.47	unphased	1.45407407407407	1.45407407407407	1
3	120053874	120053875	46	5	2.59	3	1	0.53	1	0	0.47	unphased	0.784059549745824	0.784059549745824	1
3	121137242	121137243	35	4	2.59	3	1	0.53	1	0	0.47	unphased	0.820246913580247	0.820246913580247	1
3	121217436	121217437	88	9	2.59	3	1	0.53	1	0	0.47	unphased	0.742027491408935	0.742027491408935	1
3	142123809	142123810	88	7	2.59	3	1	0.53	1	0	0.47	unphased	0.589282651072125	0.589282651072125	1
3	180320032	180320033	41	11	2.59	3	1	0.53	1	0	0.47	unphased	1.69175925925926	1.1057250060518	1.53
3	184910893	184910894	77	8	2.59	3	1	0.53	1	0	0.47	unphased	0.752697167755991	0.752697167755991	1
3	186395690	186395691	62	10	2.59	3	1	0.53	1	0	0.47	unphased	1.11075102880658	1.11075102880658	1
3	186953544	186953545	40	6	2.59	3	1	0.53	1	0	0.47	unphased	1.04314009661836	1.04314009661836	1
4	23833296	23833297	318	69	2	1	1	0.36	1	1	0.64	unphased	1.32070054550675	1.32070054550675	1
4	39000505	39000506	44	14	2	1	1	0.36	1	1	0.64	unphased	1.78799489144317	1.78799489144317	1
4	47765480	47765481	44	6	2	1	1	0.27	1	1	0.73	unphased	0.888888888888889	0.888888888888889	1
4	47840019	47840020	46	3	2	1	1	0.27	1	1	0.73	unphased	0.453514739229025	0.453514739229025	1
4	47900033	47900034	52	5	2	1	1	0.27	1	1	0.73	unphased	0.649772579597141	0.649772579597141	1
4	52926964	52926965	77	18	2	1	1	0.27	1	1	0.73	unphased	1.40350877192982	1.40350877192982	1
4	68504690	68504691	102	6	2	1	1	0.27	1	1	0.73	unphased	0.411522633744856	0.563729635266926	0.73
4	68938202	68938203	71	11	2	1	1	0.27	1	1	0.73	unphased	0.993676603432701	0.993676603432701	1
4	69416513	69416514	137	22	2	1	1	0.27	1	1	0.73	unphased	1.02492429536455	1.02492429536455	1
4	85750187	85750188	93	14	2	1	1	0.27	1	1	0.73	unphased	0.969193492557978	0.969193492557978	1
4	94690465	94690466	87	7	2	1	1	0.27	1	1	0.73	unphased	0.551615445232466	0.551615445232466	1
4	96124010	96124011	98	17	2	1	1	0.27	1	1	0.73	unphased	1.09500805152979	1.09500805152979	1
4	115997568	115997569	118	21	2	1	1	0.27	1	1	0.73	unphased	1.11910471622702	1.11910471622702	1
4	128564977	128564978	106	16	2	1	1	1	NA	NA	NA	unphased	0.971463266545234	0.971463266545234	1
4	155489540	155489541	83	4	2	1	1	1	NA	NA	NA	unphased	0.340570455512984	0.340570455512984	1
4	165962700	165962701	11	3	2	1	1	1	NA	NA	NA	unphased	1.58730158730159	1.58730158730159	1
4	174292239	174292240	16	3	2	1	1	1	NA	NA	NA	unphased	1.16959064327485	1.16959064327485	1
5	13923424	13923425	352	62	3.22	2	2	0.61	1	1	0.39	unphased	1.2920271962784	0.802501364148077	1.61
5	26881272	26881273	197	45	3.22	2	2	0.61	1	1	0.39	unphased	1.60426997245179	0.996440976678131	1.61
5	41186173	41186174	68	9	3.22	2	2	0.61	1	1	0.39	unphased	1.00839826839827	1.00839826839827	1
5	41870397	41870398	26	4	3.22	2	2	0.61	1	1	0.39	unphased	1.15032098765432	1.15032098765432	1
5	70806101	70806102	77	7	3.22	2	2	0.61	1	1	0.39	unphased	0.71895061728395	0.71895061728395	1
5	120021827	120021828	83	6	2.61	2	1	0.61	1	1	0.39	unphased	0.540499375780275	0.540499375780275	1
5	127686664	127686665	71	11	2.61	2	1	0.61	1	1	0.39	unphased	1.07550587172538	1.07550587172538	1
5	127686665	127686666	73	10	2.61	2	1	0.61	1	1	0.39	unphased	0.965952699687639	0.965952699687639	1
5	128862030	128862031	78	5	2.61	2	1	0.61	1	1	0.39	unphased	0.48297634984382	0.48297634984382	1
5	135549257	135549258	47	12	2.61	2	1	0.61	1	1	0.39	unphased	1.63065913370998	1.63065913370998	1
5	139943780	139943781	17	9	2.61	2	1	0.61	1	1	0.39	unphased	2.77525641025641	1.72376174550088	1.61
5	140186909	140186910	65	15	2.61	2	1	0.61	1	1	0.39	unphased	1.50326388888889	1.50326388888889	1
5	140189057	140189058	71	21	2.61	2	1	0.61	1	1	0.39	unphased	1.83006038647343	1.13668346985927	1.61
5	140250585	140250586	51	11	2.61	2	1	0.61	1	1	0.39	unphased	1.42244324970131	1.42244324970131	1
5	140589622	140589623	39	11	2.61	2	1	0.61	1	1	0.39	unphased	1.76382962962963	1.09554635380722	1.61
5	140774086	140774087	130	7	2.61	2	1	0.61	1	1	0.39	unphased	0.409648553663152	0.671555006005167	0.61
5	149215938	149215939	94	6	2.61	2	1	0.61	1	1	0.39	unphased	0.481044444444444	0.788597449908925	0.61
5	156469676	156469677	134	13	2.61	2	1	0.61	1	1	0.39	unphased	0.709022423784328	0.709022423784328	1
5	156589904	156589905	160	31	2.61	2	1	0.61	1	1	0.39	unphased	1.30125460539073	1.30125460539073	1
5	156819861	156819862	106	5	2.61	2	1	0.61	1	1	0.39	unphased	0.361144477811144	0.592040127559253	0.61
5	161580233	161580234	103	26	2.61	2	1	0.61	1	1	0.39	unphased	1.61591157048521	1.00367178291007	1.61
5	167642142	167642143	63	10	2.61	2	1	0.61	1	1	0.39	unphased	1.09827498731608	1.09827498731608	1
5	169446070	169446071	237	50	2.61	2	1	0.61	1	1	0.39	unphased	1.39676087237063	0.867553336876167	1.61
5	175110815	175110816	55	4	2.61	2	1	0.61	1	1	0.39	unphased	0.543553044569994	0.543553044569994	1
6	4125452	4125453	115	39	5	4	2	0.75	1	1	0.25	unphased	2.63564213564214	0.958415322051685	2.75
6	6145960	6145961	80	17	5	4	2	0.75	1	1	0.25	unphased	1.82397861779305	1.04227349588174	1.75
6	10529564	10529565	106	13	5	4	2	0.75	1	1	0.25	unphased	1.13694366635543	1.13694366635543	1
6	13802536	13802537	118	14	5	4	2	0.75	1	1	0.25	unphased	1.10381593714927	1.10381593714927	1
6	29274832	29274833	118	47	5.8	4	3	0.8	1	0	0.2	unphased	3.19241301907969	0.938945005611672	3.4
6	29323942	29323943	76	42	5.8	4	3	0.8	1	0	0.2	unphased	3.98907721280603	1.04975716126474	3.8
6	29638998	29638999	129	21	5.8	4	3	0.8	1	0	0.2	unphased	1.56903703703704	0.871687242798354	1.8
6	29691170	29691171	42	9	5.8	4	3	0.8	1	0	0.2	unphased	1.97777777777778	1.09876543209877	1.8
6	30121597	30121598	40	3	5.8	4	3	0.8	1	0	0.2	unphased	0.781912144702842	0.781912144702842	1
6	30920783	30920784	39	8	5.8	4	3	0.8	1	0	0.2	unphased	1.90764381402679	1.05980211890377	1.8
6	32169206	32169207	61	5	5.8	4	3	0.8	1	0	0.2	unphased	0.849046015712682	0.849046015712682	1
6	32181502	32181503	95	15	5.8	4	3	0.8	1	0	0.2	unphased	1.52828282828283	1.52828282828283	1
6	32903145	32903146	135	11	5.8	4	3	0.8	1	0	0.2	unphased	0.84439370877727	0.84439370877727	1
6	51524525	51524526	166	12	5.8	4	3	0.8	1	0	0.2	unphased	0.755555555555556	0.755555555555556	1
6	52701130	52701131	273	12	5.8	4	3	0.8	1	0	0.2	unphased	0.471890838206628	0.589863547758285	0.8
6	54805962	54805963	154	8	5.8	4	3	0.8	1	0	0.2	unphased	0.553452217649749	0.553452217649749	1
6	56999641	56999642	72	8	5.8	4	3	0.8	1	0	0.2	unphased	1.12074074074074	1.12074074074074	1
6	70964867	70964868	131	40	2	2	0	1	NA	NA	NA	unphased	1.73272687892571	0.866363439462855	2
6	74521963	74521964	80	40	2	2	0	1	NA	NA	NA	unphased	2.46913580246914	1.23456790123457	2
6	110300444	110300445	60	29	2	2	0	1	NA	NA	NA	unphased	2.41364960466084	1.20682480233042	2
6	114378648	114378649	73	12	2	2	0	1	NA	NA	NA	unphased	1.04575163398693	1.04575163398693	1
6	132966565	132966566	94	17	2	2	0	1	NA	NA	NA	unphased	1.13446780113447	1.13446780113447	1
6	149275031	149275032	38	5	2	2	0	1	NA	NA	NA	unphased	0.861326442721791	0.861326442721791	1
6	153043512	153043513	12	3	2	2	0	1	NA	NA	NA	unphased	1.48148148148148	1.48148148148148	1
6	158882746	158882747	62	21	2	2	0	1	NA	NA	NA	unphased	1.87416331994645	0.937081659973226	2
6	159653517	159653518	33	8	2	2	0	1	NA	NA	NA	unphased	1.4453477868112	1.4453477868112	1
6	161032654	161032655	360	50	2	2	0	1	NA	NA	NA	unphased	0.903342366757001	0.903342366757001	1
6	161173184	161173185	49	15	2	2	0	1	NA	NA	NA	unphased	1.73611111111111	0.868055555555555	2
7	14378260	14378261	101	13	3.44	2	2	0.72	1	1	0.28	unphased	1.00891487979207	1.00891487979207	1
7	27140890	27140891	90	17	3.44	2	2	0.72	1	1	0.28	unphased	1.4056628591208	1.4056628591208	1
7	36917704	36917705	61	5	3.44	2	2	0.72	1	1	0.28	unphased	0.670258136924804	0.670258136924804	1
7	44046812	44046813	91	10	3.44	2	2	0.72	1	1	0.28	unphased	0.875980931426476	0.875980931426476	1
7	44113475	44113476	88	20	3.44	2	2	0.72	1	1	0.28	unphased	1.63840877914952	0.952563243691581	1.72
7	45141141	45141142	21	5	3.44	2	2	0.72	1	1	0.28	unphased	1.7014245014245	1.7014245014245	1
7	45650022	45650023	153	17	3.44	2	2	0.72	1	1	0.28	unphased	0.884740740740741	0.884740740740741	1
7	48143001	48143002	93	6	3.44	2	2	0.72	1	1	0.28	unphased	0.536206509539843	0.536206509539843	1
7	53104145	53104146	53	10	3.44	2	2	0.72	1	1	0.28	unphased	1.40435038212816	1.40435038212816	1
7	73249146	73249147	55	5	3.44	2	2	0.72	1	1	0.28	unphased	0.737283950617284	0.737283950617284	1
7	73668692	73668693	8	3	3.44	2	2	0.72	1	1	0.28	unphased	2.41292929292929	2.41292929292929	1
7	73952476	73952477	83	7	3.44	2	2	0.72	1	1	0.28	unphased	0.688131687242798	0.688131687242798	1
7	81624224	81624225	69	7	3.44	2	2	0.72	1	1	0.28	unphased	0.814892787524366	0.814892787524366	1
7	92762154	92762155	114	15	3.44	2	2	0.72	1	1	0.28	unphased	1.02876830318691	1.02876830318691	1
7	100777154	100777155	40	3	3.44	2	2	0.72	1	1	0.28	unphased	0.617260981912145	0.617260981912145	1
7	100807288	100807289	14	3	3.44	2	2	0.72	1	1	0.28	unphased	1.56130718954248	1.56130718954248	1
7	101845329	101845330	65	11	3.44	2	2	0.72	1	1	0.28	unphased	1.28054580896686	1.28054580896686	1
7	103163928	103163929	118	23	3.44	2	2	0.72	1	1	0.28	unphased	1.44319411610192	0.839066346570882	1.72
7	121651012	121651013	100	15	3.44	2	2	0.72	1	1	0.28	unphased	1.15400966183575	1.15400966183575	1
7	123594500	123594501	61	15	3.44	2	2	0.72	1	1	0.28	unphased	1.74619883040936	1.01523187814497	1.72
7	137148321	137148322	40	6	3.64	2	2	0.82	1	1	0.18	unphased	1.18009661835749	1.18009661835749	1
7	142139363	142139364	77	21	3.64	2	2	0.82	1	1	0.18	unphased	1.93873015873016	1.06523635095064	1.82
7	142326879	142326880	166	34	3.64	2	2	0.82	1	1	0.18	unphased	1.53805925925926	0.845087505087505	1.82
7	142568117	142568118	118	28	3.64	2	2	0.82	1	1	0.18	unphased	1.73511922881786	0.953362213636186	1.82
7	142638293	142638294	31	7	3.64	2	2	0.82	1	1	0.18	unphased	1.66662768031189	1.66662768031189	1
7	142651452	142651453	76	12	3.64	2	2	0.82	1	1	0.18	unphased	1.23373737373737	1.23373737373737	1
7	143039236	143039237	28	8	3.64	2	2	0.82	1	1	0.18	unphased	2.01053497942387	1.10468954913399	1.82
7	143955987	143955988	350	15	3.64	2	2	0.82	1	1	0.18	unphased	0.371811263318113	0.371811263318113	1
7	144097291	144097292	84	11	3.64	2	2	0.82	1	1	0.18	unphased	1.04759454191033	1.04759454191033	1
7	150704247	150704248	109	24	3.64	2	2	0.82	1	1	0.18	unphased	1.63261487050961	0.897041137642641	1.82
8	10465502	10465503	165	15	0.6	0	0	0.7	1	1	0.3	unphased	0.500617283950617	0.500617283950617	1
8	11189237	11189238	87	11	0.6	0	0	0.7	1	1	0.3	unphased	0.674300831443689	0.674300831443689	1
8	20073973	20073974	39	4	0.6	0	0	0.7	1	1	0.3	unphased	0.558828596037898	0.558828596037898	1
8	24326278	24326279	35	9	0.6	0	0	0.7	1	1	0.3	unphased	1.22878787878788	1.22878787878788	1
8	41792281	41792282	464	33	3.96	4	1	0.74	1	0	0.26	unphased	0.621980773530069	0.840514558824418	0.74
8	42046461	42046462	254	125	3.96	4	1	0.74	1	0	0.26	unphased	3.08951431642725	0.959476495784859	3.22
8	68942817	68942818	80	35	2.72	2	1	0.72	1	1	0.28	unphased	2.47355877616747	1.43811556753923	1.72
8	72935107	72935108	63	24	2.34	3	1	0.17	1	1	0.83	unphased	2.13721583652618	0.98489209056506	2.17
8	77618755	77618756	13	10	5.8	5	1	0.96	0	1	0.04	unphased	4.87278582930757	0.998521686333518	4.88
8	87242446	87242447	145	10	5.8	5	1	0.96	0	1	0.04	unphased	0.723058542413381	0.723058542413381	1
8	89086832	89086833	77	6	5.8	5	1	0.96	0	1	0.04	unphased	0.810174029451138	0.810174029451138	1
8	92307865	92307866	88	9	5.8	5	1	0.96	0	1	0.04	unphased	1.03986254295533	1.03986254295533	1
8	95403925	95403926	210	137	5.8	5	1	0.96	0	1	0.04	unphased	4.42482655566229	0.921838865762977	4.8
8	95877916	95877917	304	13	2.57	4	1	0.19	1	1	0.81	unphased	0.327149199672859	0.327149199672859	1
8	104415419	104415420	37	21	4.37	4	1	0.79	1	1	0.21	unphased	3.54009578544061	0.988853571352126	3.58
8	113326766	113326767	127	5	4.37	4	1	0.79	1	1	0.21	unphased	0.370356341189675	0.468805495176803	0.79
8	113668536	113668537	84	5	4.37	4	1	0.79	1	1	0.21	unphased	0.549292550977944	0.549292550977944	1
8	116426403	116426404	139	22	4.37	4	1	0.79	1	1	0.21	unphased	1.33604324821716	1.33604324821716	1
9	5466807	5466808	80	11	2.73	2	1	0.73	1	1	0.27	unphased	0.983642653642654	0.983642653642654	1
9	5920562	5920563	566	43	2.73	2	1	0.73	1	1	0.27	unphased	0.574562427780819	0.787071818877834	0.73
9	8340447	8340448	79	4	2.73	2	1	0.73	1	1	0.27	unphased	0.392164212405176	0.537211249870104	0.73
9	13119527	13119528	137	11	2.73	2	1	0.73	1	1	0.27	unphased	0.604807307307307	0.828503160694941	0.73
9	13125263	13125264	88	7	2.73	2	1	0.73	1	1	0.27	unphased	0.599598440545809	0.599598440545809	1
9	17795681	17795682	40	7	2	1	1	0.2	1	1	0.8	unphased	1.10323089046493	1.10323089046493	1
9	74865728	74865729	136	24	2	1	1	0.2	1	1	0.8	unphased	1.11111111111111	1.11111111111111	1
9	75778405	75778406	73	17	2	1	1	0.2	1	1	0.8	unphased	1.39917695473251	1.39917695473251	1
9	78789942	78789943	76	10	2	1	1	0.2	1	1	0.8	unphased	0.861326442721791	0.861326442721791	1
9	84604695	84604696	47	7	2	1	1	0.2	1	1	0.8	unphased	0.960219478737997	0.960219478737997	1
9	85862722	85862723	144	12	2	1	1	0.2	1	1	0.8	unphased	0.56980056980057	0.712250712250712	0.8
9	90312087	90312088	56	8	2	1	1	0.2	1	1	0.8	unphased	0.925925925925926	0.925925925925926	1
9	94486198	94486199	70	9	2	1	1	0.2	1	1	0.8	unphased	0.843881856540084	0.843881856540084	1
9	100961604	100961605	28	3	2	1	1	0.2	1	1	0.8	unphased	0.716845878136201	0.716845878136201	1
9	101747955	101747956	30	10	2	1	1	0.2	1	1	0.8	unphased	1.85185185185185	1.85185185185185	1
9	107267231	107267232	150	39	2	1	1	0.2	1	1	0.8	unphased	1.52851263962375	1.52851263962375	1
9	111617372	111617373	54	14	2	1	1	0.2	1	1	0.8	unphased	1.52505446623094	1.52505446623094	1
9	114904685	114904686	216	15	2	1	1	0.29	1	1	0.71	unphased	0.481000481000481	0.677465466197861	0.71
9	125329897	125329898	130	15	2	1	1	0.29	1	1	0.71	unphased	0.766283524904214	0.766283524904214	1
9	133932432	133932433	108	13	2	1	1	0.29	1	1	0.71	unphased	0.795837159473523	0.795837159473523	1
9	135781379	135781380	29	4	2	1	1	0.29	1	1	0.71	unphased	0.897867564534231	0.897867564534231	1
9	135781380	135781381	30	5	2	1	1	0.29	1	1	0.71	unphased	1.05820105820106	1.05820105820106	1
X	11790300	11790301	195	9	NA	NA	NA	NA	NA	NA	NA	unphased	NA	NA	1
X	32380906	32380907	84	11	NA	NA	NA	NA	NA	NA	NA	unphased	NA	NA	1
X	37026686	37026687	50	8	NA	NA	NA	NA	NA	NA	NA	unphased	NA	NA	1
X	38144876	38144877	248	37	NA	NA	NA	NA	NA	NA	NA	unphased	NA	NA	1
X	48781241	48781242	14	4	NA	NA	NA	NA	NA	NA	NA	unphased	NA	NA	1
X	55116443	55116444	47	3	NA	NA	NA	NA	NA	NA	NA	unphased	NA	NA	1
X	72674385	72674386	53	10	NA	NA	NA	NA	NA	NA	NA	unphased	NA	NA	1
X	89177402	89177403	166	18	NA	NA	NA	NA	NA	NA	NA	unphased	NA	NA	1
X	91138017	91138018	22	9	NA	NA	NA	NA	NA	NA	NA	unphased	NA	NA	1
X	107807110	107807111	49	15	NA	NA	NA	NA	NA	NA	NA	unphased	NA	NA	1
X	107898560	107898561	60	20	NA	NA	NA	NA	NA	NA	NA	unphased	NA	NA	1
X	107977780	107977781	191	81	NA	NA	NA	NA	NA	NA	NA	unphased	NA	NA	1
X	109388103	109388104	100	5	NA	NA	NA	NA	NA	NA	NA	unphased	NA	NA	1
X	118223470	118223471	92	43	NA	NA	NA	NA	NA	NA	NA	unphased	NA	NA	1
X	118284524	118284525	78	8	NA	NA	NA	NA	NA	NA	NA	unphased	NA	NA	1
X	123519721	123519722	167	8	NA	NA	NA	NA	NA	NA	NA	unphased	NA	NA	1
X	135593507	135593508	50	22	NA	NA	NA	NA	NA	NA	NA	unphased	NA	NA	1
X	140985168	140985169	168	15	NA	NA	NA	NA	NA	NA	NA	unphased	NA	NA	1
X	140995913	140995914	356	34	NA	NA	NA	NA	NA	NA	NA	unphased	NA	NA	1
X	140995914	140995915	354	35	NA	NA	NA	NA	NA	NA	NA	unphased	NA	NA	1
X	142718544	142718545	192	11	NA	NA	NA	NA	NA	NA	NA	unphased	NA	NA	1
X	144337346	144337347	175	12	NA	NA	NA	NA	NA	NA	NA	unphased	NA	NA	1
X	144904873	144904874	82	5	NA	NA	NA	NA	NA	NA	NA	unphased	NA	NA	1
X	147743812	147743813	231	14	NA	NA	NA	NA	NA	NA	NA	unphased	NA	NA	1
X	148037216	148037217	427	35	NA	NA	NA	NA	NA	NA	NA	unphased	NA	NA	1
X	151303294	151303295	118	12	NA	NA	NA	NA	NA	NA	NA	unphased	NA	NA	1
X	153626711	153626712	82	7	NA	NA	NA	NA	NA	NA	NA	unphased	NA	NA	1
Y	16952496	16952497	41	7	NA	NA	NA	NA	NA	NA	NA	unphased	NA	NA	1
