chr	start	end	WT.count	mut.count	subclonal.CN	nMaj1	nMin1	frac1	nMaj2	nMin2	frac2	phase	mutation.copy.number	subclonal.fraction	no.chrs.bearing.mut
1	2430596	2430597	21	3	NA	NA	NA	NA	NA	NA	NA	unphased	NA	NA	1
1	16374839	16374840	16	21	3	2	1	1	NA	NA	NA	unphased	2.28746928746929	1.14373464373464	2
1	16918543	16918544	354	13	3	2	1	1	NA	NA	NA	unphased	0.142762777640162	0.142762777640162	1
1	22207251	22207252	15	3	3	2	1	1	NA	NA	NA	unphased	0.671717171717172	0.671717171717172	1
1	60139744	60139745	25	13	3	2	1	1	NA	NA	NA	unphased	1.37878787878788	1.37878787878788	1
1	92174301	92174302	15	15	3	2	1	1	NA	NA	NA	unphased	2.01515151515152	1.00757575757576	2
1	152191138	152191139	121	118	3	2	1	1	NA	NA	NA	unphased	1.9898567262584	0.9949283631292	2
1	166926014	166926015	70	14	3	2	1	1	NA	NA	NA	unphased	0.671717171717172	0.671717171717172	1
1	175365683	175365684	26	14	3	2	1	1	NA	NA	NA	unphased	1.41060606060606	1.41060606060606	1
1	176852015	176852016	50	10	3	2	1	1	NA	NA	NA	unphased	0.671717171717172	0.671717171717172	1
1	202698969	202698970	172	51	3	2	1	1	NA	NA	NA	unphased	0.921728495719527	0.921728495719527	1
1	248801858	248801859	31	9	NA	NA	NA	NA	NA	NA	NA	unphased	NA	NA	1
10	460017	460018	66	28	4	2	2	1	NA	NA	NA	unphased	1.49838813668601	0.749194068343005	2
10	25887539	25887540	48	8	4	2	2	1	NA	NA	NA	unphased	0.718614718614719	0.718614718614719	1
10	32573675	32573676	86	65	4	2	2	1	NA	NA	NA	unphased	2.1653622315874	1.0826811157937	2
10	38343335	38343336	43	24	4	2	2	1	NA	NA	NA	unphased	1.80189959294437	0.900949796472185	2
10	89692789	89692790	8	34	2	2	0	1	NA	NA	NA	unphased	2.45310245310245	1.22655122655123	2
10	97917808	97917809	11	16	2	2	0	1	NA	NA	NA	unphased	1.79573512906846	0.897867564534231	2
10	115372030	115372031	23	28	2	2	0	1	NA	NA	NA	unphased	1.66369578134284	0.83184789067142	2
10	117001505	117001506	7	35	2	2	0	1	NA	NA	NA	unphased	2.52525252525253	1.26262626262626	2
11	1101021	1101022	13	9	2	2	0	1	NA	NA	NA	unphased	1.2396694214876	1.2396694214876	1
11	17418820	17418821	54	43	2.28	2	2	0.14	1	1	0.86	unphased	1.4674539206498	1.28724028127175	1.14
11	18195103	18195104	54	26	2.28	2	2	0.14	1	1	0.86	unphased	1.07584848484848	1.07584848484848	1
11	20939785	20939786	126	21	2.28	2	2	0.14	1	1	0.86	unphased	0.472900432900433	0.472900432900433	1
11	55587480	55587481	99	56	2.28	2	2	0.14	1	1	0.86	unphased	1.19598044965787	1.19598044965787	1
11	61734810	61734811	21	9	2.28	2	2	0.14	1	1	0.86	unphased	0.993090909090909	0.993090909090909	1
11	63137808	63137809	52	38	2.28	2	2	0.14	1	1	0.86	unphased	1.3976835016835	1.22603815937149	1.14
11	68839399	68839400	227	40	9	7	2	1	NA	NA	NA	unphased	1.50266712064465	0.751333560322324	2
11	88780987	88780988	9	25	2	2	0	1	NA	NA	NA	unphased	2.22816399286988	1.11408199643494	2
11	105781192	105781193	14	33	2	2	0	1	NA	NA	NA	unphased	2.12765957446809	1.06382978723404	2
11	108276275	108276276	8	27	2	2	0	1	NA	NA	NA	unphased	2.33766233766234	1.16883116883117	2
11	113140982	113140983	62	114	2	2	0	1	NA	NA	NA	unphased	1.96280991735537	0.981404958677686	2
11	124745222	124745223	22	23	2	2	0	1	NA	NA	NA	unphased	1.54882154882155	0.774410774410774	2
11	126278008	126278009	14	30	2	2	0	1	NA	NA	NA	unphased	2.06611570247934	1.03305785123967	2
12	10313411	10313412	197	110	1.1	2	1	0.05	0	1	0.95	unphased	0.763300760043431	0.763300760043431	1
12	13768178	13768179	39	14	1.1	2	1	0.05	0	1	0.95	unphased	0.562721555174385	0.562721555174385	1
12	26784864	26784865	218	16	1.08	2	1	0.04	0	1	0.96	unphased	0.144294224294224	0.144294224294224	1
12	38714859	38714860	117	33	1.08	2	1	0.04	0	1	0.96	unphased	0.464266666666667	0.464266666666667	1
12	46211601	46211602	26	16	1.08	2	1	0.04	0	1	0.96	unphased	0.803924963924964	0.803924963924964	1
12	55725839	55725840	63	33	1.08	2	1	0.04	0	1	0.96	unphased	0.725416666666667	0.725416666666667	1
12	57865371	57865372	49	40	1.08	2	1	0.04	0	1	0.96	unphased	0.948450800136193	0.948450800136193	1
12	64536175	64536176	46	17	1.08	2	1	0.04	0	1	0.96	unphased	0.569446849446849	0.569446849446849	1
12	70956724	70956725	42	11	1.08	2	1	0.04	0	1	0.96	unphased	0.437987421383648	0.437987421383648	1
12	88586465	88586466	50	23	1.08	2	1	0.04	0	1	0.96	unphased	0.6648899958489	0.6648899958489	1
12	91502516	91502517	27	8	1.08	2	1	0.04	0	1	0.96	unphased	0.482354978354978	0.482354978354978	1
12	102455737	102455738	5	5	1.08	2	1	0.04	0	1	0.96	unphased	1.05515151515152	1.05515151515152	1
12	106632870	106632871	166	57	1.08	2	1	0.04	0	1	0.96	unphased	0.539404810436201	0.539404810436201	1
12	108985573	108985574	48	11	1.08	2	1	0.04	0	1	0.96	unphased	0.393446327683616	0.393446327683616	1
12	121711970	121711971	6	8	1.08	2	1	0.04	0	1	0.96	unphased	1.20588744588745	1.20588744588745	1
13	37012819	37012820	27	3	2	2	0	1	NA	NA	NA	unphased	0.303030303030303	0.303030303030303	1
14	31535522	31535523	85	59	4	2	2	1	NA	NA	NA	unphased	2.06102693602694	1.03051346801347	2
14	52486010	52486011	14	9	4	2	2	1	NA	NA	NA	unphased	1.96837944664032	0.984189723320158	2
14	71227758	71227759	114	61	4	2	2	1	NA	NA	NA	unphased	1.75341991341991	0.876709956709957	2
14	80669065	80669066	5	7	4	2	2	1	NA	NA	NA	unphased	2.93434343434343	1.46717171717172	2
14	95053971	95053972	8	9	4	2	2	1	NA	NA	NA	unphased	2.66310160427807	1.33155080213904	2
14	102550845	102550846	16	17	4	2	2	1	NA	NA	NA	unphased	2.59136822773186	1.29568411386593	2
15	25463640	25463641	11	4	3	2	1	1	NA	NA	NA	unphased	1.07474747474747	1.07474747474747	1
15	43826932	43826933	97	30	3	2	1	1	NA	NA	NA	unphased	0.952040085898354	0.952040085898354	1
15	43888608	43888609	71	12	3	2	1	1	NA	NA	NA	unphased	0.582694414019715	0.582694414019715	1
15	51860693	51860694	6	6	3	2	1	1	NA	NA	NA	unphased	2.01515151515152	1.00757575757576	2
15	65490827	65490828	68	16	3	2	1	1	NA	NA	NA	unphased	0.767676767676768	0.767676767676768	1
15	78457363	78457364	49	29	3	2	1	1	NA	NA	NA	unphased	1.498445998446	0.749222999222999	2
16	2231324	2231325	6	5	2	2	0	1	NA	NA	NA	unphased	1.37741046831956	1.37741046831956	1
16	10626940	10626941	46	17	4	2	2	1	NA	NA	NA	unphased	1.35738335738336	1.35738335738336	1
16	51174546	51174547	24	47	2	2	0	1	NA	NA	NA	unphased	2.00597524541186	1.00298762270593	2
16	51174547	51174548	24	46	2	2	0	1	NA	NA	NA	unphased	1.99134199134199	0.995670995670996	2
16	70404135	70404136	24	3	2	2	0	1	NA	NA	NA	unphased	0.336700336700337	0.336700336700337	1
16	70416748	70416749	17	20	2	2	0	1	NA	NA	NA	unphased	1.63800163800164	0.819000819000819	2
16	70416749	70416750	17	20	2	2	0	1	NA	NA	NA	unphased	1.63800163800164	0.819000819000819	2
16	89350128	89350129	27	70	2	2	0	1	NA	NA	NA	unphased	2.18681661980631	1.09340830990316	2
17	6927520	6927521	25	82	3	3	0	1	NA	NA	NA	unphased	3.08864344378363	1.02954781459454	3
17	9783725	9783726	257	11	3	3	0	1	NA	NA	NA	unphased	0.165422885572139	0.165422885572139	1
17	26087196	26087197	60	12	3	3	0	1	NA	NA	NA	unphased	0.671717171717172	0.671717171717172	1
17	47903384	47903385	20	48	3	3	0	1	NA	NA	NA	unphased	2.84491978609626	0.948306595365419	3
17	75210026	75210027	67	170	4	4	0	1	NA	NA	NA	unphased	3.60823424114563	0.902058560286408	4
17	80038717	80038718	16	6	4	4	0	1	NA	NA	NA	unphased	1.37190082644628	1.37190082644628	1
18	30791901	30791902	33	5	4	2	2	1	NA	NA	NA	unphased	0.661881977671451	0.661881977671451	1
18	54605829	54605830	63	28	4	2	2	1	NA	NA	NA	unphased	1.54778554778555	0.773892773892774	2
18	61597277	61597278	18	8	4	2	2	1	NA	NA	NA	unphased	1.54778554778555	1.54778554778555	1
18	77171413	77171414	24	11	NA	NA	NA	NA	NA	NA	NA	unphased	NA	NA	1
19	8842031	8842032	18	46	2	2	0	1	NA	NA	NA	unphased	2.1780303030303	1.08901515151515	2
19	11134245	11134246	5	6	2	2	0	1	NA	NA	NA	unphased	1.65289256198347	1.65289256198347	1
19	22784181	22784182	3	5	2	2	0	1	NA	NA	NA	unphased	1.89393939393939	1.89393939393939	1
19	34840035	34840036	13	23	2	2	0	1	NA	NA	NA	unphased	1.93602693602694	0.968013468013468	2
19	40732336	40732337	4	17	2	2	0	1	NA	NA	NA	unphased	2.45310245310245	1.22655122655123	2
19	43519370	43519371	44	79	2	2	0	1	NA	NA	NA	unphased	1.94629219019463	0.973146095097315	2
19	51559946	51559947	30	51	2	2	0	1	NA	NA	NA	unphased	1.90796857463524	0.953984287317621	2
19	54711427	54711428	9	11	2	2	0	1	NA	NA	NA	unphased	1.66666666666667	0.833333333333333	2
19	56477588	56477589	31	36	2	2	0	1	NA	NA	NA	unphased	1.62822252374491	0.814111261872456	2
2	43459886	43459887	147	22	8	7	1	1	NA	NA	NA	unphased	1.17554240631164	1.17554240631164	1
2	77746440	77746441	34	9	3	2	1	1	NA	NA	NA	unphased	0.843551797040169	0.843551797040169	1
2	89399433	89399434	161	31	3	2	1	1	NA	NA	NA	unphased	0.65072601010101	0.65072601010101	1
2	89399434	89399435	165	32	3	2	1	1	NA	NA	NA	unphased	0.654668512536533	0.654668512536533	1
2	135099166	135099167	21	11	3	2	1	1	NA	NA	NA	unphased	1.38541666666667	1.38541666666667	1
2	136026572	136026573	102	105	3	2	1	1	NA	NA	NA	unphased	2.044356609574	1.022178304787	2
2	155566216	155566217	33	29	3	2	1	1	NA	NA	NA	unphased	1.88514173998045	0.942570869990225	2
2	179443710	179443711	19	18	3	2	1	1	NA	NA	NA	unphased	1.96068796068796	0.98034398034398	2
2	179577222	179577223	25	6	3	2	1	1	NA	NA	NA	unphased	0.780058651026393	0.780058651026393	1
2	185800738	185800739	29	10	3	2	1	1	NA	NA	NA	unphased	1.03341103341103	1.03341103341103	1
2	220494318	220494319	55	6	3	2	1	1	NA	NA	NA	unphased	0.396423248882265	0.396423248882265	1
2	231978598	231978599	20	33	3	2	1	1	NA	NA	NA	unphased	2.50943396226415	1.25471698113208	2
2	241404967	241404968	66	4	3	2	1	1	NA	NA	NA	unphased	0.23030303030303	0.23030303030303	1
21	11039103	11039104	267	14	NA	NA	NA	NA	NA	NA	NA	unphased	NA	NA	1
21	41450655	41450656	50	20	4	2	2	1	NA	NA	NA	unphased	1.43722943722944	0.718614718614719	2
21	45742070	45742071	51	26	4	2	2	1	NA	NA	NA	unphased	1.69854388036206	0.849271940181031	2
22	31042765	31042766	27	50	5.25	4	2	0.85	1	0	0.15	unphased	4.07811885084612	1.05925164957042	3.85
22	34046526	34046527	44	79	5.25	4	2	0.85	1	0	0.15	unphased	4.03369056417837	1.04771183485152	3.85
22	37482367	37482368	31	43	5.25	4	2	0.85	1	0	0.15	unphased	3.64936527436527	0.986314939017642	3.7
22	43218278	43218279	88	29	5.25	4	2	0.85	1	0	0.15	unphased	1.55665630665631	0.841435841435841	1.85
22	43218332	43218333	125	41	5.25	4	2	0.85	1	0	0.15	unphased	1.55115918218328	0.838464422801772	1.85
3	39307566	39307567	13	29	2	2	0	1	NA	NA	NA	unphased	2.09235209235209	1.04617604617605	2
3	40429554	40429555	32	42	2	2	0	1	NA	NA	NA	unphased	1.71990171990172	0.85995085995086	2
3	49094646	49094647	2	13	2	2	0	1	NA	NA	NA	unphased	2.62626262626263	1.31313131313131	2
3	88205596	88205597	28	24	4	2	2	1	NA	NA	NA	unphased	2.32167832167832	1.16083916083916	2
3	128344395	128344396	115	80	4	2	2	1	NA	NA	NA	unphased	2.06371406371406	1.03185703185703	2
3	130452632	130452633	110	27	4	2	2	1	NA	NA	NA	unphased	0.991373589913736	0.991373589913736	1
3	131102041	131102042	71	42	4	2	2	1	NA	NA	NA	unphased	1.86967015285599	0.934835076427997	2
3	135721411	135721412	47	28	4	2	2	1	NA	NA	NA	unphased	1.8779797979798	0.938989898989899	2
3	158372336	158372337	24	17	4	2	2	1	NA	NA	NA	unphased	2.08573540280857	1.04286770140429	2
3	164906827	164906828	39	21	4	2	2	1	NA	NA	NA	unphased	1.76060606060606	0.88030303030303	2
4	74963381	74963382	6	4	3	2	1	1	NA	NA	NA	unphased	1.61212121212121	1.61212121212121	1
4	95508157	95508158	16	8	3	2	1	1	NA	NA	NA	unphased	1.34343434343434	1.34343434343434	1
4	106157728	106157729	22	9	3	2	1	1	NA	NA	NA	unphased	1.17008797653959	1.17008797653959	1
4	155156719	155156720	19	24	3	2	1	1	NA	NA	NA	unphased	2.24947145877378	1.12473572938689	2
4	159048638	159048639	80	54	3	2	1	1	NA	NA	NA	unphased	1.62415196743555	0.812075983717775	2
4	159048639	159048640	76	54	3	2	1	1	NA	NA	NA	unphased	1.67412587412587	0.837062937062937	2
4	184614780	184614781	66	73	3	2	1	1	NA	NA	NA	unphased	2.11663396555483	1.05831698277741	2
4	187003573	187003574	84	23	3	2	1	1	NA	NA	NA	unphased	0.866326819597848	0.866326819597848	1
5	10280723	10280724	73	95	6	4	2	1	NA	NA	NA	unphased	3.97546897546898	0.993867243867244	4
5	24511601	24511602	31	11	6	4	2	1	NA	NA	NA	unphased	1.84126984126984	0.92063492063492	2
5	33938162	33938163	37	4	6	4	2	1	NA	NA	NA	unphased	0.685883222468588	0.685883222468588	1
5	34824222	34824223	33	23	6	4	2	1	NA	NA	NA	unphased	2.88744588744589	0.962481962481962	3
5	38904021	38904022	15	10	4	2	2	1	NA	NA	NA	unphased	2.01212121212121	1.00606060606061	2
5	127863629	127863630	12	17	2	2	0	1	NA	NA	NA	unphased	1.77638453500522	0.888192267502612	2
5	128932278	128932279	33	67	2	2	0	1	NA	NA	NA	unphased	2.03030303030303	1.01515151515152	2
5	137680877	137680878	78	5	2	2	0	1	NA	NA	NA	unphased	0.18254837531946	0.18254837531946	1
5	150656929	150656930	15	38	2	2	0	1	NA	NA	NA	unphased	2.1726700971984	1.0863350485992	2
5	151180331	151180332	103	8	2	2	0	1	NA	NA	NA	unphased	0.218400218400218	0.218400218400218	1
6	7577247	7577248	27	14	3	2	1	1	NA	NA	NA	unphased	1.37620103473762	1.37620103473762	1
6	29581076	29581077	64	30	4	2	2	1	NA	NA	NA	unphased	1.60541586073501	0.802707930367505	2
6	30121993	30121994	35	16	4	2	2	1	NA	NA	NA	unphased	1.57813428401664	0.789067142008319	2
6	39325071	39325072	36	25	3	2	1	1	NA	NA	NA	unphased	1.65176353700944	0.825881768504719	2
6	82927807	82927808	26	7	3	2	1	1	NA	NA	NA	unphased	0.854912764003673	0.854912764003673	1
6	84865117	84865118	25	6	3	2	1	1	NA	NA	NA	unphased	0.780058651026393	0.780058651026393	1
6	146755728	146755729	73	7	3	2	1	1	NA	NA	NA	unphased	0.352651515151515	0.352651515151515	1
6	152501391	152501392	53	7	3	2	1	1	NA	NA	NA	unphased	0.47020202020202	0.47020202020202	1
6	152540251	152540252	58	24	3	2	1	1	NA	NA	NA	unphased	1.17960088691796	1.17960088691796	1
6	160176526	160176527	96	22	3	2	1	1	NA	NA	NA	unphased	0.751412429378531	0.751412429378531	1
6	163985635	163985636	12	13	3	2	1	1	NA	NA	NA	unphased	2.09575757575758	1.04787878787879	2
7	12728363	12728364	21	24	2	2	0	1	NA	NA	NA	unphased	1.61616161616162	0.808080808080808	2
7	82585767	82585768	13	5	1.02	2	1	0.01	0	1	0.99	unphased	0.569528619528619	0.569528619528619	1
7	92762146	92762147	45	34	1.02	2	1	0.01	0	1	0.99	unphased	0.88240889911776	0.88240889911776	1
7	94228105	94228106	112	34	1.02	2	1	0.01	0	1	0.99	unphased	0.477467828974678	0.477467828974678	1
7	94996719	94996720	75	23	1.02	2	1	0.01	0	1	0.99	unphased	0.481193568336425	0.481193568336425	1
7	97483904	97483905	21	19	1.02	2	1	0.01	0	1	0.99	unphased	0.973893939393939	0.973893939393939	1
7	99704914	99704915	46	9	1.02	2	1	0.01	0	1	0.99	unphased	0.335504132231405	0.335504132231405	1
7	129847850	129847851	78	44	1.02	2	1	0.01	0	1	0.99	unphased	0.739453551912568	0.739453551912568	1
7	130370129	130370130	38	10	1.02	2	1	0.01	0	1	0.99	unphased	0.427146464646465	0.427146464646465	1
7	135262682	135262683	41	47	1.02	2	1	0.01	0	1	0.99	unphased	1.09504820936639	1.09504820936639	1
7	135291498	135291499	32	19	1.02	2	1	0.01	0	1	0.99	unphased	0.763838383838384	0.763838383838384	1
7	143701510	143701511	24	18	1.02	2	1	0.01	0	1	0.99	unphased	0.878701298701299	0.878701298701299	1
8	14412405	14412406	52	70	2	2	0	1	NA	NA	NA	unphased	1.73869846000994	0.869349230004968	2
8	37797468	37797469	9	11	2	2	0	1	NA	NA	NA	unphased	1.66666666666667	0.833333333333333	2
8	77776435	77776436	62	36	4	2	2	1	NA	NA	NA	unphased	1.84786641929499	0.923933209647495	2
8	79629607	79629608	99	69	4	2	2	1	NA	NA	NA	unphased	2.06601731601732	1.03300865800866	2
8	104442866	104442867	118	101	5.05	4	2	0.81	1	0	0.19	unphased	2.80415801854158	0.997921003039708	2.81
8	113564905	113564906	67	29	5.05	4	2	0.81	1	0	0.19	unphased	1.83675820707071	1.01478353981807	1.81
8	139144911	139144912	359	148	5.05	4	2	0.81	1	0	0.19	unphased	1.77492080569004	0.980619229663004	1.81
8	139155260	139155261	42	37	5.05	4	2	0.81	1	0	0.19	unphased	2.84773686229383	1.01342948836079	2.81
8	145106193	145106194	23	31	5.05	4	2	0.81	1	0	0.19	unphased	3.490544332211	1.01765140880787	3.43
8	145753125	145753126	27	4	NA	NA	NA	NA	NA	NA	NA	unphased	NA	NA	1
9	968118	968119	33	4	2	2	0	1	NA	NA	NA	unphased	0.327600327600328	0.327600327600328	1
9	82189812	82189813	23	3	2	2	0	1	NA	NA	NA	unphased	0.34965034965035	0.34965034965035	1
9	88694217	88694218	15	6	2	2	0	1	NA	NA	NA	unphased	0.865800865800866	0.865800865800866	1
9	139115948	139115949	29	45	2	2	0	1	NA	NA	NA	unphased	1.84275184275184	0.921375921375921	2
X	24512954	24512955	9	23	NA	NA	NA	NA	NA	NA	NA	unphased	NA	NA	1
X	41586547	41586548	10	45	NA	NA	NA	NA	NA	NA	NA	unphased	NA	NA	1
X	75649926	75649927	2	14	NA	NA	NA	NA	NA	NA	NA	unphased	NA	NA	1
X	78216921	78216922	34	79	NA	NA	NA	NA	NA	NA	NA	unphased	NA	NA	1
X	129498691	129498692	35	19	NA	NA	NA	NA	NA	NA	NA	unphased	NA	NA	1
X	129629695	129629696	19	36	NA	NA	NA	NA	NA	NA	NA	unphased	NA	NA	1
X	134706772	134706773	6	22	NA	NA	NA	NA	NA	NA	NA	unphased	NA	NA	1
X	135405247	135405248	19	64	NA	NA	NA	NA	NA	NA	NA	unphased	NA	NA	1
