chr	start	end	WT.count	mut.count	subclonal.CN	nMaj1	nMin1	frac1	nMaj2	nMin2	frac2	phase	mutation.copy.number	subclonal.fraction	no.chrs.bearing.mut
1	3328362	3328363	135	35	3	2	1	1	NA	NA	NA	unphased	0.954545454545454	0.954545454545454	1
1	23954359	23954360	46	16	3	2	1	1	NA	NA	NA	unphased	1.19648093841642	1.19648093841642	1
1	23954361	23954362	48	16	3	2	1	1	NA	NA	NA	unphased	1.15909090909091	1.15909090909091	1
1	35485167	35485168	41	12	1.63	1	1	0.63	1	0	0.37	unphased	0.739554030874786	0.739554030874786	1
1	119958157	119958158	53	21	2	1	1	1	NA	NA	NA	unphased	1.03194103194103	1.03194103194103	1
1	120480521	120480522	38	7	2	1	1	1	NA	NA	NA	unphased	0.565656565656566	0.565656565656566	1
1	120480523	120480524	38	7	2	1	1	1	NA	NA	NA	unphased	0.565656565656566	0.565656565656566	1
1	160654714	160654715	80	69	3.16	3	1	0.72	1	0	0.28	unphased	2.22113483831605	0.910301163244281	2.44
1	162343978	162343979	94	112	1.6	3	1	0.2	1	0	0.8	unphased	1.75957634598411	0.799807429992779	2.2
1	165370501	165370502	62	72	4	3	1	1	NA	NA	NA	unphased	3.02849389416554	1.00949796472185	3
1	167343473	167343474	22	22	4	3	1	1	NA	NA	NA	unphased	2.81818181818182	0.939393939393939	3
1	171073040	171073041	34	28	4	3	1	1	NA	NA	NA	unphased	2.54545454545455	0.848484848484849	3
1	178425949	178425950	150	41	4	3	1	1	NA	NA	NA	unphased	1.20990004759638	1.20990004759638	1
1	179399688	179399689	74	8	2.92	6	1	0.32	1	0	0.68	unphased	0.444523281596452	1.38913525498891	0.32
1	197128917	197128918	53	23	1.55	1	1	0.55	1	0	0.45	unphased	0.964294258373206	0.964294258373206	1
1	237965186	237965187	24	7	4	3	1	1	NA	NA	NA	unphased	1.27272727272727	1.27272727272727	1
1	240255628	240255629	16	3	4	3	1	1	NA	NA	NA	unphased	0.889952153110048	0.889952153110048	1
1	248263221	248263222	85	40	3	2	1	1	NA	NA	NA	unphased	1.48363636363636	0.741818181818182	2
1	248487106	248487107	62	44	3	2	1	1	NA	NA	NA	unphased	1.92452830188679	0.962264150943396	2
1	248616756	248616757	87	26	3	2	1	1	NA	NA	NA	unphased	1.06677393403057	1.06677393403057	1
10	18250539	18250540	32	21	3	2	1	1	NA	NA	NA	unphased	1.83704974271012	0.91852487135506	2
10	69902752	69902753	36	17	2	1	1	1	NA	NA	NA	unphased	1.1663807890223	1.1663807890223	1
10	71690282	71690283	21	4	2	1	1	1	NA	NA	NA	unphased	0.581818181818182	0.581818181818182	1
10	88260301	88260302	58	21	2	1	1	1	NA	NA	NA	unphased	0.96662830840046	0.96662830840046	1
10	116225485	116225486	90	23	2	1	1	1	NA	NA	NA	unphased	0.740144810941271	0.740144810941271	1
10	123600746	123600747	17	3	2	1	1	1	NA	NA	NA	unphased	0.545454545454545	0.545454545454545	1
10	127434402	127434403	64	23	2	1	1	1	NA	NA	NA	unphased	0.961337513061651	0.961337513061651	1
11	804253	804254	47	7	3	2	1	1	NA	NA	NA	unphased	0.601010101010101	0.601010101010101	1
11	1215832	1215833	29	8	3	2	1	1	NA	NA	NA	unphased	1.002457002457	1.002457002457	1
11	5080434	5080435	14	12	1.3	2	1	0.15	1	0	0.85	unphased	1.35524475524476	1.35524475524476	1
11	5631763	5631764	39	8	1.3	2	1	0.15	1	0	0.85	unphased	0.499806576402321	0.499806576402321	1
11	6220520	6220521	51	27	3	2	1	1	NA	NA	NA	unphased	1.6048951048951	0.802447552447552	2
11	10772859	10772860	16	10	3	2	1	1	NA	NA	NA	unphased	1.78321678321678	0.891608391608392	2
11	47711799	47711800	46	36	2	2	0	1	NA	NA	NA	unphased	1.59645232815965	0.798226164079823	2
11	55999920	55999921	74	45	3	2	1	1	NA	NA	NA	unphased	1.75324675324675	0.876623376623376	2
11	63230934	63230935	66	17	3	2	1	1	NA	NA	NA	unphased	0.949616648411829	0.949616648411829	1
11	65269685	65269686	39	11	3	2	1	1	NA	NA	NA	unphased	1.02	1.02	1
11	69588112	69588113	53	15	3	2	1	1	NA	NA	NA	unphased	1.02272727272727	1.02272727272727	1
11	123989036	123989037	75	47	3	2	1	1	NA	NA	NA	unphased	1.78614008941878	0.893070044709389	2
12	2656617	2656618	25	15	3	2	1	1	NA	NA	NA	unphased	1.73863636363636	0.869318181818182	2
12	2690912	2690913	24	4	3	2	1	1	NA	NA	NA	unphased	0.662337662337662	0.662337662337662	1
12	3763466	3763467	26	22	3	2	1	1	NA	NA	NA	unphased	2.125	1.0625	2
12	9995015	9995016	40	12	1.44	2	1	0.22	1	0	0.78	unphased	0.70993006993007	0.70993006993007	1
12	53201569	53201570	94	5	3	2	1	1	NA	NA	NA	unphased	0.234159779614325	0.234159779614325	1
12	57324268	57324269	26	23	3	2	1	1	NA	NA	NA	unphased	2.17625231910946	1.08812615955473	2
12	66765547	66765548	106	19	3	2	1	1	NA	NA	NA	unphased	0.704727272727273	0.704727272727273	1
12	78522645	78522646	36	6	3	2	1	1	NA	NA	NA	unphased	0.662337662337662	0.662337662337662	1
12	94563049	94563050	62	15	3	2	1	1	NA	NA	NA	unphased	0.90318772136954	0.90318772136954	1
12	133219857	133219858	35	43	1.2	2	1	0.1	1	0	0.9	unphased	1.56363636363636	1.42148760330579	1.1
13	33333829	33333830	9	3	2	1	1	1	NA	NA	NA	unphased	0.909090909090909	0.909090909090909	1
13	42788705	42788706	26	6	2	1	1	1	NA	NA	NA	unphased	0.681818181818182	0.681818181818182	1
13	48916775	48916776	24	10	1	1	0	1	NA	NA	NA	unphased	0.775401069518717	0.775401069518717	1
13	100511263	100511264	25	7	2	1	1	1	NA	NA	NA	unphased	0.795454545454545	0.795454545454545	1
14	20710991	20710992	58	19	3	2	1	1	NA	NA	NA	unphased	1.14403778040142	1.14403778040142	1
14	23355390	23355391	28	16	3	2	1	1	NA	NA	NA	unphased	1.68595041322314	0.84297520661157	2
14	31618276	31618277	14	12	3	2	1	1	NA	NA	NA	unphased	2.13986013986014	1.06993006993007	2
14	64610614	64610615	156	33	2	1	1	1	NA	NA	NA	unphased	0.634920634920635	0.634920634920635	1
14	107049100	107049101	93	29	2	1	1	1	NA	NA	NA	unphased	0.864381520119225	0.864381520119225	1
15	23932396	23932397	32	3	3	2	1	1	NA	NA	NA	unphased	0.397402597402597	0.397402597402597	1
15	32929966	32929967	29	12	3	2	1	1	NA	NA	NA	unphased	1.3569844789357	1.3569844789357	1
15	48521482	48521483	9	4	3	2	1	1	NA	NA	NA	unphased	1.42657342657343	1.42657342657343	1
15	75586301	75586302	58	8	3	2	1	1	NA	NA	NA	unphased	0.56198347107438	0.56198347107438	1
15	98512414	98512415	33	11	3	2	1	1	NA	NA	NA	unphased	1.15909090909091	1.15909090909091	1
15	102358418	102358419	51	46	3	2	1	1	NA	NA	NA	unphased	2.19868791002812	1.09934395501406	2
16	313296	313297	77	33	4	2	2	1	NA	NA	NA	unphased	1.69090909090909	0.845454545454545	2
16	7760684	7760685	84	24	4	2	2	1	NA	NA	NA	unphased	1.25252525252525	1.25252525252525	1
16	17235160	17235161	130	29	4	2	2	1	NA	NA	NA	unphased	1.02801600914808	1.02801600914808	1
16	21080875	21080876	55	27	4	2	2	1	NA	NA	NA	unphased	1.85587583148559	0.927937915742794	2
16	29912396	29912397	21	7	4	2	2	1	NA	NA	NA	unphased	1.40909090909091	1.40909090909091	1
16	31288272	31288273	16	11	4	2	2	1	NA	NA	NA	unphased	2.2962962962963	1.14814814814815	2
16	55363084	55363085	80	33	3	2	1	1	NA	NA	NA	unphased	1.35398230088496	0.676991150442478	2
16	57413542	57413543	43	27	3	2	1	1	NA	NA	NA	unphased	1.78831168831169	0.894155844155844	2
16	71482378	71482379	29	16	3	2	1	1	NA	NA	NA	unphased	1.64848484848485	0.824242424242424	2
16	74566021	74566022	24	8	3	2	1	1	NA	NA	NA	unphased	1.15909090909091	1.15909090909091	1
16	81190585	81190586	13	13	3	2	1	1	NA	NA	NA	unphased	2.31818181818182	1.15909090909091	2
17	5353650	5353651	104	40	2	2	0	1	NA	NA	NA	unphased	1.01010101010101	1.01010101010101	1
17	7577535	7577536	17	21	2	2	0	1	NA	NA	NA	unphased	2.00956937799043	1.00478468899522	2
17	10357933	10357934	38	39	2	2	0	1	NA	NA	NA	unphased	1.8417945690673	0.920897284533648	2
17	28706547	28706548	19	7	3	2	1	1	NA	NA	NA	unphased	1.24825174825175	1.24825174825175	1
17	39597000	39597001	70	14	3	2	1	1	NA	NA	NA	unphased	0.772727272727273	0.772727272727273	1
17	43009000	43009001	93	24	3	2	1	1	NA	NA	NA	unphased	0.951048951048951	0.951048951048951	1
17	43342137	43342138	18	19	3	2	1	1	NA	NA	NA	unphased	2.38083538083538	1.19041769041769	2
18	7774168	7774169	61	14	2.41	3	1	0.47	1	0	0.53	unphased	0.755321212121212	0.755321212121212	1
18	44560133	44560134	74	23	2	1	1	1	NA	NA	NA	unphased	0.862230552952202	0.862230552952202	1
18	47799767	47799768	46	25	2	1	1	1	NA	NA	NA	unphased	1.28040973111396	1.28040973111396	1
18	51904542	51904543	20	5	2	1	1	1	NA	NA	NA	unphased	0.727272727272727	0.727272727272727	1
19	7734740	7734741	5	19	2	2	0	1	NA	NA	NA	unphased	2.87878787878788	1.43939393939394	2
19	17654170	17654171	54	73	2	2	0	1	NA	NA	NA	unphased	2.09019327129563	1.04509663564782	2
19	23836118	23836119	34	12	6	4	2	1	NA	NA	NA	unphased	1.99209486166008	0.996047430830039	2
19	35823527	35823528	56	43	3.4	3	2	0.6	1	0	0.4	unphased	2.18751147842057	0.994323399282077	2.2
19	35823528	35823529	56	43	3.4	3	2	0.6	1	0	0.4	unphased	2.18751147842057	0.994323399282077	2.2
19	40364076	40364077	464	18	NA	NA	NA	NA	NA	NA	NA	unphased	NA	NA	1
19	58549535	58549536	18	4	3	2	1	1	NA	NA	NA	unphased	0.84297520661157	0.84297520661157	1
2	74758079	74758080	266	13	3	2	1	1	NA	NA	NA	unphased	0.21603128054741	0.21603128054741	1
2	87085338	87085339	69	31	3	2	1	1	NA	NA	NA	unphased	1.43727272727273	0.718636363636364	2
2	89513143	89513144	44	26	3	2	1	1	NA	NA	NA	unphased	1.72207792207792	0.861038961038961	2
2	96933433	96933434	27	8	3	2	1	1	NA	NA	NA	unphased	1.05974025974026	1.05974025974026	1
2	118766195	118766196	54	13	3	2	1	1	NA	NA	NA	unphased	0.899592944369064	0.899592944369064	1
2	131704308	131704309	14	3	3	2	1	1	NA	NA	NA	unphased	0.818181818181818	0.818181818181818	1
2	136669015	136669016	51	36	3	2	1	1	NA	NA	NA	unphased	1.91849529780564	0.959247648902821	2
2	138169228	138169229	65	16	3	2	1	1	NA	NA	NA	unphased	0.915824915824916	0.915824915824916	1
2	179425702	179425703	74	26	3	2	1	1	NA	NA	NA	unphased	1.20545454545455	1.20545454545455	1
2	179425703	179425704	74	26	3	2	1	1	NA	NA	NA	unphased	1.20545454545455	1.20545454545455	1
2	179496901	179496902	7	6	3	2	1	1	NA	NA	NA	unphased	2.13986013986014	1.06993006993007	2
2	179623861	179623862	32	11	3	2	1	1	NA	NA	NA	unphased	1.18604651162791	1.18604651162791	1
2	192251973	192251974	46	42	3	2	1	1	NA	NA	NA	unphased	2.21280991735537	1.10640495867769	2
2	217142529	217142530	69	37	3	2	1	1	NA	NA	NA	unphased	1.61835334476844	0.809176672384219	2
2	242577081	242577082	41	12	3	2	1	1	NA	NA	NA	unphased	1.04974271012007	1.04974271012007	1
20	36766696	36766697	30	14	4	2	2	1	NA	NA	NA	unphased	1.79338842975207	0.896694214876033	2
20	40944519	40944520	136	31	4	2	2	1	NA	NA	NA	unphased	1.04627109417529	1.04627109417529	1
20	42744377	42744378	60	12	4	2	2	1	NA	NA	NA	unphased	0.939393939393939	0.939393939393939	1
20	43034758	43034759	147	76	4	2	2	1	NA	NA	NA	unphased	1.92091316754994	0.960456583774969	2
20	46262343	46262344	62	16	4	2	2	1	NA	NA	NA	unphased	1.15617715617716	1.15617715617716	1
21	31802935	31802936	12	16	2	2	0	1	NA	NA	NA	unphased	2.07792207792208	1.03896103896104	2
21	38072072	38072073	10	8	2	2	0	1	NA	NA	NA	unphased	1.61616161616162	1.61616161616162	1
21	46945738	46945739	30	51	2	2	0	1	NA	NA	NA	unphased	2.28956228956229	1.14478114478114	2
22	23603165	23603166	36	12	2	1	1	1	NA	NA	NA	unphased	0.909090909090909	0.909090909090909	1
22	23603166	23603167	36	13	2	1	1	1	NA	NA	NA	unphased	0.964749536178108	0.964749536178108	1
22	38934345	38934346	24	12	2	1	1	1	NA	NA	NA	unphased	1.21212121212121	1.21212121212121	1
22	44223514	44223515	20	3	1.07	1	1	0.07	0	1	0.93	unphased	0.35300395256917	0.35300395256917	1
3	1262388	1262389	35	9	2	2	0	1	NA	NA	NA	unphased	0.743801652892562	0.743801652892562	1
3	6903426	6903427	26	21	2	2	0	1	NA	NA	NA	unphased	1.6247582205029	0.812379110251451	2
3	19295234	19295235	79	45	2	2	0	1	NA	NA	NA	unphased	1.31964809384164	1.31964809384164	1
3	38620964	38620965	6	6	2	2	0	1	NA	NA	NA	unphased	1.81818181818182	1.81818181818182	1
3	42229539	42229540	118	45	2	2	0	1	NA	NA	NA	unphased	1.00390407138873	1.00390407138873	1
3	49896683	49896684	12	30	2	2	0	1	NA	NA	NA	unphased	2.5974025974026	1.2987012987013	2
3	98188557	98188558	118	44	2.28	2	2	0.14	1	1	0.86	unphased	1.0637037037037	1.0637037037037	1
3	111312551	111312552	113	28	2.28	2	2	0.14	1	1	0.86	unphased	0.777717601547389	0.777717601547389	1
3	138665524	138665525	17	6	2.24	2	2	0.12	1	1	0.88	unphased	1.01122529644269	1.01122529644269	1
3	185998500	185998501	42	10	2.28	2	2	0.14	1	1	0.86	unphased	0.753146853146853	0.753146853146853	1
3	188327074	188327075	193	100	2.28	2	2	0.14	1	1	0.86	unphased	1.336642879305	1.17249375377631	1.14
4	55155222	55155223	30	8	2	2	0	1	NA	NA	NA	unphased	0.76555023923445	0.76555023923445	1
4	71346701	71346702	61	17	2	2	0	1	NA	NA	NA	unphased	0.792540792540792	0.792540792540792	1
4	164272117	164272118	41	8	2	2	0	1	NA	NA	NA	unphased	0.593692022263451	0.593692022263451	1
5	37350286	37350287	85	32	2.8	4	3	0.16	1	1	0.84	unphased	1.21336441336441	1.21336441336441	1
5	41159259	41159260	90	70	2.8	4	3	0.16	1	1	0.84	unphased	1.94090909090909	0.898569023569023	2.16
5	41160462	41160463	86	10	2.8	4	3	0.16	1	1	0.84	unphased	0.462121212121212	0.462121212121212	1
5	41203186	41203187	279	58	2.8	4	3	0.16	1	1	0.84	unphased	0.763528459670893	0.763528459670893	1
5	95761615	95761616	7	14	2	2	0	1	NA	NA	NA	unphased	2.42424242424242	1.21212121212121	2
5	121487945	121487946	53	57	2	2	0	1	NA	NA	NA	unphased	1.88429752066116	0.942148760330578	2
5	140481547	140481548	46	61	2	2	0	1	NA	NA	NA	unphased	2.07306711979609	1.03653355989805	2
5	140741520	140741521	22	20	2	2	0	1	NA	NA	NA	unphased	1.73160173160173	0.865800865800866	2
5	169461519	169461520	36	31	2	2	0	1	NA	NA	NA	unphased	1.68249660786974	0.841248303934871	2
6	24596818	24596819	21	37	4	4	0	1	NA	NA	NA	unphased	3.59561128526646	0.898902821316614	4
6	80197403	80197404	54	18	2	2	0	1	NA	NA	NA	unphased	0.909090909090909	0.909090909090909	1
6	132892327	132892328	40	27	2	2	0	1	NA	NA	NA	unphased	1.46540027137042	0.73270013568521	2
6	136878853	136878854	10	7	2	2	0	1	NA	NA	NA	unphased	1.49732620320856	1.49732620320856	1
6	146678752	146678753	26	24	2	2	0	1	NA	NA	NA	unphased	1.74545454545455	0.872727272727273	2
6	152563477	152563478	30	32	2	2	0	1	NA	NA	NA	unphased	1.87683284457478	0.93841642228739	2
7	2473350	2473351	32	13	2	1	1	1	NA	NA	NA	unphased	1.05050505050505	1.05050505050505	1
7	27671982	27671983	25	10	2	1	1	1	NA	NA	NA	unphased	1.03896103896104	1.03896103896104	1
7	38398133	38398134	52	16	2	1	1	1	NA	NA	NA	unphased	0.855614973262032	0.855614973262032	1
7	142423436	142423437	30	17	2	1	1	1	NA	NA	NA	unphased	1.31528046421663	1.31528046421663	1
7	143078871	143078872	4	4	2	1	1	0.14	1	1	0.86	unphased	1.81818181818182	1.81818181818182	1
7	144150554	144150555	71	32	2	1	1	1	NA	NA	NA	unphased	1.1297440423654	1.1297440423654	1
7	149495180	149495181	40	13	2	1	1	1	NA	NA	NA	unphased	0.891938250428816	0.891938250428816	1
8	22267478	22267479	119	19	2.2	2	2	0.1	1	1	0.9	unphased	0.528194993412385	0.528194993412385	1
8	26237278	26237279	41	6	4	2	2	1	NA	NA	NA	unphased	0.71953578336557	0.71953578336557	1
8	52323845	52323846	14	5	4	2	2	1	NA	NA	NA	unphased	1.48325358851675	1.48325358851675	1
8	55533566	55533567	69	39	4	2	2	1	NA	NA	NA	unphased	2.03535353535354	1.01767676767677	2
8	62438549	62438550	76	30	4	2	2	1	NA	NA	NA	unphased	1.59519725557461	0.797598627787307	2
8	82357180	82357181	13	10	4	2	2	1	NA	NA	NA	unphased	2.45059288537549	1.22529644268775	2
8	123965502	123965503	71	29	4	2	2	1	NA	NA	NA	unphased	1.63454545454545	0.817272727272727	2
9	32487624	32487625	27	9	2	2	0	1	NA	NA	NA	unphased	0.909090909090909	0.909090909090909	1
9	37020666	37020667	41	41	2	2	0	1	NA	NA	NA	unphased	1.81818181818182	0.909090909090909	2
9	71628546	71628547	11	13	2	2	0	1	NA	NA	NA	unphased	1.96969696969697	0.984848484848485	2
9	77692406	77692407	13	14	2	2	0	1	NA	NA	NA	unphased	1.88552188552189	0.942760942760943	2
9	96715256	96715257	8	3	2	2	0	1	NA	NA	NA	unphased	0.991735537190082	0.991735537190082	1
9	120475735	120475736	24	31	2	2	0	1	NA	NA	NA	unphased	2.0495867768595	1.02479338842975	2
9	131750388	131750389	101	36	2	2	0	1	NA	NA	NA	unphased	0.955540809555408	0.955540809555408	1
9	134073554	134073555	56	26	2	2	0	1	NA	NA	NA	unphased	1.1529933481153	1.1529933481153	1
X	18926145	18926146	174	45	NA	NA	NA	NA	NA	NA	NA	unphased	NA	NA	1
X	27998825	27998826	19	3	NA	NA	NA	NA	NA	NA	NA	unphased	NA	NA	1
X	35993426	35993427	41	9	NA	NA	NA	NA	NA	NA	NA	unphased	NA	NA	1
X	41333852	41333853	8	5	NA	NA	NA	NA	NA	NA	NA	unphased	NA	NA	1
X	47497327	47497328	21	5	NA	NA	NA	NA	NA	NA	NA	unphased	NA	NA	1
X	48921460	48921461	13	8	NA	NA	NA	NA	NA	NA	NA	unphased	NA	NA	1
X	51488684	51488685	14	4	NA	NA	NA	NA	NA	NA	NA	unphased	NA	NA	1
X	53564621	53564622	15	3	NA	NA	NA	NA	NA	NA	NA	unphased	NA	NA	1
X	55247878	55247879	31	11	NA	NA	NA	NA	NA	NA	NA	unphased	NA	NA	1
X	55515292	55515293	26	5	NA	NA	NA	NA	NA	NA	NA	unphased	NA	NA	1
X	63413255	63413256	16	8	NA	NA	NA	NA	NA	NA	NA	unphased	NA	NA	1
X	63413256	63413257	15	8	NA	NA	NA	NA	NA	NA	NA	unphased	NA	NA	1
X	88009123	88009124	7	7	NA	NA	NA	NA	NA	NA	NA	unphased	NA	NA	1
X	101615495	101615496	37	14	NA	NA	NA	NA	NA	NA	NA	unphased	NA	NA	1
