chr	start	end	WT.count	mut.count	subclonal.CN	nMaj1	nMin1	frac1	nMaj2	nMin2	frac2	phase	mutation.copy.number	subclonal.fraction	no.chrs.bearing.mut
1	51755687	51755688	31	12	2.46	2	2	0.23	1	1	0.77	unphased	1.63685732243872	1.33077831092579	1.23
1	152083665	152083666	144	10	4	2	2	1	NA	NA	NA	unphased	0.480870480870481	0.480870480870481	1
1	152284255	152284256	614	199	4	2	2	1	NA	NA	NA	unphased	1.81263920747316	0.906319603736578	2
1	174983829	174983830	112	8	4	2	2	1	NA	NA	NA	unphased	0.493693693693694	0.493693693693694	1
1	175323571	175323572	71	21	4	2	2	1	NA	NA	NA	unphased	1.6903642773208	0.845182138660399	2
1	212988450	212988451	132	9	4	2	2	1	NA	NA	NA	unphased	0.472685451408856	0.472685451408856	1
1	216251523	216251524	127	72	4	2	2	1	NA	NA	NA	unphased	2.67934265924216	1.33967132962108	2
1	220835283	220835284	86	32	4	2	2	1	NA	NA	NA	unphased	2.00824553366926	1.00412276683463	2
10	15210620	15210621	19	15	1.34	2	0	0.34	1	0	0.66	unphased	2.09356120826709	1.56235911064708	1.34
10	108338890	108338891	37	16	2.45	2	1	0.45	1	1	0.55	unphased	1.7676695563488	1.21908245265435	1.45
10	125558697	125558698	97	22	2.45	2	1	0.45	1	1	0.55	unphased	1.08251192368839	1.08251192368839	1
11	5153683	5153684	49	11	2	1	1	1	NA	NA	NA	unphased	0.990990990990991	0.990990990990991	1
11	6048629	6048630	75	20	2	1	1	1	NA	NA	NA	unphased	1.13798008534851	1.13798008534851	1
11	18159272	18159273	113	24	2	1	1	1	NA	NA	NA	unphased	0.946932333793648	0.946932333793648	1
11	108199920	108199921	28	8	2	1	1	1	NA	NA	NA	unphased	1.2012012012012	1.2012012012012	1
11	113813887	113813888	22	6	2	1	1	1	NA	NA	NA	unphased	1.15830115830116	1.15830115830116	1
11	116691893	116691894	49	10	2	1	1	1	NA	NA	NA	unphased	0.916170407695831	0.916170407695831	1
11	124413307	124413308	73	4	2	1	1	1	NA	NA	NA	unphased	0.280800280800281	0.280800280800281	1
12	10319474	10319475	89	29	2	1	1	1	NA	NA	NA	unphased	1.32844709115896	1.32844709115896	1
12	29469878	29469879	224	8	2	1	1	1	NA	NA	NA	unphased	0.186393289841566	0.186393289841566	1
12	64587516	64587517	5	3	2	1	1	1	NA	NA	NA	unphased	2.02702702702703	2.02702702702703	1
13	48951074	48951075	42	20	2	2	0	1	NA	NA	NA	unphased	1.743679163034	0.871839581517001	2
13	88329141	88329142	46	9	2	2	0	1	NA	NA	NA	unphased	0.884520884520885	0.884520884520885	1
13	113770045	113770046	23	10	2	2	0	1	NA	NA	NA	unphased	1.63800163800164	1.63800163800164	1
14	20216099	20216100	85	11	NA	NA	NA	NA	NA	NA	NA	unphased	NA	NA	1
14	52781545	52781546	47	14	3	2	1	1	NA	NA	NA	unphased	1.47009304386354	1.47009304386354	1
14	93399079	93399080	8	6	3	2	1	1	NA	NA	NA	unphased	2.74517374517375	1.37258687258687	2
14	94394960	94394961	26	13	3	2	1	1	NA	NA	NA	unphased	2.13513513513514	1.06756756756757	2
14	94417426	94417427	92	30	3	2	1	1	NA	NA	NA	unphased	1.57509968985379	0.787549844926894	2
14	94417427	94417428	92	30	3	2	1	1	NA	NA	NA	unphased	1.57509968985379	0.787549844926894	2
14	94914544	94914545	111	46	3	2	1	1	NA	NA	NA	unphased	1.87674298502324	0.93837149251162	2
15	33925214	33925215	55	5	2	2	0	1	NA	NA	NA	unphased	0.45045045045045	0.45045045045045	1
15	72311435	72311436	44	24	2	2	0	1	NA	NA	NA	unphased	1.90779014308426	0.95389507154213	2
16	3367622	3367623	56	14	1.52	2	1	0.26	1	0	0.74	unphased	0.985081081081081	0.985081081081081	1
16	46638314	46638315	166	6	1.46	2	1	0.23	1	0	0.77	unphased	0.169723444374607	0.737928019020031	0.23
16	47462784	47462785	52	18	1.46	2	1	0.23	1	0	0.77	unphased	1.25110424710425	1.25110424710425	1
16	67409313	67409314	115	48	1.46	2	1	0.23	1	0	0.77	unphased	1.43275741999668	1.16484343089161	1.23
17	7577081	7577082	25	14	2	2	0	1	NA	NA	NA	unphased	1.94040194040194	0.97020097020097	2
17	17122453	17122454	197	26	2	2	0	1	NA	NA	NA	unphased	0.630226639195249	0.630226639195249	1
17	27982578	27982579	75	8	2	2	0	1	NA	NA	NA	unphased	0.521002930641485	0.521002930641485	1
18	7049237	7049238	92	24	2.66	2	2	0.33	1	1	0.67	unphased	1.25491146318733	1.25491146318733	1
18	31323888	31323889	196	20	2.6	2	2	0.3	1	1	0.7	unphased	0.556056056056056	0.556056056056056	1
19	11447856	11447857	236	30	2.43	2	1	0.43	1	1	0.57	unphased	0.658128429181061	0.658128429181061	1
19	32845767	32845768	69	10	2.43	2	1	0.43	1	1	0.57	unphased	0.738658912076634	0.738658912076634	1
19	35850495	35850496	217	13	NA	NA	NA	NA	NA	NA	NA	unphased	NA	NA	1
19	38976465	38976466	75	29	1.34	2	1	0.17	1	0	0.83	unphased	1.32323804573805	1.32323804573805	1
19	40408678	40408679	88	13	1.34	2	1	0.17	1	0	0.83	unphased	0.610794755151191	0.610794755151191	1
19	43411106	43411107	335	21	1.28	2	1	0.14	1	0	0.86	unphased	0.276386273914364	0.276386273914364	1
19	43411810	43411811	316	15	1.28	2	1	0.14	1	0	0.86	unphased	0.212329550093901	1.51663964352786	0.14
19	43411956	43411957	252	13	1.28	2	1	0.14	1	0	0.86	unphased	0.229850076491586	1.64178626065419	0.14
19	55085283	55085284	45	19	1.28	2	1	0.14	1	0	0.86	unphased	1.39097972972973	1.39097972972973	1
19	55816194	55816195	13	4	1.28	2	1	0.14	1	0	0.86	unphased	1.10244833068362	1.10244833068362	1
2	1926207	1926208	117	8	2.16	2	1	0.16	1	1	0.84	unphased	0.356185945945946	0.356185945945946	1
2	27722062	27722063	66	6	1.08	2	1	0.04	0	1	0.96	unphased	0.373783783783784	0.373783783783784	1
2	32658782	32658783	13	5	1.08	2	1	0.04	0	1	0.96	unphased	1.24594594594595	1.24594594594595	1
2	63101529	63101530	65	24	1	2	1	0	0	1	1	unphased	1.18797449134528	1.18797449134528	1
2	179594051	179594052	85	18	1.08	2	1	0.04	0	1	0.96	unphased	0.783857255313566	0.783857255313566	1
2	200213791	200213792	61	6	1.08	2	1	0.04	0	1	0.96	unphased	0.401678096006454	0.401678096006454	1
20	42694449	42694450	175	59	2.7	2	2	0.35	1	1	0.65	unphased	1.53939708939709	1.14029414029414	1.35
20	50241783	50241784	45	19	2.7	2	2	0.35	1	1	0.65	unphased	1.81254222972973	1.34262387387387	1.35
20	58330362	58330363	28	16	2.7	2	2	0.35	1	1	0.65	unphased	2.22014742014742	1.64455364455364	1.35
21	45522662	45522663	157	60	2.43	2	1	0.43	1	1	0.57	unphased	1.61347614896002	1.12830499927274	1.43
21	46086824	46086825	11	7	2.43	2	1	0.43	1	1	0.57	unphased	2.26932432432432	1.58694008694009	1.43
22	26829568	26829569	17	4	2	1	1	0.18	1	1	0.82	unphased	1.02960102960103	1.02960102960103	1
3	12854847	12854848	37	11	2	2	0	1	NA	NA	NA	unphased	1.23873873873874	1.23873873873874	1
3	47447461	47447462	19	15	2	2	0	1	NA	NA	NA	unphased	2.38473767885533	1.19236883942766	2
3	120347065	120347066	12	7	1.36	2	2	0.12	1	0	0.88	unphased	1.75567567567568	1.75567567567568	1
4	73984475	73984476	120	26	2	1	1	1	NA	NA	NA	unphased	0.962606442058497	0.962606442058497	1
4	81122480	81122481	35	10	2	1	1	1	NA	NA	NA	unphased	1.2012012012012	1.2012012012012	1
4	88967856	88967857	88	19	2	1	1	1	NA	NA	NA	unphased	0.959838343015913	0.959838343015913	1
5	10465106	10465107	20	4	2	1	1	1	NA	NA	NA	unphased	0.900900900900901	0.900900900900901	1
5	127666323	127666324	38	10	2	1	1	1	NA	NA	NA	unphased	1.12612612612613	1.12612612612613	1
5	140229133	140229134	91	4	2	1	1	1	NA	NA	NA	unphased	0.227596017069701	0.227596017069701	1
5	178310681	178310682	69	13	2	1	1	1	NA	NA	NA	unphased	0.856954515491101	0.856954515491101	1
6	31507048	31507049	92	22	1.03	2	2	0.01	0	1	0.99	unphased	0.855955429113324	0.855955429113324	1
7	20691081	20691082	73	20	4	2	2	1	NA	NA	NA	unphased	1.59256030223772	0.796280151118861	2
7	100678913	100678914	262	152	2	2	0	0.18	1	1	0.82	unphased	1.98459328894112	1.68185871944162	1.18
7	148876303	148876304	85	37	1.12	2	1	0.06	0	1	0.94	unphased	1.37245901639344	1.29477265697495	1.06
7	149133779	149133780	56	10	1.12	2	1	0.06	0	1	0.94	unphased	0.685667485667486	0.685667485667486	1
8	17581257	17581258	81	8	2	1	1	0.25	1	1	0.75	unphased	0.485879137564531	0.647838850086041	0.75
8	17918914	17918915	42	20	2	1	1	0.25	1	1	0.75	unphased	1.743679163034	1.743679163034	1
8	21771067	21771068	71	10	2	1	1	0.3	1	1	0.7	unphased	0.667334000667334	0.667334000667334	1
8	35648013	35648014	75	8	2	1	1	0.17	1	1	0.83	unphased	0.521002930641485	0.627714374266849	0.83
8	55542773	55542774	55	7	2	1	1	1	NA	NA	NA	unphased	0.610287707061901	0.610287707061901	1
8	140630605	140630606	65	19	2	1	1	1	NA	NA	NA	unphased	1.22265122265122	1.22265122265122	1
9	23704936	23704937	102	5	1	1	0	0.91	0	1	0.09	unphased	0.20586006567315	0.20586006567315	1
9	32635442	32635443	82	14	1	1	0	0.91	0	1	0.09	unphased	0.642454954954955	0.642454954954955	1
9	32635610	32635611	20	7	1	1	0	0.91	0	1	0.09	unphased	1.14214214214214	1.14214214214214	1
9	95163460	95163461	48	9	2	1	1	1	NA	NA	NA	unphased	0.85348506401138	0.85348506401138	1
9	99580643	99580644	133	35	2	1	1	1	NA	NA	NA	unphased	1.12612612612613	1.12612612612613	1
9	107266614	107266615	68	7	2	1	1	1	NA	NA	NA	unphased	0.504504504504505	0.504504504504505	1
9	119903646	119903647	42	12	2	1	1	1	NA	NA	NA	unphased	1.2012012012012	1.2012012012012	1
9	130670611	130670612	36	9	2	1	1	1	NA	NA	NA	unphased	1.08108108108108	1.08108108108108	1
9	133760588	133760589	68	8	2	1	1	1	NA	NA	NA	unphased	0.568990042674253	0.568990042674253	1
X	26212441	26212442	21	9	NA	NA	NA	NA	NA	NA	NA	unphased	NA	NA	1
X	34148210	34148211	54	24	NA	NA	NA	NA	NA	NA	NA	unphased	NA	NA	1
X	83402033	83402034	16	8	NA	NA	NA	NA	NA	NA	NA	unphased	NA	NA	1
X	119066178	119066179	39	19	NA	NA	NA	NA	NA	NA	NA	unphased	NA	NA	1
