chr	start	end	WT.count	mut.count	subclonal.CN	nMaj1	nMin1	frac1	nMaj2	nMin2	frac2	phase	mutation.copy.number	subclonal.fraction	no.chrs.bearing.mut
1	36934778	36934779	23	6	2	1	1	1	NA	NA	NA	unphased	0.504625735912532	0.504625735912532	1
1	52850384	52850385	7	12	2	1	1	1	NA	NA	NA	unphased	1.54043645699615	1.54043645699615	1
1	154548480	154548481	51	15	4	3	1	1	NA	NA	NA	unphased	1.00886917960089	1.00886917960089	1
1	157557293	157557294	240	67	4	3	1	1	NA	NA	NA	unphased	0.968777309922936	0.968777309922936	1
10	108466320	108466321	59	28	2	1	1	1	NA	NA	NA	unphased	0.784973366975049	0.784973366975049	1
10	115804660	115804661	17	7	2	1	1	1	NA	NA	NA	unphased	0.711382113821138	0.711382113821138	1
11	6432182	6432183	84	73	2	1	1	1	NA	NA	NA	unphased	1.13406866552742	1.13406866552742	1
11	64326679	64326680	32	23	2	1	1	1	NA	NA	NA	unphased	1.019955654102	1.019955654102	1
11	70335436	70335437	73	39	2	1	1	1	NA	NA	NA	unphased	0.849303135888502	0.849303135888502	1
12	419029	419030	58	41	NA	NA	NA	NA	NA	NA	NA	unphased	NA	NA	1
12	2786938	2786939	26	3	2	1	1	1	NA	NA	NA	unphased	0.252312867956266	0.252312867956266	1
12	54403334	54403335	119	101	2	1	1	1	NA	NA	NA	unphased	1.11973392461197	1.11973392461197	1
13	113772840	113772841	25	25	2	1	1	1	NA	NA	NA	unphased	1.21951219512195	1.21951219512195	1
14	23235925	23235926	217	7	4	3	1	1	NA	NA	NA	unphased	0.138719512195122	0.138719512195122	1
14	37641586	37641587	13	5	4	3	1	1	NA	NA	NA	unphased	1.23306233062331	1.23306233062331	1
14	70634538	70634539	34	21	2	1	1	1	NA	NA	NA	unphased	0.931263858093127	0.931263858093127	1
14	92909806	92909807	46	21	4	3	1	1	NA	NA	NA	unphased	1.39133600291227	1.39133600291227	1
14	103598057	103598058	30	11	4	3	1	1	NA	NA	NA	unphased	1.19095776323617	1.19095776323617	1
15	83328461	83328462	15	11	2	1	1	1	NA	NA	NA	unphased	1.03189493433396	1.03189493433396	1
16	816149	816150	28	23	2	1	1	1	NA	NA	NA	unphased	1.09995217599235	1.09995217599235	1
16	23847489	23847490	9	10	2	1	1	1	NA	NA	NA	unphased	1.28369704749679	1.28369704749679	1
16	49525206	49525207	6	49	1	1	0	1	NA	NA	NA	unphased	1.2820399113082	1.2820399113082	1
16	55886819	55886820	7	43	1	1	0	1	NA	NA	NA	unphased	1.23756097560976	1.23756097560976	1
17	7834410	7834411	36	25	2	1	1	1	NA	NA	NA	unphased	0.999600159936026	0.999600159936026	1
17	16593985	16593986	105	68	2	1	1	1	NA	NA	NA	unphased	0.958691667841534	0.958691667841534	1
17	40716079	40716080	43	4	2	1	1	1	NA	NA	NA	unphased	0.207576543850545	0.207576543850545	1
18	3879303	3879304	78	5	2	1	1	1	NA	NA	NA	unphased	0.146929180135175	0.146929180135175	1
18	19761485	19761486	52	4	2	1	1	1	NA	NA	NA	unphased	0.174216027874564	0.174216027874564	1
18	28991108	28991109	17	12	2	1	1	1	NA	NA	NA	unphased	1.00925147182506	1.00925147182506	1
19	4852118	4852119	3	12	1	1	0	1	NA	NA	NA	unphased	1.15121951219512	1.15121951219512	1
19	7975183	7975184	5	10	1	1	0	1	NA	NA	NA	unphased	0.959349593495935	0.959349593495935	1
19	9213834	9213835	45	3	1	1	0	1	NA	NA	NA	unphased	0.0899390243902439	0.0899390243902439	1
19	38573082	38573083	3	8	1	1	0	1	NA	NA	NA	unphased	1.04656319290466	1.04656319290466	1
19	43763262	43763263	153	7	1	1	0	1	NA	NA	NA	unphased	0.0629573170731707	0.0629573170731707	1
2	98275438	98275439	87	51	2	1	1	1	NA	NA	NA	unphased	0.901378579003181	0.901378579003181	1
2	109087032	109087033	48	41	2	1	1	1	NA	NA	NA	unphased	1.12359550561798	1.12359550561798	1
2	149247152	149247153	54	30	2	1	1	1	NA	NA	NA	unphased	0.871080139372822	0.871080139372822	1
2	239242658	239242659	25	4	2	1	1	1	NA	NA	NA	unphased	0.336417157275021	0.336417157275021	1
22	40425582	40425583	5	5	2	1	1	1	NA	NA	NA	unphased	1.21951219512195	1.21951219512195	1
22	41077011	41077012	34	26	2	1	1	1	NA	NA	NA	unphased	1.05691056910569	1.05691056910569	1
22	42997997	42997998	58	49	2	1	1	1	NA	NA	NA	unphased	1.11693640300889	1.11693640300889	1
3	41266103	41266104	24	22	2	1	1	1	NA	NA	NA	unphased	1.16648992576882	1.16648992576882	1
3	48619139	48619140	74	38	2	1	1	1	NA	NA	NA	unphased	0.827526132404181	0.827526132404181	1
3	101520087	101520088	83	57	2	1	1	1	NA	NA	NA	unphased	0.993031358885017	0.993031358885017	1
3	121206447	121206448	68	38	2	1	1	1	NA	NA	NA	unphased	0.87436723423838	0.87436723423838	1
3	140406603	140406604	30	19	2	1	1	1	NA	NA	NA	unphased	0.945744151319064	0.945744151319064	1
3	168807867	168807868	86	68	2	1	1	1	NA	NA	NA	unphased	1.07697180867913	1.07697180867913	1
3	186915396	186915397	43	40	2	1	1	1	NA	NA	NA	unphased	1.1754334410814	1.1754334410814	1
4	37850210	37850211	58	51	2	1	1	1	NA	NA	NA	unphased	1.14119489818751	1.14119489818751	1
4	44177096	44177097	72	67	2	1	1	1	NA	NA	NA	unphased	1.17564484997368	1.17564484997368	1
5	14711228	14711229	87	38	4	3	1	1	NA	NA	NA	unphased	1.34946341463415	0.674731707317073	2
5	54460036	54460037	34	21	2	1	1	1	NA	NA	NA	unphased	0.931263858093127	0.931263858093127	1
5	156819960	156819961	40	31	2	1	1	1	NA	NA	NA	unphased	1.06492614221917	1.06492614221917	1
5	176002374	176002375	33	15	2	1	1	1	NA	NA	NA	unphased	0.76219512195122	0.76219512195122	1
6	24146162	24146163	111	22	4	3	1	1	NA	NA	NA	unphased	0.734274711168164	0.734274711168164	1
6	31541367	31541368	262	77	4	3	1	1	NA	NA	NA	unphased	1.00827397654508	1.00827397654508	1
6	54792353	54792354	151	36	4	3	1	1	NA	NA	NA	unphased	0.85457154036781	0.85457154036781	1
6	105726275	105726276	37	14	2	1	1	1	NA	NA	NA	unphased	0.669536107125777	0.669536107125777	1
6	129637032	129637033	282	11	4	3	1	1	NA	NA	NA	unphased	0.166652792807792	0.166652792807792	1
7	6082606	6082607	54	22	1.16	2	1	0.08	0	1	0.92	unphased	0.462875481386393	0.462875481386393	1
7	57194335	57194336	196	30	1.16	2	1	0.08	0	1	0.92	unphased	0.212259874811138	0.212259874811138	1
7	99746598	99746599	114	28	1.16	2	1	0.08	0	1	0.92	unphased	0.315300583991755	0.315300583991755	1
7	123269105	123269106	201	52	1.16	2	1	0.08	0	1	0.92	unphased	0.328653234358431	0.328653234358431	1
8	113299439	113299440	45	69	1	1	0	1	NA	NA	NA	unphased	0.870988446726573	0.870988446726573	1
9	103271359	103271360	52	36	2	1	1	1	NA	NA	NA	unphased	0.997782705099778	0.997782705099778	1
9	131767757	131767758	49	44	2	1	1	1	NA	NA	NA	unphased	1.1539470233412	1.1539470233412	1
X	65412111	65412112	5	30	NA	NA	NA	NA	NA	NA	NA	unphased	NA	NA	1
