chr	start	end	WT.count	mut.count	subclonal.CN	nMaj1	nMin1	frac1	nMaj2	nMin2	frac2	phase	mutation.copy.number	subclonal.fraction	no.chrs.bearing.mut
1	19168238	19168239	54	12	2	1	1	0.15	1	1	0.85	unphased	0.982800982800983	0.982800982800983	1
1	28144411	28144412	49	11	2	1	1	0.15	1	1	0.85	unphased	0.990990990990991	0.990990990990991	1
1	28144413	28144414	49	10	2	1	1	0.15	1	1	0.85	unphased	0.916170407695831	0.916170407695831	1
1	34092171	34092172	18	6	2	1	1	0.15	1	1	0.85	unphased	1.35135135135135	1.35135135135135	1
1	78207101	78207102	166	29	2	1	1	0.15	1	1	0.85	unphased	0.803880803880804	0.803880803880804	1
1	100343332	100343333	72	17	2	1	1	0.15	1	1	0.85	unphased	1.03249316732463	1.03249316732463	1
1	100614307	100614308	47	6	2	1	1	0.15	1	1	0.85	unphased	0.611932687404386	0.611932687404386	1
1	114640499	114640500	45	9	2	1	1	0.15	1	1	0.85	unphased	0.900900900900901	0.900900900900901	1
1	116233803	116233804	40	15	2	1	1	0.15	1	1	0.85	unphased	1.47420147420147	1.47420147420147	1
1	118003127	118003128	105	34	2	1	1	0.15	1	1	0.85	unphased	1.32218549484737	1.32218549484737	1
1	145438882	145438883	68	61	3.91	3	1	0.97	0	1	0.03	unphased	3.45922271108318	1.16472145154316	2.97
1	152538634	152538635	121	12	3.91	3	1	0.97	0	1	0.03	unphased	0.660036577931315	0.660036577931315	1
1	152552129	152552130	265	26	3.91	3	1	0.97	0	1	0.03	unphased	0.653610104950311	0.653610104950311	1
1	154544241	154544242	39	31	3.91	3	1	0.97	0	1	0.03	unphased	3.23967953667954	1.09080119080119	2.97
1	159170597	159170598	64	36	3.91	3	1	0.97	0	1	0.03	unphased	2.63354594594595	0.904998606854277	2.91
1	159799680	159799681	149	36	3.91	3	1	0.97	0	1	0.03	unphased	1.42353834915997	0.733782654206171	1.94
1	160850400	160850401	272	66	3.91	3	1	0.97	0	1	0.03	unphased	1.42845194306733	0.736315434570788	1.94
1	171303750	171303751	127	11	3.91	3	1	0.97	0	1	0.03	unphased	0.583112025068547	0.60114641759644	0.97
1	175092547	175092548	66	30	3.91	3	1	0.97	0	1	0.03	unphased	2.28606418918919	1.16043867471532	1.97
1	175375610	175375611	86	38	3.91	3	1	0.97	0	1	0.03	unphased	2.24181778552746	1.13797857133374	1.97
1	213415204	213415205	85	56	3.91	3	1	0.97	0	1	0.03	unphased	2.90540923902626	0.998422418909368	2.91
1	216850478	216850479	120	21	3.91	3	1	0.97	0	1	0.03	unphased	1.08952846463485	1.08952846463485	1
1	237880621	237880622	25	22	3	3	0	1	NA	NA	NA	unphased	2.9982748706153	0.999424956871765	3
1	238090475	238090476	42	27	3	3	0	1	NA	NA	NA	unphased	2.50646298472385	0.835487661574618	3
10	21784773	21784774	8	7	5	4	1	1	NA	NA	NA	unphased	3.92252252252252	0.980630630630631	4
10	29824950	29824951	66	32	5	4	1	1	NA	NA	NA	unphased	2.7446221731936	0.914874057731201	3
10	76790412	76790413	111	22	1.18	3	1	0.06	0	1	0.94	unphased	0.758488112172323	0.758488112172323	1
10	79745854	79745855	123	58	1.18	3	1	0.06	0	1	0.94	unphased	1.46935642825146	0.713279819539542	2.06
10	102057199	102057200	78	16	2.45	2	1	0.45	1	1	0.55	unphased	0.996664749856239	0.996664749856239	1
10	115609680	115609681	78	7	2.45	2	1	0.45	1	1	0.55	unphased	0.482209856915739	1.07157745981275	0.45
10	134038740	134038741	14	5	2.45	2	1	0.45	1	1	0.55	unphased	1.54089615931721	1.54089615931721	1
11	4703443	4703444	78	8	2	1	1	1	NA	NA	NA	unphased	0.502828409805154	0.502828409805154	1
11	5363837	5363838	50	13	2	1	1	1	NA	NA	NA	unphased	1.11540111540112	1.11540111540112	1
11	6292296	6292297	69	15	2	1	1	1	NA	NA	NA	unphased	0.965250965250965	0.965250965250965	1
11	7960401	7960402	41	8	2	1	1	1	NA	NA	NA	unphased	0.882515168229454	0.882515168229454	1
11	7981826	7981827	160	21	2	1	1	1	NA	NA	NA	unphased	0.627146483500075	0.627146483500075	1
11	11362423	11362424	202	31	2	1	1	1	NA	NA	NA	unphased	0.71917410973205	0.71917410973205	1
11	59949054	59949055	105	14	3	2	1	1	NA	NA	NA	unphased	0.753577106518283	0.753577106518283	1
11	68191070	68191071	107	12	3	2	1	1	NA	NA	NA	unphased	0.645923234158528	0.645923234158528	1
11	78433920	78433921	39	10	3	2	1	1	NA	NA	NA	unphased	1.30722559293988	1.30722559293988	1
11	108123622	108123623	65	7	2	2	0	0.27	1	1	0.73	unphased	0.525525525525526	0.719897980171953	0.73
11	108205767	108205768	61	30	2	2	0	0.27	1	1	0.73	unphased	1.78200178200178	1.40315100945022	1.27
11	110035383	110035384	65	27	2	2	0	0.27	1	1	0.73	unphased	1.58636897767333	1.24910943123884	1.27
12	1943634	1943635	35	12	1.02	2	1	0.01	0	1	0.99	unphased	1.12989074180564	1.12989074180564	1
12	2932972	2932973	251	19	1.02	2	1	0.01	0	1	0.99	unphased	0.311417417417417	0.311417417417417	1
12	7548698	7548699	44	4	1.02	2	1	0.01	0	1	0.99	unphased	0.368783783783784	0.368783783783784	1
12	25398283	25398284	19	8	1.02	2	1	0.01	0	1	0.99	unphased	1.31123123123123	1.31123123123123	1
12	29608258	29608259	81	28	1.02	2	1	0.01	0	1	0.99	unphased	1.13680138854451	1.13680138854451	1
12	32135901	32135902	38	11	1.02	2	1	0.01	0	1	0.99	unphased	0.993458356315499	0.993458356315499	1
12	94806265	94806266	58	21	1.02	2	1	0.01	0	1	0.99	unphased	1.17637358877865	1.17637358877865	1
12	107391113	107391114	300	20	1.02	2	1	0.01	0	1	0.99	unphased	0.276587837837838	0.276587837837838	1
12	109017389	109017390	180	33	1.02	2	1	0.01	0	1	0.99	unphased	0.685626189569852	0.685626189569852	1
12	109719545	109719546	25	4	1.02	2	1	0.01	0	1	0.99	unphased	0.610400745573159	0.610400745573159	1
13	111176304	111176305	44	8	2	2	0	1	NA	NA	NA	unphased	0.831600831600832	0.831600831600832	1
14	20854331	20854332	134	18	1.44	2	1	0.22	1	0	0.78	unphased	0.573798008534851	0.573798008534851	1
14	22102088	22102089	158	23	1.44	2	1	0.22	1	0	0.78	unphased	0.615714499029416	0.615714499029416	1
14	45433415	45433416	69	44	1.44	2	1	0.22	1	0	0.78	unphased	1.88670652953839	1.54648076191671	1.22
14	62567299	62567300	30	7	1.44	2	1	0.22	1	0	0.78	unphased	0.916698319941563	0.916698319941563	1
14	73720460	73720461	43	14	1.44	2	1	0.22	1	0	0.78	unphased	1.19009957325747	1.19009957325747	1
14	92915519	92915520	57	6	2	1	1	0.27	1	1	0.73	unphased	0.514800514800515	0.705206184658239	0.73
14	99640725	99640726	23	8	2	1	1	0.27	1	1	0.73	unphased	1.3949433304272	1.3949433304272	1
14	106207989	106207990	134	66	NA	NA	NA	NA	NA	NA	NA	unphased	NA	NA	1
14	106405762	106405763	96	48	NA	NA	NA	NA	NA	NA	NA	unphased	NA	NA	1
14	106586414	106586415	181	33	NA	NA	NA	NA	NA	NA	NA	unphased	NA	NA	1
15	24924481	24924482	52	7	2	1	1	1	NA	NA	NA	unphased	0.641319285387082	0.641319285387082	1
15	27160002	27160003	65	13	2	1	1	1	NA	NA	NA	unphased	0.900900900900901	0.900900900900901	1
15	34653712	34653713	43	8	2	1	1	1	NA	NA	NA	unphased	0.847906730259671	0.847906730259671	1
16	716791	716792	57	27	1.02	2	0	0.02	0	1	0.98	unphased	1.42245173745174	1.39456052691347	1.02
16	716792	716793	58	27	1.02	2	0	0.02	0	1	0.98	unphased	1.40571701112878	1.37815393247919	1.02
16	1859416	1859417	23	3	1.02	2	0	0.02	0	1	0.98	unphased	0.510623700623701	0.510623700623701	1
16	16218666	16218667	52	20	1.02	2	0	0.02	0	1	0.98	unphased	1.22927927927928	1.22927927927928	1
16	28947910	28947911	28	7	1.02	2	0	0.02	0	1	0.98	unphased	0.885081081081081	0.885081081081081	1
16	77369709	77369710	148	93	1.02	2	0	0.02	0	1	0.98	unphased	1.70772905685769	1.67424417338989	1.02
17	5235389	5235390	55	15	2.54	2	1	0.77	1	0	0.23	unphased	1.27401544401544	1.27401544401544	1
17	9694561	9694562	9	5	2.54	2	1	0.77	1	0	0.23	unphased	2.12335907335907	2.12335907335907	1
17	9792852	9792853	58	8	2.54	2	1	0.77	1	0	0.23	unphased	0.720655200655201	0.720655200655201	1
17	72368581	72368582	65	25	2.54	2	1	0.77	1	0	0.23	unphased	1.6515015015015	0.93305169576356	1.77
17	76117706	76117707	21	5	2.54	2	1	0.77	1	0	0.23	unphased	1.14334719334719	1.14334719334719	1
18	6959353	6959354	105	20	2	1	1	0.18	1	1	0.82	unphased	0.864864864864865	0.864864864864865	1
18	61233937	61233938	197	83	2	1	1	0.27	1	1	0.73	unphased	1.6023166023166	1.6023166023166	1
19	9577541	9577542	165	40	2.63	2	1	0.63	1	1	0.37	unphased	1.17764007910349	1.17764007910349	1
19	13339570	13339571	31	22	2.63	2	1	0.63	1	1	0.37	unphased	2.50526262111168	1.53697093319735	1.63
19	36393395	36393396	99	19	2.63	2	1	0.63	1	1	0.37	unphased	0.971802565277141	0.971802565277141	1
19	36393396	36393397	96	19	2.63	2	1	0.63	1	1	0.37	unphased	0.997153936545241	0.997153936545241	1
19	38876274	38876275	53	6	2.63	2	1	0.63	1	1	0.37	unphased	0.613770041227668	0.613770041227668	1
19	38976747	38976748	77	36	2.63	2	1	0.63	1	1	0.37	unphased	1.92278402296101	1.17962209997608	1.63
19	41703807	41703808	35	6	2.63	2	1	0.63	1	1	0.37	unphased	0.88323005932762	0.88323005932762	1
19	51215302	51215303	58	5	2.63	2	1	0.63	1	1	0.37	unphased	0.479000429000429	0.760318141270522	0.63
19	53572753	53572754	78	9	2.63	2	1	0.63	1	1	0.37	unphased	0.624352283317801	0.624352283317801	1
19	57647011	57647012	141	29	2.63	2	1	0.63	1	1	0.37	unphased	1.02956915739269	1.02956915739269	1
19	57883172	57883173	242	33	2.63	2	1	0.63	1	1	0.37	unphased	0.724248648648649	1.14960102960103	0.63
19	57883173	57883174	243	33	2.63	2	1	0.63	1	1	0.37	unphased	0.721624559341951	1.14543580847929	0.63
2	26151868	26151869	104	14	1.12	3	1	0.04	0	1	0.96	unphased	0.536912505726065	0.536912505726065	1
2	27535443	27535444	109	8	1.12	3	1	0.04	0	1	0.96	unphased	0.309429429429429	0.309429429429429	1
2	39988519	39988520	250	26	1.12	3	1	0.04	0	1	0.96	unphased	0.426306306306306	0.426306306306306	1
2	99012410	99012411	79	13	2	1	1	1	NA	NA	NA	unphased	0.763807285546416	0.763807285546416	1
2	120438629	120438630	156	68	2	1	1	1	NA	NA	NA	unphased	1.64092664092664	1.64092664092664	1
2	128481959	128481960	98	13	2	1	1	1	NA	NA	NA	unphased	0.633065497930363	0.633065497930363	1
2	162807356	162807357	14	6	2	1	1	1	NA	NA	NA	unphased	1.62162162162162	1.62162162162162	1
2	196636406	196636407	143	22	2	1	1	1	NA	NA	NA	unphased	0.720720720720721	0.720720720720721	1
2	198646539	198646540	111	16	2	1	1	1	NA	NA	NA	unphased	0.680995956586508	0.680995956586508	1
2	198646540	198646541	113	15	2	1	1	1	NA	NA	NA	unphased	0.633445945945946	0.633445945945946	1
2	231327147	231327148	54	17	2	1	1	1	NA	NA	NA	unphased	1.29425199847735	1.29425199847735	1
20	37356235	37356236	37	7	3	2	1	1	NA	NA	NA	unphased	1.01904176904177	1.01904176904177	1
20	45985448	45985449	65	12	3	2	1	1	NA	NA	NA	unphased	0.998244998244998	0.998244998244998	1
20	47296208	47296209	75	28	3	2	1	1	NA	NA	NA	unphased	1.74127525583836	0.870637627919181	2
20	52782306	52782307	69	27	3	2	1	1	NA	NA	NA	unphased	1.80152027027027	0.900760135135135	2
20	61039899	61039900	52	9	3	2	1	1	NA	NA	NA	unphased	0.945059813912273	0.945059813912273	1
20	62046266	62046267	72	39	3	2	1	1	NA	NA	NA	unphased	2.25054784514244	1.12527392257122	2
21	10998324	10998325	73	30	NA	NA	NA	NA	NA	NA	NA	unphased	NA	NA	1
22	39770446	39770447	60	8	2	1	1	1	NA	NA	NA	unphased	0.635930047694754	0.635930047694754	1
3	9488801	9488802	49	37	1.97	2	0	0.97	0	1	0.03	unphased	2.31267441860465	1.17394640538307	1.97
3	62317050	62317051	158	34	1.97	2	0	0.97	0	1	0.03	unphased	0.951894707207207	0.951894707207207	1
3	98188896	98188897	267	33	2	1	1	0.18	1	1	0.82	unphased	0.594594594594595	0.725115359261701	0.82
4	46252549	46252550	185	45	1.37	1	1	0.37	1	0	0.63	unphased	0.934318448883666	0.934318448883666	1
4	77817779	77817780	81	19	1.37	1	1	0.37	1	0	0.63	unphased	0.907327027027027	0.907327027027027	1
4	79360171	79360172	262	51	1.37	1	1	0.37	1	0	0.63	unphased	0.778101200241775	0.778101200241775	1
4	99055588	99055589	101	9	1.37	1	1	0.37	1	0	0.63	unphased	0.390714987714988	1.05598645328375	0.37
4	187454986	187454987	167	15	1.37	1	1	0.37	1	0	0.63	unphased	0.393577368577369	1.06372261777667	0.37
5	13721349	13721350	66	6	2.56	2	1	0.78	1	0	0.22	unphased	0.497117117117117	0.637329637329637	0.78
5	35740119	35740120	87	16	2.56	2	1	0.78	1	0	0.22	unphased	0.926664917344529	0.926664917344529	1
5	40964945	40964946	141	62	2.56	2	1	0.78	1	0	0.22	unphased	1.8219464784982	1.02356543735854	1.78
5	54456927	54456928	81	13	3	2	1	1	NA	NA	NA	unphased	0.885853939045429	0.885853939045429	1
5	80724478	80724479	53	26	3	2	1	1	NA	NA	NA	unphased	2.10810810810811	1.05405405405405	2
5	94865852	94865853	48	21	3	2	1	1	NA	NA	NA	unphased	1.94947121034078	0.974735605170388	2
5	140476406	140476407	144	50	3	2	1	1	NA	NA	NA	unphased	1.65087768180552	0.825438840902758	2
5	140725309	140725310	191	29	3	2	1	1	NA	NA	NA	unphased	0.844348894348894	0.844348894348894	1
5	149286940	149286941	74	10	3	2	1	1	NA	NA	NA	unphased	0.762548262548263	0.762548262548263	1
5	149286941	149286942	72	10	3	2	1	1	NA	NA	NA	unphased	0.781147000659196	0.781147000659196	1
5	178552040	178552041	79	31	3	2	1	1	NA	NA	NA	unphased	1.80515970515971	0.902579852579853	2
6	16327604	16327605	85	17	2.86	3	0	0.86	1	1	0.14	unphased	1.04423423423423	1.04423423423423	1
6	26271475	26271476	74	15	2.86	3	0	0.86	1	1	0.14	unphased	1.05596720315821	1.05596720315821	1
6	45870745	45870746	27	23	2.86	3	0	0.86	1	1	0.14	unphased	2.88208648648649	1.00772254772255	2.86
6	87725648	87725649	39	6	2	1	1	1	NA	NA	NA	unphased	0.720720720720721	0.720720720720721	1
6	93956605	93956606	63	13	2	1	1	1	NA	NA	NA	unphased	0.924608819345662	0.924608819345662	1
6	128306975	128306976	58	14	2	1	1	1	NA	NA	NA	unphased	1.05105105105105	1.05105105105105	1
6	165715463	165715464	73	13	2	1	1	1	NA	NA	NA	unphased	0.817096165933375	0.817096165933375	1
7	63720640	63720641	92	13	1.1	2	1	0.05	0	1	0.95	unphased	0.557812097812098	0.557812097812098	1
7	99758490	99758491	68	9	1.1	2	1	0.05	0	1	0.95	unphased	0.526605826605827	0.526605826605827	1
7	110764826	110764827	103	28	2	2	0	1	NA	NA	NA	unphased	1.15535382710955	1.15535382710955	1
7	131859562	131859563	70	36	2	2	0	1	NA	NA	NA	unphased	1.83579806221316	0.917899031106578	2
7	149503132	149503133	47	7	1.54	2	1	0.27	1	0	0.73	unphased	0.641071071071071	0.641071071071071	1
8	22105493	22105494	39	25	2.86	2	1	0.86	1	1	0.14	unphased	2.44742398648649	1.31581934757338	1.86
8	43171052	43171053	79	34	2.42	2	2	0.21	1	1	0.79	unphased	1.7527768476441	1.44857590714389	1.21
9	40702805	40702806	394	54	2	1	1	1	NA	NA	NA	unphased	0.651544401544402	0.651544401544402	1
9	84607545	84607546	48	9	2	1	1	1	NA	NA	NA	unphased	0.85348506401138	0.85348506401138	1
9	109701362	109701363	125	20	2	1	1	1	NA	NA	NA	unphased	0.745573159366263	0.745573159366263	1
9	131231470	131231471	101	22	2	1	1	1	NA	NA	NA	unphased	0.966820479015601	0.966820479015601	1
9	136323142	136323143	34	4	2	1	1	1	NA	NA	NA	unphased	0.568990042674253	0.568990042674253	1
9	138713007	138713008	120	18	2	1	1	1	NA	NA	NA	unphased	0.705052878965922	0.705052878965922	1
X	47918713	47918714	19	29	NA	NA	NA	NA	NA	NA	NA	unphased	NA	NA	1
X	101818192	101818193	145	103	NA	NA	NA	NA	NA	NA	NA	unphased	NA	NA	1
X	104463894	104463895	22	23	NA	NA	NA	NA	NA	NA	NA	unphased	NA	NA	1
X	144905996	144905997	44	40	NA	NA	NA	NA	NA	NA	NA	unphased	NA	NA	1
X	153060160	153060161	15	19	NA	NA	NA	NA	NA	NA	NA	unphased	NA	NA	1
