chr	start	end	WT.count	mut.count	subclonal.CN	nMaj1	nMin1	frac1	nMaj2	nMin2	frac2	phase	mutation.copy.number	subclonal.fraction	no.chrs.bearing.mut
1	1372496	1372497	38	10	2	1	1	1	NA	NA	NA	unphased	0.905797101449275	0.905797101449275	1
1	7863933	7863934	134	55	2	1	1	1	NA	NA	NA	unphased	1.26524039567518	1.26524039567518	1
1	8525993	8525994	113	28	2	1	1	1	NA	NA	NA	unphased	0.863398088189948	0.863398088189948	1
1	10328222	10328223	38	4	2	1	1	1	NA	NA	NA	unphased	0.41407867494824	0.41407867494824	1
1	15788131	15788132	175	52	2	1	1	1	NA	NA	NA	unphased	0.995977782034093	0.995977782034093	1
1	16342217	16342218	99	24	2	1	1	1	NA	NA	NA	unphased	0.848356309650053	0.848356309650053	1
1	22142440	22142441	165	45	2	1	1	1	NA	NA	NA	unphased	0.93167701863354	0.93167701863354	1
1	24434626	24434627	23	9	2	1	1	1	NA	NA	NA	unphased	1.22282608695652	1.22282608695652	1
1	28293670	28293671	153	29	2	1	1	1	NA	NA	NA	unphased	0.692785475394171	0.692785475394171	1
1	41303989	41303990	171	54	2	1	1	1	NA	NA	NA	unphased	1.04347826086957	1.04347826086957	1
1	41303990	41303991	176	54	2	1	1	1	NA	NA	NA	unphased	1.02079395085066	1.02079395085066	1
1	43748951	43748952	91	23	2	1	1	1	NA	NA	NA	unphased	0.87719298245614	0.87719298245614	1
1	46489552	46489553	88	43	1	1	0	1	NA	NA	NA	unphased	1.09890474610023	1.09890474610023	1
1	52704578	52704579	138	51	1	1	0	1	NA	NA	NA	unphased	0.903381642512077	0.903381642512077	1
1	65897502	65897503	73	33	1	1	0	1	NA	NA	NA	unphased	1.0422477440525	1.0422477440525	1
1	75037712	75037713	103	39	1	1	0	1	NA	NA	NA	unphased	0.919473361910594	0.919473361910594	1
1	89735345	89735346	16	9	1	1	0	1	NA	NA	NA	unphased	1.20521739130435	1.20521739130435	1
1	94354485	94354486	62	26	1	1	0	1	NA	NA	NA	unphased	0.989130434782609	0.989130434782609	1
1	111892810	111892811	269	75	2	1	1	1	NA	NA	NA	unphased	0.947927199191102	0.947927199191102	1
1	154164508	154164509	116	38	2	1	1	1	NA	NA	NA	unphased	1.07284020327499	1.07284020327499	1
1	156618366	156618367	203	57	2	1	1	1	NA	NA	NA	unphased	0.953177257525084	0.953177257525084	1
1	157668204	157668205	311	50	3	2	1	1	NA	NA	NA	unphased	0.740696133927496	0.740696133927496	1
1	159683349	159683350	151	48	3	2	1	1	NA	NA	NA	unphased	1.28992790037142	1.28992790037142	1
1	160111233	160111234	44	5	3	2	1	1	NA	NA	NA	unphased	0.545696539485359	0.545696539485359	1
1	160209782	160209783	171	53	3	2	1	1	NA	NA	NA	unphased	1.26533385093168	1.26533385093168	1
1	161090707	161090708	6	4	2.12	2	1	0.12	1	1	0.88	unphased	1.78713043478261	1.78713043478261	1
1	161162000	161162001	199	40	2.12	2	1	0.12	1	1	0.88	unphased	0.747753319992723	0.747753319992723	1
1	162824577	162824578	128	69	2.12	2	1	0.12	1	1	0.88	unphased	1.5648730964467	1.39720812182741	1.12
1	168698285	168698286	148	35	2.12	2	1	0.12	1	1	0.88	unphased	0.854502257068187	0.854502257068187	1
1	169952475	169952476	53	52	2.12	2	1	0.12	1	1	0.88	unphased	2.21263768115942	1.97556935817805	1.12
1	176905256	176905257	4	4	2	1	1	1	NA	NA	NA	unphased	2.17391304347826	2.17391304347826	1
1	179380307	179380308	150	55	2	1	1	1	NA	NA	NA	unphased	1.16648992576882	1.16648992576882	1
1	179520316	179520317	86	21	2	1	1	1	NA	NA	NA	unphased	0.853311661926046	0.853311661926046	1
1	185878583	185878584	112	27	2	1	1	1	NA	NA	NA	unphased	0.844541757898029	0.844541757898029	1
1	193028517	193028518	15	3	1	1	0	1	NA	NA	NA	unphased	0.557971014492754	0.557971014492754	1
1	197021953	197021954	50	13	1	1	0	1	NA	NA	NA	unphased	0.690821256038647	0.690821256038647	1
1	213147328	213147329	48	15	1	1	0	1	NA	NA	NA	unphased	0.797101449275362	0.797101449275362	1
1	216011387	216011388	211	71	1	1	0	1	NA	NA	NA	unphased	0.842892383595436	0.842892383595436	1
1	223567977	223567978	37	13	1	1	0	1	NA	NA	NA	unphased	0.870434782608696	0.870434782608696	1
1	237919659	237919660	43	18	1	1	0	1	NA	NA	NA	unphased	0.987883107626515	0.987883107626515	1
1	240371820	240371821	61	24	1	1	0	1	NA	NA	NA	unphased	0.945268542199489	0.945268542199489	1
1	241146381	241146382	16	8	1	1	0	1	NA	NA	NA	unphased	1.11594202898551	1.11594202898551	1
10	1245947	1245948	7	9	1	1	0	1	NA	NA	NA	unphased	1.88315217391304	1.88315217391304	1
10	8115757	8115758	91	56	1	1	0	1	NA	NA	NA	unphased	1.27536231884058	1.27536231884058	1
10	11963194	11963195	109	59	1	1	0	1	NA	NA	NA	unphased	1.17572463768116	1.17572463768116	1
10	28970225	28970226	95	38	1	1	0	1	NA	NA	NA	unphased	0.956521739130435	0.956521739130435	1
10	29769380	29769381	22	12	1	1	0	1	NA	NA	NA	unphased	1.18158567774936	1.18158567774936	1
10	30918609	30918610	35	11	1	1	0	1	NA	NA	NA	unphased	0.800567107750473	0.800567107750473	1
10	30918610	30918611	34	11	1	1	0	1	NA	NA	NA	unphased	0.818357487922705	0.818357487922705	1
10	35437384	35437385	89	36	1	1	0	1	NA	NA	NA	unphased	0.964173913043478	0.964173913043478	1
10	38241501	38241502	79	22	1	1	0	1	NA	NA	NA	unphased	0.729229444683599	0.729229444683599	1
10	44871475	44871476	258	84	1	1	0	1	NA	NA	NA	unphased	0.822273073989321	0.822273073989321	1
10	49440321	49440322	40	16	1	1	0	1	NA	NA	NA	unphased	0.956521739130435	0.956521739130435	1
10	70446444	70446445	126	55	1	1	0	1	NA	NA	NA	unphased	1.01729521979342	1.01729521979342	1
10	72462178	72462179	88	48	1	1	0	1	NA	NA	NA	unphased	1.18158567774936	1.18158567774936	1
10	75854155	75854156	42	21	1	1	0	1	NA	NA	NA	unphased	1.11594202898551	1.11594202898551	1
10	85997239	85997240	17	7	1	1	0	1	NA	NA	NA	unphased	0.976449275362319	0.976449275362319	1
10	135370273	135370274	13	6	1	1	0	1	NA	NA	NA	unphased	1.05720823798627	1.05720823798627	1
11	1088726	1088727	18	8	1	1	0	1	NA	NA	NA	unphased	1.03010033444816	1.03010033444816	1
11	2444156	2444157	121	45	1	1	0	1	NA	NA	NA	unphased	0.907543216343635	0.907543216343635	1
11	5068056	5068057	76	35	1	1	0	1	NA	NA	NA	unphased	1.05562083822953	1.05562083822953	1
11	5068179	5068180	56	29	1	1	0	1	NA	NA	NA	unphased	1.14219948849105	1.14219948849105	1
11	8707050	8707051	128	55	1	1	0	1	NA	NA	NA	unphased	1.00617723924923	1.00617723924923	1
11	20657898	20657899	116	30	2	1	1	1	NA	NA	NA	unphased	0.893388921977367	0.893388921977367	1
11	44074599	44074600	172	47	2	1	1	1	NA	NA	NA	unphased	0.933095096287473	0.933095096287473	1
11	46394212	46394213	77	18	2	1	1	1	NA	NA	NA	unphased	0.823798627002288	0.823798627002288	1
11	55595085	55595086	328	113	2	1	1	1	NA	NA	NA	unphased	1.11406881593217	1.11406881593217	1
11	56143294	56143295	557	99	2	1	1	1	NA	NA	NA	unphased	0.656150583244963	0.656150583244963	1
11	57995959	57995960	76	17	2	1	1	1	NA	NA	NA	unphased	0.794763908368396	0.794763908368396	1
11	58207163	58207164	190	44	2	1	1	1	NA	NA	NA	unphased	0.817539947974731	0.817539947974731	1
11	60165445	60165446	71	21	2	1	1	1	NA	NA	NA	unphased	0.992438563327032	0.992438563327032	1
11	60665317	60665318	220	51	2	1	1	1	NA	NA	NA	unphased	0.818225573560083	0.818225573560083	1
11	63230994	63230995	256	72	2	1	1	1	NA	NA	NA	unphased	0.95440084835631	0.95440084835631	1
11	63996965	63996966	278	85	2	1	1	1	NA	NA	NA	unphased	1.01808599832315	1.01808599832315	1
11	64875683	64875684	10	8	2	1	1	1	NA	NA	NA	unphased	1.93236714975845	1.93236714975845	1
11	66082941	66082942	211	84	2	1	1	1	NA	NA	NA	unphased	1.23802505526898	1.23802505526898	1
11	71146455	71146456	170	53	2	1	1	1	NA	NA	NA	unphased	1.03333983232599	1.03333983232599	1
11	92590383	92590384	145	44	2	1	1	1	NA	NA	NA	unphased	1.01219231654014	1.01219231654014	1
11	92600219	92600220	9	5	2	1	1	1	NA	NA	NA	unphased	1.5527950310559	1.5527950310559	1
11	92881519	92881520	17	6	2	1	1	1	NA	NA	NA	unphased	1.13421550094518	1.13421550094518	1
11	101362426	101362427	240	72	2	1	1	1	NA	NA	NA	unphased	1.00334448160535	1.00334448160535	1
11	104819394	104819395	106	13	2	1	1	1	NA	NA	NA	unphased	0.474972597734746	0.474972597734746	1
11	108382568	108382569	284	62	2	1	1	1	NA	NA	NA	unphased	0.77909022367429	0.77909022367429	1
11	113661277	113661278	205	59	2	1	1	1	NA	NA	NA	unphased	0.97167325428195	0.97167325428195	1
11	114453139	114453140	198	67	2	1	1	1	NA	NA	NA	unphased	1.09926168990976	1.09926168990976	1
11	117860270	117860271	60	25	2	1	1	1	NA	NA	NA	unphased	1.27877237851662	1.27877237851662	1
11	119004998	119004999	114	38	2	1	1	1	NA	NA	NA	unphased	1.08695652173913	1.08695652173913	1
11	119060969	119060970	183	43	2	1	1	1	NA	NA	NA	unphased	0.82724124663332	0.82724124663332	1
12	994799	994800	252	145	2.74	2	1	0.87	1	0	0.13	unphased	1.8582740116088	0.993729417972623	1.87
12	6788167	6788168	469	72	2.74	2	1	0.87	1	0	0.13	unphased	0.677122880334324	0.677122880334324	1
12	6788211	6788212	400	62	2.74	2	1	0.87	1	0	0.13	unphased	0.682781855825334	0.682781855825334	1
12	7882297	7882298	534	98	2.74	2	1	0.87	1	0	0.13	unphased	0.788935057787562	0.906821905502945	0.87
12	8082407	8082408	271	67	2.74	2	1	0.87	1	0	0.13	unphased	1.00853357344996	1.00853357344996	1
12	8692490	8692491	364	171	2.48	2	1	0.74	1	0	0.26	unphased	1.54309955302722	0.886838823578865	1.74
12	9304821	9304822	150	38	2.48	2	1	0.74	1	0	0.26	unphased	0.975837187789084	0.975837187789084	1
12	11174602	11174603	327	60	3	2	1	1	NA	NA	NA	unphased	0.829120323559151	0.829120323559151	1
12	14613883	14613884	117	43	3	2	1	1	NA	NA	NA	unphased	1.43722826086957	0.718614130434783	2
12	21446894	21446895	112	18	3	2	1	1	NA	NA	NA	unphased	0.740468227424749	0.740468227424749	1
12	21968725	21968726	228	44	3	2	1	1	NA	NA	NA	unphased	0.865089514066496	0.865089514066496	1
12	34175629	34175630	532	126	2	1	1	1	NA	NA	NA	unphased	0.832562442183164	0.832562442183164	1
12	51847357	51847358	112	47	1	1	0	1	NA	NA	NA	unphased	0.989608969100355	0.989608969100355	1
12	52156413	52156414	139	52	1	1	0	1	NA	NA	NA	unphased	0.911450034145231	0.911450034145231	1
12	57485757	57485758	100	43	1	1	0	1	NA	NA	NA	unphased	1.0066889632107	1.0066889632107	1
12	119419807	119419808	8	4	1	1	0	1	NA	NA	NA	unphased	1.11594202898551	1.11594202898551	1
13	25363489	25363490	128	56	1	1	0	1	NA	NA	NA	unphased	1.01890359168242	1.01890359168242	1
13	32907109	32907110	81	36	1	1	0	1	NA	NA	NA	unphased	1.03010033444816	1.03010033444816	1
13	37269403	37269404	283	114	1	1	0	1	NA	NA	NA	unphased	0.961340488445953	0.961340488445953	1
13	47262103	47262104	63	37	1	1	0	1	NA	NA	NA	unphased	1.23869565217391	1.23869565217391	1
13	58207714	58207715	77	43	1	1	0	0.22	1	0	0.78	unphased	1.19963768115942	1.19963768115942	1
14	19563558	19563559	710	63	NA	NA	NA	NA	NA	NA	NA	unphased	NA	NA	1
14	20345322	20345323	221	23	3	2	1	1	NA	NA	NA	unphased	0.504098360655738	0.504098360655738	1
14	20389652	20389653	311	33	3	2	1	1	NA	NA	NA	unphased	0.513018200202224	0.513018200202224	1
14	21424409	21424410	323	104	2	1	1	1	NA	NA	NA	unphased	1.05895529986763	1.05895529986763	1
14	21623613	21623614	62	16	2	1	1	1	NA	NA	NA	unphased	0.891861761426979	0.891861761426979	1
14	21623614	21623615	62	15	2	1	1	1	NA	NA	NA	unphased	0.846979107848673	0.846979107848673	1
14	22102180	22102181	108	25	2	1	1	1	NA	NA	NA	unphased	0.817260542661	0.817260542661	1
14	45403623	45403624	153	44	2	1	1	1	NA	NA	NA	unphased	0.971088060030898	0.971088060030898	1
14	50295370	50295371	215	33	2	1	1	1	NA	NA	NA	unphased	0.578541374474053	0.578541374474053	1
14	63174852	63174853	124	60	1	1	0	1	NA	NA	NA	unphased	1.09168241965974	1.09168241965974	1
14	77746414	77746415	72	50	2	2	0	1	NA	NA	NA	unphased	1.78189593727726	0.890947968638631	2
14	77894747	77894748	62	65	2	2	0	1	NA	NA	NA	unphased	2.22526532009586	1.11263266004793	2
14	77915632	77915633	82	62	2	2	0	1	NA	NA	NA	unphased	1.8719806763285	0.935990338164251	2
14	103802423	103802424	180	28	3	2	1	1	NA	NA	NA	unphased	0.719899665551839	0.719899665551839	1
14	105406082	105406083	1176	256	3	2	1	1	NA	NA	NA	unphased	0.956035948506194	0.956035948506194	1
14	106691830	106691831	440	106	NA	NA	NA	NA	NA	NA	NA	unphased	NA	NA	1
14	106691977	106691978	285	64	NA	NA	NA	NA	NA	NA	NA	unphased	NA	NA	1
14	107078545	107078546	140	29	3	2	1	1	NA	NA	NA	unphased	0.917674298945202	0.917674298945202	1
15	40861941	40861942	15	15	1	1	0	1	NA	NA	NA	unphased	1.67391304347826	1.67391304347826	1
15	41279303	41279304	67	32	1	1	0	1	NA	NA	NA	unphased	1.08212560386473	1.08212560386473	1
15	42742494	42742495	274	117	1	1	0	1	NA	NA	NA	unphased	1.00177916157011	1.00177916157011	1
15	43314926	43314927	52	21	1	1	0	1	NA	NA	NA	unphased	0.963073257891602	0.963073257891602	1
15	45003746	45003747	78	37	1	1	0	1	NA	NA	NA	unphased	1.07712665406427	1.07712665406427	1
15	71211505	71211506	159	57	1	1	0	1	NA	NA	NA	unphased	0.883454106280193	0.883454106280193	1
15	71952964	71952965	174	56	1	1	0	1	NA	NA	NA	unphased	0.815122873345936	0.815122873345936	1
15	99672068	99672069	76	3	1	1	0	1	NA	NA	NA	unphased	0.127132636213539	0.127132636213539	1
16	240026	240027	490	300	1	1	0	1	NA	NA	NA	unphased	1.27132636213539	1.27132636213539	1
16	20471457	20471458	46	14	1	1	0	1	NA	NA	NA	unphased	0.781159420289855	0.781159420289855	1
16	21108758	21108759	167	67	1	1	0	1	NA	NA	NA	unphased	0.958565589000372	0.958565589000372	1
16	53504377	53504378	50	26	1	1	0	1	NA	NA	NA	unphased	1.14530892448513	1.14530892448513	1
16	71482584	71482585	73	9	1	1	0	1	NA	NA	NA	unphased	0.367444326617179	0.367444326617179	1
16	71482586	71482587	71	9	1	1	0	1	NA	NA	NA	unphased	0.376630434782609	0.376630434782609	1
16	74712797	74712798	70	28	1	1	0	1	NA	NA	NA	unphased	0.956521739130435	0.956521739130435	1
16	75512581	75512582	106	59	1	1	0	1	NA	NA	NA	unphased	1.19710144927536	1.19710144927536	1
17	915091	915092	126	43	1	1	0	1	NA	NA	NA	unphased	0.851813738101364	0.851813738101364	1
17	2966396	2966397	44	7	1	1	0	1	NA	NA	NA	unphased	0.459505541346974	0.459505541346974	1
17	7577531	7577532	91	41	1	1	0	1	NA	NA	NA	unphased	1.03985507246377	1.03985507246377	1
17	8076699	8076700	77	20	1	1	0	1	NA	NA	NA	unphased	0.690273419991035	0.690273419991035	1
17	11784585	11784586	149	40	1	1	0	1	NA	NA	NA	unphased	0.7085346215781	0.7085346215781	1
17	15234795	15234796	89	42	1	1	0	1	NA	NA	NA	unphased	1.07334882177232	1.07334882177232	1
17	16068451	16068452	293	23	1	1	0	1	NA	NA	NA	unphased	0.243670886075949	0.243670886075949	1
17	27944541	27944542	46	21	1	1	0	1	NA	NA	NA	unphased	1.04931862426995	1.04931862426995	1
17	32955624	32955625	30	15	1	1	0	1	NA	NA	NA	unphased	1.11594202898551	1.11594202898551	1
17	39411728	39411729	64	24	NA	NA	NA	NA	NA	NA	NA	unphased	NA	NA	1
17	40861922	40861923	162	62	1	1	0	1	NA	NA	NA	unphased	0.926630434782609	0.926630434782609	1
17	48551023	48551024	166	145	2	2	0	1	NA	NA	NA	unphased	2.02712148748777	1.01356074374388	2
17	54921411	54921412	88	20	2	2	0	1	NA	NA	NA	unphased	0.805152979066022	0.805152979066022	1
17	57232388	57232389	130	122	3	3	0	1	NA	NA	NA	unphased	2.58902691511387	0.863008971704624	3
17	57232573	57232574	129	54	3	3	0	1	NA	NA	NA	unphased	1.57804704205274	0.789023521026372	2
17	58945987	58945988	88	90	3	3	0	1	NA	NA	NA	unphased	2.70395701025892	0.901319003419638	3
17	62042024	62042025	48	10	3	3	0	1	NA	NA	NA	unphased	0.922038980509745	0.922038980509745	1
17	74475057	74475058	59	32	3	3	0	1	NA	NA	NA	unphased	1.88055422838032	0.940277114190158	2
17	77040024	77040025	152	182	3	3	0	1	NA	NA	NA	unphased	2.9140848737308	0.971361624576933	3
17	78293371	78293372	11	21	3	3	0	1	NA	NA	NA	unphased	3.50951086956522	1.16983695652174	3
17	79082294	79082295	165	25	3	3	0	1	NA	NA	NA	unphased	0.703661327231121	0.703661327231121	1
18	2585113	2585114	127	52	3	2	1	1	NA	NA	NA	unphased	1.55355841632256	0.776779208161282	2
18	14478432	14478433	32	8	2	1	1	1	NA	NA	NA	unphased	0.869565217391304	0.869565217391304	1
18	28913573	28913574	111	22	2	1	1	1	NA	NA	NA	unphased	0.71918927754168	0.71918927754168	1
18	30517922	30517923	75	17	2	1	1	1	NA	NA	NA	unphased	0.803402646502835	0.803402646502835	1
19	622713	622714	8	4	2	1	1	0.15	1	1	0.85	unphased	1.44927536231884	1.44927536231884	1
19	855688	855689	170	46	2	1	1	0.15	1	1	0.85	unphased	0.925925925925926	0.925925925925926	1
19	3778536	3778537	46	14	2	1	1	0.15	1	1	0.85	unphased	1.01449275362319	1.01449275362319	1
19	4793665	4793666	96	30	2	1	1	0.15	1	1	0.85	unphased	1.0351966873706	1.0351966873706	1
19	6495266	6495267	383	101	2	1	1	1	NA	NA	NA	unphased	0.907294286740927	0.907294286740927	1
19	11223988	11223989	91	32	2	1	1	1	NA	NA	NA	unphased	1.13114174620007	1.13114174620007	1
19	13325316	13325317	58	22	2	1	1	1	NA	NA	NA	unphased	1.19565217391304	1.19565217391304	1
19	13325325	13325326	57	23	2	1	1	1	NA	NA	NA	unphased	1.25	1.25	1
19	14043363	14043364	29	9	2	1	1	1	NA	NA	NA	unphased	1.02974828375286	1.02974828375286	1
19	16008361	16008362	65	22	2	1	1	1	NA	NA	NA	unphased	1.09945027486257	1.09945027486257	1
19	17420438	17420439	28	13	2	1	1	1	NA	NA	NA	unphased	1.37857900318134	1.37857900318134	1
19	17436170	17436171	47	20	2	1	1	1	NA	NA	NA	unphased	1.29785853341986	1.29785853341986	1
19	17838968	17838969	46	14	2	1	1	1	NA	NA	NA	unphased	1.01449275362319	1.01449275362319	1
19	19368618	19368619	18	6	2	1	1	1	NA	NA	NA	unphased	1.08695652173913	1.08695652173913	1
19	19762501	19762502	66	13	2	1	1	1	NA	NA	NA	unphased	0.715465052283984	0.715465052283984	1
19	22780085	22780086	223	39	2	1	1	1	NA	NA	NA	unphased	0.647195486226352	0.647195486226352	1
19	36352133	36352134	30	11	1.24	1	1	0.24	1	0	0.76	unphased	0.962587486744433	0.962587486744433	1
19	36352134	36352135	30	12	1.24	1	1	0.24	1	0	0.76	unphased	1.02509316770186	1.02509316770186	1
19	38610160	38610161	90	23	1.24	1	1	0.24	1	0	0.76	unphased	0.730265486725664	0.730265486725664	1
19	42738599	42738600	147	61	1	1	0	0	0	1	1	unphased	0.981814381270903	0.981814381270903	1
19	43690528	43690529	277	97	1	1	0	0	0	1	1	unphased	0.868286445012788	0.868286445012788	1
19	45667443	45667444	27	12	1	1	0	0.04	0	1	0.96	unphased	1.03010033444816	1.03010033444816	1
19	45797674	45797675	54	12	1	1	0	0.08	0	1	0.92	unphased	0.608695652173913	0.661625708884688	0.92
19	50865268	50865269	29	10	2	1	1	0.14	1	1	0.86	unphased	1.11482720178372	1.11482720178372	1
19	54191794	54191795	134	51	2	1	1	0.14	1	1	0.86	unphased	1.19858989424207	1.19858989424207	1
19	55450740	55450741	156	46	2	1	1	1	NA	NA	NA	unphased	0.99009900990099	0.99009900990099	1
19	55708541	55708542	116	38	2	1	1	1	NA	NA	NA	unphased	1.07284020327499	1.07284020327499	1
19	55889434	55889435	62	23	2	1	1	1	NA	NA	NA	unphased	1.17647058823529	1.17647058823529	1
19	56407340	56407341	681	185	2	1	1	1	NA	NA	NA	unphased	0.928808113264384	0.928808113264384	1
19	56539868	56539869	687	198	2	1	1	1	NA	NA	NA	unphased	0.972733971997052	0.972733971997052	1
19	58018582	58018583	486	124	2	1	1	1	NA	NA	NA	unphased	0.883820384889522	0.883820384889522	1
19	58578090	58578091	117	36	2	1	1	1	NA	NA	NA	unphased	1.0230179028133	1.0230179028133	1
19	58991800	58991801	50	13	2	1	1	1	NA	NA	NA	unphased	0.897170462387854	0.897170462387854	1
19	59010999	59011000	249	62	2	1	1	1	NA	NA	NA	unphased	0.86676918775339	0.86676918775339	1
2	15770166	15770167	208	80	2.42	2	1	0.71	1	0	0.29	unphased	1.3243961352657	0.77450066389807	1.71
2	16740832	16740833	239	53	2.42	2	1	0.71	1	0	0.29	unphased	0.86539309112567	0.86539309112567	1
2	18113819	18113820	84	43	2.42	2	1	0.71	1	0	0.29	unphased	1.61430332078055	0.944037029696231	1.71
2	24261358	24261359	162	85	2.42	2	1	0.71	1	0	0.29	unphased	1.64074986798099	0.959502846772508	1.71
2	25965963	25965964	347	92	2.42	2	1	0.71	1	0	0.29	unphased	0.999179954441913	0.999179954441913	1
2	26537501	26537502	53	28	2.42	2	1	0.71	1	0	0.29	unphased	1.64813741277509	0.963823048406487	1.71
2	47748347	47748348	12	11	1.48	2	1	0.24	1	0	0.76	unphased	1.83069943289225	1.47637051039698	1.24
2	50847249	50847250	89	17	1.48	2	1	0.24	1	0	0.76	unphased	0.613896636587367	0.613896636587367	1
2	55746821	55746822	55	7	3.46	3	1	0.82	1	0	0.18	unphased	0.655722300140252	0.655722300140252	1
2	75899135	75899136	101	35	2	1	1	1	NA	NA	NA	unphased	1.11892583120205	1.11892583120205	1
2	80530587	80530588	254	66	2	1	1	1	NA	NA	NA	unphased	0.896739130434782	0.896739130434782	1
2	85273226	85273227	50	12	2	1	1	1	NA	NA	NA	unphased	0.841514726507714	0.841514726507714	1
2	85890957	85890958	10	2	2	1	1	1	NA	NA	NA	unphased	0.72463768115942	0.72463768115942	1
2	89265833	89265834	318	73	2	1	1	1	NA	NA	NA	unphased	0.811742466362727	0.811742466362727	1
2	89265834	89265835	316	73	2	1	1	1	NA	NA	NA	unphased	0.815915949480273	0.815915949480273	1
2	89326821	89326822	101	40	2	1	1	1	NA	NA	NA	unphased	1.23342584027135	1.23342584027135	1
2	89544497	89544498	160	30	2	1	1	1	NA	NA	NA	unphased	0.68649885583524	0.68649885583524	1
2	89544571	89544572	34	9	2	1	1	1	NA	NA	NA	unphased	0.910010111223458	0.910010111223458	1
2	96657541	96657542	16	9	2	1	1	1	NA	NA	NA	unphased	1.56521739130435	1.56521739130435	1
2	100906845	100906846	605	59	6.28	5	2	0.88	0	1	0.12	unphased	0.766629125196438	0.871169460450498	0.88
2	118693070	118693071	85	39	1.01	2	0	0.01	0	1	0.99	unphased	1.0560904628331	1.0560904628331	1
2	118860888	118860889	286	53	1.01	2	0	0.01	0	1	0.99	unphased	0.524969860202642	0.524969860202642	1
2	120069254	120069255	98	30	1.01	2	0	0.01	0	1	0.99	unphased	0.786990489130435	0.786990489130435	1
2	127956948	127956949	209	32	1.01	2	0	0.01	0	1	0.99	unphased	0.445852426483853	0.445852426483853	1
2	130877688	130877689	165	69	1	1	0	0.11	0	1	0.89	unphased	0.987179487179487	0.987179487179487	1
2	135926422	135926423	37	20	1	1	0	0	0	1	1	unphased	1.17467581998474	1.17467581998474	1
2	152300041	152300042	193	78	1	1	0	1	NA	NA	NA	unphased	0.963580940157228	0.963580940157228	1
2	160698799	160698800	69	25	1	1	0	1	NA	NA	NA	unphased	0.890379278445883	0.890379278445883	1
2	162224034	162224035	12	7	1	1	0	1	NA	NA	NA	unphased	1.23340961098398	1.23340961098398	1
2	166915198	166915199	35	12	1	1	0	1	NA	NA	NA	unphased	0.854764107308048	0.854764107308048	1
2	179633452	179633453	56	12	1	1	0	1	NA	NA	NA	unphased	0.59079283887468	0.59079283887468	1
2	190426506	190426507	13	3	2	1	1	1	NA	NA	NA	unphased	0.815217391304348	0.815217391304348	1
2	198950209	198950210	108	38	2	1	1	0.13	1	1	0.87	unphased	1.131625967838	1.131625967838	1
2	214727275	214727276	125	34	2	1	1	0.17	1	1	0.83	unphased	0.929723817336615	0.929723817336615	1
2	215279253	215279254	37	9	2	1	1	0.17	1	1	0.83	unphased	0.850661625708885	0.850661625708885	1
2	219679731	219679732	75	47	1	1	0	1	NA	NA	NA	unphased	1.28973627940128	1.28973627940128	1
2	242192428	242192429	205	62	2	1	1	1	NA	NA	NA	unphased	1.00960755577268	1.00960755577268	1
20	20278921	20278922	108	33	3	2	1	1	NA	NA	NA	unphased	1.25161887141536	1.25161887141536	1
20	30584384	30584385	54	22	2	1	1	1	NA	NA	NA	unphased	1.25858123569794	1.25858123569794	1
20	33623036	33623037	188	61	2	1	1	1	NA	NA	NA	unphased	1.06513008555963	1.06513008555963	1
20	48330201	48330202	3	3	2	1	1	1	NA	NA	NA	unphased	2.17391304347826	2.17391304347826	1
21	19635168	19635169	143	35	2	1	1	1	NA	NA	NA	unphased	0.854909623839766	0.854909623839766	1
21	22782636	22782637	66	14	2	1	1	1	NA	NA	NA	unphased	0.760869565217391	0.760869565217391	1
22	22658343	22658344	87	26	2	1	1	1	NA	NA	NA	unphased	1.00038476337053	1.00038476337053	1
22	31524494	31524495	82	29	2	1	1	1	NA	NA	NA	unphased	1.13591852722287	1.13591852722287	1
22	31524594	31524595	137	32	2	1	1	1	NA	NA	NA	unphased	0.82325701054798	0.82325701054798	1
22	32545742	32545743	34	7	2	1	1	1	NA	NA	NA	unphased	0.742311770943796	0.742311770943796	1
22	35463084	35463085	77	23	2	1	1	1	NA	NA	NA	unphased	1	1	1
22	36737469	36737470	223	85	2	1	1	1	NA	NA	NA	unphased	1.19988706945229	1.19988706945229	1
22	37769097	37769098	84	32	2	1	1	1	NA	NA	NA	unphased	1.19940029985007	1.19940029985007	1
22	41574089	41574090	118	32	2	1	1	1	NA	NA	NA	unphased	0.927536231884058	0.927536231884058	1
22	43308057	43308058	143	29	2	1	1	1	NA	NA	NA	unphased	0.733063700707786	0.733063700707786	1
22	44004395	44004396	95	26	2	1	1	1	NA	NA	NA	unphased	0.934243621990658	0.934243621990658	1
22	47189456	47189457	144	38	2	1	1	1	NA	NA	NA	unphased	0.907787864309603	0.907787864309603	1
3	361467	361468	21	12	2	2	0	1	NA	NA	NA	unphased	1.58102766798419	1.58102766798419	1
3	431055	431056	42	41	2	2	0	1	NA	NA	NA	unphased	2.14772132006286	1.07386066003143	2
3	7620395	7620396	146	101	2	2	0	1	NA	NA	NA	unphased	1.77785601126562	0.888928005632811	2
3	9908700	9908701	37	19	2	2	0	1	NA	NA	NA	unphased	1.47515527950311	0.737577639751553	2
3	47286395	47286396	49	21	1	1	0	1	NA	NA	NA	unphased	1.00434782608696	1.00434782608696	1
3	52829631	52829632	44	7	1	1	0	1	NA	NA	NA	unphased	0.459505541346974	0.459505541346974	1
3	89498435	89498436	305	90	2	1	1	1	NA	NA	NA	unphased	0.990643918547055	0.990643918547055	1
3	108270103	108270104	67	15	3	2	1	1	NA	NA	NA	unphased	0.978260869565217	0.978260869565217	1
3	113955260	113955261	309	73	3	2	1	1	NA	NA	NA	unphased	1.02196676530845	1.02196676530845	1
3	121518140	121518141	56	10	3	2	1	1	NA	NA	NA	unphased	0.810276679841897	0.810276679841897	1
3	122003470	122003471	66	31	3	2	1	1	NA	NA	NA	unphased	1.70909905871806	0.854549529359032	2
3	122003472	122003473	66	33	3	2	1	1	NA	NA	NA	unphased	1.78260869565217	0.891304347826087	2
3	124732635	124732636	110	28	2	1	1	1	NA	NA	NA	unphased	0.882167611846251	0.882167611846251	1
3	127317263	127317264	81	21	2	1	1	1	NA	NA	NA	unphased	0.895140664961637	0.895140664961637	1
3	128971156	128971157	216	77	2	1	1	1	NA	NA	NA	unphased	1.14260276005342	1.14260276005342	1
3	134920517	134920518	110	28	2	1	1	1	NA	NA	NA	unphased	0.882167611846251	0.882167611846251	1
3	169546578	169546579	155	125	4	3	1	1	NA	NA	NA	unphased	2.83385093167702	0.944616977225673	3
3	175042060	175042061	641	111	4	3	1	1	NA	NA	NA	unphased	0.936979648473636	0.936979648473636	1
3	180366085	180366086	273	47	4	3	1	1	NA	NA	NA	unphased	0.932336956521739	0.932336956521739	1
3	183368730	183368731	243	215	4	3	1	1	NA	NA	NA	unphased	2.97987469147522	0.993291563825074	3
3	183551361	183551362	136	32	4	3	1	1	NA	NA	NA	unphased	1.20910973084886	1.20910973084886	1
3	183645224	183645225	87	8	4	3	1	1	NA	NA	NA	unphased	0.534553775743707	0.534553775743707	1
3	183756642	183756643	183	56	4	3	1	1	NA	NA	NA	unphased	1.48735674004002	0.743678370020011	2
3	184580695	184580696	276	45	4	3	1	1	NA	NA	NA	unphased	0.889882161722877	0.889882161722877	1
3	186508179	186508180	192	38	4	3	1	1	NA	NA	NA	unphased	1.04877126654064	1.04877126654064	1
3	195475875	195475876	144	25	3.46	3	1	0.73	1	1	0.27	unphased	0.859145870851557	0.859145870851557	1
4	5823412	5823413	4	5	1	1	0	1	NA	NA	NA	unphased	1.85990338164251	1.85990338164251	1
4	47033716	47033717	288	78	2	1	1	1	NA	NA	NA	unphased	0.926585887384177	0.926585887384177	1
4	49052818	49052819	90	21	2	1	1	1	NA	NA	NA	unphased	0.82256169212691	0.82256169212691	1
4	55127334	55127335	226	91	2	1	1	1	NA	NA	NA	unphased	1.24811411329036	1.24811411329036	1
4	77290598	77290599	107	28	2	1	1	1	NA	NA	NA	unphased	0.901771336553945	0.901771336553945	1
4	81967616	81967617	64	17	1	1	0	1	NA	NA	NA	unphased	0.702630166398282	0.702630166398282	1
4	100460362	100460363	220	106	1	1	0	1	NA	NA	NA	unphased	1.08855694851961	1.08855694851961	1
4	114267165	114267166	77	34	1	1	0	1	NA	NA	NA	unphased	1.02546024285155	1.02546024285155	1
4	122722985	122722986	107	43	1	1	0	1	NA	NA	NA	unphased	0.959710144927536	0.959710144927536	1
4	145640047	145640048	78	29	1	1	0	1	NA	NA	NA	unphased	0.907354733848029	0.907354733848029	1
4	155527887	155527888	123	59	1	1	0	1	NA	NA	NA	unphased	1.08528428093645	1.08528428093645	1
4	156757952	156757953	111	31	1	1	0	1	NA	NA	NA	unphased	0.730863441518677	0.730863441518677	1
4	159782810	159782811	171	54	1	1	0	1	NA	NA	NA	unphased	0.803478260869565	0.803478260869565	1
4	186380093	186380094	49	11	1	1	0	1	NA	NA	NA	unphased	0.613768115942029	0.613768115942029	1
5	9052139	9052140	37	9	2	1	1	1	NA	NA	NA	unphased	0.850661625708885	0.850661625708885	1
5	23524525	23524526	91	38	1.13	1	1	0.13	1	0	0.87	unphased	1.02447590158409	1.02447590158409	1
5	26988402	26988403	169	35	1.54	2	1	0.27	1	0	0.73	unphased	0.667028985507246	0.667028985507246	1
5	36958242	36958243	173	45	1.34	2	1	0.17	1	0	0.83	unphased	0.761248504188273	0.761248504188273	1
5	44809367	44809368	42	24	1.34	2	1	0.17	1	0	0.83	unphased	1.34102766798419	1.34102766798419	1
5	75008706	75008707	24	7	1	1	0	1	NA	NA	NA	unphased	0.755960729312763	0.755960729312763	1
5	79028280	79028281	17	12	1	1	0	1	NA	NA	NA	unphased	1.38530734632684	1.38530734632684	1
5	89913641	89913642	16	4	1	1	0	1	NA	NA	NA	unphased	0.669565217391304	0.669565217391304	1
5	96514780	96514781	58	15	1	1	0	1	NA	NA	NA	unphased	0.687909469922573	0.687909469922573	1
5	132939578	132939579	131	58	1	1	0	1	NA	NA	NA	unphased	1.02737520128824	1.02737520128824	1
5	149324106	149324107	47	41	2	2	0	1	NA	NA	NA	unphased	2.02569169960474	1.01284584980237	2
5	149901020	149901021	44	38	2	2	0	1	NA	NA	NA	unphased	2.01484623541888	1.00742311770944	2
5	150276412	150276413	144	112	2	2	0	1	NA	NA	NA	unphased	1.90217391304348	0.951086956521739	2
5	156819908	156819909	172	42	2	2	0	1	NA	NA	NA	unphased	0.853311661926046	0.853311661926046	1
5	164028214	164028215	11	12	2	2	0	1	NA	NA	NA	unphased	2.26843100189036	1.13421550094518	2
5	169122821	169122822	145	148	2	2	0	1	NA	NA	NA	unphased	2.19617153880398	1.09808576940199	2
5	176638318	176638319	60	65	2	2	0	1	NA	NA	NA	unphased	2.26086956521739	1.1304347826087	2
6	2895720	2895721	191	52	3	3	0	1	NA	NA	NA	unphased	1.14439076757917	1.14439076757917	1
6	2948582	2948583	184	47	3	3	0	1	NA	NA	NA	unphased	1.08808582721626	1.08808582721626	1
6	7569525	7569526	130	132	3	3	0	1	NA	NA	NA	unphased	2.69432459342848	0.898108197809492	3
6	13365012	13365013	76	39	3	3	0	1	NA	NA	NA	unphased	1.81361058601134	0.906805293005671	2
6	26423163	26423164	56	84	3	3	0	1	NA	NA	NA	unphased	3.20869565217391	1.0695652173913	3
6	31686933	31686934	146	192	3	3	0	1	NA	NA	NA	unphased	3.03781836892205	1.01260612297402	3
6	31936518	31936519	190	56	3	3	0	1	NA	NA	NA	unphased	1.21739130434783	1.21739130434783	1
6	33157233	33157234	124	39	3	3	0	1	NA	NA	NA	unphased	1.2795412109896	1.2795412109896	1
6	33260955	33260956	164	146	2	2	0	1	NA	NA	NA	unphased	2.0476858345021	1.02384291725105	2
6	33665321	33665322	18	12	2	2	0	1	NA	NA	NA	unphased	1.73913043478261	0.869565217391304	2
6	35840404	35840405	24	17	1	1	0	1	NA	NA	NA	unphased	1.3881230116649	1.3881230116649	1
6	38819449	38819450	75	35	1	1	0	1	NA	NA	NA	unphased	1.06521739130435	1.06521739130435	1
6	39159250	39159251	357	120	1	1	0	1	NA	NA	NA	unphased	0.842220399234345	0.842220399234345	1
6	39846264	39846265	13	7	1	1	0	1	NA	NA	NA	unphased	1.17173913043478	1.17173913043478	1
6	50718970	50718971	119	29	2	1	1	1	NA	NA	NA	unphased	0.851938895417156	0.851938895417156	1
6	73100433	73100434	47	16	1	1	0	1	NA	NA	NA	unphased	0.85024154589372	0.85024154589372	1
6	73100434	73100435	47	16	1	1	0	1	NA	NA	NA	unphased	0.85024154589372	0.85024154589372	1
6	88128110	88128111	137	37	1	1	0	1	NA	NA	NA	unphased	0.711894052973513	0.711894052973513	1
6	143755109	143755110	126	70	1	1	0	1	NA	NA	NA	unphased	1.19565217391304	1.19565217391304	1
6	152651064	152651065	238	100	1	1	0	1	NA	NA	NA	unphased	0.990481090815539	0.990481090815539	1
7	2297029	2297030	51	11	2	1	1	1	NA	NA	NA	unphased	0.771388499298738	0.771388499298738	1
7	2751970	2751971	40	16	2	1	1	1	NA	NA	NA	unphased	1.24223602484472	1.24223602484472	1
7	4917590	4917591	60	28	2	1	1	1	NA	NA	NA	unphased	1.38339920948617	1.38339920948617	1
7	42977162	42977163	90	27	2	1	1	1	NA	NA	NA	unphased	1.00334448160535	1.00334448160535	1
7	43351501	43351502	91	43	2	1	1	1	NA	NA	NA	unphased	1.39519792342635	1.39519792342635	1
7	45701764	45701765	65	30	2	1	1	1	NA	NA	NA	unphased	1.37299771167048	1.37299771167048	1
7	64167412	64167413	79	26	2	1	1	1	NA	NA	NA	unphased	1.07660455486542	1.07660455486542	1
7	66490006	66490007	219	74	2	1	1	1	NA	NA	NA	unphased	1.09808576940199	1.09808576940199	1
7	70880884	70880885	82	15	2	1	1	1	NA	NA	NA	unphased	0.672344240251008	0.672344240251008	1
7	88965446	88965447	96	36	1	1	0	1	NA	NA	NA	unphased	0.913043478260869	0.913043478260869	1
7	92147522	92147523	100	53	1	1	0	1	NA	NA	NA	unphased	1.15970446149474	1.15970446149474	1
7	95166999	95167000	170	53	1	1	0	1	NA	NA	NA	unphased	0.795671670891012	0.795671670891012	1
7	100280004	100280005	49	18	1	1	0	1	NA	NA	NA	unphased	0.899415963659961	0.899415963659961	1
7	137255958	137255959	61	25	1	1	0	1	NA	NA	NA	unphased	0.973205257836198	0.973205257836198	1
7	141464387	141464388	140	66	1	1	0	1	NA	NA	NA	unphased	1.0726044744618	1.0726044744618	1
7	150905060	150905061	31	21	1	1	0	1	NA	NA	NA	unphased	1.35200668896321	1.35200668896321	1
7	157049686	157049687	230	91	1	1	0	1	NA	NA	NA	unphased	0.949072192875525	0.949072192875525	1
8	2024290	2024291	48	7	2.36	2	1	0.68	1	0	0.32	unphased	0.599177865612648	0.599177865612648	1
8	7308358	7308359	354	35	2	1	1	1	NA	NA	NA	unphased	0.391192578517939	0.391192578517939	1
8	11689121	11689122	292	89	2	1	1	1	NA	NA	NA	unphased	1.0156339153258	1.0156339153258	1
8	11995787	11995788	48	13	NA	NA	NA	NA	NA	NA	NA	unphased	NA	NA	1
8	49641663	49641664	89	24	2	1	1	1	NA	NA	NA	unphased	0.923432089265102	0.923432089265102	1
8	55541883	55541884	55	18	2	1	1	1	NA	NA	NA	unphased	1.07206670637284	1.07206670637284	1
8	59739409	59739410	36	14	2	1	1	1	NA	NA	NA	unphased	1.21739130434783	1.21739130434783	1
8	62366771	62366772	303	81	2	1	1	1	NA	NA	NA	unphased	0.917119565217391	0.917119565217391	1
8	71050558	71050559	25	10	2	1	1	1	NA	NA	NA	unphased	1.24223602484472	1.24223602484472	1
8	89053689	89053690	147	62	2	1	1	0.1	1	1	0.9	unphased	1.289785729145	1.289785729145	1
8	89339429	89339430	267	78	2	1	1	0.1	1	1	0.9	unphased	0.982986767485822	0.982986767485822	1
8	95500826	95500827	69	16	2	1	1	0.1	1	1	0.9	unphased	0.818414322250639	0.818414322250639	1
8	95686604	95686605	94	33	2	1	1	0.1	1	1	0.9	unphased	1.12975008558713	1.12975008558713	1
8	104075190	104075191	151	49	2	1	1	0.1	1	1	0.9	unphased	1.06521739130435	1.06521739130435	1
8	131792810	131792811	90	38	1	1	0	0.18	1	0	0.82	unphased	0.993885869565217	0.993885869565217	1
8	133141621	133141622	66	26	1	1	0	0.18	1	0	0.82	unphased	0.946124763705104	0.946124763705104	1
8	139838948	139838949	112	61	1	1	0	0.17	1	0	0.83	unphased	1.18044734858005	1.18044734858005	1
8	145737344	145737345	28	12	1	1	0	0.18	1	0	0.82	unphased	1.00434782608696	1.00434782608696	1
9	34372104	34372105	57	13	2	1	1	1	NA	NA	NA	unphased	0.807453416149068	0.807453416149068	1
9	34514433	34514434	401	110	2	1	1	1	NA	NA	NA	unphased	0.935931251595337	0.935931251595337	1
9	35616539	35616540	64	23	2	1	1	1	NA	NA	NA	unphased	1.14942528735632	1.14942528735632	1
9	37541751	37541752	59	15	2	1	1	1	NA	NA	NA	unphased	0.881316098707403	0.881316098707403	1
9	40705425	40705426	7	11	2	1	1	1	NA	NA	NA	unphased	2.65700483091787	2.65700483091787	1
9	73296449	73296450	157	40	2	1	1	1	NA	NA	NA	unphased	0.882807327300817	0.882807327300817	1
9	84531809	84531810	49	21	1	1	0	1	NA	NA	NA	unphased	1.00434782608696	1.00434782608696	1
9	116045412	116045413	266	115	1	1	0	1	NA	NA	NA	unphased	1.01049868766404	1.01049868766404	1
9	117846752	117846753	74	41	1	1	0	1	NA	NA	NA	unphased	1.19357277882798	1.19357277882798	1
9	121971015	121971016	90	22	2	1	1	1	NA	NA	NA	unphased	0.854037267080745	0.854037267080745	1
9	123330664	123330665	314	88	2	1	1	1	NA	NA	NA	unphased	0.951762924507895	0.951762924507895	1
9	125582216	125582217	5	5	2	1	1	1	NA	NA	NA	unphased	2.17391304347826	2.17391304347826	1
9	130478380	130478381	270	103	2	1	1	1	NA	NA	NA	unphased	1.20060613125073	1.20060613125073	1
9	139311366	139311367	52	11	2	1	1	1	NA	NA	NA	unphased	0.759144237405107	0.759144237405107	1
X	18195716	18195717	259	208	NA	NA	NA	NA	NA	NA	NA	unphased	NA	NA	1
X	29973456	29973457	41	25	NA	NA	NA	NA	NA	NA	NA	unphased	NA	NA	1
X	41201856	41201857	58	59	NA	NA	NA	NA	NA	NA	NA	unphased	NA	NA	1
X	41307053	41307054	8	4	NA	NA	NA	NA	NA	NA	NA	unphased	NA	NA	1
X	54776339	54776340	20	13	NA	NA	NA	NA	NA	NA	NA	unphased	NA	NA	1
X	64748147	64748148	14	7	NA	NA	NA	NA	NA	NA	NA	unphased	NA	NA	1
X	78010793	78010794	85	71	NA	NA	NA	NA	NA	NA	NA	unphased	NA	NA	1
X	78426663	78426664	15	5	NA	NA	NA	NA	NA	NA	NA	unphased	NA	NA	1
X	78427454	78427455	50	47	NA	NA	NA	NA	NA	NA	NA	unphased	NA	NA	1
X	78427575	78427576	14	16	NA	NA	NA	NA	NA	NA	NA	unphased	NA	NA	1
X	78622692	78622693	9	17	NA	NA	NA	NA	NA	NA	NA	unphased	NA	NA	1
X	83128573	83128574	16	18	NA	NA	NA	NA	NA	NA	NA	unphased	NA	NA	1
X	100871325	100871326	147	102	NA	NA	NA	NA	NA	NA	NA	unphased	NA	NA	1
X	102318110	102318111	321	274	NA	NA	NA	NA	NA	NA	NA	unphased	NA	NA	1
X	118215377	118215378	131	132	NA	NA	NA	NA	NA	NA	NA	unphased	NA	NA	1
X	122319750	122319751	70	59	NA	NA	NA	NA	NA	NA	NA	unphased	NA	NA	1
X	122757716	122757717	64	58	NA	NA	NA	NA	NA	NA	NA	unphased	NA	NA	1
X	138664543	138664544	4	5	NA	NA	NA	NA	NA	NA	NA	unphased	NA	NA	1
Y	15023842	15023843	113	96	NA	NA	NA	NA	NA	NA	NA	unphased	NA	NA	1
Y	21894628	21894629	15	7	NA	NA	NA	NA	NA	NA	NA	unphased	NA	NA	1
