chr	start	end	WT.count	mut.count	subclonal.CN	nMaj1	nMin1	frac1	nMaj2	nMin2	frac2	phase	mutation.copy.number	subclonal.fraction	no.chrs.bearing.mut
1	6592577	6592578	20	37	2	2	0	1	NA	NA	NA	unphased	1.77841864936313	0.889209324681567	2
1	11766339	11766340	2	9	2	2	0	1	NA	NA	NA	unphased	2.24159402241594	1.12079701120797	2
1	20412679	20412680	8	15	2	2	0	1	NA	NA	NA	unphased	1.78677784395474	0.893388921977368	2
1	43161905	43161906	18	38	2	2	0	1	NA	NA	NA	unphased	1.85909980430528	0.929549902152642	2
1	45232772	45232773	7	37	2	2	0	1	NA	NA	NA	unphased	2.30386052303861	1.1519302615193	2
1	45981400	45981401	32	17	2	2	0	1	NA	NA	NA	unphased	0.950517193178641	0.950517193178641	1
1	92200509	92200510	19	49	2	2	0	1	NA	NA	NA	unphased	1.97421434327156	0.987107171635778	2
1	101339554	101339555	14	34	2	2	0	1	NA	NA	NA	unphased	1.94063926940639	0.970319634703196	2
1	117663388	117663389	9	21	2	2	0	1	NA	NA	NA	unphased	1.91780821917808	0.958904109589041	2
1	119584927	119584928	21	36	2	2	0	1	NA	NA	NA	unphased	1.73035328046143	0.865176640230714	2
1	153658606	153658607	11	6	3	2	1	1	NA	NA	NA	unphased	1.31990330378727	1.31990330378727	1
1	155006208	155006209	35	9	3	2	1	1	NA	NA	NA	unphased	0.76494396014944	0.76494396014944	1
1	155290667	155290668	5	6	3	2	1	1	NA	NA	NA	unphased	2.03985056039851	1.01992528019925	2
1	158735719	158735720	45	58	3	2	1	1	NA	NA	NA	unphased	2.10586514164118	1.05293257082059	2
1	181701979	181701980	40	37	1.6	4	2	0.12	1	0	0.88	unphased	1.12428393524284	1.12428393524284	1
1	181765940	181765941	18	3	1.6	4	2	0.12	1	0	0.88	unphased	0.334246575342466	0.334246575342466	1
1	182026212	182026213	11	14	1.6	4	2	0.12	1	0	0.88	unphased	1.31024657534247	1.31024657534247	1
1	202107153	202107154	45	4	1.6	4	2	0.12	1	0	0.88	unphased	0.190998043052838	1.59165035877365	0.12
1	229667454	229667455	76	8	4	2	2	1	NA	NA	NA	unphased	0.451402478799739	0.451402478799739	1
1	230401026	230401027	104	76	4	2	2	1	NA	NA	NA	unphased	2.00121765601218	1.00060882800609	2
1	230810749	230810750	58	49	4	2	2	1	NA	NA	NA	unphased	2.17052874151837	1.08526437075919	2
1	240255882	240255883	10	6	3	2	1	1	NA	NA	NA	unphased	1.40239726027397	1.40239726027397	1
1	248343730	248343731	240	10	NA	NA	NA	NA	NA	NA	NA	unphased	NA	NA	1
10	1405756	1405757	2	13	2	2	0	1	NA	NA	NA	unphased	2.37442922374429	1.18721461187215	2
10	6157553	6157554	5	26	2	2	0	1	NA	NA	NA	unphased	2.29783473265577	1.14891736632788	2
10	11504811	11504812	7	8	2	2	0	1	NA	NA	NA	unphased	1.46118721461187	1.46118721461187	1
10	27040690	27040691	5	4	2	2	0	1	NA	NA	NA	unphased	1.21765601217656	1.21765601217656	1
10	38403712	38403713	39	39	1.21	2	2	0.07	0	1	0.93	unphased	0.97486301369863	0.97486301369863	1
10	43088333	43088334	87	22	1.21	2	2	0.07	0	1	0.93	unphased	0.393522684428805	0.393522684428805	1
10	61011213	61011214	17	12	4	2	2	1	NA	NA	NA	unphased	1.96126594237128	0.98063297118564	2
10	98823307	98823308	1	11	2	2	0	1	NA	NA	NA	unphased	2.51141552511416	1.25570776255708	2
10	108448053	108448054	5	23	2	2	0	1	NA	NA	NA	unphased	2.25048923679061	1.1252446183953	2
11	904720	904721	7	27	2	2	0	1	NA	NA	NA	unphased	2.17566478646253	1.08783239323127	2
11	10546917	10546918	20	4	2	2	0	1	NA	NA	NA	unphased	0.45662100456621	0.45662100456621	1
11	45891637	45891638	51	3	2	2	0	1	NA	NA	NA	unphased	0.15220700152207	0.15220700152207	1
11	55418396	55418397	65	14	3	2	1	1	NA	NA	NA	unphased	0.662736258019768	0.662736258019768	1
11	55761489	55761490	18	14	3	2	1	1	NA	NA	NA	unphased	1.6361301369863	0.818065068493151	2
11	62294835	62294836	110	43	3	2	1	1	NA	NA	NA	unphased	1.05103411227505	1.05103411227505	1
11	62623776	62623777	54	13	3	2	1	1	NA	NA	NA	unphased	0.725618482927827	0.725618482927827	1
11	63233628	63233629	26	29	3	2	1	1	NA	NA	NA	unphased	1.97185554171856	0.985927770859278	2
11	65167256	65167257	32	14	3	2	1	1	NA	NA	NA	unphased	1.13817748659917	1.13817748659917	1
11	66130870	66130871	5	4	3	2	1	1	NA	NA	NA	unphased	1.662100456621	1.662100456621	1
12	302492	302493	53	97	NA	NA	NA	NA	NA	NA	NA	unphased	NA	NA	1
12	344276	344277	105	11	NA	NA	NA	NA	NA	NA	NA	unphased	NA	NA	1
12	8374447	8374448	125	6	6.88	7	3	0.61	1	1	0.39	unphased	0.348995085224302	0.572123090531643	0.61
12	8994044	8994045	65	102	6.88	7	3	0.61	1	1	0.39	unphased	4.65396439996719	0.998704806859912	4.66
12	10569291	10569292	87	30	6.88	7	3	0.61	1	1	0.39	unphased	1.95377590446084	0.88007923624362	2.22
12	11992156	11992157	47	59	6.88	7	3	0.61	1	1	0.39	unphased	4.24116826053244	1.00501617548162	4.22
12	14927809	14927810	55	34	6.88	7	3	0.61	1	1	0.39	unphased	2.91090657226412	1.02858889479298	2.83
12	20807116	20807117	77	4	11	7	4	1	0	1	0	unphased	0.579739556908507	0.579739556908507	1
12	40728878	40728879	107	12	3.4	5	1	0.48	1	0	0.52	unphased	0.417451364107287	0.869690341890181	0.48
12	42858568	42858569	61	14	3.4	5	1	0.48	1	0	0.52	unphased	0.772748858447489	0.772748858447489	1
12	49434375	49434376	6	19	3.4	5	1	0.48	1	0	0.52	unphased	3.14619178082192	1.06290262865605	2.96
12	57600358	57600359	47	7	3.4	5	1	0.48	1	0	0.52	unphased	0.536631151699645	1.11798156604093	0.48
12	72179528	72179529	31	8	6.55	7	2	0.65	1	1	0.35	unphased	1.49532841587636	1.49532841587636	1
12	85695040	85695041	36	32	1.04	2	1	0.02	0	1	0.98	unphased	0.837518130539887	0.837518130539887	1
12	104156177	104156178	28	11	1.04	2	1	0.02	0	1	0.98	unphased	0.501974007727432	0.501974007727432	1
12	106461044	106461045	19	34	1.04	2	1	0.02	0	1	0.98	unphased	1.14171103644353	1.14171103644353	1
12	109949052	109949053	24	11	1.04	2	1	0.02	0	1	0.98	unphased	0.559342465753425	0.559342465753425	1
12	123741365	123741366	28	25	3.56	4	1	0.64	1	0	0.36	unphased	2.02817265443267	0.88954940983889	2.28
12	126128683	126128684	46	24	3.56	4	1	0.64	1	0	0.36	unphased	1.47419178082192	0.898897427330438	1.64
13	25466856	25466857	52	28	2	1	1	1	NA	NA	NA	unphased	0.958904109589041	0.958904109589041	1
13	25466875	25466876	51	33	2	1	1	1	NA	NA	NA	unphased	1.07632093933464	1.07632093933464	1
13	41704623	41704624	15	7	2	1	1	1	NA	NA	NA	unphased	0.87173100871731	0.87173100871731	1
13	52854816	52854817	22	4	2	1	1	1	NA	NA	NA	unphased	0.421496311907271	0.421496311907271	1
13	53422511	53422512	29	17	2	1	1	1	NA	NA	NA	unphased	1.01250744490768	1.01250744490768	1
13	61084795	61084796	17	13	2	1	1	1	NA	NA	NA	unphased	1.18721461187215	1.18721461187215	1
14	56096778	56096779	40	24	2	2	0	1	NA	NA	NA	unphased	1.02739726027397	1.02739726027397	1
15	31862289	31862290	9	17	2	2	0	1	NA	NA	NA	unphased	1.7913593256059	0.895679662802951	2
15	59224581	59224582	79	53	2.42	2	2	0.21	1	1	0.79	unphased	1.26867787463678	1.04849411127007	1.21
15	62261509	62261510	18	18	2.42	2	2	0.21	1	1	0.79	unphased	1.57986301369863	1.30567191214763	1.21
15	74751085	74751086	92	44	2.42	2	2	0.21	1	1	0.79	unphased	1.02226430298147	1.02226430298147	1
16	312510	312511	33	11	NA	NA	NA	NA	NA	NA	NA	unphased	NA	NA	1
16	2282358	2282359	8	2	2.44	2	2	0.22	1	1	0.78	unphased	0.635945205479452	0.635945205479452	1
16	2577776	2577777	5	3	2.44	2	2	0.22	1	1	0.78	unphased	1.19239726027397	1.19239726027397	1
16	2577777	2577778	5	4	2.44	2	2	0.22	1	1	0.78	unphased	1.41321156773212	1.41321156773212	1
16	5143500	5143501	25	4	2.44	2	2	0.22	1	1	0.78	unphased	0.438582900330657	0.438582900330657	1
16	5143508	5143509	22	5	2.44	2	2	0.22	1	1	0.78	unphased	0.588838153221715	0.588838153221715	1
16	15198515	15198516	34	21	2.42	2	2	0.21	1	1	0.79	unphased	1.20644084682441	1.20644084682441	1
16	18549902	18549903	63	36	2.42	2	2	0.21	1	1	0.79	unphased	1.14899128268991	1.14899128268991	1
16	18549903	18549904	63	35	2.42	2	2	0.21	1	1	0.79	unphased	1.12847358121331	1.12847358121331	1
16	20807806	20807807	43	21	2.42	2	2	0.21	1	1	0.79	unphased	1.03678510273973	1.03678510273973	1
16	30777491	30777492	47	27	2.42	2	2	0.21	1	1	0.79	unphased	1.1528730099963	1.1528730099963	1
16	56377671	56377672	8	4	2.11	2	1	0.11	1	1	0.89	unphased	0.949908675799087	0.949908675799087	1
16	56548502	56548503	42	15	2.11	2	1	0.11	1	1	0.89	unphased	0.749927901946647	0.749927901946647	1
16	81078460	81078461	31	16	2.11	2	1	0.11	1	1	0.89	unphased	0.970119498688429	0.970119498688429	1
16	85699824	85699825	12	6	2.11	2	1	0.11	1	1	0.89	unphased	0.949908675799087	0.949908675799087	1
16	89348929	89348930	45	7	2.11	2	1	0.11	1	1	0.89	unphased	0.383616965226554	0.383616965226554	1
16	89813022	89813023	21	21	NA	NA	NA	NA	NA	NA	NA	unphased	NA	NA	1
17	526853	526854	60	6	NA	NA	NA	NA	NA	NA	NA	unphased	NA	NA	1
17	904460	904461	6	16	NA	NA	NA	NA	NA	NA	NA	unphased	NA	NA	1
17	1582618	1582619	43	33	4	4	0	1	NA	NA	NA	unphased	2.05803893294881	1.02901946647441	2
17	7578460	7578461	8	23	2	2	0	1	NA	NA	NA	unphased	2.03269995581087	1.01634997790544	2
17	10357998	10357999	84	7	2	2	0	1	NA	NA	NA	unphased	0.210748155953635	0.210748155953635	1
17	26861726	26861727	12	3	4	2	2	1	NA	NA	NA	unphased	0.947945205479452	0.947945205479452	1
17	33749255	33749256	87	25	4	2	2	1	NA	NA	NA	unphased	1.05797455968689	1.05797455968689	1
17	37187670	37187671	60	45	4	2	2	1	NA	NA	NA	unphased	2.03131115459883	1.01565557729941	2
17	37627430	37627431	56	23	4	2	2	1	NA	NA	NA	unphased	1.37992023582452	1.37992023582452	1
17	37627495	37627496	79	29	4	2	2	1	NA	NA	NA	unphased	1.27270421106038	1.27270421106038	1
17	37884325	37884326	13	11	4	2	2	1	NA	NA	NA	unphased	2.17237442922374	1.08618721461187	2
17	48456521	48456522	30	21	4	2	2	1	NA	NA	NA	unphased	1.95165189363417	0.975825946817083	2
17	48674005	48674006	16	11	4	2	2	1	NA	NA	NA	unphased	1.93099949264333	0.965499746321664	2
17	59668328	59668329	135	80	4	2	2	1	NA	NA	NA	unphased	1.76361898693852	0.881809493469258	2
17	61781439	61781440	11	9	4	2	2	1	NA	NA	NA	unphased	2.13287671232877	1.06643835616438	2
17	64876809	64876810	94	46	4	2	2	1	NA	NA	NA	unphased	1.5573385518591	0.77866927592955	2
17	67160273	67160274	35	4	4	2	2	1	NA	NA	NA	unphased	0.486125746399719	0.486125746399719	1
17	73934311	73934312	8	7	4	2	2	1	NA	NA	NA	unphased	2.21187214611872	1.10593607305936	2
18	3116505	3116506	17	6	4	4	0	1	NA	NA	NA	unphased	1.23645026801668	1.23645026801668	1
18	23759081	23759082	12	64	4	4	0	1	NA	NA	NA	unphased	3.99134823359769	0.997837058399423	4
18	28914039	28914040	98	11	4	4	0	1	NA	NA	NA	unphased	0.478320975241925	0.478320975241925	1
18	67684884	67684885	12	48	4	4	0	1	NA	NA	NA	unphased	3.79178082191781	0.947945205479452	4
18	76936876	76936877	8	45	4	4	0	1	NA	NA	NA	unphased	4.02429568363918	1.0060739209098	4
18	77170998	77170999	22	6	NA	NA	NA	NA	NA	NA	NA	unphased	NA	NA	1
19	1271174	1271175	26	15	2.22	2	2	0.11	1	1	0.89	unphased	1.08282659538924	1.08282659538924	1
19	2917969	2917970	65	35	2.22	2	2	0.11	1	1	0.89	unphased	1.03590410958904	1.03590410958904	1
19	4499547	4499548	7	7	2.22	2	2	0.11	1	1	0.89	unphased	1.47986301369863	1.47986301369863	1
19	9067240	9067241	93	75	2.22	2	2	0.11	1	1	0.89	unphased	1.32130626223092	1.19036600200984	1.11
19	11238704	11238705	46	36	2.22	2	2	0.11	1	1	0.89	unphased	1.29939191446709	1.17062334636675	1.11
19	15852339	15852340	157	106	2.22	2	2	0.11	1	1	0.89	unphased	1.19289337986353	1.07467872059778	1.11
19	18965426	18965427	158	108	2.22	2	2	0.11	1	1	0.89	unphased	1.20169327428159	1.08260655340684	1.11
19	33200257	33200258	100	30	2.22	2	2	0.11	1	1	0.89	unphased	0.683013698630137	0.683013698630137	1
19	34263811	34263812	16	25	2.22	2	2	0.11	1	1	0.89	unphased	1.8047109923154	1.62586575884271	1.11
19	51013559	51013560	30	28	2.22	2	2	0.11	1	1	0.89	unphased	1.42883325460557	1.28723716631133	1.11
19	52034596	52034597	49	25	2.22	2	2	0.11	1	1	0.89	unphased	0.999907441688264	0.999907441688264	1
19	52448966	52448967	20	13	2.22	2	2	0.11	1	1	0.89	unphased	1.16595267745953	1.16595267745953	1
19	54377414	54377415	93	26	2.22	2	2	0.11	1	1	0.89	unphased	0.646662829515368	0.646662829515368	1
19	57988762	57988763	20	13	2.22	2	2	0.11	1	1	0.89	unphased	1.16595267745953	1.16595267745953	1
19	58489706	58489707	71	54	2.22	2	2	0.11	1	1	0.89	unphased	1.27860164383562	1.15189337282488	1.11
2	1926281	1926282	34	19	4	2	2	1	NA	NA	NA	unphased	1.69914706642543	0.849573533212716	2
2	20511296	20511297	51	30	4	2	2	1	NA	NA	NA	unphased	1.75545408422121	0.877727042110604	2
2	27456573	27456574	32	25	4	2	2	1	NA	NA	NA	unphased	2.0788272049988	1.0394136024994	2
2	29295659	29295660	77	55	4	2	2	1	NA	NA	NA	unphased	1.97488584474886	0.987442922374429	2
2	32475939	32475940	25	21	4	2	2	1	NA	NA	NA	unphased	2.16378796902918	1.08189398451459	2
2	109086934	109086935	60	23	4	2	2	1	NA	NA	NA	unphased	1.31341805578478	1.31341805578478	1
2	113504022	113504023	113	94	4	2	2	1	NA	NA	NA	unphased	2.15233935543644	1.07616967771822	2
2	162865768	162865769	4	38	3	3	0	1	NA	NA	NA	unphased	3.38356164383562	1.12785388127854	3
2	178098943	178098944	5	26	3	3	0	1	NA	NA	NA	unphased	3.13654441007512	1.04551480335837	3
2	178417116	178417117	29	108	3	3	0	1	NA	NA	NA	unphased	2.94810518948105	0.982701729827017	3
2	179395595	179395596	67	7	3	3	0	1	NA	NA	NA	unphased	0.353757867456498	0.353757867456498	1
2	179605170	179605171	7	19	3	3	0	1	NA	NA	NA	unphased	2.73287671232877	0.910958904109589	3
2	186678692	186678693	55	10	3	3	0	1	NA	NA	NA	unphased	0.575342465753425	0.575342465753425	1
20	1961090	1961091	55	70	4	3	1	1	NA	NA	NA	unphased	2.65424657534247	0.884748858447489	3
20	50342414	50342415	19	8	2	1	1	1	NA	NA	NA	unphased	0.811770674784373	0.811770674784373	1
20	56140108	56140109	36	18	2	1	1	1	NA	NA	NA	unphased	0.91324200913242	0.91324200913242	1
20	60963409	60963410	9	7	2	1	1	1	NA	NA	NA	unphased	1.1986301369863	1.1986301369863	1
20	60969314	60969315	15	7	2	1	1	1	NA	NA	NA	unphased	0.87173100871731	0.87173100871731	1
21	37445227	37445228	4	6	3	3	0	1	NA	NA	NA	unphased	2.24383561643836	1.12191780821918	2
21	41648043	41648044	12	62	3	3	0	1	NA	NA	NA	unphased	3.13328396890041	1.04442798963347	3
22	23223437	23223438	39	17	5.08	4	2	0.77	1	1	0.23	unphased	1.76670254403131	0.998137030526165	1.77
22	26083534	26083535	62	29	5.08	4	2	0.77	1	1	0.23	unphased	1.85463796477495	1.04781805919489	1.77
22	26100153	26100154	47	15	5.08	4	2	0.77	1	1	0.23	unphased	1.40799823243482	1.40799823243482	1
22	26902879	26902880	62	18	5.08	4	2	0.77	1	1	0.23	unphased	1.30943835616438	1.30943835616438	1
22	37628864	37628865	41	7	5.08	4	2	0.77	1	1	0.23	unphased	0.848710045662101	0.848710045662101	1
22	44028020	44028021	131	55	5.08	4	2	0.77	1	1	0.23	unphased	1.72088672853145	0.972252389000818	1.77
22	51160627	51160628	12	7	NA	NA	NA	NA	NA	NA	NA	unphased	NA	NA	1
3	9101962	9101963	15	35	2	2	0	1	NA	NA	NA	unphased	1.91780821917808	0.958904109589041	2
3	48627134	48627135	5	26	2	2	0	1	NA	NA	NA	unphased	2.29783473265577	1.14891736632788	2
3	136019915	136019916	60	16	2	4	2	0.2	1	0	0.8	unphased	0.576784426820476	0.576784426820476	1
3	157839906	157839907	20	21	2	4	2	0.2	1	0	0.8	unphased	1.40327430671567	1.00233879051119	1.4
3	170824506	170824507	50	55	2	4	2	0.2	1	0	0.8	unphased	1.43509458577952	1.02506756127108	1.4
3	176769460	176769461	25	27	3.36	4	2	0.34	1	1	0.66	unphased	2.12870389884089	1.05381381130737	2.02
3	179537756	179537757	317	85	9	7	2	1	NA	NA	NA	unphased	2.05939480678798	1.02969740339399	2
4	46043255	46043256	18	20	1.06	2	1	0.03	0	1	0.97	unphased	0.947224224945927	0.947224224945927	1
4	52890290	52890291	24	18	1.06	2	2	0.02	0	1	0.98	unphased	0.771311154598826	0.771311154598826	1
4	55974033	55974034	44	24	1.06	2	2	0.02	0	1	0.98	unphased	0.635197421434327	0.635197421434327	1
4	57335838	57335839	93	9	1.06	2	2	0.02	0	1	0.98	unphased	0.158799355358582	0.158799355358582	1
4	72620738	72620739	35	26	1.06	2	2	0.02	0	1	0.98	unphased	0.767096339546373	0.767096339546373	1
4	80328220	80328221	69	26	1.06	2	2	0.02	0	1	0.98	unphased	0.492556596971882	0.492556596971882	1
4	126355450	126355451	62	29	1.06	2	2	0.02	0	1	0.98	unphased	0.57353906367605	0.57353906367605	1
4	151765297	151765298	61	50	1.06	2	2	0.02	0	1	0.98	unphased	0.810687399728496	0.810687399728496	1
4	177650745	177650746	46	16	1.06	2	2	0.02	0	1	0.98	unphased	0.464445426425099	0.464445426425099	1
5	10748326	10748327	67	27	5.6	4	2	0.92	0	1	0.08	unphased	1.820985135529	0.989665834526631	1.84
5	38950054	38950055	169	17	4.36	6	2	0.48	1	0	0.52	unphased	0.466103991751362	0.971049982815338	0.48
5	139938090	139938091	18	42	2	2	0	1	NA	NA	NA	unphased	1.91780821917808	0.958904109589041	2
5	140580259	140580260	19	34	2	2	0	1	NA	NA	NA	unphased	1.7575600930473	0.878780046523649	2
5	175933901	175933902	49	3	2	2	0	1	NA	NA	NA	unphased	0.158061116965227	0.158061116965227	1
5	179249984	179249985	2	14	2	2	0	1	NA	NA	NA	unphased	2.3972602739726	1.1986301369863	2
6	3225088	3225089	21	27	2	2	0	1	NA	NA	NA	unphased	1.54109589041096	0.770547945205479	2
6	26217183	26217184	3	14	2	2	0	1	NA	NA	NA	unphased	2.25624496373892	1.12812248186946	2
6	26638315	26638316	5	29	2	2	0	1	NA	NA	NA	unphased	2.33682514101531	1.16841257050766	2
6	56341131	56341132	6	5	NA	NA	NA	NA	NA	NA	NA	unphased	NA	NA	1
6	75892985	75892986	106	73	4	2	2	1	NA	NA	NA	unphased	1.93296089385475	0.966480446927374	2
6	94120287	94120288	40	24	4	2	2	1	NA	NA	NA	unphased	1.77739726027397	0.888698630136986	2
6	129714245	129714246	28	24	2.2	2	2	0.1	1	1	0.9	unphased	1.3567966280295	1.23345148002682	1.1
6	136589358	136589359	113	35	2.2	2	2	0.1	1	1	0.9	unphased	0.695205479452055	0.695205479452055	1
6	151670165	151670166	38	35	2.36	2	2	0.18	1	1	0.82	unphased	1.48617001313567	1.25946611282684	1.18
6	167592021	167592022	77	16	2.54	2	2	0.27	1	1	0.73	unphased	0.564253940197378	0.564253940197378	1
7	39745994	39745995	12	13	2.22	2	2	0.11	1	1	0.89	unphased	1.53905753424658	1.38653831914106	1.11
7	40134110	40134111	91	47	2.22	2	2	0.11	1	1	0.89	unphased	1.00802263251936	1.00802263251936	1
7	87329806	87329807	54	18	2.8	2	2	0.4	1	1	0.6	unphased	0.884931506849315	0.884931506849315	1
7	100348835	100348836	21	11	2.8	2	2	0.4	1	1	0.6	unphased	1.21678082191781	1.21678082191781	1
7	107204282	107204283	28	18	2.8	2	2	0.4	1	1	0.6	unphased	1.38511018463371	1.38511018463371	1
7	122635237	122635238	55	17	2.66	2	2	0.33	1	1	0.67	unphased	0.802713089802131	0.802713089802131	1
7	129856089	129856090	34	27	2.66	2	2	0.33	1	1	0.67	unphased	1.50479676622502	1.13142614001881	1.33
7	138265403	138265404	68	47	2.66	2	2	0.33	1	1	0.67	unphased	1.38945324597975	1.04470168870658	1.33
7	140301989	140301990	68	72	2.66	2	2	0.33	1	1	0.67	unphased	1.74843052837573	1.31460941983138	1.33
7	143175245	143175246	42	28	2.66	2	2	0.33	1	1	0.67	unphased	1.3598904109589	1.02247399320218	1.33
8	41834780	41834781	45	37	4	2	2	1	NA	NA	NA	unphased	2.13865686602072	1.06932843301036	2
8	48711772	48711773	31	19	4	2	2	1	NA	NA	NA	unphased	1.80109589041096	0.900547945205479	2
8	52233369	52233370	52	44	4	2	2	1	NA	NA	NA	unphased	2.17237442922374	1.08618721461187	2
8	55538284	55538285	72	6	4	2	2	1	NA	NA	NA	unphased	0.364594309799789	0.364594309799789	1
8	61655053	61655054	52	19	4	2	2	1	NA	NA	NA	unphased	1.26837738761335	1.26837738761335	1
8	77745600	77745601	7	14	4	2	2	1	NA	NA	NA	unphased	3.15981735159817	1.57990867579909	2
8	141716271	141716272	31	28	4	2	2	1	NA	NA	NA	unphased	2.24936150452751	1.12468075226376	2
8	143623492	143623493	18	10	4	2	2	1	NA	NA	NA	unphased	1.69275929549902	0.846379647749511	2
8	145009236	145009237	58	36	4	2	2	1	NA	NA	NA	unphased	1.81521422325853	0.907607111629263	2
9	21971035	21971036	2	21	3	3	0	1	NA	NA	NA	unphased	3.4145324597975	1.13817748659917	3
9	97207433	97207434	18	10	2.26	2	2	0.13	1	1	0.87	unphased	1.07133072407045	1.07133072407045	1
9	107379798	107379799	41	30	2.26	2	2	0.13	1	1	0.87	unphased	1.26748987073124	1.26748987073124	1
9	109688262	109688263	98	63	2.26	2	2	0.13	1	1	0.87	unphased	1.17380583680762	1.17380583680762	1
9	117400910	117400911	31	24	2.26	2	2	0.13	1	1	0.87	unphased	1.30897135740971	1.30897135740971	1
9	117827084	117827085	73	18	2.26	2	2	0.13	1	1	0.87	unphased	0.593352401023634	0.593352401023634	1
9	127995968	127995969	128	78	2.26	2	2	0.13	1	1	0.87	unphased	1.13581859289799	1.13581859289799	1
9	133927931	133927932	68	6	2.26	2	2	0.13	1	1	0.87	unphased	0.243221029248427	0.243221029248427	1
9	139311435	139311436	12	10	2.26	2	2	0.13	1	1	0.87	unphased	1.36351183063512	1.36351183063512	1
9	139946696	139946697	34	39	2.26	2	2	0.13	1	1	0.87	unphased	1.60259335710265	1.41822420982535	1.13
9	140437923	140437924	45	36	2.26	2	2	0.13	1	1	0.87	unphased	1.33321156773212	1.17983324578063	1.13
9	140611569	140611570	43	14	2.26	2	2	0.13	1	1	0.87	unphased	0.736774813746695	0.736774813746695	1
X	21670576	21670577	8	38	NA	NA	NA	NA	NA	NA	NA	unphased	NA	NA	1
X	83723532	83723533	3	34	NA	NA	NA	NA	NA	NA	NA	unphased	NA	NA	1
X	91132572	91132573	9	88	NA	NA	NA	NA	NA	NA	NA	unphased	NA	NA	1
X	150911981	150911982	8	106	NA	NA	NA	NA	NA	NA	NA	unphased	NA	NA	1
