chr	start	end	WT.count	mut.count	subclonal.CN	nMaj1	nMin1	frac1	nMaj2	nMin2	frac2	phase	mutation.copy.number	subclonal.fraction	no.chrs.bearing.mut
1	11297991	11297992	70	8	2	1	1	0.08	1	1	0.92	unphased	0.280997541271514	0.280997541271514	1
1	15819509	15819510	126	60	2	1	1	0.08	1	1	0.92	unphased	0.883782589482987	0.883782589482987	1
1	26139274	26139275	15	12	2	1	1	0.08	1	1	0.92	unphased	1.21765601217656	1.21765601217656	1
1	32568033	32568034	105	6	2	1	1	0.08	1	1	0.92	unphased	0.14809329877823	0.14809329877823	1
1	33149484	33149485	92	5	2	1	1	0.08	1	1	0.92	unphased	0.141222991102952	0.141222991102952	1
1	46649907	46649908	148	13	2	1	1	0.08	1	1	0.92	unphased	0.221220114013443	0.221220114013443	1
1	46827466	46827467	66	18	2	1	1	0.08	1	1	0.92	unphased	0.587084148727984	0.587084148727984	1
1	145473379	145473380	36	37	NA	NA	NA	NA	NA	NA	NA	unphased	NA	NA	1
1	154987711	154987712	71	15	3	2	1	1	NA	NA	NA	unphased	0.652277795476266	0.652277795476266	1
1	157765948	157765949	72	31	3	2	1	1	NA	NA	NA	unphased	1.12554861018752	1.12554861018752	1
1	158517080	158517081	119	126	3	2	1	1	NA	NA	NA	unphased	1.92328767123288	0.961643835616438	2
1	161736216	161736217	98	10	3	2	1	1	NA	NA	NA	unphased	0.346270928462709	0.346270928462709	1
1	182847132	182847133	47	13	3	2	1	1	NA	NA	NA	unphased	0.81027397260274	0.81027397260274	1
1	215259969	215259970	237	14	3	2	1	1	NA	NA	NA	unphased	0.208590296348851	0.208590296348851	1
1	215848323	215848324	80	86	3	2	1	1	NA	NA	NA	unphased	1.93744842383232	0.968724211916158	2
1	215914739	215914740	165	30	3	2	1	1	NA	NA	NA	unphased	0.575342465753425	0.575342465753425	1
1	220386242	220386243	39	50	3	2	1	1	NA	NA	NA	unphased	2.10096967831307	1.05048483915653	2
1	230486820	230486821	68	8	3	2	1	1	NA	NA	NA	unphased	0.393655371304975	0.393655371304975	1
1	237049655	237049656	80	18	3	2	1	1	NA	NA	NA	unphased	0.686888454011742	0.686888454011742	1
1	248487239	248487240	277	246	NA	NA	NA	NA	NA	NA	NA	unphased	NA	NA	1
10	35500200	35500201	56	19	2	1	1	1	NA	NA	NA	unphased	0.694063926940639	0.694063926940639	1
10	55755363	55755364	48	11	2	1	1	1	NA	NA	NA	unphased	0.51079637798932	0.51079637798932	1
10	75010726	75010727	100	51	2	1	1	1	NA	NA	NA	unphased	0.925337929783181	0.925337929783181	1
10	96818249	96818250	30	19	2	1	1	1	NA	NA	NA	unphased	1.0623427453173	1.0623427453173	1
10	102799247	102799248	217	10	2	1	1	1	NA	NA	NA	unphased	0.120692776537324	0.120692776537324	1
10	119798614	119798615	83	43	2	1	1	0.06	1	1	0.94	unphased	0.934985866492716	0.934985866492716	1
11	1275484	1275485	25	23	2	1	1	1	NA	NA	NA	unphased	1.31278538812785	1.31278538812785	1
11	3380815	3380816	87	64	2	1	1	1	NA	NA	NA	unphased	1.16120838247301	1.16120838247301	1
11	6191553	6191554	39	19	2	1	1	1	NA	NA	NA	unphased	0.897496457250827	0.897496457250827	1
11	6953445	6953446	57	3	2	1	1	1	NA	NA	NA	unphased	0.136986301369863	0.136986301369863	1
11	45928089	45928090	101	18	2	1	1	1	NA	NA	NA	unphased	0.414412340278577	0.414412340278577	1
11	55798481	55798482	312	156	2	1	1	1	NA	NA	NA	unphased	0.91324200913242	0.91324200913242	1
11	55873051	55873052	246	36	2	1	1	1	NA	NA	NA	unphased	0.349752258816671	0.349752258816671	1
11	59282630	59282631	175	7	2	1	1	1	NA	NA	NA	unphased	0.105374077976818	0.105374077976818	1
11	62656062	62656063	105	22	2	1	1	1	NA	NA	NA	unphased	0.474598209470392	0.474598209470392	1
11	76637693	76637694	62	11	2	1	1	1	NA	NA	NA	unphased	0.412835428785889	0.412835428785889	1
11	102272715	102272716	246	13	2	1	1	1	NA	NA	NA	unphased	0.137515206008357	0.137515206008357	1
11	118948941	118948942	221	10	2	1	1	1	NA	NA	NA	unphased	0.118602858328886	0.118602858328886	1
11	121420742	121420743	103	6	2	1	1	1	NA	NA	NA	unphased	0.150810607012693	0.150810607012693	1
11	128781479	128781480	97	10	2	1	1	1	NA	NA	NA	unphased	0.256049161438996	0.256049161438996	1
12	4870201	4870202	56	40	2	1	1	1	NA	NA	NA	unphased	1.14155251141553	1.14155251141553	1
12	11183030	11183031	203	6	2	1	1	1	NA	NA	NA	unphased	0.0786524218391558	0.0786524218391558	1
12	48483037	48483038	43	34	2	1	1	1	NA	NA	NA	unphased	1.20974915495463	1.20974915495463	1
12	57009065	57009066	40	21	2	1	1	1	NA	NA	NA	unphased	0.943184370087581	0.943184370087581	1
12	57850040	57850041	204	132	2	1	1	1	NA	NA	NA	unphased	1.07632093933464	1.07632093933464	1
12	69993721	69993722	77	4	2	1	1	1	NA	NA	NA	unphased	0.135295112464062	0.135295112464062	1
12	100649948	100649949	74	4	2	1	1	1	NA	NA	NA	unphased	0.140498770635757	0.140498770635757	1
13	50123708	50123709	48	10	2	1	1	1	NA	NA	NA	unphased	0.472366556447804	0.472366556447804	1
13	77589621	77589622	111	19	2	1	1	1	NA	NA	NA	unphased	0.400421496311907	0.400421496311907	1
14	22265617	22265618	12	12	1	1	0	1	NA	NA	NA	unphased	0.86986301369863	0.86986301369863	1
14	72152195	72152196	53	72	2.78	2	1	0.89	1	0	0.11	unphased	2.02736219178082	1.07267840834964	1.89
14	73437566	73437567	57	3	2.78	2	1	0.89	1	0	0.11	unphased	0.175986301369863	0.175986301369863	1
14	105413012	105413013	332	14	2.78	2	1	0.89	1	0	0.11	unphased	0.142416660068097	0.142416660068097	1
14	105413042	105413043	381	15	2.78	2	1	0.89	1	0	0.11	unphased	0.13332295558323	0.13332295558323	1
15	26793028	26793029	84	42	2	1	1	1	NA	NA	NA	unphased	0.91324200913242	0.91324200913242	1
15	40505532	40505533	57	24	2	1	1	1	NA	NA	NA	unphased	0.811770674784373	0.811770674784373	1
15	41624439	41624440	47	8	2	1	1	1	NA	NA	NA	unphased	0.398505603985056	0.398505603985056	1
15	42139577	42139578	119	42	2	1	1	1	NA	NA	NA	unphased	0.714711137581894	0.714711137581894	1
15	43620677	43620678	116	13	2	1	1	1	NA	NA	NA	unphased	0.276096421365615	0.276096421365615	1
15	43622435	43622436	47	3	2	1	1	1	NA	NA	NA	unphased	0.164383561643836	0.164383561643836	1
15	72020962	72020963	158	8	2	1	1	1	NA	NA	NA	unphased	0.132034989272157	0.132034989272157	1
15	75654688	75654689	39	7	2	1	1	1	NA	NA	NA	unphased	0.416914830256105	0.416914830256105	1
15	81592195	81592196	51	5	2	1	1	1	NA	NA	NA	unphased	0.244618395303327	0.244618395303327	1
16	5075344	5075345	53	7	2	1	1	1	NA	NA	NA	unphased	0.319634703196347	0.319634703196347	1
16	24581789	24581790	32	22	2	1	1	1	NA	NA	NA	unphased	1.11618467782851	1.11618467782851	1
16	85942709	85942710	44	24	2	1	1	0.09	1	1	0.91	unphased	0.96696212731668	0.96696212731668	1
16	90038108	90038109	12	3	NA	NA	NA	NA	NA	NA	NA	unphased	NA	NA	1
17	6493841	6493842	65	26	2	1	1	0.07	1	1	0.93	unphased	0.782778864970646	0.782778864970646	1
17	10399409	10399410	64	23	2	1	1	0.07	1	1	0.93	unphased	0.724295386553299	0.778812243605698	0.93
17	12655755	12655756	70	12	2	1	1	0.07	1	1	0.93	unphased	0.400935516204477	0.400935516204477	1
17	16220082	16220083	35	14	2	1	1	0.07	1	1	0.93	unphased	0.782778864970646	0.782778864970646	1
17	26696371	26696372	111	7	2	1	1	0.07	1	1	0.93	unphased	0.162526120269329	0.162526120269329	1
17	26851621	26851622	56	11	2	1	1	0.07	1	1	0.93	unphased	0.449805765692088	0.449805765692088	1
17	29758830	29758831	50	17	2	1	1	0.07	1	1	0.93	unphased	0.695154365160499	0.747477812000537	0.93
17	42225307	42225308	101	4	2	1	1	0.07	1	1	0.93	unphased	0.104370515329419	0.104370515329419	1
17	54450166	54450167	116	19	2	1	1	0.07	1	1	0.93	unphased	0.385591070522577	0.385591070522577	1
17	61574335	61574336	6	8	2	1	1	0.07	1	1	0.93	unphased	1.56555772994129	1.56555772994129	1
17	62568060	62568061	44	18	2	1	1	0.07	1	1	0.93	unphased	0.795404330534689	0.795404330534689	1
17	65083054	65083055	141	9	2	1	1	0.07	1	1	0.93	unphased	0.164383561643836	0.164383561643836	1
17	80014186	80014187	173	34	2	1	1	0.07	1	1	0.93	unphased	0.450003308847859	0.450003308847859	1
17	80542036	80542037	17	3	2	1	1	0.07	1	1	0.93	unphased	0.410958904109589	0.441891294741494	0.93
18	3729133	3729134	17	15	2	1	1	1	NA	NA	NA	unphased	1.28424657534247	1.28424657534247	1
18	6889984	6889985	142	7	2	1	1	1	NA	NA	NA	unphased	0.128711961018663	0.128711961018663	1
18	44559559	44559560	55	10	2	1	1	1	NA	NA	NA	unphased	0.421496311907271	0.421496311907271	1
19	326573	326574	83	6	1	1	0	1	NA	NA	NA	unphased	0.117284900723411	0.117284900723411	1
19	1619132	1619133	67	4	1	1	0	1	NA	NA	NA	unphased	0.0980127339378738	0.0980127339378738	1
19	2222271	2222272	49	3	1	1	0	1	NA	NA	NA	unphased	0.100368809272919	0.100368809272919	1
19	4171671	4171672	155	20	2	1	1	0.11	1	1	0.89	unphased	0.313111545988258	0.313111545988258	1
19	7125476	7125477	58	9	1	1	0	1	NA	NA	NA	unphased	0.233694540993662	0.233694540993662	1
19	10132254	10132255	12	13	1	1	0	1	NA	NA	NA	unphased	0.904657534246575	0.904657534246575	1
19	10602580	10602581	12	16	1	1	0	1	NA	NA	NA	unphased	0.99412915851272	0.99412915851272	1
19	11560100	11560101	77	16	2	1	1	0.09	1	1	0.91	unphased	0.471350714390927	0.471350714390927	1
19	38160501	38160502	91	21	2	1	1	1	NA	NA	NA	unphased	0.513698630136986	0.513698630136986	1
19	42385012	42385013	7	7	2	1	1	1	NA	NA	NA	unphased	1.36986301369863	1.36986301369863	1
19	43680049	43680050	138	70	2	1	1	1	NA	NA	NA	unphased	0.922023182297155	0.922023182297155	1
19	46124836	46124837	24	22	2	1	1	1	NA	NA	NA	unphased	1.31030375223347	1.31030375223347	1
19	51325132	51325133	36	6	2	1	1	1	NA	NA	NA	unphased	0.391389432485323	0.391389432485323	1
19	51629007	51629008	54	45	2	1	1	1	NA	NA	NA	unphased	1.2453300124533	1.2453300124533	1
19	53793071	53793072	97	7	2	1	1	1	NA	NA	NA	unphased	0.184404636459431	0.184404636459431	1
19	58455412	58455413	56	4	1	1	0	1	NA	NA	NA	unphased	0.115981735159817	0.115981735159817	1
2	38301555	38301556	13	4	2	1	1	1	NA	NA	NA	unphased	0.64464141821112	0.64464141821112	1
2	40656136	40656137	80	5	2	1	1	1	NA	NA	NA	unphased	0.16116035455278	0.16116035455278	1
2	48822501	48822502	18	6	2	1	1	1	NA	NA	NA	unphased	0.684931506849315	0.684931506849315	1
2	51253511	51253512	11	2	2	1	1	1	NA	NA	NA	unphased	0.421496311907271	0.421496311907271	1
2	72945354	72945355	98	17	2	1	1	1	NA	NA	NA	unphased	0.405002977963073	0.405002977963073	1
2	75929267	75929268	30	4	2	1	1	1	NA	NA	NA	unphased	0.32232070910556	0.32232070910556	1
2	86732843	86732844	96	59	2	1	1	1	NA	NA	NA	unphased	1.04286345558992	1.04286345558992	1
2	95815685	95815686	228	31	2	1	1	1	NA	NA	NA	unphased	0.327920875866081	0.327920875866081	1
2	99980188	99980189	25	23	2	1	1	1	NA	NA	NA	unphased	1.31278538812785	1.31278538812785	1
2	99998628	99998629	55	4	2	1	1	1	NA	NA	NA	unphased	0.185744137450662	0.185744137450662	1
2	101646203	101646204	53	25	2	1	1	1	NA	NA	NA	unphased	0.878117316473481	0.878117316473481	1
2	101646204	101646205	53	25	2	1	1	1	NA	NA	NA	unphased	0.878117316473481	0.878117316473481	1
2	108488038	108488039	34	28	2	1	1	1	NA	NA	NA	unphased	1.23729562527618	1.23729562527618	1
2	131976379	131976380	91	25	2	1	1	1	NA	NA	NA	unphased	0.590458195559754	0.590458195559754	1
2	158626929	158626930	97	46	2	1	1	1	NA	NA	NA	unphased	0.881310470351566	0.881310470351566	1
2	167168257	167168258	49	34	2	1	1	1	NA	NA	NA	unphased	1.12229740881334	1.12229740881334	1
2	176957976	176957977	8	5	2	1	1	1	NA	NA	NA	unphased	1.05374077976818	1.05374077976818	1
2	179650594	179650595	59	22	2	1	1	1	NA	NA	NA	unphased	0.744123118552342	0.744123118552342	1
2	209007436	209007437	141	22	2	1	1	1	NA	NA	NA	unphased	0.369778973022943	0.369778973022943	1
2	214354704	214354705	75	11	2	1	1	1	NA	NA	NA	unphased	0.350430073271743	0.350430073271743	1
2	220344818	220344819	103	5	2	1	1	1	NA	NA	NA	unphased	0.126839167935058	0.126839167935058	1
20	14306197	14306198	144	6	2	1	1	1	NA	NA	NA	unphased	0.10958904109589	0.10958904109589	1
20	49209727	49209728	39	18	2	1	1	1	NA	NA	NA	unphased	0.865176640230714	0.865176640230714	1
20	61143769	61143770	116	10	2	1	1	1	NA	NA	NA	unphased	0.217438573602957	0.217438573602957	1
21	15858200	15858201	80	9	2	1	1	1	NA	NA	NA	unphased	0.277050946590734	0.277050946590734	1
21	37420691	37420692	194	118	2	1	1	1	NA	NA	NA	unphased	1.03617843343871	1.03617843343871	1
21	46908345	46908346	126	7	2	1	1	1	NA	NA	NA	unphased	0.144196106705119	0.144196106705119	1
22	21288145	21288146	140	18	2	1	1	0.09	1	1	0.91	unphased	0.312120686665511	0.312120686665511	1
22	26317264	26317265	7	2	2	1	1	0.09	1	1	0.91	unphased	0.60882800608828	0.60882800608828	1
22	42540365	42540366	15	5	2	1	1	0.09	1	1	0.91	unphased	0.684931506849315	0.684931506849315	1
3	25833285	25833286	101	8	2	1	1	1	NA	NA	NA	unphased	0.201080809350258	0.201080809350258	1
3	28379445	28379446	54	3	2	1	1	1	NA	NA	NA	unphased	0.144196106705119	0.144196106705119	1
3	48605554	48605555	107	14	2	1	1	1	NA	NA	NA	unphased	0.316993094079022	0.316993094079022	1
3	64148774	64148775	242	11	2	1	1	1	NA	NA	NA	unphased	0.119118522930316	0.119118522930316	1
3	113225438	113225439	33	3	2	1	1	1	NA	NA	NA	unphased	0.228310502283105	0.228310502283105	1
3	113528246	113528247	89	7	2	1	1	1	NA	NA	NA	unphased	0.199771689497717	0.199771689497717	1
3	151475040	151475041	93	5	2	1	1	1	NA	NA	NA	unphased	0.13978194017333	0.13978194017333	1
3	179132737	179132738	173	24	2	1	1	1	NA	NA	NA	unphased	0.333773729226062	0.333773729226062	1
3	183508767	183508768	73	32	2	1	1	1	NA	NA	NA	unphased	0.834964122635356	0.834964122635356	1
3	186370113	186370114	153	74	2	1	1	1	NA	NA	NA	unphased	0.893126546376199	0.893126546376199	1
4	13605036	13605037	141	11	2	1	1	1	NA	NA	NA	unphased	0.198269646719539	0.198269646719539	1
4	46307712	46307713	41	30	2	1	1	1	NA	NA	NA	unphased	1.15763071580166	1.15763071580166	1
4	71844960	71844961	136	19	2	1	1	1	NA	NA	NA	unphased	0.335837384003535	0.335837384003535	1
4	134111322	134111323	32	24	2	1	1	1	NA	NA	NA	unphased	1.17416829745597	1.17416829745597	1
4	153691680	153691681	60	6	2	1	1	1	NA	NA	NA	unphased	0.24906600249066	0.24906600249066	1
4	154215473	154215474	88	6	2	1	1	1	NA	NA	NA	unphased	0.174876129408336	0.174876129408336	1
4	156634680	156634681	46	4	2	1	1	1	NA	NA	NA	unphased	0.219178082191781	0.219178082191781	1
4	185697769	185697770	77	4	2	1	1	1	NA	NA	NA	unphased	0.135295112464062	0.135295112464062	1
5	895026	895027	84	30	NA	NA	NA	NA	NA	NA	NA	unphased	NA	NA	1
5	1038129	1038130	11	5	2.73	2	1	0.73	1	1	0.27	unphased	1.08428938356164	1.08428938356164	1
5	32135776	32135777	66	40	2	1	1	1	NA	NA	NA	unphased	1.03385887826312	1.03385887826312	1
5	33684049	33684050	74	10	2	1	1	1	NA	NA	NA	unphased	0.326157860404436	0.326157860404436	1
5	33881536	33881537	204	24	2	1	1	1	NA	NA	NA	unphased	0.288392213410238	0.288392213410238	1
5	121355963	121355964	63	31	2	1	1	1	NA	NA	NA	unphased	0.903526668609735	0.903526668609735	1
5	135496713	135496714	148	71	2	1	1	1	NA	NA	NA	unphased	0.888221680115094	0.888221680115094	1
5	138661215	138661216	115	5	2	1	1	1	NA	NA	NA	unphased	0.114155251141553	0.114155251141553	1
5	140222270	140222271	103	13	2	1	1	1	NA	NA	NA	unphased	0.307038261691072	0.307038261691072	1
5	140482230	140482231	101	6	2	1	1	1	NA	NA	NA	unphased	0.153629496863398	0.153629496863398	1
5	140574421	140574422	74	45	2	1	1	1	NA	NA	NA	unphased	1.03603085069644	1.03603085069644	1
5	140603930	140603931	56	27	2	1	1	1	NA	NA	NA	unphased	0.891236177587061	0.891236177587061	1
5	151173755	151173756	107	30	2	1	1	1	NA	NA	NA	unphased	0.5999400059994	0.5999400059994	1
5	176025028	176025029	75	13	2	1	1	1	NA	NA	NA	unphased	0.404732254047323	0.404732254047323	1
6	2685594	2685595	160	101	2	1	1	1	NA	NA	NA	unphased	1.06020049336063	1.06020049336063	1
6	3119648	3119649	24	16	2	1	1	1	NA	NA	NA	unphased	1.0958904109589	1.0958904109589	1
6	13306610	13306611	38	8	2	1	1	1	NA	NA	NA	unphased	0.476474091721263	0.476474091721263	1
6	30708996	30708997	99	7	2	1	1	1	NA	NA	NA	unphased	0.180925303696045	0.180925303696045	1
6	32150772	32150773	76	17	2	1	1	1	NA	NA	NA	unphased	0.500810134040359	0.500810134040359	1
6	32150921	32150922	97	6	2	1	1	1	NA	NA	NA	unphased	0.159595690916345	0.159595690916345	1
6	33263956	33263957	240	11	2	1	1	1	NA	NA	NA	unphased	0.12006767450745	0.12006767450745	1
6	34101350	34101351	12	4	2	1	1	1	NA	NA	NA	unphased	0.684931506849315	0.684931506849315	1
6	43251403	43251404	35	22	2	1	1	1	NA	NA	NA	unphased	1.05743811583754	1.05743811583754	1
6	76551059	76551060	57	5	2	1	1	0.08	1	1	0.92	unphased	0.220945647370747	0.220945647370747	1
6	76660780	76660781	93	4	2	1	1	0.08	1	1	0.92	unphased	0.112978392882361	0.112978392882361	1
6	84234491	84234492	8	5	2	1	1	0.08	1	1	0.92	unphased	1.05374077976818	1.05374077976818	1
6	106968225	106968226	77	5	2	1	1	0.08	1	1	0.92	unphased	0.167056465085199	0.167056465085199	1
6	111695224	111695225	127	47	2	1	1	0.08	1	1	0.92	unphased	0.740040938434892	0.804392324385752	0.92
6	117589583	117589584	43	5	2	1	1	0.08	1	1	0.92	unphased	0.285388127853881	0.285388127853881	1
6	153076458	153076459	50	4	2	1	1	0.08	1	1	0.92	unphased	0.202942668696093	0.202942668696093	1
6	153296528	153296529	97	12	2	1	1	0.08	1	1	0.92	unphased	0.301621214025386	0.301621214025386	1
6	158487539	158487540	128	12	2	1	1	0.08	1	1	0.92	unphased	0.234833659491194	0.234833659491194	1
6	161470150	161470151	79	7	2	1	1	0.08	1	1	0.92	unphased	0.223000955718382	0.223000955718382	1
7	21923946	21923947	76	10	2	1	1	1	NA	NA	NA	unphased	0.318572793883402	0.318572793883402	1
7	36656064	36656065	27	3	2	1	1	1	NA	NA	NA	unphased	0.273972602739726	0.273972602739726	1
7	95614142	95614143	61	33	2	1	1	1	NA	NA	NA	unphased	0.961818711745847	0.961818711745847	1
7	100683575	100683576	219	112	2	1	1	1	NA	NA	NA	unphased	0.927037205644994	0.927037205644994	1
7	102246396	102246397	53	6	2	1	1	1	NA	NA	NA	unphased	0.278616206175993	0.278616206175993	1
7	135310103	135310104	70	41	2	1	1	1	NA	NA	NA	unphased	1.01197087498457	1.01197087498457	1
7	150773143	150773144	95	4	2	1	1	1	NA	NA	NA	unphased	0.11069600110696	0.11069600110696	1
8	27462597	27462598	79	23	2	1	1	1	NA	NA	NA	unphased	0.61778135911899	0.61778135911899	1
8	77764426	77764427	38	19	2	1	1	1	NA	NA	NA	unphased	0.91324200913242	0.91324200913242	1
8	144812585	144812586	102	22	2.14	3	1	0.38	1	0	0.62	unphased	0.510919133893062	1.34452403656069	0.38
8	145581358	145581359	48	8	NA	NA	NA	NA	NA	NA	NA	unphased	NA	NA	1
9	15486912	15486913	76	15	1	1	0	1	NA	NA	NA	unphased	0.286768026494054	0.286768026494054	1
9	16437285	16437286	169	13	1	1	0	1	NA	NA	NA	unphased	0.12426614481409	0.12426614481409	1
9	21862071	21862072	35	8	1	1	0	1	NA	NA	NA	unphased	0.323669958585537	0.323669958585537	1
9	32543114	32543115	96	7	2	1	1	1	NA	NA	NA	unphased	0.186194972735736	0.186194972735736	1
9	34242053	34242054	146	6	2	1	1	1	NA	NA	NA	unphased	0.108147080028839	0.108147080028839	1
9	35561269	35561270	59	3	1	1	0	1	NA	NA	NA	unphased	0.0841802916482545	0.0841802916482545	1
9	35707216	35707217	33	36	1	1	0	1	NA	NA	NA	unphased	0.907683144729005	0.907683144729005	1
9	35794088	35794089	41	3	1	1	0	1	NA	NA	NA	unphased	0.118617683686177	0.118617683686177	1
9	80430571	80430572	44	3	2	1	1	1	NA	NA	NA	unphased	0.174876129408336	0.174876129408336	1
9	101908882	101908883	348	10	2	1	1	1	NA	NA	NA	unphased	0.0765286599831637	0.0765286599831637	1
9	104357088	104357089	85	54	2	1	1	1	NA	NA	NA	unphased	1.06435399625505	1.06435399625505	1
9	104357089	104357090	85	55	2	1	1	1	NA	NA	NA	unphased	1.07632093933464	1.07632093933464	1
9	107332125	107332126	120	7	2	1	1	1	NA	NA	NA	unphased	0.151008521195125	0.151008521195125	1
9	107332308	107332309	90	5	2	1	1	1	NA	NA	NA	unphased	0.144196106705119	0.144196106705119	1
9	112015720	112015721	99	12	2	1	1	1	NA	NA	NA	unphased	0.296186597556461	0.296186597556461	1
9	129453344	129453345	23	4	2	1	1	1	NA	NA	NA	unphased	0.405885337392187	0.405885337392187	1
9	139400073	139400074	18	5	2	1	1	1	NA	NA	NA	unphased	0.595592614651578	0.595592614651578	1
X	35988981	35988982	2	8	NA	NA	NA	NA	NA	NA	NA	unphased	NA	NA	1
X	53254004	53254005	16	6	NA	NA	NA	NA	NA	NA	NA	unphased	NA	NA	1
X	153223607	153223608	24	9	NA	NA	NA	NA	NA	NA	NA	unphased	NA	NA	1
Y	15372252	15372253	50	7	NA	NA	NA	NA	NA	NA	NA	unphased	NA	NA	1
