chr	start	end	WT.count	mut.count	subclonal.CN	nMaj1	nMin1	frac1	nMaj2	nMin2	frac2	phase	mutation.copy.number	subclonal.fraction	no.chrs.bearing.mut
1	9781534	9781535	42	17	2	1	1	1	NA	NA	NA	unphased	0.748404138234647	0.748404138234647	1
1	12785920	12785921	43	32	2	1	1	1	NA	NA	NA	unphased	1.10822510822511	1.10822510822511	1
1	16069352	16069353	21	16	2	1	1	1	NA	NA	NA	unphased	1.12320112320112	1.12320112320112	1
1	18152811	18152812	57	35	2	1	1	1	NA	NA	NA	unphased	0.988142292490119	0.988142292490119	1
1	18691940	18691941	123	58	2	1	1	1	NA	NA	NA	unphased	0.832316854416302	0.832316854416302	1
1	21031386	21031387	40	28	2	1	1	1	NA	NA	NA	unphased	1.06951871657754	1.06951871657754	1
1	25944516	25944517	10	6	2	1	1	1	NA	NA	NA	unphased	0.974025974025974	0.974025974025974	1
1	40775612	40775613	77	57	2	1	1	1	NA	NA	NA	unphased	1.10486528396976	1.10486528396976	1
1	43232696	43232697	8	9	2	1	1	1	NA	NA	NA	unphased	1.37509549274255	1.37509549274255	1
1	44169288	44169289	241	8	2	1	1	1	NA	NA	NA	unphased	0.0834506858603244	0.0834506858603244	1
1	44878025	44878026	258	129	2	1	1	1	NA	NA	NA	unphased	0.865800865800866	0.865800865800866	1
1	53925123	53925124	53	24	2	1	1	1	NA	NA	NA	unphased	0.809580030359251	0.809580030359251	1
1	55529215	55529216	35	14	2	1	1	1	NA	NA	NA	unphased	0.742115027829313	0.742115027829313	1
1	60314154	60314155	86	41	2	1	1	1	NA	NA	NA	unphased	0.838531547192964	0.838531547192964	1
1	103471437	103471438	113	67	2	1	1	1	NA	NA	NA	unphased	0.966810966810967	0.966810966810967	1
1	109793499	109793500	46	22	2	1	1	1	NA	NA	NA	unphased	0.840336134453782	0.840336134453782	1
1	120612029	120612030	13	3	2	1	1	1	NA	NA	NA	unphased	0.487012987012987	0.487012987012987	1
1	151023103	151023104	13	11	2	1	1	1	NA	NA	NA	unphased	1.19047619047619	1.19047619047619	1
1	152383037	152383038	226	142	2	1	1	1	NA	NA	NA	unphased	1.00225861095426	1.00225861095426	1
1	152800057	152800058	67	33	2	1	1	1	NA	NA	NA	unphased	0.857142857142857	0.857142857142857	1
1	153906317	153906318	28	21	2	1	1	1	NA	NA	NA	unphased	1.11317254174397	1.11317254174397	1
1	155291732	155291733	25	14	2	1	1	1	NA	NA	NA	unphased	0.932400932400932	0.932400932400932	1
1	155823172	155823173	228	9	2	1	1	1	NA	NA	NA	unphased	0.0986355416735164	0.0986355416735164	1
1	157069062	157069063	58	22	2	1	1	1	NA	NA	NA	unphased	0.714285714285714	0.714285714285714	1
1	176661334	176661335	146	75	2	1	1	1	NA	NA	NA	unphased	0.881471469706764	0.881471469706764	1
1	190195366	190195367	65	21	2	1	1	1	NA	NA	NA	unphased	0.634249471458774	0.634249471458774	1
1	197091417	197091418	26	14	2	1	1	1	NA	NA	NA	unphased	0.909090909090909	0.909090909090909	1
1	202092289	202092290	9	14	2	1	1	1	NA	NA	NA	unphased	1.58102766798419	1.58102766798419	1
1	203743234	203743235	62	29	2	1	1	1	NA	NA	NA	unphased	0.827743684886542	0.827743684886542	1
1	209936904	209936905	35	26	2	1	1	1	NA	NA	NA	unphased	1.1070896316798	1.1070896316798	1
1	223567027	223567028	12	9	2	1	1	1	NA	NA	NA	unphased	1.11317254174397	1.11317254174397	1
1	236881197	236881198	55	3	2	1	1	1	NA	NA	NA	unphased	0.134348410210479	0.134348410210479	1
1	240255892	240255893	31	16	2	1	1	1	NA	NA	NA	unphased	0.884222160817906	0.884222160817906	1
1	248402702	248402703	107	63	NA	NA	NA	NA	NA	NA	NA	unphased	NA	NA	1
1	248525385	248525386	169	82	NA	NA	NA	NA	NA	NA	NA	unphased	NA	NA	1
10	17107604	17107605	97	55	2	1	1	0.1	1	1	0.9	unphased	0.93984962406015	0.93984962406015	1
10	21120410	21120411	73	46	2	1	1	0.1	1	1	0.9	unphased	1.00403797882789	1.00403797882789	1
10	25887112	25887113	88	42	2	1	1	0.1	1	1	0.9	unphased	0.839160839160839	0.839160839160839	1
10	43654345	43654346	46	13	2	1	1	0.1	1	1	0.9	unphased	0.572309046885318	0.635898940983687	0.9
10	48371119	48371120	21	52	1	1	0	1	NA	NA	NA	unphased	1.13787582280733	1.13787582280733	1
10	72289797	72289798	8	14	1	1	0	1	NA	NA	NA	unphased	1.01652892561983	1.01652892561983	1
10	73326641	73326642	12	23	1	1	0	1	NA	NA	NA	unphased	1.04972170686456	1.04972170686456	1
10	87487766	87487767	63	113	1	1	0	1	NA	NA	NA	unphased	1.02560507674144	1.02560507674144	1
10	94409661	94409662	25	26	1	1	0	1	NA	NA	NA	unphased	0.814362108479755	0.814362108479755	1
10	94410205	94410206	29	46	1	1	0	1	NA	NA	NA	unphased	0.97974025974026	0.97974025974026	1
10	101590551	101590552	23	43	1	1	0	1	NA	NA	NA	unphased	1.04073199527745	1.04073199527745	1
10	103988821	103988822	39	3	1	1	0	1	NA	NA	NA	unphased	0.114100185528757	0.114100185528757	1
10	134012416	134012417	25	35	1	1	0	1	NA	NA	NA	unphased	0.931818181818182	0.931818181818182	1
11	3249620	3249621	7	6	2	1	1	1	NA	NA	NA	unphased	1.1988011988012	1.1988011988012	1
11	5080586	5080587	15	14	2	1	1	1	NA	NA	NA	unphased	1.25391849529781	1.25391849529781	1
11	5080587	5080588	15	14	2	1	1	1	NA	NA	NA	unphased	1.25391849529781	1.25391849529781	1
11	5080784	5080785	44	26	2	1	1	1	NA	NA	NA	unphased	0.964749536178108	0.964749536178108	1
11	6023925	6023926	50	28	2	1	1	1	NA	NA	NA	unphased	0.932400932400932	0.932400932400932	1
11	6048911	6048912	134	73	2	1	1	1	NA	NA	NA	unphased	0.915992220340046	0.915992220340046	1
11	6048912	6048913	133	73	2	1	1	1	NA	NA	NA	unphased	0.920438784516454	0.920438784516454	1
11	9603114	9603115	49	29	2	1	1	1	NA	NA	NA	unphased	0.965700965700966	0.965700965700966	1
11	15247297	15247298	20	21	2	1	1	1	NA	NA	NA	unphased	1.33037694013304	1.33037694013304	1
11	30033035	30033036	32	28	2	1	1	1	NA	NA	NA	unphased	1.21212121212121	1.21212121212121	1
11	30925145	30925146	18	12	2	1	1	1	NA	NA	NA	unphased	1.03896103896104	1.03896103896104	1
11	32697137	32697138	15	8	2	1	1	1	NA	NA	NA	unphased	0.903444381705251	0.903444381705251	1
11	33566384	33566385	17	16	2	1	1	1	NA	NA	NA	unphased	1.25934671389217	1.25934671389217	1
11	40137243	40137244	68	26	2	1	1	1	NA	NA	NA	unphased	0.718430505664548	0.718430505664548	1
11	44099413	44099414	38	20	2	1	1	1	NA	NA	NA	unphased	0.895656068069861	0.895656068069861	1
11	45970433	45970434	102	52	2	1	1	1	NA	NA	NA	unphased	0.877045032889189	0.877045032889189	1
11	48346888	48346889	397	50	2	1	1	1	NA	NA	NA	unphased	0.290537203288881	0.290537203288881	1
11	55681933	55681934	41	21	2	1	1	1	NA	NA	NA	unphased	0.879765395894428	0.879765395894428	1
11	55927560	55927561	58	33	2	1	1	1	NA	NA	NA	unphased	0.941915227629513	0.941915227629513	1
11	58972337	58972338	11	4	2	1	1	1	NA	NA	NA	unphased	0.692640692640693	0.692640692640693	1
11	59626612	59626613	94	47	2	1	1	1	NA	NA	NA	unphased	0.865800865800866	0.865800865800866	1
11	62744173	62744174	7	7	2	1	1	1	NA	NA	NA	unphased	1.2987012987013	1.2987012987013	1
11	62751952	62751953	67	48	2	1	1	1	NA	NA	NA	unphased	1.0841332580463	1.0841332580463	1
11	63999934	63999935	35	14	2	1	1	1	NA	NA	NA	unphased	0.742115027829313	0.742115027829313	1
11	65113461	65113462	122	69	2	1	1	1	NA	NA	NA	unphased	0.938328687019786	0.938328687019786	1
11	65124452	65124453	95	55	2	1	1	1	NA	NA	NA	unphased	0.952380952380952	0.952380952380952	1
11	65838207	65838208	10	3	2	1	1	1	NA	NA	NA	unphased	0.599400599400599	0.599400599400599	1
11	71166185	71166186	68	37	2	1	1	1	NA	NA	NA	unphased	0.915275200989487	0.915275200989487	1
11	86519528	86519529	109	47	2	1	1	1	NA	NA	NA	unphased	0.782550782550782	0.782550782550782	1
11	105924320	105924321	39	45	2	1	1	1	NA	NA	NA	unphased	1.39146567717996	1.39146567717996	1
11	109294503	109294504	35	13	2	1	1	1	NA	NA	NA	unphased	0.703463203463203	0.703463203463203	1
11	112104320	112104321	24	23	2	1	1	1	NA	NA	NA	unphased	1.27106935617574	1.27106935617574	1
11	121058627	121058628	80	42	2	1	1	1	NA	NA	NA	unphased	0.894187779433681	0.894187779433681	1
11	121175180	121175181	51	33	2	1	1	1	NA	NA	NA	unphased	1.02040816326531	1.02040816326531	1
11	123756231	123756232	9	4	2	1	1	1	NA	NA	NA	unphased	0.799200799200799	0.799200799200799	1
11	123909600	123909601	112	29	2	1	1	1	NA	NA	NA	unphased	0.534217555494151	0.534217555494151	1
11	130343464	130343465	21	26	2	1	1	1	NA	NA	NA	unphased	1.4368610113291	1.4368610113291	1
11	134093808	134093809	41	4	2	1	1	1	NA	NA	NA	unphased	0.230880230880231	0.230880230880231	1
12	8666242	8666243	29	20	2	1	1	1	NA	NA	NA	unphased	1.06016432547045	1.06016432547045	1
12	22623837	22623838	49	29	2	1	1	1	NA	NA	NA	unphased	0.965700965700966	0.965700965700966	1
12	39760234	39760235	47	43	2	1	1	1	NA	NA	NA	unphased	1.24098124098124	1.24098124098124	1
12	40734124	40734125	146	51	2	1	1	1	NA	NA	NA	unphased	0.67242402267783	0.67242402267783	1
12	40761644	40761645	5	4	2	1	1	1	NA	NA	NA	unphased	1.15440115440115	1.15440115440115	1
12	43826242	43826243	75	40	2	1	1	1	NA	NA	NA	unphased	0.903444381705251	0.903444381705251	1
12	49434902	49434903	24	25	2	1	1	1	NA	NA	NA	unphased	1.32520540683806	1.32520540683806	1
12	51121587	51121588	117	77	2	1	1	1	NA	NA	NA	unphased	1.03092783505155	1.03092783505155	1
12	53663319	53663320	309	167	2	1	1	1	NA	NA	NA	unphased	0.911273600349231	0.911273600349231	1
12	53819262	53819263	77	33	2	1	1	1	NA	NA	NA	unphased	0.779220779220779	0.779220779220779	1
12	62708618	62708619	312	183	2	1	1	1	NA	NA	NA	unphased	0.960251869342778	0.960251869342778	1
12	80203634	80203635	38	14	2	1	1	1	NA	NA	NA	unphased	0.699300699300699	0.699300699300699	1
12	80651771	80651772	43	16	2	1	1	1	NA	NA	NA	unphased	0.704380365397315	0.704380365397315	1
12	82824687	82824688	105	70	2	1	1	1	NA	NA	NA	unphased	1.03896103896104	1.03896103896104	1
12	94543740	94543741	15	7	2	1	1	1	NA	NA	NA	unphased	0.826446280991736	0.826446280991736	1
12	101413844	101413845	64	24	2	1	1	1	NA	NA	NA	unphased	0.708382526564345	0.708382526564345	1
12	101442177	101442178	51	25	2	1	1	1	NA	NA	NA	unphased	0.854408749145591	0.854408749145591	1
12	102872303	102872304	28	15	2	1	1	1	NA	NA	NA	unphased	0.906070673512534	0.906070673512534	1
12	111348876	111348877	69	42	2	1	1	1	NA	NA	NA	unphased	0.982800982800983	0.982800982800983	1
12	124172643	124172644	155	56	2	1	1	1	NA	NA	NA	unphased	0.689358035329599	0.689358035329599	1
12	131569198	131569199	23	14	2	1	1	1	NA	NA	NA	unphased	0.982800982800983	0.982800982800983	1
12	133354335	133354336	25	17	NA	NA	NA	NA	NA	NA	NA	unphased	NA	NA	1
13	20567345	20567346	120	23	2	1	1	1	NA	NA	NA	unphased	0.41776405412769	0.41776405412769	1
13	20567524	20567525	48	15	2	1	1	1	NA	NA	NA	unphased	0.618429189857761	0.618429189857761	1
13	20567572	20567573	68	26	2	1	1	1	NA	NA	NA	unphased	0.718430505664548	0.718430505664548	1
13	20567802	20567803	333	123	2	1	1	1	NA	NA	NA	unphased	0.700615174299385	0.700615174299385	1
13	20567850	20567851	262	94	2	1	1	1	NA	NA	NA	unphased	0.685831022909675	0.685831022909675	1
13	20568003	20568004	244	69	2	1	1	1	NA	NA	NA	unphased	0.572590348948176	0.572590348948176	1
13	20568027	20568028	277	77	2	1	1	1	NA	NA	NA	unphased	0.564971751412429	0.564971751412429	1
13	53421589	53421590	13	22	1	1	0	1	NA	NA	NA	unphased	1.00408163265306	1.00408163265306	1
13	53421590	53421591	13	23	1	1	0	1	NA	NA	NA	unphased	1.02056277056277	1.02056277056277	1
13	102029053	102029054	129	61	2	1	1	1	NA	NA	NA	unphased	0.833902939166097	0.833902939166097	1
13	113527895	113527896	69	42	2	1	1	1	NA	NA	NA	unphased	0.982800982800983	0.982800982800983	1
13	114112391	114112392	292	198	2	1	1	1	NA	NA	NA	unphased	1.04956268221574	1.04956268221574	1
14	19574303	19574304	29	13	NA	NA	NA	NA	NA	NA	NA	unphased	NA	NA	1
14	21990846	21990847	33	42	1	1	0	1	NA	NA	NA	unphased	0.894545454545455	0.894545454545455	1
14	58598407	58598408	76	62	1	1	0	1	NA	NA	NA	unphased	0.717673630717109	0.717673630717109	1
14	106725470	106725471	138	41	NA	NA	NA	NA	NA	NA	NA	unphased	NA	NA	1
15	28465666	28465667	119	73	2	1	1	1	NA	NA	NA	unphased	0.987554112554113	0.987554112554113	1
15	33955779	33955780	33	13	2	1	1	1	NA	NA	NA	unphased	0.734048560135517	0.734048560135517	1
15	50271901	50271902	150	90	2	1	1	1	NA	NA	NA	unphased	0.974025974025974	0.974025974025974	1
15	71404545	71404546	25	8	2	1	1	1	NA	NA	NA	unphased	0.629673356946084	0.629673356946084	1
15	75012842	75012843	82	53	2	1	1	1	NA	NA	NA	unphased	1.01972101972102	1.01972101972102	1
15	80872843	80872844	48	28	2	1	1	1	NA	NA	NA	unphased	0.956937799043062	0.956937799043062	1
15	83224680	83224681	49	31	2	1	1	1	NA	NA	NA	unphased	1.00649350649351	1.00649350649351	1
15	90897908	90897909	24	11	2	1	1	1	NA	NA	NA	unphased	0.816326530612245	0.816326530612245	1
16	12142232	12142233	106	75	2	1	1	1	NA	NA	NA	unphased	1.07627179450384	1.07627179450384	1
16	14014056	14014057	52	20	2	1	1	1	NA	NA	NA	unphased	0.721500721500722	0.721500721500722	1
16	20442600	20442601	149	72	2	1	1	1	NA	NA	NA	unphased	0.846212610918493	0.846212610918493	1
16	20554473	20554474	548	164	2	1	1	1	NA	NA	NA	unphased	0.598278126368014	0.598278126368014	1
16	26147450	26147451	159	12	8	7	1	1	NA	NA	NA	unphased	0.60332649806334	0.60332649806334	1
16	30724633	30724634	220	42	3.24	4	1	0.56	1	0	0.44	unphased	0.615156141568355	1.09849310994349	0.56
16	70604042	70604043	29	40	1	1	0	1	NA	NA	NA	unphased	0.926030491247883	0.926030491247883	1
17	7578381	7578382	23	52	2	2	0	1	NA	NA	NA	unphased	1.8008658008658	0.9004329004329	2
17	18668085	18668086	152	6	2	2	0	1	NA	NA	NA	unphased	0.0986355416735164	0.0986355416735164	1
17	33689941	33689942	43	125	2	2	0	1	NA	NA	NA	unphased	1.9325912183055	0.966295609152752	2
17	39394624	39394625	44	88	2	2	0	1	NA	NA	NA	unphased	1.73160173160173	0.865800865800866	2
17	45452305	45452306	27	14	2	2	0	1	NA	NA	NA	unphased	0.886917960088692	0.886917960088692	1
17	73566263	73566264	10	5	2	2	0	1	NA	NA	NA	unphased	0.865800865800866	0.865800865800866	1
18	13826448	13826449	156	107	2	1	1	1	NA	NA	NA	unphased	1.05673793886722	1.05673793886722	1
18	31325998	31325999	49	42	2	1	1	1	NA	NA	NA	unphased	1.1988011988012	1.1988011988012	1
18	46284318	46284319	98	69	2	1	1	1	NA	NA	NA	unphased	1.0731783186873	1.0731783186873	1
18	60642822	60642823	123	67	2	1	1	1	NA	NA	NA	unphased	0.915926179084074	0.915926179084074	1
18	72343773	72343774	88	46	2	1	1	1	NA	NA	NA	unphased	0.891645667765071	0.891645667765071	1
18	74625757	74625758	48	28	2	1	1	1	NA	NA	NA	unphased	0.956937799043062	0.956937799043062	1
19	14676966	14676967	21	11	2	1	1	1	NA	NA	NA	unphased	0.892857142857143	0.892857142857143	1
19	14884812	14884813	126	80	2	1	1	1	NA	NA	NA	unphased	1.00870003782625	1.00870003782625	1
19	17759743	17759744	12	4	2	1	1	1	NA	NA	NA	unphased	0.649350649350649	0.649350649350649	1
19	18188454	18188455	33	12	2	1	1	1	NA	NA	NA	unphased	0.692640692640693	0.692640692640693	1
19	18779701	18779702	40	22	2	1	1	1	NA	NA	NA	unphased	0.921658986175115	0.921658986175115	1
19	20307845	20307846	68	39	2	1	1	1	NA	NA	NA	unphased	0.946716834567302	0.946716834567302	1
19	22155842	22155843	71	26	2	1	1	1	NA	NA	NA	unphased	0.696211005489356	0.696211005489356	1
19	23938268	23938269	121	76	2	1	1	1	NA	NA	NA	unphased	1.00204364163755	1.00204364163755	1
19	24310243	24310244	41	27	2	1	1	1	NA	NA	NA	unphased	1.03132161955691	1.03132161955691	1
19	33167313	33167314	12	3	2	1	1	1	NA	NA	NA	unphased	0.51948051948052	0.51948051948052	1
19	33417843	33417844	25	12	2	1	1	1	NA	NA	NA	unphased	0.842400842400842	0.842400842400842	1
19	33628588	33628589	54	25	2	1	1	1	NA	NA	NA	unphased	0.821962847279303	0.821962847279303	1
19	35804401	35804402	12	10	2	1	1	1	NA	NA	NA	unphased	1.18063754427391	1.18063754427391	1
19	40006577	40006578	3	16	2	1	1	1	NA	NA	NA	unphased	2.18728639781271	2.18728639781271	1
19	45924469	45924470	19	79	2	1	1	1	NA	NA	NA	unphased	2.09382454280413	2.09382454280413	1
19	49558754	49558755	14	14	1	1	0	1	NA	NA	NA	unphased	0.798701298701299	0.798701298701299	1
19	51628947	51628948	106	4	1	1	0	1	NA	NA	NA	unphased	0.0580873671782763	0.0580873671782763	1
19	57175282	57175283	11	41	2	2	0	1	NA	NA	NA	unphased	2.04795204795205	1.02397602397602	2
2	9531253	9531254	178	10	2	1	1	1	NA	NA	NA	unphased	0.138159712627798	0.138159712627798	1
2	14774493	14774494	4	11	2	1	1	1	NA	NA	NA	unphased	1.9047619047619	1.9047619047619	1
2	21232181	21232182	41	21	2	1	1	1	NA	NA	NA	unphased	0.879765395894428	0.879765395894428	1
2	42871301	42871302	57	27	2	1	1	1	NA	NA	NA	unphased	0.834879406307978	0.834879406307978	1
2	68621262	68621263	137	71	2	1	1	1	NA	NA	NA	unphased	0.886613386613387	0.886613386613387	1
2	68621302	68621303	109	55	2	1	1	1	NA	NA	NA	unphased	0.871080139372822	0.871080139372822	1
2	69271901	69271902	102	40	2	1	1	1	NA	NA	NA	unphased	0.731662703493689	0.731662703493689	1
2	86361472	86361473	38	15	2	1	1	1	NA	NA	NA	unphased	0.735113942661112	0.735113942661112	1
2	100209738	100209739	46	28	2	1	1	1	NA	NA	NA	unphased	0.982800982800983	0.982800982800983	1
2	103318899	103318900	98	46	2	1	1	1	NA	NA	NA	unphased	0.82972582972583	0.82972582972583	1
2	131519749	131519750	7	9	2	1	1	1	NA	NA	NA	unphased	1.46103896103896	1.46103896103896	1
2	163044861	163044862	26	25	2	1	1	1	NA	NA	NA	unphased	1.27323656735421	1.27323656735421	1
2	170044653	170044654	76	53	2	1	1	1	NA	NA	NA	unphased	1.06714990435921	1.06714990435921	1
2	179400048	179400049	128	73	2	1	1	1	NA	NA	NA	unphased	0.943335271693481	0.943335271693481	1
2	179418005	179418006	146	87	2	1	1	1	NA	NA	NA	unphased	0.969845605038738	0.969845605038738	1
2	186672269	186672270	191	6	2	1	1	1	NA	NA	NA	unphased	0.0791087085503329	0.0791087085503329	1
2	189975050	189975051	64	42	2	1	1	1	NA	NA	NA	unphased	1.02915951972556	1.02915951972556	1
2	206041300	206041301	42	10	2	1	1	1	NA	NA	NA	unphased	0.4995004995005	0.4995004995005	1
2	210642033	210642034	96	43	2	1	1	1	NA	NA	NA	unphased	0.803513033728861	0.803513033728861	1
2	219143278	219143279	39	32	2	1	1	1	NA	NA	NA	unphased	1.1706603255899	1.1706603255899	1
2	219609910	219609911	133	67	2	1	1	1	NA	NA	NA	unphased	0.87012987012987	0.87012987012987	1
2	220501116	220501117	41	37	2	1	1	1	NA	NA	NA	unphased	1.23210123210123	1.23210123210123	1
2	232374027	232374028	67	46	2	1	1	1	NA	NA	NA	unphased	1.0573497299161	1.0573497299161	1
2	242371149	242371150	64	45	2	1	1	1	NA	NA	NA	unphased	1.0723221732396	1.0723221732396	1
20	9404576	9404577	42	17	2	1	1	1	NA	NA	NA	unphased	0.748404138234647	0.748404138234647	1
20	18296188	18296189	53	44	2	1	1	1	NA	NA	NA	unphased	1.17820324005891	1.17820324005891	1
20	18395155	18395156	7	10	2	1	1	1	NA	NA	NA	unphased	1.52788388082506	1.52788388082506	1
20	25655619	25655620	25	11	2	1	1	1	NA	NA	NA	unphased	0.793650793650794	0.793650793650794	1
20	29628258	29628259	115	6	2	1	1	1	NA	NA	NA	unphased	0.128796823011699	0.128796823011699	1
20	49224933	49224934	45	17	2	1	1	1	NA	NA	NA	unphased	0.71219103477168	0.71219103477168	1
20	57480497	57480498	113	8	2	1	1	1	NA	NA	NA	unphased	0.171729097348932	0.171729097348932	1
21	34923872	34923873	207	16	1	1	0	0.02	0	1	0.98	unphased	0.11461184555355	0.11461184555355	1
21	45513964	45513965	101	14	1	1	0	0.02	0	1	0.98	unphased	0.194466403162055	0.194466403162055	1
22	22890660	22890661	55	34	2	1	1	1	NA	NA	NA	unphased	0.992266160805487	0.992266160805487	1
22	26688412	26688413	23	18	2	1	1	1	NA	NA	NA	unphased	1.1403230915426	1.1403230915426	1
22	28192791	28192792	108	75	2	1	1	1	NA	NA	NA	unphased	1.06450926123057	1.06450926123057	1
22	36054911	36054912	33	18	2	1	1	1	NA	NA	NA	unphased	0.916730328495034	0.916730328495034	1
22	43023324	43023325	32	10	2	1	1	1	NA	NA	NA	unphased	0.618429189857761	0.618429189857761	1
22	47069653	47069654	118	72	2	1	1	1	NA	NA	NA	unphased	0.984278879015721	0.984278879015721	1
22	50957763	50957764	19	6	NA	NA	NA	NA	NA	NA	NA	unphased	NA	NA	1
3	42916391	42916392	9	11	1	1	0	1	NA	NA	NA	unphased	0.878571428571429	0.878571428571429	1
3	46399318	46399319	184	117	1	1	0	1	NA	NA	NA	unphased	0.620917288691375	0.620917288691375	1
3	46724758	46724759	8	14	1	1	0	1	NA	NA	NA	unphased	1.01652892561983	1.01652892561983	1
3	47142989	47142990	78	99	1	1	0	1	NA	NA	NA	unphased	0.893462469733656	0.893462469733656	1
3	48895966	48895967	34	54	1	1	0	1	NA	NA	NA	unphased	0.980224321133412	0.980224321133412	1
3	65365049	65365050	6	13	1	1	0	1	NA	NA	NA	unphased	1.09295967190704	1.09295967190704	1
3	95374166	95374167	23	20	3	2	1	1	NA	NA	NA	unphased	1.67321051041981	0.836605255209906	2
3	97611833	97611834	114	49	3	2	1	1	NA	NA	NA	unphased	1.08142777467931	1.08142777467931	1
3	98002462	98002463	90	31	3	2	1	1	NA	NA	NA	unphased	0.92164859933455	0.92164859933455	1
3	98240030	98240031	146	56	3	2	1	1	NA	NA	NA	unphased	0.997299729972997	0.997299729972997	1
3	114070354	114070355	69	21	3	2	1	1	NA	NA	NA	unphased	0.839393939393939	0.839393939393939	1
3	129137107	129137108	26	35	3	2	1	1	NA	NA	NA	unphased	2.06408345752608	1.03204172876304	2
3	134851891	134851892	49	17	3	2	1	1	NA	NA	NA	unphased	0.926603699330972	0.926603699330972	1
3	134881014	134881015	72	27	3	2	1	1	NA	NA	NA	unphased	0.981109799291617	0.981109799291617	1
3	142241603	142241604	260	91	3	2	1	1	NA	NA	NA	unphased	0.932659932659933	0.932659932659933	1
3	152058183	152058184	27	14	3	2	1	1	NA	NA	NA	unphased	1.22838137472284	1.22838137472284	1
3	164906518	164906519	71	38	3	2	1	1	NA	NA	NA	unphased	1.25414035505779	1.25414035505779	1
3	168807872	168807873	215	58	3	2	1	1	NA	NA	NA	unphased	0.764283335711907	0.764283335711907	1
3	168807873	168807874	215	59	3	2	1	1	NA	NA	NA	unphased	0.774623187031946	0.774623187031946	1
3	184100483	184100484	71	89	3	2	1	1	NA	NA	NA	unphased	2.00105519480519	1.0005275974026	2
4	36135011	36135012	9	21	1	1	0	1	NA	NA	NA	unphased	1.11818181818182	1.11818181818182	1
4	46737235	46737236	28	31	1	1	0	1	NA	NA	NA	unphased	0.839313229143738	0.839313229143738	1
4	55958787	55958788	21	17	1	1	0	1	NA	NA	NA	unphased	0.714627477785373	0.714627477785373	1
4	85530641	85530642	32	54	1	1	0	1	NA	NA	NA	unphased	1.00302023557838	1.00302023557838	1
4	99393612	99393613	16	21	1	1	0	1	NA	NA	NA	unphased	0.906633906633907	0.906633906633907	1
4	109002748	109002749	6	19	1	1	0	1	NA	NA	NA	unphased	1.21402597402597	1.21402597402597	1
4	113351677	113351678	17	31	1	1	0	1	NA	NA	NA	unphased	1.03165584415584	1.03165584415584	1
4	113565912	113565913	73	4	1	1	0	1	NA	NA	NA	unphased	0.0829819531118233	0.0829819531118233	1
4	119979007	119979008	30	34	1	1	0	1	NA	NA	NA	unphased	0.84862012987013	0.84862012987013	1
4	121616415	121616416	14	25	1	1	0	1	NA	NA	NA	unphased	1.02397602397602	1.02397602397602	1
4	151773701	151773702	24	40	1	1	0	1	NA	NA	NA	unphased	0.998376623376623	0.998376623376623	1
4	183713536	183713537	18	40	1	1	0	1	NA	NA	NA	unphased	1.10165696372593	1.10165696372593	1
5	140182846	140182847	18	48	1	1	0	1	NA	NA	NA	unphased	1.16174734356553	1.16174734356553	1
5	140208461	140208462	74	10	1	1	0	1	NA	NA	NA	unphased	0.190166975881262	0.190166975881262	1
5	142680224	142680225	54	63	1	1	0	1	NA	NA	NA	unphased	0.86013986013986	0.86013986013986	1
5	176696630	176696631	16	49	1	1	0	1	NA	NA	NA	unphased	1.2041958041958	1.2041958041958	1
6	28200374	28200375	48	24	2	2	0	1	NA	NA	NA	unphased	0.865800865800866	0.865800865800866	1
6	31541239	31541240	28	106	2	2	0	1	NA	NA	NA	unphased	2.05466175615429	1.02733087807715	2
6	32261553	32261554	88	253	2	2	0	1	NA	NA	NA	unphased	1.9271051529116	0.963552576455802	2
6	70909314	70909315	22	53	2	2	0	1	NA	NA	NA	unphased	1.83549783549784	0.917748917748918	2
6	96054134	96054135	18	46	2	2	0	1	NA	NA	NA	unphased	1.86688311688312	0.933441558441558	2
6	137187868	137187869	38	10	2	2	0	1	NA	NA	NA	unphased	0.541125541125541	0.541125541125541	1
6	165829707	165829708	45	94	2	2	0	1	NA	NA	NA	unphased	1.75651686443053	0.878258432215267	2
6	166918038	166918039	16	63	2	2	0	1	NA	NA	NA	unphased	2.07134637514384	1.03567318757192	2
6	166918039	166918040	16	63	2	2	0	1	NA	NA	NA	unphased	2.07134637514384	1.03567318757192	2
7	6031653	6031654	33	12	2	1	1	1	NA	NA	NA	unphased	0.692640692640693	0.692640692640693	1
7	6431583	6431584	71	28	2	1	1	1	NA	NA	NA	unphased	0.734618916437098	0.734618916437098	1
7	6639816	6639817	31	11	2	1	1	1	NA	NA	NA	unphased	0.680272108843537	0.680272108843537	1
7	21939722	21939723	42	20	2	1	1	1	NA	NA	NA	unphased	0.837871805613741	0.837871805613741	1
7	31009499	31009500	108	74	2	1	1	1	NA	NA	NA	unphased	1.05608677037248	1.05608677037248	1
7	38289083	38289084	210	106	2	1	1	1	NA	NA	NA	unphased	0.871280618116061	0.871280618116061	1
7	38725440	38725441	90	36	2	1	1	1	NA	NA	NA	unphased	0.742115027829313	0.742115027829313	1
7	73811474	73811475	62	33	2	1	1	1	NA	NA	NA	unphased	0.902255639097744	0.902255639097744	1
7	88965367	88965368	39	19	2	1	1	0.08	1	1	0.92	unphased	0.850873264666368	0.850873264666368	1
7	92760527	92760528	32	19	2	1	1	0.08	1	1	0.92	unphased	0.967659791189203	0.967659791189203	1
7	93067381	93067382	19	12	2	1	1	0.08	1	1	0.92	unphased	1.00544616673649	1.00544616673649	1
7	94049585	94049586	66	43	2	1	1	0.08	1	1	0.92	unphased	1.02466340998451	1.02466340998451	1
7	99367428	99367429	142	67	2	1	1	0.08	1	1	0.92	unphased	0.832660162803703	0.905065394351852	0.92
7	106897208	106897209	38	15	2	1	1	0.08	1	1	0.92	unphased	0.735113942661112	0.735113942661112	1
7	107542180	107542181	69	31	2	1	1	0.08	1	1	0.92	unphased	0.805194805194805	0.805194805194805	1
7	117864853	117864854	50	41	2	1	1	0.08	1	1	0.92	unphased	1.17025831311546	1.17025831311546	1
7	122338571	122338572	111	51	2	1	1	0.08	1	1	0.92	unphased	0.817700817700818	0.888805236631324	0.92
7	128496896	128496897	57	22	2	1	1	0.08	1	1	0.92	unphased	0.723327305605787	0.786225332180203	0.92
7	130038516	130038517	12	8	2	1	1	1	NA	NA	NA	unphased	1.03896103896104	1.03896103896104	1
7	130040571	130040572	22	12	2	1	1	1	NA	NA	NA	unphased	0.916730328495034	0.916730328495034	1
7	131870116	131870117	85	46	2	1	1	1	NA	NA	NA	unphased	0.912065034202439	0.912065034202439	1
7	137773400	137773401	45	25	2	1	1	1	NA	NA	NA	unphased	0.927643784786642	0.927643784786642	1
7	141805745	141805746	44	18	2	1	1	1	NA	NA	NA	unphased	0.754084625052367	0.754084625052367	1
7	150069033	150069034	28	16	2	1	1	1	NA	NA	NA	unphased	0.944510035419126	0.944510035419126	1
8	1828219	1828220	54	31	2	1	1	1	NA	NA	NA	unphased	0.947288006111535	0.947288006111535	1
8	16012605	16012606	41	47	2	1	1	1	NA	NA	NA	unphased	1.38724911452184	1.38724911452184	1
8	32505415	32505416	53	5	1	1	0	1	NA	NA	NA	unphased	0.137707120465741	0.137707120465741	1
8	48719803	48719804	115	53	2	1	1	1	NA	NA	NA	unphased	0.819418676561534	0.819418676561534	1
8	86193527	86193528	215	129	2	1	1	1	NA	NA	NA	unphased	0.974025974025974	0.974025974025974	1
8	98973727	98973728	51	38	2	1	1	1	NA	NA	NA	unphased	1.10900335619437	1.10900335619437	1
8	99248400	99248401	38	21	2	1	1	1	NA	NA	NA	unphased	0.924499229583975	0.924499229583975	1
8	101146191	101146192	67	45	2	1	1	1	NA	NA	NA	unphased	1.04359925788497	1.04359925788497	1
8	101245658	101245659	56	47	2	1	1	1	NA	NA	NA	unphased	1.18522254444585	1.18522254444585	1
8	101281075	101281076	100	48	2	1	1	1	NA	NA	NA	unphased	0.842400842400842	0.842400842400842	1
8	103662513	103662514	83	39	2	1	1	1	NA	NA	NA	unphased	0.830317223759847	0.830317223759847	1
8	109001415	109001416	51	40	2	1	1	1	NA	NA	NA	unphased	1.14171542742971	1.14171542742971	1
8	113326188	113326189	70	35	2	1	1	1	NA	NA	NA	unphased	0.865800865800866	0.865800865800866	1
8	114326922	114326923	126	89	2	1	1	1	NA	NA	NA	unphased	1.07520386590154	1.07520386590154	1
8	130861551	130861552	60	24	2	1	1	1	NA	NA	NA	unphased	0.742115027829313	0.742115027829313	1
8	139180145	139180146	91	62	2	1	1	1	NA	NA	NA	unphased	1.05254222901282	1.05254222901282	1
8	144943647	144943648	24	13	2	1	1	1	NA	NA	NA	unphased	0.912600912600913	0.912600912600913	1
9	5070052	5070053	30	3	2	2	0	1	NA	NA	NA	unphased	0.236127508854782	0.236127508854782	1
9	15192598	15192599	26	77	2	2	0	1	NA	NA	NA	unphased	1.94174757281553	0.970873786407767	2
9	43624957	43624958	610	136	2	2	0	1	NA	NA	NA	unphased	0.473521116952752	0.473521116952752	1
9	95481275	95481276	23	53	2	2	0	1	NA	NA	NA	unphased	1.81134654818865	0.905673274094327	2
9	134025770	134025771	22	47	2	2	0	1	NA	NA	NA	unphased	1.76924524750612	0.884622623753059	2
X	1720005	1720006	18	15	NA	NA	NA	NA	NA	NA	NA	unphased	NA	NA	1
X	55650590	55650591	21	26	NA	NA	NA	NA	NA	NA	NA	unphased	NA	NA	1
X	63412727	63412728	63	30	NA	NA	NA	NA	NA	NA	NA	unphased	NA	NA	1
X	65409595	65409596	63	42	NA	NA	NA	NA	NA	NA	NA	unphased	NA	NA	1
X	67283738	67283739	12	6	NA	NA	NA	NA	NA	NA	NA	unphased	NA	NA	1
X	70468980	70468981	152	62	NA	NA	NA	NA	NA	NA	NA	unphased	NA	NA	1
X	89177497	89177498	51	23	NA	NA	NA	NA	NA	NA	NA	unphased	NA	NA	1
X	99931007	99931008	24	10	NA	NA	NA	NA	NA	NA	NA	unphased	NA	NA	1
X	100510220	100510221	142	93	NA	NA	NA	NA	NA	NA	NA	unphased	NA	NA	1
X	100613621	100613622	416	21	NA	NA	NA	NA	NA	NA	NA	unphased	NA	NA	1
X	102317850	102317851	114	82	NA	NA	NA	NA	NA	NA	NA	unphased	NA	NA	1
X	105179164	105179165	114	62	NA	NA	NA	NA	NA	NA	NA	unphased	NA	NA	1
X	115304241	115304242	61	35	NA	NA	NA	NA	NA	NA	NA	unphased	NA	NA	1
X	117527018	117527019	112	38	NA	NA	NA	NA	NA	NA	NA	unphased	NA	NA	1
X	117731507	117731508	76	50	NA	NA	NA	NA	NA	NA	NA	unphased	NA	NA	1
X	123034477	123034478	67	28	NA	NA	NA	NA	NA	NA	NA	unphased	NA	NA	1
X	123197733	123197734	80	52	NA	NA	NA	NA	NA	NA	NA	unphased	NA	NA	1
X	123516595	123516596	226	125	NA	NA	NA	NA	NA	NA	NA	unphased	NA	NA	1
X	135326827	135326828	128	40	NA	NA	NA	NA	NA	NA	NA	unphased	NA	NA	1
X	136649892	136649893	90	46	NA	NA	NA	NA	NA	NA	NA	unphased	NA	NA	1
X	153209818	153209819	116	43	NA	NA	NA	NA	NA	NA	NA	unphased	NA	NA	1
X	153296298	153296299	83	45	NA	NA	NA	NA	NA	NA	NA	unphased	NA	NA	1
X	153297675	153297676	89	38	NA	NA	NA	NA	NA	NA	NA	unphased	NA	NA	1
X	153716115	153716116	44	24	NA	NA	NA	NA	NA	NA	NA	unphased	NA	NA	1
