chr	start	end	WT.count	mut.count	subclonal.CN	nMaj1	nMin1	frac1	nMaj2	nMin2	frac2	phase	mutation.copy.number	subclonal.fraction	no.chrs.bearing.mut
1	1417958	1417959	26	66	NA	NA	NA	NA	NA	NA	NA	unphased	NA	NA	1
1	1849836	1849837	10	19	NA	NA	NA	NA	NA	NA	NA	unphased	NA	NA	1
1	6169997	6169998	11	32	3	3	0	1	NA	NA	NA	unphased	2.90124705089316	0.967082350297719	3
1	6267531	6267532	0	11	3	3	0	1	NA	NA	NA	unphased	3.89855072463768	1.29951690821256	3
1	8390954	8390955	34	56	3	3	0	1	NA	NA	NA	unphased	2.42576489533011	0.808588298443371	3
1	12955625	12955626	21	26	3	3	0	1	NA	NA	NA	unphased	2.15664508171446	1.07832254085723	2
1	15392291	15392292	27	68	3	3	0	1	NA	NA	NA	unphased	2.7905415713196	0.930180523773201	3
1	16262536	16262537	29	105	3	3	0	1	NA	NA	NA	unphased	3.05483452303699	1.01827817434566	3
1	16356275	16356276	107	100	3	3	0	1	NA	NA	NA	unphased	1.88335783798922	0.941678918994609	2
1	17281894	17281895	1	14	3	3	0	1	NA	NA	NA	unphased	3.63864734299517	1.21288244766506	3
1	31188131	31188132	16	28	2	2	0	1	NA	NA	NA	unphased	1.84453227931489	0.922266139657444	2
1	36506022	36506023	78	49	2.46	2	2	0.23	1	1	0.77	unphased	1.29581878352163	1.05351120611514	1.23
1	37356670	37356671	171	78	2.46	2	2	0.23	1	1	0.77	unphased	1.05207613060939	1.05207613060939	1
1	42880283	42880284	181	149	2.09	2	1	0.09	1	1	0.91	unphased	1.3493759332455	1.23795957178486	1.09
1	43803512	43803513	13	4	2.09	2	1	0.09	1	1	0.91	unphased	0.703188405797102	0.703188405797102	1
1	44087678	44087679	64	5	2.09	2	1	0.09	1	1	0.91	unphased	0.216561646712875	0.216561646712875	1
1	46206596	46206597	49	13	2.09	2	1	0.09	1	1	0.91	unphased	0.626631603553062	0.626631603553062	1
1	46206825	46206826	80	21	2.09	2	1	0.09	1	1	0.91	unphased	0.621381833835557	0.621381833835557	1
1	46206836	46206837	75	20	2.09	2	1	0.09	1	1	0.91	unphased	0.629168573607933	0.629168573607933	1
1	47279948	47279949	19	13	2.09	2	1	0.09	1	1	0.91	unphased	1.21409873188406	1.21409873188406	1
1	52912092	52912093	38	7	2.09	2	1	0.09	1	1	0.91	unphased	0.464885668276973	0.464885668276973	1
1	57171804	57171805	40	15	1.02	2	1	0.01	0	1	0.99	unphased	0.523241106719368	0.523241106719368	1
1	70339167	70339168	149	43	1.02	2	1	0.01	0	1	0.99	unphased	0.429675422705314	0.429675422705314	1
1	71418535	71418536	28	13	1.02	2	1	0.01	0	1	0.99	unphased	0.608320961470484	0.608320961470484	1
1	72163762	72163763	22	26	1.02	2	1	0.01	0	1	0.99	unphased	1.03921497584541	1.03921497584541	1
1	74575141	74575142	25	11	1.02	2	1	0.01	0	1	0.99	unphased	0.58622383252818	0.58622383252818	1
1	74664009	74664010	34	7	1.02	2	1	0.01	0	1	0.99	unphased	0.327557440791799	0.327557440791799	1
1	74664010	74664011	35	8	1.02	2	1	0.01	0	1	0.99	unphased	0.356939669700034	0.356939669700034	1
1	79383545	79383546	122	35	1.02	2	1	0.01	0	1	0.99	unphased	0.427702390842795	0.427702390842795	1
1	82409208	82409209	49	60	1.02	2	1	0.01	0	1	0.99	unphased	1.05608296769047	1.05608296769047	1
1	87033121	87033122	32	20	1.02	2	1	0.01	0	1	0.99	unphased	0.737904124860647	0.737904124860647	1
1	89658686	89658687	93	19	1.02	2	1	0.01	0	1	0.99	unphased	0.325468426501035	0.325468426501035	1
1	92469991	92469992	78	25	1.02	2	1	0.01	0	1	0.99	unphased	0.465667651611088	0.465667651611088	1
1	94471098	94471099	34	33	1.08	2	1	0.04	0	1	0.96	unphased	0.974510058403634	0.974510058403634	1
1	100960461	100960462	34	41	1.08	2	1	0.04	0	1	0.96	unphased	1.0816077294686	1.0816077294686	1
1	102269861	102269862	48	39	1.08	2	1	0.04	0	1	0.96	unphased	0.886936531734133	0.886936531734133	1
1	117150880	117150881	6	7	1.08	2	1	0.04	0	1	0.96	unphased	1.0653734671126	1.0653734671126	1
1	118550694	118550695	40	33	1.08	2	1	0.04	0	1	0.96	unphased	0.894413341274568	0.894413341274568	1
1	119575621	119575622	74	55	1.08	2	1	0.04	0	1	0.96	unphased	0.843568138411415	0.843568138411415	1
1	119575622	119575623	73	55	1.08	2	1	0.04	0	1	0.96	unphased	0.850158514492754	0.850158514492754	1
1	144811943	144811944	195	43	1.08	2	1	0.04	0	1	0.96	unphased	0.357469248568993	0.357469248568993	1
1	150259145	150259146	102	88	1.08	2	1	0.04	0	1	0.96	unphased	0.916381388253242	0.916381388253242	1
1	151076125	151076126	52	23	1.08	2	1	0.04	0	1	0.96	unphased	0.606755555555556	0.606755555555556	1
1	152187487	152187488	814	60	1.08	2	1	0.04	0	1	0.96	unphased	0.135827280867575	0.135827280867575	1
1	152188471	152188472	1822	157	1.08	2	1	0.04	0	1	0.96	unphased	0.15696435763927	0.15696435763927	1
1	152191717	152191718	46	35	1.08	2	1	0.04	0	1	0.96	unphased	0.854929325460727	0.854929325460727	1
1	152326479	152326480	171	72	1.08	2	1	0.04	0	1	0.96	unphased	0.586237251744498	0.586237251744498	1
1	153004959	153004960	109	45	1.08	2	1	0.04	0	1	0.96	unphased	0.578147939017504	0.578147939017504	1
1	153430357	153430358	69	30	1.08	2	1	0.04	0	1	0.96	unphased	0.599560825647782	0.599560825647782	1
1	153905779	153905780	9	9	1.08	2	1	0.04	0	1	0.96	unphased	0.989275362318841	0.989275362318841	1
1	154241425	154241426	76	50	1.08	2	1	0.04	0	1	0.96	unphased	0.785139176443524	0.785139176443524	1
1	154317234	154317235	90	50	1.08	2	1	0.04	0	1	0.96	unphased	0.706625258799172	0.706625258799172	1
1	154401817	154401818	41	11	1.08	2	1	0.04	0	1	0.96	unphased	0.418539576365663	0.418539576365663	1
1	155630102	155630103	99	48	2.2	2	2	0.1	1	1	0.9	unphased	1.01177166518781	1.01177166518781	1
1	156642185	156642186	64	38	2.2	2	2	0.1	1	1	0.9	unphased	1.15436203466894	1.15436203466894	1
1	156883034	156883035	163	20	2.2	2	2	0.1	1	1	0.9	unphased	0.33863942345767	0.33863942345767	1
1	158325897	158325898	49	10	2.2	2	2	0.1	1	1	0.9	unphased	0.525178088921641	0.525178088921641	1
1	158577122	158577123	176	87	2.2	2	2	0.1	1	1	0.9	unphased	1.02499586708547	1.02499586708547	1
1	158613175	158613176	51	9	2.2	2	2	0.1	1	1	0.9	unphased	0.464782608695652	0.464782608695652	1
1	158815576	158815577	62	15	2.2	2	2	0.1	1	1	0.9	unphased	0.603613777526821	0.603613777526821	1
1	159410378	159410379	71	50	2.2	2	2	0.1	1	1	0.9	unphased	1.28039286142053	1.1639935103823	1.1
1	159923121	159923122	78	33	2.2	2	2	0.1	1	1	0.9	unphased	0.921190755973365	0.921190755973365	1
1	160011695	160011696	44	49	2.2	2	2	0.1	1	1	0.9	unphased	1.63256973663706	1.48415430603369	1.1
1	160063856	160063857	49	29	2.2	2	2	0.1	1	1	0.9	unphased	1.15202526941657	1.15202526941657	1
1	160129244	160129245	71	52	2.2	2	2	0.1	1	1	0.9	unphased	1.30995640391187	1.1908694581017	1.1
1	160385888	160385889	48	37	2.2	2	2	0.1	1	1	0.9	unphased	1.34878090366581	1.22616445787801	1.1
1	160388993	160388994	48	28	2.2	2	2	0.1	1	1	0.9	unphased	1.14157131960336	1.14157131960336	1
1	160970031	160970032	89	46	2.2	2	2	0.1	1	1	0.9	unphased	1.0558024691358	1.0558024691358	1
1	161089339	161089340	39	26	2.2	2	2	0.1	1	1	0.9	unphased	1.23942028985507	1.23942028985507	1
1	161123882	161123883	94	62	2.2	2	2	0.1	1	1	0.9	unphased	1.23147528799703	1.11952298908821	1.1
1	161641216	161641217	67	17	2.2	2	2	0.1	1	1	0.9	unphased	0.627087646652864	0.627087646652864	1
1	162353417	162353418	11	6	2.2	2	2	0.1	1	1	0.9	unphased	1.09360613810742	1.09360613810742	1
1	165632274	165632275	77	23	2.2	2	2	0.1	1	1	0.9	unphased	0.712666666666667	0.712666666666667	1
1	167096794	167096795	68	32	2.2	2	2	0.1	1	1	0.9	unphased	0.991536231884058	0.991536231884058	1
1	167871019	167871020	115	75	2.2	2	2	0.1	1	1	0.9	unphased	1.22311212814645	1.11192011649678	1.1
1	169564053	169564054	60	25	2.2	2	2	0.1	1	1	0.9	unphased	0.911338448422848	0.911338448422848	1
1	169699708	169699709	45	25	2.2	2	2	0.1	1	1	0.9	unphased	1.10662525879917	1.10662525879917	1
1	173494063	173494064	65	43	2.2	2	2	0.1	1	1	0.9	unphased	1.2336822329576	1.2336822329576	1
1	173616016	173616017	93	65	2.2	2	2	0.1	1	1	0.9	unphased	1.2747202348193	1.15883657710845	1.1
1	175372390	175372391	39	15	2.2	2	2	0.1	1	1	0.9	unphased	0.860708534621578	0.860708534621578	1
1	176525946	176525947	79	46	2.2	2	2	0.1	1	1	0.9	unphased	1.14026666666667	1.14026666666667	1
1	176668657	176668658	99	73	2.2	2	2	0.1	1	1	0.9	unphased	1.31508257499157	1.1955296136287	1.1
1	176740201	176740202	63	39	2.2	2	2	0.1	1	1	0.9	unphased	1.1847399829497	1.1847399829497	1
1	186273947	186273948	40	26	2.2	2	2	0.1	1	1	0.9	unphased	1.22064119455424	1.22064119455424	1
1	186316470	186316471	76	47	2.2	2	2	0.1	1	1	0.9	unphased	1.18399905738188	1.18399905738188	1
1	190203588	190203589	54	10	2.18	2	2	0.09	1	1	0.91	unphased	0.481023550724638	0.481023550724638	1
1	196876548	196876549	54	25	2.18	2	2	0.09	1	1	0.91	unphased	0.974224912860026	0.974224912860026	1
1	197404109	197404110	68	40	2.18	2	2	0.09	1	1	0.91	unphased	1.14020397208803	1.14020397208803	1
1	198721884	198721885	53	9	2.18	2	2	0.09	1	1	0.91	unphased	0.446886395511921	0.446886395511921	1
1	200008889	200008890	37	26	2.18	2	2	0.09	1	1	0.91	unphased	1.27051299746952	1.27051299746952	1
1	202538289	202538290	73	14	2.18	2	2	0.09	1	1	0.91	unphased	0.495398967183075	0.495398967183075	1
1	202858260	202858261	18	6	2.18	2	2	0.09	1	1	0.91	unphased	0.76963768115942	0.76963768115942	1
1	205028299	205028300	36	12	2.18	2	2	0.09	1	1	0.91	unphased	0.76963768115942	0.76963768115942	1
1	206566146	206566147	38	9	2.18	2	2	0.09	1	1	0.91	unphased	0.589509713228492	0.589509713228492	1
1	207041894	207041895	17	12	2.18	2	2	0.09	1	1	0.91	unphased	1.27388305847076	1.27388305847076	1
1	207135639	207135640	58	32	2.18	2	2	0.09	1	1	0.91	unphased	1.09459581320451	1.09459581320451	1
1	207651355	207651356	28	12	2.18	2	2	0.09	1	1	0.91	unphased	0.923565217391304	0.923565217391304	1
1	207868008	207868009	163	81	2.18	2	2	0.09	1	1	0.91	unphased	1.02197790449038	1.02197790449038	1
1	208062846	208062847	13	16	2.18	2	2	0.09	1	1	0.91	unphased	1.69851074462769	1.55826673819054	1.09
1	216595586	216595587	35	31	1.04	2	1	0.02	0	1	0.98	unphased	0.910531400966184	0.910531400966184	1
1	220088747	220088748	87	65	1.04	2	1	0.02	0	1	0.98	unphased	0.828985507246377	0.828985507246377	1
1	220088748	220088749	86	65	1.04	2	1	0.02	0	1	0.98	unphased	0.834475477493042	0.834475477493042	1
1	220161971	220161972	51	14	1.04	2	1	0.02	0	1	0.98	unphased	0.417534002229654	0.417534002229654	1
1	220275942	220275943	39	11	1.04	2	1	0.02	0	1	0.98	unphased	0.42648115942029	0.42648115942029	1
1	228335202	228335203	77	69	1.04	2	1	0.02	0	1	0.98	unphased	0.916164383561644	0.916164383561644	1
1	228412280	228412281	46	16	1.04	2	1	0.02	0	1	0.98	unphased	0.500271154745208	0.500271154745208	1
1	228646213	228646214	35	33	1.04	2	1	0.02	0	1	0.98	unphased	0.94076726342711	0.94076726342711	1
1	233515374	233515375	34	41	1	2	1	0	0	1	1	unphased	1.03787439613527	1.03787439613527	1
1	235971798	235971799	38	13	1	2	1	0	0	1	1	unphased	0.483944302358625	0.483944302358625	1
1	236205509	236205510	234	81	1	2	1	0	0	1	1	unphased	0.488198757763975	0.488198757763975	1
1	237659931	237659932	44	24	3	2	1	1	NA	NA	NA	unphased	1.37595907928389	0.687979539641944	2
1	237754252	237754253	24	16	3	2	1	1	NA	NA	NA	unphased	1.55942028985507	0.779710144927536	2
1	237796961	237796962	59	31	3	2	1	1	NA	NA	NA	unphased	1.34283413848631	0.671417069243156	2
1	237947028	237947029	18	5	3	2	1	1	NA	NA	NA	unphased	0.847511027095148	0.847511027095148	1
1	237955572	237955573	27	12	3	2	1	1	NA	NA	NA	unphased	1.19955406911929	1.19955406911929	1
1	241799077	241799078	24	21	3	2	1	1	NA	NA	NA	unphased	1.81932367149758	0.909661835748792	2
1	247587328	247587329	20	11	3	2	1	1	NA	NA	NA	unphased	1.3833567087424	1.3833567087424	1
1	247752516	247752517	138	47	3	2	1	1	NA	NA	NA	unphased	0.990442616529573	0.990442616529573	1
1	248085174	248085175	93	66	NA	NA	NA	NA	NA	NA	NA	unphased	NA	NA	1
1	248129012	248129013	240	60	NA	NA	NA	NA	NA	NA	NA	unphased	NA	NA	1
1	248129013	248129014	237	62	NA	NA	NA	NA	NA	NA	NA	unphased	NA	NA	1
1	248263255	248263256	114	28	NA	NA	NA	NA	NA	NA	NA	unphased	NA	NA	1
1	248458803	248458804	51	61	NA	NA	NA	NA	NA	NA	NA	unphased	NA	NA	1
1	248512377	248512378	45	9	NA	NA	NA	NA	NA	NA	NA	unphased	NA	NA	1
1	248570314	248570315	150	37	NA	NA	NA	NA	NA	NA	NA	unphased	NA	NA	1
1	248616546	248616547	48	22	NA	NA	NA	NA	NA	NA	NA	unphased	NA	NA	1
1	248685668	248685669	75	29	NA	NA	NA	NA	NA	NA	NA	unphased	NA	NA	1
10	3822385	3822386	25	38	2	2	0	1	NA	NA	NA	unphased	1.74833218311479	0.874166091557396	2
10	18242407	18242408	15	29	2	2	0	1	NA	NA	NA	unphased	1.91040843214756	0.955204216073781	2
10	18885167	18885168	21	48	2	2	0	1	NA	NA	NA	unphased	2.01638311279143	1.00819155639572	2
10	21074741	21074742	38	20	2	2	0	1	NA	NA	NA	unphased	0.999500249875063	0.999500249875063	1
10	24873741	24873742	43	11	2	2	0	1	NA	NA	NA	unphased	0.59044551798175	0.59044551798175	1
10	35928567	35928568	52	11	2.18	2	2	0.09	1	1	0.91	unphased	0.537524729698643	0.537524729698643	1
10	43294026	43294027	82	51	2.18	2	2	0.09	1	1	0.91	unphased	1.18049689440994	1.18049689440994	1
10	48389274	48389275	28	16	1.15	2	2	0.05	0	1	0.95	unphased	0.744927536231884	0.744927536231884	1
10	49440267	49440268	43	22	1.15	2	2	0.05	0	1	0.95	unphased	0.693355629877369	0.693355629877369	1
10	50532600	50532601	33	19	1.15	2	2	0.05	0	1	0.95	unphased	0.748508918617614	0.748508918617614	1
10	51768802	51768803	266	141	1.15	2	2	0.05	0	1	0.95	unphased	0.709694477085781	0.709694477085781	1
10	52913062	52913063	45	34	1.15	2	2	0.05	0	1	0.95	unphased	0.881654742249129	0.881654742249129	1
10	58119605	58119606	33	29	1.15	2	2	0.05	0	1	0.95	unphased	0.958193080878915	0.958193080878915	1
10	64136309	64136310	80	12	1.15	2	2	0.05	0	1	0.95	unphased	0.267202268431002	0.267202268431002	1
10	70513757	70513758	77	55	2.2	2	2	0.1	1	1	0.9	unphased	1.29106280193237	1.17369345630215	1.1
10	73956648	73956649	30	19	2.2	2	2	0.1	1	1	0.9	unphased	1.20147885241053	1.20147885241053	1
10	81697778	81697779	196	83	4.64	3	2	0.88	1	1	0.12	unphased	1.64766921198899	0.876419793611164	1.88
10	87675958	87675959	38	12	4.64	3	2	0.88	1	1	0.12	unphased	1.32925217391304	1.32925217391304	1
10	88703594	88703595	48	46	4.64	3	2	0.88	1	1	0.12	unphased	2.71035460992908	0.982012539829376	2.76
10	88717387	88717388	26	7	4.64	3	2	0.88	1	1	0.12	unphased	1.17484409310496	1.17484409310496	1
10	90966705	90966706	32	10	1.18	2	2	0.06	0	1	0.94	unphased	0.494893029675638	0.494893029675638	1
10	92660419	92660420	105	67	1.18	2	2	0.06	0	1	0.94	unphased	0.809668014829795	0.809668014829795	1
10	95394660	95394661	43	35	1.18	2	2	0.06	0	1	0.94	unphased	0.932683017465626	0.932683017465626	1
10	95405727	95405728	35	25	1.18	2	2	0.06	0	1	0.94	unphased	0.866062801932367	0.866062801932367	1
10	95557312	95557313	48	29	1.18	2	2	0.06	0	1	0.94	unphased	0.78283079239601	0.78283079239601	1
10	95931021	95931022	94	84	1.18	2	2	0.06	0	1	0.94	unphased	0.980889106008793	0.980889106008793	1
10	96701753	96701754	87	86	1.18	2	2	0.06	0	1	0.94	unphased	1.03326799028232	1.03326799028232	1
10	98084036	98084037	81	63	1.18	2	2	0.06	0	1	0.94	unphased	0.909365942028986	0.909365942028986	1
10	98741670	98741671	79	41	1.18	2	2	0.06	0	1	0.94	unphased	0.710171497584541	0.710171497584541	1
10	99019331	99019332	109	49	1.18	2	2	0.06	0	1	0.94	unphased	0.644613832324344	0.644613832324344	1
10	99215369	99215370	147	76	1.18	2	2	0.06	0	1	0.94	unphased	0.70838500032495	0.70838500032495	1
10	102733329	102733330	32	22	1.06	2	1	0.03	0	1	0.97	unphased	0.797928073000537	0.797928073000537	1
10	105350165	105350166	27	12	1.06	2	1	0.03	0	1	0.97	unphased	0.60263099219621	0.60263099219621	1
10	108337227	108337228	77	44	1.06	2	1	0.03	0	1	0.97	unphased	0.712200263504611	0.712200263504611	1
10	111876107	111876108	49	29	1.06	2	1	0.03	0	1	0.97	unphased	0.72817911557042	0.72817911557042	1
10	116203884	116203885	62	46	1.06	2	1	0.03	0	1	0.97	unphased	0.834197530864198	0.834197530864198	1
10	120354231	120354232	6	6	1.06	2	1	0.03	0	1	0.97	unphased	0.979275362318841	0.979275362318841	1
10	124036348	124036349	77	27	1.06	2	1	0.03	0	1	0.97	unphased	0.508469899665552	0.508469899665552	1
10	124358300	124358301	281	166	1.06	2	1	0.03	0	1	0.97	unphased	0.727336510715559	0.727336510715559	1
10	124458872	124458873	65	16	1.06	2	1	0.03	0	1	0.97	unphased	0.386874217212381	0.386874217212381	1
10	124459150	124459151	19	15	1.06	2	1	0.03	0	1	0.97	unphased	0.864066496163683	0.864066496163683	1
10	127462432	127462433	35	28	1.06	2	1	0.03	0	1	0.97	unphased	0.870466988727858	0.870466988727858	1
10	129350763	129350764	276	136	1.06	2	1	0.03	0	1	0.97	unphased	0.646511889686225	0.646511889686225	1
10	131964858	131964859	48	33	1.06	2	1	0.03	0	1	0.97	unphased	0.797928073000537	0.797928073000537	1
10	134014386	134014387	24	25	1.06	2	1	0.03	0	1	0.97	unphased	0.999260573794735	0.999260573794735	1
10	135438973	135438974	198	11	NA	NA	NA	NA	NA	NA	NA	unphased	NA	NA	1
11	376073	376074	7	11	NA	NA	NA	NA	NA	NA	NA	unphased	NA	NA	1
11	1162304	1162305	9	16	1.01	2	0	0.01	0	1	0.99	unphased	1.22147246376812	1.22147246376812	1
11	1311490	1311491	18	11	1.01	2	0	0.01	0	1	0.99	unphased	0.723933033483258	0.723933033483258	1
11	2434786	2434787	9	9	1.01	2	0	0.01	0	1	0.99	unphased	0.954275362318841	0.954275362318841	1
11	3111857	3111858	17	12	1.01	2	0	0.01	0	1	0.99	unphased	0.789745127436282	0.789745127436282	1
11	4608443	4608444	31	37	1.04	2	0	0.04	0	1	0.96	unphased	1.05479965899403	1.05479965899403	1
11	4608444	4608445	30	37	1.04	2	0	0.04	0	1	0.96	unphased	1.07054293748648	1.07054293748648	1
11	4626535	4626536	28	55	1.04	2	0	0.04	0	1	0.96	unphased	1.2845818054828	1.23517481296423	1.04
11	4661786	4661787	29	54	1.04	2	0	0.04	0	1	0.96	unphased	1.26122577265584	1.21271708909215	1.04
11	4703826	4703827	19	37	1.04	2	0	0.04	0	1	0.96	unphased	1.2808281573499	1.23156553591336	1.04
11	5080734	5080735	9	31	1.04	2	0	0.04	0	1	0.96	unphased	1.5023768115942	1.44459308807135	1.04
11	5153663	5153664	21	29	1.04	2	0	0.04	0	1	0.96	unphased	1.12435942028986	1.12435942028986	1
11	5221842	5221843	46	24	1.04	2	0	0.04	0	1	0.96	unphased	0.664645962732919	0.664645962732919	1
11	5246902	5246903	23	51	1.04	2	0	0.04	0	1	0.96	unphased	1.33602820211516	1.28464250203381	1.04
11	5411033	5411034	108	60	1.04	2	0	0.04	0	1	0.96	unphased	0.692339544513458	0.692339544513458	1
11	5776787	5776788	120	6	1.04	2	0	0.04	0	1	0.96	unphased	0.092311939268461	0.092311939268461	1
11	5799722	5799723	78	29	1.04	2	0	0.04	0	1	0.96	unphased	0.525401598266288	0.525401598266288	1
11	5799747	5799748	76	31	1.04	2	0	0.04	0	1	0.96	unphased	0.561636191250169	0.561636191250169	1
11	6023878	6023879	9	20	1.04	2	0	0.04	0	1	0.96	unphased	1.33693153423288	1.28551109060854	1.04
11	6129884	6129885	76	5	1.04	2	0	0.04	0	1	0.96	unphased	0.119663624977635	0.119663624977635	1
11	6291458	6291459	13	24	1.04	2	0	0.04	0	1	0.96	unphased	1.25743830787309	1.25743830787309	1
11	6867460	6867461	69	28	1.04	2	0	0.04	0	1	0.96	unphased	0.559581652472733	0.559581652472733	1
11	10598094	10598095	33	64	1.04	2	0	0.04	0	1	0.96	unphased	1.27904377708053	1.22984978565436	1.04
11	14825593	14825594	9	15	1.04	2	0	0.04	0	1	0.96	unphased	1.21159420289855	1.21159420289855	1
11	18750430	18750431	14	15	1.04	2	0	0.04	0	1	0.96	unphased	1.00269865067466	1.00269865067466	1
11	22248962	22248963	31	46	1.04	2	0	0.04	0	1	0.96	unphased	1.15809523809524	1.15809523809524	1
11	26725152	26725153	93	7	1.13	2	0	0.13	1	0	0.87	unphased	0.141998550724638	1.09229654403567	0.13
11	33604899	33604900	4	9	1.13	2	0	0.13	1	0	0.87	unphased	1.40438127090301	1.40438127090301	1
11	35747672	35747673	12	22	1.13	2	0	0.13	1	0	0.87	unphased	1.31259164535379	1.31259164535379	1
11	36597071	36597072	26	52	1.13	2	0	0.13	1	0	0.87	unphased	1.35236714975845	1.19678508828182	1.13
11	47765512	47765513	28	17	2	2	0	1	NA	NA	NA	unphased	1.09500805152979	1.09500805152979	1
11	47767895	47767896	17	38	2	2	0	1	NA	NA	NA	unphased	2.00263504611331	1.00131752305665	2
11	48510987	48510988	19	61	2	2	0	1	NA	NA	NA	unphased	2.21014492753623	1.10507246376812	2
11	55861051	55861052	140	83	NA	NA	NA	NA	NA	NA	NA	unphased	NA	NA	1
11	55861084	55861085	132	55	NA	NA	NA	NA	NA	NA	NA	unphased	NA	NA	1
11	55944179	55944180	165	86	NA	NA	NA	NA	NA	NA	NA	unphased	NA	NA	1
11	55944521	55944522	56	48	NA	NA	NA	NA	NA	NA	NA	unphased	NA	NA	1
11	56043757	56043758	148	80	4	2	2	1	NA	NA	NA	unphased	1.71878972794305	0.859394863971523	2
11	56058347	56058348	245	137	4	2	2	1	NA	NA	NA	unphased	1.75681007663707	0.878405038318537	2
11	56309948	56309949	60	37	4	2	2	1	NA	NA	NA	unphased	1.86851934857314	0.934259674286568	2
11	57798798	57798799	93	41	4	2	2	1	NA	NA	NA	unphased	1.49881029634437	0.749405148172183	2
11	59211321	59211322	145	67	4	2	2	1	NA	NA	NA	unphased	1.54812687995625	0.774063439978124	2
11	59604669	59604670	61	37	4	2	2	1	NA	NA	NA	unphased	1.8494528246081	0.924726412304052	2
11	60541371	60541372	94	27	4	2	2	1	NA	NA	NA	unphased	1.09306503772907	1.09306503772907	1
11	62292196	62292197	123	94	4	2	2	1	NA	NA	NA	unphased	2.12195284846056	1.06097642423028	2
11	62297613	62297614	263	146	4	2	2	1	NA	NA	NA	unphased	1.74862690903937	0.874313454519684	2
11	62356653	62356654	37	20	4	2	2	1	NA	NA	NA	unphased	1.71878972794305	0.859394863971523	2
11	62678101	62678102	38	18	4	2	2	1	NA	NA	NA	unphased	1.57453416149068	0.787267080745342	2
11	63974905	63974906	64	16	4	2	2	1	NA	NA	NA	unphased	0.979710144927536	0.979710144927536	1
11	63978897	63978898	14	5	4	2	2	1	NA	NA	NA	unphased	1.28909229595728	1.28909229595728	1
11	63994327	63994328	68	53	4	2	2	1	NA	NA	NA	unphased	2.14564618517188	1.07282309258594	2
11	64361119	64361120	49	18	4	2	2	1	NA	NA	NA	unphased	1.31602855288774	1.31602855288774	1
11	65265500	65265501	62	40	4	2	2	1	NA	NA	NA	unphased	1.92100028417164	0.96050014208582	2
11	65268040	65268041	69	42	4	2	2	1	NA	NA	NA	unphased	1.85350567959264	0.926752839796318	2
11	65562767	65562768	14	9	4	2	2	1	NA	NA	NA	unphased	1.91682419659735	0.958412098298677	2
11	65766115	65766116	192	108	4	2	2	1	NA	NA	NA	unphased	1.76347826086957	0.881739130434783	2
11	66948815	66948816	17	10	4	2	2	1	NA	NA	NA	unphased	1.8142780461621	0.907139023081052	2
11	71949405	71949406	17	14	4	2	2	1	NA	NA	NA	unphased	2.2122487143525	1.10612435717625	2
11	73670599	73670600	50	26	4	2	2	1	NA	NA	NA	unphased	1.67581998474447	0.837909992372235	2
11	74056625	74056626	60	28	4	2	2	1	NA	NA	NA	unphased	1.55862977602108	0.77931488801054	2
11	75379384	75379385	64	24	4	2	2	1	NA	NA	NA	unphased	1.33596837944664	1.33596837944664	1
11	76063341	76063342	40	29	4	2	2	1	NA	NA	NA	unphased	2.05881117412308	1.02940558706154	2
11	88323859	88323860	57	44	4	2	2	1	NA	NA	NA	unphased	2.13402209786196	1.06701104893098	2
11	92543063	92543064	42	39	4	2	2	1	NA	NA	NA	unphased	2.35856146001074	1.17928073000537	2
11	93796812	93796813	72	47	4	2	2	1	NA	NA	NA	unphased	1.93472171477287	0.967360857386433	2
11	102991710	102991711	17	18	4	2	2	1	NA	NA	NA	unphased	2.51925465838509	1.25962732919255	2
11	103797706	103797707	25	16	4	2	2	1	NA	NA	NA	unphased	1.91162955107812	0.95581477553906	2
11	104817916	104817917	64	44	4	2	2	1	NA	NA	NA	unphased	1.99570585077831	0.997852925389157	2
11	106810870	106810871	40	31	4	2	2	1	NA	NA	NA	unphased	2.13880383751786	1.06940191875893	2
11	107260851	107260852	28	19	4	2	2	1	NA	NA	NA	unphased	1.98026518655566	0.990132593277829	2
11	108122643	108122644	66	41	4	2	2	1	NA	NA	NA	unphased	1.87701476364621	0.938507381823107	2
11	113076387	113076388	69	40	4	2	2	1	NA	NA	NA	unphased	1.79763329344502	0.89881664672251	2
11	113103016	113103017	43	34	4	2	2	1	NA	NA	NA	unphased	2.16299642386599	1.08149821193299	2
11	118307519	118307520	26	10	4	2	2	1	NA	NA	NA	unphased	1.36070853462158	1.36070853462158	1
11	118390388	118390389	97	54	4	2	2	1	NA	NA	NA	unphased	1.7517995968903	0.875899798445148	2
11	118390684	118390685	31	11	4	2	2	1	NA	NA	NA	unphased	1.28295376121463	1.28295376121463	1
11	119983127	119983128	42	36	4	2	2	1	NA	NA	NA	unphased	2.26086956521739	1.1304347826087	2
11	120312487	120312488	97	74	4	2	2	1	NA	NA	NA	unphased	2.11984066446309	1.05992033223154	2
11	120957513	120957514	28	19	4	2	2	1	NA	NA	NA	unphased	1.98026518655566	0.990132593277829	2
11	121023651	121023652	51	33	4	2	2	1	NA	NA	NA	unphased	1.92443064182195	0.962215320910973	2
11	122930692	122930693	61	25	6	4	2	1	NA	NA	NA	unphased	2.00539265251095	1.00269632625548	2
11	123810821	123810822	104	45	6	4	2	1	NA	NA	NA	unphased	2.08345491683688	1.04172745841844	2
11	126079499	126079500	326	117	6	4	2	1	NA	NA	NA	unphased	1.82196486406909	0.910982432034547	2
11	126201303	126201304	195	48	6	4	2	1	NA	NA	NA	unphased	1.36267668634818	0.681338343174092	2
11	126201330	126201331	173	50	6	4	2	1	NA	NA	NA	unphased	1.54676025216092	0.773380126080458	2
11	134028315	134028316	80	37	6	4	2	1	NA	NA	NA	unphased	2.18159296420166	1.09079648210083	2
12	274922	274923	63	9	NA	NA	NA	NA	NA	NA	NA	unphased	NA	NA	1
12	2939957	2939958	102	8	1.56	4	1	0.14	1	0	0.86	unphased	0.178803689064559	1.27716920760399	0.14
12	4848445	4848446	63	23	3	2	1	1	NA	NA	NA	unphased	1.04263565891473	1.04263565891473	1
12	5154899	5154900	38	14	3	2	1	1	NA	NA	NA	unphased	1.04960981047938	1.04960981047938	1
12	6604359	6604360	35	40	3	2	1	1	NA	NA	NA	unphased	2.0792270531401	1.03961352657005	2
12	6772255	6772256	23	21	3	2	1	1	NA	NA	NA	unphased	1.86067193675889	0.930335968379447	2
12	7079434	7079435	137	50	3	2	1	1	NA	NA	NA	unphased	1.04239324188173	1.04239324188173	1
12	10167337	10167338	31	7	3	2	1	1	NA	NA	NA	unphased	0.71815408085431	0.71815408085431	1
12	11061627	11061628	55	13	3	2	1	1	NA	NA	NA	unphased	0.745311167945439	0.745311167945439	1
12	11183139	11183140	160	170	3	2	1	1	NA	NA	NA	unphased	2.00834431269214	1.00417215634607	2
12	11546890	11546891	106	118	3	2	1	1	NA	NA	NA	unphased	2.05370082815735	1.02685041407867	2
12	13720196	13720197	30	16	3	2	1	1	NA	NA	NA	unphased	1.35601764335224	1.35601764335224	1
12	13720198	13720199	30	16	3	2	1	1	NA	NA	NA	unphased	1.35601764335224	1.35601764335224	1
12	15090911	15090912	108	30	3	2	1	1	NA	NA	NA	unphased	0.847511027095148	0.847511027095148	1
12	22624343	22624344	38	10	3	2	1	1	NA	NA	NA	unphased	0.81219806763285	0.81219806763285	1
12	28123177	28123178	9	7	3	2	1	1	NA	NA	NA	unphased	1.70561594202899	1.70561594202899	1
12	32735364	32735365	27	19	3	2	1	1	NA	NA	NA	unphased	1.61027095148078	0.805135475740391	2
12	32735365	32735366	26	19	3	2	1	1	NA	NA	NA	unphased	1.64605475040258	0.823027375201288	2
12	39980045	39980046	48	35	1.39	2	2	0.13	1	0	0.87	unphased	0.965051510389384	0.965051510389384	1
12	43769919	43769920	11	6	1.39	2	2	0.13	1	0	0.87	unphased	0.807723785166241	0.807723785166241	1
12	45059387	45059388	57	55	1.39	2	2	0.13	1	0	0.87	unphased	1.123841873706	1.123841873706	1
12	48378331	48378332	32	19	4	2	2	1	NA	NA	NA	unphased	1.82495026996306	0.912475134981529	2
12	49935462	49935463	146	131	4	2	2	1	NA	NA	NA	unphased	2.31664312248208	1.15832156124104	2
12	49994811	49994812	53	31	4	2	2	1	NA	NA	NA	unphased	1.80779848171153	0.903899240855763	2
12	50501470	50501471	115	82	4	2	2	1	NA	NA	NA	unphased	2.03899065695579	1.01949532847789	2
12	52960811	52960812	82	52	4	2	2	1	NA	NA	NA	unphased	1.90093013194895	0.950465065974476	2
12	53086621	53086622	59	41	4	2	2	1	NA	NA	NA	unphased	2.00840579710145	1.00420289855072	2
12	53237913	53237914	153	86	4	2	2	1	NA	NA	NA	unphased	1.7626584197441	0.881329209872052	2
12	53931198	53931199	45	20	4	2	2	1	NA	NA	NA	unphased	1.50724637681159	0.753623188405797	2
12	54797059	54797060	153	110	4	2	2	1	NA	NA	NA	unphased	2.04882349699675	1.02441174849837	2
12	55862991	55862992	43	20	4	2	2	1	NA	NA	NA	unphased	1.55509546813895	0.777547734069473	2
12	56429121	56429122	148	41	4	2	2	1	NA	NA	NA	unphased	1.06264856989495	1.06264856989495	1
12	57422607	57422608	60	39	4	2	2	1	NA	NA	NA	unphased	1.92973210364515	0.964866051822574	2
12	57871337	57871338	50	41	4	2	2	1	NA	NA	NA	unphased	2.20703933747412	1.10351966873706	2
12	57884034	57884035	271	8	4	2	2	1	NA	NA	NA	unphased	0.140460235831905	0.140460235831905	1
12	58019491	58019492	42	32	4	2	2	1	NA	NA	NA	unphased	2.11829220524873	1.05914610262436	2
12	58122070	58122071	20	10	4	2	2	1	NA	NA	NA	unphased	1.63285024154589	1.63285024154589	1
12	62104183	62104184	129	72	4	2	2	1	NA	NA	NA	unphased	1.75470473718365	0.877352368591823	2
12	66622045	66622046	111	70	4	2	2	1	NA	NA	NA	unphased	1.89446713107535	0.947233565537673	2
12	70956858	70956859	20	11	4	2	2	1	NA	NA	NA	unphased	1.73819541841982	0.869097709209911	2
12	78415550	78415551	47	38	4	2	2	1	NA	NA	NA	unphased	2.18994032395567	1.09497016197783	2
12	78542636	78542637	20	10	4	2	2	1	NA	NA	NA	unphased	1.63285024154589	1.63285024154589	1
12	78594281	78594282	66	25	4	2	2	1	NA	NA	NA	unphased	1.34575569358178	1.34575569358178	1
12	81111200	81111201	83	51	4	2	2	1	NA	NA	NA	unphased	1.86437378325763	0.932186891628813	2
12	86373509	86373510	44	32	2.2	2	2	0.1	1	1	0.9	unphased	1.30465293668955	1.18604812426323	1.1
12	93863090	93863091	40	21	2.2	2	2	0.1	1	1	0.9	unphased	1.06671418389166	1.06671418389166	1
12	100660848	100660849	61	36	4	2	2	1	NA	NA	NA	unphased	1.81801882563873	0.909009412819364	2
12	100897247	100897248	32	4	4	2	2	1	NA	NA	NA	unphased	0.544283413848631	0.544283413848631	1
12	103310880	103310881	27	13	2.13	2	1	0.13	1	1	0.87	unphased	0.984278985507246	0.984278985507246	1
12	107371571	107371572	143	32	2.13	2	1	0.13	1	1	0.87	unphased	0.553792132505176	0.553792132505176	1
12	108082451	108082452	27	39	2.13	2	1	0.13	1	1	0.87	unphased	1.78959815546772	1.58371518182984	1.13
12	108603896	108603897	40	14	2.13	2	1	0.13	1	1	0.87	unphased	0.785179817498658	0.785179817498658	1
12	110017674	110017675	28	12	2.13	2	1	0.13	1	1	0.87	unphased	0.908565217391304	0.908565217391304	1
12	110784086	110784087	58	21	2.13	2	1	0.13	1	1	0.87	unphased	0.805057787561915	0.805057787561915	1
12	112121072	112121073	89	73	2.13	2	1	0.13	1	1	0.87	unphased	1.36471730184291	1.20771442640965	1.13
12	112184049	112184050	57	43	2.13	2	1	0.13	1	1	0.87	unphased	1.3022768115942	1.1524573553931	1.13
12	112184987	112184988	25	24	2.13	2	1	0.13	1	1	0.87	unphased	1.48337178349601	1.31271839247434	1.13
12	113624488	113624489	9	5	2.13	2	1	0.13	1	1	0.87	unphased	1.08162525879917	1.08162525879917	1
12	114793870	114793871	72	40	2.13	2	1	0.13	1	1	0.87	unphased	1.08162525879917	1.08162525879917	1
12	114793894	114793895	53	30	2.13	2	1	0.13	1	1	0.87	unphased	1.09465688842326	1.09465688842326	1
12	117290644	117290645	8	3	2.13	2	1	0.13	1	1	0.87	unphased	0.82596837944664	0.82596837944664	1
12	120593436	120593437	66	69	2.13	2	1	0.13	1	1	0.87	unphased	1.54792592592593	1.36984595214684	1.13
12	120884122	120884123	55	26	2.13	2	1	0.13	1	1	0.87	unphased	0.972127393093577	0.972127393093577	1
12	122413567	122413568	62	17	2.13	2	1	0.13	1	1	0.87	unphased	0.651713447073931	0.651713447073931	1
12	123253663	123253664	53	28	2.13	2	1	0.13	1	1	0.87	unphased	1.04690642333154	1.04690642333154	1
12	123983219	123983220	68	63	2.13	2	1	0.13	1	1	0.87	unphased	1.45647859276469	1.28891910864132	1.13
12	123984070	123984071	19	24	2.13	2	1	0.13	1	1	0.87	unphased	1.69035389282103	1.49588840072658	1.13
12	125455931	125455932	15	3	2.13	2	1	0.13	1	1	0.87	unphased	0.50475845410628	0.50475845410628	1
12	130845874	130845875	52	11	2.13	2	1	0.13	1	1	0.87	unphased	0.528794570968484	0.528794570968484	1
12	133219892	133219893	44	46	NA	NA	NA	NA	NA	NA	NA	unphased	NA	NA	1
13	23907940	23907941	69	17	2.18	2	2	0.09	1	1	0.91	unphased	0.608550724637681	0.608550724637681	1
13	24242197	24242198	27	3	2.18	2	2	0.09	1	1	0.91	unphased	0.307855072463768	0.307855072463768	1
13	27241667	27241668	62	43	2.18	2	2	0.09	1	1	0.91	unphased	1.26073982056591	1.15664203721643	1.09
13	29236607	29236608	77	35	2.18	2	2	0.09	1	1	0.91	unphased	0.962047101449275	0.962047101449275	1
13	36367603	36367604	89	46	4	2	2	1	NA	NA	NA	unphased	1.66913580246914	0.834567901234568	2
13	37598566	37598567	14	13	4	2	2	1	NA	NA	NA	unphased	2.35856146001074	1.17928073000537	2
13	37679431	37679432	43	23	4	2	2	1	NA	NA	NA	unphased	1.70707070707071	0.853535353535354	2
13	42734233	42734234	88	55	4	2	2	1	NA	NA	NA	unphased	1.88405797101449	0.942028985507247	2
13	44971455	44971456	33	13	4	2	2	1	NA	NA	NA	unphased	1.38437303087587	1.38437303087587	1
13	46288331	46288332	19	5	4	2	2	1	NA	NA	NA	unphased	1.02053140096618	1.02053140096618	1
13	53418685	53418686	32	28	4	2	2	1	NA	NA	NA	unphased	2.28599033816425	1.14299516908213	2
13	61109366	61109367	76	16	4	2	2	1	NA	NA	NA	unphased	0.851921865154379	0.851921865154379	1
13	67205538	67205539	24	26	4	2	2	1	NA	NA	NA	unphased	2.54724637681159	1.2736231884058	2
13	67205539	67205540	22	26	4	2	2	1	NA	NA	NA	unphased	2.65338164251208	1.32669082125604	2
13	79940296	79940297	38	42	4	2	2	1	NA	NA	NA	unphased	2.57173913043478	1.28586956521739	2
13	88328814	88328815	25	21	4	2	2	1	NA	NA	NA	unphased	2.23629489603025	1.11814744801512	2
13	88329342	88329343	112	87	4	2	2	1	NA	NA	NA	unphased	2.14157745247979	1.0707887262399	2
13	95050794	95050795	40	33	1.12	2	2	0.04	0	1	0.96	unphased	0.91249553305539	0.91249553305539	1
13	100617995	100617996	58	37	1.12	2	2	0.04	0	1	0.96	unphased	0.786172387490465	0.786172387490465	1
13	101717847	101717848	67	35	1.12	2	2	0.04	0	1	0.96	unphased	0.692639954532538	0.692639954532538	1
13	103718409	103718410	66	47	1.12	2	2	0.04	0	1	0.96	unphased	0.839574195203283	0.839574195203283	1
13	108860938	108860939	26	10	1.12	2	2	0.04	0	1	0.96	unphased	0.560708534621578	0.560708534621578	1
13	111372068	111372069	63	15	1.12	2	2	0.04	0	1	0.96	unphased	0.388182831661093	0.388182831661093	1
13	115064399	115064400	14	5	NA	NA	NA	NA	NA	NA	NA	unphased	NA	NA	1
14	20344472	20344473	207	98	NA	NA	NA	NA	NA	NA	NA	unphased	NA	NA	1
14	21052126	21052127	10	23	2	2	0	1	NA	NA	NA	unphased	2.02020202020202	1.01010101010101	2
14	22133672	22133673	43	101	2	2	0	1	NA	NA	NA	unphased	2.03301127214171	1.01650563607085	2
14	23857515	23857516	27	32	2	2	0	1	NA	NA	NA	unphased	1.57209530827806	0.786047654139032	2
14	23885393	23885394	56	70	2	2	0	1	NA	NA	NA	unphased	1.61030595813205	0.805152979066023	2
14	24801053	24801054	8	20	2	2	0	1	NA	NA	NA	unphased	2.0703933747412	1.0351966873706	2
14	28734128	28734129	17	22	2	2	0	1	NA	NA	NA	unphased	1.63507989594946	0.817539947974731	2
14	45628363	45628364	10	14	2	2	0	1	NA	NA	NA	unphased	1.69082125603865	0.845410628019324	2
14	53529774	53529775	43	99	2	2	0	1	NA	NA	NA	unphased	2.02082057562768	1.01041028781384	2
14	60903707	60903708	118	47	2	2	0	1	NA	NA	NA	unphased	0.825647782169521	0.825647782169521	1
14	69345743	69345744	131	129	3	2	1	1	NA	NA	NA	unphased	1.93428093645485	0.967140468227425	2
14	69522222	69522223	142	50	3	2	1	1	NA	NA	NA	unphased	1.01524758454106	1.01524758454106	1
14	70842433	70842434	95	64	3	2	1	1	NA	NA	NA	unphased	1.56922796463404	0.784613982317018	2
14	73421105	73421106	33	30	3	2	1	1	NA	NA	NA	unphased	1.85645272601794	0.928226363008972	2
14	75138119	75138120	54	14	3	2	1	1	NA	NA	NA	unphased	0.802642796248934	0.802642796248934	1
14	81610250	81610251	137	48	3	2	1	1	NA	NA	NA	unphased	1.01151586368978	1.01151586368978	1
14	89163229	89163230	19	16	3	2	1	1	NA	NA	NA	unphased	1.78219461697723	0.891097308488613	2
14	94007064	94007065	66	20	3	2	1	1	NA	NA	NA	unphased	0.906639703404112	0.906639703404112	1
14	94007065	94007066	64	20	3	2	1	1	NA	NA	NA	unphased	0.928226363008972	0.928226363008972	1
14	94121583	94121584	41	36	3	2	1	1	NA	NA	NA	unphased	1.82269904009034	0.911349520045172	2
14	94139750	94139751	105	23	3	2	1	1	NA	NA	NA	unphased	0.700520833333333	0.700520833333333	1
14	94845920	94845921	61	47	3	2	1	1	NA	NA	NA	unphased	1.69659151905529	0.848295759527644	2
14	96136810	96136811	52	14	3	2	1	1	NA	NA	NA	unphased	0.826965305226175	0.826965305226175	1
14	96761466	96761467	68	23	3	2	1	1	NA	NA	NA	unphased	0.985347985347985	0.985347985347985	1
14	96811722	96811723	13	12	3	2	1	1	NA	NA	NA	unphased	1.87130434782609	0.935652173913043	2
14	101404542	101404543	127	42	3	2	1	1	NA	NA	NA	unphased	0.968870594288654	0.968870594288654	1
14	105518182	105518183	132	28	3	2	1	1	NA	NA	NA	unphased	0.682246376811594	0.682246376811594	1
15	25213179	25213180	29	20	1.14	2	1	0.07	1	0	0.93	unphased	0.832061520260278	0.832061520260278	1
15	25310176	25310177	56	46	1.14	2	1	0.07	1	0	0.93	unphased	0.919346405228758	0.919346405228758	1
15	25427353	25427354	18	3	1.14	2	1	0.07	1	0	0.93	unphased	0.291221532091097	0.291221532091097	1
15	25427582	25427583	188	116	1.14	2	1	0.07	1	0	0.93	unphased	0.777868039664379	0.777868039664379	1
15	27128319	27128320	37	5	1.14	2	1	0.07	1	0	0.93	unphased	0.242684610075914	0.242684610075914	1
15	28518036	28518037	37	11	1.14	2	1	0.07	1	0	0.93	unphased	0.467167874396135	0.467167874396135	1
15	31776341	31776342	22	4	1.14	2	1	0.07	1	0	0.93	unphased	0.313623188405797	0.313623188405797	1
15	33893752	33893753	22	5	1.14	2	1	0.07	1	0	0.93	unphased	0.377509393451422	0.377509393451422	1
15	40226471	40226472	16	4	1.14	2	1	0.07	1	0	0.93	unphased	0.407710144927536	0.407710144927536	1
15	42166126	42166127	45	10	1.14	2	1	0.07	1	0	0.93	unphased	0.37064558629776	0.37064558629776	1
15	43749010	43749011	82	58	1.14	2	1	0.07	1	0	0.93	unphased	0.844542443064182	0.844542443064182	1
15	43831747	43831748	12	8	1.14	2	1	0.07	1	0	0.93	unphased	0.815420289855073	0.815420289855073	1
15	49620700	49620701	6	9	1.14	2	1	0.07	1	0	0.93	unphased	1.22313043478261	1.22313043478261	1
15	50190351	50190352	51	37	1.14	2	1	0.07	1	0	0.93	unphased	0.857117918313571	0.857117918313571	1
15	52017176	52017177	92	27	1.14	2	1	0.07	1	0	0.93	unphased	0.462528315674096	0.462528315674096	1
15	55972347	55972348	29	15	1.14	2	1	0.07	1	0	0.93	unphased	0.6949604743083	0.6949604743083	1
15	56122099	56122100	35	3	1.14	2	1	0.07	1	0	0.93	unphased	0.160938215102975	0.160938215102975	1
15	56207619	56207620	67	50	1.14	2	1	0.07	1	0	0.93	unphased	0.871175523349436	0.871175523349436	1
15	57511744	57511745	25	28	1.14	2	1	0.07	1	0	0.93	unphased	1.07697019414821	1.07697019414821	1
15	63956788	63956789	32	16	5	3	2	1	NA	NA	NA	unphased	1.96618357487923	0.983091787439614	2
15	65622693	65622694	114	100	5	3	2	1	NA	NA	NA	unphased	2.75633211431667	0.918777371438891	3
15	65946347	65946348	75	80	5	3	2	1	NA	NA	NA	unphased	3.04441327723235	1.01480442574412	3
15	66821248	66821249	69	7	5	3	2	1	NA	NA	NA	unphased	0.543287566742944	0.543287566742944	1
15	67893059	67893060	70	23	5	3	2	1	NA	NA	NA	unphased	1.45878136200717	0.729390681003584	2
15	69006978	69006979	120	88	5	3	2	1	NA	NA	NA	unphased	2.49554069119287	0.831846897064288	3
15	69548322	69548323	91	26	5	3	2	1	NA	NA	NA	unphased	1.31078904991948	1.31078904991948	1
15	72190534	72190535	97	17	5	3	2	1	NA	NA	NA	unphased	0.879608441393338	0.879608441393338	1
15	75979976	75979977	87	54	4	2	2	1	NA	NA	NA	unphased	1.87604070305273	0.938020351526365	2
15	79186408	79186409	123	78	4	2	2	1	NA	NA	NA	unphased	1.90093013194895	0.950465065974476	2
15	79186432	79186433	134	83	4	2	2	1	NA	NA	NA	unphased	1.87363921725773	0.936819608628865	2
15	81212470	81212471	49	39	4	2	2	1	NA	NA	NA	unphased	2.17094861660079	1.0854743083004	2
15	83926397	83926398	146	112	4	2	2	1	NA	NA	NA	unphased	2.12650264015279	1.0632513200764	2
15	89442733	89442734	147	82	4	2	2	1	NA	NA	NA	unphased	1.75406619834188	0.877033099170939	2
15	89450518	89450519	23	13	4	2	2	1	NA	NA	NA	unphased	1.76892109500805	0.884460547504026	2
15	91334005	91334006	76	35	4	2	2	1	NA	NA	NA	unphased	1.5445880663272	0.772294033163598	2
15	92690296	92690297	77	19	4	2	2	1	NA	NA	NA	unphased	0.969504830917874	0.969504830917874	1
15	102312429	102312430	33	26	NA	NA	NA	NA	NA	NA	NA	unphased	NA	NA	1
16	640427	640428	9	4	NA	NA	NA	NA	NA	NA	NA	unphased	NA	NA	1
16	1451661	1451662	23	6	2	1	1	1	NA	NA	NA	unphased	0.599700149925038	0.599700149925038	1
16	3024316	3024317	6	9	2	1	1	1	NA	NA	NA	unphased	1.73913043478261	1.73913043478261	1
16	3434810	3434811	102	44	2	1	1	1	NA	NA	NA	unphased	0.873535834822315	0.873535834822315	1
16	11133681	11133682	8	3	2	1	1	1	NA	NA	NA	unphased	0.790513833992095	0.790513833992095	1
16	15811106	15811107	56	38	2	1	1	1	NA	NA	NA	unphased	1.17175454825779	1.17175454825779	1
16	23079777	23079778	80	45	2	1	1	1	NA	NA	NA	unphased	1.04347826086957	1.04347826086957	1
16	24231289	24231290	26	12	2	1	1	1	NA	NA	NA	unphased	0.91533180778032	0.91533180778032	1
16	24582302	24582303	44	16	2	1	1	1	NA	NA	NA	unphased	0.772946859903382	0.772946859903382	1
16	27549127	27549128	67	41	2	1	1	1	NA	NA	NA	unphased	1.1003757380569	1.1003757380569	1
16	28935891	28935892	38	22	2	1	1	1	NA	NA	NA	unphased	1.06280193236715	1.06280193236715	1
16	28963475	28963476	70	32	2	1	1	1	NA	NA	NA	unphased	0.909349246945155	0.909349246945155	1
16	30747541	30747542	52	20	1.83	1	1	0.83	1	0	0.17	unphased	0.757930756843801	0.757930756843801	1
16	31488240	31488241	9	4	1.83	1	1	0.83	1	0	0.17	unphased	0.839554069119287	0.839554069119287	1
16	51172874	51172875	55	20	3	2	1	1	NA	NA	NA	unphased	1.03961352657005	1.03961352657005	1
16	51173829	51173830	43	31	3	2	1	1	NA	NA	NA	unphased	1.63317665491579	0.816588327457893	2
16	53404790	53404791	26	17	3	2	1	1	NA	NA	NA	unphased	1.54128749578699	0.770643747893495	2
16	55731843	55731844	29	36	3	2	1	1	NA	NA	NA	unphased	2.15919732441472	1.07959866220736	2
16	57957274	57957275	38	16	3	2	1	1	NA	NA	NA	unphased	1.15512614063339	1.15512614063339	1
16	66946293	66946294	60	14	3	2	1	1	NA	NA	NA	unphased	0.737563650607129	0.737563650607129	1
16	67235955	67235956	95	27	3	2	1	1	NA	NA	NA	unphased	0.862794012829651	0.862794012829651	1
16	67682619	67682620	10	3	3	2	1	1	NA	NA	NA	unphased	0.899665551839465	0.899665551839465	1
16	67942638	67942639	16	6	3	2	1	1	NA	NA	NA	unphased	1.06324110671937	1.06324110671937	1
16	70711760	70711761	5	5	3	2	1	1	NA	NA	NA	unphased	1.94927536231884	1.94927536231884	1
16	74499595	74499596	185	67	3	2	1	1	NA	NA	NA	unphased	1.03651943869335	1.03651943869335	1
16	74921598	74921599	33	35	3	2	1	1	NA	NA	NA	unphased	2.00660699062234	1.00330349531117	2
16	75269346	75269347	15	5	3	2	1	1	NA	NA	NA	unphased	0.97463768115942	0.97463768115942	1
16	84623840	84623841	65	15	3	2	1	1	NA	NA	NA	unphased	0.730978260869565	0.730978260869565	1
16	87364904	87364905	23	11	3	2	1	1	NA	NA	NA	unphased	1.2612958226769	1.2612958226769	1
16	87678546	87678547	33	9	3	2	1	1	NA	NA	NA	unphased	0.835403726708075	0.835403726708075	1
17	3446795	3446796	65	29	2	2	0	1	NA	NA	NA	unphased	0.894233734196731	0.894233734196731	1
17	3655071	3655072	59	27	2	2	0	1	NA	NA	NA	unphased	0.910010111223458	0.910010111223458	1
17	3657178	3657179	41	12	2	2	0	1	NA	NA	NA	unphased	0.656275635767022	0.656275635767022	1
17	3802962	3802963	10	31	2	2	0	1	NA	NA	NA	unphased	2.19158713326264	1.09579356663132	2
17	4863060	4863061	58	123	2	2	0	1	NA	NA	NA	unphased	1.96973336536152	0.984866682680759	2
17	4937259	4937260	17	39	2	2	0	1	NA	NA	NA	unphased	2.01863354037267	1.00931677018634	2
17	7576851	7576852	14	34	2	2	0	1	NA	NA	NA	unphased	2.05314009661836	1.02657004830918	2
17	11757568	11757569	30	68	2	2	0	1	NA	NA	NA	unphased	2.01123927832002	1.00561963916001	2
17	12626275	12626276	76	31	2	2	0	1	NA	NA	NA	unphased	0.839767032371665	0.839767032371665	1
17	27899012	27899013	12	35	2	2	0	1	NA	NA	NA	unphased	2.15849522047487	1.07924761023743	2
17	33286657	33286658	21	18	2	2	0	1	NA	NA	NA	unphased	1.33779264214047	1.33779264214047	1
17	36861942	36861943	44	12	1.28	2	1	0.14	1	0	0.86	unphased	0.466832298136646	0.466832298136646	1
17	39551739	39551740	38	43	2	2	0	1	NA	NA	NA	unphased	1.53873680443729	0.769368402218644	2
17	41477331	41477332	22	42	2	2	0	1	NA	NA	NA	unphased	1.90217391304348	0.951086956521739	2
17	42427686	42427687	41	93	2	2	0	1	NA	NA	NA	unphased	2.01168072680078	1.00584036340039	2
17	45901509	45901510	35	18	2	2	0	1	NA	NA	NA	unphased	0.984413453650533	0.984413453650533	1
17	46703127	46703128	34	33	2	2	0	1	NA	NA	NA	unphased	1.42764438676184	0.713822193380921	2
17	51902313	51902314	21	25	2	2	0	1	NA	NA	NA	unphased	1.5752993068683	0.787649653434152	2
17	55191938	55191939	35	9	3	2	1	1	NA	NA	NA	unphased	0.797430830039526	0.797430830039526	1
17	63221181	63221182	89	36	2	2	0	1	NA	NA	NA	unphased	0.834782608695652	0.834782608695652	1
17	64880695	64880696	14	40	2	2	0	1	NA	NA	NA	unphased	2.14707461084273	1.07353730542136	2
17	67171588	67171589	61	12	1.27	4	0	0.09	1	0	0.91	unphased	0.356474091721263	0.356474091721263	1
17	68171828	68171829	83	16	1.27	4	0	0.09	1	0	0.91	unphased	0.350472844385888	0.350472844385888	1
17	72348224	72348225	7	23	1.27	4	0	0.09	1	0	0.91	unphased	1.66255555555556	0.795481127060075	2.09
17	72368298	72368299	10	32	1.27	4	0	0.09	1	0	0.91	unphased	1.65222912353347	0.790540250494484	2.09
17	72875707	72875708	22	5	1.27	4	0	0.09	1	0	0.91	unphased	0.401583467525497	0.401583467525497	1
17	72943271	72943272	16	50	1.27	4	0	0.09	1	0	0.91	unphased	1.64284145805885	0.786048544525765	2.09
17	73750666	73750667	54	10	1.27	4	0	0.09	1	0	0.91	unphased	0.338836050724638	0.338836050724638	1
18	9887582	9887583	108	41	2	2	0	1	NA	NA	NA	unphased	0.797587783289563	0.797587783289563	1
18	10672855	10672856	24	32	2	2	0	1	NA	NA	NA	unphased	1.65631469979296	0.82815734989648	2
18	43440173	43440174	31	24	1	1	0	1	NA	NA	NA	unphased	0.828458498023716	0.828458498023716	1
18	47432934	47432935	15	18	1	1	0	1	NA	NA	NA	unphased	1.03557312252964	1.03557312252964	1
19	3449038	3449039	16	28	1	1	0	1	NA	NA	NA	unphased	1.20816864295125	1.20816864295125	1
19	5778497	5778498	26	56	3	3	0	1	NA	NA	NA	unphased	2.66242488511842	0.887474961706139	3
19	6306674	6306675	7	15	3	3	0	1	NA	NA	NA	unphased	2.65810276679842	0.886034255599473	3
19	10610418	10610419	11	40	3	3	0	1	NA	NA	NA	unphased	3.05768684285308	1.01922894761769	3
19	10670524	10670525	32	24	3	3	0	1	NA	NA	NA	unphased	1.67080745341615	0.835403726708075	2
19	11130299	11130300	3	9	2	2	0	1	NA	NA	NA	unphased	2.17391304347826	1.08695652173913	2
19	11289129	11289130	7	14	2	2	0	1	NA	NA	NA	unphased	1.93236714975845	0.966183574879227	2
19	11408888	11408889	15	25	2	2	0	1	NA	NA	NA	unphased	1.81159420289855	0.905797101449275	2
19	11507957	11507958	40	49	2	2	0	1	NA	NA	NA	unphased	1.59583129783423	0.797915648917115	2
19	15739234	15739235	25	53	2	2	0	1	NA	NA	NA	unphased	1.96952805648458	0.984764028242289	2
19	17086924	17086925	8	19	2	2	0	1	NA	NA	NA	unphased	2.03972088030059	1.0198604401503	2
19	17766705	17766706	3	7	2	2	0	1	NA	NA	NA	unphased	2.02898550724638	1.01449275362319	2
19	19453607	19453608	50	61	2	2	0	1	NA	NA	NA	unphased	1.59289724507116	0.796448622535579	2
19	22170038	22170039	21	17	2	2	0	1	NA	NA	NA	unphased	1.29672006102212	1.29672006102212	1
19	23406205	23406206	2	9	2	2	0	1	NA	NA	NA	unphased	2.37154150197629	1.18577075098814	2
19	33359542	33359543	19	14	4.85	4	2	0.77	1	0	0.23	unphased	2.43877909530083	0.960149250118439	2.54
19	38877101	38877102	84	5	4.85	4	2	0.77	1	0	0.23	unphased	0.322952287900993	0.322952287900993	1
19	39924007	39924008	72	40	4.85	4	2	0.77	1	0	0.23	unphased	2.05305383022774	1.15991741820776	1.77
19	41447373	41447374	92	25	4.85	4	2	0.77	1	0	0.23	unphased	1.22832280440976	1.22832280440976	1
19	42911537	42911538	21	22	4.85	4	2	0.77	1	0	0.23	unphased	2.94111897539602	1.06177580339207	2.77
19	43689014	43689015	305	372	4.85	4	2	0.77	1	0	0.23	unphased	3.158730974247	0.954299387990029	3.31
19	45655641	45655642	8	3	4.31	4	1	0.77	1	1	0.23	unphased	1.42051383399209	1.42051383399209	1
19	45973845	45973846	54	119	4.31	4	1	0.77	1	1	0.23	unphased	3.58276032503979	1.01207918786435	3.54
19	46094749	46094750	87	18	4.31	4	1	0.77	1	1	0.23	unphased	0.892894409937888	0.892894409937888	1
19	46130087	46130088	33	12	4.31	4	1	0.77	1	1	0.23	unphased	1.38894685990338	1.38894685990338	1
19	46664052	46664053	112	166	4.31	4	1	0.77	1	1	0.23	unphased	3.1101417996038	0.939619879034379	3.31
19	48636251	48636252	118	141	4.31	4	1	0.77	1	1	0.23	unphased	2.83554305858654	1.02366175400236	2.77
19	51215346	51215347	54	25	3.38	4	0	0.69	1	1	0.31	unphased	1.35397174830306	1.35397174830306	1
19	51466678	51466679	10	53	3.38	4	0	0.69	1	1	0.31	unphased	3.59941568898091	0.975451406227888	3.69
19	53652545	53652546	176	41	3.72	4	1	0.68	1	0	0.32	unphased	0.872629399585921	0.872629399585921	1
19	54233175	54233176	68	15	3.72	4	1	0.68	1	0	0.32	unphased	0.834677841801991	0.834677841801991	1
19	54312973	54312974	32	42	3.72	4	1	0.68	1	0	0.32	unphased	2.62133960047004	0.978111791220163	2.68
19	54673392	54673393	39	67	3.72	4	1	0.68	1	0	0.32	unphased	2.91927262783702	0.9602870486306	3.04
19	54969280	54969281	42	70	3.72	4	1	0.68	1	0	0.32	unphased	2.88659420289855	0.949537566742944	3.04
19	55085922	55085923	81	12	3.72	4	1	0.68	1	0	0.32	unphased	0.595942028985507	0.876385336743393	0.68
19	55481500	55481501	70	18	3.72	4	1	0.68	1	0	0.32	unphased	0.944703557312253	0.944703557312253	1
19	55481501	55481502	72	18	3.72	4	1	0.68	1	0	0.32	unphased	0.923710144927536	0.923710144927536	1
19	55711606	55711607	32	39	3.72	4	1	0.68	1	0	0.32	unphased	2.53695039804042	0.946623282850902	2.68
19	56379073	56379074	52	67	3.72	4	1	0.68	1	0	0.32	unphased	2.6003604920229	0.970283765680185	2.68
19	56392992	56392993	37	9	3.72	4	1	0.68	1	0	0.32	unphased	0.903629489603025	0.903629489603025	1
19	57642176	57642177	51	59	3.72	4	1	0.68	1	0	0.32	unphased	2.47722266139657	1.04967061923584	2.36
19	58199620	58199621	136	67	3.72	4	1	0.68	1	0	0.32	unphased	1.52434925394446	0.90735074639551	1.68
2	1652104	1652105	39	37	3	2	1	1	NA	NA	NA	unphased	1.89797864225782	0.948989321128909	2
2	1893244	1893245	35	9	3	2	1	1	NA	NA	NA	unphased	0.797430830039526	0.797430830039526	1
2	9614743	9614744	11	9	4	2	2	1	NA	NA	NA	unphased	2.20434782608696	1.10217391304348	2
2	21250787	21250788	76	99	NA	NA	NA	NA	NA	NA	NA	unphased	NA	NA	1
2	24480908	24480909	87	24	4	2	2	1	NA	NA	NA	unphased	1.05914610262436	1.05914610262436	1
2	25610208	25610209	37	28	4	2	2	1	NA	NA	NA	unphased	2.11014492753623	1.05507246376812	2
2	27447743	27447744	127	76	4	2	2	1	NA	NA	NA	unphased	1.83394017277076	0.916970086385379	2
2	27448029	27448030	37	19	4	2	2	1	NA	NA	NA	unphased	1.6620082815735	0.83100414078675	2
2	27670716	27670717	79	55	4	2	2	1	NA	NA	NA	unphased	2.01059917802293	1.00529958901146	2
2	27873053	27873054	32	22	4	2	2	1	NA	NA	NA	unphased	1.99570585077831	0.997852925389157	2
2	27887978	27887979	140	23	4	2	2	1	NA	NA	NA	unphased	0.69120654396728	0.69120654396728	1
2	30974066	30974067	38	7	4	2	2	1	NA	NA	NA	unphased	0.761996779388084	0.761996779388084	1
2	32735026	32735027	81	17	4	2	2	1	NA	NA	NA	unphased	0.84974859509021	0.84974859509021	1
2	32774388	32774389	51	29	4	2	2	1	NA	NA	NA	unphased	1.77572463768116	0.88786231884058	2
2	43800114	43800115	22	25	3	2	1	1	NA	NA	NA	unphased	2.07369719395621	1.03684859697811	2
2	46607447	46607448	79	29	3	2	1	1	NA	NA	NA	unphased	1.04683306494901	1.04683306494901	1
2	55529051	55529052	87	23	3	2	1	1	NA	NA	NA	unphased	0.815151515151515	0.815151515151515	1
2	60688269	60688270	35	26	4	2	2	1	NA	NA	NA	unphased	2.08790686623901	1.04395343311951	2
2	63280222	63280223	53	47	4	2	2	1	NA	NA	NA	unphased	2.30231884057971	1.15115942028986	2
2	63631498	63631499	86	38	4	2	2	1	NA	NA	NA	unphased	1.50116877045348	0.750584385226742	2
2	66796209	66796210	216	33	4	2	2	1	NA	NA	NA	unphased	0.649205517723066	0.649205517723066	1
2	74690479	74690480	68	23	4	2	2	1	NA	NA	NA	unphased	1.23809523809524	1.23809523809524	1
2	79385791	79385792	64	26	4	2	2	1	NA	NA	NA	unphased	1.41513687600644	0.707568438003221	2
2	79385792	79385793	63	27	4	2	2	1	NA	NA	NA	unphased	1.4695652173913	0.734782608695652	2
2	80136856	80136857	81	12	4	2	2	1	NA	NA	NA	unphased	0.632071061243572	0.632071061243572	1
2	89185508	89185509	36	27	4	2	2	1	NA	NA	NA	unphased	2.09937888198758	1.04968944099379	2
2	89399392	89399393	130	77	4	2	2	1	NA	NA	NA	unphased	1.8221662115802	0.9110831057901	2
2	96967426	96967427	110	18	4	2	2	1	NA	NA	NA	unphased	0.688858695652174	0.688858695652174	1
2	108922021	108922022	94	7	4.56	3	2	0.89	1	0	0.11	unphased	0.378315396757067	0.378315396757067	1
2	109513386	109513387	12	9	4.56	3	2	0.89	1	0	0.11	unphased	2.33937888198758	0.84150319495956	2.78
2	113765459	113765460	106	84	4.56	3	2	0.89	1	0	0.11	unphased	2.41325400457666	0.868076980063547	2.78
2	114253455	114253456	10	5	4.56	3	2	0.89	1	0	0.11	unphased	1.81951690821256	1.81951690821256	1
2	114369729	114369730	61	39	4.56	3	2	0.89	1	0	0.11	unphased	2.1288347826087	1.12636760984587	1.89
2	114512872	114512873	39	31	4.56	3	2	0.89	1	0	0.11	unphased	2.41735817805383	0.869553301458212	2.78
2	120723116	120723117	61	47	4.2	3	2	0.8	1	0	0.2	unphased	2.21881374127751	0.85338990049135	2.6
2	120849189	120849190	43	53	4.2	3	2	0.8	1	0	0.2	unphased	2.81482487922705	1.00529459972395	2.8
2	121747029	121747030	34	31	4.2	3	2	0.8	1	0	0.2	unphased	2.43161649944259	0.935237115170226	2.6
2	128409442	128409443	14	3	4.2	3	2	0.8	1	0	0.2	unphased	0.899744245524297	0.899744245524297	1
2	132238093	132238094	109	121	4.2	3	2	0.8	1	0	0.2	unphased	2.68228103339635	1.03164655130629	2.6
2	141092068	141092069	93	51	4.2	3	2	0.8	1	0	0.2	unphased	1.80573671497585	1.00318706387547	1.8
2	141707946	141707947	43	14	3	2	1	1	NA	NA	NA	unphased	0.957538774472413	0.957538774472413	1
2	148684647	148684648	22	35	4	3	1	1	NA	NA	NA	unphased	3.00788202390033	1.00262734130011	3
2	152419189	152419190	11	17	4	3	1	1	NA	NA	NA	unphased	2.97412008281573	0.991373360938578	3
2	152483650	152483651	84	23	4	3	1	1	NA	NA	NA	unphased	1.05295950155763	1.05295950155763	1
2	152977147	152977148	56	5	4	3	1	1	NA	NA	NA	unphased	0.40152055119981	0.40152055119981	1
2	163123617	163123618	17	4	4	3	1	1	NA	NA	NA	unphased	0.933057280883368	0.933057280883368	1
2	166901763	166901764	146	34	4	3	1	1	NA	NA	NA	unphased	0.925281803542673	0.925281803542673	1
2	168096377	168096378	63	9	4	3	1	1	NA	NA	NA	unphased	0.61231884057971	0.61231884057971	1
2	168106855	168106856	59	73	4	3	1	1	NA	NA	NA	unphased	2.70904699165569	0.903015663885229	3
2	169764669	169764670	26	20	4	3	1	1	NA	NA	NA	unphased	2.12980466288595	1.06490233144297	2
2	170493566	170493567	16	21	4	3	1	1	NA	NA	NA	unphased	2.78025851938895	0.926752839796318	3
2	170843258	170843259	45	55	4	3	1	1	NA	NA	NA	unphased	2.69420289855072	0.898067632850242	3
2	171818181	171818182	52	88	4	3	1	1	NA	NA	NA	unphased	3.07908902691511	1.0263630089717	3
2	176995547	176995548	155	26	4	3	1	1	NA	NA	NA	unphased	0.7036592201137	0.7036592201137	1
2	178985948	178985949	62	7	4	3	1	1	NA	NA	NA	unphased	0.496954421340055	0.496954421340055	1
2	179465864	179465865	29	41	4	3	1	1	NA	NA	NA	unphased	2.86915113871636	0.956383712905452	3
2	179478505	179478506	119	78	4	3	1	1	NA	NA	NA	unphased	1.93952769807989	0.969763849039947	2
2	179580248	179580249	28	39	4	3	1	1	NA	NA	NA	unphased	2.85139519792343	0.950465065974475	3
2	179582298	179582299	22	5	4	3	1	1	NA	NA	NA	unphased	0.907139023081052	0.907139023081052	1
2	179592462	179592463	135	135	4	3	1	1	NA	NA	NA	unphased	2.44927536231884	0.816425120772947	3
2	179592876	179592877	24	9	4	3	1	1	NA	NA	NA	unphased	1.33596837944664	1.33596837944664	1
2	179597024	179597025	63	80	4	3	1	1	NA	NA	NA	unphased	2.74044795783926	0.913482652613087	3
2	179614606	179614607	24	29	4	3	1	1	NA	NA	NA	unphased	2.68033907574515	0.893446358581716	3
2	180634375	180634376	38	53	4	3	1	1	NA	NA	NA	unphased	2.85300207039338	0.951000690131125	3
2	186697849	186697850	32	32	3	2	1	1	NA	NA	NA	unphased	1.94927536231884	0.97463768115942	2
2	188349671	188349672	26	14	3	2	1	1	NA	NA	NA	unphased	1.36449275362319	1.36449275362319	1
2	189839204	189839205	35	7	3	2	1	1	NA	NA	NA	unphased	0.64975845410628	0.64975845410628	1
2	189857636	189857637	48	34	3	2	1	1	NA	NA	NA	unphased	1.61647225167904	0.808236125839519	2
2	189876602	189876603	6	4	3	2	1	1	NA	NA	NA	unphased	1.55942028985507	1.55942028985507	1
2	189876603	189876604	5	4	3	2	1	1	NA	NA	NA	unphased	1.73268921095008	1.73268921095008	1
2	190531350	190531351	123	45	3	2	1	1	NA	NA	NA	unphased	1.04425465838509	1.04425465838509	1
2	191301980	191301981	44	13	3	2	1	1	NA	NA	NA	unphased	0.889143147724384	0.889143147724384	1
2	201437169	201437170	31	40	3	2	1	1	NA	NA	NA	unphased	2.19636660542968	1.09818330271484	2
2	201719748	201719749	75	29	3	2	1	1	NA	NA	NA	unphased	1.08709587513935	1.08709587513935	1
2	202252560	202252561	92	39	3	2	1	1	NA	NA	NA	unphased	1.16063723863259	1.16063723863259	1
2	202899767	202899768	53	47	3	2	1	1	NA	NA	NA	unphased	1.83231884057971	0.916159420289855	2
2	205989157	205989158	53	23	3	2	1	1	NA	NA	NA	unphased	1.17982456140351	1.17982456140351	1
2	206659562	206659563	46	29	3	2	1	1	NA	NA	NA	unphased	1.50743961352657	0.753719806763285	2
2	211454897	211454898	204	57	3	2	1	1	NA	NA	NA	unphased	0.851407629518574	0.851407629518574	1
2	212543795	212543796	13	7	3	2	1	1	NA	NA	NA	unphased	1.36449275362319	1.36449275362319	1
2	215882823	215882824	20	9	3	2	1	1	NA	NA	NA	unphased	1.20989505247376	1.20989505247376	1
2	217279530	217279531	115	41	3	2	1	1	NA	NA	NA	unphased	1.02461910070606	1.02461910070606	1
2	218700814	218700815	56	20	3	2	1	1	NA	NA	NA	unphased	1.02593440122044	1.02593440122044	1
2	218712608	218712609	29	3	3	2	1	1	NA	NA	NA	unphased	0.365489130434783	0.365489130434783	1
2	220104939	220104940	77	68	3	2	1	1	NA	NA	NA	unphased	1.82828585707146	0.914142928535732	2
2	220336994	220336995	32	44	3	2	1	1	NA	NA	NA	unphased	2.25705568268497	1.12852784134249	2
2	225702527	225702528	37	9	3	2	1	1	NA	NA	NA	unphased	0.762759924385633	0.762759924385633	1
2	227660090	227660091	42	31	3	2	1	1	NA	NA	NA	unphased	1.65554893785984	0.827774468929919	2
2	230312123	230312124	18	7	3	2	1	1	NA	NA	NA	unphased	1.09159420289855	1.09159420289855	1
2	230670445	230670446	28	16	3	2	1	1	NA	NA	NA	unphased	1.41765480895916	1.41765480895916	1
2	231174702	231174703	79	28	3	2	1	1	NA	NA	NA	unphased	1.02018149803603	1.02018149803603	1
2	231973422	231973423	55	21	3	2	1	1	NA	NA	NA	unphased	1.07723112128146	1.07723112128146	1
2	234072548	234072549	19	17	3	2	1	1	NA	NA	NA	unphased	1.84098228663446	0.92049114331723	2
2	234343524	234343525	121	37	3	2	1	1	NA	NA	NA	unphased	0.912951751972115	0.912951751972115	1
2	234601750	234601751	44	39	3	2	1	1	NA	NA	NA	unphased	1.83184913567313	0.915924567836564	2
2	234652316	234652317	77	56	3	2	1	1	NA	NA	NA	unphased	1.64149504195271	0.820747520976354	2
2	238280466	238280467	48	14	3	2	1	1	NA	NA	NA	unphased	0.880317905563347	0.880317905563347	1
2	238289830	238289831	93	25	3	2	1	1	NA	NA	NA	unphased	0.82596413657578	0.82596413657578	1
2	238483617	238483618	11	7	3	2	1	1	NA	NA	NA	unphased	1.51610305958132	1.51610305958132	1
20	860412	860413	16	30	2	2	0	1	NA	NA	NA	unphased	1.89035916824197	0.945179584120983	2
20	1099524	1099525	23	39	2	2	0	1	NA	NA	NA	unphased	1.82328190743338	0.91164095371669	2
20	18491569	18491570	27	47	2	2	0	1	NA	NA	NA	unphased	1.8409714061888	0.920485703094399	2
20	23016570	23016571	20	43	2	2	0	1	NA	NA	NA	unphased	1.97837589141937	0.989187945709685	2
20	24949665	24949666	18	35	2	2	0	1	NA	NA	NA	unphased	1.91413727098715	0.957068635493574	2
20	30156039	30156040	34	18	2.66	2	2	0.33	1	1	0.67	unphased	1.23180602006689	1.23180602006689	1
20	30584329	30584330	22	9	2.66	2	2	0.33	1	1	0.67	unphased	1.03312762973352	1.03312762973352	1
20	30729626	30729627	129	77	2.66	2	2	0.33	1	1	0.67	unphased	1.33013789221894	1.0001036783601	1.33
20	31624323	31624324	121	80	2.66	2	2	0.33	1	1	0.67	unphased	1.41633859687072	1.06491623824866	1.33
20	33509650	33509651	247	179	2.66	2	2	0.33	1	1	0.67	unphased	1.49525957678438	1.12425532089051	1.33
20	44684846	44684847	11	21	2	2	0	1	NA	NA	NA	unphased	1.90217391304348	0.951086956521739	2
20	44684856	44684857	14	21	2	2	0	1	NA	NA	NA	unphased	1.73913043478261	0.869565217391304	2
20	48600454	48600455	57	24	2	2	0	1	NA	NA	NA	unphased	0.858829844337091	0.858829844337091	1
20	49196458	49196459	28	16	2	2	0	1	NA	NA	NA	unphased	1.05401844532279	1.05401844532279	1
20	50310549	50310550	66	6	2	2	0	1	NA	NA	NA	unphased	0.241545893719807	0.241545893719807	1
20	54824345	54824346	29	50	2	2	0	1	NA	NA	NA	unphased	1.83452577508714	0.91726288754357	2
20	55758870	55758871	17	36	2	2	0	1	NA	NA	NA	unphased	1.96882690730107	0.984413453650533	2
20	58330340	58330341	8	13	2	2	0	1	NA	NA	NA	unphased	1.79434092477571	0.897170462387854	2
20	60927088	60927089	6	8	2	2	0	1	NA	NA	NA	unphased	1.65631469979296	1.65631469979296	1
20	62365068	62365069	16	44	NA	NA	NA	NA	NA	NA	NA	unphased	NA	NA	1
21	10862915	10862916	167	43	NA	NA	NA	NA	NA	NA	NA	unphased	NA	NA	1
21	10863032	10863033	368	52	NA	NA	NA	NA	NA	NA	NA	unphased	NA	NA	1
21	28210818	28210819	58	15	3	2	1	1	NA	NA	NA	unphased	0.801072066706373	0.801072066706373	1
21	30248747	30248748	87	20	3	2	1	1	NA	NA	NA	unphased	0.728701070025735	0.728701070025735	1
21	30324586	30324587	24	34	3	2	1	1	NA	NA	NA	unphased	2.28535732133933	1.14267866066967	2
21	40559156	40559157	60	16	3	2	1	1	NA	NA	NA	unphased	0.820747520976354	0.820747520976354	1
21	41648174	41648175	29	15	3	2	1	1	NA	NA	NA	unphased	1.32905138339921	1.32905138339921	1
21	41725574	41725575	19	28	3	2	1	1	NA	NA	NA	unphased	2.32254085723096	1.16127042861548	2
21	43510524	43510525	41	27	3	2	1	1	NA	NA	NA	unphased	1.54795396419437	0.773976982097187	2
21	46032302	46032303	121	28	3	2	1	1	NA	NA	NA	unphased	0.732613558992316	0.732613558992316	1
21	46074380	46074381	34	6	3	2	1	1	NA	NA	NA	unphased	0.584782608695652	0.584782608695652	1
21	47633657	47633658	15	5	3	2	1	1	NA	NA	NA	unphased	0.97463768115942	0.97463768115942	1
22	16279208	16279209	257	26	NA	NA	NA	NA	NA	NA	NA	unphased	NA	NA	1
22	18029081	18029082	6	12	2	2	0	1	NA	NA	NA	unphased	1.93236714975845	0.966183574879227	2
22	22556285	22556286	13	29	2	2	0	1	NA	NA	NA	unphased	2.00138026224983	1.00069013112491	2
22	26343760	26343761	9	29	2	2	0	1	NA	NA	NA	unphased	2.21205186880244	1.10602593440122	2
22	32589344	32589345	8	26	2	2	0	1	NA	NA	NA	unphased	2.21653878942882	1.10826939471441	2
22	38539222	38539223	69	124	2	2	0	1	NA	NA	NA	unphased	1.86228129458587	0.931140647292934	2
22	42565868	42565869	10	17	2	2	0	1	NA	NA	NA	unphased	1.82501341921632	0.912506709608159	2
22	49042484	49042485	7	20	2	2	0	1	NA	NA	NA	unphased	2.14707461084273	1.07353730542136	2
22	50716345	50716346	18	44	NA	NA	NA	NA	NA	NA	NA	unphased	NA	NA	1
3	386318	386319	38	11	NA	NA	NA	NA	NA	NA	NA	unphased	NA	NA	1
3	7494449	7494450	4	22	2	2	0	1	NA	NA	NA	unphased	2.45261984392419	1.2263099219621	2
3	19295207	19295208	42	84	2	2	0	1	NA	NA	NA	unphased	1.93236714975845	0.966183574879227	2
3	20212683	20212684	21	32	2	2	0	1	NA	NA	NA	unphased	1.75006836204539	0.875034181022696	2
3	29941230	29941231	63	15	2	2	0	1	NA	NA	NA	unphased	0.557413600891862	0.557413600891862	1
3	33414643	33414644	104	37	2	2	0	1	NA	NA	NA	unphased	0.760612601500668	0.760612601500668	1
3	38888705	38888706	40	77	2	2	0	1	NA	NA	NA	unphased	1.90759321194104	0.953796605970519	2
3	44611532	44611533	79	39	2	2	0	1	NA	NA	NA	unphased	0.957995578481946	0.957995578481946	1
3	46450105	46450106	32	52	2	2	0	1	NA	NA	NA	unphased	1.79434092477571	0.897170462387854	2
3	47087990	47087991	15	23	2	2	0	1	NA	NA	NA	unphased	1.75438596491228	0.87719298245614	2
3	47162746	47162747	25	52	2	2	0	1	NA	NA	NA	unphased	1.95746282702804	0.978731413514022	2
3	47164494	47164495	48	67	2	2	0	1	NA	NA	NA	unphased	1.68872085696282	0.844360428481411	2
3	47449256	47449257	66	12	2	2	0	1	NA	NA	NA	unphased	0.445930880713489	0.445930880713489	1
3	50329918	50329919	20	3	2	2	0	1	NA	NA	NA	unphased	0.378071833648393	0.378071833648393	1
3	50332762	50332763	50	23	2	2	0	1	NA	NA	NA	unphased	0.91324200913242	0.91324200913242	1
3	50334258	50334259	22	9	2	2	0	1	NA	NA	NA	unphased	0.841514726507714	0.841514726507714	1
3	50338078	50338079	18	7	2	2	0	1	NA	NA	NA	unphased	0.811594202898551	0.811594202898551	1
3	50340019	50340020	99	36	2	2	0	1	NA	NA	NA	unphased	0.772946859903382	0.772946859903382	1
3	51708309	51708310	34	34	2	2	0	1	NA	NA	NA	unphased	1.44927536231884	0.72463768115942	2
3	52283051	52283052	8	6	2	2	0	1	NA	NA	NA	unphased	1.24223602484472	1.24223602484472	1
3	52514219	52514220	66	21	2	2	0	1	NA	NA	NA	unphased	0.699650174912544	0.699650174912544	1
3	57283509	57283510	25	49	2	2	0	1	NA	NA	NA	unphased	1.91931061496279	0.959655307481394	2
3	58849594	58849595	32	5	2	2	0	1	NA	NA	NA	unphased	0.391696043869957	0.391696043869957	1
3	62631518	62631519	21	41	2	2	0	1	NA	NA	NA	unphased	1.91678354371202	0.958391771856008	2
3	65367576	65367577	25	15	2	2	0	1	NA	NA	NA	unphased	1.08695652173913	1.08695652173913	1
3	68587907	68587908	14	23	2	2	0	1	NA	NA	NA	unphased	1.8018018018018	0.900900900900901	2
3	77666677	77666678	16	37	2	2	0	1	NA	NA	NA	unphased	2.02351654361498	1.01175827180749	2
3	77693962	77693963	20	33	2	2	0	1	NA	NA	NA	unphased	1.80475799835931	0.902378999179655	2
3	78649294	78649295	23	10	2	2	0	1	NA	NA	NA	unphased	0.878348704435661	0.878348704435661	1
3	108127252	108127253	13	27	1.05	2	0	0.05	0	1	0.95	unphased	1.31527173913043	1.2526397515528	1.05
3	112288108	112288109	98	5	1.05	2	0	0.05	0	1	0.95	unphased	0.0945898410018292	1.89179682003658	0.05
3	119536149	119536150	10	5	1.02	2	1	0.01	0	1	0.99	unphased	0.63951690821256	0.63951690821256	1
3	121341644	121341645	40	6	1.02	2	1	0.01	0	1	0.99	unphased	0.250245746691871	0.250245746691871	1
3	122634695	122634696	22	24	1.02	2	1	0.01	0	1	0.99	unphased	1.00098298676749	1.00098298676749	1
3	122942426	122942427	90	58	1.02	2	1	0.01	0	1	0.99	unphased	0.751864473168821	0.751864473168821	1
3	124646579	124646580	215	73	1.02	2	1	0.01	0	1	0.99	unphased	0.486299315619968	0.486299315619968	1
3	124909290	124909291	86	81	1.02	2	1	0.01	0	1	0.99	unphased	0.930554543087738	0.930554543087738	1
3	125877289	125877290	16	6	1.02	2	1	0.01	0	1	0.99	unphased	0.523241106719368	0.523241106719368	1
3	126180668	126180669	66	40	1.02	2	1	0.01	0	1	0.99	unphased	0.723981405523653	0.723981405523653	1
3	127842453	127842454	37	6	1.02	2	1	0.01	0	1	0.99	unphased	0.267704752275025	0.267704752275025	1
3	128200002	128200003	46	22	1.02	2	1	0.01	0	1	0.99	unphased	0.620707587382779	0.620707587382779	1
3	128971503	128971504	42	54	1.02	2	1	0.01	0	1	0.99	unphased	1.0791847826087	1.0791847826087	1
3	139092569	139092570	81	12	1.92	4	1	0.23	1	0	0.77	unphased	0.363683964469378	1.58123462812773	0.23
3	139092570	139092571	77	12	1.92	4	1	0.23	1	0	0.77	unphased	0.380029311187103	0.380029311187103	1
3	140866223	140866224	11	9	3	2	1	1	NA	NA	NA	unphased	1.75434782608696	0.877173913043478	2
3	141724289	141724290	27	3	3	2	1	1	NA	NA	NA	unphased	0.389855072463768	0.389855072463768	1
3	145803124	145803125	9	6	3	2	1	1	NA	NA	NA	unphased	1.55942028985507	1.55942028985507	1
3	150377691	150377692	26	7	3	2	1	1	NA	NA	NA	unphased	0.826965305226175	0.826965305226175	1
3	151055594	151055595	64	17	3	2	1	1	NA	NA	NA	unphased	0.818214349615316	0.818214349615316	1
3	155200324	155200325	72	19	2.18	2	2	0.09	1	1	0.91	unphased	0.642774327122153	0.642774327122153	1
3	155838504	155838505	72	48	2.18	2	2	0.09	1	1	0.91	unphased	1.23142028985507	1.12974338518814	1.09
3	160142657	160142658	41	8	2.18	2	2	0.09	1	1	0.91	unphased	0.502620526471458	0.502620526471458	1
3	164776752	164776753	21	15	2.18	2	2	0.09	1	1	0.91	unphased	1.28272946859903	1.28272946859903	1
3	164906084	164906085	110	72	2.18	2	2	0.09	1	1	0.91	unphased	1.21788819875776	1.11732862271355	1.09
3	164908201	164908202	40	26	2.18	2	2	0.09	1	1	0.91	unphased	1.21276240667545	1.21276240667545	1
3	179336218	179336219	40	25	2.18	2	2	0.09	1	1	0.91	unphased	1.18405797101449	1.18405797101449	1
3	193039553	193039554	44	30	2.2	2	2	0.1	1	1	0.9	unphased	1.25616921269095	1.25616921269095	1
3	195711056	195711057	68	27	2.2	2	2	0.1	1	1	0.9	unphased	0.880640732265446	0.880640732265446	1
3	196387120	196387121	30	25	2.2	2	2	0.1	1	1	0.9	unphased	1.40843214756258	1.28039286142053	1.1
4	619520	619521	44	28	NA	NA	NA	NA	NA	NA	NA	unphased	NA	NA	1
4	3478182	3478183	60	39	2.32	2	2	0.16	1	1	0.84	unphased	1.26791392182697	1.09302924295428	1.16
4	6596437	6596438	15	9	2.32	2	2	0.16	1	1	0.84	unphased	1.20695652173913	1.20695652173913	1
4	6642816	6642817	71	28	2.32	2	2	0.16	1	1	0.84	unphased	0.910297174645001	0.910297174645001	1
4	6863977	6863978	56	17	2.32	2	2	0.16	1	1	0.84	unphased	0.749525511216994	0.749525511216994	1
4	8226928	8226929	22	9	2.32	2	2	0.16	1	1	0.84	unphased	0.934417952314165	0.934417952314165	1
4	10090302	10090303	8	8	2.32	2	2	0.16	1	1	0.84	unphased	1.60927536231884	1.60927536231884	1
4	16900199	16900200	5	9	2.32	2	2	0.16	1	1	0.84	unphased	2.06906832298137	1.78367958877704	1.16
4	25671379	25671380	140	106	2.32	2	2	0.16	1	1	0.84	unphased	1.38685519029103	1.19556481921641	1.16
4	30724315	30724316	36	4	2.32	2	2	0.16	1	1	0.84	unphased	0.321855072463768	0.321855072463768	1
4	36093642	36093643	106	55	2.32	2	2	0.16	1	1	0.84	unphased	1.09950490593213	1.09950490593213	1
4	39219656	39219657	179	46	2.32	2	2	0.16	1	1	0.84	unphased	0.658014814814815	0.658014814814815	1
4	39478733	39478734	19	10	2.32	2	2	0.16	1	1	0.84	unphased	1.10984507746127	1.10984507746127	1
4	39506949	39506950	53	8	2.32	2	2	0.16	1	1	0.84	unphased	0.422105013067237	0.422105013067237	1
4	40045151	40045152	21	7	2.32	2	2	0.16	1	1	0.84	unphased	0.80463768115942	0.80463768115942	1
4	46967190	46967191	105	58	2.18	2	2	0.09	1	1	0.91	unphased	1.09543522717169	1.09543522717169	1
4	47033533	47033534	9	6	2.18	2	2	0.09	1	1	0.91	unphased	1.23142028985507	1.23142028985507	1
4	48075999	48076000	55	24	2.18	2	2	0.09	1	1	0.91	unphased	0.935255916345625	0.935255916345625	1
4	48140815	48140816	36	27	2.18	2	2	0.09	1	1	0.91	unphased	1.31937888198758	1.31937888198758	1
4	52860458	52860459	9	6	4.36	3	2	0.84	1	0	0.16	unphased	2.10342028985507	1.14316320100819	1.84
4	52917889	52917890	177	29	4.36	3	2	0.84	1	0	0.16	unphased	0.740281412691712	0.881287396061562	0.84
4	56819336	56819337	87	20	2.05	4	2	0.21	1	0	0.79	unphased	0.551130976567791	0.551130976567791	1
4	68610422	68610423	108	30	3	2	1	1	NA	NA	NA	unphased	0.847511027095148	0.847511027095148	1
4	70346571	70346572	86	43	3	2	1	1	NA	NA	NA	unphased	1.29951690821256	1.29951690821256	1
4	70505054	70505055	77	19	3	2	1	1	NA	NA	NA	unphased	0.771588164251208	0.771588164251208	1
4	70505055	70505056	76	19	3	2	1	1	NA	NA	NA	unphased	0.779710144927536	0.779710144927536	1
4	71201057	71201058	36	37	3	2	1	1	NA	NA	NA	unphased	1.97597776454239	0.987988882271193	2
4	74357790	74357791	44	30	3	2	1	1	NA	NA	NA	unphased	1.58049353701528	0.790246768507638	2
4	76782041	76782042	66	46	3	2	1	1	NA	NA	NA	unphased	1.60119047619048	0.800595238095238	2
4	83800019	83800020	61	13	3	2	1	1	NA	NA	NA	unphased	0.68488053270662	0.68488053270662	1
4	89183818	89183819	36	21	3	2	1	1	NA	NA	NA	unphased	1.43630816170862	0.71815408085431	2
4	89410314	89410315	79	23	3	2	1	1	NA	NA	NA	unphased	0.879084967320261	0.879084967320261	1
4	94411925	94411926	56	22	3	2	1	1	NA	NA	NA	unphased	1.09959123002601	1.09959123002601	1
4	99027174	99027175	13	5	3	2	1	1	NA	NA	NA	unphased	1.0829307568438	1.0829307568438	1
4	100137345	100137346	33	28	3	2	1	1	NA	NA	NA	unphased	1.78949869327631	0.894749346638156	2
4	100232026	100232027	111	28	3	2	1	1	NA	NA	NA	unphased	0.785319570430612	0.785319570430612	1
4	100235239	100235240	130	28	3	2	1	1	NA	NA	NA	unphased	0.690882406897817	0.690882406897817	1
4	119220094	119220095	5	20	2	2	0	1	NA	NA	NA	unphased	2.31884057971015	1.15942028985507	2
4	123145790	123145791	14	31	2	2	0	1	NA	NA	NA	unphased	1.99677938808374	0.998389694041868	2
4	126411338	126411339	12	33	2	2	0	1	NA	NA	NA	unphased	2.1256038647343	1.06280193236715	2
4	140196472	140196473	19	45	2	2	0	1	NA	NA	NA	unphased	2.03804347826087	1.01902173913043	2
4	156136062	156136063	51	29	2	2	0	1	NA	NA	NA	unphased	1.05072463768116	1.05072463768116	1
4	158281216	158281217	32	16	2	2	0	1	NA	NA	NA	unphased	0.966183574879227	0.966183574879227	1
4	158281225	158281226	32	16	2	2	0	1	NA	NA	NA	unphased	0.966183574879227	0.966183574879227	1
4	158281226	158281227	32	14	2	2	0	1	NA	NA	NA	unphased	0.882167611846251	0.882167611846251	1
4	170618415	170618416	35	50	2	2	0	1	NA	NA	NA	unphased	1.70502983802217	0.852514919011083	2
4	175636718	175636719	11	30	2	2	0	1	NA	NA	NA	unphased	2.12089077412513	1.06044538706257	2
4	177605167	177605168	27	32	2	2	0	1	NA	NA	NA	unphased	1.57209530827806	0.786047654139032	2
4	183594331	183594332	13	16	2	2	0	1	NA	NA	NA	unphased	1.5992003998001	0.79960019990005	2
4	190881952	190881953	15	9	NA	NA	NA	NA	NA	NA	NA	unphased	NA	NA	1
5	2755282	2755283	9	4	2.4	2	2	0.2	1	1	0.8	unphased	1.0149386845039	1.0149386845039	1
5	5182282	5182283	51	12	2.4	2	2	0.2	1	1	0.8	unphased	0.628295376121463	0.628295376121463	1
5	16481130	16481131	47	13	2.4	2	2	0.2	1	1	0.8	unphased	0.714685990338164	0.714685990338164	1
5	19839085	19839086	35	21	2.4	2	2	0.2	1	1	0.8	unphased	1.23695652173913	1.23695652173913	1
5	23509618	23509619	109	79	2.4	2	2	0.2	1	1	0.8	unphased	1.38609312365094	1.15507760304245	1.2
5	24491782	24491783	64	38	2.4	2	2	0.2	1	1	0.8	unphased	1.22887183859051	1.22887183859051	1
5	33616026	33616027	112	58	2.4	2	2	0.2	1	1	0.8	unphased	1.12538789428815	1.12538789428815	1
5	35712982	35712983	33	5	2.4	2	2	0.2	1	1	0.8	unphased	0.434019832189169	0.434019832189169	1
5	35873613	35873614	53	22	2.4	2	2	0.2	1	1	0.8	unphased	0.967574879227053	0.967574879227053	1
5	35904574	35904575	27	13	2.4	2	2	0.2	1	1	0.8	unphased	1.07202898550725	1.07202898550725	1
5	40853053	40853054	117	62	2.4	2	2	0.2	1	1	0.8	unphased	1.14251477613149	1.14251477613149	1
5	41176624	41176625	36	16	2.4	2	2	0.2	1	1	0.8	unphased	1.0149386845039	1.0149386845039	1
5	41929991	41929992	113	62	2.4	2	2	0.2	1	1	0.8	unphased	1.16862939958592	1.16862939958592	1
5	45262168	45262169	66	44	2.4	2	2	0.2	1	1	0.8	unphased	1.31942028985507	1.09951690821256	1.2
5	52778749	52778750	7	25	2	2	0	1	NA	NA	NA	unphased	2.26449275362319	1.13224637681159	2
5	59899304	59899305	39	16	2	2	0	1	NA	NA	NA	unphased	0.843214756258234	0.843214756258234	1
5	67575536	67575537	33	41	2	2	0	1	NA	NA	NA	unphased	1.60595377986682	0.802976889933412	2
5	78251158	78251159	15	37	2	2	0	1	NA	NA	NA	unphased	2.06243032329989	1.03121516164994	2
5	89981692	89981693	11	9	2	2	0	1	NA	NA	NA	unphased	1.30434782608696	1.30434782608696	1
5	102891787	102891788	20	10	2	2	0	1	NA	NA	NA	unphased	0.966183574879227	0.966183574879227	1
5	115336319	115336320	10	22	2	2	0	1	NA	NA	NA	unphased	1.99275362318841	0.996376811594203	2
5	127644939	127644940	27	12	2	2	0	1	NA	NA	NA	unphased	0.891861761426979	0.891861761426979	1
5	127873103	127873104	9	7	2	2	0	1	NA	NA	NA	unphased	1.26811594202899	1.26811594202899	1
5	128302219	128302220	5	13	2	2	0	1	NA	NA	NA	unphased	2.09339774557166	1.04669887278583	2
5	131329809	131329810	4	25	2	2	0	1	NA	NA	NA	unphased	2.49875062468766	1.24937531234383	2
5	135567187	135567188	14	4	2	2	0	1	NA	NA	NA	unphased	0.644122383252818	0.644122383252818	1
5	136448182	136448183	18	29	2	2	0	1	NA	NA	NA	unphased	1.78846746839346	0.894233734196731	2
5	140188373	140188374	32	54	2	2	0	1	NA	NA	NA	unphased	1.82002022244692	0.910010111223458	2
5	140627359	140627360	108	48	2	2	0	1	NA	NA	NA	unphased	0.891861761426979	0.891861761426979	1
5	140745614	140745615	49	108	2	2	0	1	NA	NA	NA	unphased	1.9939075048463	0.996953752423152	2
5	140754223	140754224	4	7	2	2	0	1	NA	NA	NA	unphased	1.84453227931489	0.922266139657444	2
5	140774103	140774104	51	46	2	2	0	1	NA	NA	NA	unphased	1.3745704467354	0.687285223367698	2
5	140812476	140812477	91	4	2	2	0	1	NA	NA	NA	unphased	0.122044241037376	0.122044241037376	1
5	149276049	149276050	17	29	2	2	0	1	NA	NA	NA	unphased	1.82734719596723	0.913673597983617	2
5	150844125	150844126	9	15	2	2	0	1	NA	NA	NA	unphased	1.81159420289855	0.905797101449275	2
5	150911375	150911376	28	47	2	2	0	1	NA	NA	NA	unphased	1.81642512077295	0.908212560386474	2
5	150923792	150923793	36	52	2	2	0	1	NA	NA	NA	unphased	1.71277997364954	0.85638998682477	2
5	151772001	151772002	20	62	2	2	0	1	NA	NA	NA	unphased	2.19158713326264	1.09579356663132	2
5	155935676	155935677	10	18	2	2	0	1	NA	NA	NA	unphased	1.86335403726708	0.93167701863354	2
5	162940623	162940624	30	34	2	2	0	1	NA	NA	NA	unphased	1.53985507246377	0.769927536231884	2
5	168310291	168310292	24	29	2	2	0	1	NA	NA	NA	unphased	1.58599945310364	0.792999726551818	2
5	175528063	175528064	160	64	2	2	0	1	NA	NA	NA	unphased	0.82815734989648	0.82815734989648	1
5	176304926	176304927	8	15	2	2	0	1	NA	NA	NA	unphased	1.89035916824197	0.945179584120983	2
5	176304927	176304928	8	15	2	2	0	1	NA	NA	NA	unphased	1.89035916824197	0.945179584120983	2
5	176638388	176638389	31	64	2	2	0	1	NA	NA	NA	unphased	1.95270785659802	0.976353928299008	2
5	178552057	178552058	44	66	2	2	0	1	NA	NA	NA	unphased	1.73913043478261	0.869565217391304	2
5	179320252	179320253	12	23	2	2	0	1	NA	NA	NA	unphased	1.9047619047619	0.952380952380952	2
6	1395049	1395050	37	84	4	4	0	1	NA	NA	NA	unphased	3.40064678404599	1.13354892801533	3
6	4892435	4892436	9	39	4	4	0	1	NA	NA	NA	unphased	3.98007246376812	0.995018115942029	4
6	26124733	26124734	46	124	4	4	0	1	NA	NA	NA	unphased	3.57306052855925	0.893265132139813	4
6	26199913	26199914	81	219	4	4	0	1	NA	NA	NA	unphased	3.57594202898551	0.893985507246377	4
6	31603432	31603433	45	5	3.46	4	0	0.82	1	0	0.18	unphased	0.435855072463768	0.531530576175327	0.82
6	31604909	31604910	69	13	3.46	4	0	0.82	1	0	0.18	unphased	0.690989749027925	0.690989749027925	1
6	33141677	33141678	34	99	3.46	4	0	0.82	1	0	0.18	unphased	3.24433474991827	0.937669002866553	3.46
6	33255143	33255144	21	44	3.46	4	0	0.82	1	0	0.18	unphased	2.95040356744705	1.04624239980392	2.82
6	33287333	33287334	90	27	3.46	4	0	0.82	1	0	0.18	unphased	1.00581939799331	1.00581939799331	1
6	33653452	33653453	57	18	3.46	4	0	0.82	1	0	0.18	unphased	1.04605217391304	1.04605217391304	1
6	36742826	36742827	14	32	3.46	4	0	0.82	1	0	0.18	unphased	3.03203528670447	1.07518981798031	2.82
6	38998200	38998201	39	7	3.46	4	0	0.82	1	0	0.18	unphased	0.663257718966604	0.663257718966604	1
6	39895314	39895315	22	7	3.46	4	0	0.82	1	0	0.18	unphased	1.05206396801599	1.05206396801599	1
6	40996214	40996215	34	36	3.46	4	0	0.82	1	0	0.18	unphased	2.24154037267081	0.849068322981366	2.64
6	42796932	42796933	85	23	3.46	4	0	0.82	1	0	0.18	unphased	0.92820987654321	0.92820987654321	1
6	42797512	42797513	144	31	3.46	4	0	0.82	1	0	0.18	unphased	0.772086128364389	0.772086128364389	1
6	43471127	43471128	6	29	3.46	4	0	0.82	1	0	0.18	unphased	3.61137060041408	0.992134780333538	3.64
6	51889827	51889828	115	29	1.18	2	2	0.06	0	1	0.94	unphased	0.418597020933978	0.418597020933978	1
6	64408184	64408185	88	51	1.18	2	2	0.06	0	1	0.94	unphased	0.762633719111667	0.762633719111667	1
6	70071173	70071174	64	15	1.84	2	1	0.42	1	0	0.58	unphased	0.519977985690699	1.23804282307309	0.42
6	73110195	73110196	41	10	1.84	2	1	0.42	1	0	0.58	unphased	0.536970730321114	1.2785017388598	0.42
6	74104724	74104725	63	53	1.84	2	1	0.42	1	0	0.58	unphased	1.2512343828086	0.881150973808871	1.42
6	74124359	74124360	62	37	1.84	2	1	0.42	1	0	0.58	unphased	1.02349875567267	1.02349875567267	1
6	75861709	75861710	75	44	1.84	2	1	0.42	1	0	0.58	unphased	1.01257337717696	1.01257337717696	1
6	76734954	76734955	48	18	1.84	2	1	0.42	1	0	0.58	unphased	0.746877470355731	0.746877470355731	1
6	76734955	76734956	48	18	1.84	2	1	0.42	1	0	0.58	unphased	0.746877470355731	0.746877470355731	1
6	83898410	83898411	66	8	1.84	2	1	0.42	1	0	0.58	unphased	0.296059537798668	0.704903661425401	0.42
6	90405581	90405582	44	18	1.84	2	1	0.42	1	0	0.58	unphased	0.795063113604488	0.795063113604488	1
6	90642331	90642332	51	19	1.84	2	1	0.42	1	0	0.58	unphased	0.743320910973085	0.743320910973085	1
6	99958049	99958050	114	27	1.78	2	1	0.39	1	0	0.61	unphased	0.512913968547641	1.31516402191703	0.39
6	100901720	100901721	29	10	1.78	2	1	0.39	1	0	0.61	unphased	0.686807878112226	0.686807878112226	1
6	102503232	102503233	53	12	1.62	2	1	0.31	1	0	0.69	unphased	0.464963210702341	1.49988132484626	0.31
6	111678277	111678278	80	26	1.62	2	1	0.31	1	0	0.69	unphased	0.617757724911129	0.617757724911129	1
6	117086409	117086410	22	32	1.62	2	1	0.31	1	0	0.69	unphased	1.492474503489	1.13929351411374	1.31
6	117589523	117589524	76	57	1.62	2	1	0.31	1	0	0.69	unphased	1.07937888198758	1.07937888198758	1
6	118635283	118635284	83	64	1.62	2	1	0.31	1	0	0.69	unphased	1.09651188011436	1.09651188011436	1
6	125144510	125144511	8	10	1.62	2	1	0.31	1	0	0.69	unphased	1.39919484702093	1.39919484702093	1
6	129618929	129618930	22	15	1.62	2	1	0.31	1	0	0.69	unphased	1.02103407755582	1.02103407755582	1
6	132189199	132189200	63	34	1.62	2	1	0.31	1	0	0.69	unphased	0.882790975646198	0.882790975646198	1
6	133595852	133595853	26	10	1.62	2	1	0.31	1	0	0.69	unphased	0.699597423510467	0.699597423510467	1
6	150322311	150322312	17	15	1.62	2	1	0.31	1	0	0.69	unphased	1.18057065217391	1.18057065217391	1
6	151939102	151939103	60	8	1.62	2	1	0.31	1	0	0.69	unphased	0.296300085251492	0.955806726617716	0.31
6	152497695	152497696	48	47	1.62	2	1	0.31	1	0	0.69	unphased	1.24601983218917	0.95116017724364	1.31
6	152774713	152774714	105	50	1.62	2	1	0.31	1	0	0.69	unphased	0.812435717625059	0.812435717625059	1
6	155503373	155503374	113	28	1.62	2	1	0.31	1	0	0.69	unphased	0.500137732552164	0.500137732552164	1
6	161007592	161007593	51	39	1.62	2	1	0.31	1	0	0.69	unphased	1.09137198067633	1.09137198067633	1
6	161502032	161502033	13	13	1.62	2	1	0.31	1	0	0.69	unphased	1.25927536231884	1.25927536231884	1
6	163149306	163149307	118	50	1.62	2	1	0.31	1	0	0.69	unphased	0.749568668046929	0.749568668046929	1
6	165711486	165711487	70	66	1.62	2	1	0.31	1	0	0.69	unphased	1.2222378516624	0.933005993635423	1.31
6	170632310	170632311	76	11	1.62	2	1	0.31	1	0	0.69	unphased	0.318437447942695	1.02721757400869	0.31
7	2752150	2752151	17	6	2.18	2	2	0.09	1	1	0.91	unphased	0.803100189035917	0.803100189035917	1
7	5167300	5167301	22	6	2.18	2	2	0.09	1	1	0.91	unphased	0.659689440993789	0.659689440993789	1
7	5410645	5410646	42	32	2.18	2	2	0.09	1	1	0.91	unphased	1.3312651782217	1.22134420020339	1.09
7	7545661	7545662	57	25	2.18	2	2	0.09	1	1	0.91	unphased	0.938582537999293	0.938582537999293	1
7	11418960	11418961	30	22	2.18	2	2	0.09	1	1	0.91	unphased	1.30246376811594	1.30246376811594	1
7	16317785	16317786	16	6	4	2	2	1	NA	NA	NA	unphased	1.33596837944664	1.33596837944664	1
7	21760397	21760398	6	4	4	2	2	1	NA	NA	NA	unphased	1.95942028985507	1.95942028985507	1
7	27168987	27168988	95	44	4	2	2	1	NA	NA	NA	unphased	1.5506203732666	0.775310186633302	2
7	31864531	31864532	83	67	4	2	2	1	NA	NA	NA	unphased	2.1880193236715	1.09400966183575	2
7	36460352	36460353	71	46	4	2	2	1	NA	NA	NA	unphased	1.92592592592593	0.962962962962963	2
7	43484421	43484422	49	32	4	2	2	1	NA	NA	NA	unphased	1.93522991590624	0.967614957953122	2
7	44746963	44746964	48	38	4	2	2	1	NA	NA	NA	unphased	2.16447590158409	1.08223795079205	2
7	47930311	47930312	44	17	4	2	2	1	NA	NA	NA	unphased	1.36516987407935	1.36516987407935	1
7	51096498	51096499	58	10	4	2	2	1	NA	NA	NA	unphased	0.720375106564365	0.720375106564365	1
7	56125753	56125754	34	27	4	2	2	1	NA	NA	NA	unphased	2.16821097647897	1.08410548823949	2
7	72663972	72663973	31	38	2	2	0	1	NA	NA	NA	unphased	1.59630329762655	0.798151648813275	2
7	74169853	74169854	29	4	2	2	0	1	NA	NA	NA	unphased	0.351339481774264	0.351339481774264	1
7	82784307	82784308	81	141	2	2	0	1	NA	NA	NA	unphased	1.8409714061888	0.920485703094399	2
7	83823810	83823811	46	75	2	2	0	1	NA	NA	NA	unphased	1.79662234998203	0.898311174991017	2
7	86541467	86541468	69	14	2	2	0	1	NA	NA	NA	unphased	0.488912170420814	0.488912170420814	1
7	86541473	86541474	69	13	2	2	0	1	NA	NA	NA	unphased	0.459526334393779	0.459526334393779	1
7	86541496	86541497	70	12	2	2	0	1	NA	NA	NA	unphased	0.424178154825027	0.424178154825027	1
7	90012370	90012371	35	18	2	2	0	1	NA	NA	NA	unphased	0.984413453650533	0.984413453650533	1
7	90895394	90895395	21	40	2	2	0	1	NA	NA	NA	unphased	1.90068899976241	0.950344499881207	2
7	94928338	94928339	26	57	2	2	0	1	NA	NA	NA	unphased	1.99057097957046	0.995285489785228	2
7	95115330	95115331	14	21	2	2	0	1	NA	NA	NA	unphased	1.73913043478261	0.869565217391304	2
7	97493701	97493702	13	27	2	2	0	1	NA	NA	NA	unphased	1.95652173913044	0.978260869565218	2
7	103338531	103338532	46	70	2	2	0	1	NA	NA	NA	unphased	1.74912543728136	0.87456271864068	2
7	123097557	123097558	26	68	2	2	0	1	NA	NA	NA	unphased	2.0968239284613	1.04841196423065	2
7	135272329	135272330	11	11	2	2	0	1	NA	NA	NA	unphased	1.44927536231884	1.44927536231884	1
7	140434288	140434289	33	18	2	2	0	1	NA	NA	NA	unphased	1.0230179028133	1.0230179028133	1
7	142494283	142494284	8	25	2	2	0	1	NA	NA	NA	unphased	2.19587176108915	1.09793588054458	2
7	150746306	150746307	40	11	2	2	0	1	NA	NA	NA	unphased	0.625177607274794	0.625177607274794	1
7	151970800	151970801	212	11	2	2	0	1	NA	NA	NA	unphased	0.142977838435043	0.142977838435043	1
8	12879224	12879225	11	13	1	1	0	1	NA	NA	NA	unphased	1.02838164251208	1.02838164251208	1
8	21931340	21931341	9	7	1	1	0	1	NA	NA	NA	unphased	0.830615942028986	0.830615942028986	1
8	22421800	22421801	4	4	1	1	0	1	NA	NA	NA	unphased	0.949275362318841	0.949275362318841	1
8	22442666	22442667	14	18	1	1	0	1	NA	NA	NA	unphased	1.0679347826087	1.0679347826087	1
8	33416287	33416288	38	36	3.1	3	1	0.7	1	0	0.3	unphased	1.94524089306698	1.14425934886293	1.7
8	35544095	35544096	50	22	1.36	2	1	0.18	1	0	0.82	unphased	0.690112721417069	0.690112721417069	1
8	36793246	36793247	94	31	1.36	2	1	0.18	1	0	0.82	unphased	0.560120579710145	0.560120579710145	1
8	37620233	37620234	6	4	1.36	2	1	0.18	1	0	0.82	unphased	0.903420289855073	0.903420289855073	1
8	38277221	38277222	23	16	3	2	1	1	NA	NA	NA	unphased	1.59940542549238	0.799702712746191	2
8	42977825	42977826	66	23	2	1	1	0.84	1	1	0.16	unphased	0.749063670411985	0.749063670411985	1
8	43052820	43052821	88	18	2	1	1	0.84	1	1	0.16	unphased	0.492206726825267	0.492206726825267	1
8	48309094	48309095	81	36	2	1	1	0.84	1	1	0.16	unphased	0.891861761426979	0.891861761426979	1
8	51449283	51449284	104	28	3	2	1	1	NA	NA	NA	unphased	0.826965305226175	0.826965305226175	1
8	53085050	53085051	21	28	3	2	1	1	NA	NA	NA	unphased	2.22774327122153	1.11387163561077	2
8	59510428	59510429	100	22	3	2	1	1	NA	NA	NA	unphased	0.703017343787123	0.703017343787123	1
8	59720702	59720703	57	11	3	2	1	1	NA	NA	NA	unphased	0.630647911338448	0.630647911338448	1
8	61655062	61655063	48	17	3	2	1	1	NA	NA	NA	unphased	1.01962095875139	1.01962095875139	1
8	67492437	67492438	17	15	3	2	1	1	NA	NA	NA	unphased	1.82744565217391	0.913722826086957	2
8	68430278	68430279	37	34	3	2	1	1	NA	NA	NA	unphased	1.86691161461523	0.933455807307614	2
8	69031741	69031742	90	32	3	2	1	1	NA	NA	NA	unphased	1.02257068187218	1.02257068187218	1
8	69104749	69104750	24	24	3	2	1	1	NA	NA	NA	unphased	1.94927536231884	0.97463768115942	2
8	72111604	72111605	22	10	3	2	1	1	NA	NA	NA	unphased	1.21829710144928	1.21829710144928	1
8	72128965	72128966	68	17	3	2	1	1	NA	NA	NA	unphased	0.779710144927536	0.779710144927536	1
8	77618169	77618170	9	37	2	2	0	1	NA	NA	NA	unphased	2.33144297416509	1.16572148708255	2
8	77765550	77765551	3	8	2	2	0	1	NA	NA	NA	unphased	2.10803689064559	1.05401844532279	2
8	88249283	88249284	47	15	3	2	1	1	NA	NA	NA	unphased	0.943197755960729	0.943197755960729	1
8	94746532	94746533	176	29	1.18	2	1	0.09	1	0	0.91	unphased	0.294038882997526	0.294038882997526	1
8	95523653	95523654	33	9	1.18	2	1	0.09	1	0	0.91	unphased	0.445403726708075	0.445403726708075	1
8	99149117	99149118	113	38	1.18	2	1	0.09	1	0	0.91	unphased	0.523078990306172	0.523078990306172	1
8	104225170	104225171	56	38	1.18	2	1	0.09	1	0	0.91	unphased	0.840265186555658	0.840265186555658	1
8	105393487	105393488	46	47	1.18	2	1	0.09	1	0	0.91	unphased	1.05045036621474	1.05045036621474	1
8	106813293	106813294	71	76	1.18	2	1	0.09	1	0	0.91	unphased	1.07462486443853	1.07462486443853	1
8	110497337	110497338	40	11	1.18	2	1	0.09	1	0	0.91	unphased	0.448314862176755	0.448314862176755	1
8	113421186	113421187	54	70	2	2	0	0.08	1	1	0.92	unphased	1.63627863487611	1.51507281007047	1.08
8	113484911	113484912	20	42	2	2	0	0.08	1	1	0.92	unphased	1.96353436185133	1.81808737208457	1.08
8	114185985	114185986	36	68	2	2	0	0.08	1	1	0.92	unphased	1.89520624303233	1.75482059540031	1.08
8	117875489	117875490	40	63	2	2	0	0.08	1	1	0.92	unphased	1.7728999577881	1.64157403498898	1.08
8	121013905	121013906	16	32	2	2	0	0.08	1	1	0.92	unphased	1.93236714975845	1.78922884236894	1.08
8	125025667	125025668	42	18	2	2	0	0.08	1	1	0.92	unphased	0.869565217391304	0.869565217391304	1
8	125025848	125025849	4	11	2	2	0	0.08	1	1	0.92	unphased	2.1256038647343	1.96815172660583	1.08
8	133726419	133726420	82	20	2	2	0	0.08	1	1	0.92	unphased	0.568343279340722	0.568343279340722	1
8	134062206	134062207	29	43	2	2	0	0.08	1	1	0.92	unphased	1.73107890499195	1.60285083795551	1.08
8	142199129	142199130	17	8	2	2	0	0.08	1	1	0.92	unphased	0.927536231884058	0.927536231884058	1
8	144942701	144942702	8	6	2	2	0	0.08	1	1	0.92	unphased	1.24223602484472	1.24223602484472	1
8	146032615	146032616	13	13	NA	NA	NA	NA	NA	NA	NA	unphased	NA	NA	1
9	3257089	3257090	27	75	3	3	0	1	NA	NA	NA	unphased	2.86658141517477	0.955527138391589	3
9	6605133	6605134	9	54	3	3	0	1	NA	NA	NA	unphased	3.3416149068323	1.11387163561077	3
9	19056242	19056243	10	17	3	3	0	1	NA	NA	NA	unphased	2.45464304884595	0.818214349615316	3
9	37744573	37744574	59	9	2	2	0	1	NA	NA	NA	unphased	0.383631713554987	0.383631713554987	1
9	65506650	65506651	5	13	2	2	0	1	NA	NA	NA	unphased	2.09339774557166	1.04669887278583	2
9	70917832	70917833	52	9	2	2	0	1	NA	NA	NA	unphased	0.427655024946543	0.427655024946543	1
9	72006542	72006543	18	37	3	3	0	1	NA	NA	NA	unphased	2.62266139657444	0.874220465524813	3
9	73235029	73235030	16	20	2	2	0	1	NA	NA	NA	unphased	1.61030595813205	0.805152979066023	2
9	74345088	74345089	30	13	2	2	0	1	NA	NA	NA	unphased	0.876306033029997	0.876306033029997	1
9	75355031	75355032	10	19	2	2	0	1	NA	NA	NA	unphased	1.89905047476262	0.949525237381309	2
9	75526896	75526897	62	9	2	2	0	1	NA	NA	NA	unphased	0.367421922841396	0.367421922841396	1
9	78710918	78710919	18	32	2	2	0	1	NA	NA	NA	unphased	1.85507246376812	0.927536231884058	2
9	78772036	78772037	28	36	2	2	0	1	NA	NA	NA	unphased	1.6304347826087	0.815217391304348	2
9	82340003	82340004	20	34	2	2	0	1	NA	NA	NA	unphased	1.82501341921632	0.912506709608159	2
9	104499905	104499906	3	9	3	3	0	1	NA	NA	NA	unphased	2.92391304347826	0.97463768115942	3
9	108536319	108536320	62	4	3	3	0	1	NA	NA	NA	unphased	0.236275801493193	0.236275801493193	1
9	114305099	114305100	13	35	3	3	0	1	NA	NA	NA	unphased	2.84269323671498	0.947564412238325	3
9	114305174	114305175	15	46	3	3	0	1	NA	NA	NA	unphased	2.93989071038251	0.979963570127505	3
9	117819514	117819515	45	37	3	3	0	1	NA	NA	NA	unphased	1.75910215623895	0.879551078119477	2
9	117826934	117826935	70	147	3	3	0	1	NA	NA	NA	unphased	2.64095371669004	0.880317905563347	3
9	123671552	123671553	246	75	3	3	0	1	NA	NA	NA	unphased	0.910876337532169	0.910876337532169	1
9	126129601	126129602	8	22	3	3	0	1	NA	NA	NA	unphased	2.85893719806763	0.952979066022544	3
9	130486545	130486546	11	48	3	3	0	1	NA	NA	NA	unphased	3.171702284451	1.057234094817	3
9	132620783	132620784	69	58	3	3	0	1	NA	NA	NA	unphased	1.78044048841721	0.890220244208604	2
9	135933498	135933499	6	8	3	3	0	1	NA	NA	NA	unphased	2.22774327122153	1.11387163561077	2
9	136501598	136501599	16	35	3	3	0	1	NA	NA	NA	unphased	2.67547598749645	0.891825329165483	3
9	137688241	137688242	28	64	3	3	0	1	NA	NA	NA	unphased	2.71203528670447	0.904011762234825	3
9	139370616	139370617	16	29	3	3	0	1	NA	NA	NA	unphased	2.51239935587762	0.837466451959206	3
9	140059608	140059609	31	56	4	4	0	1	NA	NA	NA	unphased	3.15309012160586	1.05103004053529	3
9	140953610	140953611	5	26	NA	NA	NA	NA	NA	NA	NA	unphased	NA	NA	1
X	1499969	1499970	129	42	NA	NA	NA	NA	NA	NA	NA	unphased	NA	NA	1
X	3228905	3228906	17	18	NA	NA	NA	NA	NA	NA	NA	unphased	NA	NA	1
X	9728836	9728837	1	8	NA	NA	NA	NA	NA	NA	NA	unphased	NA	NA	1
X	9864171	9864172	4	4	NA	NA	NA	NA	NA	NA	NA	unphased	NA	NA	1
X	12905136	12905137	48	74	NA	NA	NA	NA	NA	NA	NA	unphased	NA	NA	1
X	13061249	13061250	54	78	NA	NA	NA	NA	NA	NA	NA	unphased	NA	NA	1
X	18944618	18944619	48	69	NA	NA	NA	NA	NA	NA	NA	unphased	NA	NA	1
X	26158056	26158057	4	7	NA	NA	NA	NA	NA	NA	NA	unphased	NA	NA	1
X	30237504	30237505	17	20	NA	NA	NA	NA	NA	NA	NA	unphased	NA	NA	1
X	30261344	30261345	2	6	NA	NA	NA	NA	NA	NA	NA	unphased	NA	NA	1
X	44101395	44101396	3	6	NA	NA	NA	NA	NA	NA	NA	unphased	NA	NA	1
X	48687840	48687841	21	43	NA	NA	NA	NA	NA	NA	NA	unphased	NA	NA	1
X	48687841	48687842	22	43	NA	NA	NA	NA	NA	NA	NA	unphased	NA	NA	1
X	54497770	54497771	17	42	NA	NA	NA	NA	NA	NA	NA	unphased	NA	NA	1
X	57337067	57337068	5	25	NA	NA	NA	NA	NA	NA	NA	unphased	NA	NA	1
X	63412890	63412891	21	26	NA	NA	NA	NA	NA	NA	NA	unphased	NA	NA	1
X	68382734	68382735	22	35	NA	NA	NA	NA	NA	NA	NA	unphased	NA	NA	1
X	70387433	70387434	24	37	NA	NA	NA	NA	NA	NA	NA	unphased	NA	NA	1
X	75003280	75003281	11	14	NA	NA	NA	NA	NA	NA	NA	unphased	NA	NA	1
X	79286490	79286491	25	35	NA	NA	NA	NA	NA	NA	NA	unphased	NA	NA	1
X	79937521	79937522	27	58	NA	NA	NA	NA	NA	NA	NA	unphased	NA	NA	1
X	91131800	91131801	21	32	NA	NA	NA	NA	NA	NA	NA	unphased	NA	NA	1
X	100510192	100510193	48	75	NA	NA	NA	NA	NA	NA	NA	unphased	NA	NA	1
X	104464180	104464181	5	14	NA	NA	NA	NA	NA	NA	NA	unphased	NA	NA	1
X	107381361	107381362	49	104	NA	NA	NA	NA	NA	NA	NA	unphased	NA	NA	1
X	110544909	110544910	33	38	NA	NA	NA	NA	NA	NA	NA	unphased	NA	NA	1
X	123211827	123211828	12	49	NA	NA	NA	NA	NA	NA	NA	unphased	NA	NA	1
X	128652374	128652375	30	9	NA	NA	NA	NA	NA	NA	NA	unphased	NA	NA	1
X	136112485	136112486	37	39	NA	NA	NA	NA	NA	NA	NA	unphased	NA	NA	1
X	147062984	147062985	18	42	NA	NA	NA	NA	NA	NA	NA	unphased	NA	NA	1
X	148037736	148037737	40	99	NA	NA	NA	NA	NA	NA	NA	unphased	NA	NA	1
X	148059938	148059939	27	98	NA	NA	NA	NA	NA	NA	NA	unphased	NA	NA	1
X	151899973	151899974	80	191	NA	NA	NA	NA	NA	NA	NA	unphased	NA	NA	1
X	152956880	152956881	20	65	NA	NA	NA	NA	NA	NA	NA	unphased	NA	NA	1
X	153880632	153880633	30	62	NA	NA	NA	NA	NA	NA	NA	unphased	NA	NA	1
X	154194881	154194882	65	46	NA	NA	NA	NA	NA	NA	NA	unphased	NA	NA	1
