sample	chr	pos	ccf_old_v100_raw	ccf_old_v100_valid	ccf_over_one_flag
TCGA-75-5126-01	1	11182049	1.72413793103448	NA	TRUE
TCGA-75-5126-01	1	12887653	0.814332247557003	0.814332247557003	FALSE
TCGA-75-5126-01	1	16268907	1.01010101010101	NA	TRUE
TCGA-75-5126-01	1	18808542	1.04166666666667	NA	TRUE
TCGA-75-5126-01	1	26581979	0.51440329218107	0.51440329218107	FALSE
TCGA-75-5126-01	1	28862433	0.925925925925926	0.925925925925926	FALSE
TCGA-75-5126-01	1	36558117	0.740740740740741	0.740740740740741	FALSE
TCGA-75-5126-01	1	36640515	0.735294117647059	0.735294117647059	FALSE
TCGA-75-5126-01	1	41486213	1.09126984126984	NA	TRUE
TCGA-75-5126-01	1	43119529	0.586854460093897	0.586854460093897	FALSE
TCGA-75-5126-01	1	43119551	0.799086757990868	0.799086757990868	FALSE
TCGA-75-5126-01	1	43215927	1.96078431372549	NA	TRUE
TCGA-75-5126-01	1	51425436	1.96078431372549	NA	TRUE
TCGA-75-5126-01	1	53122714	0.482625482625483	0.482625482625483	FALSE
TCGA-75-5126-01	1	62237296	0.735294117647059	0.735294117647059	FALSE
TCGA-75-5126-01	1	65864515	0.541125541125541	0.541125541125541	FALSE
TCGA-75-5126-01	1	67147924	1.0485651214128	NA	TRUE
TCGA-75-5126-01	1	70654875	0.550314465408805	0.550314465408805	FALSE
TCGA-75-5126-01	1	78098439	1.44927536231884	NA	TRUE
TCGA-75-5126-01	1	87040315	1.5	NA	TRUE
TCGA-75-5126-01	1	91182622	0.446428571428571	0.446428571428571	FALSE
TCGA-75-5126-01	1	91742270	1.5625	NA	TRUE
TCGA-75-5126-01	1	91967261	0.862068965517241	0.862068965517241	FALSE
TCGA-75-5126-01	1	94982646	1.69753086419753	NA	TRUE
TCGA-75-5126-01	1	100732078	1.11111111111111	NA	TRUE
TCGA-75-5126-01	1	101704852	1.02040816326531	NA	TRUE
TCGA-75-5126-01	1	108185330	0.854700854700855	0.854700854700855	FALSE
TCGA-75-5126-01	1	108185332	0.825825825825826	0.825825825825826	FALSE
TCGA-75-5126-01	1	110214125	1.23456790123457	NA	TRUE
TCGA-75-5126-01	1	110256121	1.16387337057728	NA	TRUE
TCGA-75-5126-01	1	117078851	2.33333333333333	NA	TRUE
TCGA-75-5126-01	1	118501533	1.12994350282486	NA	TRUE
TCGA-75-5126-01	1	152082950	1.24570446735395	NA	TRUE
TCGA-75-5126-01	1	152284173	0.834908632640202	0.834908632640202	FALSE
TCGA-75-5126-01	1	152748972	0.529100529100529	0.529100529100529	FALSE
TCGA-75-5126-01	1	153270489	1.44654088050314	NA	TRUE
TCGA-75-5126-01	1	154295719	0.925925925925926	0.925925925925926	FALSE
TCGA-75-5126-01	1	156704034	0.757575757575758	0.757575757575758	FALSE
TCGA-75-5126-01	1	156713537	1.98412698412698	NA	TRUE
TCGA-75-5126-01	1	158548836	0.964187327823692	0.964187327823692	FALSE
TCGA-75-5126-01	1	158735635	0.436046511627907	0.436046511627907	FALSE
TCGA-75-5126-01	1	159169596	0.833333333333333	0.833333333333333	FALSE
TCGA-75-5126-01	1	161180475	1.21527777777778	NA	TRUE
TCGA-75-5126-01	1	161771911	0.889967637540453	0.889967637540453	FALSE
TCGA-75-5126-01	1	177001649	0.561797752808989	0.561797752808989	FALSE
TCGA-75-5126-01	1	177249713	0.862068965517241	0.862068965517241	FALSE
TCGA-75-5126-01	1	181726077	0.811209439528024	0.811209439528024	FALSE
TCGA-75-5126-01	1	185153463	0.854700854700855	0.854700854700855	FALSE
TCGA-75-5126-01	1	186034450	2.02020202020202	NA	TRUE
TCGA-75-5126-01	1	186141245	0.450450450450451	0.450450450450451	FALSE
TCGA-75-5126-01	1	190067370	0.865800865800866	0.865800865800866	FALSE
TCGA-75-5126-01	1	190195291	1.21951219512195	NA	TRUE
TCGA-75-5126-01	1	197072203	0.619369369369369	0.619369369369369	FALSE
TCGA-75-5126-01	1	198668740	0.716845878136201	0.716845878136201	FALSE
TCGA-75-5126-01	1	215963401	1.41843971631206	NA	TRUE
TCGA-75-5126-01	1	220970054	2.08333333333333	NA	TRUE
TCGA-75-5126-01	1	226349305	2.67295597484277	NA	TRUE
TCGA-75-5126-01	1	231700291	0.507246376811594	0.507246376811594	FALSE
TCGA-75-5126-01	1	234584263	1.15384615384615	NA	TRUE
TCGA-75-5126-01	1	238053401	1.05177993527508	NA	TRUE
TCGA-75-5126-01	1	240072435	0.666666666666667	0.666666666666667	FALSE
TCGA-75-5126-01	1	247588857	0.72463768115942	0.72463768115942	FALSE
TCGA-75-5126-01	1	247588913	1.12612612612613	NA	TRUE
TCGA-75-5126-01	1	247902780	NA	NA	FALSE
TCGA-75-5126-01	1	248343636	NA	NA	FALSE
TCGA-75-5126-01	1	248458109	NA	NA	FALSE
TCGA-75-5126-01	1	248756151	NA	NA	FALSE
TCGA-75-5126-01	10	7785208	0.540540540540541	0.540540540540541	FALSE
TCGA-75-5126-01	10	48388080	1.38888888888889	NA	TRUE
TCGA-75-5126-01	10	50599243	2.08333333333333	NA	TRUE
TCGA-75-5126-01	10	50820238	1.70068027210884	NA	TRUE
TCGA-75-5126-01	10	55568824	2	NA	TRUE
TCGA-75-5126-01	10	60549174	1.05389942788317	NA	TRUE
TCGA-75-5126-01	10	67726441	1.06356356356356	NA	TRUE
TCGA-75-5126-01	10	75283501	1.12667977712225	NA	TRUE
TCGA-75-5126-01	10	75936567	1.47306397306397	NA	TRUE
TCGA-75-5126-01	10	96099595	1.1384335154827	NA	TRUE
TCGA-75-5126-01	10	97763935	1.59642401021711	NA	TRUE
TCGA-75-5126-01	10	99126286	1.09153869316471	NA	TRUE
TCGA-75-5126-01	10	102763281	1.27713920817369	NA	TRUE
TCGA-75-5126-01	10	105215108	1.04166666666667	NA	TRUE
TCGA-75-5126-01	10	106917010	1.24643874643875	NA	TRUE
TCGA-75-5126-01	10	123845089	1.82291666666667	NA	TRUE
TCGA-75-5126-01	10	129913972	0.925925925925926	0.925925925925926	FALSE
TCGA-75-5126-01	11	1774823	1.13168724279835	NA	TRUE
TCGA-75-5126-01	11	4843137	0.868055555555556	0.868055555555556	FALSE
TCGA-75-5126-01	11	5529338	0.865800865800866	0.865800865800866	FALSE
TCGA-75-5126-01	11	5537461	0.925925925925926	0.925925925925926	FALSE
TCGA-75-5126-01	11	5809298	0.905797101449275	0.905797101449275	FALSE
TCGA-75-5126-01	11	6807219	1.38888888888889	NA	TRUE
TCGA-75-5126-01	11	6807220	1.38888888888889	NA	TRUE
TCGA-75-5126-01	11	7070902	0.555555555555556	0.555555555555556	FALSE
TCGA-75-5126-01	11	7530705	0.43859649122807	0.43859649122807	FALSE
TCGA-75-5126-01	11	17741348	1.09289617486339	NA	TRUE
TCGA-75-5126-01	11	18194908	1.54320987654321	NA	TRUE
TCGA-75-5126-01	11	18231409	0.570776255707763	0.570776255707763	FALSE
TCGA-75-5126-01	11	30032746	1.66666666666667	NA	TRUE
TCGA-75-5126-01	11	32674742	0.70281124497992	0.70281124497992	FALSE
TCGA-75-5126-01	11	33308507	0.986842105263158	0.986842105263158	FALSE
TCGA-75-5126-01	11	35463205	2.21631205673759	NA	TRUE
TCGA-75-5126-01	11	45274079	1.79487179487179	NA	TRUE
TCGA-75-5126-01	11	45671248	0.574712643678161	0.574712643678161	FALSE
TCGA-75-5126-01	11	47493789	1.3	NA	TRUE
TCGA-75-5126-01	11	55405905	2.92792792792793	NA	TRUE
TCGA-75-5126-01	11	55563206	1.18159203980099	NA	TRUE
TCGA-75-5126-01	11	55594977	0.828729281767956	0.828729281767956	FALSE
TCGA-75-5126-01	11	55653297	0.946969696969697	0.946969696969697	FALSE
TCGA-75-5126-01	11	55703124	1.34408602150538	NA	TRUE
TCGA-75-5126-01	11	55860792	0.614754098360656	0.614754098360656	FALSE
TCGA-75-5126-01	11	56258197	0.603864734299517	0.603864734299517	FALSE
TCGA-75-5126-01	11	57076892	1.51515151515152	NA	TRUE
TCGA-75-5126-01	11	57970865	2.01612903225806	NA	TRUE
TCGA-75-5126-01	11	60235735	1.78571428571429	NA	TRUE
TCGA-75-5126-01	11	62186609	1.4367816091954	NA	TRUE
TCGA-75-5126-01	11	63230947	0.799086757990868	0.799086757990868	FALSE
TCGA-75-5126-01	11	63487182	0.966183574879227	0.966183574879227	FALSE
TCGA-75-5126-01	11	64821818	0.757575757575758	0.757575757575758	FALSE
TCGA-75-5126-01	11	65721100	1.58045977011494	NA	TRUE
TCGA-75-5126-01	11	66333336	1.10062893081761	NA	TRUE
TCGA-75-5126-01	11	68846407	1.35416666666667	NA	TRUE
TCGA-75-5126-01	11	71259944	0.993377483443709	0.993377483443709	FALSE
TCGA-75-5126-01	11	75727892	0.779376498800959	0.779376498800959	FALSE
TCGA-75-5126-01	11	75852456	0.793650793650794	0.793650793650794	FALSE
TCGA-75-5126-01	11	89896521	1.55367231638418	NA	TRUE
TCGA-75-5126-01	11	92616425	1.06263982102908	NA	TRUE
TCGA-75-5126-01	11	103057207	1.38888888888889	NA	TRUE
TCGA-75-5126-01	11	103797775	1.06060606060606	NA	TRUE
TCGA-75-5126-01	11	111779603	0.694444444444444	0.694444444444444	FALSE
TCGA-75-5126-01	11	113775684	0.806451612903226	0.806451612903226	FALSE
TCGA-75-5126-01	11	118764836	0.813008130081301	0.813008130081301	FALSE
TCGA-75-5126-01	11	118765377	0.833333333333333	0.833333333333333	FALSE
TCGA-75-5126-01	11	119029536	0.809061488673139	0.809061488673139	FALSE
TCGA-75-5126-01	11	119183321	0.634920634920635	0.634920634920635	FALSE
TCGA-75-5126-01	11	119206115	1.10837438423645	NA	TRUE
TCGA-75-5126-01	11	120776177	0.935425153852821	0.935425153852821	FALSE
TCGA-75-5126-01	11	120998690	1.26222222222222	NA	TRUE
TCGA-75-5126-01	11	123900895	1.30629422718808	NA	TRUE
TCGA-75-5126-01	11	124189498	1.12416666666667	NA	TRUE
TCGA-75-5126-01	11	132016339	1.21064102564103	NA	TRUE
TCGA-75-5126-01	11	134244036	NA	NA	FALSE
TCGA-75-5126-01	12	272696	NA	NA	FALSE
TCGA-75-5126-01	12	305962	NA	NA	FALSE
TCGA-75-5126-01	12	5155205	1.21798134011874	NA	TRUE
TCGA-75-5126-01	12	5724394	0.586122448979592	0.586122448979592	FALSE
TCGA-75-5126-01	12	6602071	0.587836257309941	0.587836257309941	FALSE
TCGA-75-5126-01	12	7548878	1.11648289510885	NA	TRUE
TCGA-75-5126-01	12	8672847	0.880306513409962	0.880306513409962	FALSE
TCGA-75-5126-01	12	10145867	1.24329004329004	NA	TRUE
TCGA-75-5126-01	12	10151728	1.04708333333333	NA	TRUE
TCGA-75-5126-01	12	12814875	1.01674964044695	NA	TRUE
TCGA-75-5126-01	12	12815044	0.899749373433584	0.899749373433584	FALSE
TCGA-75-5126-01	12	12815046	1.12076060735065	NA	TRUE
TCGA-75-5126-01	12	12815116	0.963112005365527	0.963112005365527	FALSE
TCGA-75-5126-01	12	12815160	0.899749373433584	0.899749373433584	FALSE
TCGA-75-5126-01	12	21422677	1.45050505050505	NA	TRUE
TCGA-75-5126-01	12	21919187	0.985984894381841	0.985984894381841	FALSE
TCGA-75-5126-01	12	25398285	1.51157894736842	NA	TRUE
TCGA-75-5126-01	12	29639183	1.06797560612822	NA	TRUE
TCGA-75-5126-01	12	29908738	1.45050505050505	NA	TRUE
TCGA-75-5126-01	12	31632962	1.31398692810458	NA	TRUE
TCGA-75-5126-01	12	32751515	0.924066924066924	0.924066924066924	FALSE
TCGA-75-5126-01	12	39064600	1.81117117117117	NA	TRUE
TCGA-75-5126-01	12	41967324	0.879901960784314	0.879901960784314	FALSE
TCGA-75-5126-01	12	48190850	0.985490196078431	0.985490196078431	FALSE
TCGA-75-5126-01	12	48919816	0.845858134920635	0.845858134920635	FALSE
TCGA-75-5126-01	12	49420271	1.21798134011874	NA	TRUE
TCGA-75-5126-01	12	50492589	0.87030303030303	0.87030303030303	FALSE
TCGA-75-5126-01	12	51138374	1.43152647975078	NA	TRUE
TCGA-75-5126-01	12	52284753	1.04398400581607	NA	TRUE
TCGA-75-5126-01	12	54635431	1.51157894736842	NA	TRUE
TCGA-75-5126-01	12	55024687	0.890542635658915	0.890542635658915	FALSE
TCGA-75-5126-01	12	55420820	0.752190476190476	0.752190476190476	FALSE
TCGA-75-5126-01	12	55715183	0.633995584988963	0.633995584988963	FALSE
TCGA-75-5126-01	12	56230705	1.04398400581607	NA	TRUE
TCGA-75-5126-01	12	56563372	0.850962962962963	0.850962962962963	FALSE
TCGA-75-5126-01	12	57588394	0.841810966810967	0.841810966810967	FALSE
TCGA-75-5126-01	12	57872492	0.8782874617737	0.8782874617737	FALSE
TCGA-75-5126-01	12	58158802	1.04817518248175	NA	TRUE
TCGA-75-5126-01	12	72004836	0.992357723577236	0.992357723577236	FALSE
TCGA-75-5126-01	12	75434879	1.27644444444444	NA	TRUE
TCGA-75-5126-01	12	85449828	0.857313432835821	0.857313432835821	FALSE
TCGA-75-5126-01	12	85677633	1.02447028608119	NA	TRUE
TCGA-75-5126-01	12	88483117	0.683809523809524	0.683809523809524	FALSE
TCGA-75-5126-01	12	93100630	0.96156421588322	0.96156421588322	FALSE
TCGA-75-5126-01	12	95453709	1.42885572139303	NA	TRUE
TCGA-75-5126-01	12	101295476	1.09063291139241	NA	TRUE
TCGA-75-5126-01	12	112891116	1.12028368794326	NA	TRUE
TCGA-75-5126-01	12	124824973	0.563137254901961	0.563137254901961	FALSE
TCGA-75-5126-01	12	129822344	1.02484207968902	NA	TRUE
TCGA-75-5126-01	13	20237249	0.711892797319933	0.711892797319933	FALSE
TCGA-75-5126-01	13	31232508	0.986842105263158	0.986842105263158	FALSE
TCGA-75-5126-01	13	31724148	1.47058823529412	NA	TRUE
TCGA-75-5126-01	13	35684977	1.38888888888889	NA	TRUE
TCGA-75-5126-01	13	36401822	1.07260726072607	NA	TRUE
TCGA-75-5126-01	13	38229278	1.35135135135135	NA	TRUE
TCGA-75-5126-01	13	41933097	0.961538461538462	0.961538461538462	FALSE
TCGA-75-5126-01	13	47279214	0.366300366300366	0.366300366300366	FALSE
TCGA-75-5126-01	13	58209170	1.66666666666667	NA	TRUE
TCGA-75-5126-01	13	77786258	1.07638888888889	NA	TRUE
TCGA-75-5126-01	13	78167670	0.81578947368421	0.81578947368421	FALSE
TCGA-75-5126-01	13	95231010	1.06372549019608	NA	TRUE
TCGA-75-5126-01	13	100925576	1.62091503267974	NA	TRUE
TCGA-75-5126-01	13	103290630	1.3135593220339	NA	TRUE
TCGA-75-5126-01	13	103492148	0.95679012345679	0.95679012345679	FALSE
TCGA-75-5126-01	13	103514690	0.96875	0.96875	FALSE
TCGA-75-5126-01	13	109438076	0.833333333333333	0.833333333333333	FALSE
TCGA-75-5126-01	13	109753146	1.51960784313726	NA	TRUE
TCGA-75-5126-01	14	20444457	NA	NA	FALSE
TCGA-75-5126-01	14	20711609	0.696969696969697	0.696969696969697	FALSE
TCGA-75-5126-01	14	20843947	0.87719298245614	0.87719298245614	FALSE
TCGA-75-5126-01	14	20864787	1.54320987654321	NA	TRUE
TCGA-75-5126-01	14	21052079	0.821596244131455	0.821596244131455	FALSE
TCGA-75-5126-01	14	21108870	0.865800865800866	0.865800865800866	FALSE
TCGA-75-5126-01	14	21465051	1.38888888888889	NA	TRUE
TCGA-75-5126-01	14	21502310	1.30208333333333	NA	TRUE
TCGA-75-5126-01	14	21897346	0.816993464052288	0.816993464052288	FALSE
TCGA-75-5126-01	14	23888489	1.22950819672131	NA	TRUE
TCGA-75-5126-01	14	31355160	0.549450549450549	0.549450549450549	FALSE
TCGA-75-5126-01	14	65527989	1.25570776255708	NA	TRUE
TCGA-75-5126-01	14	69787507	0.612745098039216	0.612745098039216	FALSE
TCGA-75-5126-01	14	74959988	2.97619047619048	NA	TRUE
TCGA-75-5126-01	14	75142581	0.708333333333333	0.708333333333333	FALSE
TCGA-75-5126-01	14	76121288	1.6025641025641	NA	TRUE
TCGA-75-5126-01	14	76349199	0.833333333333333	0.833333333333333	FALSE
TCGA-75-5126-01	14	88934347	1.06209150326797	NA	TRUE
TCGA-75-5126-01	14	89069242	1.57657657657658	NA	TRUE
TCGA-75-5126-01	14	90651285	3	NA	TRUE
TCGA-75-5126-01	14	92251584	1.5183615819209	NA	TRUE
TCGA-75-5126-01	14	94849012	1.01351351351351	NA	TRUE
TCGA-75-5126-01	14	94964298	1.27737226277372	NA	TRUE
TCGA-75-5126-01	14	96137667	0.757575757575758	0.757575757575758	FALSE
TCGA-75-5126-01	14	106539102	NA	NA	FALSE
TCGA-75-5126-01	14	106967176	NA	NA	FALSE
TCGA-75-5126-01	15	22935909	NA	NA	FALSE
TCGA-75-5126-01	15	22945071	NA	NA	FALSE
TCGA-75-5126-01	15	23052736	NA	NA	FALSE
TCGA-75-5126-01	15	25463836	0.919906782779345	0.919906782779345	FALSE
TCGA-75-5126-01	15	42139582	0.677506775067751	0.677506775067751	FALSE
TCGA-75-5126-01	15	50916388	0.606060606060606	0.606060606060606	FALSE
TCGA-75-5126-01	15	52844126	0.757575757575758	0.757575757575758	FALSE
TCGA-75-5126-01	15	60649389	0.897435897435897	0.897435897435897	FALSE
TCGA-75-5126-01	15	62202476	1.21951219512195	NA	TRUE
TCGA-75-5126-01	15	69238346	0.670498084291188	0.670498084291188	FALSE
TCGA-75-5126-01	15	75974658	0.595238095238095	0.595238095238095	FALSE
TCGA-75-5126-01	15	77471964	0.777777777777778	0.777777777777778	FALSE
TCGA-75-5126-01	15	77472167	0.704045058883769	0.704045058883769	FALSE
TCGA-75-5126-01	15	85438606	0.801282051282051	0.801282051282051	FALSE
TCGA-75-5126-01	15	90258235	0.78125	0.78125	FALSE
TCGA-75-5126-01	15	101434150	1.01918465227818	NA	TRUE
TCGA-75-5126-01	16	731479	1.85185185185185	NA	TRUE
TCGA-75-5126-01	16	4748910	0.816993464052288	0.816993464052288	FALSE
TCGA-75-5126-01	16	7383060	1.47392290249433	NA	TRUE
TCGA-75-5126-01	16	11071113	1.35416666666667	NA	TRUE
TCGA-75-5126-01	16	20043061	0.694444444444444	0.694444444444444	FALSE
TCGA-75-5126-01	16	22330212	1.55228758169935	NA	TRUE
TCGA-75-5126-01	16	23678456	1.29310344827586	NA	TRUE
TCGA-75-5126-01	16	24801038	0.720164609053498	0.720164609053498	FALSE
TCGA-75-5126-01	16	25235823	1.2987012987013	NA	TRUE
TCGA-75-5126-01	16	27499680	0.978260869565217	0.978260869565217	FALSE
TCGA-75-5126-01	16	28948593	2.63157894736842	NA	TRUE
TCGA-75-5126-01	16	28948594	2.63157894736842	NA	TRUE
TCGA-75-5126-01	16	31095549	1.51515151515152	NA	TRUE
TCGA-75-5126-01	16	31277365	2.44252873563218	NA	TRUE
TCGA-75-5126-01	16	47117102	1.12612612612613	NA	TRUE
TCGA-75-5126-01	16	50745464	1.00574712643678	NA	TRUE
TCGA-75-5126-01	16	53487410	0.784753363228699	0.784753363228699	FALSE
TCGA-75-5126-01	16	56504618	0.714285714285714	0.714285714285714	FALSE
TCGA-75-5126-01	16	57994775	1.13636363636364	NA	TRUE
TCGA-75-5126-01	16	64981815	1.12179487179487	NA	TRUE
TCGA-75-5126-01	16	69724898	0.925925925925926	0.925925925925926	FALSE
TCGA-75-5126-01	16	71701199	0.641025641025641	0.641025641025641	FALSE
TCGA-75-5126-01	16	76350405	1.85185185185185	NA	TRUE
TCGA-75-5126-01	16	76569454	1.41509433962264	NA	TRUE
TCGA-75-5126-01	16	76569461	1.0752688172043	NA	TRUE
TCGA-75-5126-01	16	81053854	0.714285714285714	0.714285714285714	FALSE
TCGA-75-5126-01	16	84014703	0.972927241962775	0.972927241962775	FALSE
TCGA-75-5126-01	17	4712637	1.47058823529412	NA	TRUE
TCGA-75-5126-01	17	5085607	1.3671875	NA	TRUE
TCGA-75-5126-01	17	7138841	1.38888888888889	NA	TRUE
TCGA-75-5126-01	17	7321156	5.20833333333333	NA	TRUE
TCGA-75-5126-01	17	7736529	1.04166666666667	NA	TRUE
TCGA-75-5126-01	17	7797526	2.16049382716049	NA	TRUE
TCGA-75-5126-01	17	10304093	2.00617283950617	NA	TRUE
TCGA-75-5126-01	17	15502019	1.2962962962963	NA	TRUE
TCGA-75-5126-01	17	21731374	1.63934426229508	NA	TRUE
TCGA-75-5126-01	17	27050632	0.675675675675676	0.675675675675676	FALSE
TCGA-75-5126-01	17	28773009	1.10619469026549	NA	TRUE
TCGA-75-5126-01	17	29632338	1.41025641025641	NA	TRUE
TCGA-75-5126-01	17	30348281	1.94704049844237	NA	TRUE
TCGA-75-5126-01	17	32965202	2.08333333333333	NA	TRUE
TCGA-75-5126-01	17	33591742	0.986005089058524	0.986005089058524	FALSE
TCGA-75-5126-01	17	33679766	1.07142857142857	NA	TRUE
TCGA-75-5126-01	17	34934557	0.987361769352291	0.987361769352291	FALSE
TCGA-75-5126-01	17	35506835	0.881410256410256	0.881410256410256	FALSE
TCGA-75-5126-01	17	40948569	1.22549019607843	NA	TRUE
TCGA-75-5126-01	17	42475265	2.02702702702703	NA	TRUE
TCGA-75-5126-01	17	42475368	1.13636363636364	NA	TRUE
TCGA-75-5126-01	17	53797959	1.06060606060606	NA	TRUE
TCGA-75-5126-01	17	56247937	1.2037037037037	NA	TRUE
TCGA-75-5126-01	17	56393883	1.66666666666667	NA	TRUE
TCGA-75-5126-01	17	58524943	0.981553172724319	0.981553172724319	FALSE
TCGA-75-5126-01	17	58524966	1.14953984287318	NA	TRUE
TCGA-75-5126-01	17	63898446	1.21527777777778	NA	TRUE
TCGA-75-5126-01	17	67148553	1.25	NA	TRUE
TCGA-75-5126-01	17	71223366	0.874125874125874	0.874125874125874	FALSE
TCGA-75-5126-01	17	74286109	1.26728110599078	NA	TRUE
TCGA-75-5126-01	17	78022479	1.1437908496732	NA	TRUE
TCGA-75-5126-01	17	79872368	0.870646766169154	0.870646766169154	FALSE
TCGA-75-5126-01	18	627251	0.844109195402299	0.844109195402299	FALSE
TCGA-75-5126-01	18	8785985	1.23456790123457	NA	TRUE
TCGA-75-5126-01	18	13884563	1.30208333333333	NA	TRUE
TCGA-75-5126-01	18	22057268	1.01553166069295	NA	TRUE
TCGA-75-5126-01	18	22057269	0.989208633093525	0.989208633093525	FALSE
TCGA-75-5126-01	18	34335151	1.38888888888889	NA	TRUE
TCGA-75-5126-01	18	34378463	1.02657004830918	NA	TRUE
TCGA-75-5126-01	18	51729159	1.38888888888889	NA	TRUE
TCGA-75-5126-01	18	54358458	0.719246031746032	0.719246031746032	FALSE
TCGA-75-5126-01	18	59221445	0.810185185185185	0.810185185185185	FALSE
TCGA-75-5126-01	18	63489352	1.01010101010101	NA	TRUE
TCGA-75-5126-01	19	1495329	1.83982683982684	NA	TRUE
TCGA-75-5126-01	19	6222228	1.0752688172043	NA	TRUE
TCGA-75-5126-01	19	6754663	0.606060606060606	0.606060606060606	FALSE
TCGA-75-5126-01	19	6903852	1.72101449275362	NA	TRUE
TCGA-75-5126-01	19	8997117	1.13636363636364	NA	TRUE
TCGA-75-5126-01	19	8997118	1.19047619047619	NA	TRUE
TCGA-75-5126-01	19	9060907	0.783475783475784	0.783475783475784	FALSE
TCGA-75-5126-01	19	9070227	0.815217391304348	0.815217391304348	FALSE
TCGA-75-5126-01	19	9074029	1.35135135135135	NA	TRUE
TCGA-75-5126-01	19	9204347	0.996376811594203	0.996376811594203	FALSE
TCGA-75-5126-01	19	10625652	0.801282051282051	0.801282051282051	FALSE
TCGA-75-5126-01	19	12060182	0.730994152046784	0.730994152046784	FALSE
TCGA-75-5126-01	19	12429757	1.28968253968254	NA	TRUE
TCGA-75-5126-01	19	13335494	1.89393939393939	NA	TRUE
TCGA-75-5126-01	19	15579494	1.27688172043011	NA	TRUE
TCGA-75-5126-01	19	18709709	0.886524822695036	0.886524822695036	FALSE
TCGA-75-5126-01	19	18897083	0.980392156862745	0.980392156862745	FALSE
TCGA-75-5126-01	19	21720247	0.925925925925926	0.925925925925926	FALSE
TCGA-75-5126-01	19	22193724	2.27272727272727	NA	TRUE
TCGA-75-5126-01	19	22780195	2.38095238095238	NA	TRUE
TCGA-75-5126-01	19	31769101	1.3653483992467	NA	TRUE
TCGA-75-5126-01	19	37130807	1.17845117845118	NA	TRUE
TCGA-75-5126-01	19	37309614	1.18279569892473	NA	TRUE
TCGA-75-5126-01	19	38931492	0.714285714285714	0.714285714285714	FALSE
TCGA-75-5126-01	19	38976798	0.904761904761905	0.904761904761905	FALSE
TCGA-75-5126-01	19	41211335	0.988700564971752	0.988700564971752	FALSE
TCGA-75-5126-01	19	41822729	1.73611111111111	NA	TRUE
TCGA-75-5126-01	19	42861611	1.24521072796935	NA	TRUE
TCGA-75-5126-01	19	43269757	1.06837606837607	NA	TRUE
TCGA-75-5126-01	19	44223193	2.08333333333333	NA	TRUE
TCGA-75-5126-01	19	45389236	0.497512437810945	0.497512437810945	FALSE
TCGA-75-5126-01	19	46352129	2.01465201465201	NA	TRUE
TCGA-75-5126-01	19	46355610	2.05992509363296	NA	TRUE
TCGA-75-5126-01	19	46355787	2.4904214559387	NA	TRUE
TCGA-75-5126-01	19	47706943	1.72955974842767	NA	TRUE
TCGA-75-5126-01	19	48892941	2.08333333333333	NA	TRUE
TCGA-75-5126-01	19	49938490	1.29310344827586	NA	TRUE
TCGA-75-5126-01	19	51499412	1.23456790123457	NA	TRUE
TCGA-75-5126-01	19	51629379	0.43859649122807	0.43859649122807	FALSE
TCGA-75-5126-01	19	54783404	1.47058823529412	NA	TRUE
TCGA-75-5126-01	19	56244354	1.42045454545455	NA	TRUE
TCGA-75-5126-01	19	56424211	1.25448028673835	NA	TRUE
TCGA-75-5126-01	19	56572759	1.11111111111111	NA	TRUE
TCGA-75-5126-01	19	58216288	1.30853994490358	NA	TRUE
TCGA-75-5126-01	19	58862863	1.99275362318841	NA	TRUE
TCGA-75-5126-01	2	1926884	1.15384615384615	NA	TRUE
TCGA-75-5126-01	2	3217925	0.688073394495413	0.688073394495413	FALSE
TCGA-75-5126-01	2	10263908	0.709219858156028	0.709219858156028	FALSE
TCGA-75-5126-01	2	10264847	0.816993464052288	0.816993464052288	FALSE
TCGA-75-5126-01	2	24260771	0.680272108843537	0.680272108843537	FALSE
TCGA-75-5126-01	2	27360638	0.661375661375661	0.661375661375661	FALSE
TCGA-75-5126-01	2	32640306	0.72463768115942	0.72463768115942	FALSE
TCGA-75-5126-01	2	37096801	0.813008130081301	0.813008130081301	FALSE
TCGA-75-5126-01	2	40655828	1.08695652173913	NA	TRUE
TCGA-75-5126-01	2	45233412	1.06382978723404	NA	TRUE
TCGA-75-5126-01	2	47601119	0.980392156862745	0.980392156862745	FALSE
TCGA-75-5126-01	2	47690262	1.28787878787879	NA	TRUE
TCGA-75-5126-01	2	62067223	0.970548862115127	0.970548862115127	FALSE
TCGA-75-5126-01	2	68607999	1.19581464872945	NA	TRUE
TCGA-75-5126-01	2	71650945	0.793650793650794	0.793650793650794	FALSE
TCGA-75-5126-01	2	74043355	2.00617283950617	NA	TRUE
TCGA-75-5126-01	2	89399584	1	1	FALSE
TCGA-75-5126-01	2	97031791	1.57232704402516	NA	TRUE
TCGA-75-5126-01	2	98709612	0.925925925925926	0.925925925925926	FALSE
TCGA-75-5126-01	2	103090357	1.07655502392345	NA	TRUE
TCGA-75-5126-01	2	107460128	1.53508771929825	NA	TRUE
TCGA-75-5126-01	2	109384690	0.95959595959596	0.95959595959596	FALSE
TCGA-75-5126-01	2	113305083	1.24671916010499	NA	TRUE
TCGA-75-5126-01	2	121995289	0.505050505050505	0.505050505050505	FALSE
TCGA-75-5126-01	2	128393797	0.888888888888889	0.888888888888889	FALSE
TCGA-75-5126-01	2	130832523	0.880758807588076	0.880758807588076	FALSE
TCGA-75-5126-01	2	131487629	1.25	NA	TRUE
TCGA-75-5126-01	2	132237812	0.808974220688167	0.808974220688167	FALSE
TCGA-75-5126-01	2	133542855	0.95959595959596	0.95959595959596	FALSE
TCGA-75-5126-01	2	135744683	1.02040816326531	NA	TRUE
TCGA-75-5126-01	2	141027886	0.78125	0.78125	FALSE
TCGA-75-5126-01	2	141108599	1.01010101010101	NA	TRUE
TCGA-75-5126-01	2	149247498	0.600817111271329	0.600817111271329	FALSE
TCGA-75-5126-01	2	166179847	0.806451612903226	0.806451612903226	FALSE
TCGA-75-5126-01	2	166201146	0.880758807588076	0.880758807588076	FALSE
TCGA-75-5126-01	2	166535349	0.897435897435897	0.897435897435897	FALSE
TCGA-75-5126-01	2	166900551	0.968992248062016	0.968992248062016	FALSE
TCGA-75-5126-01	2	168102966	0.925925925925926	0.925925925925926	FALSE
TCGA-75-5126-01	2	179404336	1.02249488752556	NA	TRUE
TCGA-75-5126-01	2	179422925	0.816993464052288	0.816993464052288	FALSE
TCGA-75-5126-01	2	179448526	1.72413793103448	NA	TRUE
TCGA-75-5126-01	2	179459287	1.27226463104326	NA	TRUE
TCGA-75-5126-01	2	182339987	1.12994350282486	NA	TRUE
TCGA-75-5126-01	2	185801020	1.06382978723404	NA	TRUE
TCGA-75-5126-01	2	185803016	1.35327635327635	NA	TRUE
TCGA-75-5126-01	2	187605101	1.24113475177305	NA	TRUE
TCGA-75-5126-01	2	197008376	0.847457627118644	0.847457627118644	FALSE
TCGA-75-5126-01	2	197872649	1.00308641975309	NA	TRUE
TCGA-75-5126-01	2	200137156	0.719897980171953	0.719897980171953	FALSE
TCGA-75-5126-01	2	201853122	0.707547169811321	0.707547169811321	FALSE
TCGA-75-5126-01	2	202700488	1.55038759689922	NA	TRUE
TCGA-75-5126-01	2	203332383	1.33928571428571	NA	TRUE
TCGA-75-5126-01	2	209007476	1.19047619047619	NA	TRUE
TCGA-75-5126-01	2	209308240	0.735294117647059	0.735294117647059	FALSE
TCGA-75-5126-01	2	210558419	0.732600732600733	0.732600732600733	FALSE
TCGA-75-5126-01	2	211464141	1.56695156695157	NA	TRUE
TCGA-75-5126-01	2	214215336	0.850340136054422	0.850340136054422	FALSE
TCGA-75-5126-01	2	215595194	1.19047619047619	NA	TRUE
TCGA-75-5126-01	2	219528862	0.875190258751903	0.875190258751903	FALSE
TCGA-75-5126-01	2	219746998	1.23456790123457	NA	TRUE
TCGA-75-5126-01	2	220338272	0.977891156462585	0.977891156462585	FALSE
TCGA-75-5126-01	2	224763777	1.11111111111111	NA	TRUE
TCGA-75-5126-01	2	226446722	0.864779874213837	0.864779874213837	FALSE
TCGA-75-5126-01	2	230661452	1.2987012987013	NA	TRUE
TCGA-75-5126-01	2	234878914	1.01351351351351	NA	TRUE
TCGA-75-5126-01	2	236957737	0.520833333333333	0.520833333333333	FALSE
TCGA-75-5126-01	20	744288	0.761904761904762	0.761904761904762	FALSE
TCGA-75-5126-01	20	2377157	0.936170212765957	0.936170212765957	FALSE
TCGA-75-5126-01	20	3655286	0.705128205128205	0.705128205128205	FALSE
TCGA-75-5126-01	20	5843764	1.12820512820513	NA	TRUE
TCGA-75-5126-01	20	8782714	1.04761904761905	NA	TRUE
TCGA-75-5126-01	20	23420937	1.3405017921147	NA	TRUE
TCGA-75-5126-01	20	29976852	0.973063973063973	0.973063973063973	FALSE
TCGA-75-5126-01	20	34022057	0.974801587301587	0.974801587301587	FALSE
TCGA-75-5126-01	20	37580296	0.942391304347826	0.942391304347826	FALSE
TCGA-75-5126-01	20	43559182	0.824242424242424	0.824242424242424	FALSE
TCGA-75-5126-01	20	44803585	0.819858156028369	0.819858156028369	FALSE
TCGA-75-5126-01	20	47265957	0.887280701754386	0.887280701754386	FALSE
TCGA-75-5126-01	20	49209638	1.14892966360856	NA	TRUE
TCGA-75-5126-01	20	51872567	1.3546875	NA	TRUE
TCGA-75-5126-01	20	57599127	0.920833333333333	0.920833333333333	FALSE
TCGA-75-5126-01	20	60511823	1.66091954022989	NA	TRUE
TCGA-75-5126-01	20	60889909	0.963333333333333	0.963333333333333	FALSE
TCGA-75-5126-01	20	61468561	0.996551724137931	0.996551724137931	FALSE
TCGA-75-5126-01	20	62038676	1.54133333333333	NA	TRUE
TCGA-75-5126-01	21	19190600	0.502873563218391	0.502873563218391	FALSE
TCGA-75-5126-01	21	31973475	0.440917107583774	0.440917107583774	FALSE
TCGA-75-5126-01	21	31986066	0.650118203309693	0.650118203309693	FALSE
TCGA-75-5126-01	21	32492988	0.972222222222222	0.972222222222222	FALSE
TCGA-75-5126-01	21	37661499	2.00803212851406	NA	TRUE
TCGA-75-5126-01	21	41539175	0.678294573643411	0.678294573643411	FALSE
TCGA-75-5126-01	21	41684035	0.490196078431373	0.490196078431373	FALSE
TCGA-75-5126-01	21	41725607	1.34408602150538	NA	TRUE
TCGA-75-5126-01	21	42064747	1.06209150326797	NA	TRUE
TCGA-75-5126-01	21	46000336	1.23873873873874	NA	TRUE
TCGA-75-5126-01	21	47546018	1.23873873873874	NA	TRUE
TCGA-75-5126-01	22	19776223	0.462962962962963	0.462962962962963	FALSE
TCGA-75-5126-01	22	23040618	0.691244239631336	0.691244239631336	FALSE
TCGA-75-5126-01	22	23040815	0.967741935483871	0.967741935483871	FALSE
TCGA-75-5126-01	22	23162091	0.813008130081301	0.813008130081301	FALSE
TCGA-75-5126-01	22	32833771	0.744047619047619	0.744047619047619	FALSE
TCGA-75-5126-01	22	35661015	0.851712390173929	0.851712390173929	FALSE
TCGA-75-5126-01	22	41282319	0.797101449275362	0.797101449275362	FALSE
TCGA-75-5126-01	22	41605590	0.641025641025641	0.641025641025641	FALSE
TCGA-75-5126-01	22	41926752	0.952380952380952	0.952380952380952	FALSE
TCGA-75-5126-01	22	50573048	NA	NA	FALSE
TCGA-75-5126-01	22	50724456	NA	NA	FALSE
TCGA-75-5126-01	22	51065369	NA	NA	FALSE
TCGA-75-5126-01	3	1262497	NA	NA	FALSE
TCGA-75-5126-01	3	7340467	0.943396226415094	0.943396226415094	FALSE
TCGA-75-5126-01	3	10370725	1.02880658436214	NA	TRUE
TCGA-75-5126-01	3	10430011	1.22739018087855	NA	TRUE
TCGA-75-5126-01	3	10885924	1.24378109452736	NA	TRUE
TCGA-75-5126-01	3	12858893	0.612745098039216	0.612745098039216	FALSE
TCGA-75-5126-01	3	14862391	1.22549019607843	NA	TRUE
TCGA-75-5126-01	3	25835776	0.964912280701754	0.964912280701754	FALSE
TCGA-75-5126-01	3	37034182	0.65947242206235	0.65947242206235	FALSE
TCGA-75-5126-01	3	38592196	1.12474437627812	NA	TRUE
TCGA-75-5126-01	3	44671009	0.806451612903226	0.806451612903226	FALSE
TCGA-75-5126-01	3	47044463	1.38888888888889	NA	TRUE
TCGA-75-5126-01	3	47161676	1.40350877192982	NA	TRUE
TCGA-75-5126-01	3	48575973	1.28205128205128	NA	TRUE
TCGA-75-5126-01	3	49698291	1.72413793103448	NA	TRUE
TCGA-75-5126-01	3	49735535	1.21722846441948	NA	TRUE
TCGA-75-5126-01	3	50617272	0.862068965517241	0.862068965517241	FALSE
TCGA-75-5126-01	3	73433185	1.66666666666667	NA	TRUE
TCGA-75-5126-01	3	77147352	2.16049382716049	NA	TRUE
TCGA-75-5126-01	3	78663903	0.78125	0.78125	FALSE
TCGA-75-5126-01	3	85932560	0.980392156862745	0.980392156862745	FALSE
TCGA-75-5126-01	3	87018166	0.589225589225589	0.589225589225589	FALSE
TCGA-75-5126-01	3	93761927	1.5625	NA	TRUE
TCGA-75-5126-01	3	97167434	0.87719298245614	0.87719298245614	FALSE
TCGA-75-5126-01	3	97167456	0.868055555555556	0.868055555555556	FALSE
TCGA-75-5126-01	3	101051736	0.925925925925926	0.925925925925926	FALSE
TCGA-75-5126-01	3	109046777	1.15062761506276	NA	TRUE
TCGA-75-5126-01	3	109050827	1.65130568356375	NA	TRUE
TCGA-75-5126-01	3	113128135	1.25448028673835	NA	TRUE
TCGA-75-5126-01	3	113850108	0.940337224383917	0.940337224383917	FALSE
TCGA-75-5126-01	3	121305010	1.0952380952381	NA	TRUE
TCGA-75-5126-01	3	121351227	1.02150537634409	NA	TRUE
TCGA-75-5126-01	3	123049786	0.816993464052288	0.816993464052288	FALSE
TCGA-75-5126-01	3	126152008	0.880758807588076	0.880758807588076	FALSE
TCGA-75-5126-01	3	129284183	0.961538461538462	0.961538461538462	FALSE
TCGA-75-5126-01	3	142524944	0.980392156862745	0.980392156862745	FALSE
TCGA-75-5126-01	3	148791111	1.12994350282486	NA	TRUE
TCGA-75-5126-01	3	157820469	0.769230769230769	0.769230769230769	FALSE
TCGA-75-5126-01	3	167016162	1.75438596491228	NA	TRUE
TCGA-75-5126-01	3	167761305	1.13378684807256	NA	TRUE
TCGA-75-5126-01	3	171395355	0.977653631284916	0.977653631284916	FALSE
TCGA-75-5126-01	3	173998675	1.31578947368421	NA	TRUE
TCGA-75-5126-01	3	179104264	0.868055555555556	0.868055555555556	FALSE
TCGA-75-5126-01	3	179104270	0.935374149659864	0.935374149659864	FALSE
TCGA-75-5126-01	3	179605481	1.19565217391304	NA	TRUE
TCGA-75-5126-01	3	180322022	0.936329588014981	0.936329588014981	FALSE
TCGA-75-5126-01	3	180667013	0.954861111111111	0.954861111111111	FALSE
TCGA-75-5126-01	3	184648287	1.70682730923695	NA	TRUE
TCGA-75-5126-01	3	195400791	1.26262626262626	NA	TRUE
TCGA-75-5126-01	4	1018200	NA	NA	FALSE
TCGA-75-5126-01	4	3137637	0.816993464052288	0.816993464052288	FALSE
TCGA-75-5126-01	4	11401184	0.740740740740741	0.740740740740741	FALSE
TCGA-75-5126-01	4	13338207	0.632911392405063	0.632911392405063	FALSE
TCGA-75-5126-01	4	25669550	0.813008130081301	0.813008130081301	FALSE
TCGA-75-5126-01	4	46053639	0.740740740740741	0.740740740740741	FALSE
TCGA-75-5126-01	4	48553511	1.53508771929825	NA	TRUE
TCGA-75-5126-01	4	62812636	1.0233918128655	NA	TRUE
TCGA-75-5126-01	4	66356384	0.546448087431694	0.546448087431694	FALSE
TCGA-75-5126-01	4	68449311	1.28205128205128	NA	TRUE
TCGA-75-5126-01	4	68810272	0.681818181818182	0.681818181818182	FALSE
TCGA-75-5126-01	4	70346314	1.05820105820106	NA	TRUE
TCGA-75-5126-01	4	72121090	0.932400932400932	0.932400932400932	FALSE
TCGA-75-5126-01	4	72121092	0.880281690140845	0.880281690140845	FALSE
TCGA-75-5126-01	4	76885364	1.19047619047619	NA	TRUE
TCGA-75-5126-01	4	77022153	0.34965034965035	0.34965034965035	FALSE
TCGA-75-5126-01	4	77817765	0.925925925925926	0.925925925925926	FALSE
TCGA-75-5126-01	4	83381180	0.892857142857143	0.892857142857143	FALSE
TCGA-75-5126-01	4	95239050	0.706214689265537	0.706214689265537	FALSE
TCGA-75-5126-01	4	109086290	0.462962962962963	0.462962962962963	FALSE
TCGA-75-5126-01	4	109088893	0.669099756690998	0.669099756690998	FALSE
TCGA-75-5126-01	4	109745371	0.757575757575758	0.757575757575758	FALSE
TCGA-75-5126-01	4	110743587	0.925925925925926	0.925925925925926	FALSE
TCGA-75-5126-01	4	110915979	1.20614035087719	NA	TRUE
TCGA-75-5126-01	4	126373662	1.02040816326531	NA	TRUE
TCGA-75-5126-01	4	134072243	1.04166666666667	NA	TRUE
TCGA-75-5126-01	4	134072244	1.05820105820106	NA	TRUE
TCGA-75-5126-01	4	134084318	1.33101851851852	NA	TRUE
TCGA-75-5126-01	4	155487824	1.2037037037037	NA	TRUE
TCGA-75-5126-01	4	164061457	0.897435897435897	0.897435897435897	FALSE
TCGA-75-5126-01	4	166964506	0.778388278388278	0.778388278388278	FALSE
TCGA-75-5126-01	5	6620270	0.850340136054422	0.850340136054422	FALSE
TCGA-75-5126-01	5	6620271	0.886524822695036	0.886524822695036	FALSE
TCGA-75-5126-01	5	16067691	1.84049079754601	NA	TRUE
TCGA-75-5126-01	5	19473707	1.53301886792453	NA	TRUE
TCGA-75-5126-01	5	19838999	1.05485232067511	NA	TRUE
TCGA-75-5126-01	5	26906161	0.899280575539568	0.899280575539568	FALSE
TCGA-75-5126-01	5	31294201	1.38888888888889	NA	TRUE
TCGA-75-5126-01	5	32126342	1.51098901098901	NA	TRUE
TCGA-75-5126-01	5	33577099	1.2987012987013	NA	TRUE
TCGA-75-5126-01	5	33642030	0.735294117647059	0.735294117647059	FALSE
TCGA-75-5126-01	5	33751492	1.38888888888889	NA	TRUE
TCGA-75-5126-01	5	33947355	1.12612612612613	NA	TRUE
TCGA-75-5126-01	5	36052050	0.564971751412429	0.564971751412429	FALSE
TCGA-75-5126-01	5	39074222	3.125	NA	TRUE
TCGA-75-5126-01	5	39315949	1.49122807017544	NA	TRUE
TCGA-75-5126-01	5	54640386	1	1	FALSE
TCGA-75-5126-01	5	61923142	0.469483568075117	0.469483568075117	FALSE
TCGA-75-5126-01	5	63256905	0.858585858585859	0.858585858585859	FALSE
TCGA-75-5126-01	5	64748563	0.51440329218107	0.51440329218107	FALSE
TCGA-75-5126-01	5	66055638	0.909090909090909	0.909090909090909	FALSE
TCGA-75-5126-01	5	67584462	1.41242937853107	NA	TRUE
TCGA-75-5126-01	5	76709008	0.648702594810379	0.648702594810379	FALSE
TCGA-75-5126-01	5	77409608	0.471698113207547	0.471698113207547	FALSE
TCGA-75-5126-01	5	78076130	1.28205128205128	NA	TRUE
TCGA-75-5126-01	5	80631677	1.02996254681648	NA	TRUE
TCGA-75-5126-01	5	95728688	0.987654320987654	0.987654320987654	FALSE
TCGA-75-5126-01	5	109155485	1.44320297951583	NA	TRUE
TCGA-75-5126-01	5	115152132	1.25968992248062	NA	TRUE
TCGA-75-5126-01	5	115783374	0.714285714285714	0.714285714285714	FALSE
TCGA-75-5126-01	5	121356138	1.02459016393443	NA	TRUE
TCGA-75-5126-01	5	126791128	1.52905198776758	NA	TRUE
TCGA-75-5126-01	5	127595411	1.45502645502645	NA	TRUE
TCGA-75-5126-01	5	127648325	0.557103064066852	0.557103064066852	FALSE
TCGA-75-5126-01	5	127782300	1.19047619047619	NA	TRUE
TCGA-75-5126-01	5	132569153	1.40845070422535	NA	TRUE
TCGA-75-5126-01	5	134303795	1.94444444444444	NA	TRUE
TCGA-75-5126-01	5	137727215	1.09489051094891	NA	TRUE
TCGA-75-5126-01	5	138700367	1.06209150326797	NA	TRUE
TCGA-75-5126-01	5	139192997	1.17521367521368	NA	TRUE
TCGA-75-5126-01	5	140054305	1.01626016260163	NA	TRUE
TCGA-75-5126-01	5	140166214	0.936329588014981	0.936329588014981	FALSE
TCGA-75-5126-01	5	140183206	1.66666666666667	NA	TRUE
TCGA-75-5126-01	5	140187260	1.66666666666667	NA	TRUE
TCGA-75-5126-01	5	140207688	1.27504553734062	NA	TRUE
TCGA-75-5126-01	5	140209902	1.66666666666667	NA	TRUE
TCGA-75-5126-01	5	140229524	1.2962962962963	NA	TRUE
TCGA-75-5126-01	5	140433275	1.24521072796935	NA	TRUE
TCGA-75-5126-01	5	140503371	1.42543859649123	NA	TRUE
TCGA-75-5126-01	5	140580428	1.05555555555556	NA	TRUE
TCGA-75-5126-01	5	140580429	0.980392156862745	0.980392156862745	FALSE
TCGA-75-5126-01	5	140720491	0.793650793650794	0.793650793650794	FALSE
TCGA-75-5126-01	5	140754602	1.50793650793651	NA	TRUE
TCGA-75-5126-01	5	140755009	1.13412228796844	NA	TRUE
TCGA-75-5126-01	5	140764324	0.833333333333333	0.833333333333333	FALSE
TCGA-75-5126-01	5	148406269	0.373692077727952	0.373692077727952	FALSE
TCGA-75-5126-01	5	149678006	1.11111111111111	NA	TRUE
TCGA-75-5126-01	5	149826406	0.852272727272727	0.852272727272727	FALSE
TCGA-75-5126-01	5	151173720	0.833333333333333	0.833333333333333	FALSE
TCGA-75-5126-01	5	156608074	0.62984496124031	0.62984496124031	FALSE
TCGA-75-5126-01	5	158634607	0.961538461538462	0.961538461538462	FALSE
TCGA-75-5126-01	5	162900478	0.568181818181818	0.568181818181818	FALSE
TCGA-75-5126-01	5	167626894	1.12403100775194	NA	TRUE
TCGA-75-5126-01	5	170819787	1.01010101010101	NA	TRUE
TCGA-75-5126-01	5	178392158	1.01246105919003	NA	TRUE
TCGA-75-5126-01	6	26108121	1.59304521972645	NA	TRUE
TCGA-75-5126-01	6	26124671	1.29162556948946	NA	TRUE
TCGA-75-5126-01	6	27879654	1.19047619047619	NA	TRUE
TCGA-75-5126-01	6	28327344	1.35707306481381	NA	TRUE
TCGA-75-5126-01	6	28499572	1.32044041766546	NA	TRUE
TCGA-75-5126-01	6	29523866	1.58730158730159	NA	TRUE
TCGA-75-5126-01	6	32117104	2.2576760987357	NA	TRUE
TCGA-75-5126-01	6	38854628	0.968992248062016	0.968992248062016	FALSE
TCGA-75-5126-01	6	42851245	0.496031746031746	0.496031746031746	FALSE
TCGA-75-5126-01	6	43182863	0.892857142857143	0.892857142857143	FALSE
TCGA-75-5126-01	6	44107259	1.30718954248366	NA	TRUE
TCGA-75-5126-01	6	49753978	1.04286997817995	NA	TRUE
TCGA-75-5126-01	6	51612989	1.20076849183477	NA	TRUE
TCGA-75-5126-01	6	53363677	0.668724279835391	0.668724279835391	FALSE
TCGA-75-5126-01	6	55120106	0.793650793650794	0.793650793650794	FALSE
TCGA-75-5126-01	6	55198740	1.19047619047619	NA	TRUE
TCGA-75-5126-01	6	56492813	1.32398753894081	NA	TRUE
TCGA-75-5126-01	6	57012630	0.564971751412429	0.564971751412429	FALSE
TCGA-75-5126-01	6	63990290	1.26582278481013	NA	TRUE
TCGA-75-5126-01	6	69348553	0.641025641025641	0.641025641025641	FALSE
TCGA-75-5126-01	6	72947557	0.892857142857143	0.892857142857143	FALSE
TCGA-75-5126-01	6	74079496	0.694444444444444	0.694444444444444	FALSE
TCGA-75-5126-01	6	82924239	0.469483568075117	0.469483568075117	FALSE
TCGA-75-5126-01	6	83075585	1.38888888888889	NA	TRUE
TCGA-75-5126-01	6	84799294	1.23456790123457	NA	TRUE
TCGA-75-5126-01	6	97246829	1.16822429906542	NA	TRUE
TCGA-75-5126-01	6	107391909	1.14035087719298	NA	TRUE
TCGA-75-5126-01	6	108067985	1.20772946859903	NA	TRUE
TCGA-75-5126-01	6	108224056	1.11520017843203	NA	TRUE
TCGA-75-5126-01	6	110424732	0.78125	0.78125	FALSE
TCGA-75-5126-01	6	110714395	0.858585858585859	0.858585858585859	FALSE
TCGA-75-5126-01	6	114279889	1.07260726072607	NA	TRUE
TCGA-75-5126-01	6	133072641	0.843881856540084	0.843881856540084	FALSE
TCGA-75-5126-01	6	134210674	1.16279069767442	NA	TRUE
TCGA-75-5126-01	6	136589439	1.440329218107	NA	TRUE
TCGA-75-5126-01	6	137815202	1.17521367521368	NA	TRUE
TCGA-75-5126-01	6	152746527	1.14503816793893	NA	TRUE
TCGA-75-5126-01	6	155153150	1.27688172043011	NA	TRUE
TCGA-75-5126-01	6	160505029	0.709219858156028	0.709219858156028	FALSE
TCGA-75-5126-01	6	167360194	2.08333333333333	NA	TRUE
TCGA-75-5126-01	7	14775748	1.51893333333333	NA	TRUE
TCGA-75-5126-01	7	16649287	0.847619047619048	0.847619047619048	FALSE
TCGA-75-5126-01	7	21516717	1.43295597484277	NA	TRUE
TCGA-75-5126-01	7	30475652	1.52942079018028	NA	TRUE
TCGA-75-5126-01	7	33020067	0.906002766251729	0.906002766251729	FALSE
TCGA-75-5126-01	7	36763639	1.21709401709402	NA	TRUE
TCGA-75-5126-01	7	42085017	0.924991452991453	0.924991452991453	FALSE
TCGA-75-5126-01	7	44524670	1.38084848484848	NA	TRUE
TCGA-75-5126-01	7	82544191	0.898018018018018	0.898018018018018	FALSE
TCGA-75-5126-01	7	84651811	1.20168776371308	NA	TRUE
TCGA-75-5126-01	7	92000797	2.47406304293869	NA	TRUE
TCGA-75-5126-01	7	92923863	1.00336043360434	NA	TRUE
TCGA-75-5126-01	7	92970769	1.335	NA	TRUE
TCGA-75-5126-01	7	93536065	0.982148653034729	0.982148653034729	FALSE
TCGA-75-5126-01	7	98446204	0.55843137254902	0.55843137254902	FALSE
TCGA-75-5126-01	7	100174741	1.20550264550265	NA	TRUE
TCGA-75-5126-01	7	100364793	1.31851851851852	NA	TRUE
TCGA-75-5126-01	7	100385713	1.60789207820764	NA	TRUE
TCGA-75-5126-01	7	103194238	1.04798351486606	NA	TRUE
TCGA-75-5126-01	7	103363606	1.8597548724131	NA	TRUE
TCGA-75-5126-01	7	103969375	0.968707482993197	0.968707482993197	FALSE
TCGA-75-5126-01	7	104749463	0.73025641025641	0.73025641025641	FALSE
TCGA-75-5126-01	7	123296091	1.87763713080169	NA	TRUE
TCGA-75-5126-01	7	126173904	0.662325581395349	0.662325581395349	FALSE
TCGA-75-5126-01	7	128846155	1.47059691363489	NA	TRUE
TCGA-75-5126-01	7	129317534	1.5166932940068	NA	TRUE
TCGA-75-5126-01	7	129350356	1.47665021812201	NA	TRUE
TCGA-75-5126-01	7	138394486	0.904865649963689	0.904865649963689	FALSE
TCGA-75-5126-01	7	142045545	0.791991101223582	0.791991101223582	FALSE
TCGA-75-5126-01	7	142206665	0.692222222222222	0.692222222222222	FALSE
TCGA-75-5126-01	7	147869430	1.13015873015873	NA	TRUE
TCGA-75-5126-01	7	147926752	1.25647058823529	NA	TRUE
TCGA-75-5126-01	7	150069696	1.40641975308642	NA	TRUE
TCGA-75-5126-01	7	150094415	1.29454545454545	NA	TRUE
TCGA-75-5126-01	7	150167962	1.26577777777778	NA	TRUE
TCGA-75-5126-01	7	150174463	1.14987080103359	NA	TRUE
TCGA-75-5126-01	7	150389659	1.51030303030303	NA	TRUE
TCGA-75-5126-01	7	151945153	1.21107159424772	NA	TRUE
TCGA-75-5126-01	7	151945231	1.23061728395062	NA	TRUE
TCGA-75-5126-01	8	2092729	1.3469387755102	NA	TRUE
TCGA-75-5126-01	8	30694318	0.784313725490196	0.784313725490196	FALSE
TCGA-75-5126-01	8	38835503	0.933333333333333	0.933333333333333	FALSE
TCGA-75-5126-01	8	41572557	0.740740740740741	0.740740740740741	FALSE
TCGA-75-5126-01	8	48719705	0.854700854700855	0.854700854700855	FALSE
TCGA-75-5126-01	8	52336217	0.813008130081301	0.813008130081301	FALSE
TCGA-75-5126-01	8	53045828	0.9375	0.9375	FALSE
TCGA-75-5126-01	8	68179364	1.21722846441948	NA	TRUE
TCGA-75-5126-01	8	70978624	1.28205128205128	NA	TRUE
TCGA-75-5126-01	8	72754968	0.844854070660522	0.844854070660522	FALSE
TCGA-75-5126-01	8	75944503	0.694444444444444	0.694444444444444	FALSE
TCGA-75-5126-01	8	76452273	0.970873786407767	0.970873786407767	FALSE
TCGA-75-5126-01	8	77619809	1.19047619047619	NA	TRUE
TCGA-75-5126-01	8	86249255	0.541125541125541	0.541125541125541	FALSE
TCGA-75-5126-01	8	95539232	0.746905676483141	0.746905676483141	FALSE
TCGA-75-5126-01	8	100789079	0.682388907085926	0.682388907085926	FALSE
TCGA-75-5126-01	8	104384794	1.04166666666667	NA	TRUE
TCGA-75-5126-01	8	104898002	1.51515151515152	NA	TRUE
TCGA-75-5126-01	8	105463629	0.87719298245614	0.87719298245614	FALSE
TCGA-75-5126-01	8	110451183	0.740740740740741	0.740740740740741	FALSE
TCGA-75-5126-01	8	117870687	0.730994152046784	0.730994152046784	FALSE
TCGA-75-5126-01	8	124251334	0.322061191626409	0.322061191626409	FALSE
TCGA-75-5126-01	8	131104234	1.08089260808926	NA	TRUE
TCGA-75-5126-01	8	131792956	0.885416666666667	0.885416666666667	FALSE
TCGA-75-5126-01	8	134145810	0.925925925925926	0.925925925925926	FALSE
TCGA-75-5126-01	8	135614084	0.916666666666667	0.916666666666667	FALSE
TCGA-75-5126-01	8	141231580	1.0536398467433	NA	TRUE
TCGA-75-5126-01	8	141545586	0.892857142857143	0.892857142857143	FALSE
TCGA-75-5126-01	8	142228200	0.657894736842105	0.657894736842105	FALSE
TCGA-75-5126-01	8	144874231	2.77777777777778	NA	TRUE
TCGA-75-5126-01	9	6012421	1.02773304705672	NA	TRUE
TCGA-75-5126-01	9	8507349	1.24098765432099	NA	TRUE
TCGA-75-5126-01	9	13137969	0.717948717948718	0.717948717948718	FALSE
TCGA-75-5126-01	9	19116449	0.823529411764706	0.823529411764706	FALSE
TCGA-75-5126-01	9	21334826	0.854460093896714	0.854460093896714	FALSE
TCGA-75-5126-01	9	27183579	0.736842105263158	0.736842105263158	FALSE
TCGA-75-5126-01	9	32492480	0.865591397849463	0.865591397849463	FALSE
TCGA-75-5126-01	9	34126386	1.06666666666667	NA	TRUE
TCGA-75-5126-01	9	34648934	1.23893805309735	NA	TRUE
TCGA-75-5126-01	9	35704723	1.09090909090909	NA	TRUE
TCGA-75-5126-01	9	43630714	0.945147679324895	0.945147679324895	FALSE
TCGA-75-5126-01	9	75526984	1.21921921921922	NA	TRUE
TCGA-75-5126-01	9	84532371	0.919117647058823	0.919117647058823	FALSE
TCGA-75-5126-01	9	85950546	0.952380952380952	0.952380952380952	FALSE
TCGA-75-5126-01	9	94173119	2.77777777777778	NA	TRUE
TCGA-75-5126-01	9	112705113	1.61290322580645	NA	TRUE
TCGA-75-5126-01	9	113173599	0.954861111111111	0.954861111111111	FALSE
TCGA-75-5126-01	9	117033025	1.09289617486339	NA	TRUE
TCGA-75-5126-01	9	119187757	1.78571428571429	NA	TRUE
TCGA-75-5126-01	9	123675735	1	1	FALSE
TCGA-75-5126-01	9	125273228	1.02380952380952	NA	TRUE
TCGA-75-5126-01	9	130551824	1.04166666666667	NA	TRUE
TCGA-75-5126-01	9	135266129	0.801282051282051	0.801282051282051	FALSE
TCGA-75-5126-01	9	137688239	1.40449438202247	NA	TRUE
TCGA-75-5126-01	9	137998651	1.73611111111111	NA	TRUE
TCGA-75-5126-01	X	3235848	NA	NA	FALSE
TCGA-75-5126-01	X	21863482	NA	NA	FALSE
TCGA-75-5126-01	X	22112124	NA	NA	FALSE
TCGA-75-5126-01	X	26212996	NA	NA	FALSE
TCGA-75-5126-01	X	30254210	NA	NA	FALSE
TCGA-75-5126-01	X	34962493	NA	NA	FALSE
TCGA-75-5126-01	X	36091444	NA	NA	FALSE
TCGA-75-5126-01	X	37029546	NA	NA	FALSE
TCGA-75-5126-01	X	64709219	NA	NA	FALSE
TCGA-75-5126-01	X	65480010	NA	NA	FALSE
TCGA-75-5126-01	X	65480070	NA	NA	FALSE
TCGA-75-5126-01	X	73962057	NA	NA	FALSE
TCGA-75-5126-01	X	77912982	NA	NA	FALSE
TCGA-75-5126-01	X	78011436	NA	NA	FALSE
TCGA-75-5126-01	X	100356187	NA	NA	FALSE
TCGA-75-5126-01	X	105190361	NA	NA	FALSE
TCGA-75-5126-01	X	119575692	NA	NA	FALSE
TCGA-75-5126-01	X	125298989	NA	NA	FALSE
TCGA-75-5126-01	X	130218994	NA	NA	FALSE
TCGA-75-5126-01	X	130417006	NA	NA	FALSE
TCGA-75-5126-01	X	135430934	NA	NA	FALSE
TCGA-75-5126-01	X	135455157	NA	NA	FALSE
TCGA-75-5126-01	X	138713553	NA	NA	FALSE
TCGA-75-5126-01	X	140995831	NA	NA	FALSE
TCGA-75-5126-01	X	146341228	NA	NA	FALSE
TCGA-75-5126-01	X	149013559	NA	NA	FALSE
TCGA-75-5126-01	X	151869542	NA	NA	FALSE
TCGA-75-5126-01	X	152481991	NA	NA	FALSE
TCGA-75-5126-01	X	153171639	NA	NA	FALSE
TCGA-75-5126-01	X	154493666	NA	NA	FALSE
TCGA-75-5126-01	X	155239571	NA	NA	FALSE
