chr	start	end	WT.count	mut.count	subclonal.CN	nMaj1	nMin1	frac1	nMaj2	nMin2	frac2	phase	mutation.copy.number	subclonal.fraction	no.chrs.bearing.mut
1	1849769	1849770	87	11	NA	NA	NA	NA	NA	NA	NA	unphased	NA	NA	1
1	2938435	2938436	84	54	NA	NA	NA	NA	NA	NA	NA	unphased	NA	NA	1
1	6579648	6579649	30	12	2	1	1	0.13	1	1	0.87	unphased	0.82815734989648	0.82815734989648	1
1	17313640	17313641	56	25	2	1	1	0.13	1	1	0.87	unphased	0.89461442118447	0.89461442118447	1
1	17707549	17707550	15	11	2	1	1	0.13	1	1	0.87	unphased	1.2263099219621	1.2263099219621	1
1	24402650	24402651	66	34	2	1	1	0.13	1	1	0.87	unphased	0.985507246376812	0.985507246376812	1
1	24402651	24402652	68	35	2	1	1	0.13	1	1	0.87	unphased	0.984944420993387	0.984944420993387	1
1	33944932	33944933	123	63	2	1	1	1	NA	NA	NA	unphased	0.981767180925666	0.981767180925666	1
1	39924843	39924844	111	38	2	1	1	1	NA	NA	NA	unphased	0.739227701585449	0.739227701585449	1
1	41493777	41493778	62	4	2	1	1	1	NA	NA	NA	unphased	0.175669740887132	0.175669740887132	1
1	62740648	62740649	183	99	2	1	1	1	NA	NA	NA	unphased	1.01757631822387	1.01757631822387	1
1	78195548	78195549	131	36	2	1	1	1	NA	NA	NA	unphased	0.624837281957824	0.624837281957824	1
1	78309067	78309068	117	44	2	1	1	1	NA	NA	NA	unphased	0.792150508596633	0.792150508596633	1
1	78470640	78470641	25	9	2	1	1	1	NA	NA	NA	unphased	0.767263427109975	0.767263427109975	1
1	92433812	92433813	55	5	2	1	1	1	NA	NA	NA	unphased	0.241545893719807	0.241545893719807	1
1	114682415	114682416	246	145	2	1	1	1	NA	NA	NA	unphased	1.07491011527484	1.07491011527484	1
1	119964869	119964870	137	20	2	1	1	1	NA	NA	NA	unphased	0.369242130527093	0.369242130527093	1
1	145530987	145530988	59	38	2	1	1	1	NA	NA	NA	unphased	1.13551471686837	1.13551471686837	1
1	145558449	145558450	121	58	2	1	1	1	NA	NA	NA	unphased	0.939195206865841	0.939195206865841	1
1	145561884	145561885	254	110	2	1	1	1	NA	NA	NA	unphased	0.875935658544354	0.875935658544354	1
1	150675796	150675797	26	6	2	1	1	1	NA	NA	NA	unphased	0.543478260869565	0.543478260869565	1
1	150676595	150676596	26	3	2	1	1	1	NA	NA	NA	unphased	0.299850074962519	0.299850074962519	1
1	151259524	151259525	276	7	2	1	1	1	NA	NA	NA	unphased	0.0716956009627695	0.0716956009627695	1
1	152770429	152770430	80	29	2	1	1	1	NA	NA	NA	unphased	0.771174046004521	0.771174046004521	1
1	153012572	153012573	221	103	2	1	1	1	NA	NA	NA	unphased	0.921452853820004	0.921452853820004	1
1	153430420	153430421	117	70	2	1	1	1	NA	NA	NA	unphased	1.08501898783229	1.08501898783229	1
1	153994814	153994815	82	33	2	1	1	1	NA	NA	NA	unphased	0.831758034026465	0.831758034026465	1
1	154101760	154101761	131	37	2	1	1	1	NA	NA	NA	unphased	0.638371290545204	0.638371290545204	1
1	154101761	154101762	132	38	2	1	1	1	NA	NA	NA	unphased	0.647911338448423	0.647911338448423	1
1	155258083	155258084	28	21	2	1	1	1	NA	NA	NA	unphased	1.24223602484472	1.24223602484472	1
1	155271191	155271192	105	16	2	1	1	1	NA	NA	NA	unphased	0.383279434662834	0.383279434662834	1
1	156377680	156377681	23	8	2	1	1	1	NA	NA	NA	unphased	0.748013090229079	0.748013090229079	1
1	158300780	158300781	431	233	2	1	1	1	NA	NA	NA	unphased	1.01711192596473	1.01711192596473	1
1	167096141	167096142	45	28	2	1	1	1	NA	NA	NA	unphased	1.11177288068295	1.11177288068295	1
1	167096174	167096175	46	18	2	1	1	1	NA	NA	NA	unphased	0.815217391304348	0.815217391304348	1
1	172543052	172543053	69	9	2	1	1	1	NA	NA	NA	unphased	0.334448160535117	0.334448160535117	1
1	175372537	175372538	153	78	2	1	1	1	NA	NA	NA	unphased	0.978731413514022	0.978731413514022	1
1	176661320	176661321	241	125	2	1	1	1	NA	NA	NA	unphased	0.989942187376257	0.989942187376257	1
1	178490103	178490104	6	8	2	1	1	1	NA	NA	NA	unphased	1.65631469979296	1.65631469979296	1
1	179064180	179064181	268	26	2	1	1	1	NA	NA	NA	unphased	0.256334417825101	0.256334417825101	1
1	179452273	179452274	110	43	2	1	1	1	NA	NA	NA	unphased	0.814625367055035	0.814625367055035	1
1	181767539	181767540	152	67	2	1	1	1	NA	NA	NA	unphased	0.886771226259017	0.886771226259017	1
1	186304476	186304477	257	21	2	1	1	1	NA	NA	NA	unphased	0.218955270566156	0.218955270566156	1
1	186369989	186369990	29	11	2	1	1	1	NA	NA	NA	unphased	0.797101449275362	0.797101449275362	1
1	193044955	193044956	122	44	2	1	1	1	NA	NA	NA	unphased	0.768290553518422	0.768290553518422	1
1	196716518	196716519	29	18	2	1	1	1	NA	NA	NA	unphased	1.11008325624422	1.11008325624422	1
1	196857324	196857325	131	81	2	1	1	1	NA	NA	NA	unphased	1.10746513535685	1.10746513535685	1
1	198668698	198668699	175	109	2	1	1	1	NA	NA	NA	unphased	1.11247193304756	1.11247193304756	1
1	202917541	202917542	89	11	2	1	1	0.13	1	1	0.87	unphased	0.318840579710145	0.318840579710145	1
1	204924038	204924039	356	173	2	1	1	0.13	1	1	0.87	unphased	0.94791923508945	0.94791923508945	1
1	210977469	210977470	17	24	1	1	0	1	NA	NA	NA	unphased	1.11134676564157	1.11134676564157	1
1	216420065	216420066	95	126	1	1	0	1	NA	NA	NA	unphased	1.0824316348613	1.0824316348613	1
1	217793440	217793441	84	92	1	1	0	1	NA	NA	NA	unphased	0.992424242424242	0.992424242424242	1
1	226413376	226413377	64	61	1	1	0	1	NA	NA	NA	unphased	0.926492753623188	0.926492753623188	1
1	237819147	237819148	9	14	1	1	0	1	NA	NA	NA	unphased	1.15563957151859	1.15563957151859	1
1	247769046	247769047	217	179	1	1	0	1	NA	NA	NA	unphased	0.858183282096326	0.858183282096326	1
10	16794568	16794569	100	100	1	1	0	1	NA	NA	NA	unphased	0.949275362318841	0.949275362318841	1
10	26589900	26589901	105	54	2	1	1	1	NA	NA	NA	unphased	0.984413453650533	0.984413453650533	1
10	27538362	27538363	282	54	2	1	1	1	NA	NA	NA	unphased	0.46583850931677	0.46583850931677	1
10	29600143	29600144	22	15	2	1	1	1	NA	NA	NA	unphased	1.17508813160987	1.17508813160987	1
10	30984917	30984918	17	11	2	1	1	1	NA	NA	NA	unphased	1.13871635610766	1.13871635610766	1
10	43617411	43617412	97	104	1	1	0	1	NA	NA	NA	unphased	0.982334703295119	0.982334703295119	1
10	45472830	45472831	96	95	1	1	0	1	NA	NA	NA	unphased	0.944305334243873	0.944305334243873	1
10	46250505	46250506	42	9	1	1	0	1	NA	NA	NA	unphased	0.335038363171356	0.335038363171356	1
10	48416666	48416667	6	5	1	1	0	1	NA	NA	NA	unphased	0.862977602108037	0.862977602108037	1
10	50531265	50531266	22	22	1	1	0	1	NA	NA	NA	unphased	0.949275362318841	0.949275362318841	1
10	50945830	50945831	30	20	1	1	0	1	NA	NA	NA	unphased	0.759420289855073	0.759420289855073	1
10	73766941	73766942	23	14	1	1	0	1	NA	NA	NA	unphased	0.718370544457501	0.718370544457501	1
10	96447880	96447881	51	14	1	1	0	1	NA	NA	NA	unphased	0.40891861761427	0.40891861761427	1
10	100995475	100995476	65	66	1	1	0	1	NA	NA	NA	unphased	0.956521739130435	0.956521739130435	1
10	124390681	124390682	68	85	1	1	0	1	NA	NA	NA	unphased	1.05475040257649	1.05475040257649	1
10	124908006	124908007	10	9	1	1	0	1	NA	NA	NA	unphased	0.899313501144165	0.899313501144165	1
10	125805839	125805840	2	9	1	1	0	1	NA	NA	NA	unphased	1.55335968379447	1.55335968379447	1
10	129913510	129913511	123	123	1	1	0	1	NA	NA	NA	unphased	0.949275362318841	0.949275362318841	1
10	134161653	134161654	30	38	1	1	0	1	NA	NA	NA	unphased	1.06095481670929	1.06095481670929	1
10	135350609	135350610	45	43	NA	NA	NA	NA	NA	NA	NA	unphased	NA	NA	1
11	558631	558632	5	5	1	1	0	1	NA	NA	NA	unphased	0.949275362318841	0.949275362318841	1
11	5373109	5373110	134	5	1	1	0	1	NA	NA	NA	unphased	0.0682931915337295	0.0682931915337295	1
11	5537717	5537718	37	31	1	1	0	1	NA	NA	NA	unphased	0.865515771526002	0.865515771526002	1
11	8942910	8942911	114	100	1	1	0	1	NA	NA	NA	unphased	0.887173235812001	0.887173235812001	1
11	57004339	57004340	135	78	2	1	1	0.09	1	1	0.91	unphased	1.0614411104307	1.0614411104307	1
11	57971090	57971091	182	79	2	1	1	0.09	1	1	0.91	unphased	0.877339108223666	0.877339108223666	1
11	57996081	57996082	73	29	2	1	1	0.09	1	1	0.91	unphased	0.824097755044047	0.824097755044047	1
11	64662805	64662806	65	9	2	1	1	0.09	1	1	0.91	unphased	0.352526439482961	0.352526439482961	1
11	65266465	65266466	205	7	2	1	1	0.09	1	1	0.91	unphased	0.0957068635493574	0.0957068635493574	1
11	65829418	65829419	65	12	2	1	1	0.09	1	1	0.91	unphased	0.451722190852626	0.451722190852626	1
11	66571577	66571578	238	15	2	1	1	0.09	1	1	0.91	unphased	0.171850833476542	0.171850833476542	1
11	68679035	68679036	145	61	2	1	1	0.09	1	1	0.91	unphased	0.858308709722808	0.858308709722808	1
11	108068066	108068067	129	49	2	1	1	0.09	1	1	0.91	unphased	0.797915648917115	0.876830383425401	0.91
11	110035818	110035819	291	129	2	1	1	0.09	1	1	0.91	unphased	0.890269151138717	0.890269151138717	1
11	113860587	113860588	28	19	2	1	1	0.09	1	1	0.91	unphased	1.17175454825779	1.17175454825779	1
11	116652917	116652918	93	30	2	1	1	0.09	1	1	0.91	unphased	0.706963591375044	0.776883067445104	0.91
11	118239479	118239480	559	15	2.96	2	1	0.98	0	1	0.02	unphased	0.100833207089835	0.100833207089835	1
11	118771470	118771471	67	34	2	1	1	0.11	1	1	0.89	unphased	0.975749748887932	0.975749748887932	1
11	118779293	118779294	82	54	2	1	1	0.11	1	1	0.89	unphased	1.15089514066496	1.15089514066496	1
11	119003610	119003611	90	37	2	1	1	0.11	1	1	0.89	unphased	0.844459659933813	0.844459659933813	1
11	122944326	122944327	163	72	2	1	1	0.11	1	1	0.89	unphased	0.888066604995375	0.888066604995375	1
11	123908886	123908887	105	7	2	1	1	0.11	1	1	0.89	unphased	0.181159420289855	0.181159420289855	1
11	124310775	124310776	81	55	2	1	1	0.11	1	1	0.89	unphased	1.17220801364024	1.17220801364024	1
11	124489360	124489361	54	32	2	1	1	0.11	1	1	0.89	unphased	1.07853050219077	1.07853050219077	1
11	124545282	124545283	115	52	2	1	1	0.11	1	1	0.89	unphased	0.902542740605745	0.902542740605745	1
11	125792752	125792753	27	10	2	1	1	0.11	1	1	0.89	unphased	0.783392087739914	0.783392087739914	1
11	132812993	132812994	9	18	1	1	0	1	NA	NA	NA	unphased	1.26570048309179	1.26570048309179	1
12	2983383	2983384	110	66	2	1	1	1	NA	NA	NA	unphased	1.08695652173913	1.08695652173913	1
12	4705887	4705888	112	51	2	1	1	1	NA	NA	NA	unphased	0.906908508935716	0.906908508935716	1
12	6554563	6554564	201	124	2	1	1	1	NA	NA	NA	unphased	1.10590858416945	1.10590858416945	1
12	6669684	6669685	58	35	2	1	1	1	NA	NA	NA	unphased	1.09085242325074	1.09085242325074	1
12	11244723	11244724	95	45	2	1	1	1	NA	NA	NA	unphased	0.93167701863354	0.93167701863354	1
12	12630118	12630119	285	12	2	1	1	1	NA	NA	NA	unphased	0.117113160591421	0.117113160591421	1
12	15262048	15262049	242	139	2	1	1	1	NA	NA	NA	unphased	1.05747651108829	1.05747651108829	1
12	21327563	21327564	69	39	2	1	1	1	NA	NA	NA	unphased	1.04669887278583	1.04669887278583	1
12	27863860	27863861	37	16	2	1	1	1	NA	NA	NA	unphased	0.875034181022696	0.875034181022696	1
12	30866802	30866803	171	7	2	1	1	1	NA	NA	NA	unphased	0.113987949845302	0.113987949845302	1
12	38714879	38714880	366	15	2	1	1	1	NA	NA	NA	unphased	0.114116170261326	0.114116170261326	1
12	43822458	43822459	49	19	2	1	1	1	NA	NA	NA	unphased	0.809889173060529	0.809889173060529	1
12	43822459	43822460	50	20	2	1	1	1	NA	NA	NA	unphased	0.82815734989648	0.82815734989648	1
12	52793795	52793796	144	64	2	1	1	1	NA	NA	NA	unphased	0.891861761426979	0.891861761426979	1
12	53671318	53671319	138	6	2	1	1	1	NA	NA	NA	unphased	0.120772946859903	0.120772946859903	1
12	55759094	55759095	247	115	2	1	1	1	NA	NA	NA	unphased	0.920810313075507	0.920810313075507	1
12	59270238	59270239	48	26	2	1	1	1	NA	NA	NA	unphased	1.01840971406189	1.01840971406189	1
12	64828587	64828588	98	52	2	1	1	1	NA	NA	NA	unphased	1.0048309178744	1.0048309178744	1
12	72316831	72316832	304	69	1.1	2	1	0.05	0	1	0.95	unphased	0.36970509383378	0.36970509383378	1
12	75601218	75601219	14	5	1.1	2	1	0.05	0	1	0.95	unphased	0.525934401220442	0.525934401220442	1
12	75892430	75892431	86	4	1.1	2	1	0.05	0	1	0.95	unphased	0.0888244766505636	1.77648953301127	0.05
12	78574770	78574771	109	47	2	2	0	1	NA	NA	NA	unphased	0.873281308063917	0.873281308063917	1
12	88483160	88483161	45	14	2	2	0	1	NA	NA	NA	unphased	0.687791697371653	0.687791697371653	1
12	93246009	93246010	201	11	2	2	0	1	NA	NA	NA	unphased	0.150396499863276	0.150396499863276	1
12	99028153	99028154	53	35	2	2	0	1	NA	NA	NA	unphased	1.1528326745718	1.1528326745718	1
12	103246701	103246702	79	24	2	2	0	1	NA	NA	NA	unphased	0.675390460109751	0.675390460109751	1
12	111758073	111758074	16	9	2	2	0	1	NA	NA	NA	unphased	1.04347826086957	1.04347826086957	1
12	117769015	117769016	9	5	1	1	0	1	NA	NA	NA	unphased	0.678053830227743	0.678053830227743	1
12	119773028	119773029	98	57	1	1	0	1	NA	NA	NA	unphased	0.698176718092567	0.698176718092567	1
12	130184593	130184594	75	80	1	1	0	1	NA	NA	NA	unphased	0.979897148200094	0.979897148200094	1
12	130921799	130921800	5	6	1	1	0	1	NA	NA	NA	unphased	1.03557312252964	1.03557312252964	1
13	36700175	36700176	55	61	1	1	0	1	NA	NA	NA	unphased	0.998375812093953	0.998375812093953	1
13	49281219	49281220	56	48	1	1	0	1	NA	NA	NA	unphased	0.876254180602007	0.876254180602007	1
13	49906109	49906110	105	93	1	1	0	1	NA	NA	NA	unphased	0.891743522178305	0.891743522178305	1
13	52728273	52728274	39	7	2	1	1	1	NA	NA	NA	unphased	0.441083805923125	0.441083805923125	1
13	52728275	52728276	38	7	2	1	1	1	NA	NA	NA	unphased	0.450885668276973	0.450885668276973	1
13	77714277	77714278	61	26	2	1	1	1	NA	NA	NA	unphased	0.866233549891721	0.866233549891721	1
13	92003005	92003006	215	87	2	1	1	1	NA	NA	NA	unphased	0.83501295709761	0.83501295709761	1
13	95121138	95121139	406	172	2	1	1	1	NA	NA	NA	unphased	0.862544506293566	0.862544506293566	1
13	111296736	111296737	56	26	2	1	1	1	NA	NA	NA	unphased	0.919052668787558	0.919052668787558	1
14	20404124	20404125	160	95	NA	NA	NA	NA	NA	NA	NA	unphased	NA	NA	1
14	20529019	20529020	139	77	2	1	1	1	NA	NA	NA	unphased	1.03327965646806	1.03327965646806	1
14	21499220	21499221	104	64	2	1	1	1	NA	NA	NA	unphased	1.10420979986197	1.10420979986197	1
14	22459072	22459073	38	18	2	1	1	1	NA	NA	NA	unphased	0.93167701863354	0.93167701863354	1
14	23396020	23396021	197	35	2	1	1	1	NA	NA	NA	unphased	0.43728135932034	0.43728135932034	1
14	24902183	24902184	198	88	2	1	1	1	NA	NA	NA	unphased	0.891861761426979	0.891861761426979	1
14	31626074	31626075	109	31	2	1	1	1	NA	NA	NA	unphased	0.641821946169772	0.641821946169772	1
14	34420061	34420062	34	4	2	1	1	1	NA	NA	NA	unphased	0.30511060259344	0.30511060259344	1
14	55243241	55243242	217	110	2	1	1	1	NA	NA	NA	unphased	0.975047644373532	0.975047644373532	1
14	77710756	77710757	207	78	2	1	1	1	NA	NA	NA	unphased	0.793287566742944	0.793287566742944	1
14	96134581	96134582	123	51	2	1	1	1	NA	NA	NA	unphased	0.849575212393803	0.849575212393803	1
14	96134655	96134656	93	43	2	1	1	1	NA	NA	NA	unphased	0.916453537936914	0.916453537936914	1
14	101456439	101456440	159	18	2	1	1	1	NA	NA	NA	unphased	0.294767870302137	0.294767870302137	1
14	105172428	105172429	27	8	2	1	1	1	NA	NA	NA	unphased	0.662525879917184	0.662525879917184	1
15	23889504	23889505	48	21	2	1	1	1	NA	NA	NA	unphased	0.882167611846251	0.882167611846251	1
15	28202855	28202856	54	26	2	1	1	1	NA	NA	NA	unphased	0.942028985507246	0.942028985507246	1
15	28515966	28515967	77	6	2	1	1	1	NA	NA	NA	unphased	0.209533787323206	0.209533787323206	1
15	33916157	33916158	227	107	2	1	1	1	NA	NA	NA	unphased	0.928577627353988	0.928577627353988	1
15	39909960	39909961	145	67	2	1	1	1	NA	NA	NA	unphased	0.916051408258135	0.916051408258135	1
15	40913316	40913317	80	50	2	1	1	1	NA	NA	NA	unphased	1.11482720178372	1.11482720178372	1
15	44094069	44094070	32	6	2	1	1	1	NA	NA	NA	unphased	0.45766590389016	0.45766590389016	1
15	45437154	45437155	164	85	2	1	1	1	NA	NA	NA	unphased	0.989465106804028	0.989465106804028	1
15	62160945	62160946	71	43	2	1	1	1	NA	NA	NA	unphased	1.09331299262649	1.09331299262649	1
15	65157958	65157959	72	26	2	1	1	1	NA	NA	NA	unphased	0.769003253475303	0.769003253475303	1
15	72699063	72699064	278	62	2.34	2	1	0.67	1	0	0.33	unphased	0.590559249786871	0.881431716099808	0.67
15	72958008	72958009	20	9	2.34	2	1	0.67	1	0	0.33	unphased	1.00506746626687	1.00506746626687	1
15	74653957	74653958	127	42	2.34	2	1	0.67	1	0	0.33	unphased	0.804846925649601	0.804846925649601	1
15	83832773	83832774	235	7	2.34	2	1	0.67	1	0	0.33	unphased	0.0936770870762966	0.0936770870762966	1
15	85447452	85447453	253	32	2.34	2	1	0.67	1	0	0.33	unphased	0.363626748029494	0.363626748029494	1
15	101609020	101609021	105	34	2.34	2	1	0.67	1	0	0.33	unphased	0.792163486602023	0.792163486602023	1
16	1798334	1798335	48	19	2	1	1	0.11	1	1	0.89	unphased	0.82197707116591	0.82197707116591	1
16	1810530	1810531	101	7	2	1	1	0.11	1	1	0.89	unphased	0.187869028448739	0.187869028448739	1
16	2880269	2880270	31	9	2	1	1	0.11	1	1	0.89	unphased	0.652173913043478	0.652173913043478	1
16	3165364	3165365	108	44	2	1	1	0.11	1	1	0.89	unphased	0.83905415713196	0.83905415713196	1
16	3166495	3166496	68	35	2	1	1	0.11	1	1	0.89	unphased	0.984944420993387	0.984944420993387	1
16	3274586	3274587	86	37	2	1	1	0.11	1	1	0.89	unphased	0.871921762695888	0.871921762695888	1
16	3778918	3778919	22	10	2	1	1	0.11	1	1	0.89	unphased	0.905797101449275	0.905797101449275	1
16	4925175	4925176	125	23	2	1	1	0.11	1	1	0.89	unphased	0.45045045045045	0.45045045045045	1
16	4925374	4925375	183	27	2	1	1	0.11	1	1	0.89	unphased	0.372670807453416	0.372670807453416	1
16	28489162	28489163	62	32	2	1	1	1	NA	NA	NA	unphased	0.986740672217083	0.986740672217083	1
16	48177846	48177847	119	50	2	1	1	1	NA	NA	NA	unphased	0.85755938598748	0.85755938598748	1
16	67380271	67380272	189	20	2	1	1	1	NA	NA	NA	unphased	0.277373275084946	0.277373275084946	1
16	69703904	69703905	83	39	2	1	1	1	NA	NA	NA	unphased	0.926585887384177	0.926585887384177	1
16	81991639	81991640	32	9	2	1	1	1	NA	NA	NA	unphased	0.63626723223754	0.63626723223754	1
16	84473112	84473113	246	139	2	1	1	1	NA	NA	NA	unphased	1.04648974214192	1.04648974214192	1
16	89949797	89949798	123	74	NA	NA	NA	NA	NA	NA	NA	unphased	NA	NA	1
17	436129	436130	49	4	NA	NA	NA	NA	NA	NA	NA	unphased	NA	NA	1
17	1340205	1340206	247	17	2	2	0	1	NA	NA	NA	unphased	0.186649099692578	0.186649099692578	1
17	2202566	2202567	147	303	2	2	0	1	NA	NA	NA	unphased	1.95169082125604	0.975845410628019	2
17	4842464	4842465	87	5	2	2	0	1	NA	NA	NA	unphased	0.15752993068683	0.15752993068683	1
17	7404931	7404932	115	24	2	2	0	1	NA	NA	NA	unphased	0.500469189865499	0.500469189865499	1
17	9792866	9792867	48	74	2	2	0	1	NA	NA	NA	unphased	1.75813732478023	0.879068662390116	2
17	10406198	10406199	162	222	2	2	0	1	NA	NA	NA	unphased	1.67572463768116	0.83786231884058	2
17	18881243	18881244	63	73	2	2	0	1	NA	NA	NA	unphased	1.55583972719523	0.777919863597613	2
17	21208425	21208426	160	31	1	1	0	1	NA	NA	NA	unphased	0.308141740648001	0.308141740648001	1
17	26110105	26110106	67	59	1	1	0	1	NA	NA	NA	unphased	0.889003910743041	0.889003910743041	1
17	34106007	34106008	65	4	1	1	0	1	NA	NA	NA	unphased	0.110060911573199	0.110060911573199	1
17	38073388	38073389	68	107	1	1	0	1	NA	NA	NA	unphased	1.1608281573499	1.1608281573499	1
17	41062953	41062954	74	26	1	1	0	1	NA	NA	NA	unphased	0.493623188405797	0.493623188405797	1
17	57290379	57290380	269	14	2	2	0	1	NA	NA	NA	unphased	0.143391201925539	0.143391201925539	1
17	65716056	65716057	28	39	2	2	0	1	NA	NA	NA	unphased	1.68721609344581	0.843608046722907	2
17	66352861	66352862	51	45	2	2	0	1	NA	NA	NA	unphased	1.35869565217391	0.679347826086957	2
17	72539044	72539045	136	5	2	2	0	1	NA	NA	NA	unphased	0.102785486689279	0.102785486689279	1
17	72588794	72588795	100	80	2	2	0	1	NA	NA	NA	unphased	1.28824476650564	1.28824476650564	1
17	80019120	80019121	56	4	2	2	0	1	NA	NA	NA	unphased	0.193236714975845	0.193236714975845	1
18	334856	334857	13	11	2	1	1	1	NA	NA	NA	unphased	1.32850241545894	1.32850241545894	1
18	5434013	5434014	224	110	2	1	1	1	NA	NA	NA	unphased	0.95461251410223	0.95461251410223	1
18	12310999	12311000	76	27	2	1	1	1	NA	NA	NA	unphased	0.75981426762347	0.75981426762347	1
18	21140242	21140243	135	25	2	1	1	1	NA	NA	NA	unphased	0.452898550724638	0.452898550724638	1
18	28968435	28968436	83	53	2	1	1	1	NA	NA	NA	unphased	1.12958226768968	1.12958226768968	1
18	31318625	31318626	100	12	2	1	1	1	NA	NA	NA	unphased	0.31055900621118	0.31055900621118	1
18	31463286	31463287	173	103	2	1	1	1	NA	NA	NA	unphased	1.08170552404957	1.08170552404957	1
18	32621607	32621608	71	33	2	1	1	1	NA	NA	NA	unphased	0.919732441471572	0.919732441471572	1
18	43698218	43698219	175	79	2	1	1	1	NA	NA	NA	unphased	0.901517745064476	0.901517745064476	1
18	61156656	61156657	77	44	2	1	1	1	NA	NA	NA	unphased	1.05401844532279	1.05401844532279	1
18	74091428	74091429	122	71	2	1	1	1	NA	NA	NA	unphased	1.06630622512578	1.06630622512578	1
19	3381785	3381786	186	43	2.29	2	1	0.29	1	1	0.71	unphased	0.598723498512752	0.598723498512752	1
19	4554404	4554405	76	5	2.29	2	1	0.29	1	1	0.71	unphased	0.196824118804795	0.678703857947569	0.29
19	7693179	7693180	54	55	2.29	2	1	0.29	1	1	0.71	unphased	1.60890174178966	1.24721065255012	1.29
19	8367424	8367425	70	117	2.29	2	1	0.29	1	1	0.71	unphased	1.99497558707277	1.54649270315719	1.29
19	9058498	9058499	75	83	2.29	2	1	0.29	1	1	0.71	unphased	1.67499816547422	1.2984481902901	1.29
19	9965505	9965506	40	8	2.29	2	1	0.29	1	1	0.71	unphased	0.531425120772947	0.531425120772947	1
19	10624539	10624540	46	8	2.29	2	1	0.29	1	1	0.71	unphased	0.472377885131508	0.472377885131508	1
19	12244171	12244172	109	49	1.15	1	1	0.15	1	0	0.85	unphased	0.63531003485599	0.63531003485599	1
19	12576047	12576048	141	80	1.15	1	1	0.15	1	0	0.85	unphased	0.741556823398256	0.741556823398256	1
19	12911788	12911789	42	25	1.15	1	1	0.15	1	0	0.85	unphased	0.764384598745403	0.764384598745403	1
19	12936734	12936735	27	20	1.15	1	1	0.15	1	0	0.85	unphased	0.871723712611779	0.871723712611779	1
19	13084224	13084225	109	51	1.15	1	1	0.15	1	0	0.85	unphased	0.652975543478261	0.652975543478261	1
19	15164638	15164639	151	49	1.15	1	1	0.15	1	0	0.85	unphased	0.501894927536232	0.501894927536232	1
19	15636339	15636340	52	26	1.15	1	1	0.15	1	0	0.85	unphased	0.682850241545894	0.682850241545894	1
19	15730552	15730553	38	11	1.15	1	1	0.15	1	0	0.85	unphased	0.459878734102337	0.459878734102337	1
19	16275546	16275547	64	33	1.15	1	1	0.15	1	0	0.85	unphased	0.69692962796952	0.69692962796952	1
19	17367324	17367325	138	76	1.15	1	1	0.15	1	0	0.85	unphased	0.727522687254504	0.727522687254504	1
19	17988610	17988611	115	48	1.15	1	1	0.15	1	0	0.85	unphased	0.603254201120299	0.603254201120299	1
19	19408019	19408020	92	55	1.15	1	1	0.15	1	0	0.85	unphased	0.766464556837228	0.766464556837228	1
19	19626729	19626730	36	12	1.15	1	1	0.15	1	0	0.85	unphased	0.51213768115942	0.51213768115942	1
19	19680383	19680384	247	109	1.15	1	1	0.15	1	0	0.85	unphased	0.627224800521088	0.627224800521088	1
19	34263040	34263041	25	11	1.15	1	1	0.15	1	0	0.85	unphased	0.625946054750403	0.625946054750403	1
19	34890980	34890981	52	35	1.15	1	1	0.15	1	0	0.85	unphased	0.824129601865734	0.824129601865734	1
19	36223872	36223873	6	4	1.15	1	1	0.15	1	0	0.85	unphased	0.819420289855073	0.819420289855073	1
19	36271878	36271879	105	40	1.15	1	1	0.15	1	0	0.85	unphased	0.56511744127936	0.56511744127936	1
19	36940781	36940782	465	28	1.15	1	1	0.15	1	0	0.85	unphased	0.116347708498692	0.775651389991279	0.15
19	37676876	37676877	211	9	1.15	1	1	0.15	1	0	0.85	unphased	0.083804347826087	0.558695652173913	0.15
19	38572708	38572709	83	50	1.15	1	1	0.15	1	0	0.85	unphased	0.770131851367549	0.770131851367549	1
19	38590615	38590616	136	48	1.15	1	1	0.15	1	0	0.85	unphased	0.534404536862004	0.534404536862004	1
19	38865284	38865285	5	3	1.15	1	1	0.15	1	0	0.85	unphased	0.768206521739131	0.768206521739131	1
19	48259977	48259978	63	6	1.15	1	1	0.15	1	0	0.85	unphased	0.178134845620668	1.18756563747112	0.15
19	50912015	50912016	105	6	1.15	1	1	0.15	1	0	0.85	unphased	0.110732471602037	0.738216477346912	0.15
19	51215214	51215215	118	88	1.15	1	1	0.15	1	0	0.85	unphased	0.875109047418039	0.875109047418039	1
19	51215215	51215216	122	86	1.15	1	1	0.15	1	0	0.85	unphased	0.846996934225195	0.846996934225195	1
19	52130927	52130928	11	4	1.15	1	1	0.15	1	0	0.85	unphased	0.546280193236715	0.546280193236715	1
19	53057141	53057142	214	8	1.15	1	1	0.15	1	0	0.85	unphased	0.0738216477346912	0.0738216477346912	1
19	53667832	53667833	170	9	1.15	1	1	0.15	1	0	0.85	unphased	0.102999757104688	0.686665047364586	0.15
19	53884524	53884525	101	54	1.15	1	1	0.15	1	0	0.85	unphased	0.713688639551192	0.713688639551192	1
19	54757924	54757925	16	7	1.15	1	1	0.15	1	0	0.85	unphased	0.623471959672338	0.623471959672338	1
2	277366	277367	93	14	NA	NA	NA	NA	NA	NA	NA	unphased	NA	NA	1
2	16734259	16734260	168	36	1.04	2	1	0.02	0	1	0.98	unphased	0.342097186700767	0.342097186700767	1
2	21227261	21227262	147	45	1.04	2	1	0.02	0	1	0.98	unphased	0.454347826086957	0.454347826086957	1
2	27885070	27885071	110	33	2	1	1	1	NA	NA	NA	unphased	0.668896321070234	0.668896321070234	1
2	48915390	48915391	141	52	2	1	1	1	NA	NA	NA	unphased	0.780956671923106	0.780956671923106	1
2	48915420	48915421	133	52	2	1	1	1	NA	NA	NA	unphased	0.81472777124951	0.81472777124951	1
2	48952851	48952852	145	74	2	1	1	1	NA	NA	NA	unphased	0.979418966315929	0.979418966315929	1
2	54159069	54159070	82	42	2	1	1	1	NA	NA	NA	unphased	0.981767180925666	0.981767180925666	1
2	64176176	64176177	52	16	2	1	1	1	NA	NA	NA	unphased	0.682011935208866	0.682011935208866	1
2	69092921	69092922	252	7	2	1	1	0.08	1	1	0.92	unphased	0.0783392087739914	0.0783392087739914	1
2	74687382	74687383	188	66	2	1	1	0.08	1	1	0.92	unphased	0.753166723724752	0.818659482309513	0.92
2	80874740	80874741	149	71	2	1	1	0.08	1	1	0.92	unphased	0.935441370223979	0.935441370223979	1
2	85051254	85051255	33	13	2	1	1	0.08	1	1	0.92	unphased	0.819155639571519	0.819155639571519	1
2	85921492	85921493	144	26	2	1	1	0.08	1	1	0.92	unphased	0.443307757885763	0.443307757885763	1
2	86371600	86371601	136	7	2	1	1	0.08	1	1	0.92	unphased	0.141887098408838	0.141887098408838	1
2	87042710	87042711	482	219	2	1	1	0.08	1	1	0.92	unphased	0.905538671463127	0.984281164633834	0.92
2	89475888	89475889	181	108	2	1	1	0.08	1	1	0.92	unphased	1.0831954265082	1.0831954265082	1
2	90193387	90193388	162	23	2	1	1	0.08	1	1	0.92	unphased	0.36036036036036	0.36036036036036	1
2	90260101	90260102	184	83	2	1	1	0.08	1	1	0.92	unphased	0.901047603539054	0.901047603539054	1
2	98351733	98351734	91	52	2	1	1	0.08	1	1	0.92	unphased	1.05401844532279	1.05401844532279	1
2	99294889	99294890	99	48	2	1	1	0.08	1	1	0.92	unphased	0.946465542738835	0.946465542738835	1
2	103322395	103322396	16	15	1	1	0	1	NA	NA	NA	unphased	0.918653576437588	0.918653576437588	1
2	109381375	109381376	99	29	2	1	1	0.09	1	1	0.91	unphased	0.656702898550725	0.656702898550725	1
2	136399251	136399252	210	23	1	1	0	1	NA	NA	NA	unphased	0.187410586552217	0.187410586552217	1
2	141267567	141267568	89	96	1	1	0	1	NA	NA	NA	unphased	0.985193889541716	0.985193889541716	1
2	141458114	141458115	94	89	1	1	0	1	NA	NA	NA	unphased	0.923338877009583	0.923338877009583	1
2	158634758	158634759	31	37	1	1	0	1	NA	NA	NA	unphased	1.03303495311168	1.03303495311168	1
2	171806047	171806048	46	40	1	1	0	1	NA	NA	NA	unphased	0.883046848668689	0.883046848668689	1
2	203071954	203071955	151	18	1	1	0	1	NA	NA	NA	unphased	0.202212503215848	0.202212503215848	1
2	215833486	215833487	151	11	1	1	0	1	NA	NA	NA	unphased	0.128913938092682	0.128913938092682	1
2	216916252	216916253	39	38	1	1	0	1	NA	NA	NA	unphased	0.936947110860154	0.936947110860154	1
2	219920246	219920247	17	19	1	1	0	1	NA	NA	NA	unphased	1.00201288244767	1.00201288244767	1
2	220419367	220419368	14	16	1	1	0	1	NA	NA	NA	unphased	1.01256038647343	1.01256038647343	1
2	227896712	227896713	41	19	1	1	0	1	NA	NA	NA	unphased	0.601207729468599	0.601207729468599	1
2	234628330	234628331	151	79	1.01	1	1	0.01	0	1	0.99	unphased	0.655545683679899	0.655545683679899	1
2	238265996	238265997	352	229	1.01	1	1	0.01	0	1	0.99	unphased	0.752251490433785	0.752251490433785	1
2	238991930	238991931	159	28	1.01	1	1	0.01	0	1	0.99	unphased	0.285772301015268	0.285772301015268	1
2	239059638	239059639	7	5	1.01	1	1	0.01	0	1	0.99	unphased	0.795229468599034	0.795229468599034	1
2	242065898	242065899	133	8	1.01	1	1	0.01	0	1	0.99	unphased	0.10828656593689	0.10828656593689	1
2	242793266	242793267	35	22	NA	NA	NA	NA	NA	NA	NA	unphased	NA	NA	1
20	2293655	2293656	95	116	2.26	2	1	0.26	1	1	0.74	unphased	1.73645442681503	1.37813843398018	1.26
20	2378640	2378641	98	24	2.26	2	1	0.26	1	1	0.74	unphased	0.621354240912331	0.621354240912331	1
20	3673726	3673727	35	16	2.26	2	1	0.26	1	1	0.74	unphased	0.990917874396135	0.990917874396135	1
20	3679852	3679853	8	14	2.26	2	1	0.26	1	1	0.74	unphased	2.00998682476943	1.5952276387059	1.26
20	7963079	7963080	144	123	2.26	2	1	0.26	1	1	0.74	unphased	1.45506269337241	1.15481166140668	1.26
20	23065612	23065613	81	95	2.26	2	1	0.26	1	1	0.74	unphased	1.70489953886693	1.35309487211661	1.26
20	26094599	26094600	12	9	2.26	2	1	0.26	1	1	0.74	unphased	1.35366459627329	1.35366459627329	1
20	31583432	31583433	480	20	2.26	2	1	0.26	1	1	0.74	unphased	0.126342028985507	0.126342028985507	1
20	34099281	34099282	70	85	2	2	0	0.84	1	1	0.16	unphased	1.58952781673679	0.863873813443909	1.84
20	34241509	34241510	720	21	2	2	0	0.84	1	1	0.16	unphased	0.0821451622366954	0.0821451622366954	1
20	34457434	34457435	227	58	2	2	0	0.84	1	1	0.16	unphased	0.589880498347318	0.589880498347318	1
20	35467633	35467634	103	90	2	2	0	0.84	1	1	0.16	unphased	1.35165577832845	0.734595531700246	1.84
20	42194974	42194975	107	137	2	2	0	0.84	1	1	0.16	unphased	1.62746495604657	0.884491823938352	1.84
20	42265828	42265829	104	102	2	2	0	0.84	1	1	0.16	unphased	1.43520472773322	0.780002569420229	1.84
20	42680163	42680164	49	61	2	2	0	0.84	1	1	0.16	unphased	1.60737812911726	0.873575070172424	1.84
20	42680164	42680165	48	61	2	2	0	0.84	1	1	0.16	unphased	1.62212471745778	0.881589520357492	1.84
20	47267948	47267949	76	13	2	2	0	0.84	1	1	0.16	unphased	0.423383813711122	0.423383813711122	1
20	47846778	47846779	110	16	2	2	0	0.84	1	1	0.16	unphased	0.368069933287325	0.368069933287325	1
21	32119356	32119357	52	32	2	1	1	1	NA	NA	NA	unphased	1.10420979986197	1.10420979986197	1
21	34860902	34860903	330	171	2	1	1	1	NA	NA	NA	unphased	0.989325696433221	0.989325696433221	1
21	34918587	34918588	78	39	2	1	1	1	NA	NA	NA	unphased	0.966183574879227	0.966183574879227	1
21	34968085	34968086	179	21	2	1	1	1	NA	NA	NA	unphased	0.304347826086957	0.304347826086957	1
21	41423893	41423894	151	68	2	1	1	1	NA	NA	NA	unphased	0.900006617695718	0.900006617695718	1
21	42749713	42749714	90	34	2	1	1	1	NA	NA	NA	unphased	0.794763908368396	0.794763908368396	1
21	47541490	47541491	83	10	2	1	1	1	NA	NA	NA	unphased	0.311672120928783	0.311672120928783	1
21	47685962	47685963	392	22	NA	NA	NA	NA	NA	NA	NA	unphased	NA	NA	1
22	17072955	17072956	92	49	NA	NA	NA	NA	NA	NA	NA	unphased	NA	NA	1
22	19052469	19052470	66	30	2	1	1	1	NA	NA	NA	unphased	0.905797101449275	0.905797101449275	1
22	22569531	22569532	47	33	NA	NA	NA	NA	NA	NA	NA	unphased	NA	NA	1
22	22893363	22893364	246	90	NA	NA	NA	NA	NA	NA	NA	unphased	NA	NA	1
22	30738238	30738239	78	64	3	2	1	1	NA	NA	NA	unphased	1.75709328434374	0.878546642171872	2
22	31823066	31823067	277	111	3	2	1	1	NA	NA	NA	unphased	1.11530703720305	1.11530703720305	1
22	39219118	39219119	147	51	2	1	1	1	NA	NA	NA	unphased	0.746596398770312	0.746596398770312	1
22	39626194	39626195	93	44	2	1	1	1	NA	NA	NA	unphased	0.930921400613562	0.930921400613562	1
22	40819596	40819597	139	9	3	2	1	1	NA	NA	NA	unphased	0.237074030552291	0.237074030552291	1
22	50167859	50167860	405	99	NA	NA	NA	NA	NA	NA	NA	unphased	NA	NA	1
22	50167860	50167861	409	99	NA	NA	NA	NA	NA	NA	NA	unphased	NA	NA	1
3	27442319	27442320	234	9	2	2	0	1	NA	NA	NA	unphased	0.107353730542136	0.107353730542136	1
3	46717776	46717777	71	95	2	2	0	1	NA	NA	NA	unphased	1.65880914964205	0.829404574821023	2
3	50382922	50382923	5	10	2	2	0	1	NA	NA	NA	unphased	1.93236714975845	0.966183574879227	2
3	52556457	52556458	160	23	2	2	0	1	NA	NA	NA	unphased	0.364298724954463	0.364298724954463	1
3	89390084	89390085	114	79	1	1	0	1	NA	NA	NA	unphased	0.777126980551175	0.777126980551175	1
3	97664727	97664728	53	32	1.01	1	1	0.01	0	1	0.99	unphased	0.718513213981245	0.718513213981245	1
3	100170730	100170731	107	56	1.01	1	1	0.01	0	1	0.99	unphased	0.655698408464479	0.655698408464479	1
3	113955298	113955299	123	68	1.01	1	1	0.01	0	1	0.99	unphased	0.679484027619698	0.679484027619698	1
3	126741079	126741080	38	23	2.06	2	1	0.53	1	0	0.47	unphased	1.11551912568306	1.11551912568306	1
3	133647729	133647730	29	31	2.06	2	1	0.53	1	0	0.47	unphased	1.5285845410628	0.99907486343974	1.53
3	133673887	133673888	91	34	2.06	2	1	0.53	1	0	0.47	unphased	0.80472579710145	0.80472579710145	1
3	136729162	136729163	23	7	2.06	2	1	0.53	1	0	0.47	unphased	0.690328502415459	0.690328502415459	1
3	140277515	140277516	244	23	2.06	2	1	0.53	1	0	0.47	unphased	0.254856429463171	0.254856429463171	1
3	145839016	145839017	258	49	2.21	3	2	0.07	1	1	0.93	unphased	0.496153047254874	0.496153047254874	1
3	148793696	148793697	278	22	2.21	3	2	0.07	1	1	0.93	unphased	0.22796038647343	0.22796038647343	1
3	150290032	150290033	95	43	2.21	3	2	0.07	1	1	0.93	unphased	0.968606385213191	0.968606385213191	1
3	155215111	155215112	315	70	2.21	3	2	0.07	1	1	0.93	unphased	0.565191040843215	0.565191040843215	1
3	155314055	155314056	326	333	2.21	3	2	0.07	1	1	0.93	unphased	1.57078511578808	0.758833389269606	2.07
3	157160862	157160863	42	13	2.21	3	2	0.07	1	1	0.93	unphased	0.734748353096179	0.734748353096179	1
3	165503964	165503965	175	44	2.21	3	2	0.07	1	1	0.93	unphased	0.624549004036794	0.624549004036794	1
3	167035302	167035303	318	40	2.21	3	2	0.07	1	1	0.93	unphased	0.347324103311473	0.347324103311473	1
3	167086344	167086345	232	55	2.21	3	2	0.07	1	1	0.93	unphased	0.595715295662273	0.595715295662273	1
3	167319965	167319966	292	37	2.21	3	2	0.07	1	1	0.93	unphased	0.349593850491168	0.349593850491168	1
3	170720400	170720401	146	24	2.21	3	2	0.07	1	1	0.93	unphased	0.438854219948849	0.438854219948849	1
3	170802942	170802943	77	12	2.21	3	2	0.07	1	1	0.93	unphased	0.419130434782609	0.419130434782609	1
3	179319577	179319578	209	39	2.21	3	2	0.07	1	1	0.93	unphased	0.488844670406732	0.488844670406732	1
3	180703749	180703750	189	14	2.21	3	2	0.07	1	1	0.93	unphased	0.214382808595702	0.214382808595702	1
3	183777962	183777963	114	41	2.21	3	2	0.07	1	1	0.93	unphased	0.82226180458158	0.82226180458158	1
3	186522509	186522510	265	91	2.21	3	2	0.07	1	1	0.93	unphased	0.794601449275362	0.794601449275362	1
3	192516148	192516149	172	52	2.21	3	2	0.07	1	1	0.93	unphased	0.72162784679089	0.72162784679089	1
3	194182880	194182881	168	30	2.21	3	2	0.07	1	1	0.93	unphased	0.470992534036012	0.470992534036012	1
3	195016614	195016615	129	14	2.21	3	2	0.07	1	1	0.93	unphased	0.304333637377116	0.304333637377116	1
3	195511342	195511343	12	3	2.21	3	2	0.07	1	1	0.93	unphased	0.621710144927536	0.621710144927536	1
4	960272	960273	94	4	NA	NA	NA	NA	NA	NA	NA	unphased	NA	NA	1
4	20568929	20568930	104	111	1	1	0	1	NA	NA	NA	unphased	0.980182002022245	0.980182002022245	1
4	62679545	62679546	44	6	1	1	0	1	NA	NA	NA	unphased	0.227826086956522	0.227826086956522	1
4	62758450	62758451	79	68	1	1	0	1	NA	NA	NA	unphased	0.878241151533077	0.878241151533077	1
4	66467586	66467587	47	60	1	1	0	1	NA	NA	NA	unphased	1.0646078829744	1.0646078829744	1
4	81283920	81283921	124	114	1	1	0	1	NA	NA	NA	unphased	0.909389842893679	0.909389842893679	1
4	94343993	94343994	94	6	1	1	0	1	NA	NA	NA	unphased	0.113913043478261	0.113913043478261	1
4	104103968	104103969	156	7	1	1	0	1	NA	NA	NA	unphased	0.0815328532052992	0.0815328532052992	1
4	114274886	114274887	76	81	1	1	0	1	NA	NA	NA	unphased	0.979507061755747	0.979507061755747	1
4	123301250	123301251	20	27	1	1	0	1	NA	NA	NA	unphased	1.09065679925994	1.09065679925994	1
4	149357050	149357051	41	51	1	1	0	1	NA	NA	NA	unphased	1.05245746691871	1.05245746691871	1
4	154502639	154502640	67	49	1	1	0	1	NA	NA	NA	unphased	0.801974012993503	0.801974012993503	1
4	187118696	187118697	46	40	1	1	0	1	NA	NA	NA	unphased	0.883046848668689	0.883046848668689	1
4	189020188	189020189	50	33	NA	NA	NA	NA	NA	NA	NA	unphased	NA	NA	1
5	228356	228357	172	15	NA	NA	NA	NA	NA	NA	NA	unphased	NA	NA	1
5	2749074	2749075	36	54	3	2	1	1	NA	NA	NA	unphased	2.33913043478261	1.1695652173913	2
5	13752371	13752372	255	11	1.2	2	1	0.1	1	0	0.9	unphased	0.0867821728233628	0.867821728233628	0.1
5	13830827	13830828	262	69	1.2	2	1	0.1	1	0	0.9	unphased	0.437462235649547	0.437462235649547	1
5	35759678	35759679	417	36	1.2	2	1	0.1	1	0	0.9	unphased	0.166772243017564	0.166772243017564	1
5	38463980	38463981	69	39	2	1	1	1	NA	NA	NA	unphased	1.04669887278583	1.04669887278583	1
5	68805124	68805125	133	155	1	1	0	1	NA	NA	NA	unphased	1.02178945249597	1.02178945249597	1
5	79031071	79031072	50	46	1	1	0	1	NA	NA	NA	unphased	0.909722222222222	0.909722222222222	1
5	79744052	79744053	94	10	1	1	0	1	NA	NA	NA	unphased	0.182552954292085	0.182552954292085	1
5	94027350	94027351	41	26	1	1	0	1	NA	NA	NA	unphased	0.736751027471339	0.736751027471339	1
5	131307261	131307262	20	16	1	1	0	1	NA	NA	NA	unphased	0.843800322061192	0.843800322061192	1
5	135276729	135276730	87	84	1	1	0	1	NA	NA	NA	unphased	0.932621408593949	0.932621408593949	1
5	137223065	137223066	39	44	1	1	0	1	NA	NA	NA	unphased	1.00646062510913	1.00646062510913	1
5	140187515	140187516	52	57	1	1	0	1	NA	NA	NA	unphased	0.992820103709613	0.992820103709613	1
5	140230484	140230485	29	47	1	1	0	1	NA	NA	NA	unphased	1.17410373760488	1.17410373760488	1
5	140581037	140581038	30	16	1	1	0	1	NA	NA	NA	unphased	0.660365469439194	0.660365469439194	1
5	176047751	176047752	87	37	2	1	1	1	NA	NA	NA	unphased	0.864890135577373	0.864890135577373	1
5	178634714	178634715	95	48	2	1	1	1	NA	NA	NA	unphased	0.972940103374886	0.972940103374886	1
6	4952634	4952635	102	51	2	1	1	1	NA	NA	NA	unphased	0.966183574879227	0.966183574879227	1
6	24502788	24502789	53	24	2	1	1	1	NA	NA	NA	unphased	0.903444381705251	0.903444381705251	1
6	34985307	34985308	68	29	2	1	1	1	NA	NA	NA	unphased	0.866577020767967	0.866577020767967	1
6	35442843	35442844	6	3	2	1	1	1	NA	NA	NA	unphased	0.966183574879227	0.966183574879227	1
6	42650832	42650833	110	43	2	1	1	1	NA	NA	NA	unphased	0.814625367055035	0.814625367055035	1
6	42712805	42712806	87	40	2	1	1	1	NA	NA	NA	unphased	0.912929362090608	0.912929362090608	1
6	42713723	42713724	112	50	2	1	1	1	NA	NA	NA	unphased	0.89461442118447	0.89461442118447	1
6	44223066	44223067	144	54	2	1	1	1	NA	NA	NA	unphased	0.790513833992095	0.790513833992095	1
6	47678538	47678539	183	22	2	1	1	1	NA	NA	NA	unphased	0.311063980205019	0.311063980205019	1
6	71567643	71567644	132	68	2	1	1	1	NA	NA	NA	unphased	0.985507246376812	0.985507246376812	1
6	72947556	72947557	67	30	2	1	1	1	NA	NA	NA	unphased	0.896458987001345	0.896458987001345	1
6	76599844	76599845	183	10	2	1	1	1	NA	NA	NA	unphased	0.150183975369828	0.150183975369828	1
6	79918269	79918270	299	130	2	1	1	1	NA	NA	NA	unphased	0.878348704435661	0.878348704435661	1
6	80741191	80741192	62	25	2	1	1	1	NA	NA	NA	unphased	0.832916874895885	0.832916874895885	1
6	109748328	109748329	54	17	2	1	1	1	NA	NA	NA	unphased	0.694019187589304	0.694019187589304	1
6	117240429	117240430	113	46	2	1	1	1	NA	NA	NA	unphased	0.838574423480084	0.838574423480084	1
6	117248356	117248357	199	94	2	1	1	1	NA	NA	NA	unphased	0.929910471385468	0.929910471385468	1
6	129950645	129950646	187	81	2	1	1	1	NA	NA	NA	unphased	0.876054510058404	0.876054510058404	1
6	132910193	132910194	69	37	2	1	1	1	NA	NA	NA	unphased	1.01175827180749	1.01175827180749	1
6	132966480	132966481	119	57	2	1	1	1	NA	NA	NA	unphased	0.938735177865613	0.938735177865613	1
6	138629907	138629908	286	17	2	1	1	1	NA	NA	NA	unphased	0.162624958147989	0.162624958147989	1
6	157502189	157502190	67	36	2	1	1	1	NA	NA	NA	unphased	1.01308569016463	1.01308569016463	1
6	159655399	159655400	19	7	2	1	1	1	NA	NA	NA	unphased	0.780379041248606	0.780379041248606	1
6	162864346	162864347	104	39	2	1	1	1	NA	NA	NA	unphased	0.790513833992095	0.790513833992095	1
7	6370408	6370409	123	8	2	1	1	1	NA	NA	NA	unphased	0.177010731275584	0.177010731275584	1
7	30791833	30791834	214	82	2	1	1	1	NA	NA	NA	unphased	0.802976889933412	0.802976889933412	1
7	31378330	31378331	143	76	2	1	1	1	NA	NA	NA	unphased	1.00588974918933	1.00588974918933	1
7	34697974	34697975	43	19	2	1	1	1	NA	NA	NA	unphased	0.888265544647031	0.888265544647031	1
7	37956116	37956117	52	27	2	1	1	1	NA	NA	NA	unphased	0.990643918547056	0.990643918547056	1
7	39247091	39247092	214	80	2	1	1	1	NA	NA	NA	unphased	0.788721285615696	0.788721285615696	1
7	44578979	44578980	155	71	2	1	1	1	NA	NA	NA	unphased	0.910606643580865	0.910606643580865	1
7	51092929	51092930	37	14	2	1	1	1	NA	NA	NA	unphased	0.795680591077011	0.795680591077011	1
7	53103930	53103931	70	31	2	1	1	1	NA	NA	NA	unphased	0.889654182809585	0.889654182809585	1
7	64167888	64167889	60	29	2	1	1	1	NA	NA	NA	unphased	0.944471584432503	0.944471584432503	1
7	66453393	66453394	138	67	2	1	1	1	NA	NA	NA	unphased	0.947331212442559	0.947331212442559	1
7	82582537	82582538	96	122	1	1	0	1	NA	NA	NA	unphased	1.06249168993485	1.06249168993485	1
7	100369568	100369569	10	30	1	1	0	1	NA	NA	NA	unphased	1.42391304347826	1.42391304347826	1
7	107389485	107389486	30	55	1	1	0	1	NA	NA	NA	unphased	1.22847399829497	1.22847399829497	1
7	116199256	116199257	55	52	1	1	0	1	NA	NA	NA	unphased	0.922660165244481	0.922660165244481	1
7	121769520	121769521	55	69	1	1	0	1	NA	NA	NA	unphased	1.05645161290323	1.05645161290323	1
7	122809220	122809221	47	22	1	1	0	1	NA	NA	NA	unphased	0.605335013652594	0.605335013652594	1
7	142641765	142641766	37	30	1	1	0	1	NA	NA	NA	unphased	0.850097339390007	0.850097339390007	1
7	143175631	143175632	48	60	1	1	0	1	NA	NA	NA	unphased	1.05475040257649	1.05475040257649	1
7	156468518	156468519	55	60	1	1	0	1	NA	NA	NA	unphased	0.99054820415879	0.99054820415879	1
7	157023772	157023773	154	6	1	1	0	1	NA	NA	NA	unphased	0.071195652173913	0.071195652173913	1
8	2876080	2876081	286	158	2	1	1	1	NA	NA	NA	unphased	1.03146624885755	1.03146624885755	1
8	2967783	2967784	29	18	2	1	1	1	NA	NA	NA	unphased	1.11008325624422	1.11008325624422	1
8	3226867	3226868	24	15	2	1	1	1	NA	NA	NA	unphased	1.11482720178372	1.11482720178372	1
8	11301671	11301672	66	29	2	1	1	1	NA	NA	NA	unphased	0.884820747520976	0.884820747520976	1
8	22874945	22874946	16	10	2	1	1	1	NA	NA	NA	unphased	1.11482720178372	1.11482720178372	1
8	24774853	24774854	26	12	2	1	1	1	NA	NA	NA	unphased	0.91533180778032	0.91533180778032	1
8	25747357	25747358	149	6	2	1	1	1	NA	NA	NA	unphased	0.112201963534362	0.112201963534362	1
8	29003883	29003884	126	38	2	1	1	1	NA	NA	NA	unphased	0.671615411806292	0.671615411806292	1
8	39535006	39535007	64	26	2	1	1	1	NA	NA	NA	unphased	0.837359098228663	0.837359098228663	1
8	41525873	41525874	161	61	2	1	1	1	NA	NA	NA	unphased	0.796448622535579	0.796448622535579	1
8	43147819	43147820	95	37	2	1	1	1	NA	NA	NA	unphased	0.812472551602986	0.812472551602986	1
8	48775022	48775023	49	31	2	1	1	1	NA	NA	NA	unphased	1.1231884057971	1.1231884057971	1
8	51617211	51617212	164	65	2	1	1	1	NA	NA	NA	unphased	0.822732738434276	0.822732738434276	1
8	55538686	55538687	45	28	2	1	1	1	NA	NA	NA	unphased	1.11177288068295	1.11177288068295	1
8	56715140	56715141	64	25	2	1	1	1	NA	NA	NA	unphased	0.814199641752158	0.814199641752158	1
8	66539558	66539559	174	77	2	1	1	1	NA	NA	NA	unphased	0.889196835845026	0.889196835845026	1
8	90921897	90921898	112	7	2	1	1	1	NA	NA	NA	unphased	0.170502983802217	0.170502983802217	1
8	92406454	92406455	72	29	2	1	1	1	NA	NA	NA	unphased	0.832257138757354	0.832257138757354	1
8	99168558	99168559	175	122	2	1	1	1	NA	NA	NA	unphased	1.19065046601279	1.19065046601279	1
8	119945370	119945371	240	100	2	1	1	1	NA	NA	NA	unphased	0.852514919011083	0.852514919011083	1
8	123966263	123966264	43	11	2	1	1	1	NA	NA	NA	unphased	0.59044551798175	0.59044551798175	1
8	144331971	144331972	19	14	2	1	1	1	NA	NA	NA	unphased	1.22968818620993	1.22968818620993	1
8	144378613	144378614	11	15	2	1	1	1	NA	NA	NA	unphased	1.67224080267559	1.67224080267559	1
9	990638	990639	44	43	1	1	0	1	NA	NA	NA	unphased	0.938364151257705	0.938364151257705	1
9	40715901	40715902	10	7	1	1	0	1	NA	NA	NA	unphased	0.781756180733163	0.781756180733163	1
9	96714487	96714488	17	13	1	1	0	1	NA	NA	NA	unphased	0.822705314009662	0.822705314009662	1
9	114982500	114982501	16	8	1	1	0	1	NA	NA	NA	unphased	0.632850241545894	0.632850241545894	1
9	116185730	116185731	36	37	1	1	0	1	NA	NA	NA	unphased	0.9622791344054	0.9622791344054	1
9	133779401	133779402	18	5	1	1	0	1	NA	NA	NA	unphased	0.412728418399496	0.412728418399496	1
9	138588642	138588643	32	36	1	1	0	1	NA	NA	NA	unphased	1.00511508951407	1.00511508951407	1
9	139840539	139840540	13	3	1	1	0	1	NA	NA	NA	unphased	0.355978260869565	0.355978260869565	1
9	140777240	140777241	213	53	1	1	0	1	NA	NA	NA	unphased	0.378282663179688	0.378282663179688	1
9	140777241	140777242	212	54	1	1	0	1	NA	NA	NA	unphased	0.385420071918928	0.385420071918928	1
X	15287957	15287958	39	65	NA	NA	NA	NA	NA	NA	NA	unphased	NA	NA	1
X	16170698	16170699	86	144	NA	NA	NA	NA	NA	NA	NA	unphased	NA	NA	1
X	29973962	29973963	4	20	NA	NA	NA	NA	NA	NA	NA	unphased	NA	NA	1
X	34150296	34150297	78	20	NA	NA	NA	NA	NA	NA	NA	unphased	NA	NA	1
X	48980044	48980045	4	6	NA	NA	NA	NA	NA	NA	NA	unphased	NA	NA	1
X	50052345	50052346	25	47	NA	NA	NA	NA	NA	NA	NA	unphased	NA	NA	1
X	69460007	69460008	9	27	NA	NA	NA	NA	NA	NA	NA	unphased	NA	NA	1
X	69460008	69460009	9	28	NA	NA	NA	NA	NA	NA	NA	unphased	NA	NA	1
X	73063827	73063828	14	34	NA	NA	NA	NA	NA	NA	NA	unphased	NA	NA	1
X	77913340	77913341	40	60	NA	NA	NA	NA	NA	NA	NA	unphased	NA	NA	1
X	127185588	127185589	42	103	NA	NA	NA	NA	NA	NA	NA	unphased	NA	NA	1
X	130217873	130217874	23	75	NA	NA	NA	NA	NA	NA	NA	unphased	NA	NA	1
X	130220554	130220555	42	74	NA	NA	NA	NA	NA	NA	NA	unphased	NA	NA	1
X	155004317	155004318	84	118	NA	NA	NA	NA	NA	NA	NA	unphased	NA	NA	1
Y	6953941	6953942	18	22	NA	NA	NA	NA	NA	NA	NA	unphased	NA	NA	1
