chr	start	end	WT.count	mut.count	subclonal.CN	nMaj1	nMin1	frac1	nMaj2	nMin2	frac2	phase	mutation.copy.number	subclonal.fraction	no.chrs.bearing.mut
1	3677923	3677924	154	37	2	1	1	1	NA	NA	NA	unphased	0.807155322862129	0.807155322862129	1
1	12855611	12855612	197	44	2	1	1	1	NA	NA	NA	unphased	0.760719225449516	0.760719225449516	1
1	26372399	26372400	50	13	2	1	1	1	NA	NA	NA	unphased	0.85978835978836	0.85978835978836	1
1	26603224	26603225	67	13	2	1	1	1	NA	NA	NA	unphased	0.677083333333333	0.677083333333333	1
1	32573665	32573666	168	49	2	1	1	1	NA	NA	NA	unphased	0.940860215053763	0.940860215053763	1
1	39305177	39305178	48	13	2	1	1	1	NA	NA	NA	unphased	0.887978142076503	0.887978142076503	1
1	43296551	43296552	40	9	2	1	1	1	NA	NA	NA	unphased	0.76530612244898	0.76530612244898	1
1	48764353	48764354	46	8	2	1	1	1	NA	NA	NA	unphased	0.617283950617284	0.617283950617284	1
1	159410482	159410483	79	19	2.4	2	1	0.7	1	0	0.3	unphased	0.885374149659864	0.885374149659864	1
1	175097854	175097855	205	35	2.4	2	1	0.7	1	0	0.3	unphased	0.665972222222222	0.951388888888889	0.7
1	226549182	226549183	45	17	2.4	2	1	0.7	1	0	0.3	unphased	1.25215053763441	1.25215053763441	1
1	237819147	237819148	8	5	2.4	2	1	0.7	1	0	0.3	unphased	1.75641025641026	1.75641025641026	1
1	238090776	238090777	18	7	2.4	2	1	0.7	1	0	0.3	unphased	1.27866666666667	1.27866666666667	1
1	248028172	248028173	37	7	NA	NA	NA	NA	NA	NA	NA	unphased	NA	NA	1
1	248737959	248737960	106	21	NA	NA	NA	NA	NA	NA	NA	unphased	NA	NA	1
10	26570004	26570005	137	30	2	1	1	1	NA	NA	NA	unphased	0.748502994011976	0.748502994011976	1
10	105833975	105833976	189	39	2	1	1	1	NA	NA	NA	unphased	0.712719298245614	0.712719298245614	1
11	45671906	45671907	73	14	2	1	1	1	NA	NA	NA	unphased	0.670498084291188	0.670498084291188	1
11	55563900	55563901	29	9	2	1	1	1	NA	NA	NA	unphased	0.986842105263158	0.986842105263158	1
11	62293402	62293403	178	70	1	1	0	1	NA	NA	NA	unphased	0.893817204301075	0.893817204301075	1
11	64879031	64879032	54	20	NA	NA	NA	NA	NA	NA	NA	unphased	NA	NA	1
11	64882510	64882511	222	20	NA	NA	NA	NA	NA	NA	NA	unphased	NA	NA	1
11	64882511	64882512	221	20	NA	NA	NA	NA	NA	NA	NA	unphased	NA	NA	1
11	64882532	64882533	186	43	NA	NA	NA	NA	NA	NA	NA	unphased	NA	NA	1
11	65375458	65375459	118	32	NA	NA	NA	NA	NA	NA	NA	unphased	NA	NA	1
11	76371717	76371718	58	23	2	1	1	1	NA	NA	NA	unphased	1.18312757201646	1.18312757201646	1
11	76825354	76825355	555	175	2	1	1	1	NA	NA	NA	unphased	0.998858447488584	0.998858447488584	1
11	76826512	76826513	58	19	2	1	1	1	NA	NA	NA	unphased	1.02813852813853	1.02813852813853	1
11	76826612	76826613	33	8	2	1	1	1	NA	NA	NA	unphased	0.813008130081301	0.813008130081301	1
11	76826624	76826625	29	5	2	1	1	1	NA	NA	NA	unphased	0.612745098039216	0.612745098039216	1
11	76829343	76829344	54	14	2	1	1	1	NA	NA	NA	unphased	0.857843137254902	0.857843137254902	1
11	76830105	76830106	37	17	2	1	1	1	NA	NA	NA	unphased	1.31172839506173	1.31172839506173	1
11	92918920	92918921	18	8	1	1	0	1	NA	NA	NA	unphased	0.974358974358974	0.974358974358974	1
11	117098009	117098010	213	48	2	1	1	1	NA	NA	NA	unphased	0.766283524904215	0.766283524904215	1
11	124632058	124632059	27	3	2	1	1	1	NA	NA	NA	unphased	0.416666666666667	0.416666666666667	1
11	133789731	133789732	47	11	2	1	1	1	NA	NA	NA	unphased	0.790229885057471	0.790229885057471	1
12	9303302	9303303	34	8	1	1	0	1	NA	NA	NA	unphased	0.603174603174603	0.603174603174603	1
12	25398283	25398284	24	12	1.72	3	1	0.24	1	0	0.76	unphased	1.29555555555556	1.29555555555556	1
12	25398284	25398285	24	12	1.72	3	1	0.24	1	0	0.76	unphased	1.29555555555556	1.29555555555556	1
12	110570410	110570411	17	10	1	1	0	1	NA	NA	NA	unphased	1.17283950617284	1.17283950617284	1
12	116421329	116421330	47	12	1	1	0	1	NA	NA	NA	unphased	0.64406779661017	0.64406779661017	1
13	53418996	53418997	126	25	2	1	1	1	NA	NA	NA	unphased	0.689845474613687	0.689845474613687	1
13	101712231	101712232	132	31	2	1	1	1	NA	NA	NA	unphased	0.792433537832311	0.792433537832311	1
13	108922447	108922448	205	83	2	1	1	1	NA	NA	NA	unphased	1.20081018518519	1.20081018518519	1
13	110827060	110827061	382	117	2	1	1	1	NA	NA	NA	unphased	0.976953907815631	0.976953907815631	1
14	20404499	20404500	59	11	NA	NA	NA	NA	NA	NA	NA	unphased	NA	NA	1
14	23547388	23547389	150	56	1	1	0	1	NA	NA	NA	unphased	0.86084142394822	0.86084142394822	1
14	50044476	50044477	14	13	1	1	0	1	NA	NA	NA	unphased	1.52469135802469	1.52469135802469	1
14	93170566	93170567	37	22	1	1	0	1	NA	NA	NA	unphased	1.18079096045198	1.18079096045198	1
15	44891009	44891010	53	18	2	1	1	1	NA	NA	NA	unphased	1.05633802816901	1.05633802816901	1
16	347718	347719	38	10	NA	NA	NA	NA	NA	NA	NA	unphased	NA	NA	1
16	22587978	22587979	166	16	2	1	1	1	NA	NA	NA	unphased	0.366300366300366	0.366300366300366	1
17	18906918	18906919	60	20	2	1	1	1	NA	NA	NA	unphased	1.04166666666667	1.04166666666667	1
17	21731312	21731313	100	39	2	1	1	1	NA	NA	NA	unphased	1.16906474820144	1.16906474820144	1
17	27076614	27076615	124	30	2	1	1	1	NA	NA	NA	unphased	0.811688311688312	0.811688311688312	1
17	46608144	46608145	191	57	2	1	1	1	NA	NA	NA	unphased	0.957661290322581	0.957661290322581	1
17	46608145	46608146	192	57	2	1	1	1	NA	NA	NA	unphased	0.953815261044177	0.953815261044177	1
17	60637431	60637432	62	8	2	1	1	1	NA	NA	NA	unphased	0.476190476190476	0.476190476190476	1
17	66880000	66880001	9	3	2	1	1	1	NA	NA	NA	unphased	1.04166666666667	1.04166666666667	1
17	73328798	73328799	63	12	2	1	1	1	NA	NA	NA	unphased	0.666666666666667	0.666666666666667	1
17	80037126	80037127	165	40	2	1	1	1	NA	NA	NA	unphased	0.813008130081301	0.813008130081301	1
18	28908186	28908187	36	7	2	1	1	1	NA	NA	NA	unphased	0.678294573643411	0.678294573643411	1
18	31323435	31323436	61	12	2	1	1	1	NA	NA	NA	unphased	0.684931506849315	0.684931506849315	1
18	60985889	60985890	132	27	2	1	1	1	NA	NA	NA	unphased	0.707547169811321	0.707547169811321	1
19	430711	430712	52	5	1	1	0	1	NA	NA	NA	unphased	0.277777777777778	0.277777777777778	1
19	1220370	1220371	13	6	1	1	0	1	NA	NA	NA	unphased	1	1	1
19	21991281	21991282	55	26	2	1	1	1	NA	NA	NA	unphased	1.33744855967078	1.33744855967078	1
19	30935216	30935217	26	6	2	1	1	1	NA	NA	NA	unphased	0.78125	0.78125	1
19	31039010	31039011	203	52	2	1	1	1	NA	NA	NA	unphased	0.849673202614379	0.849673202614379	1
19	37383368	37383369	39	5	2	1	1	1	NA	NA	NA	unphased	0.473484848484849	0.473484848484849	1
19	39330765	39330766	173	48	2	1	1	1	NA	NA	NA	unphased	0.904977375565611	0.904977375565611	1
19	45515271	45515272	17	6	2	1	1	1	NA	NA	NA	unphased	1.08695652173913	1.08695652173913	1
19	51359611	51359612	225	63	2	1	1	1	NA	NA	NA	unphased	0.911458333333333	0.911458333333333	1
19	55143639	55143640	212	52	2	1	1	1	NA	NA	NA	unphased	0.820707070707071	0.820707070707071	1
19	55179598	55179599	23	5	2	1	1	1	NA	NA	NA	unphased	0.744047619047619	0.744047619047619	1
19	57175616	57175617	19	7	2	1	1	1	NA	NA	NA	unphased	1.12179487179487	1.12179487179487	1
2	23985106	23985107	33	3	2	1	1	1	NA	NA	NA	unphased	0.347222222222222	0.347222222222222	1
2	31178570	31178571	138	34	2	1	1	1	NA	NA	NA	unphased	0.823643410852713	0.823643410852713	1
2	201814322	201814323	41	10	2	1	1	1	NA	NA	NA	unphased	0.816993464052288	0.816993464052288	1
2	228750067	228750068	40	13	2	1	1	1	NA	NA	NA	unphased	1.02201257861635	1.02201257861635	1
2	233839372	233839373	400	89	2	1	1	1	NA	NA	NA	unphased	0.758350374914792	0.758350374914792	1
2	239186472	239186473	150	34	2	1	1	1	NA	NA	NA	unphased	0.769927536231884	0.769927536231884	1
20	1629957	1629958	133	22	2	1	1	1	NA	NA	NA	unphased	0.591397849462366	0.591397849462366	1
20	3002718	3002719	144	7	2	1	1	1	NA	NA	NA	unphased	0.193156732891832	0.193156732891832	1
20	4713161	4713162	31	7	2	1	1	1	NA	NA	NA	unphased	0.767543859649123	0.767543859649123	1
20	33128488	33128489	37	16	2	1	1	1	NA	NA	NA	unphased	1.25786163522013	1.25786163522013	1
20	40054002	40054003	40	15	1	1	0	1	NA	NA	NA	unphased	0.863636363636364	0.863636363636364	1
20	48700725	48700726	124	48	1	1	0	1	NA	NA	NA	unphased	0.883720930232558	0.883720930232558	1
20	60551115	60551116	30	15	2	1	1	1	NA	NA	NA	unphased	1.38888888888889	1.38888888888889	1
20	60897372	60897373	25	4	2	1	1	1	NA	NA	NA	unphased	0.574712643678161	0.574712643678161	1
21	38445002	38445003	34	13	2	1	1	1	NA	NA	NA	unphased	1.15248226950355	1.15248226950355	1
21	41465694	41465695	32	10	2	1	1	1	NA	NA	NA	unphased	0.992063492063492	0.992063492063492	1
21	46047657	46047658	754	195	2	1	1	1	NA	NA	NA	unphased	0.856164383561644	0.856164383561644	1
22	39479862	39479863	120	33	2	1	1	1	NA	NA	NA	unphased	0.898692810457516	0.898692810457516	1
22	44221916	44221917	182	32	2	1	1	1	NA	NA	NA	unphased	0.623052959501558	0.623052959501558	1
3	19961380	19961381	85	19	2	1	1	1	NA	NA	NA	unphased	0.761217948717949	0.761217948717949	1
3	38565413	38565414	86	20	2	1	1	1	NA	NA	NA	unphased	0.786163522012579	0.786163522012579	1
3	42244103	42244104	112	22	2	1	1	1	NA	NA	NA	unphased	0.68407960199005	0.68407960199005	1
3	48339977	48339978	45	3	2	1	1	1	NA	NA	NA	unphased	0.260416666666667	0.260416666666667	1
3	52273118	52273119	11	5	2	1	1	1	NA	NA	NA	unphased	1.30208333333333	1.30208333333333	1
3	53810711	53810712	172	42	2	1	1	1	NA	NA	NA	unphased	0.817757009345794	0.817757009345794	1
3	54919342	54919343	86	20	2	1	1	1	NA	NA	NA	unphased	0.786163522012579	0.786163522012579	1
3	77147418	77147419	96	27	2	1	1	1	NA	NA	NA	unphased	0.914634146341463	0.914634146341463	1
3	122003108	122003109	89	23	2	1	1	1	NA	NA	NA	unphased	0.855654761904762	0.855654761904762	1
3	125877378	125877379	151	33	2	1	1	1	NA	NA	NA	unphased	0.747282608695652	0.747282608695652	1
3	154858044	154858045	20	4	2	1	1	1	NA	NA	NA	unphased	0.694444444444444	0.694444444444444	1
4	6865248	6865249	73	24	2	1	1	1	NA	NA	NA	unphased	1.03092783505155	1.03092783505155	1
4	39868521	39868522	38	8	2	1	1	1	NA	NA	NA	unphased	0.72463768115942	0.72463768115942	1
4	53731758	53731759	468	118	2	1	1	1	NA	NA	NA	unphased	0.839021615472127	0.839021615472127	1
4	69962329	69962330	58	16	2	1	1	1	NA	NA	NA	unphased	0.900900900900901	0.900900900900901	1
4	72994590	72994591	127	31	2	1	1	1	NA	NA	NA	unphased	0.817510548523207	0.817510548523207	1
4	77230371	77230372	88	30	2	1	1	1	NA	NA	NA	unphased	1.05932203389831	1.05932203389831	1
4	89183866	89183867	46	13	2	1	1	1	NA	NA	NA	unphased	0.918079096045198	0.918079096045198	1
4	170523811	170523812	19	5	2	1	1	1	NA	NA	NA	unphased	0.868055555555556	0.868055555555556	1
5	80388725	80388726	63	20	2	1	1	1	NA	NA	NA	unphased	1.00401606425703	1.00401606425703	1
5	89931017	89931018	43	14	2	1	1	1	NA	NA	NA	unphased	1.0233918128655	1.0233918128655	1
5	140261960	140261961	334	104	2	1	1	1	NA	NA	NA	unphased	0.989345509893455	0.989345509893455	1
5	180486300	180486301	9	5	NA	NA	NA	NA	NA	NA	NA	unphased	NA	NA	1
6	26107643	26107644	73	20	2	1	1	1	NA	NA	NA	unphased	0.896057347670251	0.896057347670251	1
6	34802158	34802159	89	31	2	1	1	1	NA	NA	NA	unphased	1.07638888888889	1.07638888888889	1
6	35922940	35922941	239	47	2	1	1	1	NA	NA	NA	unphased	0.684731934731935	0.684731934731935	1
6	54805390	54805391	44	9	2	1	1	1	NA	NA	NA	unphased	0.707547169811321	0.707547169811321	1
6	84025068	84025069	31	6	2	1	1	1	NA	NA	NA	unphased	0.675675675675676	0.675675675675676	1
6	85473648	85473649	9	5	2	1	1	1	NA	NA	NA	unphased	1.48809523809524	1.48809523809524	1
6	132641791	132641792	21	3	2	1	1	1	NA	NA	NA	unphased	0.520833333333333	0.520833333333333	1
6	167717595	167717596	246	58	2	1	1	1	NA	NA	NA	unphased	0.794956140350877	0.794956140350877	1
7	31876896	31876897	34	9	1	1	0	1	NA	NA	NA	unphased	0.662790697674419	0.662790697674419	1
7	37252961	37252962	75	25	1	1	0	1	NA	NA	NA	unphased	0.791666666666667	0.791666666666667	1
7	72178675	72178676	39	17	1	1	0	1	NA	NA	NA	unphased	0.961309523809524	0.961309523809524	1
8	2975963	2975964	83	18	2	1	1	1	NA	NA	NA	unphased	0.742574257425743	0.742574257425743	1
8	23305213	23305214	174	34	2	1	1	1	NA	NA	NA	unphased	0.681089743589744	0.681089743589744	1
8	41554285	41554286	66	19	2	1	1	1	NA	NA	NA	unphased	0.931372549019608	0.931372549019608	1
8	88885785	88885786	180	47	2	1	1	1	NA	NA	NA	unphased	0.862701908957416	0.862701908957416	1
8	114388964	114388965	120	38	2	1	1	1	NA	NA	NA	unphased	1.00210970464135	1.00210970464135	1
8	131792843	131792844	141	37	2	1	1	1	NA	NA	NA	unphased	0.866104868913858	0.866104868913858	1
9	127818228	127818229	28	16	1	1	0	1	NA	NA	NA	unphased	1.15151515151515	1.15151515151515	1
9	139407480	139407481	76	40	1	1	0	1	NA	NA	NA	unphased	1.09195402298851	1.09195402298851	1
X	29973553	29973554	58	14	NA	NA	NA	NA	NA	NA	NA	unphased	NA	NA	1
X	54784147	54784148	200	60	NA	NA	NA	NA	NA	NA	NA	unphased	NA	NA	1
X	62974283	62974284	27	12	NA	NA	NA	NA	NA	NA	NA	unphased	NA	NA	1
X	73524452	73524453	103	38	NA	NA	NA	NA	NA	NA	NA	unphased	NA	NA	1
X	99663202	99663203	362	79	NA	NA	NA	NA	NA	NA	NA	unphased	NA	NA	1
X	107408254	107408255	117	20	NA	NA	NA	NA	NA	NA	NA	unphased	NA	NA	1
X	110489770	110489771	118	26	NA	NA	NA	NA	NA	NA	NA	unphased	NA	NA	1
X	120008918	120008919	192	52	NA	NA	NA	NA	NA	NA	NA	unphased	NA	NA	1
X	120181506	120181507	89	41	NA	NA	NA	NA	NA	NA	NA	unphased	NA	NA	1
X	127185519	127185520	234	49	NA	NA	NA	NA	NA	NA	NA	unphased	NA	NA	1
X	134305156	134305157	66	8	NA	NA	NA	NA	NA	NA	NA	unphased	NA	NA	1
X	139865671	139865672	26	4	NA	NA	NA	NA	NA	NA	NA	unphased	NA	NA	1
X	154157208	154157209	201	53	NA	NA	NA	NA	NA	NA	NA	unphased	NA	NA	1
