chr	start	end	WT.count	mut.count	subclonal.CN	nMaj1	nMin1	frac1	nMaj2	nMin2	frac2	phase	mutation.copy.number	subclonal.fraction	no.chrs.bearing.mut
1	18807607	18807608	22	3	1.7	1	0	0.3	1	1	0.7	unphased	0.714	0.714	1
1	27226503	27226504	66	5	1.7	1	0	0.3	1	1	0.7	unphased	0.419014084507042	0.598591549295775	0.7
1	34174714	34174715	62	5	1.7	1	0	0.3	1	1	0.7	unphased	0.444029850746269	0.634328358208955	0.7
1	76211594	76211595	83	4	1.7	1	0	0.3	1	1	0.7	unphased	0.273563218390805	0.390804597701149	0.7
1	84387041	84387042	65	6	1.7	1	0	0.3	1	1	0.7	unphased	0.502816901408451	0.71830985915493	0.7
1	85029065	85029066	39	3	1.7	1	0	0.3	1	1	0.7	unphased	0.425	0.425	1
1	90178299	90178300	37	6	1.7	1	0	0.3	1	1	0.7	unphased	0.830232558139535	0.830232558139535	1
1	112303769	112303770	51	5	1.71	1	0	0.29	1	1	0.71	unphased	0.532142857142857	0.532142857142857	1
1	120468420	120468421	25	5	2	1	1	0.27	1	1	0.73	unphased	1.04166666666667	1.04166666666667	1
1	120468421	120468422	25	5	2	1	1	0.27	1	1	0.73	unphased	1.04166666666667	1.04166666666667	1
1	151271338	151271339	171	24	2	1	1	0.19	1	1	0.81	unphased	0.769230769230769	0.769230769230769	1
1	152009404	152009405	79	5	2	1	1	0.19	1	1	0.81	unphased	0.372023809523809	0.459288653733098	0.81
1	152284541	152284542	337	21	2	1	1	0.19	1	1	0.81	unphased	0.366620111731844	0.366620111731844	1
1	152957954	152957955	63	5	2	1	1	0.19	1	1	0.81	unphased	0.459558823529412	0.567356572258533	0.81
1	159163689	159163690	41	7	2	1	1	0.19	1	1	0.81	unphased	0.911458333333333	0.911458333333333	1
1	161198845	161198846	86	11	2	1	1	0.19	1	1	0.81	unphased	0.708762886597938	0.708762886597938	1
1	173702952	173702953	77	4	2	1	1	0.19	1	1	0.81	unphased	0.308641975308642	0.308641975308642	1
1	175046590	175046591	92	6	2	1	1	0.19	1	1	0.81	unphased	0.38265306122449	0.472411186696901	0.81
1	176926851	176926852	54	4	2	1	1	0.19	1	1	0.81	unphased	0.431034482758621	0.532141336739038	0.81
1	179322717	179322718	156	14	2	1	1	0.19	1	1	0.81	unphased	0.514705882352941	0.635439360929557	0.81
1	179815444	179815445	46	7	2	1	1	0.19	1	1	0.81	unphased	0.825471698113208	0.825471698113208	1
1	232619632	232619633	54	7	2	1	1	0.17	1	1	0.83	unphased	0.717213114754098	0.717213114754098	1
1	240371403	240371404	9	3	2	1	1	0.17	1	1	0.83	unphased	1.5625	1.5625	1
1	246719936	246719937	87	6	2	1	1	0.17	1	1	0.83	unphased	0.403225806451613	0.485814224640497	0.83
10	16794588	16794589	100	19	2	1	1	0.16	1	1	0.84	unphased	0.997899159663865	0.997899159663865	1
10	45472930	45472931	51	3	2	1	1	0.14	1	1	0.86	unphased	0.347222222222222	0.40374677002584	0.86
10	55721626	55721627	91	9	2	1	1	0.14	1	1	0.86	unphased	0.5625	0.654069767441861	0.86
10	69407236	69407237	64	11	2	1	1	0.15	1	1	0.85	unphased	0.916666666666667	0.916666666666667	1
10	101451152	101451153	52	4	2	1	1	0.15	1	1	0.85	unphased	0.446428571428571	0.446428571428571	1
11	44079904	44079905	47	10	1	1	0	0.01	0	1	0.99	unphased	0.921052631578947	0.921052631578947	1
11	58035161	58035162	34	3	1.49	1	1	0.49	1	0	0.51	unphased	0.465405405405405	0.465405405405405	1
11	59132810	59132811	30	10	2.06	2	1	0.53	1	0	0.47	unphased	1.5775	1.5775	1
11	62285311	62285312	126	21	2.06	2	1	0.53	1	0	0.47	unphased	0.901428571428571	0.901428571428571	1
11	63884832	63884833	39	3	2.06	2	1	0.53	1	0	0.47	unphased	0.450714285714286	0.450714285714286	1
11	65404027	65404028	10	3	2.06	2	1	0.53	1	0	0.47	unphased	1.45615384615385	1.45615384615385	1
11	67202509	67202510	64	6	2.06	2	1	0.53	1	0	0.47	unphased	0.540857142857143	0.540857142857143	1
11	76255389	76255390	53	6	2.06	2	1	0.53	1	0	0.47	unphased	0.641694915254237	0.641694915254237	1
11	78412615	78412616	22	4	2.06	2	1	0.53	1	0	0.47	unphased	0.970769230769231	0.970769230769231	1
11	92624091	92624092	27	4	2	1	1	0.36	1	1	0.64	unphased	0.806451612903226	0.806451612903226	1
11	101832558	101832559	51	15	2.14	2	1	0.57	1	0	0.43	unphased	1.45227272727273	1.45227272727273	1
11	111368828	111368829	61	11	2.16	2	1	0.58	1	0	0.42	unphased	0.979305555555555	0.979305555555555	1
11	113076337	113076338	99	12	2.16	2	1	0.58	1	0	0.42	unphased	0.692972972972973	0.692972972972973	1
11	123625058	123625059	55	12	1.49	1	1	0.49	1	0	0.51	unphased	1.02805970149254	1.02805970149254	1
11	124742378	124742379	31	10	1.49	1	1	0.49	1	0	0.51	unphased	1.4	1.4	1
12	977280	977281	105	5	1.1	1	1	0.1	1	0	0.9	unphased	0.243181818181818	0.243181818181818	1
12	7973844	7973845	82	5	1.1	1	1	0.1	1	0	0.9	unphased	0.307471264367816	0.307471264367816	1
12	30884404	30884405	61	7	1	1	1	0	0	1	1	unphased	0.540441176470588	0.540441176470588	1
12	46246145	46246146	71	9	1	1	0	0.02	0	1	0.98	unphased	0.590625	0.590625	1
12	82752136	82752137	33	8	2	1	1	1	NA	NA	NA	unphased	1.21951219512195	1.21951219512195	1
12	123186799	123186800	169	6	2	1	1	1	NA	NA	NA	unphased	0.214285714285714	0.214285714285714	1
12	132631859	132631860	15	3	2	1	1	1	NA	NA	NA	unphased	1.04166666666667	1.04166666666667	1
13	25051849	25051850	112	5	1	1	0	0.01	0	1	0.99	unphased	0.224358974358974	0.224358974358974	1
13	36141050	36141051	38	4	1	1	0	0.01	0	1	0.99	unphased	0.5	0.5	1
13	37573492	37573493	13	3	1	1	0	0.01	0	1	0.99	unphased	0.984375	0.984375	1
14	20443736	20443737	63	12	2	1	1	1	NA	NA	NA	unphased	1	1	1
14	20979083	20979084	43	5	2	1	1	1	NA	NA	NA	unphased	0.651041666666667	0.651041666666667	1
14	51239016	51239017	23	3	2	1	1	1	NA	NA	NA	unphased	0.721153846153846	0.721153846153846	1
14	64491695	64491696	50	6	2	1	1	1	NA	NA	NA	unphased	0.669642857142857	0.669642857142857	1
14	64619352	64619353	45	3	2	1	1	1	NA	NA	NA	unphased	0.390625	0.390625	1
14	68244964	68244965	76	8	2	1	1	1	NA	NA	NA	unphased	0.595238095238095	0.595238095238095	1
14	78353521	78353522	76	7	2	1	1	1	NA	NA	NA	unphased	0.52710843373494	0.52710843373494	1
14	106805229	106805230	322	15	2	1	1	1	NA	NA	NA	unphased	0.278189910979229	0.278189910979229	1
15	22473065	22473066	280	13	1.01	1	1	0.01	0	1	0.99	unphased	0.233378839590444	0.233378839590444	1
15	65489204	65489205	38	5	1	1	0	0.03	0	1	0.97	unphased	0.61046511627907	0.61046511627907	1
16	8890246	8890247	64	6	2	1	1	1	NA	NA	NA	unphased	0.535714285714286	0.535714285714286	1
16	20492189	20492190	62	5	2	1	1	1	NA	NA	NA	unphased	0.466417910447761	0.466417910447761	1
16	22926883	22926884	84	7	2	1	1	1	NA	NA	NA	unphased	0.480769230769231	0.480769230769231	1
16	31073128	31073129	123	16	2	1	1	1	NA	NA	NA	unphased	0.719424460431655	0.719424460431655	1
16	68200853	68200854	85	6	2	1	1	1	NA	NA	NA	unphased	0.412087912087912	0.412087912087912	1
16	70841944	70841945	49	9	2	1	1	1	NA	NA	NA	unphased	0.969827586206897	0.969827586206897	1
16	71319809	71319810	27	3	2	1	1	1	NA	NA	NA	unphased	0.625	0.625	1
16	72198808	72198809	36	9	2	1	1	1	NA	NA	NA	unphased	1.25	1.25	1
16	72821306	72821307	16	4	2	1	1	1	NA	NA	NA	unphased	1.25	1.25	1
16	72832553	72832554	35	6	2	1	1	1	NA	NA	NA	unphased	0.914634146341463	0.914634146341463	1
16	82033721	82033722	87	11	2	1	1	1	NA	NA	NA	unphased	0.701530612244898	0.701530612244898	1
16	84227766	84227767	14	3	2	1	1	1	NA	NA	NA	unphased	1.10294117647059	1.10294117647059	1
16	85936585	85936586	75	8	2	1	1	1	NA	NA	NA	unphased	0.602409638554217	0.602409638554217	1
17	8135773	8135774	100	8	2	2	0	0.79	1	1	0.21	unphased	0.462962962962963	0.462962962962963	1
17	33495173	33495174	66	10	2	2	0	0.79	1	1	0.21	unphased	0.822368421052632	0.822368421052632	1
17	72588473	72588474	46	8	2	2	0	0.83	1	1	0.17	unphased	0.925925925925926	0.925925925925926	1
18	23807121	23807122	33	5	1	1	0	0.01	0	1	0.99	unphased	0.690789473684211	0.690789473684211	1
18	28574288	28574289	43	3	1	1	0	0.01	0	1	0.99	unphased	0.342391304347826	0.345849802371541	0.99
18	39584319	39584320	23	3	1	1	0	0.01	0	1	0.99	unphased	0.605769230769231	0.605769230769231	1
18	56936258	56936259	52	10	1	1	0	0.05	0	1	0.95	unphased	0.846774193548387	0.846774193548387	1
18	72234500	72234501	48	4	1	1	0	0.01	0	1	0.99	unphased	0.403846153846154	0.407925407925408	0.99
19	10124224	10124225	42	6	2	1	1	0.22	1	1	0.78	unphased	0.78125	0.78125	1
19	10610407	10610408	21	8	2	1	1	0.22	1	1	0.78	unphased	1.72413793103448	1.72413793103448	1
19	34925774	34925775	31	5	1.01	1	1	0.01	0	1	0.99	unphased	0.730555555555556	0.730555555555556	1
19	50905624	50905625	30	3	1.07	1	1	0.07	0	1	0.93	unphased	0.483636363636364	0.483636363636364	1
19	50910317	50910318	59	4	1.07	1	1	0.07	0	1	0.93	unphased	0.337777777777778	0.337777777777778	1
19	51958819	51958820	41	4	1.07	1	1	0.07	0	1	0.93	unphased	0.472888888888889	0.472888888888889	1
19	53958641	53958642	134	14	1.07	1	1	0.07	0	1	0.93	unphased	0.503243243243243	0.503243243243243	1
19	54784316	54784317	93	4	1.07	1	1	0.07	0	1	0.93	unphased	0.219381443298969	0.219381443298969	1
19	54872782	54872783	115	18	1.07	1	1	0.07	0	1	0.93	unphased	0.72	0.72	1
19	57646694	57646695	107	12	1.07	1	1	0.07	0	1	0.93	unphased	0.536470588235294	0.536470588235294	1
2	25016217	25016218	101	9	2	1	1	0.1	1	1	0.9	unphased	0.511363636363636	0.568181818181818	0.9
2	30966444	30966445	37	5	2	1	1	0.1	1	1	0.9	unphased	0.744047619047619	0.744047619047619	1
2	46386863	46386864	69	7	2	1	1	1	NA	NA	NA	unphased	0.575657894736842	0.575657894736842	1
2	68592415	68592416	35	3	1.06	1	1	0.06	0	1	0.94	unphased	0.419210526315789	0.419210526315789	1
2	69204833	69204834	61	4	1.06	1	1	0.06	0	1	0.94	unphased	0.326769230769231	0.326769230769231	1
2	86716519	86716520	54	5	1.06	1	1	0.06	0	1	0.94	unphased	0.45	0.45	1
2	167328889	167328890	6	3	2	1	1	1	NA	NA	NA	unphased	2.08333333333333	2.08333333333333	1
2	170129480	170129481	167	18	2	1	1	1	NA	NA	NA	unphased	0.608108108108108	0.608108108108108	1
2	198571803	198571804	158	16	2	1	1	1	NA	NA	NA	unphased	0.574712643678161	0.574712643678161	1
2	198571804	198571805	158	16	2	1	1	1	NA	NA	NA	unphased	0.574712643678161	0.574712643678161	1
2	234173651	234173652	66	4	2	1	1	1	NA	NA	NA	unphased	0.357142857142857	0.357142857142857	1
20	2843549	2843550	94	9	2	2	0	0.61	1	1	0.39	unphased	0.546116504854369	1.40029873039582	0.39
20	9560805	9560806	126	15	2	2	0	0.61	1	1	0.39	unphased	0.664893617021277	0.664893617021277	1
20	33104239	33104240	136	18	2	2	0	0.81	1	1	0.19	unphased	0.73051948051948	0.73051948051948	1
21	15889343	15889344	23	3	2	1	1	0.17	1	1	0.83	unphased	0.721153846153846	0.721153846153846	1
21	32617875	32617876	42	3	2	1	1	0.17	1	1	0.83	unphased	0.416666666666667	0.416666666666667	1
22	26239720	26239721	92	10	2	1	1	0.13	1	1	0.87	unphased	0.612745098039216	0.612745098039216	1
22	38121380	38121381	89	4	2	1	1	0.13	1	1	0.87	unphased	0.268817204301075	0.268817204301075	1
22	43625098	43625099	12	4	2	1	1	0.13	1	1	0.87	unphased	1.5625	1.5625	1
22	44602237	44602238	48	3	2	1	1	0.13	1	1	0.87	unphased	0.367647058823529	0.422582826233942	0.87
3	51429834	51429835	48	7	1	1	0	0.02	0	1	0.98	unphased	0.668181818181818	0.668181818181818	1
3	125831630	125831631	50	12	1.72	1	0	0.28	1	1	0.72	unphased	1.15548387096774	1.15548387096774	1
3	148458928	148458929	39	5	1.73	1	0	0.27	1	1	0.73	unphased	0.679545454545454	0.679545454545454	1
3	172163128	172163129	48	9	1.74	1	0	0.26	1	1	0.74	unphased	0.94578947368421	0.94578947368421	1
4	515045	515046	30	5	2	1	1	0.16	1	1	0.84	unphased	0.892857142857143	0.892857142857143	1
4	43032539	43032540	97	16	2	1	1	1	NA	NA	NA	unphased	0.884955752212389	0.884955752212389	1
4	54440089	54440090	24	3	1.08	1	1	0.08	0	1	0.92	unphased	0.592222222222222	0.592222222222222	1
4	107847035	107847036	57	7	2	1	1	0.1	1	1	0.9	unphased	0.68359375	0.68359375	1
4	120188563	120188564	52	4	2	1	1	0.14	1	1	0.86	unphased	0.446428571428571	0.446428571428571	1
5	15937178	15937179	28	5	1.56	1	0	0.44	1	1	0.56	unphased	0.88030303030303	0.88030303030303	1
5	26988276	26988277	31	3	1.61	1	0	0.39	1	1	0.61	unphased	0.517058823529412	0.517058823529412	1
5	36684091	36684092	93	5	1.54	1	0	0.46	1	1	0.54	unphased	0.295408163265306	0.547052154195011	0.54
5	86676362	86676363	70	5	1	1	0	0.03	0	1	0.97	unphased	0.35	0.35	1
5	112197002	112197003	65	7	1	1	0	0.04	0	1	0.96	unphased	0.510416666666667	0.531684027777778	0.96
5	140222542	140222543	119	21	1	1	0	0.04	0	1	0.96	unphased	0.7875	0.7875	1
6	4069608	4069609	56	4	2	2	0	0.57	1	1	0.43	unphased	0.416666666666667	0.968992248062015	0.43
6	30862413	30862414	52	9	2	2	0	0.6	1	1	0.4	unphased	0.922131147540984	0.922131147540984	1
6	49407994	49407995	85	16	2	2	0	0.58	1	1	0.42	unphased	0.99009900990099	0.99009900990099	1
6	125366469	125366470	51	5	1.61	1	0	0.39	1	1	0.61	unphased	0.523214285714286	0.523214285714286	1
6	143093054	143093055	54	4	1.59	1	0	0.41	1	1	0.59	unphased	0.402758620689655	0.682641729982466	0.59
6	151773699	151773700	58	7	1.59	1	0	0.41	1	1	0.59	unphased	0.628923076923077	0.628923076923077	1
7	27135399	27135400	80	11	2	1	1	1	NA	NA	NA	unphased	0.755494505494505	0.755494505494505	1
7	77379138	77379139	74	8	2	1	1	1	NA	NA	NA	unphased	0.609756097560976	0.609756097560976	1
7	88423779	88423780	76	8	2	1	1	1	NA	NA	NA	unphased	0.595238095238095	0.595238095238095	1
7	95751168	95751169	97	5	1.84	2	1	0.42	1	0	0.58	unphased	0.298529411764706	0.71078431372549	0.42
7	99917302	99917303	108	23	2.62	3	1	0.54	1	0	0.46	unphased	1.20618320610687	1.20618320610687	1
7	100033065	100033066	51	4	2.62	3	1	0.54	1	0	0.46	unphased	0.499636363636364	0.499636363636364	1
7	100071907	100071908	45	4	2.62	3	1	0.54	1	0	0.46	unphased	0.560816326530612	0.560816326530612	1
7	100699476	100699477	51	7	2.62	3	1	0.54	1	0	0.46	unphased	0.829137931034483	0.829137931034483	1
7	103183251	103183252	97	11	2.62	3	1	0.54	1	0	0.46	unphased	0.699722222222222	0.699722222222222	1
7	114298229	114298230	45	10	2.62	3	1	0.54	1	0	0.46	unphased	1.24909090909091	1.24909090909091	1
7	123599712	123599713	48	7	2	1	1	0.23	1	1	0.77	unphased	0.795454545454545	0.795454545454545	1
7	140373446	140373447	82	11	2	1	1	0.31	1	1	0.69	unphased	0.739247311827957	0.739247311827957	1
8	16026328	16026329	74	4	1.89	1	0	0.11	1	1	0.89	unphased	0.314871794871795	0.314871794871795	1
8	23290517	23290518	20	4	2	1	1	0.12	1	1	0.88	unphased	1.04166666666667	1.04166666666667	1
8	29927198	29927199	61	8	2	1	1	0.12	1	1	0.88	unphased	0.72463768115942	0.72463768115942	1
8	48648025	48648026	29	6	2	1	1	0.17	1	1	0.83	unphased	1.07142857142857	1.07142857142857	1
8	51306824	51306825	33	3	2	1	1	0.17	1	1	0.83	unphased	0.520833333333333	0.520833333333333	1
8	73982137	73982138	40	5	2	1	1	0.17	1	1	0.83	unphased	0.694444444444444	0.694444444444444	1
8	77618462	77618463	44	5	2	1	1	0.17	1	1	0.83	unphased	0.637755102040816	0.637755102040816	1
8	136533510	136533511	65	13	2	1	1	0.18	1	1	0.82	unphased	1.04166666666667	1.04166666666667	1
9	71532643	71532644	52	4	2	1	1	0.26	1	1	0.74	unphased	0.446428571428571	0.446428571428571	1
9	119976635	119976636	114	6	2	1	1	0.26	1	1	0.74	unphased	0.3125	0.3125	1
9	134319694	134319695	13	3	2	1	1	0.26	1	1	0.74	unphased	1.171875	1.171875	1
X	12736842	12736843	94	22	NA	NA	NA	NA	NA	NA	NA	unphased	NA	NA	1
X	29972785	29972786	30	4	NA	NA	NA	NA	NA	NA	NA	unphased	NA	NA	1
X	54955687	54955688	26	3	NA	NA	NA	NA	NA	NA	NA	unphased	NA	NA	1
X	73066946	73066947	25	4	NA	NA	NA	NA	NA	NA	NA	unphased	NA	NA	1
X	73066947	73066948	27	4	NA	NA	NA	NA	NA	NA	NA	unphased	NA	NA	1
X	73071458	73071459	25	5	NA	NA	NA	NA	NA	NA	NA	unphased	NA	NA	1
X	73962789	73962790	21	8	NA	NA	NA	NA	NA	NA	NA	unphased	NA	NA	1
X	74517490	74517491	10	3	NA	NA	NA	NA	NA	NA	NA	unphased	NA	NA	1
X	78216850	78216851	58	20	NA	NA	NA	NA	NA	NA	NA	unphased	NA	NA	1
X	84634374	84634375	11	4	NA	NA	NA	NA	NA	NA	NA	unphased	NA	NA	1
X	117520429	117520430	43	3	NA	NA	NA	NA	NA	NA	NA	unphased	NA	NA	1
X	134856759	134856760	824	33	NA	NA	NA	NA	NA	NA	NA	unphased	NA	NA	1
