chr	start	end	WT.count	mut.count	subclonal.CN	nMaj1	nMin1	frac1	nMaj2	nMin2	frac2	phase	mutation.copy.number	subclonal.fraction	no.chrs.bearing.mut
1	7723443	7723444	192	47	4	2	2	1	NA	NA	NA	unphased	1.70432357043236	0.852161785216178	2
1	7811338	7811339	297	23	4	2	2	1	NA	NA	NA	unphased	0.622916666666667	0.622916666666667	1
1	19519033	19519034	28	9	4	2	2	1	NA	NA	NA	unphased	2.10810810810811	1.05405405405405	2
1	36181315	36181316	150	16	4	2	2	1	NA	NA	NA	unphased	0.835341365461847	0.835341365461847	1
1	62704014	62704015	31	6	2	2	0	1	NA	NA	NA	unphased	1.08108108108108	1.08108108108108	1
1	77627082	77627083	38	14	2	2	0	1	NA	NA	NA	unphased	1.79487179487179	0.897435897435897	2
1	92737072	92737073	83	26	2	2	0	1	NA	NA	NA	unphased	1.59021406727829	0.795107033639144	2
1	115576634	115576635	216	44	5	3	2	1	NA	NA	NA	unphased	1.63589743589744	0.817948717948718	2
1	155206142	155206143	51	12	5	3	2	1	NA	NA	NA	unphased	1.84126984126984	0.920634920634921	2
1	159163814	159163815	84	8	5	3	2	1	NA	NA	NA	unphased	0.840579710144927	0.840579710144927	1
1	162743264	162743265	101	24	5	3	2	1	NA	NA	NA	unphased	1.856	0.928	2
1	167096999	167097000	69	14	5	3	2	1	NA	NA	NA	unphased	1.63052208835341	0.815261044176707	2
1	169366520	169366521	29	12	5	3	2	1	NA	NA	NA	unphased	2.82926829268293	0.943089430894309	3
1	170004650	170004651	47	9	5	3	2	1	NA	NA	NA	unphased	1.55357142857143	1.55357142857143	1
1	182845246	182845247	121	38	5	3	2	1	NA	NA	NA	unphased	2.31027253668763	1.15513626834382	2
1	197169564	197169565	102	7	5	3	2	1	NA	NA	NA	unphased	0.620795107033639	0.620795107033639	1
1	223568334	223568335	83	7	5	3	2	1	NA	NA	NA	unphased	0.751851851851852	0.751851851851852	1
1	226076618	226076619	31	4	5	3	2	1	NA	NA	NA	unphased	1.1047619047619	1.1047619047619	1
1	228547549	228547550	10	4	5	3	2	1	NA	NA	NA	unphased	2.76190476190476	0.920634920634921	3
1	230846467	230846468	75	11	5	3	2	1	NA	NA	NA	unphased	1.23643410852713	1.23643410852713	1
1	243328053	243328054	47	14	5	3	2	1	NA	NA	NA	unphased	2.21857923497268	1.10928961748634	2
1	247463848	247463849	55	17	5	3	2	1	NA	NA	NA	unphased	2.28240740740741	1.1412037037037	2
1	248112268	248112269	294	131	NA	NA	NA	NA	NA	NA	NA	unphased	NA	NA	1
1	248112636	248112637	151	62	NA	NA	NA	NA	NA	NA	NA	unphased	NA	NA	1
1	248201605	248201606	148	55	NA	NA	NA	NA	NA	NA	NA	unphased	NA	NA	1
1	248569988	248569989	76	16	NA	NA	NA	NA	NA	NA	NA	unphased	NA	NA	1
1	248569989	248569990	77	16	NA	NA	NA	NA	NA	NA	NA	unphased	NA	NA	1
1	248652130	248652131	43	9	NA	NA	NA	NA	NA	NA	NA	unphased	NA	NA	1
10	18837138	18837139	30	7	4	2	2	1	NA	NA	NA	unphased	1.63963963963964	1.63963963963964	1
10	27821444	27821445	75	18	4	2	2	1	NA	NA	NA	unphased	1.67741935483871	0.838709677419355	2
10	48370924	48370925	42	14	4	2	2	1	NA	NA	NA	unphased	2.16666666666667	1.08333333333333	2
10	50315973	50315974	33	9	4	2	2	1	NA	NA	NA	unphased	1.85714285714286	0.928571428571428	2
10	95276879	95276880	83	16	4	2	2	1	NA	NA	NA	unphased	1.4006734006734	1.4006734006734	1
10	98146740	98146741	126	29	4	2	2	1	NA	NA	NA	unphased	1.62150537634409	0.810752688172043	2
10	123845734	123845735	132	17	4	2	2	1	NA	NA	NA	unphased	0.988814317673378	0.988814317673378	1
10	135184158	135184159	37	7	4	2	2	1	NA	NA	NA	unphased	1.37878787878788	1.37878787878788	1
11	1586993	1586994	82	52	2	2	0	1	NA	NA	NA	unphased	2.58706467661692	1.29353233830846	2
11	4935968	4935969	33	5	2	2	0	1	NA	NA	NA	unphased	0.87719298245614	0.87719298245614	1
11	31785030	31785031	75	36	2	2	0	1	NA	NA	NA	unphased	2.16216216216216	1.08108108108108	2
11	55872633	55872634	229	81	2	2	0	1	NA	NA	NA	unphased	1.74193548387097	0.870967741935484	2
11	55873136	55873137	109	39	2	2	0	1	NA	NA	NA	unphased	1.75675675675676	0.878378378378378	2
11	59189612	59189613	109	10	6	4	2	1	NA	NA	NA	unphased	0.896358543417367	0.896358543417367	1
11	66394034	66394035	35	14	3	3	0	1	NA	NA	NA	unphased	2.19047619047619	1.0952380952381	2
11	66411315	66411316	82	10	3	3	0	1	NA	NA	NA	unphased	0.833333333333333	0.833333333333333	1
11	88338055	88338056	87	12	5	3	2	1	NA	NA	NA	unphased	1.17171717171717	1.17171717171717	1
11	88338056	88338057	86	13	5	3	2	1	NA	NA	NA	unphased	1.26936026936027	1.26936026936027	1
12	10134635	10134636	31	11	4	2	2	1	NA	NA	NA	unphased	2.26984126984127	1.13492063492063	2
12	21712054	21712055	21	7	4	2	2	1	NA	NA	NA	unphased	2.16666666666667	1.08333333333333	2
12	29689186	29689187	110	16	4	2	2	1	NA	NA	NA	unphased	1.1005291005291	1.1005291005291	1
12	49225084	49225085	141	44	4	2	2	1	NA	NA	NA	unphased	2.06126126126126	1.03063063063063	2
12	49444939	49444940	152	21	4	2	2	1	NA	NA	NA	unphased	1.05202312138728	1.05202312138728	1
12	78515898	78515899	56	14	4	2	2	1	NA	NA	NA	unphased	1.73333333333333	0.866666666666667	2
12	78592423	78592424	64	8	4	2	2	1	NA	NA	NA	unphased	0.962962962962963	0.962962962962963	1
12	110765775	110765776	86	25	2.34	2	2	0.17	1	1	0.83	unphased	1.57807807807808	1.34878468211802	1.17
12	133249224	133249225	63	4	NA	NA	NA	NA	NA	NA	NA	unphased	NA	NA	1
13	42876872	42876873	86	9	1.04	2	1	0.02	0	1	0.98	unphased	0.540631578947368	0.540631578947368	1
13	47316030	47316031	105	11	1.04	2	1	0.02	0	1	0.98	unphased	0.541149425287356	0.541149425287356	1
13	70275756	70275757	8	3	1.16	2	1	0.08	0	1	0.92	unphased	1.58909090909091	1.58909090909091	1
13	101742055	101742056	87	28	1.16	2	1	0.08	0	1	0.92	unphased	1.41866666666667	1.31358024691358	1.08
13	103518707	103518708	70	13	1.16	2	1	0.08	0	1	0.92	unphased	0.912610441767068	0.912610441767068	1
13	114514730	114514731	73	6	1.16	2	1	0.08	0	1	0.92	unphased	0.44253164556962	0.44253164556962	1
14	31619284	31619285	123	28	3	2	1	1	NA	NA	NA	unphased	1.42163355408389	0.710816777041943	2
14	45605532	45605533	69	27	3	2	1	1	NA	NA	NA	unphased	2.15625	1.078125	2
14	47566299	47566300	93	25	3	2	1	1	NA	NA	NA	unphased	1.62429378531073	0.812146892655367	2
14	50100867	50100868	5	4	3	2	1	1	NA	NA	NA	unphased	3.40740740740741	1.7037037037037	2
14	66096221	66096222	88	28	3	2	1	1	NA	NA	NA	unphased	1.85057471264368	0.925287356321839	2
14	94935999	94936000	52	25	3	2	1	1	NA	NA	NA	unphased	2.48917748917749	1.24458874458874	2
14	96779473	96779474	70	11	3	2	1	1	NA	NA	NA	unphased	1.04115226337449	1.04115226337449	1
15	25322122	25322123	27	11	3	2	1	1	NA	NA	NA	unphased	2.21929824561404	1.10964912280702	2
15	25322123	25322124	27	11	3	2	1	1	NA	NA	NA	unphased	2.21929824561404	1.10964912280702	2
15	25456807	25456808	36	14	3	2	1	1	NA	NA	NA	unphased	2.14666666666667	1.07333333333333	2
15	28513741	28513742	23	9	3	2	1	1	NA	NA	NA	unphased	2.15625	1.078125	2
15	41191513	41191514	72	20	3	2	1	1	NA	NA	NA	unphased	1.66666666666667	0.833333333333333	2
15	41193185	41193186	40	4	3	2	1	1	NA	NA	NA	unphased	0.696969696969697	0.696969696969697	1
15	45444086	45444087	95	16	2.41	2	2	0.47	1	0	0.53	unphased	1.02006006006006	1.02006006006006	1
15	48539130	48539131	204	62	2.41	2	2	0.47	1	0	0.53	unphased	1.64944862155388	1.12207389221353	1.47
15	74327003	74327004	12	4	2.41	2	2	0.47	1	0	0.53	unphased	1.76916666666667	1.76916666666667	1
15	76629166	76629167	84	41	2.41	2	2	0.47	1	0	0.53	unphased	2.32114666666667	1.57901133786848	1.47
16	2607891	2607892	40	12	4	2	2	1	NA	NA	NA	unphased	2	1	2
16	30536018	30536019	27	4	4	2	2	1	NA	NA	NA	unphased	1.11827956989247	1.11827956989247	1
17	4497155	4497156	77	20	2.32	2	2	0.16	1	1	0.84	unphased	1.44054982817869	1.44054982817869	1
17	5050376	5050377	52	15	2.32	2	2	0.16	1	1	0.84	unphased	1.56417910447761	1.3484302624807	1.16
17	6927437	6927438	149	43	2.32	2	2	0.16	1	1	0.84	unphased	1.56472222222222	1.34889846743295	1.16
17	10267667	10267668	23	9	2.32	2	2	0.16	1	1	0.84	unphased	1.965	1.69396551724138	1.16
17	10300289	10300290	46	16	2.32	2	2	0.16	1	1	0.84	unphased	1.80301075268817	1.55431961438636	1.16
17	10300290	10300291	45	16	2.32	2	2	0.16	1	1	0.84	unphased	1.83256830601093	1.57980026380253	1.16
17	10364328	10364329	116	21	2.32	2	2	0.16	1	1	0.84	unphased	1.07094890510949	1.07094890510949	1
17	11511554	11511555	187	47	2.32	2	2	0.16	1	1	0.84	unphased	1.40330484330484	1.20974555457314	1.16
17	27306807	27306808	17	3	2.32	2	2	0.16	1	1	0.84	unphased	1.048	1.048	1
17	39973439	39973440	63	24	2.32	2	2	0.16	1	1	0.84	unphased	1.92735632183908	1.66151407055093	1.16
17	62049991	62049992	13	3	2.32	2	2	0.16	1	1	0.84	unphased	1.31	1.31	1
18	52602070	52602071	56	10	3	2	1	1	NA	NA	NA	unphased	1.16161616161616	1.16161616161616	1
18	63511179	63511180	99	34	3	2	1	1	NA	NA	NA	unphased	1.95989974937343	0.979949874686717	2
19	6501407	6501408	26	15	3	3	0	1	NA	NA	NA	unphased	2.80487804878049	0.934959349593496	3
19	14208662	14208663	87	7	3	3	0	1	NA	NA	NA	unphased	0.570921985815603	0.570921985815603	1
19	19655533	19655534	19	8	3	3	0	1	NA	NA	NA	unphased	2.2716049382716	1.1358024691358	2
19	21607375	21607376	45	8	3	3	0	1	NA	NA	NA	unphased	1.15723270440252	1.15723270440252	1
19	38102698	38102699	78	11	3.92	3	2	0.64	1	1	0.36	unphased	1.0612734082397	1.0612734082397	1
19	39100609	39100610	78	13	3.92	3	2	0.64	1	1	0.36	unphased	1.22666666666667	1.22666666666667	1
19	39826637	39826638	31	3	3.92	3	2	0.64	1	1	0.36	unphased	0.757647058823529	0.757647058823529	1
19	42259610	42259611	111	6	3.92	3	2	0.64	1	1	0.36	unphased	0.44034188034188	0.688034188034188	0.64
19	51918653	51918654	42	27	3	3	0	1	NA	NA	NA	unphased	3	1	3
19	58187862	58187863	89	38	3.86	3	2	0.62	1	1	0.38	unphased	2.55128608923885	0.973773316503376	2.62
2	24244730	24244731	38	13	2	2	0	1	NA	NA	NA	unphased	1.69934640522876	0.849673202614379	2
2	69472588	69472589	29	19	2	2	0	1	NA	NA	NA	unphased	2.63888888888889	1.31944444444444	2
2	100210224	100210225	35	23	4	3	1	1	NA	NA	NA	unphased	3.4367816091954	1.1455938697318	3
2	101879139	101879140	50	24	4	3	1	1	NA	NA	NA	unphased	2.81081081081081	0.936936936936937	3
2	106498386	106498387	47	22	4	3	1	1	NA	NA	NA	unphased	2.76328502415459	0.92109500805153	3
2	132240263	132240264	273	17	4	3	1	1	NA	NA	NA	unphased	0.508045977011494	0.508045977011494	1
2	163004008	163004009	260	21	4	3	1	1	NA	NA	NA	unphased	0.647686832740213	0.647686832740213	1
2	163215667	163215668	75	7	4	3	1	1	NA	NA	NA	unphased	0.739837398373984	0.739837398373984	1
2	164467546	164467547	49	23	4	3	1	1	NA	NA	NA	unphased	2.76851851851852	0.922839506172839	3
2	166756309	166756310	100	6	4	3	1	1	NA	NA	NA	unphased	0.490566037735849	0.490566037735849	1
2	175346331	175346332	154	70	4	3	1	1	NA	NA	NA	unphased	2.70833333333333	0.902777777777778	3
2	178098800	178098801	60	7	4	3	1	1	NA	NA	NA	unphased	0.90547263681592	0.90547263681592	1
2	191334510	191334511	66	6	4	3	1	1	NA	NA	NA	unphased	0.722222222222222	0.722222222222222	1
2	191334527	191334528	76	7	4	3	1	1	NA	NA	NA	unphased	0.730923694779116	0.730923694779116	1
2	220404947	220404948	27	5	4	3	1	1	NA	NA	NA	unphased	1.35416666666667	1.35416666666667	1
2	233323117	233323118	11	10	4	3	1	1	NA	NA	NA	unphased	4.12698412698413	1.37566137566138	3
20	3362106	3362107	59	6	5	3	2	1	NA	NA	NA	unphased	0.892307692307692	0.892307692307692	1
20	6750997	6750998	39	5	5	3	2	1	NA	NA	NA	unphased	1.09848484848485	1.09848484848485	1
20	9510305	9510306	59	5	5	3	2	1	NA	NA	NA	unphased	0.755208333333333	0.755208333333333	1
20	20150084	20150085	94	9	5	3	2	1	NA	NA	NA	unphased	0.844660194174757	0.844660194174757	1
20	33232029	33232030	75	20	1.28	2	1	0.14	1	0	0.86	unphased	1.2519298245614	1.2519298245614	1
20	47990087	47990088	38	19	1.28	2	1	0.14	1	0	0.86	unphased	1.98222222222222	1.73879142300195	1.14
21	10863003	10863004	663	62	NA	NA	NA	NA	NA	NA	NA	unphased	NA	NA	1
21	30359173	30359174	107	6	2.45	3	2	0.15	1	1	0.85	unphased	0.37787610619469	0.37787610619469	1
21	32410512	32410513	75	26	2.45	3	2	0.15	1	1	0.85	unphased	1.83201320132013	0.852099163404713	2.15
21	32410513	32410514	76	27	2.45	3	2	0.15	1	1	0.85	unphased	1.86553398058252	0.867690223526756	2.15
21	32492918	32492919	81	31	2.45	3	2	0.15	1	1	0.85	unphased	1.96979166666667	0.916182170542636	2.15
22	17443567	17443568	34	9	3.89	3	2	0.63	1	1	0.37	unphased	1.79093023255814	1.0987302040234	1.63
22	18028886	18028887	130	9	3.89	3	2	0.63	1	1	0.37	unphased	0.554028776978417	0.879410757108599	0.63
22	20920865	20920866	67	39	3.89	3	2	0.63	1	1	0.37	unphased	3.14820754716981	1.19703709017864	2.63
22	26286747	26286748	47	3	3.89	3	2	0.63	1	1	0.37	unphased	0.5134	0.5134	1
3	6903474	6903475	52	11	3	2	1	1	NA	NA	NA	unphased	1.33862433862434	1.33862433862434	1
3	9034648	9034649	56	13	3	2	1	1	NA	NA	NA	unphased	1.44444444444444	1.44444444444444	1
3	19384136	19384137	72	17	3	2	1	1	NA	NA	NA	unphased	1.46441947565543	1.46441947565543	1
3	33885675	33885676	80	11	3	2	1	1	NA	NA	NA	unphased	0.926739926739927	0.926739926739927	1
3	46939380	46939381	35	10	3	2	1	1	NA	NA	NA	unphased	1.7037037037037	1.7037037037037	1
3	100295765	100295766	64	6	3	2	1	1	NA	NA	NA	unphased	0.657142857142857	0.657142857142857	1
3	112262938	112262939	37	14	3	2	1	1	NA	NA	NA	unphased	2.10457516339869	1.05228758169935	2
3	121351299	121351300	175	36	3	2	1	1	NA	NA	NA	unphased	1.30805687203791	1.30805687203791	1
3	128181861	128181862	109	11	3	2	1	1	NA	NA	NA	unphased	0.702777777777778	0.702777777777778	1
3	138375035	138375036	43	13	3	2	1	1	NA	NA	NA	unphased	1.7797619047619	0.889880952380952	2
3	184947221	184947222	34	4	3	2	1	1	NA	NA	NA	unphased	0.807017543859649	0.807017543859649	1
4	1742644	1742645	101	12	4	2	2	1	NA	NA	NA	unphased	0.920353982300885	0.920353982300885	1
4	1952851	1952852	67	8	4	2	2	1	NA	NA	NA	unphased	0.924444444444444	0.924444444444444	1
4	2097594	2097595	64	23	4	2	2	1	NA	NA	NA	unphased	2.2911877394636	1.1455938697318	2
4	8021390	8021391	50	9	4	2	2	1	NA	NA	NA	unphased	1.32203389830508	1.32203389830508	1
4	57272657	57272658	90	21	4	2	2	1	NA	NA	NA	unphased	1.63963963963964	0.81981981981982	2
4	70715155	70715156	70	15	4	2	2	1	NA	NA	NA	unphased	1.52941176470588	1.52941176470588	1
4	106603919	106603920	203	18	4	2	2	1	NA	NA	NA	unphased	0.705882352941177	0.705882352941177	1
4	110603813	110603814	95	32	4	2	2	1	NA	NA	NA	unphased	2.18372703412073	1.09186351706037	2
4	113353353	113353354	89	25	4	2	2	1	NA	NA	NA	unphased	1.90058479532164	0.950292397660819	2
4	114280398	114280399	92	33	4	2	2	1	NA	NA	NA	unphased	2.288	1.144	2
4	174090065	174090066	29	7	4	2	2	1	NA	NA	NA	unphased	1.68518518518518	1.68518518518518	1
5	41019058	41019059	50	8	2.16	3	2	0.29	1	0	0.71	unphased	0.941609195402299	0.941609195402299	1
5	78111865	78111866	111	11	2.16	3	2	0.29	1	0	0.71	unphased	0.61551912568306	0.61551912568306	1
5	131630488	131630489	35	5	2.16	3	2	0.29	1	0	0.71	unphased	0.853333333333333	0.853333333333333	1
5	140554471	140554472	235	22	2.16	3	2	0.29	1	0	0.71	unphased	0.584383916990921	0.584383916990921	1
5	140712440	140712441	150	15	2.16	3	2	0.29	1	0	0.71	unphased	0.620606060606061	0.620606060606061	1
5	147902752	147902753	84	9	2.16	3	2	0.29	1	0	0.71	unphased	0.660645161290323	0.660645161290323	1
5	167645133	167645134	121	29	2.16	3	2	0.29	1	0	0.71	unphased	1.31982222222222	1.31982222222222	1
5	177547518	177547519	94	15	4.84	4	2	0.71	1	1	0.29	unphased	1.30825688073394	1.30825688073394	1
5	178417642	178417643	18	3	4.84	4	2	0.71	1	1	0.29	unphased	1.35809523809524	1.35809523809524	1
6	31556840	31556841	19	5	4.54	5	2	0.59	1	0	0.41	unphased	1.91805555555556	1.91805555555556	1
6	42978257	42978258	139	11	2.96	3	2	0.49	1	0	0.51	unphased	0.559288888888889	1.14140589569161	0.49
6	75862068	75862069	26	10	1.19	2	0	0.19	1	0	0.81	unphased	1.62685185185185	1.62685185185185	1
6	84234144	84234145	65	20	1.19	2	0	0.19	1	0	0.81	unphased	1.37803921568627	1.37803921568627	1
6	132058511	132058512	91	16	2	2	0	1	NA	NA	NA	unphased	0.996884735202492	0.996884735202492	1
6	151917606	151917607	39	19	2	2	0	1	NA	NA	NA	unphased	2.18390804597701	1.09195402298851	2
7	6068590	6068591	56	11	3	2	1	1	NA	NA	NA	unphased	1.25870646766169	1.25870646766169	1
7	38431513	38431514	47	11	3	2	1	1	NA	NA	NA	unphased	1.45402298850575	1.45402298850575	1
7	44555688	44555689	17	4	3	2	1	1	NA	NA	NA	unphased	1.46031746031746	1.46031746031746	1
7	53103856	53103857	30	6	3	2	1	1	NA	NA	NA	unphased	1.27777777777778	1.27777777777778	1
7	56149351	56149352	38	12	3	2	1	1	NA	NA	NA	unphased	1.84	0.92	2
7	93519620	93519621	57	10	3	2	1	1	NA	NA	NA	unphased	1.14427860696517	1.14427860696517	1
7	99564645	99564646	104	31	3	2	1	1	NA	NA	NA	unphased	1.76049382716049	0.880246913580247	2
7	101200712	101200713	23	10	3	2	1	1	NA	NA	NA	unphased	2.32323232323232	1.16161616161616	2
7	147336366	147336367	55	4	3	2	1	1	NA	NA	NA	unphased	0.519774011299435	0.519774011299435	1
8	9912115	9912116	31	5	4	2	2	1	NA	NA	NA	unphased	1.2037037037037	1.2037037037037	1
8	10755928	10755929	37	7	4	2	2	1	NA	NA	NA	unphased	1.37878787878788	1.37878787878788	1
8	11162518	11162519	71	29	4	2	2	1	NA	NA	NA	unphased	2.51333333333333	1.25666666666667	2
8	11420537	11420538	39	8	4	2	2	1	NA	NA	NA	unphased	1.47517730496454	1.47517730496454	1
8	24811113	24811114	55	12	4	2	2	1	NA	NA	NA	unphased	1.55223880597015	1.55223880597015	1
8	27097514	27097515	67	16	4	2	2	1	NA	NA	NA	unphased	1.67068273092369	0.835341365461847	2
8	32621318	32621319	123	28	4	2	2	1	NA	NA	NA	unphased	1.60706401766004	0.803532008830022	2
8	38677944	38677945	191	30	4	2	2	1	NA	NA	NA	unphased	1.17647058823529	1.17647058823529	1
8	57079691	57079692	82	16	4	2	2	1	NA	NA	NA	unphased	1.41496598639456	1.41496598639456	1
8	75156934	75156935	185	12	4	2	2	1	NA	NA	NA	unphased	0.527918781725888	0.527918781725888	1
8	106431379	106431380	40	14	4	2	2	1	NA	NA	NA	unphased	2.24691358024691	1.12345679012346	2
8	131793005	131793006	165	17	4	2	2	1	NA	NA	NA	unphased	0.809523809523809	0.809523809523809	1
8	143993364	143993365	33	8	4	2	2	1	NA	NA	NA	unphased	1.69105691056911	1.69105691056911	1
8	144775971	144775972	40	6	4	2	2	1	NA	NA	NA	unphased	1.1304347826087	1.1304347826087	1
8	145101764	145101765	93	22	4	2	2	1	NA	NA	NA	unphased	1.65797101449275	0.828985507246377	2
9	19516201	19516202	177	49	1.2	2	1	0.1	0	1	0.9	unphased	1.27197640117994	1.15634218289086	1.1
9	21440509	21440510	93	30	1.2	2	1	0.1	0	1	0.9	unphased	1.43089430894309	1.30081300813008	1.1
9	96062414	96062415	107	41	2	2	0	1	NA	NA	NA	unphased	1.84684684684685	0.923423423423423	2
9	104432504	104432505	104	18	2	2	0	1	NA	NA	NA	unphased	0.983606557377049	0.983606557377049	1
9	104432564	104432565	127	28	2	2	0	1	NA	NA	NA	unphased	1.20430107526882	1.20430107526882	1
9	109746690	109746691	56	15	5	3	2	1	NA	NA	NA	unphased	2.04225352112676	1.02112676056338	2
9	123922512	123922513	73	7	1.32	2	1	0.16	1	0	0.84	unphased	0.523833333333333	0.523833333333333	1
9	130420697	130420698	172	19	1.32	2	1	0.16	1	0	0.84	unphased	0.595532286212914	0.595532286212914	1
9	136279794	136279795	97	11	2.17	2	1	0.17	1	1	0.83	unphased	0.696327160493827	0.696327160493827	1
9	137778318	137778319	95	69	2.17	2	1	0.17	1	1	0.83	unphased	2.87640243902439	2.45846362309777	1.17
X	5811180	5811181	37	9	NA	NA	NA	NA	NA	NA	NA	unphased	NA	NA	1
X	21627588	21627589	43	13	NA	NA	NA	NA	NA	NA	NA	unphased	NA	NA	1
X	47486575	47486576	15	5	NA	NA	NA	NA	NA	NA	NA	unphased	NA	NA	1
X	56591150	56591151	38	3	NA	NA	NA	NA	NA	NA	NA	unphased	NA	NA	1
X	100658908	100658909	85	26	NA	NA	NA	NA	NA	NA	NA	unphased	NA	NA	1
X	135488053	135488054	76	61	NA	NA	NA	NA	NA	NA	NA	unphased	NA	NA	1
X	150840875	150840876	14	9	NA	NA	NA	NA	NA	NA	NA	unphased	NA	NA	1
X	151303681	151303682	90	22	NA	NA	NA	NA	NA	NA	NA	unphased	NA	NA	1
