chr	start	end	WT.count	mut.count	subclonal.CN	nMaj1	nMin1	frac1	nMaj2	nMin2	frac2	phase	mutation.copy.number	subclonal.fraction	no.chrs.bearing.mut
1	12815711	12815712	33	49	5	5	0	1	NA	NA	NA	unphased	4.70761451516954	0.941522903033908	5
1	12819392	12819393	47	69	5	5	0	1	NA	NA	NA	unphased	4.68608074011775	0.937216148023549	5
1	12939620	12939621	123	209	5	5	0	1	NA	NA	NA	unphased	4.95937408169262	0.991874816338525	5
1	14105509	14105510	13	40	5	5	0	1	NA	NA	NA	unphased	5.94569719282099	1.1891394385642	5
1	32508271	32508272	6	4	5	5	0	1	NA	NA	NA	unphased	3.15121951219512	1.05040650406504	3
1	33985266	33985267	112	154	5	5	0	1	NA	NA	NA	unphased	4.5609756097561	0.91219512195122	5
1	46105898	46105899	39	85	5	5	0	1	NA	NA	NA	unphased	5.40027537372148	1.0800550747443	5
1	66064481	66064482	11	10	3	3	0	1	NA	NA	NA	unphased	2.79907084785134	0.933023615950445	3
1	66833404	66833405	29	14	3	3	0	1	NA	NA	NA	unphased	1.91378332387975	0.956891661939875	2
1	74701830	74701831	29	20	3	3	0	1	NA	NA	NA	unphased	2.39920358387257	1.19960179193629	2
1	75037295	75037296	60	38	3	3	0	1	NA	NA	NA	unphased	2.27924340467894	1.13962170233947	2
1	75683565	75683566	12	9	3	3	0	1	NA	NA	NA	unphased	2.5191637630662	0.839721254355401	3
1	111861206	111861207	63	64	3	3	0	1	NA	NA	NA	unphased	2.96216631457653	0.987388771525511	3
1	117656049	117656050	22	22	3	3	0	1	NA	NA	NA	unphased	2.9390243902439	0.979674796747967	3
1	144879146	144879147	154	21	3	3	0	1	NA	NA	NA	unphased	0.705365853658537	0.705365853658537	1
1	145368580	145368581	476	68	3	3	0	1	NA	NA	NA	unphased	0.734756097560976	0.734756097560976	1
1	152009503	152009504	9	4	4	2	2	1	NA	NA	NA	unphased	2.11632270168856	2.11632270168856	1
1	158325728	158325729	72	32	4	2	2	1	NA	NA	NA	unphased	2.11632270168856	1.05816135084428	2
1	158326295	158326296	16	8	4	2	2	1	NA	NA	NA	unphased	2.29268292682927	1.14634146341463	2
1	158583603	158583604	34	18	4	2	2	1	NA	NA	NA	unphased	2.38086303939963	1.19043151969981	2
1	161166601	161166602	164	52	4	2	2	1	NA	NA	NA	unphased	1.65582655826558	0.827913279132791	2
1	165380238	165380239	40	9	6	3	3	1	NA	NA	NA	unphased	1.63066202090592	1.63066202090592	1
1	175105000	175105001	94	32	6	3	3	1	NA	NA	NA	unphased	2.25474254742547	1.12737127371274	2
1	176983978	176983979	222	79	6	3	3	1	NA	NA	NA	unphased	2.33011911514464	1.16505955757232	2
1	179544783	179544784	16	10	6	3	3	1	NA	NA	NA	unphased	3.41463414634146	1.13821138211382	3
1	179632613	179632614	28	10	6	3	3	1	NA	NA	NA	unphased	2.33632862644416	1.16816431322208	2
1	182921863	182921864	17	11	6	3	3	1	NA	NA	NA	unphased	3.48780487804878	1.16260162601626	3
1	183205647	183205648	72	19	6	3	3	1	NA	NA	NA	unphased	1.85365853658537	0.926829268292683	2
1	183205648	183205649	72	18	6	3	3	1	NA	NA	NA	unphased	1.77560975609756	0.887804878048781	2
1	186289532	186289533	14	8	6	3	3	1	NA	NA	NA	unphased	3.22838137472284	1.07612712490761	3
1	196799748	196799749	62	21	6	3	3	1	NA	NA	NA	unphased	2.24625330590655	1.12312665295328	2
1	197390918	197390919	67	39	6	3	3	1	NA	NA	NA	unphased	3.26645190980212	1.08881730326737	3
1	197390919	197390920	68	39	6	3	3	1	NA	NA	NA	unphased	3.23592432186004	1.07864144062001	3
1	203678514	203678515	85	7	6	3	3	1	NA	NA	NA	unphased	0.675503711558855	0.675503711558855	1
1	204214767	204214768	80	38	6	3	3	1	NA	NA	NA	unphased	2.85903265812319	0.953010886041064	3
1	207640179	207640180	39	19	6	3	3	1	NA	NA	NA	unphased	2.90832632464256	0.969442108214186	3
1	207963647	207963648	44	5	6	3	3	1	NA	NA	NA	unphased	0.905923344947735	0.905923344947735	1
1	211093034	211093035	102	62	6	3	3	1	NA	NA	NA	unphased	3.35633551457466	1.11877850485822	3
1	216221908	216221909	114	63	6	3	3	1	NA	NA	NA	unphased	3.15998346424142	1.05332782141381	3
1	220091739	220091740	93	55	6	3	3	1	NA	NA	NA	unphased	3.29927488464074	1.09975829488025	3
1	220928357	220928358	108	45	6	3	3	1	NA	NA	NA	unphased	2.61119081779053	0.87039693926351	3
1	223396819	223396820	22	9	6	3	3	1	NA	NA	NA	unphased	2.57749803304485	0.859166011014949	3
1	223971912	223971913	146	65	6	3	3	1	NA	NA	NA	unphased	2.7349439371171	0.911647979039032	3
1	227842954	227842955	23	10	6	3	3	1	NA	NA	NA	unphased	2.69031781226903	0.896772604089677	3
1	240371114	240371115	22	15	6	3	3	1	NA	NA	NA	unphased	3.59920896506262	1.19973632168754	3
1	240371508	240371509	25	17	6	3	3	1	NA	NA	NA	unphased	3.59349593495935	1.19783197831978	3
1	247587858	247587859	28	24	3	3	0	1	NA	NA	NA	unphased	2.71294559099437	0.904315196998124	3
1	247979001	247979002	10	5	NA	NA	NA	NA	NA	NA	NA	unphased	NA	NA	1
1	248263160	248263161	65	62	NA	NA	NA	NA	NA	NA	NA	unphased	NA	NA	1
1	248308971	248308972	229	10	NA	NA	NA	NA	NA	NA	NA	unphased	NA	NA	1
1	248487347	248487348	79	60	NA	NA	NA	NA	NA	NA	NA	unphased	NA	NA	1
1	248569605	248569606	53	42	NA	NA	NA	NA	NA	NA	NA	unphased	NA	NA	1
1	249211044	249211045	15	14	NA	NA	NA	NA	NA	NA	NA	unphased	NA	NA	1
10	7218036	7218037	55	48	5	3	2	1	NA	NA	NA	unphased	3.6713237035283	1.22377456784277	3
10	7759733	7759734	111	29	5	3	2	1	NA	NA	NA	unphased	1.63188153310105	0.815940766550523	2
10	25887539	25887540	41	39	5	3	2	1	NA	NA	NA	unphased	3.8405487804878	1.28018292682927	3
10	27702452	27702453	49	9	5	3	2	1	NA	NA	NA	unphased	1.22245584524811	1.22245584524811	1
10	29769667	29769668	117	47	5	3	2	1	NA	NA	NA	unphased	2.25773349196907	1.12886674598453	2
10	35814898	35814899	28	10	5	3	2	1	NA	NA	NA	unphased	2.07317073170732	1.03658536585366	2
10	38658927	38658928	21	6	5	3	2	1	NA	NA	NA	unphased	1.75067750677507	1.75067750677507	1
10	46242073	46242074	71	51	3	3	0	1	NA	NA	NA	unphased	2.45721711315474	0.819072371051579	3
10	52595928	52595929	51	56	3	3	0	1	NA	NA	NA	unphased	3.07636197857306	1.02545399285769	3
10	55616962	55616963	12	12	3	3	0	1	NA	NA	NA	unphased	2.9390243902439	0.979674796747967	3
10	70246957	70246958	54	51	3	3	0	1	NA	NA	NA	unphased	2.85505226480836	0.951684088269454	3
10	94100488	94100489	34	37	3	3	0	1	NA	NA	NA	unphased	3.06320851940914	1.02106950646971	3
10	96480265	96480266	21	47	3	3	0	1	NA	NA	NA	unphased	4.06276901004304	1.35425633668101	3
10	101294926	101294927	6	12	3	3	0	1	NA	NA	NA	unphased	3.91869918699187	1.30623306233062	3
10	104614045	104614046	9	11	3	3	0	1	NA	NA	NA	unphased	3.23292682926829	1.07764227642276	3
10	104620277	104620278	17	14	3	3	0	1	NA	NA	NA	unphased	2.65460267505901	0.884867558353003	3
10	117059629	117059630	30	21	3	3	0	1	NA	NA	NA	unphased	2.42037302725968	0.806791009086562	3
10	118225669	118225670	12	15	3	3	0	1	NA	NA	NA	unphased	3.26558265582656	1.08852755194219	3
10	135440204	135440205	126	27	NA	NA	NA	NA	NA	NA	NA	unphased	NA	NA	1
11	1642850	1642851	94	51	2	2	0	1	NA	NA	NA	unphased	1.71572750210261	0.857863751051304	2
11	4842875	4842876	76	45	2	2	0	1	NA	NA	NA	unphased	1.81415037290869	0.907075186454344	2
11	5275567	5275568	84	18	2	2	0	1	NA	NA	NA	unphased	0.860832137733142	0.860832137733142	1
11	6636792	6636793	29	19	2	2	0	1	NA	NA	NA	unphased	1.93089430894309	0.965447154471545	2
11	7981461	7981462	18	15	2	2	0	1	NA	NA	NA	unphased	2.21729490022173	1.10864745011086	2
11	17483324	17483325	85	18	5	3	2	1	NA	NA	NA	unphased	1.37674638882311	1.37674638882311	1
11	18159177	18159178	119	33	5	3	2	1	NA	NA	NA	unphased	1.71036585365854	0.855182926829268	2
11	18291304	18291305	80	7	5	3	2	1	NA	NA	NA	unphased	0.633865993832352	0.633865993832352	1
11	25100122	25100123	59	26	5	3	2	1	NA	NA	NA	unphased	2.40975609756098	0.803252032520325	3
11	26587368	26587369	57	16	5	3	2	1	NA	NA	NA	unphased	1.72669562312061	0.863347811560307	2
11	26702649	26702650	38	12	5	3	2	1	NA	NA	NA	unphased	1.89073170731707	0.945365853658537	2
11	34938118	34938119	11	3	5	3	2	1	NA	NA	NA	unphased	1.68815331010453	1.68815331010453	1
11	47345815	47345816	26	6	5	3	2	1	NA	NA	NA	unphased	1.47713414634146	1.47713414634146	1
11	55371433	55371434	36	28	5	3	2	1	NA	NA	NA	unphased	3.44664634146341	1.14888211382114	3
11	55406715	55406716	42	23	5	3	2	1	NA	NA	NA	unphased	2.78761726078799	0.929205753595998	3
11	55872545	55872546	108	33	5	3	2	1	NA	NA	NA	unphased	1.84379865075247	0.921899325376233	2
11	55927462	55927463	53	16	5	3	2	1	NA	NA	NA	unphased	1.82679392011311	0.913396960056557	2
11	56310256	56310257	32	12	5	3	2	1	NA	NA	NA	unphased	2.14855875831486	1.07427937915743	2
11	58920625	58920626	88	9	5	3	2	1	NA	NA	NA	unphased	0.730952979632889	0.730952979632889	1
11	59480895	59480896	28	9	5	3	2	1	NA	NA	NA	unphased	1.91628213579433	0.958141067897166	2
11	61533676	61533677	19	13	5	3	2	1	NA	NA	NA	unphased	3.20045731707317	1.06681910569106	3
11	64001626	64001627	9	3	5	3	2	1	NA	NA	NA	unphased	1.96951219512195	1.96951219512195	1
11	64084285	64084286	49	17	5	3	2	1	NA	NA	NA	unphased	2.02919438285292	1.01459719142646	2
11	64084340	64084341	89	29	5	3	2	1	NA	NA	NA	unphased	1.93613063249277	0.968065316246383	2
11	64084581	64084582	42	11	5	3	2	1	NA	NA	NA	unphased	1.63506672802577	1.63506672802577	1
11	66469053	66469054	70	44	5	3	2	1	NA	NA	NA	unphased	3.04065040650406	1.01355013550135	3
11	67177077	67177078	9	4	5	3	2	1	NA	NA	NA	unphased	2.42401500938086	2.42401500938086	1
11	69625297	69625298	18	15	5	3	2	1	NA	NA	NA	unphased	3.58093126385809	1.19364375461936	3
11	73021758	73021759	34	18	5	3	2	1	NA	NA	NA	unphased	2.72701688555347	0.909005628517824	3
11	75277905	75277906	46	18	5	3	2	1	NA	NA	NA	unphased	2.2157012195122	1.1078506097561	2
11	76903236	76903237	68	40	5	3	2	1	NA	NA	NA	unphased	2.91779584462511	0.972598614875038	3
11	92495087	92495088	139	57	5	3	2	1	NA	NA	NA	unphased	2.29106520657043	1.14553260328522	2
11	93826705	93826706	142	14	5	3	2	1	NA	NA	NA	unphased	0.707004377736085	0.707004377736085	1
11	100999499	100999500	36	14	5	3	2	1	NA	NA	NA	unphased	2.20585365853659	1.10292682926829	2
11	102738032	102738033	14	4	5	3	2	1	NA	NA	NA	unphased	1.75067750677507	1.75067750677507	1
11	113815387	113815388	62	23	5	3	2	1	NA	NA	NA	unphased	2.13170731707317	1.06585365853659	2
11	113860438	113860439	87	27	5	3	2	1	NA	NA	NA	unphased	1.86585365853659	0.932926829268293	2
11	116652909	116652910	64	11	5	3	2	1	NA	NA	NA	unphased	1.15544715447154	1.15544715447154	1
11	116692346	116692347	49	9	5	3	2	1	NA	NA	NA	unphased	1.22245584524811	1.22245584524811	1
11	118765389	118765390	32	11	5	3	2	1	NA	NA	NA	unphased	2.01531480431083	1.00765740215542	2
11	123909538	123909539	102	20	5	3	2	1	NA	NA	NA	unphased	1.29148340663735	1.29148340663735	1
11	125255608	125255609	34	23	5	3	2	1	NA	NA	NA	unphased	3.17886178861789	1.05962059620596	3
11	129734581	129734582	44	6	5	3	2	1	NA	NA	NA	unphased	0.945365853658537	0.945365853658537	1
11	130779944	130779945	94	60	5	3	2	1	NA	NA	NA	unphased	3.06936965473551	1.02312321824517	3
12	7653736	7653737	181	101	6	3	3	1	NA	NA	NA	unphased	3.17972669088393	1.05990889696131	3
12	7900029	7900030	28	14	6	3	3	1	NA	NA	NA	unphased	2.95934959349594	0.986449864498645	3
12	7900030	7900031	28	14	6	3	3	1	NA	NA	NA	unphased	2.95934959349594	0.986449864498645	3
12	10218355	10218356	13	7	6	3	3	1	NA	NA	NA	unphased	3.10731707317073	1.03577235772358	3
12	11286188	11286189	262	99	6	3	3	1	NA	NA	NA	unphased	2.43470035808391	0.811566786027971	3
12	11420583	11420584	449	68	6	3	3	1	NA	NA	NA	unphased	1.16771241213379	1.16771241213379	1
12	29920880	29920881	8	9	3	3	0	1	NA	NA	NA	unphased	3.11190817790531	1.03730272596844	3
12	49176607	49176608	28	5	3	3	0	1	NA	NA	NA	unphased	0.890613451589061	0.890613451589061	1
12	49580513	49580514	66	35	3	3	0	1	NA	NA	NA	unphased	2.03694759719874	1.01847379859937	2
12	50197714	50197715	49	47	3	3	0	1	NA	NA	NA	unphased	2.87779471544715	0.959264905149051	3
12	53072407	53072408	43	54	3	3	0	1	NA	NA	NA	unphased	3.27231581594167	1.09077193864722	3
12	54369187	54369188	21	18	3	3	0	1	NA	NA	NA	unphased	2.71294559099437	0.904315196998124	3
12	57858611	57858612	49	38	3	3	0	1	NA	NA	NA	unphased	2.56742360527054	0.855807868423512	3
12	57984955	57984956	6	9	3	3	0	1	NA	NA	NA	unphased	3.52682926829268	1.17560975609756	3
12	68716992	68716993	54	7	6	3	3	1	NA	NA	NA	unphased	1.0187924830068	1.0187924830068	1
12	71286653	71286654	119	49	6	3	3	1	NA	NA	NA	unphased	2.58943089430894	0.863143631436314	3
12	72070694	72070695	50	5	6	3	3	1	NA	NA	NA	unphased	0.80709534368071	0.80709534368071	1
12	75816831	75816832	20	20	4	3	1	1	NA	NA	NA	unphased	3.4390243902439	1.14634146341463	3
12	78513444	78513445	44	24	4	3	1	1	NA	NA	NA	unphased	2.42754662840746	0.809182209469154	3
12	80190582	80190583	32	3	4	3	1	1	NA	NA	NA	unphased	0.589547038327526	0.589547038327526	1
12	96421256	96421257	27	18	4	3	1	1	NA	NA	NA	unphased	2.75121951219512	0.917073170731708	3
12	108600085	108600086	50	21	4	3	1	1	NA	NA	NA	unphased	2.03435245620062	1.01717622810031	2
12	110893433	110893434	51	34	4	3	1	1	NA	NA	NA	unphased	2.75121951219512	0.917073170731708	3
12	111746115	111746116	64	39	4	3	1	1	NA	NA	NA	unphased	2.60430973241771	0.868103244139238	3
12	120204911	120204912	105	62	4	3	1	1	NA	NA	NA	unphased	2.55352709215715	0.851175697385716	3
12	129558871	129558872	95	10	4	3	1	1	NA	NA	NA	unphased	0.655052264808362	0.655052264808362	1
12	131488834	131488835	28	6	4	3	1	1	NA	NA	NA	unphased	1.21377331420373	1.21377331420373	1
13	20279920	20279921	82	25	3	3	0	1	NA	NA	NA	unphased	1.37337588329154	1.37337588329154	1
13	20568014	20568015	63	60	3	3	0	1	NA	NA	NA	unphased	2.86734086853064	0.955780289510212	3
13	25840349	25840350	15	11	3	3	0	1	NA	NA	NA	unphased	2.48686679174484	0.82895559724828	3
13	46358063	46358064	22	10	3	3	0	1	NA	NA	NA	unphased	1.83689024390244	0.91844512195122	2
13	52026728	52026729	8	8	3	3	0	1	NA	NA	NA	unphased	2.9390243902439	0.979674796747967	3
13	110864254	110864255	82	50	3	3	0	1	NA	NA	NA	unphased	2.22653362897265	1.11326681448633	2
13	113333688	113333689	17	16	3	3	0	1	NA	NA	NA	unphased	2.849963045085	0.949987681694999	3
14	23512324	23512325	14	5	6	3	3	1	NA	NA	NA	unphased	2.33632862644416	1.16816431322208	2
14	23817396	23817397	79	43	6	3	3	1	NA	NA	NA	unphased	3.12914834066373	1.04304944688791	3
14	24769361	24769362	93	34	6	3	3	1	NA	NA	NA	unphased	2.376800460918	1.188400230459	2
14	28734011	28734012	101	38	6	3	3	1	NA	NA	NA	unphased	2.42709247236357	0.809030824121191	3
14	31376110	31376111	36	16	6	3	3	1	NA	NA	NA	unphased	2.73170731707317	0.910569105691057	3
14	33147665	33147666	26	11	3	3	0	1	NA	NA	NA	unphased	1.7475280158207	0.873764007910349	2
14	50065918	50065919	2	9	3	3	0	1	NA	NA	NA	unphased	4.80931263858093	1.60310421286031	3
14	53245045	53245046	22	19	3	3	0	1	NA	NA	NA	unphased	2.72397382510411	0.907991275034702	3
14	71201216	71201217	104	38	3.6	3	3	0.4	1	1	0.6	unphased	1.733562349708	0.963090194282225	1.8
14	73437746	73437747	128	43	3.6	3	3	0.4	1	1	0.6	unphased	1.62898302667237	0.90499057037354	1.8
14	74083741	74083742	45	21	3.6	3	3	0.4	1	1	0.6	unphased	2.06119733924612	0.858832224685883	2.4
14	77302645	77302646	22	3	3.6	3	3	0.4	1	1	0.6	unphased	0.777365853658537	0.777365853658537	1
14	80327951	80327952	16	15	3.6	3	3	0.4	1	1	0.6	unphased	3.1345397324941	1.30605822187254	2.4
14	90650699	90650700	148	71	3.6	3	3	0.4	1	1	0.6	unphased	2.10018933066043	0.875078887775179	2.4
14	92473988	92473989	45	42	3.6	3	3	0.4	1	1	0.6	unphased	3.1273338940286	1.30305578917858	2.4
14	94935801	94935802	106	76	3.6	3	3	0.4	1	1	0.6	unphased	2.70511927097293	1.12713302957205	2.4
14	95090324	95090325	5	3	3.6	3	3	0.4	1	1	0.6	unphased	2.42926829268293	2.42926829268293	1
14	101438500	101438501	39	19	3.6	3	3	0.4	1	1	0.6	unphased	2.12211942809083	0.88421642837118	2.4
14	102549549	102549550	113	28	3.6	3	3	0.4	1	1	0.6	unphased	1.28642103442311	1.28642103442311	1
14	105416425	105416426	385	140	10	7	3	1	NA	NA	NA	unphased	3.43414634146341	0.858536585365854	4
14	106173664	106173665	105	46	NA	NA	NA	NA	NA	NA	NA	unphased	NA	NA	1
14	106320669	106320670	39	7	NA	NA	NA	NA	NA	NA	NA	unphased	NA	NA	1
14	106967450	106967451	59	55	NA	NA	NA	NA	NA	NA	NA	unphased	NA	NA	1
15	25304758	25304759	106	43	5	3	2	1	NA	NA	NA	unphased	2.27353085611393	1.13676542805697	2
15	27128623	27128624	33	17	5	3	2	1	NA	NA	NA	unphased	2.67853658536585	0.892845528455285	3
15	28447351	28447352	35	14	5	3	2	1	NA	NA	NA	unphased	2.25087108013937	1.12543554006969	2
15	28629317	28629318	46	24	5	3	2	1	NA	NA	NA	unphased	2.70104529616725	0.900348432055749	3
15	33895404	33895405	121	83	5	3	2	1	NA	NA	NA	unphased	3.20528455284553	1.06842818428184	3
15	38643618	38643619	78	32	5	3	2	1	NA	NA	NA	unphased	2.29179600886918	1.14589800443459	2
15	40627395	40627396	218	11	5	3	2	1	NA	NA	NA	unphased	0.378421557141336	0.378421557141336	1
15	43045301	43045302	108	38	5	3	2	1	NA	NA	NA	unphased	2.05045105245573	1.02522552622786	2
15	56388282	56388283	21	5	5	3	2	1	NA	NA	NA	unphased	1.51500938086304	1.51500938086304	1
15	64163192	64163193	54	38	5	3	2	1	NA	NA	NA	unphased	3.25397667020148	1.08465889006716	3
15	74623614	74623615	33	13	5	3	2	1	NA	NA	NA	unphased	2.22640509013786	1.11320254506893	2
15	75970056	75970057	79	61	5	3	2	1	NA	NA	NA	unphased	3.43257839721254	1.14419279907085	3
15	77324750	77324751	29	8	5	3	2	1	NA	NA	NA	unphased	1.70336189848385	1.70336189848385	1
15	79058398	79058399	37	16	5	3	2	1	NA	NA	NA	unphased	2.37827887712839	1.1891394385642	2
15	84566711	84566712	26	21	5	3	2	1	NA	NA	NA	unphased	3.51997924234561	1.1733264141152	3
15	99251067	99251068	54	21	5	3	2	1	NA	NA	NA	unphased	2.20585365853659	1.10292682926829	2
16	11001323	11001324	15	25	5	5	0	1	NA	NA	NA	unphased	4.92378048780488	0.984756097560976	5
16	21416201	21416202	105	26	3	3	0	1	NA	NA	NA	unphased	1.16663563582201	1.16663563582201	1
16	22151514	22151515	11	9	3	3	0	1	NA	NA	NA	unphased	2.64512195121951	0.881707317073171	3
16	87724025	87724026	5	6	4	4	0	1	NA	NA	NA	unphased	3.75166297117517	0.937915742793792	4
17	5984190	5984191	8	22	4	4	0	1	NA	NA	NA	unphased	5.04390243902439	1.2609756097561	4
17	7578369	7578370	18	27	4	4	0	1	NA	NA	NA	unphased	4.12682926829268	1.03170731707317	4
17	7989338	7989339	63	13	4	4	0	1	NA	NA	NA	unphased	1.17650834403081	1.17650834403081	1
17	26959956	26959957	47	60	4	4	0	1	NA	NA	NA	unphased	3.85684978345111	0.964212445862777	4
17	28384726	28384727	32	44	4	4	0	1	NA	NA	NA	unphased	3.98202824133505	0.995507060333761	4
17	33806634	33806635	3	6	4	4	0	1	NA	NA	NA	unphased	4.58536585365854	1.14634146341463	4
17	37094980	37094981	29	45	4	4	0	1	NA	NA	NA	unphased	4.18259723137772	1.04564930784443	4
17	40997665	40997666	56	95	4	4	0	1	NA	NA	NA	unphased	4.32724923275723	1.08181230818931	4
17	42828199	42828200	27	48	4	4	0	1	NA	NA	NA	unphased	4.4019512195122	1.10048780487805	4
17	72927114	72927115	31	54	4	4	0	1	NA	NA	NA	unphased	4.36958393113343	1.09239598278336	4
18	2940669	2940670	34	5	4.7	4	2	0.74	1	0	0.26	unphased	0.971544715447154	0.971544715447154	1
18	13117640	13117641	38	21	4.7	4	2	0.74	1	0	0.26	unphased	2.69727159983464	0.984405693370308	2.74
18	23724588	23724589	58	25	4.7	4	2	0.74	1	0	0.26	unphased	2.28254481339994	0.920380973145138	2.48
18	28971088	28971089	48	12	4.7	4	2	0.74	1	0	0.26	unphased	1.51560975609756	1.51560975609756	1
18	32438340	32438341	52	7	4.7	4	2	0.74	1	0	0.26	unphased	0.899090533278214	0.899090533278214	1
18	54398714	54398715	41	11	4.7	4	2	0.74	1	0	0.26	unphased	1.6030487804878	1.6030487804878	1
18	56246698	56246699	80	47	4.7	4	2	0.74	1	0	0.26	unphased	2.80447474553486	1.02353092902732	2.74
18	56246699	56246700	80	47	4.7	4	2	0.74	1	0	0.26	unphased	2.80447474553486	1.02353092902732	2.74
18	59221918	59221919	9	3	4.7	4	2	0.74	1	0	0.26	unphased	1.89451219512195	1.89451219512195	1
18	59483263	59483264	81	15	4.7	4	2	0.74	1	0	0.26	unphased	1.18407012195122	1.18407012195122	1
18	60036111	60036112	77	53	4.7	4	2	0.74	1	0	0.26	unphased	3.08951219512195	0.959475836994395	3.22
18	67718652	67718653	72	18	4.7	4	2	0.74	1	0	0.26	unphased	1.51560975609756	0.871040089711242	1.74
18	67718653	67718654	71	18	4.7	4	2	0.74	1	0	0.26	unphased	1.53263907919978	0.880827057011368	1.74
18	74154273	74154274	25	11	4.7	4	2	0.74	1	0	0.26	unphased	2.31551490514905	0.933675364979456	2.48
19	623498	623499	17	28	4	4	0	1	NA	NA	NA	unphased	4.27967479674797	1.06991869918699	4
19	7796187	7796188	3	9	4	4	0	1	NA	NA	NA	unphased	5.15853658536585	1.28963414634146	4
19	8140048	8140049	59	50	4	4	0	1	NA	NA	NA	unphased	3.15506824793019	1.05168941597673	3
19	8997176	8997177	27	28	4	4	0	1	NA	NA	NA	unphased	3.50155210643016	0.875388026607539	4
19	8999492	8999493	90	51	4	4	0	1	NA	NA	NA	unphased	2.48780487804878	0.829268292682927	3
19	12874562	12874563	25	16	4	4	0	1	NA	NA	NA	unphased	2.68411659726353	0.894705532421178	3
19	15349956	15349957	11	10	4	4	0	1	NA	NA	NA	unphased	3.27526132404181	1.0917537746806	3
19	19105090	19105091	62	12	4	4	0	1	NA	NA	NA	unphased	1.11535926170073	1.11535926170073	1
19	39913555	39913556	24	28	4	4	0	1	NA	NA	NA	unphased	3.70356472795497	0.925891181988743	4
19	40398434	40398435	72	25	4	4	0	1	NA	NA	NA	unphased	1.77269298466181	0.886346492330903	2
19	41601722	41601723	62	71	4	4	0	1	NA	NA	NA	unphased	3.67174032642582	0.917935081606455	4
19	48244246	48244247	35	33	4	4	0	1	NA	NA	NA	unphased	3.33787661406026	1.11262553802009	3
19	48244247	48244248	36	33	4	4	0	1	NA	NA	NA	unphased	3.28950159066808	1.09650053022269	3
19	49254405	49254406	51	6	4	4	0	1	NA	NA	NA	unphased	0.72400513478819	0.72400513478819	1
19	49971657	49971658	111	11	4	4	0	1	NA	NA	NA	unphased	0.62015193922431	0.62015193922431	1
19	51217198	51217199	16	14	4	4	0	1	NA	NA	NA	unphased	3.20975609756098	1.06991869918699	3
19	51217199	51217200	16	14	4	4	0	1	NA	NA	NA	unphased	3.20975609756098	1.06991869918699	3
19	51329157	51329158	24	31	4	4	0	1	NA	NA	NA	unphased	3.87671840354767	0.969179600886918	4
19	52132655	52132656	45	35	4	4	0	1	NA	NA	NA	unphased	3.00914634146342	1.0030487804878	3
19	54327529	54327530	2	6	4	4	0	1	NA	NA	NA	unphased	5.15853658536585	1.28963414634146	4
19	57325529	57325530	26	46	4	4	0	1	NA	NA	NA	unphased	4.39430894308943	1.09857723577236	4
19	57326233	57326234	38	34	4	4	0	1	NA	NA	NA	unphased	3.2479674796748	1.08265582655827	3
19	57705241	57705242	77	65	4	4	0	1	NA	NA	NA	unphased	3.14840261078667	1.04946753692889	3
19	57838078	57838079	16	29	4	4	0	1	NA	NA	NA	unphased	4.43252032520325	1.10813008130081	4
2	27375574	27375575	28	27	4.13	4	1	0.71	1	1	0.29	unphased	3.44031485587583	1.00594001633796	3.42
2	27741676	27741677	48	39	4.13	4	1	0.71	1	1	0.29	unphased	3.14153910849453	1.00368661613244	3.13
2	37215854	37215855	45	5	4.13	4	1	0.71	1	1	0.29	unphased	0.700804878048781	0.700804878048781	1
2	43927113	43927114	55	8	4.13	4	1	0.71	1	1	0.29	unphased	0.88991095625242	0.88991095625242	1
2	47739568	47739569	9	10	4.13	4	1	0.71	1	1	0.29	unphased	3.68844672657253	0.994190492337609	3.71
2	71191963	71191964	47	4	4.13	4	1	0.71	1	1	0.29	unphased	0.549650884744142	0.549650884744142	1
2	71650881	71650882	28	11	4.13	4	1	0.71	1	1	0.29	unphased	1.97662914321451	1.15592347556404	1.71
2	74043376	74043377	62	6	4.13	4	1	0.71	1	1	0.29	unphased	0.618357245337159	0.618357245337159	1
2	79348747	79348748	187	19	4.13	4	1	0.71	1	1	0.29	unphased	0.64637343121004	0.910385114380339	0.71
2	79348748	79348749	192	19	4.13	4	1	0.71	1	1	0.29	unphased	0.631056525257196	0.888812007404501	0.71
2	79384722	79384723	50	50	4.13	4	1	0.71	1	1	0.29	unphased	3.5040243902439	1.02456853515904	3.42
2	96072860	96072861	71	34	4.13	4	1	0.71	1	1	0.29	unphased	2.26927293844367	0.937716090265979	2.42
2	97020027	97020028	63	70	4.13	4	1	0.71	1	1	0.29	unphased	3.68844672657253	0.994190492337609	3.71
2	101188137	101188138	50	63	4.13	4	1	0.71	1	1	0.29	unphased	3.90714224044895	1.05313807020187	3.71
2	131486857	131486858	82	6	4.13	4	1	0.71	1	1	0.29	unphased	0.477821507760532	0.672988039099341	0.71
2	132508388	132508389	5	4	4.13	4	1	0.71	1	1	0.29	unphased	3.11468834688347	0.995108098045837	3.13
2	138759665	138759666	26	3	4.13	4	1	0.71	1	1	0.29	unphased	0.724970563498738	0.724970563498738	1
2	139429147	139429148	63	89	4.13	4	1	0.71	1	1	0.29	unphased	4.10339698331194	1.10603692272559	3.71
2	152107513	152107514	60	7	4.13	4	1	0.71	1	1	0.29	unphased	0.732184200946487	0.732184200946487	1
2	168103626	168103627	14	23	4.13	4	1	0.71	1	1	0.29	unphased	4.35635464733026	1.17421958149064	3.71
2	170502377	170502378	19	24	4.13	4	1	0.71	1	1	0.29	unphased	3.91146908678389	1.05430433606035	3.71
2	175311352	175311353	39	41	4.13	4	1	0.71	1	1	0.29	unphased	3.591625	0.968092991913747	3.71
2	179426988	179426989	29	31	4.13	4	1	0.71	1	1	0.29	unphased	3.62082520325203	0.975963666644753	3.71
2	179444902	179444903	27	26	4.13	4	1	0.71	1	1	0.29	unphased	3.43791072250345	1.00523705336358	3.42
2	179454582	179454583	46	51	4.13	4	1	0.71	1	1	0.29	unphased	3.684644204174	0.993165553685715	3.71
2	179597241	179597242	23	28	4.13	4	1	0.71	1	1	0.29	unphased	3.84755619320899	1.03707714102668	3.71
2	191898724	191898725	41	47	4.13	4	1	0.71	1	1	0.29	unphased	3.74293514412417	1.00887739733805	3.71
2	196762414	196762415	25	19	4.13	4	1	0.71	1	1	0.29	unphased	3.02620288248337	0.96683798162408	3.13
2	197171326	197171327	21	28	4.13	4	1	0.71	1	1	0.29	unphased	4.00459930313589	1.07940682025226	3.71
2	197593958	197593959	33	6	4.13	4	1	0.71	1	1	0.29	unphased	1.07816135084428	1.07816135084428	1
2	220379748	220379749	27	19	4.13	4	1	0.71	1	1	0.29	unphased	2.89462884411453	1.06812872476551	2.71
2	220404236	220404237	28	27	4.13	4	1	0.71	1	1	0.29	unphased	3.44031485587583	1.00594001633796	3.42
2	225367680	225367681	74	60	4.13	4	1	0.71	1	1	0.29	unphased	3.13793228977066	1.002534277882	3.13
2	228175612	228175613	53	5	4.13	4	1	0.71	1	1	0.29	unphased	0.604142136248949	0.604142136248949	1
2	228860239	228860240	95	78	4.13	4	1	0.71	1	1	0.29	unphased	3.15969829409277	1.00948827287309	3.13
2	235949956	235949957	41	38	4.13	4	1	0.71	1	1	0.29	unphased	3.37096017289287	0.985660869266921	3.42
20	3065200	3065201	81	53	1	2	1	0	0	1	1	unphased	1.53385511467055	1.53385511467055	1
20	3673734	3673735	31	5	1	2	1	0	0	1	1	unphased	0.538617886178862	0.538617886178862	1
20	4764834	4764835	24	4	1	2	1	0	0	1	1	unphased	0.554006968641115	0.554006968641115	1
20	33104234	33104235	86	127	3.76	5	0	0.69	1	0	0.31	unphased	3.95789762968052	0.972456420068924	4.07
20	34054827	34054828	40	51	3.76	5	0	0.69	1	0	0.31	unphased	3.72022514071295	1.00819109504416	3.69
20	56099054	56099055	53	69	3.76	5	0	0.69	1	0	0.31	unphased	3.754306277489	0.99848571209814	3.76
20	61485435	61485436	18	36	3.76	5	0	0.69	1	0	0.31	unphased	4.42536585365854	1.01035750083528	4.38
20	62126437	62126438	37	48	3.76	5	0	0.69	1	0	0.31	unphased	3.74854519368723	0.99695350895937	3.76
21	10862642	10862643	315	51	NA	NA	NA	NA	NA	NA	NA	unphased	NA	NA	1
21	15872969	15872970	55	10	2	1	1	1	NA	NA	NA	unphased	0.75046904315197	0.75046904315197	1
21	38520941	38520942	43	11	2	1	1	1	NA	NA	NA	unphased	0.993676603432701	0.993676603432701	1
21	42080509	42080510	46	18	2	1	1	1	NA	NA	NA	unphased	1.3719512195122	1.3719512195122	1
21	45708312	45708313	39	13	2	1	1	1	NA	NA	NA	unphased	1.21951219512195	1.21951219512195	1
22	24560511	24560512	74	4	9	7	2	1	0	1	0	unphased	0.609130706691682	0.609130706691682	1
22	26173719	26173720	70	73	9	7	2	1	0	1	0	unphased	6.06361930752175	1.01060321792029	6
22	32495168	32495169	111	9	9	7	2	1	0	1	0	unphased	0.890853658536585	0.890853658536585	1
22	35463181	35463182	7	24	9	7	2	1	0	1	0	unphased	9.19590873328088	1.31370124761155	7
22	36688154	36688155	124	22	9	7	2	1	0	1	0	unphased	1.78984296692282	0.89492148346141	2
22	37334075	37334076	80	114	9	7	2	1	0	1	0	unphased	6.97988433492582	0.997126333560832	7
22	46631320	46631321	5	11	9	7	2	1	0	1	0	unphased	8.16615853658537	1.16659407665505	7
22	46656002	46656003	39	7	9	7	2	1	0	1	0	unphased	1.80752916224814	1.80752916224814	1
3	11064152	11064153	5	5	3	3	0	1	NA	NA	NA	unphased	2.9390243902439	0.979674796747967	3
3	12957218	12957219	42	62	3	3	0	1	NA	NA	NA	unphased	3.50422138836773	1.16807379612258	3
3	14489298	14489299	21	28	3	3	0	1	NA	NA	NA	unphased	3.3588850174216	1.11962833914053	3
3	26751194	26751195	58	53	3	3	0	1	NA	NA	NA	unphased	2.80663590419688	0.93554530139896	3
3	46399632	46399633	128	162	3	3	0	1	NA	NA	NA	unphased	3.28359966358284	1.09453322119428	3
3	64526860	64526861	28	51	3	3	0	1	NA	NA	NA	unphased	3.79468971904909	1.26489657301636	3
3	97851904	97851905	87	63	2.75	3	2	0.25	1	1	0.75	unphased	2.36378048780488	1.05056910569106	2.25
3	100053577	100053578	5	5	2.75	3	2	0.25	1	1	0.75	unphased	2.8140243902439	1.25067750677507	2.25
3	113649658	113649659	87	8	2.75	3	2	0.25	1	1	0.75	unphased	0.473940949935815	0.473940949935815	1
3	114035371	114035372	15	4	2.75	3	2	0.25	1	1	0.75	unphased	1.18485237483954	1.18485237483954	1
3	129252571	129252572	41	26	1.76	3	2	0.19	1	0	0.81	unphased	1.79983982526392	0.821844669070285	2.19
3	129252572	129252573	41	25	1.76	3	2	0.19	1	0	0.81	unphased	1.75683665927568	0.802208520217207	2.19
3	134369849	134369850	16	4	1.76	3	2	0.19	1	0	0.81	unphased	0.927609756097561	0.927609756097561	1
3	135720841	135720842	66	13	1.76	3	2	0.19	1	0	0.81	unphased	0.763223217042297	0.763223217042297	1
3	138478175	138478176	44	10	1.76	3	2	0.19	1	0	0.81	unphased	0.858897922312556	0.858897922312556	1
3	142031527	142031528	79	64	1.76	3	2	0.19	1	0	0.81	unphased	2.07577008357496	0.947840220810485	2.19
3	147120513	147120514	69	14	1.76	3	2	0.19	1	0	0.81	unphased	0.782321481046136	0.782321481046136	1
3	154055529	154055530	130	42	1.76	3	2	0.19	1	0	0.81	unphased	1.13254679523539	1.13254679523539	1
3	168833448	168833449	119	34	6.13	6	3	0.59	1	1	0.41	unphased	2.00178861788618	0.918251659580816	2.18
3	186370107	186370108	184	48	6.13	6	3	0.59	1	1	0.41	unphased	1.86373423044575	0.85492395892007	2.18
3	186435398	186435399	51	39	6.13	6	3	0.59	1	1	0.41	unphased	3.90348780487805	0.98822476072862	3.95
3	194063302	194063303	117	34	6.13	6	3	0.59	1	1	0.41	unphased	2.02830237441447	0.930413933217648	2.18
4	995708	995709	6	5	NA	NA	NA	NA	NA	NA	NA	unphased	NA	NA	1
4	5576488	5576489	46	18	2.32	2	2	0.16	1	1	0.84	unphased	1.4619512195122	1.26030277544155	1.16
4	6066723	6066724	41	5	2.32	2	2	0.16	1	1	0.84	unphased	0.565005302226935	0.565005302226935	1
4	8602950	8602951	41	12	2.32	2	2	0.16	1	1	0.84	unphased	1.17691670501611	1.17691670501611	1
4	16026842	16026843	78	36	2.32	2	2	0.16	1	1	0.84	unphased	1.6414890885751	1.41507680049577	1.16
4	16510180	16510181	37	22	2.32	2	2	0.16	1	1	0.84	unphased	1.93825547747003	1.67090989437071	1.16
4	24838892	24838893	31	12	2.32	2	2	0.16	1	1	0.84	unphased	1.45061826432218	1.45061826432218	1
4	48069686	48069687	96	7	2.32	2	2	0.16	1	1	0.84	unphased	0.353265451101113	0.353265451101113	1
4	52861583	52861584	90	22	2.32	2	2	0.16	1	1	0.84	unphased	1.02104529616725	1.02104529616725	1
4	69101733	69101734	33	6	2.32	2	2	0.16	1	1	0.84	unphased	0.799699812382739	0.799699812382739	1
4	89311802	89311803	23	8	2.32	2	2	0.16	1	1	0.84	unphased	1.34143194335169	1.34143194335169	1
4	100237458	100237459	15	9	2.32	2	2	0.16	1	1	0.84	unphased	1.94926829268293	1.68040370058873	1.16
4	100479340	100479341	30	10	2.32	2	2	0.16	1	1	0.84	unphased	1.29951219512195	1.29951219512195	1
4	110791745	110791746	43	15	2.32	2	2	0.16	1	1	0.84	unphased	1.34432296047098	1.34432296047098	1
4	120982100	120982101	15	5	2.32	2	2	0.16	1	1	0.84	unphased	1.29951219512195	1.29951219512195	1
4	123167955	123167956	41	12	2.32	2	2	0.16	1	1	0.84	unphased	1.17691670501611	1.17691670501611	1
4	123664138	123664139	13	9	2.32	2	2	0.16	1	1	0.84	unphased	2.12647450110865	1.83316767336952	1.16
4	173734816	173734817	20	10	2	2	0	1	NA	NA	NA	unphased	1.6260162601626	1.6260162601626	1
4	189068111	189068112	31	27	NA	NA	NA	NA	NA	NA	NA	unphased	NA	NA	1
5	5182222	5182223	151	9	9	7	2	1	NA	NA	NA	unphased	0.668140243902439	0.668140243902439	1
5	5182243	5182244	122	11	9	7	2	1	NA	NA	NA	unphased	0.982395011920044	0.982395011920044	1
5	5232516	5232517	152	23	9	7	2	1	NA	NA	NA	unphased	1.5611149825784	0.780557491289199	2
5	5319259	5319260	8	25	9	7	2	1	NA	NA	NA	unphased	8.99852180339985	1.28550311477141	7
5	6750546	6750547	31	63	9	7	2	1	NA	NA	NA	unphased	7.96081992734821	1.13725998962117	7
5	13901579	13901580	51	9	9	7	2	1	NA	NA	NA	unphased	1.78170731707317	1.78170731707317	1
5	19483656	19483657	24	47	9	7	2	1	NA	NA	NA	unphased	7.86293369975953	1.12327624282279	7
5	19591280	19591281	80	14	9	7	2	1	NA	NA	NA	unphased	1.76907109496627	0.884535547483134	2
5	31526315	31526316	133	17	9	7	2	1	NA	NA	NA	unphased	1.34617886178862	1.34617886178862	1
5	33588874	33588875	43	81	9	7	2	1	NA	NA	NA	unphased	7.75904799370574	1.10843542767225	7
5	34796131	34796132	231	25	9	7	2	1	NA	NA	NA	unphased	1.15996570121951	1.15996570121951	1
5	35876144	35876145	82	16	9	7	2	1	NA	NA	NA	unphased	1.93927327028372	0.969636635141862	2
5	39002652	39002653	191	19	9	7	2	1	NA	NA	NA	unphased	1.0746806039489	1.0746806039489	1
5	53814689	53814690	19	8	2	2	0	1	NA	NA	NA	unphased	1.4453477868112	1.4453477868112	1
5	78264853	78264854	61	41	2	2	0	1	NA	NA	NA	unphased	1.96078431372549	0.980392156862745	2
5	131296260	131296261	32	12	2	2	0	1	NA	NA	NA	unphased	1.33037694013304	1.33037694013304	1
5	168135036	168135037	27	21	2	2	0	1	NA	NA	NA	unphased	2.13414634146341	1.06707317073171	2
5	175523832	175523833	27	9	2	2	0	1	NA	NA	NA	unphased	1.21951219512195	1.21951219512195	1
5	175919213	175919214	62	37	2	2	0	1	NA	NA	NA	unphased	1.82310914018231	0.911554570091156	2
5	178410106	178410107	35	6	2	2	0	1	NA	NA	NA	unphased	0.713860797144557	0.713860797144557	1
6	5004264	5004265	40	7	4	3	1	1	NA	NA	NA	unphased	1.02439024390244	1.02439024390244	1
6	8413822	8413823	30	9	4	3	1	1	NA	NA	NA	unphased	1.58724202626642	1.58724202626642	1
6	24462986	24462987	64	43	4	3	1	1	NA	NA	NA	unphased	2.76407567813996	0.921358559379986	3
6	26234734	26234735	64	13	4	3	1	1	NA	NA	NA	unphased	1.16122901488755	1.16122901488755	1
6	26509225	26509226	77	7	4	3	1	1	NA	NA	NA	unphased	0.573170731707317	0.573170731707317	1
6	29342193	29342194	30	34	4	3	1	1	NA	NA	NA	unphased	3.65396341463415	1.21798780487805	3
6	29589916	29589917	26	15	4	3	1	1	NA	NA	NA	unphased	2.51635930993456	0.838786436644854	3
6	30539263	30539264	25	4	4	3	1	1	NA	NA	NA	unphased	0.948696383515559	0.948696383515559	1
6	30951768	30951769	55	13	4	3	1	1	NA	NA	NA	unphased	1.31492109038737	1.31492109038737	1
6	32008181	32008182	25	22	4	3	1	1	NA	NA	NA	unphased	3.21951219512195	1.07317073170732	3
6	33179533	33179534	116	69	4	3	1	1	NA	NA	NA	unphased	2.56532630191167	0.855108767303889	3
6	36269840	36269841	47	24	4	3	1	1	NA	NA	NA	unphased	2.32497423565785	1.16248711782892	2
6	41160618	41160619	5	6	4	3	1	1	NA	NA	NA	unphased	3.75166297117517	1.25055432372506	3
6	42604898	42604899	27	18	4	3	1	1	NA	NA	NA	unphased	2.75121951219512	0.917073170731708	3
6	47847446	47847447	23	16	4	3	1	1	NA	NA	NA	unphased	2.82176360225141	0.940587867417136	3
6	49660612	49660613	17	17	4	3	1	1	NA	NA	NA	unphased	3.4390243902439	1.14634146341463	3
6	54806674	54806675	36	7	4	3	1	1	NA	NA	NA	unphased	1.11968235961429	1.11968235961429	1
6	56469406	56469407	72	55	4	3	1	1	NA	NA	NA	unphased	2.97868254273094	0.992894180910313	3
6	69945021	69945022	50	27	4	3	1	1	NA	NA	NA	unphased	2.41178333861261	0.803927779537536	3
6	79650408	79650409	13	4	4	3	1	1	NA	NA	NA	unphased	1.61836441893831	1.61836441893831	1
6	88126480	88126481	26	5	4	3	1	1	NA	NA	NA	unphased	1.10936270653029	1.10936270653029	1
6	88854183	88854184	48	5	4	3	1	1	NA	NA	NA	unphased	0.648872526461114	0.648872526461114	1
6	90276740	90276741	4	6	4	3	1	1	NA	NA	NA	unphased	4.12682926829268	1.37560975609756	3
6	90396665	90396666	51	43	4	3	1	1	NA	NA	NA	unphased	3.14634146341463	1.04878048780488	3
6	100382330	100382331	32	31	4	3	1	1	NA	NA	NA	unphased	3.38443670150987	1.12814556716996	3
6	101173503	101173504	22	16	4	3	1	1	NA	NA	NA	unphased	2.89602053915276	0.965340179717587	3
6	102247655	102247656	28	15	4	3	1	1	NA	NA	NA	unphased	2.39931934203063	1.19965967101531	2
6	105406112	105406113	54	37	4	3	1	1	NA	NA	NA	unphased	2.79656928437416	0.932189761458054	3
6	105406113	105406114	54	39	4	3	1	1	NA	NA	NA	unphased	2.88434303697876	0.961447678992919	3
6	105606400	105606401	40	21	4	3	1	1	NA	NA	NA	unphased	2.36785285885646	1.18392642942823	2
6	116381329	116381330	68	47	4	3	1	1	NA	NA	NA	unphased	2.81102863202545	0.937009544008484	3
6	117130656	117130657	19	17	4	3	1	1	NA	NA	NA	unphased	3.2479674796748	1.08265582655827	3
6	117593635	117593636	223	20	4	3	1	1	NA	NA	NA	unphased	0.566094549834387	0.566094549834387	1
6	117593817	117593818	7	8	4	3	1	1	NA	NA	NA	unphased	3.66829268292683	1.22276422764228	3
6	123038909	123038910	52	30	4	3	1	1	NA	NA	NA	unphased	2.51635930993456	0.838786436644854	3
6	144744721	144744722	53	5	4	3	1	1	NA	NA	NA	unphased	0.592935239697225	0.592935239697225	1
6	145069627	145069628	20	14	4	3	1	1	NA	NA	NA	unphased	2.83213773314204	0.944045911047346	3
6	160663384	160663385	65	9	4	3	1	1	NA	NA	NA	unphased	0.836519446275544	0.836519446275544	1
6	169632822	169632823	40	33	4	3	1	1	NA	NA	NA	unphased	3.10925492816572	1.03641830938857	3
7	1487248	1487249	9	5	3.04	3	3	0.26	1	1	0.74	unphased	2.11358885017422	2.11358885017422	1
7	2952978	2952979	89	29	3.04	3	3	0.26	1	1	0.74	unphased	1.45443571723853	0.9568656034464	1.52
7	4026880	4026881	110	57	3.04	3	3	0.26	1	1	0.74	unphased	2.01993281729224	0.893775582872675	2.26
7	21940879	21940880	51	9	3.04	3	3	0.26	1	1	0.74	unphased	0.887707317073171	0.887707317073171	1
7	36397114	36397115	25	13	3.04	3	3	0.26	1	1	0.74	unphased	2.02459563543004	0.895838776738955	2.26
7	38398386	38398387	53	41	3.04	3	3	0.26	1	1	0.74	unphased	2.58127659574468	1.14215778572774	2.26
7	40027319	40027320	26	24	3.04	3	3	0.26	1	1	0.74	unphased	2.84066341463415	1.25693071443989	2.26
7	45005312	45005313	44	20	3.04	3	3	0.26	1	1	0.74	unphased	1.84939024390244	0.818314267213469	2.26
7	64023324	64023325	69	25	3.04	3	3	0.26	1	1	0.74	unphased	1.57394914374676	1.03549285772813	1.52
7	89749107	89749108	21	6	3.04	3	3	0.26	1	1	0.74	unphased	1.31512195121951	1.31512195121951	1
7	91700302	91700303	35	21	3.04	3	3	0.26	1	1	0.74	unphased	2.21926829268293	0.981977120656162	2.26
7	93055705	93055706	118	45	3.04	3	3	0.26	1	1	0.74	unphased	1.63381714798743	1.07487970262331	1.52
7	98555607	98555608	23	13	3.04	3	3	0.26	1	1	0.74	unphased	2.13707317073171	0.945607597668897	2.26
7	100364832	100364833	37	15	3.04	3	3	0.26	1	1	0.74	unphased	1.70712945590994	1.12311148415128	1.52
7	113522096	113522097	54	26	3.04	3	3	0.26	1	1	0.74	unphased	1.92336585365854	0.851046837902008	2.26
7	114563064	114563065	12	7	3.04	3	3	0.26	1	1	0.74	unphased	2.18033376123235	0.964749451872721	2.26
7	121693963	121693964	105	47	3.04	3	3	0.26	1	1	0.74	unphased	1.82992297817715	0.809700432821748	2.26
7	123600027	123600028	32	16	3.04	3	3	0.26	1	1	0.74	unphased	1.97268292682927	0.872868551694367	2.26
7	131130660	131130661	34	24	3.04	3	3	0.26	1	1	0.74	unphased	2.44884777123633	1.08356096072404	2.26
7	131815241	131815242	71	22	3.04	3	3	0.26	1	1	0.74	unphased	1.39996852871755	1.39996852871755	1
7	138740001	138740002	80	33	3.04	3	3	0.26	1	1	0.74	unphased	1.72827973235485	1.13702613970714	1.52
7	142148957	142148958	189	46	3.04	3	3	0.26	1	1	0.74	unphased	1.15842656979761	1.15842656979761	1
7	150068936	150068937	11	10	3.04	3	3	0.26	1	1	0.74	unphased	2.81811846689895	1.2469550738491	2.26
7	150417919	150417920	15	4	3.04	3	3	0.26	1	1	0.74	unphased	1.24590500641849	1.24590500641849	1
7	150417920	150417921	15	4	3.04	3	3	0.26	1	1	0.74	unphased	1.24590500641849	1.24590500641849	1
7	151814294	151814295	85	58	3.04	3	3	0.26	1	1	0.74	unphased	2.40032747740065	1.06209180415958	2.26
7	154876069	154876070	133	43	3.04	3	3	0.26	1	1	0.74	unphased	1.44588691796009	0.951241393394795	1.52
7	158590750	158590751	29	14	NA	NA	NA	NA	NA	NA	NA	unphased	NA	NA	1
8	1497711	1497712	20	19	2	2	0	1	NA	NA	NA	unphased	2.37648530331457	1.18824265165729	2
8	28981539	28981540	5	5	2	2	0	1	NA	NA	NA	unphased	2.4390243902439	1.21951219512195	2
8	38250398	38250399	20	61	9	7	2	1	NA	NA	NA	unphased	8.94519722975008	1.27788531853573	7
8	39080598	39080599	49	11	9	7	2	1	NA	NA	NA	unphased	2.17764227642276	1.08882113821138	2
8	42295009	42295010	375	13	9	7	2	1	NA	NA	NA	unphased	0.397975861201911	0.397975861201911	1
8	53573807	53573808	64	8	9	7	2	1	NA	NA	NA	unphased	1.31978319783198	1.31978319783198	1
8	70981742	70981743	15	22	8	6	2	1	NA	NA	NA	unphased	6.46802900461437	1.0780048341024	6
8	71056959	71056960	93	19	8	6	2	1	NA	NA	NA	unphased	1.84538327526132	0.922691637630662	2
8	72948552	72948553	85	13	8	6	2	1	NA	NA	NA	unphased	1.44300647088104	1.44300647088104	1
8	72965086	72965087	40	6	8	6	2	1	NA	NA	NA	unphased	1.41887592788971	1.41887592788971	1
8	92999185	92999186	92	21	8	6	2	1	NA	NA	NA	unphased	2.02158428663933	1.01079214331966	2
8	98078409	98078410	101	10	8	6	2	1	NA	NA	NA	unphased	0.980004394638541	0.980004394638541	1
8	99440589	99440590	68	29	8	6	2	1	NA	NA	NA	unphased	3.25220015086749	1.08406671695583	3
8	100205214	100205215	36	40	8	6	2	1	NA	NA	NA	unphased	5.72528883183569	0.954214805305948	6
8	104447953	104447954	38	32	8	6	2	1	NA	NA	NA	unphased	4.97282229965157	0.994564459930314	5
8	105361135	105361136	71	13	8	6	2	1	NA	NA	NA	unphased	1.68350754936121	0.841753774680604	2
8	106813777	106813778	220	32	8	6	2	1	NA	NA	NA	unphased	1.38133952768099	0.690669763840496	2
8	110587400	110587401	74	33	8	6	2	1	NA	NA	NA	unphased	3.35491224071119	1.11830408023706	3
8	118159360	118159361	136	15	8	6	2	1	NA	NA	NA	unphased	1.08060087223389	1.08060087223389	1
8	124408694	124408695	4	4	8	6	2	1	NA	NA	NA	unphased	5.4390243902439	1.08780487804878	5
8	139164373	139164374	49	53	8	6	2	1	NA	NA	NA	unphased	5.65231946437112	0.942053244061853	6
8	139737642	139737643	117	15	8	6	2	1	NA	NA	NA	unphased	1.23614190687361	1.23614190687361	1
8	144240276	144240277	171	26	9	7	2	1	NA	NA	NA	unphased	1.56766126036895	0.783830630184475	2
8	144994105	144994106	53	99	9	7	2	1	NA	NA	NA	unphased	7.73636071887035	1.10519438841005	7
8	144995014	144995015	25	34	9	7	2	1	NA	NA	NA	unphased	6.84497726333196	0.977853894761708	7
9	8404568	8404569	60	4	10	7	3	1	NA	NA	NA	unphased	0.804878048780488	0.804878048780488	1
9	18680345	18680346	38	12	3	3	0	1	NA	NA	NA	unphased	1.41073170731707	1.41073170731707	1
9	33463405	33463406	10	13	3	3	0	1	NA	NA	NA	unphased	3.32237539766702	1.10745846588901	3
9	36122879	36122880	72	53	3	3	0	1	NA	NA	NA	unphased	2.49229268292683	0.830764227642277	3
9	40701766	40701767	28	23	3	3	0	1	NA	NA	NA	unphased	2.65088474414156	0.883628248047187	3
9	71155452	71155453	21	22	3	3	0	1	NA	NA	NA	unphased	3.00737379466818	1.00245793155606	3
9	94486458	94486459	40	43	3	3	0	1	NA	NA	NA	unphased	3.04525418748163	1.01508472916054	3
9	94841800	94841801	19	24	3	3	0	1	NA	NA	NA	unphased	3.28077141236529	1.09359047078843	3
9	102784344	102784345	29	40	3	3	0	1	NA	NA	NA	unphased	3.40756451042771	1.13585483680924	3
9	109688072	109688073	165	32	3	3	0	1	NA	NA	NA	unphased	0.954809954190913	0.954809954190913	1
9	117087130	117087131	227	18	3	3	0	1	NA	NA	NA	unphased	0.431856645097063	0.431856645097063	1
9	136308681	136308682	4	6	3	3	0	1	NA	NA	NA	unphased	3.52682926829268	1.17560975609756	3
X	2541459	2541460	9	13	NA	NA	NA	NA	NA	NA	NA	unphased	NA	NA	1
X	19392594	19392595	17	24	NA	NA	NA	NA	NA	NA	NA	unphased	NA	NA	1
X	26212350	26212351	23	26	NA	NA	NA	NA	NA	NA	NA	unphased	NA	NA	1
X	37027369	37027370	21	38	NA	NA	NA	NA	NA	NA	NA	unphased	NA	NA	1
X	37027370	37027371	22	38	NA	NA	NA	NA	NA	NA	NA	unphased	NA	NA	1
X	54987334	54987335	10	5	NA	NA	NA	NA	NA	NA	NA	unphased	NA	NA	1
X	55042021	55042022	19	22	NA	NA	NA	NA	NA	NA	NA	unphased	NA	NA	1
X	63411091	63411092	8	8	NA	NA	NA	NA	NA	NA	NA	unphased	NA	NA	1
X	73960428	73960429	21	28	NA	NA	NA	NA	NA	NA	NA	unphased	NA	NA	1
X	73961069	73961070	16	15	NA	NA	NA	NA	NA	NA	NA	unphased	NA	NA	1
X	78216307	78216308	33	45	NA	NA	NA	NA	NA	NA	NA	unphased	NA	NA	1
X	79947415	79947416	2	10	NA	NA	NA	NA	NA	NA	NA	unphased	NA	NA	1
X	89177797	89177798	6	20	NA	NA	NA	NA	NA	NA	NA	unphased	NA	NA	1
X	106096867	106096868	15	21	NA	NA	NA	NA	NA	NA	NA	unphased	NA	NA	1
X	106410964	106410965	32	36	NA	NA	NA	NA	NA	NA	NA	unphased	NA	NA	1
X	118797541	118797542	81	100	NA	NA	NA	NA	NA	NA	NA	unphased	NA	NA	1
X	120009093	120009094	31	39	NA	NA	NA	NA	NA	NA	NA	unphased	NA	NA	1
X	120009406	120009407	35	46	NA	NA	NA	NA	NA	NA	NA	unphased	NA	NA	1
X	123637453	123637454	53	58	NA	NA	NA	NA	NA	NA	NA	unphased	NA	NA	1
X	129629371	129629372	25	33	NA	NA	NA	NA	NA	NA	NA	unphased	NA	NA	1
X	129629376	129629377	25	32	NA	NA	NA	NA	NA	NA	NA	unphased	NA	NA	1
X	132795879	132795880	10	17	NA	NA	NA	NA	NA	NA	NA	unphased	NA	NA	1
X	135080662	135080663	12	15	NA	NA	NA	NA	NA	NA	NA	unphased	NA	NA	1
X	135789182	135789183	27	39	NA	NA	NA	NA	NA	NA	NA	unphased	NA	NA	1
X	135789184	135789185	26	40	NA	NA	NA	NA	NA	NA	NA	unphased	NA	NA	1
