chr	start	end	WT.count	mut.count	subclonal.CN	nMaj1	nMin1	frac1	nMaj2	nMin2	frac2	phase	mutation.copy.number	subclonal.fraction	no.chrs.bearing.mut
1	2520062	2520063	177	42	NA	NA	NA	NA	NA	NA	NA	unphased	NA	NA	1
1	9713712	9713713	15	7	3	2	1	1	NA	NA	NA	unphased	1.61688311688312	1.61688311688312	1
1	11589693	11589694	59	9	3	2	1	1	NA	NA	NA	unphased	0.672569027611045	0.672569027611045	1
1	15905418	15905419	39	5	3	2	1	1	NA	NA	NA	unphased	0.577458256029685	0.577458256029685	1
1	16269915	16269916	95	11	3	2	1	1	NA	NA	NA	unphased	0.527339237581825	0.527339237581825	1
1	16953753	16953754	54	5	3	2	1	1	NA	NA	NA	unphased	0.430646835005189	0.430646835005189	1
1	21014253	21014254	93	29	3	2	1	1	NA	NA	NA	unphased	1.20792907326865	1.20792907326865	1
1	21904049	21904050	17	13	3	2	1	1	NA	NA	NA	unphased	2.20204081632653	1.10102040816327	2
1	22150005	22150006	17	5	3	2	1	1	NA	NA	NA	unphased	1.15491651205937	1.15491651205937	1
1	23191523	23191524	86	4	3	2	1	1	NA	NA	NA	unphased	0.225850340136054	0.225850340136054	1
1	31906003	31906004	66	18	3	2	1	1	NA	NA	NA	unphased	1.08892128279883	1.08892128279883	1
1	33557647	33557648	77	43	3	2	1	1	NA	NA	NA	unphased	1.82091836734694	0.91045918367347	2
1	34330144	34330145	77	16	3	2	1	1	NA	NA	NA	unphased	0.874259381171824	0.874259381171824	1
1	37270664	37270665	58	40	3	2	1	1	NA	NA	NA	unphased	2.07413577675968	1.03706788837984	2
1	44415610	44415611	16	5	3	2	1	1	NA	NA	NA	unphased	1.20991253644315	1.20991253644315	1
1	44687310	44687311	52	14	3	2	1	1	NA	NA	NA	unphased	1.07792207792208	1.07792207792208	1
1	45292392	45292393	29	4	3	2	1	1	NA	NA	NA	unphased	0.61595547309833	0.61595547309833	1
1	53370343	53370344	24	9	3	2	1	1	NA	NA	NA	unphased	1.38589981447124	1.38589981447124	1
1	60538307	60538308	73	32	3	2	1	1	NA	NA	NA	unphased	1.54868804664723	0.774344023323615	2
1	62503706	62503707	65	9	3	2	1	1	NA	NA	NA	unphased	0.61803640375069	0.61803640375069	1
1	62675736	62675737	37	12	3	2	1	1	NA	NA	NA	unphased	1.24448146605581	1.24448146605581	1
1	62675737	62675738	38	12	3	2	1	1	NA	NA	NA	unphased	1.21959183673469	1.21959183673469	1
1	65855270	65855271	130	16	3	2	1	1	NA	NA	NA	unphased	0.556891249650545	0.556891249650545	1
1	67724191	67724192	269	11	3	2	1	1	NA	NA	NA	unphased	0.19963556851312	0.19963556851312	1
1	68910528	68910529	101	18	3	2	1	1	NA	NA	NA	unphased	0.768650317269765	0.768650317269765	1
1	70477547	70477548	52	14	3	2	1	1	NA	NA	NA	unphased	1.07792207792208	1.07792207792208	1
1	71318360	71318361	22	8	3	2	1	1	NA	NA	NA	unphased	1.35510204081633	1.35510204081633	1
1	74507410	74507411	64	42	3	2	1	1	NA	NA	NA	unphased	2.01347708894879	1.00673854447439	2
1	76384685	76384686	91	25	3	2	1	1	NA	NA	NA	unphased	1.09517945109078	1.09517945109078	1
1	78959185	78959186	80	11	3	2	1	1	NA	NA	NA	unphased	0.614263287732676	0.614263287732676	1
1	86965438	86965439	125	37	3	2	1	1	NA	NA	NA	unphased	1.16061980347695	1.16061980347695	1
1	92546114	92546115	42	6	3	2	1	1	NA	NA	NA	unphased	0.635204081632653	0.635204081632653	1
1	92763521	92763522	57	10	3	2	1	1	NA	NA	NA	unphased	0.758452634785257	0.758452634785257	1
1	94037321	94037322	140	33	3	2	1	1	NA	NA	NA	unphased	0.969328771971216	0.969328771971216	1
1	94998714	94998715	59	9	3	2	1	1	NA	NA	NA	unphased	0.672569027611045	0.672569027611045	1
1	103540303	103540304	51	18	3	2	1	1	NA	NA	NA	unphased	1.32564330079858	1.32564330079858	1
1	109794996	109794997	37	16	3	2	1	1	NA	NA	NA	unphased	1.53407778205622	0.767038891028109	2
1	110258586	110258587	12	3	3	2	1	1	NA	NA	NA	unphased	1.01632653061225	1.01632653061225	1
1	110996616	110996617	47	24	3	2	1	1	NA	NA	NA	unphased	1.71773498131647	0.858867490658235	2
1	114308979	114308980	89	59	3	2	1	1	NA	NA	NA	unphased	2.0257859900717	1.01289299503585	2
1	151214675	151214676	188	46	3	2	1	1	NA	NA	NA	unphased	0.998953427524856	0.998953427524856	1
1	151237917	151237918	74	23	3	2	1	1	NA	NA	NA	unphased	1.20492320639596	1.20492320639596	1
1	151372479	151372480	95	18	3	2	1	1	NA	NA	NA	unphased	0.809463608452231	0.809463608452231	1
1	152192196	152192197	305	58	3	2	1	1	NA	NA	NA	unphased	0.811941305447799	0.811941305447799	1
1	152636714	152636715	156	32	3	2	1	1	NA	NA	NA	unphased	0.86495874945723	0.86495874945723	1
1	154029318	154029319	69	35	3	2	1	1	NA	NA	NA	unphased	1.71016483516484	0.855082417582418	2
1	154544244	154544245	54	10	3	2	1	1	NA	NA	NA	unphased	0.794005102040816	0.794005102040816	1
1	158226629	158226630	86	19	3	2	1	1	NA	NA	NA	unphased	0.919533527696793	0.919533527696793	1
1	158517746	158517747	56	12	3	2	1	1	NA	NA	NA	unphased	0.896758703481393	0.896758703481393	1
1	158655086	158655087	167	42	3	2	1	1	NA	NA	NA	unphased	1.02118933697881	1.02118933697881	1
1	159779426	159779427	44	22	3	2	1	1	NA	NA	NA	unphased	1.69387755102041	0.846938775510204	2
1	159900552	159900553	72	15	3	2	1	1	NA	NA	NA	unphased	0.876143560872625	0.876143560872625	1
1	160784266	160784267	78	18	3	2	1	1	NA	NA	NA	unphased	0.95280612244898	0.95280612244898	1
1	161599807	161599808	37	35	3	2	1	1	NA	NA	NA	unphased	2.4702380952381	1.23511904761905	2
1	168260433	168260434	174	54	3	2	1	1	NA	NA	NA	unphased	1.20354457572503	1.20354457572503	1
1	169696586	169696587	52	36	3	2	1	1	NA	NA	NA	unphased	2.07884972170686	1.03942486085343	2
1	169930204	169930205	60	7	3	2	1	1	NA	NA	NA	unphased	0.53091684434968	0.53091684434968	1
1	171173030	171173031	65	13	3	2	1	1	NA	NA	NA	unphased	0.846938775510204	0.846938775510204	1
1	172555010	172555011	146	99	3	2	1	1	NA	NA	NA	unphased	2.05339441899209	1.02669720949604	2
1	172558042	172558043	75	20	3	2	1	1	NA	NA	NA	unphased	1.06981740064447	1.06981740064447	1
1	175048475	175048476	32	10	3	2	1	1	NA	NA	NA	unphased	1.20991253644315	1.20991253644315	1
1	175067547	175067548	89	29	3	2	1	1	NA	NA	NA	unphased	1.24887582151505	1.24887582151505	1
1	177250323	177250324	76	44	3	2	1	1	NA	NA	NA	unphased	1.86326530612245	0.931632653061224	2
1	179782943	179782944	49	34	3	2	1	1	NA	NA	NA	unphased	2.08163265306122	1.04081632653061	2
1	182026107	182026108	25	13	3	2	1	1	NA	NA	NA	unphased	1.73845327604726	0.869226638023631	2
1	185159725	185159726	80	11	3	2	1	1	NA	NA	NA	unphased	0.614263287732676	0.614263287732676	1
1	186114605	186114606	42	33	3	2	1	1	NA	NA	NA	unphased	2.23591836734694	1.11795918367347	2
1	197112555	197112556	98	22	3	2	1	1	NA	NA	NA	unphased	0.931632653061224	0.931632653061224	1
1	201333495	201333496	23	16	3	2	1	1	NA	NA	NA	unphased	2.08477237048666	1.04238618524333	2
1	203455861	203455862	97	17	3	2	1	1	NA	NA	NA	unphased	0.757787325456498	0.757787325456498	1
1	204438247	204438248	329	228	3	2	1	1	NA	NA	NA	unphased	2.08009379694427	1.04004689847214	2
1	209796417	209796418	81	14	3	2	1	1	NA	NA	NA	unphased	0.748872180451128	0.748872180451128	1
1	209907786	209907787	66	46	3	2	1	1	NA	NA	NA	unphased	2.08709912536443	1.04354956268222	2
1	212588149	212588150	17	15	3	2	1	1	NA	NA	NA	unphased	2.38201530612245	1.19100765306122	2
1	226128594	226128595	49	38	3	2	1	1	NA	NA	NA	unphased	2.21956368754398	1.10978184377199	2
1	227842953	227842954	47	9	3	2	1	1	NA	NA	NA	unphased	0.816690962099126	0.816690962099126	1
1	229730792	229730793	50	43	3	2	1	1	NA	NA	NA	unphased	2.34957208689928	1.17478604344964	2
1	232941914	232941915	166	104	3	2	1	1	NA	NA	NA	unphased	1.95736961451247	0.978684807256236	2
1	237919649	237919650	63	15	3	2	1	1	NA	NA	NA	unphased	0.97723704866562	0.97723704866562	1
1	237948176	237948177	25	5	3	2	1	1	NA	NA	NA	unphased	0.846938775510204	0.846938775510204	1
1	241904844	241904845	58	9	3	2	1	1	NA	NA	NA	unphased	0.682607371306732	0.682607371306732	1
1	245912837	245912838	52	10	3	2	1	1	NA	NA	NA	unphased	0.819618169848585	0.819618169848585	1
1	248004751	248004752	65	19	NA	NA	NA	NA	NA	NA	NA	unphased	NA	NA	1
1	248129098	248129099	124	88	NA	NA	NA	NA	NA	NA	NA	unphased	NA	NA	1
1	248436295	248436296	209	38	NA	NA	NA	NA	NA	NA	NA	unphased	NA	NA	1
1	248685152	248685153	72	5	NA	NA	NA	NA	NA	NA	NA	unphased	NA	NA	1
10	8055794	8055795	164	22	4	2	2	1	NA	NA	NA	unphased	0.719332894448102	0.719332894448102	1
10	15885220	15885221	180	66	4	2	2	1	NA	NA	NA	unphased	1.63165754106521	0.815828770532603	2
10	16635326	16635327	35	19	4	2	2	1	NA	NA	NA	unphased	2.13983371126228	1.06991685563114	2
10	18270261	18270262	82	29	4	2	2	1	NA	NA	NA	unphased	1.58889501746645	0.794447508733223	2
10	34573093	34573094	260	26	6	4	2	1	NA	NA	NA	unphased	0.73469387755102	0.73469387755102	1
10	38654458	38654459	62	33	1.21	2	2	0.07	0	1	0.93	unphased	1.14340923737916	1.14340923737916	1
10	43869927	43869928	137	62	1.21	2	2	0.07	0	1	0.93	unphased	1.02553379140601	1.02553379140601	1
10	50827941	50827942	25	12	1.21	2	2	0.07	0	1	0.93	unphased	1.06755653612796	1.06755653612796	1
10	52610519	52610520	178	54	1.21	2	2	0.07	0	1	0.93	unphased	0.766155876143561	0.766155876143561	1
10	90986678	90986679	50	33	2	2	0	1	NA	NA	NA	unphased	1.62281780181952	0.811408900909761	2
10	93768863	93768864	51	16	2	2	0	1	NA	NA	NA	unphased	0.974718245507158	0.974718245507158	1
10	118314757	118314758	23	29	2	2	0	1	NA	NA	NA	unphased	2.27629513343799	1.138147566719	2
11	1080601	1080602	33	8	3	2	1	1	NA	NA	NA	unphased	0.991538078646093	0.991538078646093	1
11	1263831	1263832	77	51	3	2	1	1	NA	NA	NA	unphased	2.02471301020408	1.01235650510204	2
11	1651379	1651380	90	69	3	2	1	1	NA	NA	NA	unphased	2.20523681170581	1.10261840585291	2
11	1780298	1780299	120	92	3	2	1	1	NA	NA	NA	unphased	2.20523681170581	1.10261840585291	2
11	2189774	2189775	21	11	3	2	1	1	NA	NA	NA	unphased	1.7468112244898	0.873405612244898	2
11	4615689	4615690	68	38	3	2	1	1	NA	NA	NA	unphased	1.82171736619176	0.91085868309588	2
11	4967583	4967584	137	45	3	2	1	1	NA	NA	NA	unphased	1.25644763399865	1.25644763399865	1
11	5444138	5444139	93	55	3	2	1	1	NA	NA	NA	unphased	1.888444567016	0.944222283507998	2
11	6977276	6977277	69	21	3	2	1	1	NA	NA	NA	unphased	1.18571428571429	1.18571428571429	1
11	7488077	7488078	59	11	3	2	1	1	NA	NA	NA	unphased	0.798542274052478	0.798542274052478	1
11	9450366	9450367	76	14	3	2	1	1	NA	NA	NA	unphased	0.790476190476191	0.790476190476191	1
11	18362876	18362877	78	14	3	2	1	1	NA	NA	NA	unphased	0.773291925465839	0.773291925465839	1
11	26663488	26663489	92	27	3	2	1	1	NA	NA	NA	unphased	1.15297547590465	1.15297547590465	1
11	35227756	35227757	83	44	3	2	1	1	NA	NA	NA	unphased	1.76056564358027	0.880282821790133	2
11	44286613	44286614	32	27	3	2	1	1	NA	NA	NA	unphased	2.32549290902802	1.16274645451401	2
11	45970971	45970972	140	61	3	2	1	1	NA	NA	NA	unphased	1.54218702406336	0.771093512031678	2
11	49831399	49831400	59	12	3	2	1	1	NA	NA	NA	unphased	0.858867490658235	0.858867490658235	1
11	55563688	55563689	135	30	3	2	1	1	NA	NA	NA	unphased	0.923933209647495	0.923933209647495	1
11	55595036	55595037	131	83	3	2	1	1	NA	NA	NA	unphased	1.97091359908449	0.985456799542247	2
11	55595192	55595193	152	66	3	2	1	1	NA	NA	NA	unphased	1.53847594083505	0.769237970417525	2
11	57799211	57799212	184	51	3	2	1	1	NA	NA	NA	unphased	1.10282240555797	1.10282240555797	1
11	59945747	59945748	53	36	2	2	0	1	NA	NA	NA	unphased	1.65099747764274	0.825498738821371	2
11	62301520	62301521	16	25	2	2	0	1	NA	NA	NA	unphased	2.48880039820806	1.24440019910403	2
11	73829417	73829418	89	45	4	2	2	1	NA	NA	NA	unphased	2.04233932378922	1.02116966189461	2
11	74054398	74054399	118	16	4	2	2	1	NA	NA	NA	unphased	0.726165092902833	0.726165092902833	1
11	76371842	76371843	71	33	4	2	2	1	NA	NA	NA	unphased	1.92974882260597	0.964874411302983	2
11	85422207	85422208	164	41	4	2	2	1	NA	NA	NA	unphased	1.21632653061224	1.21632653061224	1
11	86519438	86519439	67	36	4	2	2	1	NA	NA	NA	unphased	2.12561917971072	1.06280958985536	2
11	95712800	95712801	118	48	4	2	2	1	NA	NA	NA	unphased	1.75854438160807	0.879272190804033	2
11	104778259	104778260	20	7	4	2	2	1	NA	NA	NA	unphased	1.57671957671958	1.57671957671958	1
11	104778260	104778261	20	8	4	2	2	1	NA	NA	NA	unphased	1.73760932944606	1.73760932944606	1
11	107300079	107300080	23	7	4	2	2	1	NA	NA	NA	unphased	1.41904761904762	1.41904761904762	1
11	117375665	117375666	55	27	4	2	2	1	NA	NA	NA	unphased	2.00248880039821	1.0012444001991	2
11	119207177	119207178	19	6	4	2	2	1	NA	NA	NA	unphased	1.45959183673469	1.45959183673469	1
11	123848388	123848389	137	62	4	2	2	1	NA	NA	NA	unphased	1.89478002256179	0.947390011280894	2
11	124413239	124413240	61	20	4	2	2	1	NA	NA	NA	unphased	1.50163769211388	0.750818846056941	2
11	124765504	124765505	103	18	4	2	2	1	NA	NA	NA	unphased	0.904705683926463	0.904705683926463	1
11	134055384	134055385	80	35	4	2	2	1	NA	NA	NA	unphased	1.85093167701863	0.925465838509317	2
12	7647889	7647890	126	51	4	2	2	1	NA	NA	NA	unphased	1.75233483223798	0.87616741611899	2
12	10978479	10978480	106	16	4	2	2	1	NA	NA	NA	unphased	0.797591167614587	0.797591167614587	1
12	18890370	18890371	33	16	4	2	2	1	NA	NA	NA	unphased	1.98583923365264	0.992919616826322	2
12	21327634	21327635	66	24	4	2	2	1	NA	NA	NA	unphased	1.62176870748299	0.810884353741497	2
12	27573380	27573381	103	59	4	2	2	1	NA	NA	NA	unphased	2.21491559586798	1.10745779793399	2
12	32858791	32858792	266	108	4	2	2	1	NA	NA	NA	unphased	1.75619338644549	0.878096693222744	2
12	41966567	41966568	37	13	2	2	0	1	NA	NA	NA	unphased	1.06122448979592	1.06122448979592	1
12	53553950	53553951	44	10	2	2	0	1	NA	NA	NA	unphased	0.755857898715041	0.755857898715041	1
12	56420642	56420643	23	25	2	2	0	1	NA	NA	NA	unphased	2.12585034013605	1.06292517006803	2
12	56667526	56667527	138	25	2	2	0	1	NA	NA	NA	unphased	0.626017278076875	0.626017278076875	1
12	57971824	57971825	48	60	2	2	0	1	NA	NA	NA	unphased	2.26757369614512	1.13378684807256	2
12	66152118	66152119	12	4	2	2	0	1	NA	NA	NA	unphased	1.02040816326531	1.02040816326531	1
12	88388447	88388448	69	13	2	2	0	1	NA	NA	NA	unphased	0.647088103534097	0.647088103534097	1
12	91366687	91366688	66	43	2	2	0	1	NA	NA	NA	unphased	1.61018535854709	0.805092679273544	2
12	98993477	98993478	83	35	2	2	0	1	NA	NA	NA	unphased	1.21065375302663	1.21065375302663	1
12	109702912	109702913	38	34	2	2	0	1	NA	NA	NA	unphased	1.92743764172336	0.963718820861678	2
12	111744769	111744770	86	25	2	2	0	1	NA	NA	NA	unphased	0.919286633572348	0.919286633572348	1
12	117658043	117658044	64	64	2	2	0	1	NA	NA	NA	unphased	2.04081632653061	1.02040816326531	2
12	124848271	124848272	128	8	2	2	0	1	NA	NA	NA	unphased	0.240096038415366	0.240096038415366	1
13	25284995	25284996	54	16	2	1	1	0.83	1	1	0.17	unphased	0.932944606413994	0.932944606413994	1
13	37678877	37678878	99	25	2	1	1	0.86	1	1	0.14	unphased	0.822909809084924	0.822909809084924	1
13	42877102	42877103	36	13	2	1	1	0.86	1	1	0.14	unphased	1.08288213244481	1.08288213244481	1
13	42877103	42877104	37	11	2	1	1	0.86	1	1	0.14	unphased	0.935374149659864	0.935374149659864	1
13	52604566	52604567	147	8	2	1	1	0.86	1	1	0.14	unphased	0.210664911125741	1.50474936518386	0.14
13	70293557	70293558	84	20	2	1	1	0.86	1	1	0.14	unphased	0.784929356357928	0.784929356357928	1
13	73636111	73636112	173	44	2	1	1	0.86	1	1	0.14	unphased	0.827612150851124	0.827612150851124	1
13	99948124	99948125	60	13	2	1	1	0.86	1	1	0.14	unphased	0.726866088901314	0.726866088901314	1
13	99948125	99948126	61	13	2	1	1	0.86	1	1	0.14	unphased	0.717043574186431	0.717043574186431	1
13	102250552	102250553	40	20	2	1	1	0.86	1	1	0.14	unphased	1.36054421768707	1.36054421768707	1
13	108863159	108863160	108	16	2	1	1	0.86	1	1	0.14	unphased	0.526662277814351	0.526662277814351	1
13	108955863	108955864	69	33	2	1	1	0.86	1	1	0.14	unphased	1.32052821128451	1.32052821128451	1
13	111114722	111114723	37	8	2	1	1	0.86	1	1	0.14	unphased	0.72562358276644	0.72562358276644	1
13	113803480	113803481	41	18	2	1	1	0.86	1	1	0.14	unphased	1.24524386025597	1.24524386025597	1
13	114758028	114758029	36	7	2	1	1	0.86	1	1	0.14	unphased	0.664451827242525	0.664451827242525	1
14	21979303	21979304	14	5	1	1	0	1	NA	NA	NA	unphased	0.810955961331901	0.810955961331901	1
14	23866019	23866020	43	21	3	2	1	1	NA	NA	NA	unphased	1.66741071428571	0.833705357142857	2
14	24626790	24626791	112	45	2	1	1	1	NA	NA	NA	unphased	1.16989470947615	1.16989470947615	1
14	24877434	24877435	5	3	2	1	1	1	NA	NA	NA	unphased	1.53061224489796	1.53061224489796	1
14	39639305	39639306	109	13	3	2	1	1	NA	NA	NA	unphased	0.541485446637672	0.541485446637672	1
14	47566247	47566248	87	25	3	2	1	1	NA	NA	NA	unphased	1.13429300291545	1.13429300291545	1
14	70444655	70444656	52	21	2	1	1	1	NA	NA	NA	unphased	1.17416829745597	1.17416829745597	1
14	70990986	70990987	68	17	2	1	1	1	NA	NA	NA	unphased	0.816326530612245	0.816326530612245	1
14	70991077	70991078	63	17	2	1	1	1	NA	NA	NA	unphased	0.86734693877551	0.86734693877551	1
14	75276444	75276445	39	9	2	1	1	1	NA	NA	NA	unphased	0.76530612244898	0.76530612244898	1
14	81609985	81609986	39	13	2	1	1	1	NA	NA	NA	unphased	1.02040816326531	1.02040816326531	1
14	92949174	92949175	33	12	2	1	1	1	NA	NA	NA	unphased	1.08843537414966	1.08843537414966	1
14	102028814	102028815	12	4	2	1	1	1	NA	NA	NA	unphased	1.02040816326531	1.02040816326531	1
14	102900619	102900620	57	18	2	1	1	1	NA	NA	NA	unphased	0.979591836734694	0.979591836734694	1
14	105398140	105398141	11	6	2	1	1	1	NA	NA	NA	unphased	1.4405762304922	1.4405762304922	1
14	105420485	105420486	63	18	2	1	1	1	NA	NA	NA	unphased	0.90702947845805	0.90702947845805	1
15	22868840	22868841	44	18	NA	NA	NA	NA	NA	NA	NA	unphased	NA	NA	1
15	26828551	26828552	43	38	2	2	0	1	NA	NA	NA	unphased	1.91484001007811	0.957420005039053	2
15	50786303	50786304	96	29	2	2	0	1	NA	NA	NA	unphased	0.946938775510204	0.946938775510204	1
15	52098580	52098581	23	19	2	2	0	1	NA	NA	NA	unphased	1.84645286686103	0.923226433430515	2
15	67524204	67524205	217	77	2	2	0	1	NA	NA	NA	unphased	1.0689990281827	1.0689990281827	1
15	71272437	71272438	43	47	2	2	0	1	NA	NA	NA	unphased	2.13151927437642	1.06575963718821	2
15	72700064	72700065	44	46	2	2	0	1	NA	NA	NA	unphased	2.08616780045351	1.04308390022676	2
15	86807770	86807771	61	54	2	2	0	1	NA	NA	NA	unphased	1.91659272404614	0.95829636202307	2
15	86807771	86807772	59	56	2	2	0	1	NA	NA	NA	unphased	1.98757763975155	0.993788819875776	2
15	86807906	86807907	148	44	2	2	0	1	NA	NA	NA	unphased	0.935374149659864	0.935374149659864	1
15	90349345	90349346	34	35	2	2	0	1	NA	NA	NA	unphased	2.0703933747412	1.0351966873706	2
15	101169887	101169888	55	8	2	2	0	1	NA	NA	NA	unphased	0.518302559118886	0.518302559118886	1
16	613550	613551	16	9	NA	NA	NA	NA	NA	NA	NA	unphased	NA	NA	1
16	3119074	3119075	70	7	3	2	1	1	NA	NA	NA	unphased	0.461966604823748	0.461966604823748	1
16	3614972	3614973	17	26	3	2	1	1	NA	NA	NA	unphased	3.07261509254865	1.53630754627432	2
16	18893615	18893616	32	12	3	2	1	1	NA	NA	NA	unphased	1.38589981447124	1.38589981447124	1
16	20370846	20370847	127	14	3	2	1	1	NA	NA	NA	unphased	0.504559270516717	0.504559270516717	1
16	28601689	28601690	34	6	3	2	1	1	NA	NA	NA	unphased	0.762244897959184	0.762244897959184	1
16	29910345	29910346	14	7	3	2	1	1	NA	NA	NA	unphased	1.69387755102041	1.69387755102041	1
16	46697027	46697028	36	15	3	2	1	1	NA	NA	NA	unphased	1.49459783913565	1.49459783913565	1
16	58054049	58054050	47	12	3	2	1	1	NA	NA	NA	unphased	1.03355240401245	1.03355240401245	1
16	66643808	66643809	47	37	3	2	1	1	NA	NA	NA	unphased	2.23833819241983	1.11916909620991	2
16	67685324	67685325	25	4	3	2	1	1	NA	NA	NA	unphased	0.7009148486981	0.7009148486981	1
16	68156135	68156136	76	17	3	2	1	1	NA	NA	NA	unphased	0.928900592495063	0.928900592495063	1
16	70688510	70688511	70	39	3	2	1	1	NA	NA	NA	unphased	1.8181988391687	0.909099419584348	2
16	71715745	71715746	94	60	3	2	1	1	NA	NA	NA	unphased	1.97985687781606	0.989928438908031	2
16	72829352	72829353	101	23	3	2	1	1	NA	NA	NA	unphased	0.942560895325872	0.942560895325872	1
17	3493611	3493612	27	24	2	2	0	1	NA	NA	NA	unphased	1.92076830732293	0.960384153661465	2
17	7578524	7578525	24	16	1	1	0	1	NA	NA	NA	unphased	1.23265306122449	1.23265306122449	1
17	7750708	7750709	64	10	1	1	0	1	NA	NA	NA	unphased	0.416436845008274	0.416436845008274	1
17	8077440	8077441	23	9	1	1	0	1	NA	NA	NA	unphased	0.866709183673469	0.866709183673469	1
17	11725894	11725895	65	51	1	1	0	1	NA	NA	NA	unphased	1.35485573539761	1.35485573539761	1
17	15492233	15492234	91	30	1	1	0	1	NA	NA	NA	unphased	0.764041153651543	0.764041153651543	1
17	16526310	16526311	196	6	2	2	0	1	NA	NA	NA	unphased	0.121236613457264	0.121236613457264	1
17	16527677	16527678	50	44	2	2	0	1	NA	NA	NA	unphased	1.9105514546244	0.955275727312202	2
17	28435112	28435113	24	21	3	3	0	1	NA	NA	NA	unphased	2.37142857142857	1.18571428571429	2
17	34185238	34185239	239	69	1.76	2	1	0.38	1	0	0.62	unphased	0.860625496952028	0.860625496952028	1
17	39274087	39274088	9	4	1.76	2	1	0.38	1	0	0.62	unphased	1.18204081632653	1.18204081632653	1
17	46058878	46058879	88	26	1.76	2	1	0.38	1	0	0.62	unphased	0.876161833154314	0.876161833154314	1
17	48165192	48165193	14	13	1.76	2	1	0.38	1	0	0.62	unphased	1.84967498110355	1.34034418920547	1.38
17	48695255	48695256	108	11	1.76	2	1	0.38	1	0	0.62	unphased	0.355108900703138	0.934497107113522	0.38
17	56280655	56280656	46	25	1.76	2	1	0.38	1	0	0.62	unphased	1.3526875538948	1.3526875538948	1
17	56682438	56682439	55	10	1.76	2	1	0.38	1	0	0.62	unphased	0.591020408163265	0.591020408163265	1
17	76535872	76535873	48	34	1.76	2	1	0.38	1	0	0.62	unphased	1.59287207565953	1.15425512728952	1.38
17	77923603	77923604	101	29	1.76	2	1	0.38	1	0	0.62	unphased	0.856979591836735	0.856979591836735	1
17	80373348	80373349	135	24	1.76	2	1	0.38	1	0	0.62	unphased	0.579869079707355	0.579869079707355	1
18	2921568	2921569	31	47	3	3	0	1	NA	NA	NA	unphased	3.06200941915228	1.02066980638409	3
18	28935351	28935352	14	8	2	2	0	1	NA	NA	NA	unphased	1.48423005565863	1.48423005565863	1
18	29493399	29493400	56	21	2	2	0	1	NA	NA	NA	unphased	1.11317254174397	1.11317254174397	1
18	30254621	30254622	116	105	2	2	0	1	NA	NA	NA	unphased	1.93923723335488	0.96961861667744	2
18	40854119	40854120	32	37	2	2	0	1	NA	NA	NA	unphased	2.18870156758356	1.09435078379178	2
18	42530709	42530710	74	59	2	2	0	1	NA	NA	NA	unphased	1.81064907165874	0.905324535829369	2
18	42531631	42531632	28	29	2	2	0	1	NA	NA	NA	unphased	2.0766201217329	1.03831006086645	2
18	46284389	46284390	50	50	2	2	0	1	NA	NA	NA	unphased	2.04081632653061	1.02040816326531	2
18	56939813	56939814	17	17	2	2	0	1	NA	NA	NA	unphased	2.04081632653061	1.02040816326531	2
19	2040089	2040090	10	5	2	2	0	1	NA	NA	NA	unphased	1.36054421768707	1.36054421768707	1
19	4330042	4330043	20	12	2	2	0	1	NA	NA	NA	unphased	1.53061224489796	1.53061224489796	1
19	4352935	4352936	17	23	2	2	0	1	NA	NA	NA	unphased	2.3469387755102	1.1734693877551	2
19	11096081	11096082	8	20	2	2	0	1	NA	NA	NA	unphased	2.91545189504373	1.45772594752187	2
19	11489434	11489435	37	28	2	2	0	1	NA	NA	NA	unphased	1.75824175824176	0.879120879120879	2
19	15535477	15535478	14	4	2	2	0	1	NA	NA	NA	unphased	0.90702947845805	0.90702947845805	1
19	19042180	19042181	43	39	2	2	0	1	NA	NA	NA	unphased	1.94126431060229	0.970632155301145	2
19	19369454	19369455	21	7	2	2	0	1	NA	NA	NA	unphased	1.02040816326531	1.02040816326531	1
19	19389574	19389575	17	8	2	2	0	1	NA	NA	NA	unphased	1.30612244897959	1.30612244897959	1
19	22836206	22836207	90	64	2	2	0	1	NA	NA	NA	unphased	1.69626292075272	0.848131460376358	2
19	36051407	36051408	25	26	2	2	0	1	NA	NA	NA	unphased	2.08083233293317	1.04041616646659	2
19	38916723	38916724	12	14	2	2	0	1	NA	NA	NA	unphased	2.1978021978022	1.0989010989011	2
19	42752639	42752640	14	23	2	2	0	1	NA	NA	NA	unphased	2.53723110865968	1.26861555432984	2
19	48664716	48664717	116	35	2	2	0	1	NA	NA	NA	unphased	0.946073793755913	0.946073793755913	1
19	48807009	48807010	60	42	2	2	0	1	NA	NA	NA	unphased	1.68067226890756	0.840336134453782	2
19	50322429	50322430	30	29	2	2	0	1	NA	NA	NA	unphased	2.00622621930128	1.00311310965064	2
19	51322497	51322498	83	29	2	2	0	1	NA	NA	NA	unphased	1.05685131195335	1.05685131195335	1
19	52004672	52004673	100	67	2	2	0	1	NA	NA	NA	unphased	1.63754124404253	0.818770622021264	2
19	53740439	53740440	43	19	2	2	0	1	NA	NA	NA	unphased	1.25082290980909	1.25082290980909	1
19	55590381	55590382	51	43	2	2	0	1	NA	NA	NA	unphased	1.86712983065567	0.933564915327833	2
19	56104585	56104586	4	6	2	2	0	1	NA	NA	NA	unphased	2.44897959183673	1.22448979591837	2
19	56423966	56423967	46	41	2	2	0	1	NA	NA	NA	unphased	1.92352803190242	0.961764015951208	2
2	1204850	1204851	113	57	4	2	2	1	NA	NA	NA	unphased	2.0391356542617	1.01956782713085	2
2	8940552	8940553	267	89	4	2	2	1	NA	NA	NA	unphased	1.52040816326531	0.760204081632653	2
2	16082188	16082189	39	20	4	2	2	1	NA	NA	NA	unphased	2.06157039086821	1.03078519543411	2
2	27440792	27440793	140	18	4	2	2	1	NA	NA	NA	unphased	0.692844226298114	0.692844226298114	1
2	27560184	27560185	68	8	4	2	2	1	NA	NA	NA	unphased	0.640171858216971	0.640171858216971	1
2	32725072	32725073	130	65	4	2	2	1	NA	NA	NA	unphased	2.02721088435374	1.01360544217687	2
2	33500090	33500091	88	56	4	2	2	1	NA	NA	NA	unphased	2.36507936507937	1.18253968253968	2
2	33784045	33784046	39	4	4	2	2	1	NA	NA	NA	unphased	0.565733270052207	0.565733270052207	1
2	37302671	37302672	167	64	4	2	2	1	NA	NA	NA	unphased	1.68495450128103	0.842477250640516	2
2	37455704	37455705	101	59	4	2	2	1	NA	NA	NA	unphased	2.24260204081633	1.12130102040816	2
2	39477658	39477659	14	5	4	2	2	1	NA	NA	NA	unphased	1.60042964554243	1.60042964554243	1
2	42284381	42284382	124	63	4	2	2	1	NA	NA	NA	unphased	2.0488922841864	1.0244461420932	2
2	48915919	48915920	183	39	4	2	2	1	NA	NA	NA	unphased	1.06839492553778	1.06839492553778	1
2	74783970	74783971	116	68	4	2	2	1	NA	NA	NA	unphased	2.24755989352263	1.12377994676131	2
2	79313497	79313498	60	35	4	2	2	1	NA	NA	NA	unphased	2.2406015037594	1.1203007518797	2
2	79363246	79363247	16	10	4	2	2	1	NA	NA	NA	unphased	2.33908948194662	1.16954474097331	2
2	80136889	80136890	51	24	4	2	2	1	NA	NA	NA	unphased	1.94612244897959	0.973061224489796	2
2	80782830	80782831	57	20	4	2	2	1	NA	NA	NA	unphased	1.57964484495097	0.789822422475484	2
2	89976480	89976481	131	49	4	2	2	1	NA	NA	NA	unphased	1.65555555555556	0.827777777777778	2
2	95770423	95770424	108	35	3	2	1	1	NA	NA	NA	unphased	1.24375624375624	1.24375624375624	1
2	102480483	102480484	72	11	3	2	1	1	NA	NA	NA	unphased	0.673469387755102	0.673469387755102	1
2	102984393	102984394	43	25	3	2	1	1	NA	NA	NA	unphased	1.86824729891957	0.934123649459784	2
2	113405295	113405296	262	70	3	2	1	1	NA	NA	NA	unphased	1.07142857142857	1.07142857142857	1
2	125261972	125261973	64	38	3	2	1	1	NA	NA	NA	unphased	1.89315726290516	0.946578631452581	2
2	136552232	136552233	77	37	3	2	1	1	NA	NA	NA	unphased	1.64930182599356	0.824650912996778	2
2	155099273	155099274	29	15	2	2	0	1	NA	NA	NA	unphased	1.39146567717996	1.39146567717996	1
2	178565853	178565854	82	31	3	2	1	1	NA	NA	NA	unphased	1.39407621455662	0.69703810727831	2
2	178565889	178565890	85	28	3	2	1	1	NA	NA	NA	unphased	1.25916561314791	1.25916561314791	1
2	179196318	179196319	114	28	3	2	1	1	NA	NA	NA	unphased	1.00201207243461	1.00201207243461	1
2	179410594	179410595	150	35	3	2	1	1	NA	NA	NA	unphased	0.961389961389961	0.961389961389961	1
2	179453962	179453963	156	35	3	2	1	1	NA	NA	NA	unphased	0.931189229618549	0.931189229618549	1
2	179643973	179643974	63	11	3	2	1	1	NA	NA	NA	unphased	0.755377826806398	0.755377826806398	1
2	207174721	207174722	75	7	3	2	1	1	NA	NA	NA	unphased	0.433797909407666	0.433797909407666	1
2	207412219	207412220	50	8	3	2	1	1	NA	NA	NA	unphased	0.7009148486981	0.7009148486981	1
2	207509076	207509077	18	16	3	2	1	1	NA	NA	NA	unphased	2.39135654261705	1.19567827130852	2
2	211460257	211460258	159	38	3	2	1	1	NA	NA	NA	unphased	0.980213405159018	0.980213405159018	1
2	220501520	220501521	139	74	3	2	1	1	NA	NA	NA	unphased	1.76544984190859	0.882724920954297	2
2	223436658	223436659	45	4	3	2	1	1	NA	NA	NA	unphased	0.414827155351937	0.414827155351937	1
2	233410279	233410280	19	15	3	2	1	1	NA	NA	NA	unphased	2.24189675870348	1.12094837935174	2
2	234091053	234091054	108	20	3	2	1	1	NA	NA	NA	unphased	0.794005102040816	0.794005102040816	1
2	238275719	238275720	38	4	3	2	1	1	NA	NA	NA	unphased	0.483965014577259	0.483965014577259	1
2	240985203	240985204	32	7	3	2	1	1	NA	NA	NA	unphased	0.912087912087912	0.912087912087912	1
2	242045845	242045846	66	6	3	2	1	1	NA	NA	NA	unphased	0.423469387755102	0.423469387755102	1
2	242287600	242287601	60	44	3	2	1	1	NA	NA	NA	unphased	2.14992150706436	1.07496075353218	2
20	5905691	5905692	25	31	2	2	0	1	NA	NA	NA	unphased	2.25947521865889	1.12973760932945	2
20	20243734	20243735	65	50	2	2	0	1	NA	NA	NA	unphased	1.77462289263531	0.887311446317657	2
20	44839102	44839103	16	20	4	4	0	1	NA	NA	NA	unphased	3.37868480725624	1.12622826908541	3
20	49626861	49626862	16	29	4	4	0	1	NA	NA	NA	unphased	3.91927437641723	0.979818594104308	4
20	50342405	50342406	119	19	4	4	0	1	NA	NA	NA	unphased	0.837326234841763	0.837326234841763	1
20	60887293	60887294	33	8	4	4	0	1	NA	NA	NA	unphased	1.1866600298656	1.1866600298656	1
20	61527694	61527695	67	9	4	4	0	1	NA	NA	NA	unphased	0.720193340494092	0.720193340494092	1
20	62038587	62038588	13	30	4	4	0	1	NA	NA	NA	unphased	4.24299952539155	1.06074988134789	4
20	62187600	62187601	60	126	4	4	0	1	NA	NA	NA	unphased	4.11981566820277	1.02995391705069	4
20	62505155	62505156	14	5	NA	NA	NA	NA	NA	NA	NA	unphased	NA	NA	1
20	62680664	62680665	17	25	NA	NA	NA	NA	NA	NA	NA	unphased	NA	NA	1
21	11047489	11047490	300	12	NA	NA	NA	NA	NA	NA	NA	unphased	NA	NA	1
21	11047539	11047540	471	22	NA	NA	NA	NA	NA	NA	NA	unphased	NA	NA	1
21	42551397	42551398	14	9	3	2	1	1	NA	NA	NA	unphased	1.98846495119787	0.994232475598935	2
21	45959495	45959496	110	76	3	2	1	1	NA	NA	NA	unphased	2.07636603028308	1.03818301514154	2
21	46047042	46047043	27	23	3	2	1	1	NA	NA	NA	unphased	2.33755102040816	1.16877551020408	2
22	20939444	20939445	48	7	1.09	2	0	0.09	0	1	0.91	unphased	0.403662337662338	0.403662337662338	1
22	24086192	24086193	42	38	1.09	2	0	0.09	0	1	0.91	unphased	1.50652551020408	1.38213349560007	1.09
22	36907703	36907704	58	4	1.09	2	0	0.09	0	1	0.91	unphased	0.204621461487821	0.204621461487821	1
22	38512211	38512212	20	18	1.09	2	0	0.09	0	1	0.91	unphased	1.50235230934479	1.37830487095852	1.09
22	43599894	43599895	5	7	1.09	2	0	0.09	0	1	0.91	unphased	1.85011904761905	1.69735692442114	1.09
22	46859806	46859807	31	5	1.09	2	0	0.09	0	1	0.91	unphased	0.440504535147392	0.440504535147392	1
22	50187931	50187932	49	39	NA	NA	NA	NA	NA	NA	NA	unphased	NA	NA	1
3	12954961	12954962	13	11	2	2	0	1	NA	NA	NA	unphased	1.87074829931973	0.935374149659864	2
3	33602365	33602366	104	116	2	2	0	1	NA	NA	NA	unphased	2.15213358070501	1.0760667903525	2
3	35758789	35758790	35	27	2	2	0	1	NA	NA	NA	unphased	1.77748518762344	0.888742593811718	2
3	42906392	42906393	115	37	2	2	0	1	NA	NA	NA	unphased	0.993555316863588	0.993555316863588	1
3	64587632	64587633	37	31	2	2	0	1	NA	NA	NA	unphased	1.86074429771909	0.930372148859544	2
3	88039992	88039993	180	78	2.24	2	2	0.12	1	1	0.88	unphased	1.30654010441386	1.16655366465523	1.12
3	89176406	89176407	101	45	2.24	2	2	0.12	1	1	0.88	unphased	1.33201006429969	1.18929470026758	1.12
3	108773609	108773610	119	62	2.24	2	2	0.12	1	1	0.88	unphased	1.4803382568497	1.32173058647295	1.12
3	113658812	113658813	114	6	2.24	2	2	0.12	1	1	0.88	unphased	0.216081632653061	0.216081632653061	1
3	114069950	114069951	164	48	2.24	2	2	0.12	1	1	0.88	unphased	0.978482864844051	0.978482864844051	1
3	119459491	119459492	36	18	2.24	2	2	0.12	1	1	0.88	unphased	1.44054421768708	1.44054421768708	1
3	121126217	121126218	56	22	2.24	2	2	0.12	1	1	0.88	unphased	1.2189220303506	1.2189220303506	1
3	121228451	121228452	92	28	2.24	2	2	0.12	1	1	0.88	unphased	1.00838095238095	1.00838095238095	1
3	121448164	121448165	111	32	2.24	2	2	0.12	1	1	0.88	unphased	0.967078635650064	0.967078635650064	1
3	121980409	121980410	206	34	2.24	2	2	0.12	1	1	0.88	unphased	0.612231292517007	0.612231292517007	1
3	124953164	124953165	124	55	2.24	2	2	0.12	1	1	0.88	unphased	1.32787595485121	1.18560353111716	1.12
3	128890382	128890383	55	22	2.24	2	2	0.12	1	1	0.88	unphased	1.23475218658892	1.23475218658892	1
3	134967228	134967229	64	38	2.24	2	2	0.12	1	1	0.88	unphased	1.6100200080032	1.43751786428857	1.12
3	137907371	137907372	109	39	2.24	2	2	0.12	1	1	0.88	unphased	1.13880860452289	1.13880860452289	1
3	142840793	142840794	66	19	2.24	2	2	0.12	1	1	0.88	unphased	0.966012004801921	0.966012004801921	1
3	150263883	150263884	106	38	2.24	2	2	0.12	1	1	0.88	unphased	1.14043083900227	1.14043083900227	1
3	155232541	155232542	82	52	2.24	2	2	0.12	1	1	0.88	unphased	1.67705147730734	1.49736739045298	1.12
3	164764763	164764764	63	10	2.24	2	2	0.12	1	1	0.88	unphased	0.592004473022086	0.592004473022086	1
3	165547902	165547903	73	19	2.24	2	2	0.12	1	1	0.88	unphased	0.892511091393079	0.892511091393079	1
3	178936098	178936099	71	40	2.24	2	2	0.12	1	1	0.88	unphased	1.55734510020224	1.39048669660915	1.12
3	194062092	194062093	116	17	2.24	2	2	0.12	1	1	0.88	unphased	0.55238913610557	0.55238913610557	1
4	8294049	8294050	65	7	3	2	1	1	NA	NA	NA	unphased	0.494047619047619	0.494047619047619	1
4	8621110	8621111	28	20	1.06	2	0	0.06	0	1	0.94	unphased	1.30901360544218	1.30901360544218	1
4	15443951	15443952	133	90	1.06	2	0	0.06	0	1	0.94	unphased	1.26792349226686	1.19615423798761	1.06
4	16597388	16597389	105	13	1.06	2	0	0.06	0	1	0.94	unphased	0.346112071947423	0.346112071947423	1
4	37831658	37831659	31	23	2	2	0	1	NA	NA	NA	unphased	1.7384731670446	0.869236583522298	2
4	39436040	39436041	43	46	2	2	0	1	NA	NA	NA	unphased	2.10960788809906	1.05480394404953	2
4	47570957	47570958	40	59	2	2	0	1	NA	NA	NA	unphased	2.43248814677386	1.21624407338693	2
4	69342004	69342005	99	91	2	2	0	1	NA	NA	NA	unphased	1.95488721804511	0.977443609022556	2
4	71509532	71509533	37	28	2	2	0	1	NA	NA	NA	unphased	1.75824175824176	0.879120879120879	2
4	140393856	140393857	58	7	3	2	1	1	NA	NA	NA	unphased	0.547252747252747	0.547252747252747	1
4	145567963	145567964	45	23	3	2	1	1	NA	NA	NA	unphased	1.718787515006	0.859393757503001	2
4	156721209	156721210	44	7	3	2	1	1	NA	NA	NA	unphased	0.697478991596639	0.697478991596639	1
4	177072998	177072999	46	17	2	1	1	1	NA	NA	NA	unphased	1.10139293812763	1.10139293812763	1
4	183959906	183959907	15	3	2	1	1	1	NA	NA	NA	unphased	0.680272108843537	0.680272108843537	1
4	185038117	185038118	57	17	2	1	1	1	NA	NA	NA	unphased	0.937672366243795	0.937672366243795	1
4	187541652	187541653	205	70	2	1	1	1	NA	NA	NA	unphased	1.03896103896104	1.03896103896104	1
5	1034431	1034432	69	23	5.1	4	2	0.82	1	0	0.18	unphased	1.79540816326531	0.986488001794124	1.82
5	10280434	10280435	11	4	5.1	4	2	0.82	1	0	0.18	unphased	1.91510204081633	1.91510204081633	1
5	13866337	13866338	103	11	5.1	4	2	0.82	1	0	0.18	unphased	0.69296455424275	0.69296455424275	1
5	17353964	17353965	59	8	5.1	4	2	0.82	1	0	0.18	unphased	0.857508376484922	0.857508376484922	1
5	23527241	23527242	59	13	5.1	4	2	0.82	1	0	0.18	unphased	1.29668367346939	1.29668367346939	1
5	34813694	34813695	75	20	5.1	4	2	0.82	1	0	0.18	unphased	1.51192266380236	0.830726738352947	1.82
5	39390670	39390671	48	45	5.1	4	2	0.82	1	0	0.18	unphased	3.47498354180382	1.00433050341151	3.46
5	45262719	45262720	80	82	5.1	4	2	0.82	1	0	0.18	unphased	3.63514739229025	0.998666866013805	3.64
5	50689506	50689507	30	6	2	2	0	1	NA	NA	NA	unphased	0.680272108843537	0.680272108843537	1
5	82808108	82808109	16	20	2	2	0	1	NA	NA	NA	unphased	2.26757369614512	1.13378684807256	2
5	83360525	83360526	27	17	2	2	0	1	NA	NA	NA	unphased	1.57699443413729	0.788497217068646	2
5	90016834	90016835	86	28	2	2	0	1	NA	NA	NA	unphased	1.00250626566416	1.00250626566416	1
5	95224660	95224661	22	23	2	2	0	1	NA	NA	NA	unphased	2.08616780045351	1.04308390022676	2
5	111594983	111594984	47	39	2	2	0	1	NA	NA	NA	unphased	1.85097294731846	0.925486473659231	2
5	112174042	112174043	33	25	2	2	0	1	NA	NA	NA	unphased	1.75932441942294	0.879662209711471	2
5	112177056	112177057	23	20	2	2	0	1	NA	NA	NA	unphased	1.8984337921215	0.94921689606075	2
5	128863462	128863463	102	17	2	2	0	1	NA	NA	NA	unphased	0.583090379008746	0.583090379008746	1
5	132556549	132556550	50	11	2	2	0	1	NA	NA	NA	unphased	0.736032117765139	0.736032117765139	1
5	139189274	139189275	50	78	2	2	0	1	NA	NA	NA	unphased	2.48724489795918	1.24362244897959	2
5	149001623	149001624	6	6	2	2	0	1	NA	NA	NA	unphased	2.04081632653061	1.02040816326531	2
5	154169898	154169899	56	7	2	2	0	1	NA	NA	NA	unphased	0.453514739229025	0.453514739229025	1
5	158135175	158135176	5	5	2	2	0	1	NA	NA	NA	unphased	2.04081632653061	2.04081632653061	1
5	161112939	161112940	13	17	2	2	0	1	NA	NA	NA	unphased	2.31292517006803	1.15646258503401	2
5	170725834	170725835	35	24	2	2	0	1	NA	NA	NA	unphased	1.66032514700796	0.830162573503978	2
5	176931446	176931447	17	19	2	2	0	1	NA	NA	NA	unphased	2.15419501133787	1.07709750566893	2
6	398902	398903	22	20	NA	NA	NA	NA	NA	NA	NA	unphased	NA	NA	1
6	2680467	2680468	348	36	4	2	2	1	NA	NA	NA	unphased	0.57015306122449	0.57015306122449	1
6	24134683	24134684	43	21	4	2	2	1	NA	NA	NA	unphased	1.99553571428571	0.997767857142857	2
6	26124827	26124828	110	28	4	2	2	1	NA	NA	NA	unphased	1.23395445134576	1.23395445134576	1
6	26197190	26197191	115	11	4	2	2	1	NA	NA	NA	unphased	0.530936183997408	0.530936183997408	1
6	26423263	26423264	74	37	4	2	2	1	NA	NA	NA	unphased	2.02721088435374	1.01360544217687	2
6	29141838	29141839	375	171	4	2	2	1	NA	NA	NA	unphased	1.90468714958511	0.952343574792554	2
6	32036725	32036726	149	14	4	2	2	1	NA	NA	NA	unphased	0.522348816827344	0.522348816827344	1
6	38691139	38691140	152	59	4	2	2	1	NA	NA	NA	unphased	1.70055131057162	0.850275655285811	2
6	41653912	41653913	69	50	4	2	2	1	NA	NA	NA	unphased	2.55530783742068	1.27765391871034	2
6	44137690	44137691	19	10	4	2	2	1	NA	NA	NA	unphased	2.09711470795215	1.04855735397607	2
6	47682357	47682358	248	9	4	2	2	1	NA	NA	NA	unphased	0.212975462558564	0.212975462558564	1
6	47847435	47847436	38	5	4	2	2	1	NA	NA	NA	unphased	0.707166587565259	0.707166587565259	1
6	49421410	49421411	81	20	2	1	1	1	NA	NA	NA	unphased	0.808244089715094	0.808244089715094	1
6	50681718	50681719	56	21	2	1	1	1	NA	NA	NA	unphased	1.11317254174397	1.11317254174397	1
6	52616443	52616444	138	29	2	1	1	1	NA	NA	NA	unphased	0.708786508615422	0.708786508615422	1
6	55925685	55925686	46	12	3	2	1	1	NA	NA	NA	unphased	1.05137227304715	1.05137227304715	1
6	57472361	57472362	82	6	3	2	1	1	NA	NA	NA	unphased	0.346474953617811	0.346474953617811	1
6	69653720	69653721	94	21	3	2	1	1	NA	NA	NA	unphased	0.927950310559006	0.927950310559006	1
6	70992688	70992689	55	20	3	2	1	1	NA	NA	NA	unphased	1.35510204081633	1.35510204081633	1
6	71004113	71004114	98	74	3	2	1	1	NA	NA	NA	unphased	2.18628381585192	1.09314190792596	2
6	73102432	73102433	94	41	3	2	1	1	NA	NA	NA	unphased	1.54331065759637	0.771655328798186	2
6	73843172	73843173	61	11	3	2	1	1	NA	NA	NA	unphased	0.776360544217687	0.776360544217687	1
6	75893687	75893688	115	25	3	2	1	1	NA	NA	NA	unphased	0.907434402332362	0.907434402332362	1
6	84910620	84910621	93	55	3	2	1	1	NA	NA	NA	unphased	1.888444567016	0.944222283507998	2
6	85457786	85457787	49	9	3	2	1	1	NA	NA	NA	unphased	0.788529204785363	0.788529204785363	1
6	85472267	85472268	169	31	3	2	1	1	NA	NA	NA	unphased	0.78765306122449	0.78765306122449	1
6	87725569	87725570	75	47	3	2	1	1	NA	NA	NA	unphased	1.9576781532285	0.978839076614252	2
6	118596641	118596642	67	13	3	2	1	1	NA	NA	NA	unphased	0.825765306122449	0.825765306122449	1
6	131215518	131215519	160	58	3	2	1	1	NA	NA	NA	unphased	1.35199400861262	0.67599700430631	2
6	132168976	132168977	22	12	3	2	1	1	NA	NA	NA	unphased	1.79351740696279	0.896758703481393	2
6	132172344	132172345	96	24	3	2	1	1	NA	NA	NA	unphased	1.01632653061225	1.01632653061225	1
6	132860117	132860118	66	53	3	2	1	1	NA	NA	NA	unphased	2.26324815640542	1.13162407820271	2
6	133015199	133015200	100	14	3	2	1	1	NA	NA	NA	unphased	0.62406015037594	0.62406015037594	1
6	137219303	137219304	67	20	3	2	1	1	NA	NA	NA	unphased	1.16819141449683	1.16819141449683	1
6	139204004	139204005	38	7	3	2	1	1	NA	NA	NA	unphased	0.790476190476191	0.790476190476191	1
6	146720570	146720571	117	21	3	2	1	1	NA	NA	NA	unphased	0.773291925465839	0.773291925465839	1
6	149342529	149342530	43	23	3	2	1	1	NA	NA	NA	unphased	1.7708719851577	0.88543599257885	2
6	152477093	152477094	79	33	3	2	1	1	NA	NA	NA	unphased	1.4972667638484	0.748633381924198	2
6	159166689	159166690	33	9	3	2	1	1	NA	NA	NA	unphased	1.08892128279883	1.08892128279883	1
6	170112604	170112605	69	27	1	1	0	1	NA	NA	NA	unphased	0.866709183673469	0.866709183673469	1
7	1009035	1009036	299	85	2	1	1	1	NA	NA	NA	unphased	0.903486394557823	0.903486394557823	1
7	2296507	2296508	22	4	2	1	1	1	NA	NA	NA	unphased	0.627943485086342	0.627943485086342	1
7	2998170	2998171	28	11	2	1	1	1	NA	NA	NA	unphased	1.15122972265829	1.15122972265829	1
7	4901032	4901033	24	8	2	1	1	1	NA	NA	NA	unphased	1.02040816326531	1.02040816326531	1
7	5348573	5348574	15	7	2	1	1	1	NA	NA	NA	unphased	1.2987012987013	1.2987012987013	1
7	6089540	6089541	69	16	2	1	1	1	NA	NA	NA	unphased	0.768307322929172	0.768307322929172	1
7	43506059	43506060	61	19	2	1	1	1	NA	NA	NA	unphased	0.969387755102041	0.969387755102041	1
7	43547725	43547726	35	15	2	1	1	1	NA	NA	NA	unphased	1.22448979591837	1.22448979591837	1
7	48314309	48314310	118	29	2	1	1	1	NA	NA	NA	unphased	0.805220047202554	0.805220047202554	1
7	64152318	64152319	90	25	2	1	1	1	NA	NA	NA	unphased	0.887311446317657	0.887311446317657	1
7	66304887	66304888	41	15	2	1	1	1	NA	NA	NA	unphased	1.0932944606414	1.0932944606414	1
7	82583932	82583933	43	15	2	1	1	1	NA	NA	NA	unphased	1.05559465165377	1.05559465165377	1
7	87607652	87607653	64	23	2	1	1	1	NA	NA	NA	unphased	1.0790523105794	1.0790523105794	1
7	88964848	88964849	43	11	2	1	1	1	NA	NA	NA	unphased	0.831443688586546	0.831443688586546	1
7	100349950	100349951	13	16	2	1	1	1	NA	NA	NA	unphased	2.25193525686137	2.25193525686137	1
7	100678367	100678368	378	93	2	1	1	1	NA	NA	NA	unphased	0.805927466528013	0.805927466528013	1
7	102669192	102669193	23	14	2	1	1	1	NA	NA	NA	unphased	1.54440154440154	1.54440154440154	1
7	103252102	103252103	33	8	2	1	1	1	NA	NA	NA	unphased	0.79641612742658	0.79641612742658	1
7	107329635	107329636	106	44	2	1	1	1	NA	NA	NA	unphased	1.19727891156463	1.19727891156463	1
7	110763775	110763776	73	20	2	1	1	1	NA	NA	NA	unphased	0.877770463023919	0.877770463023919	1
7	143792810	143792811	137	40	2	1	1	1	NA	NA	NA	unphased	0.922402859448864	0.922402859448864	1
7	147815243	147815244	153	38	2	1	1	1	NA	NA	NA	unphased	0.812052569718987	0.812052569718987	1
7	150440022	150440023	37	17	2	1	1	1	NA	NA	NA	unphased	1.28495842781557	1.28495842781557	1
7	154561156	154561157	52	9	2	1	1	1	NA	NA	NA	unphased	0.602208096353295	0.602208096353295	1
8	614631	614632	56	62	NA	NA	NA	NA	NA	NA	NA	unphased	NA	NA	1
8	22262247	22262248	70	84	2	2	0	1	NA	NA	NA	unphased	2.22634508348794	1.11317254174397	2
8	35606177	35606178	98	55	2	2	0	1	NA	NA	NA	unphased	1.4672535680939	0.733626784046952	2
8	38157059	38157060	53	254	9	7	2	1	NA	NA	NA	unphased	9.16851691816792	1.30978813116685	7
8	41753902	41753903	85	21	8	6	2	1	NA	NA	NA	unphased	1.99730458221024	0.998652291105121	2
8	41792161	41792162	150	235	8	6	2	1	NA	NA	NA	unphased	6.15372382719321	1.02562063786554	6
8	56698930	56698931	51	16	4	2	2	1	NA	NA	NA	unphased	1.45233018580567	1.45233018580567	1
8	67047316	67047317	131	32	4	2	2	1	NA	NA	NA	unphased	1.19394015274822	1.19394015274822	1
8	67809056	67809057	315	8	4	2	2	1	NA	NA	NA	unphased	0.15062867252164	0.15062867252164	1
8	77619805	77619806	19	17	1.02	2	1	0.01	0	1	0.99	unphased	1.46465986394558	1.45015828113424	1.01
8	77767579	77767580	57	21	1.02	2	1	0.01	0	1	0.99	unphased	0.835054945054945	0.835054945054945	1
8	87423844	87423845	102	11	1.02	2	1	0.01	0	1	0.99	unphased	0.301928842333394	0.301928842333394	1
8	95416345	95416346	22	22	1.02	2	1	0.01	0	1	0.99	unphased	1.55081632653061	1.53546170943625	1.01
8	98973702	98973703	103	24	1.02	2	1	0.01	0	1	0.99	unphased	0.586135304515507	0.586135304515507	1
8	99168341	99168342	132	36	1.02	2	1	0.01	0	1	0.99	unphased	0.66463556851312	0.66463556851312	1
8	100654300	100654301	56	21	1.02	2	1	0.01	0	1	0.99	unphased	0.845899814471243	0.845899814471243	1
8	103564204	103564205	141	17	1.02	2	1	0.01	0	1	0.99	unphased	0.333719969000258	0.333719969000258	1
8	105361136	105361137	53	30	1.02	2	1	0.01	0	1	0.99	unphased	1.12107204327514	1.12107204327514	1
8	106814401	106814402	42	6	1.02	2	1	0.01	0	1	0.99	unphased	0.387704081632653	0.387704081632653	1
8	121644759	121644760	39	26	1.02	2	1	0.01	0	1	0.99	unphased	1.24065306122449	1.24065306122449	1
8	134472093	134472094	148	72	1.02	2	1	0.01	0	1	0.99	unphased	1.01507977736549	1.01507977736549	1
8	139164106	139164107	92	58	1.02	2	1	0.01	0	1	0.99	unphased	1.19929795918367	1.19929795918367	1
8	144461551	144461552	12	3	1.02	2	1	0.01	0	1	0.99	unphased	0.620326530612245	0.620326530612245	1
8	144943139	144943140	55	13	1.02	2	1	0.01	0	1	0.99	unphased	0.592959183673469	0.592959183673469	1
8	145732167	145732168	38	15	NA	NA	NA	NA	NA	NA	NA	unphased	NA	NA	1
9	18504833	18504834	62	53	2	2	0	1	NA	NA	NA	unphased	1.88110026619343	0.940550133096717	2
9	19089442	19089443	40	11	2	2	0	1	NA	NA	NA	unphased	0.880352140856343	0.880352140856343	1
9	27455300	27455301	59	17	2	2	0	1	NA	NA	NA	unphased	0.912996777658432	0.912996777658432	1
9	35398282	35398283	20	18	2	2	0	1	NA	NA	NA	unphased	1.93340494092374	0.966702470461869	2
9	72131329	72131330	15	10	2	2	0	1	NA	NA	NA	unphased	1.63265306122449	1.63265306122449	1
9	74860169	74860170	65	53	2	2	0	1	NA	NA	NA	unphased	1.83327568315462	0.916637841577309	2
9	77282714	77282715	47	57	2	2	0	1	NA	NA	NA	unphased	2.23704866562009	1.11852433281005	2
9	77416850	77416851	55	33	2	2	0	1	NA	NA	NA	unphased	1.53061224489796	0.76530612244898	2
9	86584345	86584346	54	54	2	2	0	1	NA	NA	NA	unphased	2.04081632653061	1.02040816326531	2
9	104432352	104432353	45	13	2	2	0	1	NA	NA	NA	unphased	0.91484869809993	0.91484869809993	1
9	105768097	105768098	25	25	2	2	0	1	NA	NA	NA	unphased	2.04081632653061	1.02040816326531	2
9	119976771	119976772	38	29	2	2	0	1	NA	NA	NA	unphased	1.76667681998172	0.883338409990862	2
9	130860953	130860954	74	76	2	2	0	1	NA	NA	NA	unphased	2.06802721088435	1.03401360544218	2
9	135277210	135277211	96	20	2	2	0	1	NA	NA	NA	unphased	0.703729767769177	0.703729767769177	1
9	135763717	135763718	33	13	2	2	0	1	NA	NA	NA	unphased	1.15350488021295	1.15350488021295	1
9	139276417	139276418	15	8	2	2	0	1	NA	NA	NA	unphased	1.41969831410825	1.41969831410825	1
X	1554620	1554621	53	20	NA	NA	NA	NA	NA	NA	NA	unphased	NA	NA	1
X	21609199	21609200	61	69	NA	NA	NA	NA	NA	NA	NA	unphased	NA	NA	1
X	27999093	27999094	16	20	NA	NA	NA	NA	NA	NA	NA	unphased	NA	NA	1
X	29973345	29973346	22	43	NA	NA	NA	NA	NA	NA	NA	unphased	NA	NA	1
X	37965891	37965892	57	3	NA	NA	NA	NA	NA	NA	NA	unphased	NA	NA	1
X	38164002	38164003	6	14	NA	NA	NA	NA	NA	NA	NA	unphased	NA	NA	1
X	53455273	53455274	46	21	NA	NA	NA	NA	NA	NA	NA	unphased	NA	NA	1
X	73042694	73042695	18	28	NA	NA	NA	NA	NA	NA	NA	unphased	NA	NA	1
X	91090519	91090520	34	48	NA	NA	NA	NA	NA	NA	NA	unphased	NA	NA	1
X	106888415	106888416	126	71	NA	NA	NA	NA	NA	NA	NA	unphased	NA	NA	1
X	117809914	117809915	11	22	NA	NA	NA	NA	NA	NA	NA	unphased	NA	NA	1
X	122537352	122537353	47	99	NA	NA	NA	NA	NA	NA	NA	unphased	NA	NA	1
X	139865671	139865672	5	19	NA	NA	NA	NA	NA	NA	NA	unphased	NA	NA	1
X	147743937	147743938	68	121	NA	NA	NA	NA	NA	NA	NA	unphased	NA	NA	1
Y	5605739	5605740	123	73	NA	NA	NA	NA	NA	NA	NA	unphased	NA	NA	1
