chr	start	end	WT.count	mut.count	subclonal.CN	nMaj1	nMin1	frac1	nMaj2	nMin2	frac2	phase	mutation.copy.number	subclonal.fraction	no.chrs.bearing.mut
1	26900948	26900949	13	3	5.04	4	2	0.76	1	1	0.24	unphased	1.95888888888889	1.95888888888889	1
1	29519636	29519637	37	4	5.04	4	2	0.76	1	1	0.24	unphased	1.01925925925926	1.01925925925926	1
1	158908868	158908869	69	4	4	4	0	1	NA	NA	NA	unphased	0.515474378488077	0.515474378488077	1
1	175106086	175106087	46	7	4	4	0	1	NA	NA	NA	unphased	1.24248777078966	1.24248777078966	1
10	61835662	61835663	53	11	2.29	2	1	0.29	1	1	0.71	unphased	1.32299189814815	1.32299189814815	1
12	70953186	70953187	189	40	6	4	2	1	NA	NA	NA	unphased	1.99256024583535	0.996280122917677	2
14	65263321	65263322	78	19	3	2	1	1	NA	NA	NA	unphased	1.64681176021382	0.823405880106911	2
15	48758034	48758035	29	4	2.44	2	2	0.22	1	1	0.78	unphased	0.951200897867565	0.951200897867565	1
16	48595978	48595979	50	4	5	5	0	1	NA	NA	NA	unphased	0.770919067215363	0.770919067215363	1
19	7688088	7688089	89	30	2	1	1	0.7	1	1	0.3	unphased	1.86741363211951	1.86741363211951	1
19	12126123	12126124	48	7	2	1	1	0.62	1	1	0.38	unphased	0.942760942760943	0.942760942760943	1
19	53345047	53345048	126	20	2.42	2	1	0.42	1	1	0.58	unphased	1.07224759005581	1.07224759005581	1
2	175618426	175618427	45	14	3	3	0	1	NA	NA	NA	unphased	1.99497802887633	0.997489014438167	2
21	36079601	36079602	63	16	4	2	2	1	NA	NA	NA	unphased	1.90529770276606	0.952648851383028	2
21	45820151	45820152	75	9	4	2	2	1	NA	NA	NA	unphased	1.00793650793651	1.00793650793651	1
3	53905379	53905380	123	25	3	2	1	1	NA	NA	NA	unphased	1.42017017017017	0.710085085085085	2
3	74535705	74535706	32	4	3	2	1	1	NA	NA	NA	unphased	0.934156378600823	0.934156378600823	1
3	178916932	178916933	52	6	3	2	1	1	NA	NA	NA	unphased	0.869731800766283	0.869731800766283	1
4	52943075	52943076	49	19	2	2	0	1	NA	NA	NA	unphased	2.06971677559913	1.03485838779956	2
5	32789926	32789927	18	9	5	3	2	1	NA	NA	NA	unphased	3.46913580246914	1.15637860082305	3
5	68709951	68709952	137	24	5	3	2	1	NA	NA	NA	unphased	1.55141476880607	0.775707384403037	2
6	33371132	33371133	63	29	3	3	0	1	NA	NA	NA	unphased	2.65016103059581	0.883387010198604	3
6	79787826	79787827	41	3	1.04	3	0	0.02	0	1	0.98	unphased	0.43959595959596	0.43959595959596	1
7	76825803	76825804	81	21	2.44	3	2	0.36	1	0	0.64	unphased	1.61564270152505	0.93932715204945	1.72
7	128441271	128441272	39	5	2.44	3	2	0.36	1	0	0.64	unphased	0.891750841750842	0.891750841750842	1
8	22021461	22021462	82	24	4	2	2	1	NA	NA	NA	unphased	2.12997903563941	1.06498951781971	2
8	38090548	38090549	44	11	4	2	2	1	NA	NA	NA	unphased	1.88148148148148	0.940740740740741	2
9	96214396	96214397	27	3	2	2	0	1	NA	NA	NA	unphased	0.740740740740741	0.740740740740741	1
X	76907620	76907621	192	33	NA	NA	NA	NA	NA	NA	NA	unphased	NA	NA	1
