chr	start	end	WT.count	mut.count	subclonal.CN	nMaj1	nMin1	frac1	nMaj2	nMin2	frac2	phase	mutation.copy.number	subclonal.fraction	no.chrs.bearing.mut
1	3544134	3544135	104	29	2	1	1	1	NA	NA	NA	unphased	1.98222829801777	1.98222829801777	1
1	7826644	7826645	12	4	2	1	1	1	NA	NA	NA	unphased	2.27272727272727	2.27272727272727	1
1	20302259	20302260	58	13	2	1	1	1	NA	NA	NA	unphased	1.66453265044814	1.66453265044814	1
1	35223066	35223067	58	9	2	1	1	1	NA	NA	NA	unphased	1.22116689280868	1.22116689280868	1
1	52798535	52798536	43	4	2	1	1	1	NA	NA	NA	unphased	0.773694390715667	0.773694390715667	1
1	67795366	67795367	76	11	2	1	1	1	NA	NA	NA	unphased	1.14942528735632	1.14942528735632	1
1	70654904	70654905	64	8	2	1	1	1	NA	NA	NA	unphased	1.01010101010101	1.01010101010101	1
1	74492576	74492577	18	5	2	1	1	1	NA	NA	NA	unphased	1.97628458498024	1.97628458498024	1
1	76347005	76347006	58	5	2	1	1	1	NA	NA	NA	unphased	0.721500721500721	0.721500721500721	1
1	82445623	82445624	35	5	2	1	1	1	NA	NA	NA	unphased	1.13636363636364	1.13636363636364	1
1	86921072	86921073	198	35	2	1	1	1	NA	NA	NA	unphased	1.36558720249707	1.36558720249707	1
1	92200335	92200336	149	9	2	1	1	1	NA	NA	NA	unphased	0.517836593785961	0.517836593785961	1
1	99772019	99772020	58	20	2	1	1	1	NA	NA	NA	unphased	2.33100233100233	2.33100233100233	1
1	114523871	114523872	81	6	2	1	1	1	NA	NA	NA	unphased	0.626959247648903	0.626959247648903	1
1	149915756	149915757	84	13	2	1	1	1	NA	NA	NA	unphased	1.21836925960637	1.21836925960637	1
1	150936130	150936131	160	17	2	1	1	1	NA	NA	NA	unphased	0.873138161273755	0.873138161273755	1
1	155883977	155883978	93	6	2	1	1	1	NA	NA	NA	unphased	0.550964187327824	0.550964187327824	1
1	156642364	156642365	74	7	2	1	1	1	NA	NA	NA	unphased	0.785634118967452	0.785634118967452	1
1	158590171	158590172	50	10	2	1	1	1	NA	NA	NA	unphased	1.51515151515152	1.51515151515152	1
1	161954720	161954721	99	12	2	1	1	1	NA	NA	NA	unphased	0.982800982800983	0.982800982800983	1
1	162824950	162824951	152	21	2	1	1	1	NA	NA	NA	unphased	1.10352075669995	1.10352075669995	1
1	165177306	165177307	26	5	2	1	1	1	NA	NA	NA	unphased	1.46627565982405	1.46627565982405	1
1	168698316	168698317	49	6	2	1	1	1	NA	NA	NA	unphased	0.991735537190083	0.991735537190083	1
1	177001652	177001653	110	12	2	1	1	1	NA	NA	NA	unphased	0.894187779433681	0.894187779433681	1
1	181767567	181767568	95	14	2	1	1	1	NA	NA	NA	unphased	1.16763969974979	1.16763969974979	1
1	182787752	182787753	61	8	2	1	1	1	NA	NA	NA	unphased	1.05401844532279	1.05401844532279	1
1	196577425	196577426	62	9	2	1	1	1	NA	NA	NA	unphased	1.15236875800256	1.15236875800256	1
1	200376920	200376921	65	8	2	1	1	1	NA	NA	NA	unphased	0.99626400996264	0.99626400996264	1
1	200959746	200959747	42	5	2	1	1	1	NA	NA	NA	unphased	0.967117988394584	0.967117988394584	1
1	202288095	202288096	92	9	2	1	1	1	NA	NA	NA	unphased	0.81008100810081	0.81008100810081	1
1	215259723	215259724	40	12	2	1	1	1	NA	NA	NA	unphased	2.0979020979021	2.0979020979021	1
1	216011374	216011375	85	7	2	1	1	1	NA	NA	NA	unphased	0.691699604743083	0.691699604743083	1
1	216424380	216424381	40	5	2	1	1	1	NA	NA	NA	unphased	1.01010101010101	1.01010101010101	1
1	220088756	220088757	118	9	2	1	1	1	NA	NA	NA	unphased	0.644237652111668	0.644237652111668	1
1	220088799	220088800	145	18	2	1	1	1	NA	NA	NA	unphased	1.00390407138873	1.00390407138873	1
1	220284191	220284192	43	8	2	1	1	1	NA	NA	NA	unphased	1.42602495543672	1.42602495543672	1
1	227075800	227075801	77	8	2	1	1	1	NA	NA	NA	unphased	0.855614973262032	0.855614973262032	1
1	228467142	228467143	31	8	2	1	1	1	NA	NA	NA	unphased	1.86480186480186	1.86480186480186	1
1	231401780	231401781	34	7	2	1	1	1	NA	NA	NA	unphased	1.55210643015521	1.55210643015521	1
1	240421288	240421289	63	5	2	1	1	1	NA	NA	NA	unphased	0.668449197860963	0.668449197860963	1
1	247615008	247615009	95	16	2	1	1	1	NA	NA	NA	unphased	1.31040131040131	1.31040131040131	1
1	248309246	248309247	144	14	NA	NA	NA	NA	NA	NA	NA	unphased	NA	NA	1
1	248845052	248845053	34	5	NA	NA	NA	NA	NA	NA	NA	unphased	NA	NA	1
10	7679320	7679321	96	12	1.84	2	1	0.42	1	0	0.58	unphased	0.992323232323232	0.992323232323232	1
10	7822237	7822238	56	12	1.84	2	1	0.42	1	0	0.58	unphased	1.57604278074866	1.57604278074866	1
10	11504624	11504625	169	10	1.84	2	1	0.42	1	0	0.58	unphased	0.498933468765871	1.18793683039493	0.42
10	12142257	12142258	137	16	1.84	2	1	0.42	1	0	0.58	unphased	0.933951277480689	0.933951277480689	1
10	14976701	14976702	133	28	1.84	2	1	0.42	1	0	0.58	unphased	1.55320158102767	1.09380393030117	1.42
10	25314010	25314011	79	10	1.84	2	1	0.42	1	0	0.58	unphased	1.00347293156282	1.00347293156282	1
10	26241125	26241126	30	5	1.84	2	1	0.42	1	0	0.58	unphased	1.27584415584416	1.27584415584416	1
10	27436478	27436479	10	4	1.84	2	1	0.42	1	0	0.58	unphased	2.55168831168831	2.55168831168831	1
10	30915074	30915075	117	18	1.84	2	1	0.42	1	0	0.58	unphased	1.19078787878788	1.19078787878788	1
10	37482123	37482124	50	9	1.84	2	1	0.42	1	0	0.58	unphased	1.36234206471495	1.36234206471495	1
10	45891370	45891371	41	14	6	5	1	1	NA	NA	NA	unphased	3.33223140495868	1.11074380165289	3
10	52569742	52569743	68	29	6	5	1	1	NA	NA	NA	unphased	3.91377694470478	0.978444236176195	4
10	54074170	54074171	133	12	6	5	1	1	NA	NA	NA	unphased	1.0833855799373	1.0833855799373	1
10	55780040	55780041	103	13	6	5	1	1	NA	NA	NA	unphased	1.46708463949843	1.46708463949843	1
10	55780041	55780042	104	13	6	5	1	1	NA	NA	NA	unphased	1.45454545454545	1.45454545454545	1
10	60148448	60148449	90	31	6	5	1	1	NA	NA	NA	unphased	3.35386927122464	1.11795642374155	3
10	68687789	68687790	86	31	6	5	1	1	NA	NA	NA	unphased	3.46853146853147	0.867132867132867	4
10	69714792	69714793	52	25	6	5	1	1	NA	NA	NA	unphased	4.25029515938607	1.06257378984652	4
10	70451059	70451060	137	55	6	5	1	1	NA	NA	NA	unphased	3.75	0.9375	4
10	93600440	93600441	145	15	6	5	1	1	NA	NA	NA	unphased	1.22727272727273	1.22727272727273	1
10	98416555	98416556	192	21	6	5	1	1	NA	NA	NA	unphased	1.29065300896287	1.29065300896287	1
10	99330309	99330310	67	33	6	5	1	1	NA	NA	NA	unphased	4.32	1.08	4
10	101945427	101945428	72	6	6	5	1	1	NA	NA	NA	unphased	1.00699300699301	1.00699300699301	1
10	102505919	102505920	96	60	6	5	1	1	NA	NA	NA	unphased	5.03496503496504	1.00699300699301	5
10	103285901	103285902	74	8	6	5	1	1	NA	NA	NA	unphased	1.27716186252772	1.27716186252772	1
10	103587743	103587744	44	28	6	5	1	1	NA	NA	NA	unphased	5.09090909090909	1.01818181818182	5
10	104592751	104592752	48	5	6	5	1	1	NA	NA	NA	unphased	1.23499142367067	1.23499142367067	1
10	105158169	105158170	46	4	6	5	1	1	NA	NA	NA	unphased	1.04727272727273	1.04727272727273	1
10	117059644	117059645	66	5	6	5	1	1	NA	NA	NA	unphased	0.921895006402049	0.921895006402049	1
10	129859975	129859976	31	5	6	5	1	1	NA	NA	NA	unphased	1.81818181818182	1.81818181818182	1
10	131761265	131761266	91	34	6	5	1	1	NA	NA	NA	unphased	3.56072727272727	0.890181818181818	4
10	134174992	134174993	131	12	6	5	1	1	NA	NA	NA	unphased	1.09853782581055	1.09853782581055	1
10	135024140	135024141	277	25	6	5	1	1	NA	NA	NA	unphased	1.08368452739314	1.08368452739314	1
11	678771	678772	106	30	5	3	2	1	NA	NA	NA	unphased	2.66711229946524	0.88903743315508	3
11	1217224	1217225	39	7	5	3	2	1	NA	NA	NA	unphased	1.8399209486166	1.8399209486166	1
11	1467114	1467115	86	27	5	3	2	1	NA	NA	NA	unphased	2.88897827835881	0.962992759452937	3
11	2426186	2426187	70	8	5	3	2	1	NA	NA	NA	unphased	1.24009324009324	1.24009324009324	1
11	4470691	4470692	139	23	5	3	2	1	NA	NA	NA	unphased	1.71661054994388	0.858305274971942	2
11	4510263	4510264	154	29	5	3	2	1	NA	NA	NA	unphased	1.91604570293095	0.958022851465475	2
11	4936857	4936858	54	9	5	3	2	1	NA	NA	NA	unphased	1.72727272727273	1.72727272727273	1
11	5221222	5221223	53	6	5	3	2	1	NA	NA	NA	unphased	1.22958397534669	1.22958397534669	1
11	6292525	6292526	137	13	5	3	2	1	NA	NA	NA	unphased	1.04787878787879	1.04787878787879	1
11	6643582	6643583	11	5	5	3	2	1	NA	NA	NA	unphased	3.77840909090909	1.2594696969697	3
11	6644997	6644998	92	17	5	3	2	1	NA	NA	NA	unphased	1.88573811509591	0.942869057547957	2
11	6648177	6648178	28	3	5	3	2	1	NA	NA	NA	unphased	1.17008797653959	1.17008797653959	1
11	6898577	6898578	98	21	5	3	2	1	NA	NA	NA	unphased	2.13368983957219	1.0668449197861	2
11	6913240	6913241	46	7	5	3	2	1	NA	NA	NA	unphased	1.59691252144082	1.59691252144082	1
11	7022214	7022215	72	10	5	3	2	1	NA	NA	NA	unphased	1.47450110864745	1.47450110864745	1
11	7064497	7064498	146	21	5	3	2	1	NA	NA	NA	unphased	1.52041371801851	0.760206859009254	2
11	12315810	12315811	82	12	5	3	2	1	NA	NA	NA	unphased	1.54352030947776	1.54352030947776	1
11	13438789	13438790	155	41	5	3	2	1	NA	NA	NA	unphased	2.52922077922078	0.843073593073593	3
11	14901868	14901869	48	4	5	3	2	1	NA	NA	NA	unphased	0.93006993006993	0.93006993006993	1
11	18655854	18655855	96	16	5	3	2	1	NA	NA	NA	unphased	1.72727272727273	0.863636363636364	2
11	20529926	20529927	46	10	5	3	2	1	NA	NA	NA	unphased	2.15909090909091	1.07954545454545	2
11	20676426	20676427	119	37	5	3	2	1	NA	NA	NA	unphased	2.86771561771562	0.955905205905206	3
11	30352669	30352670	54	8	5	3	2	1	NA	NA	NA	unphased	1.56011730205279	1.56011730205279	1
11	30922019	30922020	10	4	5	3	2	1	NA	NA	NA	unphased	3.45454545454545	1.15151515151515	3
11	36512103	36512104	136	17	5	3	2	1	NA	NA	NA	unphased	1.34343434343434	1.34343434343434	1
11	40136986	40136987	145	22	5	3	2	1	NA	NA	NA	unphased	1.59281437125749	0.796407185628743	2
11	48142703	48142704	69	18	5	3	2	1	NA	NA	NA	unphased	2.50156739811912	0.833855799373041	3
11	48328342	48328343	69	20	5	3	2	1	NA	NA	NA	unphased	2.7170582226762	0.9056860742254	3
11	48328377	48328378	74	14	5	3	2	1	NA	NA	NA	unphased	1.92355371900826	0.961776859504132	2
11	55595303	55595304	180	28	5	3	2	1	NA	NA	NA	unphased	1.62762237762238	0.813811188811189	2
11	55761589	55761590	61	15	5	3	2	1	NA	NA	NA	unphased	2.38636363636364	1.19318181818182	2
11	55999819	55999820	128	19	5	3	2	1	NA	NA	NA	unphased	1.56277056277056	0.781385281385282	2
11	56019903	56019904	48	18	5	3	2	1	NA	NA	NA	unphased	3.29752066115702	1.09917355371901	3
11	56043302	56043303	55	12	5	3	2	1	NA	NA	NA	unphased	2.16553595658073	1.08276797829037	2
11	56114278	56114279	38	6	5	3	2	1	NA	NA	NA	unphased	1.64876033057851	1.64876033057851	1
11	56128440	56128441	92	13	5	3	2	1	NA	NA	NA	unphased	1.4969696969697	1.4969696969697	1
11	57102111	57102112	148	27	5	3	2	1	NA	NA	NA	unphased	1.86545454545455	0.932727272727273	2
11	57193705	57193706	31	4	5	3	2	1	NA	NA	NA	unphased	1.38181818181818	1.38181818181818	1
11	57428662	57428663	131	33	5	3	2	1	NA	NA	NA	unphased	2.43292682926829	0.810975609756098	3
11	57798602	57798603	157	42	5	3	2	1	NA	NA	NA	unphased	2.55185015989036	0.850616719963454	3
11	59620678	59620679	318	58	5	3	2	1	NA	NA	NA	unphased	1.86508704061896	0.932543520309478	2
11	59622188	59622189	89	31	5	3	2	1	NA	NA	NA	unphased	3.12348484848485	1.04116161616162	3
11	59834500	59834501	20	9	5	3	2	1	NA	NA	NA	unphased	3.75235109717868	1.25078369905956	3
11	60708652	60708653	34	8	5	3	2	1	NA	NA	NA	unphased	2.3030303030303	1.15151515151515	2
11	62381160	62381161	89	10	5	3	2	1	NA	NA	NA	unphased	1.22130394857668	1.22130394857668	1
11	62455962	62455963	36	5	5	3	2	1	NA	NA	NA	unphased	1.47450110864745	1.47450110864745	1
11	63987468	63987469	79	10	5	3	2	1	NA	NA	NA	unphased	1.3585291113381	1.3585291113381	1
11	63987476	63987477	72	9	5	3	2	1	NA	NA	NA	unphased	1.34343434343434	1.34343434343434	1
11	65321284	65321285	8	8	3.4	3	3	0.48	1	0	0.52	unphased	5.24545454545455	2.11510263929619	2.48
11	66050517	66050518	112	54	3.4	3	3	0.48	1	0	0.52	unphased	3.41270536692223	1.37609087375897	2.48
11	66453365	66453366	120	37	3.4	3	3	0.48	1	0	0.52	unphased	2.47237984944991	0.996927358649158	2.48
11	67432764	67432765	106	49	3.4	3	3	0.48	1	0	0.52	unphased	3.31648093841642	1.33729070097436	2.48
11	68517773	68517774	26	9	3.4	3	3	0.48	1	0	0.52	unphased	2.69766233766234	1.08776707163804	2.48
11	70331647	70331648	167	41	3.4	3	3	0.48	1	0	0.52	unphased	2.06791958041958	1.05506101041815	1.96
11	77632421	77632422	73	12	3.4	3	3	0.48	1	0	0.52	unphased	1.48106951871658	1.48106951871658	1
11	84634150	84634151	38	12	5	3	2	1	NA	NA	NA	unphased	2.90181818181818	0.967272727272727	3
11	92616116	92616117	27	9	3	3	0	1	NA	NA	NA	unphased	2.52272727272727	0.840909090909091	3
11	109294454	109294455	29	8	3	3	0	1	NA	NA	NA	unphased	2.18181818181818	1.09090909090909	2
11	109294787	109294788	107	39	3	3	0	1	NA	NA	NA	unphased	2.69551681195517	0.898505603985056	3
11	113705002	113705003	23	8	3	3	0	1	NA	NA	NA	unphased	2.60410557184751	0.868035190615836	3
11	118926025	118926026	157	33	3	3	0	1	NA	NA	NA	unphased	1.75263157894737	0.876315789473684	2
11	118985021	118985022	149	25	3	3	0	1	NA	NA	NA	unphased	1.44984326018809	0.724921630094044	2
11	120312503	120312504	88	18	3	3	0	1	NA	NA	NA	unphased	1.71355060034305	0.856775300171527	2
11	125280102	125280103	185	42	3	3	0	1	NA	NA	NA	unphased	1.86704044853825	0.933520224269123	2
12	1940448	1940449	72	8	3	2	1	1	NA	NA	NA	unphased	1.00909090909091	1.00909090909091	1
12	3921378	3921379	96	8	3	2	1	1	NA	NA	NA	unphased	0.776223776223776	0.776223776223776	1
12	6647020	6647021	52	6	3	2	1	1	NA	NA	NA	unphased	1.04388714733542	1.04388714733542	1
12	7188374	7188375	99	10	3	2	1	1	NA	NA	NA	unphased	0.925771476230192	0.925771476230192	1
12	7249479	7249480	95	7	3	2	1	1	NA	NA	NA	unphased	0.692513368983957	0.692513368983957	1
12	7848291	7848292	33	10	3	2	1	1	NA	NA	NA	unphased	2.34672304439746	1.17336152219873	2
12	8211812	8211813	112	8	3	2	1	1	NA	NA	NA	unphased	0.672727272727273	0.672727272727273	1
12	8248225	8248226	100	16	3	2	1	1	NA	NA	NA	unphased	1.39184952978056	1.39184952978056	1
12	12514234	12514235	119	35	3	2	1	1	NA	NA	NA	unphased	2.29338842975207	1.14669421487603	2
12	18573926	18573927	49	4	3	2	1	1	NA	NA	NA	unphased	0.761578044596913	0.761578044596913	1
12	20523113	20523114	62	5	3	2	1	1	NA	NA	NA	unphased	0.753052917232022	0.753052917232022	1
12	43825161	43825162	66	8	3	2	1	1	NA	NA	NA	unphased	1.09090909090909	1.09090909090909	1
12	43833481	43833482	56	5	3	2	1	1	NA	NA	NA	unphased	0.827123695976155	0.827123695976155	1
12	45695835	45695836	88	10	3	2	1	1	NA	NA	NA	unphased	1.02968460111317	1.02968460111317	1
12	47182309	47182310	57	10	3	2	1	1	NA	NA	NA	unphased	1.50610583446404	1.50610583446404	1
12	49425026	49425027	151	11	3	2	1	1	NA	NA	NA	unphased	0.685185185185185	0.685185185185185	1
12	52435708	52435709	11	3	3	2	1	1	NA	NA	NA	unphased	2.16233766233766	2.16233766233766	1
12	52961995	52961996	118	20	3	2	1	1	NA	NA	NA	unphased	1.46245059288538	0.731225296442688	2
12	53044164	53044165	149	22	3	2	1	1	NA	NA	NA	unphased	1.29824561403509	1.29824561403509	1
12	58009616	58009617	71	6	3	2	1	1	NA	NA	NA	unphased	0.786304604486423	0.786304604486423	1
12	66935657	66935658	225	27	3	2	1	1	NA	NA	NA	unphased	1.08116883116883	1.08116883116883	1
12	68715334	68715335	23	5	3	2	1	1	NA	NA	NA	unphased	1.80194805194805	1.80194805194805	1
12	82752002	82752003	53	10	3	2	1	1	NA	NA	NA	unphased	1.6017316017316	1.6017316017316	1
12	103232941	103232942	36	3	3	2	1	1	NA	NA	NA	unphased	0.776223776223776	0.776223776223776	1
12	104031792	104031793	122	8	3	2	1	1	NA	NA	NA	unphased	0.620979020979021	0.620979020979021	1
12	108642060	108642061	61	6	3	2	1	1	NA	NA	NA	unphased	0.903663500678426	0.903663500678426	1
12	112622470	112622471	129	26	3	2	1	1	NA	NA	NA	unphased	1.69266862170088	0.84633431085044	2
12	114804105	114804106	101	7	3	2	1	1	NA	NA	NA	unphased	0.654040404040404	0.654040404040404	1
12	114804197	114804198	50	8	3	2	1	1	NA	NA	NA	unphased	1.39184952978056	1.39184952978056	1
12	121471371	121471372	98	17	3	2	1	1	NA	NA	NA	unphased	1.49169960474308	1.49169960474308	1
12	122689186	122689187	79	7	3	2	1	1	NA	NA	NA	unphased	0.821353065539112	0.821353065539112	1
12	122726941	122726942	94	10	3	2	1	1	NA	NA	NA	unphased	0.97027972027972	0.97027972027972	1
12	130898702	130898703	140	10	3	2	1	1	NA	NA	NA	unphased	0.672727272727273	0.672727272727273	1
12	133219461	133219462	117	11	NA	NA	NA	NA	NA	NA	NA	unphased	NA	NA	1
12	133398679	133398680	47	7	NA	NA	NA	NA	NA	NA	NA	unphased	NA	NA	1
12	133398681	133398682	45	7	NA	NA	NA	NA	NA	NA	NA	unphased	NA	NA	1
13	20411674	20411675	71	9	3.04	3	1	0.68	1	0	0.32	unphased	1.13972727272727	1.13972727272727	1
13	31727027	31727028	158	14	3.04	3	1	0.68	1	0	0.32	unphased	0.824608879492601	0.824608879492601	1
13	33334732	33334733	57	5	3.04	3	1	0.68	1	0	0.32	unphased	0.817008797653959	0.817008797653959	1
13	43787957	43787958	16	8	3.04	3	1	0.68	1	0	0.32	unphased	3.3769696969697	1.26006331976481	2.68
13	43930174	43930175	103	29	3.04	3	1	0.68	1	0	0.32	unphased	2.22573002754821	0.94310594387636	2.36
13	45148876	45148877	102	47	3.04	3	1	0.68	1	0	0.32	unphased	3.19565588773642	1.19240891333449	2.68
13	46936715	46936716	6	3	3.04	3	1	0.68	1	0	0.32	unphased	3.3769696969697	1.26006331976481	2.68
13	50059825	50059826	70	11	3.04	3	1	0.68	1	0	0.32	unphased	1.3758024691358	1.3758024691358	1
13	52542717	52542718	50	7	3.04	3	1	0.68	1	0	0.32	unphased	1.24414673046252	1.24414673046252	1
13	52548367	52548368	94	12	3.04	3	1	0.68	1	0	0.32	unphased	1.14689536878216	1.14689536878216	1
13	107822753	107822754	22	3	3.04	3	1	0.68	1	0	0.32	unphased	1.21570909090909	1.21570909090909	1
13	108518770	108518771	136	17	3.04	3	1	0.68	1	0	0.32	unphased	1.12565656565657	1.12565656565657	1
13	109793569	109793570	58	9	3.04	3	1	0.68	1	0	0.32	unphased	1.360868385346	1.360868385346	1
13	115091252	115091253	47	8	NA	NA	NA	NA	NA	NA	NA	unphased	NA	NA	1
14	19988281	19988282	40	6	NA	NA	NA	NA	NA	NA	NA	unphased	NA	NA	1
14	20404562	20404563	53	12	NA	NA	NA	NA	NA	NA	NA	unphased	NA	NA	1
14	21870663	21870664	28	4	3	2	1	1	NA	NA	NA	unphased	1.26136363636364	1.26136363636364	1
14	22321002	22321003	23	3	3	2	1	1	NA	NA	NA	unphased	1.16433566433566	1.16433566433566	1
14	24422898	24422899	15	5	3	2	1	1	NA	NA	NA	unphased	2.52272727272727	1.26136363636364	2
14	30105609	30105610	125	18	3	2	1	1	NA	NA	NA	unphased	1.27018436109345	1.27018436109345	1
14	31382749	31382750	45	7	3	2	1	1	NA	NA	NA	unphased	1.35839160839161	1.35839160839161	1
14	34247687	34247688	50	8	3	2	1	1	NA	NA	NA	unphased	1.39184952978056	1.39184952978056	1
14	58915105	58915106	73	6	3	2	1	1	NA	NA	NA	unphased	0.766398158803222	0.766398158803222	1
14	67940295	67940296	16	4	3	2	1	1	NA	NA	NA	unphased	2.01818181818182	2.01818181818182	1
14	68189396	68189397	122	10	3	2	1	1	NA	NA	NA	unphased	0.764462809917355	0.764462809917355	1
14	69521068	69521069	85	14	3	2	1	1	NA	NA	NA	unphased	1.42699724517906	1.42699724517906	1
14	75376545	75376546	20	4	3	2	1	1	NA	NA	NA	unphased	1.68181818181818	1.68181818181818	1
14	75614400	75614401	189	37	3	2	1	1	NA	NA	NA	unphased	1.65205148833467	0.826025744167337	2
14	77928556	77928557	37	5	3	2	1	1	NA	NA	NA	unphased	1.2012987012987	1.2012987012987	1
14	77950851	77950852	48	9	3	2	1	1	NA	NA	NA	unphased	1.5933014354067	1.5933014354067	1
14	78374208	78374209	49	7	3	2	1	1	NA	NA	NA	unphased	1.26136363636364	1.26136363636364	1
14	88737107	88737108	223	62	3	2	1	1	NA	NA	NA	unphased	2.19521531100478	1.09760765550239	2
14	89039333	89039334	70	14	3	2	1	1	NA	NA	NA	unphased	1.68181818181818	0.840909090909091	2
14	96707547	96707548	34	4	3	2	1	1	NA	NA	NA	unphased	1.0622009569378	1.0622009569378	1
14	102732200	102732201	96	13	3	2	1	1	NA	NA	NA	unphased	1.20350291909925	1.20350291909925	1
14	106090875	106090876	266	20	NA	NA	NA	NA	NA	NA	NA	unphased	NA	NA	1
14	106622076	106622077	242	52	NA	NA	NA	NA	NA	NA	NA	unphased	NA	NA	1
14	106622077	106622078	242	50	NA	NA	NA	NA	NA	NA	NA	unphased	NA	NA	1
15	20651251	20651252	67	6	NA	NA	NA	NA	NA	NA	NA	unphased	NA	NA	1
15	22945110	22945111	13	5	NA	NA	NA	NA	NA	NA	NA	unphased	NA	NA	1
15	23191891	23191892	51	6	NA	NA	NA	NA	NA	NA	NA	unphased	NA	NA	1
15	24923242	24923243	134	17	2	1	1	1	NA	NA	NA	unphased	1.02347983142685	1.02347983142685	1
15	25223573	25223574	197	14	2	1	1	1	NA	NA	NA	unphased	0.603188280913399	0.603188280913399	1
15	25463918	25463919	100	11	2	1	1	1	NA	NA	NA	unphased	0.900900900900901	0.900900900900901	1
15	33936680	33936681	30	5	2	1	1	1	NA	NA	NA	unphased	1.2987012987013	1.2987012987013	1
15	34047318	34047319	18	3	2	1	1	1	NA	NA	NA	unphased	1.2987012987013	1.2987012987013	1
15	34528916	34528917	76	7	2	1	1	1	NA	NA	NA	unphased	0.76670317634173	0.76670317634173	1
15	38243400	38243401	66	8	2	1	1	1	NA	NA	NA	unphased	0.982800982800983	0.982800982800983	1
15	40675158	40675159	116	10	2	1	1	1	NA	NA	NA	unphased	0.721500721500721	0.721500721500721	1
15	43585710	43585711	143	21	2	1	1	1	NA	NA	NA	unphased	1.16407982261641	1.16407982261641	1
15	44887651	44887652	29	8	2	1	1	1	NA	NA	NA	unphased	1.96560196560197	1.96560196560197	1
15	48764761	48764762	128	18	2	1	1	1	NA	NA	NA	unphased	1.12079701120797	1.12079701120797	1
15	73552669	73552670	64	6	2	1	1	1	NA	NA	NA	unphased	0.779220779220779	0.779220779220779	1
15	74219612	74219613	104	15	2	1	1	1	NA	NA	NA	unphased	1.14591291061879	1.14591291061879	1
15	75185012	75185013	50	5	2	1	1	1	NA	NA	NA	unphased	0.826446280991736	0.826446280991736	1
15	78211241	78211242	270	33	2	1	1	1	NA	NA	NA	unphased	0.99009900990099	0.99009900990099	1
15	99460052	99460053	45	5	2	1	1	1	NA	NA	NA	unphased	0.909090909090909	0.909090909090909	1
16	614004	614005	16	3	NA	NA	NA	NA	NA	NA	NA	unphased	NA	NA	1
16	3016180	3016181	98	16	2	1	1	1	NA	NA	NA	unphased	1.27591706539075	1.27591706539075	1
16	3293509	3293510	114	33	2	1	1	1	NA	NA	NA	unphased	2.04081632653061	2.04081632653061	1
16	4815784	4815785	36	8	2	1	1	1	NA	NA	NA	unphased	1.65289256198347	1.65289256198347	1
16	9857909	9857910	154	37	2	1	1	1	NA	NA	NA	unphased	1.76106615897192	1.76106615897192	1
16	19195165	19195166	175	17	2	1	1	1	NA	NA	NA	unphased	0.804924242424242	0.804924242424242	1
16	20335397	20335398	101	6	2	1	1	1	NA	NA	NA	unphased	0.509770603228547	0.509770603228547	1
16	20559779	20559780	78	7	2	1	1	1	NA	NA	NA	unphased	0.748663101604278	0.748663101604278	1
16	20966285	20966286	122	21	2	1	1	1	NA	NA	NA	unphased	1.33502860775588	1.33502860775588	1
16	22826254	22826255	14	3	2	1	1	1	NA	NA	NA	unphased	1.60427807486631	1.60427807486631	1
16	29825685	29825686	195	15	2	1	1	1	NA	NA	NA	unphased	0.649350649350649	0.649350649350649	1
16	31371760	31371761	77	15	2	1	1	1	NA	NA	NA	unphased	1.48221343873518	1.48221343873518	1
16	31501657	31501658	20	3	2	1	1	1	NA	NA	NA	unphased	1.18577075098814	1.18577075098814	1
16	47117290	47117291	204	24	2	1	1	1	NA	NA	NA	unphased	0.956937799043062	0.956937799043062	1
16	55880515	55880516	238	53	2	1	1	1	NA	NA	NA	unphased	1.65573258356764	1.65573258356764	1
16	67316231	67316232	30	5	2	1	1	1	NA	NA	NA	unphased	1.2987012987013	1.2987012987013	1
16	67331510	67331511	70	8	2	1	1	1	NA	NA	NA	unphased	0.932400932400932	0.932400932400932	1
16	67917909	67917910	47	11	2	1	1	1	NA	NA	NA	unphased	1.72413793103448	1.72413793103448	1
16	68224926	68224927	119	29	2	1	1	1	NA	NA	NA	unphased	1.78132678132678	1.78132678132678	1
16	70916724	70916725	103	17	2	1	1	1	NA	NA	NA	unphased	1.28787878787879	1.28787878787879	1
16	81095498	81095499	247	28	2	1	1	1	NA	NA	NA	unphased	0.925619834710744	0.925619834710744	1
16	81145943	81145944	50	7	2	1	1	1	NA	NA	NA	unphased	1.11642743221691	1.11642743221691	1
16	84199416	84199417	124	9	2	1	1	1	NA	NA	NA	unphased	0.615174299384826	0.615174299384826	1
16	86546625	86546626	72	10	2	1	1	1	NA	NA	NA	unphased	1.10864745011086	1.10864745011086	1
17	3704481	3704482	18	6	2	2	0	1	NA	NA	NA	unphased	2.27272727272727	1.13636363636364	2
17	6338337	6338338	54	12	2	2	0	1	NA	NA	NA	unphased	1.65289256198347	0.826446280991736	2
17	6683451	6683452	145	15	2	2	0	1	NA	NA	NA	unphased	0.852272727272727	0.852272727272727	1
17	6683884	6683885	60	17	2	2	0	1	NA	NA	NA	unphased	2.00708382526564	1.00354191263282	2
17	7189842	7189843	352	42	2	2	0	1	NA	NA	NA	unphased	0.969081679741578	0.969081679741578	1
17	7366133	7366134	98	12	2	2	0	1	NA	NA	NA	unphased	0.991735537190083	0.991735537190083	1
17	7369061	7369062	57	14	2	2	0	1	NA	NA	NA	unphased	1.79257362355954	0.896286811779769	2
17	7578234	7578235	43	8	2	2	0	1	NA	NA	NA	unphased	1.42602495543672	1.42602495543672	1
17	7606071	7606072	64	11	2	2	0	1	NA	NA	NA	unphased	1.33333333333333	1.33333333333333	1
17	8455462	8455463	18	3	2	2	0	1	NA	NA	NA	unphased	1.2987012987013	1.2987012987013	1
17	8638458	8638459	50	6	2	2	0	1	NA	NA	NA	unphased	0.974025974025974	0.974025974025974	1
17	10357075	10357076	281	28	2	2	0	1	NA	NA	NA	unphased	0.823771697558105	0.823771697558105	1
17	10533482	10533483	242	26	2	2	0	1	NA	NA	NA	unphased	0.881953867028494	0.881953867028494	1
17	10535153	10535154	79	13	2	2	0	1	NA	NA	NA	unphased	1.28458498023715	1.28458498023715	1
17	10608315	10608316	111	8	2	2	0	1	NA	NA	NA	unphased	0.611153552330023	0.611153552330023	1
17	18882132	18882133	66	21	2	2	0	1	NA	NA	NA	unphased	2.19435736677116	1.09717868338558	2
17	21731065	21731066	75	11	2	2	0	1	NA	NA	NA	unphased	1.16279069767442	1.16279069767442	1
17	29562634	29562635	158	20	2	2	0	1	NA	NA	NA	unphased	1.02145045965271	1.02145045965271	1
17	29654690	29654691	126	15	2	2	0	1	NA	NA	NA	unphased	0.967117988394584	0.967117988394584	1
17	36714550	36714551	46	16	3.26	3	1	0.63	1	1	0.37	unphased	2.67120234604106	1.01566629127036	2.63
17	36714551	36714552	47	15	3.26	3	1	0.63	1	1	0.37	unphased	2.50425219941349	0.952187148065966	2.63
17	37074910	37074911	132	13	3.26	3	1	0.63	1	1	0.37	unphased	0.928012539184953	0.928012539184953	1
17	39471582	39471583	61	5	3.26	3	1	0.63	1	1	0.37	unphased	0.784159779614325	0.784159779614325	1
17	42338085	42338086	85	8	3.26	3	1	0.63	1	1	0.37	unphased	0.890400782013685	0.890400782013685	1
17	42990692	42990693	143	24	3.26	3	1	0.63	1	1	0.37	unphased	1.48755579749592	0.912610918709152	1.63
17	48268220	48268221	78	12	3.26	3	1	0.63	1	1	0.37	unphased	1.38012121212121	1.38012121212121	1
17	48433490	48433491	86	9	3.26	3	1	0.63	1	1	0.37	unphased	0.980612440191388	0.980612440191388	1
17	48433492	48433493	85	9	3.26	3	1	0.63	1	1	0.37	unphased	0.991044487427466	0.991044487427466	1
17	49280557	49280558	34	7	3.26	3	1	0.63	1	1	0.37	unphased	1.76722838137472	1.76722838137472	1
17	53068287	53068288	161	10	3.26	3	1	0.63	1	1	0.37	unphased	0.605316321105795	0.605316321105795	1
17	56274596	56274597	86	11	3.26	3	1	0.63	1	1	0.37	unphased	1.17381443298969	1.17381443298969	1
17	56355207	56355208	90	14	3.26	3	1	0.63	1	1	0.37	unphased	1.39339160839161	1.39339160839161	1
17	61561748	61561749	20	3	3.26	3	1	0.63	1	1	0.37	unphased	1.3501185770751	1.3501185770751	1
17	71165864	71165865	70	7	3.26	3	1	0.63	1	1	0.37	unphased	0.94099173553719	0.94099173553719	1
17	71354223	71354224	234	48	3.26	3	1	0.63	1	1	0.37	unphased	1.76185686653772	1.08089378315197	1.63
17	78293204	78293205	81	6	3.26	3	1	0.63	1	1	0.37	unphased	0.713855799373041	0.713855799373041	1
18	22805673	22805674	52	5	3	3	0	1	NA	NA	NA	unphased	0.885167464114832	0.885167464114832	1
18	28612169	28612170	35	10	3	3	0	1	NA	NA	NA	unphased	2.24242424242424	1.12121212121212	2
18	67508559	67508560	90	29	3	3	0	1	NA	NA	NA	unphased	2.45912910618793	0.819709702062643	3
19	375891	375892	50	23	3	3	0	1	NA	NA	NA	unphased	3.17932752179328	1.05977584059776	3
19	1005277	1005278	72	20	3	3	0	1	NA	NA	NA	unphased	2.19367588932806	1.09683794466403	2
19	1011097	1011098	10	5	3	3	0	1	NA	NA	NA	unphased	3.36363636363636	1.12121212121212	3
19	1011100	1011101	10	5	3	3	0	1	NA	NA	NA	unphased	3.36363636363636	1.12121212121212	3
19	1508478	1508479	14	7	3	3	0	1	NA	NA	NA	unphased	3.36363636363636	1.12121212121212	3
19	3179880	3179881	105	21	3	3	0	1	NA	NA	NA	unphased	1.68181818181818	0.840909090909091	2
19	5997190	5997191	36	16	3	3	0	1	NA	NA	NA	unphased	3.10489510489511	1.03496503496504	3
19	7075718	7075719	76	13	3	3	0	1	NA	NA	NA	unphased	1.47395301327886	1.47395301327886	1
19	7684938	7684939	39	8	3	3	0	1	NA	NA	NA	unphased	1.71760154738878	1.71760154738878	1
19	8386926	8386927	24	4	3	3	0	1	NA	NA	NA	unphased	1.44155844155844	1.44155844155844	1
19	8953463	8953464	33	23	3	3	0	1	NA	NA	NA	unphased	4.14448051948052	1.38149350649351	3
19	9046228	9046229	28	7	3	3	0	1	NA	NA	NA	unphased	2.01818181818182	1.00909090909091	2
19	9083442	9083443	18	5	3	3	0	1	NA	NA	NA	unphased	2.19367588932806	2.19367588932806	1
19	9213805	9213806	71	34	3	3	0	1	NA	NA	NA	unphased	3.26753246753247	1.08917748917749	3
19	10823665	10823666	23	18	3	3	0	1	NA	NA	NA	unphased	4.43015521064302	1.47671840354767	3
19	12187317	12187318	63	19	3	3	0	1	NA	NA	NA	unphased	2.33813747228381	1.16906873614191	2
19	15367041	15367042	111	21	3	3	0	1	NA	NA	NA	unphased	1.60537190082645	0.802685950413223	2
19	16268466	16268467	25	6	3	3	0	1	NA	NA	NA	unphased	1.95307917888563	1.95307917888563	1
19	17056454	17056455	124	12	3	3	0	1	NA	NA	NA	unphased	0.890374331550802	0.890374331550802	1
19	17367436	17367437	86	44	3	3	0	1	NA	NA	NA	unphased	3.41538461538462	1.13846153846154	3
19	17476582	17476583	67	29	3	3	0	1	NA	NA	NA	unphased	3.04829545454545	1.01609848484848	3
19	22271470	22271471	39	13	3	3	0	1	NA	NA	NA	unphased	2.52272727272727	0.840909090909091	3
19	34891062	34891063	16	4	3	3	0	1	NA	NA	NA	unphased	2.01818181818182	2.01818181818182	1
19	38976738	38976739	87	59	3	3	0	1	NA	NA	NA	unphased	4.07783312577833	1.35927770859278	3
19	43773547	43773548	158	46	3	3	0	1	NA	NA	NA	unphased	2.27540106951872	1.13770053475936	2
19	43858529	43858530	74	18	3	3	0	1	NA	NA	NA	unphased	1.97430830039526	0.987154150197629	2
19	44099474	44099475	81	21	3	3	0	1	NA	NA	NA	unphased	2.07754010695187	1.03877005347594	2
19	44273705	44273706	128	13	3	3	0	1	NA	NA	NA	unphased	0.93036750483559	0.93036750483559	1
19	47969443	47969444	41	22	3	3	0	1	NA	NA	NA	unphased	3.52380952380952	1.17460317460317	3
19	51378023	51378024	69	8	3	3	0	1	NA	NA	NA	unphased	1.04840613931523	1.04840613931523	1
19	53668840	53668841	97	42	3	3	0	1	NA	NA	NA	unphased	3.0490516677567	1.0163505559189	3
19	54394986	54394987	98	39	3	3	0	1	NA	NA	NA	unphased	2.87259455872595	0.957531519575315	3
19	54849399	54849400	39	8	3	3	0	1	NA	NA	NA	unphased	1.71760154738878	1.71760154738878	1
19	56363579	56363580	60	8	3	3	0	1	NA	NA	NA	unphased	1.18716577540107	1.18716577540107	1
19	56895446	56895447	70	8	3	3	0	1	NA	NA	NA	unphased	1.03496503496504	1.03496503496504	1
19	56953783	56953784	57	15	3	3	0	1	NA	NA	NA	unphased	2.10227272727273	1.05113636363636	2
2	1488605	1488606	91	7	4	2	2	1	NA	NA	NA	unphased	0.792207792207792	0.792207792207792	1
2	27373005	27373006	64	10	4	2	2	1	NA	NA	NA	unphased	1.4987714987715	1.4987714987715	1
2	27461928	27461929	115	18	4	2	2	1	NA	NA	NA	unphased	1.50102529049897	0.750512645249487	2
2	29606603	29606604	28	5	4	2	2	1	NA	NA	NA	unphased	1.68044077134986	1.68044077134986	1
2	32362025	32362026	20	4	4	2	2	1	NA	NA	NA	unphased	1.84848484848485	1.84848484848485	1
2	37873452	37873453	137	45	4	2	2	1	NA	NA	NA	unphased	2.74225774225774	1.37112887112887	2
2	37873560	37873561	117	33	4	2	2	1	NA	NA	NA	unphased	2.44	1.22	2
2	40657120	40657121	85	8	4	2	2	1	NA	NA	NA	unphased	0.95405669599218	0.95405669599218	1
2	45233521	45233522	138	32	4	2	2	1	NA	NA	NA	unphased	2.08770053475936	1.04385026737968	2
2	55252660	55252661	31	7	4	2	2	1	NA	NA	NA	unphased	2.04306220095694	1.02153110047847	2
2	74452134	74452135	26	8	4	2	2	1	NA	NA	NA	unphased	2.6096256684492	1.3048128342246	2
2	74600065	74600066	53	9	4	2	2	1	NA	NA	NA	unphased	1.6099706744868	1.6099706744868	1
2	75186536	75186537	37	13	4	2	2	1	NA	NA	NA	unphased	2.88363636363636	1.44181818181818	2
2	80773162	80773163	38	6	4	2	2	1	NA	NA	NA	unphased	1.51239669421488	1.51239669421488	1
2	84658656	84658657	76	6	4	2	2	1	NA	NA	NA	unphased	0.811529933481153	0.811529933481153	1
2	88422545	88422546	34	4	4	2	2	1	NA	NA	NA	unphased	1.16746411483254	1.16746411483254	1
2	89544570	89544571	71	8	4	2	2	1	NA	NA	NA	unphased	1.12313003452244	1.12313003452244	1
2	103317654	103317655	34	8	4	2	2	1	NA	NA	NA	unphased	2.11255411255411	1.05627705627706	2
2	103343411	103343412	54	7	4	2	2	1	NA	NA	NA	unphased	1.27272727272727	1.27272727272727	1
2	108624948	108624949	26	8	4	2	2	1	NA	NA	NA	unphased	2.6096256684492	1.3048128342246	2
2	110962517	110962518	71	10	4	2	2	1	NA	NA	NA	unphased	1.3692480359147	1.3692480359147	1
2	114691892	114691893	161	17	4	2	2	1	NA	NA	NA	unphased	1.05924412665986	1.05924412665986	1
2	128342361	128342362	88	17	4	2	2	1	NA	NA	NA	unphased	1.795670995671	0.897835497835498	2
2	131981310	131981311	50	8	4	2	2	1	NA	NA	NA	unphased	1.52978056426332	1.52978056426332	1
2	136620240	136620241	116	12	4	2	2	1	NA	NA	NA	unphased	1.03977272727273	1.03977272727273	1
2	151326658	151326659	90	8	4	2	2	1	NA	NA	NA	unphased	0.905380333951762	0.905380333951762	1
2	152977293	152977294	85	10	4	2	2	1	NA	NA	NA	unphased	1.16746411483254	1.16746411483254	1
2	155265538	155265539	45	5	4	2	2	1	NA	NA	NA	unphased	1.10909090909091	1.10909090909091	1
2	160661567	160661568	31	16	4	2	2	1	NA	NA	NA	unphased	3.77562862669246	1.88781431334623	2
2	163361033	163361034	84	28	4	2	2	1	NA	NA	NA	unphased	2.77272727272727	1.38636363636364	2
2	179437105	179437106	24	11	4	2	2	1	NA	NA	NA	unphased	3.48571428571429	1.74285714285714	2
2	179474534	179474535	422	39	4	2	2	1	NA	NA	NA	unphased	0.938276474068231	0.938276474068231	1
2	179638666	179638667	106	7	4	2	2	1	NA	NA	NA	unphased	0.687047465808528	0.687047465808528	1
2	191859799	191859800	47	4	4	2	2	1	NA	NA	NA	unphased	0.869875222816399	0.869875222816399	1
2	196851787	196851788	51	14	4	2	2	1	NA	NA	NA	unphased	2.38881118881119	1.19440559440559	2
2	200820956	200820957	165	17	4	2	2	1	NA	NA	NA	unphased	1.03596403596404	1.03596403596404	1
2	218924995	218924996	67	6	4	2	2	1	NA	NA	NA	unphased	0.911581569115816	0.911581569115816	1
2	219617609	219617610	114	26	4	2	2	1	NA	NA	NA	unphased	2.05974025974026	1.02987012987013	2
2	220047144	220047145	148	51	4	2	2	1	NA	NA	NA	unphased	2.8423937871174	1.4211968935587	2
2	228769681	228769682	115	17	4	2	2	1	NA	NA	NA	unphased	1.42837465564738	1.42837465564738	1
2	230456418	230456419	72	7	4	2	2	1	NA	NA	NA	unphased	0.982738780207135	0.982738780207135	1
2	230456480	230456481	54	21	4	2	2	1	NA	NA	NA	unphased	3.10545454545455	1.55272727272727	2
2	233405353	233405354	23	5	4	2	2	1	NA	NA	NA	unphased	1.98051948051948	1.98051948051948	1
2	233839368	233839369	276	35	4	2	2	1	NA	NA	NA	unphased	1.24817304881614	1.24817304881614	1
2	234835183	234835184	77	14	4	2	2	1	NA	NA	NA	unphased	1.70629370629371	0.853146853146853	2
2	236877217	236877218	61	12	4	2	2	1	NA	NA	NA	unphased	1.82316313823163	0.911581569115816	2
2	238274525	238274526	137	25	4	2	2	1	NA	NA	NA	unphased	1.71156004489338	0.855780022446689	2
2	241078646	241078647	71	11	4	2	2	1	NA	NA	NA	unphased	1.48780487804878	1.48780487804878	1
20	2411156	2411157	75	11	2.52	2	2	0.26	1	1	0.74	unphased	1.2293023255814	1.2293023255814	1
20	3102241	3102242	17	3	2.52	2	2	0.26	1	1	0.74	unphased	1.44163636363636	1.44163636363636	1
20	18165420	18165421	83	8	2.52	2	2	0.26	1	1	0.74	unphased	0.844915084915085	0.844915084915085	1
20	21337263	21337264	34	8	2.52	2	2	0.26	1	1	0.74	unphased	1.83064935064935	1.83064935064935	1
20	21687012	21687013	55	13	2.52	2	2	0.26	1	1	0.74	unphased	1.83737967914438	1.45823784059078	1.26
20	21687580	21687581	58	7	2.52	2	2	0.26	1	1	0.74	unphased	1.03502097902098	1.03502097902098	1
20	23350780	23350781	50	9	2.52	2	2	0.26	1	1	0.74	unphased	1.46607087827427	1.46607087827427	1
20	31829262	31829263	193	18	2.52	2	2	0.26	1	1	0.74	unphased	0.819887979319259	0.819887979319259	1
20	33529521	33529522	68	7	2.52	2	2	0.26	1	1	0.74	unphased	0.897018181818182	0.897018181818182	1
20	33580974	33580975	75	6	2.52	2	2	0.26	1	1	0.74	unphased	0.711919191919192	0.711919191919192	1
20	50776658	50776659	168	15	2.52	2	2	0.26	1	1	0.74	unphased	0.787779433681073	0.787779433681073	1
20	56735892	56735893	34	4	2.52	2	2	0.26	1	1	0.74	unphased	1.01167464114833	1.01167464114833	1
20	58330260	58330261	38	6	2.52	2	2	0.26	1	1	0.74	unphased	1.31057851239669	1.31057851239669	1
20	61918946	61918947	37	4	2.52	2	2	0.26	1	1	0.74	unphased	0.937649667405765	0.937649667405765	1
20	61981643	61981644	28	4	2.52	2	2	0.26	1	1	0.74	unphased	1.20136363636364	1.20136363636364	1
21	10863033	10863034	370	40	NA	NA	NA	NA	NA	NA	NA	unphased	NA	NA	1
21	31709459	31709460	70	17	2	2	0	1	NA	NA	NA	unphased	1.77638453500522	0.888192267502612	2
21	32007759	32007760	181	15	2	2	0	1	NA	NA	NA	unphased	0.695732838589981	0.695732838589981	1
21	32253805	32253806	71	11	2	2	0	1	NA	NA	NA	unphased	1.21951219512195	1.21951219512195	1
22	17690469	17690470	53	6	2	1	1	0.21	1	1	0.79	unphased	0.924499229583975	0.924499229583975	1
22	19808805	19808806	124	12	2	1	1	0.21	1	1	0.79	unphased	0.802139037433155	0.802139037433155	1
22	21989500	21989501	50	8	2	1	1	0.21	1	1	0.79	unphased	1.25391849529781	1.25391849529781	1
22	32463999	32464000	156	29	2	1	1	0.21	1	1	0.79	unphased	1.42506142506143	1.42506142506143	1
22	37465271	37465272	18	3	2	1	1	0.21	1	1	0.79	unphased	1.2987012987013	1.2987012987013	1
22	42605681	42605682	128	21	2	1	1	0.21	1	1	0.79	unphased	1.28126906650397	1.28126906650397	1
22	43603583	43603584	58	7	2	1	1	0.21	1	1	0.79	unphased	0.979020979020979	0.979020979020979	1
22	46724608	46724609	92	6	2	1	1	0.21	1	1	0.79	unphased	0.556586270871985	0.556586270871985	1
3	4714901	4714902	52	7	3	3	0	1	NA	NA	NA	unphased	1.19722650231125	1.19722650231125	1
3	5164177	5164178	38	8	3	3	0	1	NA	NA	NA	unphased	1.75494071146245	1.75494071146245	1
3	19975259	19975260	95	16	3	3	0	1	NA	NA	NA	unphased	1.45454545454545	1.45454545454545	1
3	38616820	38616821	13	12	3	3	0	1	NA	NA	NA	unphased	4.84363636363636	1.61454545454545	3
3	39453810	39453811	36	7	3	3	0	1	NA	NA	NA	unphased	1.64270613107822	1.64270613107822	1
3	45988827	45988828	39	19	3	3	0	1	NA	NA	NA	unphased	3.30564263322884	1.10188087774295	3
3	48476262	48476263	96	13	3	3	0	1	NA	NA	NA	unphased	1.20350291909925	1.20350291909925	1
3	48501963	48501964	71	10	3	3	0	1	NA	NA	NA	unphased	1.24579124579125	1.24579124579125	1
3	48685885	48685886	7	3	3	3	0	1	NA	NA	NA	unphased	3.02727272727273	3.02727272727273	1
3	48810454	48810455	60	12	3	3	0	1	NA	NA	NA	unphased	1.68181818181818	0.840909090909091	2
3	49692589	49692590	33	11	3	3	0	1	NA	NA	NA	unphased	2.52272727272727	0.840909090909091	3
3	71021827	71021828	36	5	3	3	0	1	NA	NA	NA	unphased	1.23059866962306	1.23059866962306	1
3	77089915	77089916	66	7	1.17	2	0	0.17	1	0	0.83	unphased	0.79214196762142	0.79214196762142	1
3	77612411	77612412	56	7	1.17	2	0	0.17	1	0	0.83	unphased	0.917878787878788	0.917878787878788	1
3	96706413	96706414	132	15	4	2	2	1	NA	NA	NA	unphased	1.1317254174397	1.1317254174397	1
3	105269046	105269047	68	24	4	2	2	1	NA	NA	NA	unphased	2.89328063241107	1.44664031620553	2
3	112357596	112357597	79	18	4	2	2	1	NA	NA	NA	unphased	2.058106841612	1.029053420806	2
3	112993294	112993295	85	25	4	2	2	1	NA	NA	NA	unphased	2.52066115702479	1.2603305785124	2
3	120998737	120998738	60	6	4	2	2	1	NA	NA	NA	unphased	1.00826446280992	1.00826446280992	1
3	122215282	122215283	71	9	4	2	2	1	NA	NA	NA	unphased	1.24772727272727	1.24772727272727	1
3	129009526	129009527	85	8	4	2	2	1	NA	NA	NA	unphased	0.95405669599218	0.95405669599218	1
3	130095079	130095080	37	4	4	2	2	1	NA	NA	NA	unphased	1.0820399113082	1.0820399113082	1
3	131261464	131261465	73	13	4	2	2	1	NA	NA	NA	unphased	1.67653276955603	0.838266384778013	2
3	132213054	132213055	65	6	4	2	2	1	NA	NA	NA	unphased	0.937259923175416	0.937259923175416	1
3	132213089	132213090	58	6	4	2	2	1	NA	NA	NA	unphased	1.03977272727273	1.03977272727273	1
3	142681359	142681360	97	24	4	2	2	1	NA	NA	NA	unphased	2.19984973703982	1.09992486851991	2
3	148759383	148759384	87	18	4	2	2	1	NA	NA	NA	unphased	1.9012987012987	0.950649350649351	2
3	150644570	150644571	37	4	4	2	2	1	NA	NA	NA	unphased	1.0820399113082	1.0820399113082	1
3	157160339	157160340	108	14	4	2	2	1	NA	NA	NA	unphased	1.27272727272727	1.27272727272727	1
3	160148450	160148451	47	6	4	2	2	1	NA	NA	NA	unphased	1.25557461406518	1.25557461406518	1
3	160148456	160148457	44	6	4	2	2	1	NA	NA	NA	unphased	1.33090909090909	1.33090909090909	1
3	161214742	161214743	49	8	4	2	2	1	NA	NA	NA	unphased	1.55661881977671	1.55661881977671	1
3	164737532	164737533	44	11	4	2	2	1	NA	NA	NA	unphased	2.21818181818182	1.10909090909091	2
3	164737535	164737536	43	11	4	2	2	1	NA	NA	NA	unphased	2.25925925925926	1.12962962962963	2
3	164748576	164748577	50	4	4	2	2	1	NA	NA	NA	unphased	0.821548821548821	0.821548821548821	1
3	173525559	173525560	77	14	4	2	2	1	NA	NA	NA	unphased	1.70629370629371	0.853146853146853	2
3	179334810	179334811	36	4	4	2	2	1	NA	NA	NA	unphased	1.10909090909091	1.10909090909091	1
3	183006980	183006981	41	4	4	2	2	1	NA	NA	NA	unphased	0.985858585858586	0.985858585858586	1
3	184090558	184090559	206	15	4	2	2	1	NA	NA	NA	unphased	0.752776635129576	0.752776635129576	1
3	187440304	187440305	106	7	4	2	2	1	NA	NA	NA	unphased	0.687047465808528	0.687047465808528	1
3	194118338	194118339	228	31	4	2	2	1	NA	NA	NA	unphased	1.32748332748333	1.32748332748333	1
3	194126746	194126747	72	8	4	2	2	1	NA	NA	NA	unphased	1.10909090909091	1.10909090909091	1
3	196735713	196735714	82	26	4	2	2	1	NA	NA	NA	unphased	2.67003367003367	1.33501683501683	2
4	1985622	1985623	59	18	3	2	1	1	NA	NA	NA	unphased	2.35891381345927	1.17945690672963	2
4	3117082	3117083	76	6	3	2	1	1	NA	NA	NA	unphased	0.738359201773836	0.738359201773836	1
4	7736086	7736087	10	6	3	2	1	1	NA	NA	NA	unphased	3.78409090909091	1.89204545454545	2
4	15443996	15443997	267	27	3	2	1	1	NA	NA	NA	unphased	0.926716141001855	0.926716141001855	1
4	20568949	20568950	102	23	3	2	1	1	NA	NA	NA	unphased	1.85672727272727	0.928363636363636	2
4	55154984	55154985	71	8	3	2	1	1	NA	NA	NA	unphased	1.02186421173763	1.02186421173763	1
4	62800634	62800635	26	5	3	2	1	1	NA	NA	NA	unphased	1.62756598240469	1.62756598240469	1
4	62800642	62800643	28	4	3	2	1	1	NA	NA	NA	unphased	1.26136363636364	1.26136363636364	1
4	66270111	66270112	40	7	3	2	1	1	NA	NA	NA	unphased	1.50290135396518	1.50290135396518	1
4	70146306	70146307	70	45	3	2	1	1	NA	NA	NA	unphased	3.94861660079051	1.97430830039526	2
4	74736295	74736296	15	5	3	2	1	1	NA	NA	NA	unphased	2.52272727272727	1.26136363636364	2
4	77969603	77969604	78	18	3	2	1	1	NA	NA	NA	unphased	1.89204545454545	0.946022727272727	2
4	90171328	90171329	48	6	3	2	1	1	NA	NA	NA	unphased	1.12121212121212	1.12121212121212	1
4	95155121	95155122	39	7	3	2	1	1	NA	NA	NA	unphased	1.53557312252964	1.53557312252964	1
4	99338643	99338644	23	4	3	2	1	1	NA	NA	NA	unphased	1.4949494949495	1.4949494949495	1
4	106604351	106604352	68	10	2	2	0	1	NA	NA	NA	unphased	1.16550116550117	1.16550116550117	1
4	125592016	125592017	69	16	2	2	0	1	NA	NA	NA	unphased	1.71122994652406	0.855614973262032	2
4	134072722	134072723	87	17	2	2	0	1	NA	NA	NA	unphased	1.48601398601399	1.48601398601399	1
4	187455011	187455012	85	19	2	2	0	1	NA	NA	NA	unphased	1.66083916083916	0.83041958041958	2
5	7626321	7626322	93	25	3	2	1	1	NA	NA	NA	unphased	2.13790446841294	1.06895223420647	2
5	15937147	15937148	28	8	3	2	1	1	NA	NA	NA	unphased	2.24242424242424	1.12121212121212	2
5	21975433	21975434	109	22	3	2	1	1	NA	NA	NA	unphased	1.69465648854962	0.847328244274809	2
5	23509684	23509685	79	7	3	2	1	1	NA	NA	NA	unphased	0.821353065539112	0.821353065539112	1
5	32048714	32048715	52	9	3	2	1	1	NA	NA	NA	unphased	1.48882265275708	1.48882265275708	1
5	41033256	41033257	18	5	3	2	1	1	NA	NA	NA	unphased	2.19367588932806	2.19367588932806	1
5	45267221	45267222	107	22	3	2	1	1	NA	NA	NA	unphased	1.72093023255814	0.86046511627907	2
5	55212825	55212826	60	14	3	2	1	1	NA	NA	NA	unphased	1.90909090909091	0.954545454545455	2
5	65000187	65000188	41	4	3	2	1	1	NA	NA	NA	unphased	0.896969696969697	0.896969696969697	1
5	78919084	78919085	37	10	3	2	1	1	NA	NA	NA	unphased	2.14700193423598	1.07350096711799	2
5	79028812	79028813	22	5	3	2	1	1	NA	NA	NA	unphased	1.86868686868687	1.86868686868687	1
5	82849219	82849220	90	9	3	2	1	1	NA	NA	NA	unphased	0.917355371900826	0.917355371900826	1
5	87492305	87492306	35	7	3	2	1	1	NA	NA	NA	unphased	1.68181818181818	1.68181818181818	1
5	87492306	87492307	35	7	3	2	1	1	NA	NA	NA	unphased	1.68181818181818	1.68181818181818	1
5	94903689	94903690	35	4	3	2	1	1	NA	NA	NA	unphased	1.03496503496504	1.03496503496504	1
5	95011239	95011240	60	10	3	2	1	1	NA	NA	NA	unphased	1.44155844155844	1.44155844155844	1
5	128351748	128351749	105	21	3	2	1	1	NA	NA	NA	unphased	1.68181818181818	0.840909090909091	2
5	137419792	137419793	70	7	3	2	1	1	NA	NA	NA	unphased	0.917355371900826	0.917355371900826	1
5	140220939	140220940	79	22	3	2	1	1	NA	NA	NA	unphased	2.1980198019802	1.0990099009901	2
5	140256381	140256382	164	60	3	2	1	1	NA	NA	NA	unphased	2.70292207792208	1.35146103896104	2
5	140480843	140480844	70	21	3	2	1	1	NA	NA	NA	unphased	2.32867132867133	1.16433566433566	2
5	140554629	140554630	172	18	3	2	1	1	NA	NA	NA	unphased	0.955980861244019	0.955980861244019	1
5	140563823	140563824	141	14	3	2	1	1	NA	NA	NA	unphased	0.911436950146628	0.911436950146628	1
5	140604935	140604936	69	15	3	2	1	1	NA	NA	NA	unphased	1.80194805194805	0.900974025974026	2
5	140730791	140730792	51	7	3	2	1	1	NA	NA	NA	unphased	1.21786833855799	1.21786833855799	1
5	140750779	140750780	96	12	3	2	1	1	NA	NA	NA	unphased	1.12121212121212	1.12121212121212	1
5	140884971	140884972	137	37	3	2	1	1	NA	NA	NA	unphased	2.14576802507837	1.07288401253918	2
5	145638104	145638105	65	13	3	2	1	1	NA	NA	NA	unphased	1.68181818181818	0.840909090909091	2
5	145718643	145718644	20	3	3	2	1	1	NA	NA	NA	unphased	1.31620553359684	1.31620553359684	1
5	153175078	153175079	27	12	3	2	1	1	NA	NA	NA	unphased	3.10489510489511	1.55244755244755	2
5	156592639	156592640	203	19	3	2	1	1	NA	NA	NA	unphased	0.863636363636364	0.863636363636364	1
5	156786042	156786043	170	46	3	2	1	1	NA	NA	NA	unphased	2.1489898989899	1.07449494949495	2
5	161324162	161324163	111	16	3	2	1	1	NA	NA	NA	unphased	1.27129563350036	1.27129563350036	1
5	162900424	162900425	51	11	3	2	1	1	NA	NA	NA	unphased	1.79032258064516	0.895161290322581	2
5	167642226	167642227	108	11	3	2	1	1	NA	NA	NA	unphased	0.932773109243698	0.932773109243698	1
5	176829620	176829621	47	5	3	2	1	1	NA	NA	NA	unphased	0.97027972027972	0.97027972027972	1
5	178417680	178417681	10	4	3	2	1	1	NA	NA	NA	unphased	2.88311688311688	1.44155844155844	2
5	179994112	179994113	74	13	3	2	1	1	NA	NA	NA	unphased	1.50783699059561	1.50783699059561	1
6	15468843	15468844	62	13	4	4	0	1	NA	NA	NA	unphased	1.92242424242424	0.961212121212121	2
6	25862524	25862525	63	10	4	4	0	1	NA	NA	NA	unphased	1.51930261519303	1.51930261519303	1
6	30672670	30672671	209	19	4	4	0	1	NA	NA	NA	unphased	0.924242424242424	0.924242424242424	1
6	31797702	31797703	80	7	4	4	0	1	NA	NA	NA	unphased	0.892371995820272	0.892371995820272	1
6	34804067	34804068	187	11	4	4	0	1	NA	NA	NA	unphased	0.616161616161616	0.616161616161616	1
6	36298088	36298089	123	8	4	4	0	1	NA	NA	NA	unphased	0.677307425399028	0.677307425399028	1
6	38783429	38783430	29	8	4	4	0	1	NA	NA	NA	unphased	2.3980343980344	1.1990171990172	2
6	38850691	38850692	80	11	4	4	0	1	NA	NA	NA	unphased	1.34065934065934	1.34065934065934	1
6	41129199	41129200	63	16	4	4	0	1	NA	NA	NA	unphased	2.24626006904488	1.12313003452244	2
6	44269128	44269129	232	17	4	4	0	1	NA	NA	NA	unphased	0.757210660825119	0.757210660825119	1
6	46828609	46828610	27	4	4	4	0	1	NA	NA	NA	unphased	1.43108504398827	1.43108504398827	1
6	47649161	47649162	68	17	4	4	0	1	NA	NA	NA	unphased	2.21818181818182	1.10909090909091	2
6	47682019	47682020	53	16	4	4	0	1	NA	NA	NA	unphased	2.57180500658762	0.857268335529205	3
6	53989567	53989568	49	6	4	4	0	1	NA	NA	NA	unphased	1.2099173553719	1.2099173553719	1
6	55406866	55406867	29	9	2.44	4	3	0.24	1	0	0.76	unphased	2.25732057416268	1.00773239917977	2.24
6	56438526	56438527	92	8	2.44	4	3	0.24	1	0	0.76	unphased	0.762472727272727	0.762472727272727	1
6	56483560	56483561	144	33	2.44	4	3	0.24	1	0	0.76	unphased	1.77694915254237	1.03310997240836	1.72
6	57512529	57512530	106	11	NA	NA	NA	NA	NA	NA	NA	unphased	NA	NA	1
6	69348564	69348565	81	13	1.24	3	2	0.06	0	1	0.94	unphased	1.15214700193424	1.15214700193424	1
6	86243324	86243325	37	4	3	3	0	1	NA	NA	NA	unphased	0.984478935698448	0.984478935698448	1
6	110541041	110541042	55	5	3	3	0	1	NA	NA	NA	unphased	0.840909090909091	0.840909090909091	1
6	116381155	116381156	162	13	3	3	0	1	NA	NA	NA	unphased	0.74961038961039	0.74961038961039	1
6	143093590	143093591	36	13	3	3	0	1	NA	NA	NA	unphased	2.67717996289425	0.89239332096475	3
6	152201856	152201857	38	16	3	3	0	1	NA	NA	NA	unphased	2.98989898989899	0.996632996632997	3
6	155761100	155761101	34	7	3	3	0	1	NA	NA	NA	unphased	1.72283813747228	1.72283813747228	1
6	167549988	167549989	86	38	3	3	0	1	NA	NA	NA	unphased	3.09237536656892	1.03079178885631	3
6	170064293	170064294	23	11	3	3	0	1	NA	NA	NA	unphased	3.26470588235294	1.08823529411765	3
7	6628286	6628287	242	21	1.36	3	1	0.12	0	1	0.88	unphased	0.674787417905289	0.674787417905289	1
7	20668395	20668396	19	8	1.36	3	1	0.12	0	1	0.88	unphased	2.50397306397306	1.18111936979861	2.12
7	22184816	22184817	18	3	1.36	3	1	0.12	0	1	0.88	unphased	1.20727272727273	1.20727272727273	1
7	25182359	25182360	61	11	1.36	3	1	0.12	0	1	0.88	unphased	1.29111111111111	1.29111111111111	1
7	44147448	44147449	43	5	1.36	3	1	0.12	0	1	0.88	unphased	0.88030303030303	0.88030303030303	1
7	44147452	44147453	39	8	1.36	3	1	0.12	0	1	0.88	unphased	1.43845261121857	1.43845261121857	1
7	44147456	44147457	39	8	1.36	3	1	0.12	0	1	0.88	unphased	1.43845261121857	1.43845261121857	1
7	44180914	44180915	59	9	1.36	3	1	0.12	0	1	0.88	unphased	1.11850267379679	1.11850267379679	1
7	48086055	48086056	15	6	1.36	3	1	0.12	0	1	0.88	unphased	2.41454545454545	1.13893653516295	2.12
7	64452800	64452801	256	17	3.88	3	3	0.47	1	1	0.53	unphased	0.683170163170163	0.683170163170163	1
7	80447661	80447662	58	9	3.88	3	3	0.47	1	1	0.53	unphased	1.47370420624152	1.47370420624152	1
7	81358946	81358947	50	14	3.88	3	3	0.47	1	1	0.53	unphased	2.39988636363636	0.971613912403386	2.47
7	91632197	91632198	70	11	3.88	3	3	0.47	1	1	0.53	unphased	1.48987654320988	1.48987654320988	1
7	92085763	92085764	134	34	3.88	3	3	0.47	1	1	0.53	unphased	2.22030303030303	0.898908109434425	2.47
7	92131278	92131279	256	40	3.88	3	3	0.47	1	1	0.53	unphased	1.48255528255528	1.00854100854101	1.47
7	98515155	98515156	152	15	3.88	3	3	0.47	1	1	0.53	unphased	0.985410996189439	0.985410996189439	1
7	98586466	98586467	99	18	3.88	3	3	0.47	1	1	0.53	unphased	1.68783216783217	0.870016581356788	1.94
7	98609705	98609706	74	5	3.88	3	3	0.47	1	1	0.53	unphased	0.694361334867664	0.694361334867664	1
7	99799380	99799381	71	25	3.88	3	3	0.47	1	1	0.53	unphased	2.85700757575758	1.15668322905165	2.47
7	99957040	99957041	111	20	3.88	3	3	0.47	1	1	0.53	unphased	1.67494795281055	0.863375233407499	1.94
7	100028993	100028994	93	13	3.88	3	3	0.47	1	1	0.53	unphased	1.34548885077187	1.34548885077187	1
7	100240815	100240816	106	36	3.88	3	3	0.47	1	1	0.53	unphased	2.78135723431498	1.12605556045141	2.47
7	103341403	103341404	93	32	3.88	3	3	0.47	1	1	0.53	unphased	2.80855272727273	1.13706588148693	2.47
7	104741955	104741956	46	4	3.88	3	3	0.47	1	1	0.53	unphased	0.877672727272727	0.877672727272727	1
7	106797628	106797629	63	32	3.88	3	3	0.47	1	1	0.53	unphased	3.69546411483254	1.49613931774597	2.47
7	107621256	107621257	30	5	3.88	3	3	0.47	1	1	0.53	unphased	1.56727272727273	1.56727272727273	1
7	107626473	107626474	41	4	3.88	3	3	0.47	1	1	0.53	unphased	0.975191919191919	0.975191919191919	1
7	107818512	107818513	52	12	3.88	3	3	0.47	1	1	0.53	unphased	2.05704545454545	1.06033270852858	1.94
7	112724212	112724213	82	29	3.88	3	3	0.47	1	1	0.53	unphased	2.86627354627355	1.16043463411884	2.47
7	121682710	121682711	39	17	3.88	3	3	0.47	1	1	0.53	unphased	3.33045454545455	1.34836216415164	2.47
7	121682711	121682712	40	17	3.88	3	3	0.47	1	1	0.53	unphased	3.27202551834131	1.32470668758757	2.47
7	122774492	122774493	46	19	3.88	3	3	0.47	1	1	0.53	unphased	3.20688111888112	1.29833243679398	2.47
7	123388767	123388768	26	9	3.88	3	3	0.47	1	1	0.53	unphased	2.82109090909091	1.14214206845786	2.47
7	131113884	131113885	60	20	3.88	3	3	0.47	1	1	0.53	unphased	2.74272727272727	1.11041589988958	2.47
7	142880609	142880610	51	7	3.88	3	3	0.47	1	1	0.53	unphased	1.32407523510972	1.32407523510972	1
7	143826670	143826671	385	118	3.88	3	3	0.47	1	1	0.53	unphased	2.5736923911079	1.0419807251449	2.47
7	148921397	148921398	69	19	3.88	3	3	0.47	1	1	0.53	unphased	2.36871900826446	0.958995549904641	2.47
7	149558527	149558528	74	22	3.88	3	3	0.47	1	1	0.53	unphased	2.51416666666667	1.01788124156545	2.47
7	150718343	150718344	119	14	3.88	3	3	0.47	1	1	0.53	unphased	1.15483253588517	1.15483253588517	1
7	150919702	150919703	57	5	3.88	3	3	0.47	1	1	0.53	unphased	0.88475073313783	0.88475073313783	1
8	10285781	10285782	67	10	2	1	1	1	NA	NA	NA	unphased	1.18063754427391	1.18063754427391	1
8	12595581	12595582	32	7	2	1	1	1	NA	NA	NA	unphased	1.63170163170163	1.63170163170163	1
8	22384987	22384988	123	20	2	1	1	1	NA	NA	NA	unphased	1.27145581691036	1.27145581691036	1
8	24257808	24257809	44	10	2	1	1	1	NA	NA	NA	unphased	1.68350168350168	1.68350168350168	1
8	28575266	28575267	60	7	2	1	1	1	NA	NA	NA	unphased	0.949796472184532	0.949796472184532	1
8	41556968	41556969	76	30	2	1	1	1	NA	NA	NA	unphased	2.57289879931389	2.57289879931389	1
8	42977911	42977912	70	27	4	3	1	1	NA	NA	NA	unphased	3.08716026241799	1.029053420806	3
8	48790310	48790311	117	18	4	3	1	1	NA	NA	NA	unphased	1.47878787878788	1.47878787878788	1
8	52366330	52366331	63	5	4	3	1	1	NA	NA	NA	unphased	0.815508021390374	0.815508021390374	1
8	67809078	67809079	216	19	4	3	1	1	NA	NA	NA	unphased	0.896711798839459	0.896711798839459	1
8	72973952	72973953	59	7	4	3	1	1	NA	NA	NA	unphased	1.1763085399449	1.1763085399449	1
8	95539199	95539200	77	7	4	3	1	1	NA	NA	NA	unphased	0.924242424242424	0.924242424242424	1
8	100523328	100523329	54	9	4	3	1	1	NA	NA	NA	unphased	1.58441558441558	1.58441558441558	1
8	100871592	100871593	75	7	4	3	1	1	NA	NA	NA	unphased	0.946784922394679	0.946784922394679	1
8	101065066	101065067	88	26	4	3	1	1	NA	NA	NA	unphased	2.52950558213716	0.843168527379054	3
8	113318240	113318241	105	15	4	3	1	1	NA	NA	NA	unphased	1.38636363636364	1.38636363636364	1
8	124138356	124138357	60	7	4	3	1	1	NA	NA	NA	unphased	1.15875169606513	1.15875169606513	1
8	139163770	139163771	86	7	2.21	2	1	0.21	1	1	0.79	unphased	0.700068426197459	0.700068426197459	1
9	17273805	17273806	44	14	3	3	0	1	NA	NA	NA	unphased	2.43573667711599	0.811912225705329	3
9	19786114	19786115	59	17	3	3	0	1	NA	NA	NA	unphased	2.25717703349282	1.12858851674641	2
9	21971055	21971056	30	15	3	3	0	1	NA	NA	NA	unphased	3.36363636363636	1.12121212121212	3
9	32784570	32784571	30	11	3	3	0	1	NA	NA	NA	unphased	2.70731707317073	0.902439024390244	3
9	73254083	73254084	40	28	3	3	0	1	NA	NA	NA	unphased	4.15508021390374	1.38502673796791	3
9	88960654	88960655	34	4	3	3	0	1	NA	NA	NA	unphased	1.0622009569378	1.0622009569378	1
9	98209479	98209480	66	8	3	3	0	1	NA	NA	NA	unphased	1.09090909090909	1.09090909090909	1
9	101907034	101907035	60	12	3	3	0	1	NA	NA	NA	unphased	1.68181818181818	0.840909090909091	2
9	114090555	114090556	64	19	3	3	0	1	NA	NA	NA	unphased	2.30996714129244	1.15498357064622	2
9	119582942	119582943	107	34	3	3	0	1	NA	NA	NA	unphased	2.43326885880077	0.811089619600258	3
9	125424012	125424013	42	22	3	3	0	1	NA	NA	NA	unphased	3.46875	1.15625	3
9	125673694	125673695	36	7	3	3	0	1	NA	NA	NA	unphased	1.64270613107822	1.64270613107822	1
9	125673917	125673918	48	10	3	3	0	1	NA	NA	NA	unphased	1.73981191222571	0.869905956112853	2
9	125681460	125681461	82	20	3	3	0	1	NA	NA	NA	unphased	1.97860962566845	0.989304812834225	2
9	131370274	131370275	81	15	3	3	0	1	NA	NA	NA	unphased	1.57670454545455	0.788352272727273	2
9	131469281	131469282	121	10	3	3	0	1	NA	NA	NA	unphased	0.77029840388619	0.77029840388619	1
9	131476879	131476880	78	9	3	3	0	1	NA	NA	NA	unphased	1.04388714733542	1.04388714733542	1
9	139814712	139814713	32	9	3	3	0	1	NA	NA	NA	unphased	2.21507760532151	1.10753880266075	2
9	139887561	139887562	37	12	3	3	0	1	NA	NA	NA	unphased	2.47124304267161	0.823747680890538	3
9	140938297	140938298	188	63	NA	NA	NA	NA	NA	NA	NA	unphased	NA	NA	1
9	141014742	141014743	9	3	NA	NA	NA	NA	NA	NA	NA	unphased	NA	NA	1
X	2139105	2139106	72	9	NA	NA	NA	NA	NA	NA	NA	unphased	NA	NA	1
X	3228469	3228470	25	4	NA	NA	NA	NA	NA	NA	NA	unphased	NA	NA	1
X	14599504	14599505	61	18	NA	NA	NA	NA	NA	NA	NA	unphased	NA	NA	1
X	14934423	14934424	152	46	NA	NA	NA	NA	NA	NA	NA	unphased	NA	NA	1
X	15580053	15580054	59	15	NA	NA	NA	NA	NA	NA	NA	unphased	NA	NA	1
X	18671674	18671675	19	8	NA	NA	NA	NA	NA	NA	NA	unphased	NA	NA	1
X	19983546	19983547	99	6	NA	NA	NA	NA	NA	NA	NA	unphased	NA	NA	1
X	21875588	21875589	357	99	NA	NA	NA	NA	NA	NA	NA	unphased	NA	NA	1
X	27998991	27998992	29	6	NA	NA	NA	NA	NA	NA	NA	unphased	NA	NA	1
X	30864759	30864760	48	9	NA	NA	NA	NA	NA	NA	NA	unphased	NA	NA	1
X	32662397	32662398	93	26	NA	NA	NA	NA	NA	NA	NA	unphased	NA	NA	1
X	47003894	47003895	42	9	NA	NA	NA	NA	NA	NA	NA	unphased	NA	NA	1
X	48775899	48775900	48	7	NA	NA	NA	NA	NA	NA	NA	unphased	NA	NA	1
X	51150644	51150645	12	7	NA	NA	NA	NA	NA	NA	NA	unphased	NA	NA	1
X	54177805	54177806	27	3	NA	NA	NA	NA	NA	NA	NA	unphased	NA	NA	1
X	54784518	54784519	55	14	NA	NA	NA	NA	NA	NA	NA	unphased	NA	NA	1
X	55246977	55246978	9	3	NA	NA	NA	NA	NA	NA	NA	unphased	NA	NA	1
X	63413182	63413183	68	6	NA	NA	NA	NA	NA	NA	NA	unphased	NA	NA	1
X	68749733	68749734	50	19	NA	NA	NA	NA	NA	NA	NA	unphased	NA	NA	1
X	70343053	70343054	83	8	NA	NA	NA	NA	NA	NA	NA	unphased	NA	NA	1
X	70343073	70343074	56	7	NA	NA	NA	NA	NA	NA	NA	unphased	NA	NA	1
X	78618447	78618448	38	6	NA	NA	NA	NA	NA	NA	NA	unphased	NA	NA	1
X	102632635	102632636	153	31	NA	NA	NA	NA	NA	NA	NA	unphased	NA	NA	1
X	106331703	106331704	101	10	NA	NA	NA	NA	NA	NA	NA	unphased	NA	NA	1
X	109695610	109695611	60	5	NA	NA	NA	NA	NA	NA	NA	unphased	NA	NA	1
X	109698492	109698493	134	16	NA	NA	NA	NA	NA	NA	NA	unphased	NA	NA	1
X	120007724	120007725	268	41	NA	NA	NA	NA	NA	NA	NA	unphased	NA	NA	1
X	130219637	130219638	300	32	NA	NA	NA	NA	NA	NA	NA	unphased	NA	NA	1
X	130219638	130219639	299	33	NA	NA	NA	NA	NA	NA	NA	unphased	NA	NA	1
X	130419877	130419878	161	13	NA	NA	NA	NA	NA	NA	NA	unphased	NA	NA	1
X	135585005	135585006	52	6	NA	NA	NA	NA	NA	NA	NA	unphased	NA	NA	1
X	138880903	138880904	42	7	NA	NA	NA	NA	NA	NA	NA	unphased	NA	NA	1
X	142718704	142718705	50	8	NA	NA	NA	NA	NA	NA	NA	unphased	NA	NA	1
X	150839610	150839611	119	32	NA	NA	NA	NA	NA	NA	NA	unphased	NA	NA	1
X	154158124	154158125	74	18	NA	NA	NA	NA	NA	NA	NA	unphased	NA	NA	1
