chr	start	end	WT.count	mut.count	subclonal.CN	nMaj1	nMin1	frac1	nMaj2	nMin2	frac2	phase	mutation.copy.number	subclonal.fraction	no.chrs.bearing.mut
1	2077474	2077475	49	17	NA	NA	NA	NA	NA	NA	NA	unphased	NA	NA	1
1	2530195	2530196	23	15	NA	NA	NA	NA	NA	NA	NA	unphased	NA	NA	1
1	2538454	2538455	39	33	NA	NA	NA	NA	NA	NA	NA	unphased	NA	NA	1
1	3103016	3103017	12	7	NA	NA	NA	NA	NA	NA	NA	unphased	NA	NA	1
1	3519120	3519121	13	22	3	2	1	1	NA	NA	NA	unphased	2.50490405117271	1.25245202558635	2
1	6266721	6266722	24	24	3	2	1	1	NA	NA	NA	unphased	1.99253731343284	0.996268656716418	2
1	10714190	10714191	24	42	3	2	1	1	NA	NA	NA	unphased	2.5359565807327	1.26797829036635	2
1	12726346	12726347	80	40	3	2	1	1	NA	NA	NA	unphased	1.32835820895522	1.32835820895522	1
1	16091648	16091649	25	18	3	2	1	1	NA	NA	NA	unphased	1.66817077403679	0.834085387018396	2
1	42046278	42046279	61	27	2	1	1	1	NA	NA	NA	unphased	0.915875169606513	0.915875169606513	1
1	45923456	45923457	30	9	2	1	1	1	NA	NA	NA	unphased	0.68886337543054	0.68886337543054	1
1	47024440	47024441	34	16	2	1	1	1	NA	NA	NA	unphased	0.955223880597015	0.955223880597015	1
1	67147824	67147825	49	71	1	1	0	1	NA	NA	NA	unphased	1.17450248756219	1.17450248756219	1
1	67185019	67185020	8	5	1	1	0	1	NA	NA	NA	unphased	0.763490241102181	0.763490241102181	1
1	86524847	86524848	29	11	3	2	1	1	NA	NA	NA	unphased	1.09589552238806	1.09589552238806	1
1	92442838	92442839	45	44	3	2	1	1	NA	NA	NA	unphased	1.97014925373134	0.985074626865671	2
1	97236292	97236293	39	60	4	3	1	1	NA	NA	NA	unphased	3.02125734961556	1.00708578320519	3
1	107691418	107691419	75	27	2	1	1	1	NA	NA	NA	unphased	0.790166812993854	0.790166812993854	1
1	107691419	107691420	72	26	2	1	1	1	NA	NA	NA	unphased	0.791958574474566	0.791958574474566	1
1	109200155	109200156	32	16	2	1	1	1	NA	NA	NA	unphased	0.99502487562189	0.99502487562189	1
1	110765691	110765692	57	31	2	1	1	1	NA	NA	NA	unphased	1.05156037991859	1.05156037991859	1
1	114454828	114454829	17	14	1	1	0	1	NA	NA	NA	unphased	0.89648531535869	0.89648531535869	1
1	142803424	142803425	29	4	NA	NA	NA	NA	NA	NA	NA	unphased	NA	NA	1
1	145116002	145116003	47	5	NA	NA	NA	NA	NA	NA	NA	unphased	NA	NA	1
1	147231222	147231223	53	22	NA	NA	NA	NA	NA	NA	NA	unphased	NA	NA	1
1	152276641	152276642	336	91	4	2	2	1	NA	NA	NA	unphased	1.06239295326645	1.06239295326645	1
1	152284647	152284648	320	201	4	2	2	1	NA	NA	NA	unphased	1.9232245681382	0.961612284069098	2
1	152284711	152284712	382	222	4	2	2	1	NA	NA	NA	unphased	1.83226252841751	0.916131264208757	2
1	152331281	152331282	99	68	4	2	2	1	NA	NA	NA	unphased	2.02985074626866	1.01492537313433	2
1	154027276	154027277	50	6	4	2	2	1	NA	NA	NA	unphased	0.53411513859275	0.53411513859275	1
1	155642499	155642500	55	14	4	2	2	1	NA	NA	NA	unphased	1.01146441704521	1.01146441704521	1
1	156811944	156811945	18	9	4	2	2	1	NA	NA	NA	unphased	1.66169154228856	1.66169154228856	1
1	157666158	157666159	43	27	4	2	2	1	NA	NA	NA	unphased	1.9228144989339	0.961407249466951	2
1	159176145	159176146	248	156	4	2	2	1	NA	NA	NA	unphased	1.92492980641348	0.962464903206739	2
1	159409740	159409741	118	27	4	2	2	1	NA	NA	NA	unphased	0.928255275347401	0.928255275347401	1
1	183920144	183920145	167	53	3	2	1	1	NA	NA	NA	unphased	0.960040705563094	0.960040705563094	1
1	192613466	192613467	89	23	3	2	1	1	NA	NA	NA	unphased	0.818363539445629	0.818363539445629	1
1	196794685	196794686	50	10	3	2	1	1	NA	NA	NA	unphased	0.664179104477612	0.664179104477612	1
1	196953240	196953241	26	7	3	2	1	1	NA	NA	NA	unphased	0.845318860244233	0.845318860244233	1
1	197070515	197070516	25	18	3	2	1	1	NA	NA	NA	unphased	1.66817077403679	0.834085387018396	2
1	197111523	197111524	180	53	3	2	1	1	NA	NA	NA	unphased	0.906476202677599	0.906476202677599	1
1	201185814	201185815	33	31	3	2	1	1	NA	NA	NA	unphased	1.93027052238806	0.96513526119403	2
1	201869185	201869186	25	7	3	2	1	1	NA	NA	NA	unphased	0.871735074626866	0.871735074626866	1
1	216138677	216138678	104	32	3	2	1	1	NA	NA	NA	unphased	0.93766461808604	0.93766461808604	1
1	216138678	216138679	104	33	3	2	1	1	NA	NA	NA	unphased	0.959908486763264	0.959908486763264	1
1	222801056	222801057	41	31	3	2	1	1	NA	NA	NA	unphased	1.7157960199005	0.857898009950249	2
1	222833532	222833533	24	42	3	2	1	1	NA	NA	NA	unphased	2.5359565807327	1.26797829036635	2
1	226075724	226075725	19	8	3	2	1	1	NA	NA	NA	unphased	1.18076285240464	1.18076285240464	1
1	232600587	232600588	41	11	3	2	1	1	NA	NA	NA	unphased	0.842996555683123	0.842996555683123	1
1	232600609	232600610	56	12	3	2	1	1	NA	NA	NA	unphased	0.70324846356453	0.70324846356453	1
1	236760238	236760239	46	50	3	2	1	1	NA	NA	NA	unphased	2.07555970149254	1.03777985074627	2
1	237948013	237948014	31	15	3	2	1	1	NA	NA	NA	unphased	1.29948085658663	1.29948085658663	1
1	238048072	238048073	29	8	3	2	1	1	NA	NA	NA	unphased	0.861637757160145	0.861637757160145	1
1	241094037	241094038	90	87	3	2	1	1	NA	NA	NA	unphased	1.95876549456109	0.979382747280546	2
1	242030244	242030245	32	35	3	2	1	1	NA	NA	NA	unphased	2.08175540209401	1.040877701047	2
1	245848893	245848894	10	10	3	2	1	1	NA	NA	NA	unphased	1.99253731343284	0.996268656716418	2
1	245848894	245848895	9	10	3	2	1	1	NA	NA	NA	unphased	2.09740769835035	1.04870384917518	2
1	246811077	246811078	56	50	3	2	1	1	NA	NA	NA	unphased	1.87975218248381	0.939876091241904	2
1	247587934	247587935	30	31	3	2	1	1	NA	NA	NA	unphased	2.02520185955469	1.01260092977734	2
1	247921053	247921054	20	8	NA	NA	NA	NA	NA	NA	NA	unphased	NA	NA	1
1	248636688	248636689	72	32	NA	NA	NA	NA	NA	NA	NA	unphased	NA	NA	1
10	94647	94648	35	14	NA	NA	NA	NA	NA	NA	NA	unphased	NA	NA	1
10	15103814	15103815	122	29	1.16	2	1	0.08	1	0	0.92	unphased	0.411967974696056	0.411967974696056	1
10	25312404	25312405	76	26	1.16	2	1	0.08	1	0	0.92	unphased	0.54678372841674	0.54678372841674	1
10	29599111	29599112	28	27	1.16	2	1	0.08	1	0	0.92	unphased	1.05303663500678	1.05303663500678	1
10	43601845	43601846	27	5	1.16	2	1	0.08	1	0	0.92	unphased	0.335167910447761	0.335167910447761	1
10	79777350	79777351	41	16	2	1	1	1	NA	NA	NA	unphased	0.837915684734224	0.837915684734224	1
10	95116583	95116584	27	15	2	1	1	1	NA	NA	NA	unphased	1.06609808102345	1.06609808102345	1
10	98762556	98762557	33	18	2	1	1	1	NA	NA	NA	unphased	1.05355575065847	1.05355575065847	1
10	102256929	102256930	25	18	2	1	1	1	NA	NA	NA	unphased	1.249566122874	1.249566122874	1
10	102256930	102256931	27	17	2	1	1	1	NA	NA	NA	unphased	1.15332428765265	1.15332428765265	1
10	102739887	102739888	28	3	2	1	1	1	NA	NA	NA	unphased	0.288878189696678	0.288878189696678	1
10	117704233	117704234	80	4	2	1	1	1	NA	NA	NA	unphased	0.142146410803127	0.142146410803127	1
10	122630691	122630692	25	6	2	1	1	1	NA	NA	NA	unphased	0.577756379393356	0.577756379393356	1
11	1217677	1217678	31	24	1.01	1	1	0.01	0	1	0.99	unphased	0.870578018995929	0.870578018995929	1
11	1605901	1605902	22	11	1.01	1	1	0.01	0	1	0.99	unphased	0.66502487562189	0.66502487562189	1
11	1955020	1955021	24	17	1.01	1	1	0.01	0	1	0.99	unphased	0.827226064797961	0.827226064797961	1
11	4936465	4936466	18	5	1.01	1	1	0.01	0	1	0.99	unphased	0.433711875405581	0.433711875405581	1
11	4967876	4967877	135	55	1.01	1	1	0.01	0	1	0.99	unphased	0.577521602513747	0.577521602513747	1
11	5906246	5906247	72	35	1.01	1	1	0.01	0	1	0.99	unphased	0.652594504114939	0.652594504114939	1
11	6265579	6265580	8	5	1.01	1	1	0.01	0	1	0.99	unphased	0.767336394948335	0.767336394948335	1
11	6292012	6292013	14	17	1.01	1	1	0.01	0	1	0.99	unphased	1.09407318247472	1.09407318247472	1
11	6943213	6943214	24	14	1.01	1	1	0.01	0	1	0.99	unphased	0.735027494108405	0.735027494108405	1
11	7059876	7059877	48	25	1.01	1	1	0.01	0	1	0.99	unphased	0.68324473522797	0.68324473522797	1
11	7083651	7083652	60	16	1.01	1	1	0.01	0	1	0.99	unphased	0.420015710919089	0.420015710919089	1
11	11314661	11314662	26	8	1.01	1	1	0.01	0	1	0.99	unphased	0.469429323968393	0.469429323968393	1
11	12247750	12247751	44	8	1.01	1	1	0.01	0	1	0.99	unphased	0.306934557979334	0.306934557979334	1
11	15199881	15199882	28	8	1.01	1	1	0.01	0	1	0.99	unphased	0.44334991708126	0.44334991708126	1
11	32657331	32657332	17	10	2	1	1	1	NA	NA	NA	unphased	1.10558319513543	1.10558319513543	1
11	32956716	32956717	34	25	2	1	1	1	NA	NA	NA	unphased	1.26486213002783	1.26486213002783	1
11	33564734	33564735	32	30	2	1	1	1	NA	NA	NA	unphased	1.44439094848339	1.44439094848339	1
11	40137724	40137725	11	4	2	1	1	1	NA	NA	NA	unphased	0.796019900497512	0.796019900497512	1
11	48286047	48286048	25	11	2	1	1	1	NA	NA	NA	unphased	0.912106135986733	0.912106135986733	1
11	55135421	55135422	29	9	2	1	1	1	NA	NA	NA	unphased	0.706991358994501	0.706991358994501	1
11	55607016	55607017	61	20	2	1	1	1	NA	NA	NA	unphased	0.737055463423622	0.737055463423622	1
11	55927734	55927735	82	22	2	1	1	1	NA	NA	NA	unphased	0.631458094144661	0.631458094144661	1
11	56019895	56019896	68	23	3	2	1	1	NA	NA	NA	unphased	1.00721666393308	1.00721666393308	1
11	56128531	56128532	128	32	3	2	1	1	NA	NA	NA	unphased	0.797014925373134	0.797014925373134	1
11	56143334	56143335	136	87	3	2	1	1	NA	NA	NA	unphased	1.55471521317181	0.777357606585905	2
11	57996272	57996273	88	26	3	2	1	1	NA	NA	NA	unphased	0.908876669285153	0.908876669285153	1
11	62159032	62159033	24	9	4	2	2	1	NA	NA	NA	unphased	1.359565807327	1.359565807327	1
11	62293041	62293042	186	44	4	2	2	1	NA	NA	NA	unphased	0.953666450356911	0.953666450356911	1
11	62459864	62459865	35	6	4	2	2	1	NA	NA	NA	unphased	0.729523116126684	0.729523116126684	1
11	62747366	62747367	52	18	4	2	2	1	NA	NA	NA	unphased	1.2818763326226	1.2818763326226	1
11	64415749	64415750	75	54	4	2	2	1	NA	NA	NA	unphased	2.08677542519958	1.04338771259979	2
11	64815848	64815849	65	10	4	2	2	1	NA	NA	NA	unphased	0.664676616915423	0.664676616915423	1
11	67077348	67077349	76	52	4	2	2	1	NA	NA	NA	unphased	2.02518656716418	1.01259328358209	2
11	73748714	73748715	41	11	4	2	2	1	NA	NA	NA	unphased	1.05453501722158	1.05453501722158	1
11	74911420	74911421	118	29	4	2	2	1	NA	NA	NA	unphased	0.983450096456493	0.983450096456493	1
11	76372428	76372429	52	14	4	2	2	1	NA	NA	NA	unphased	1.05744007236545	1.05744007236545	1
11	85722152	85722153	42	7	4	2	2	1	NA	NA	NA	unphased	0.712153518123667	0.712153518123667	1
11	85722155	85722156	38	7	4	2	2	1	NA	NA	NA	unphased	0.775456053067993	0.775456053067993	1
11	107423851	107423852	55	4	2	2	0	1	NA	NA	NA	unphased	0.202377940804452	0.202377940804452	1
11	129751623	129751624	6	9	2	2	0	1	NA	NA	NA	unphased	1.7910447761194	0.895522388059701	2
12	427540	427541	79	34	NA	NA	NA	NA	NA	NA	NA	unphased	NA	NA	1
12	5672695	5672696	19	33	2	2	0	1	NA	NA	NA	unphased	1.89437428243398	0.947187141216992	2
12	26636703	26636704	139	47	3	2	1	1	NA	NA	NA	unphased	1.00698122291767	1.00698122291767	1
12	26809336	26809337	60	11	3	2	1	1	NA	NA	NA	unphased	0.617405928105949	0.617405928105949	1
12	28603338	28603339	91	59	4	2	2	1	NA	NA	NA	unphased	1.9607960199005	0.980398009950249	2
12	29614941	29614942	96	69	4	2	2	1	NA	NA	NA	unphased	2.08466757123474	1.04233378561737	2
12	34179131	34179132	154	50	2	1	1	0.69	1	1	0.31	unphased	0.731635937957272	0.731635937957272	1
12	49231324	49231325	69	35	2	2	0	1	NA	NA	NA	unphased	1.00459242250287	1.00459242250287	1
12	52282533	52282534	19	29	2	2	0	1	NA	NA	NA	unphased	1.80348258706468	0.901741293532338	2
12	55523902	55523903	39	67	2	2	0	1	NA	NA	NA	unphased	1.88679245283019	0.943396226415094	2
12	56487889	56487890	33	12	2	2	0	1	NA	NA	NA	unphased	0.796019900497512	0.796019900497512	1
12	57569263	57569264	14	31	2	2	0	1	NA	NA	NA	unphased	2.05638474295191	1.02819237147595	2
12	70004113	70004114	22	29	2	2	0	1	NA	NA	NA	unphased	1.69739537606087	0.848697688030436	2
12	70933484	70933485	10	5	2	2	0	1	NA	NA	NA	unphased	0.99502487562189	0.99502487562189	1
12	73046137	73046138	30	41	2	2	0	1	NA	NA	NA	unphased	1.72377548875342	0.861887744376708	2
12	77423928	77423929	22	56	3	3	0	1	NA	NA	NA	unphased	2.86107921928817	0.953693073096058	3
12	78574753	78574754	18	54	3	3	0	1	NA	NA	NA	unphased	2.98880597014925	0.996268656716418	3
12	108145424	108145425	36	12	3	3	0	1	NA	NA	NA	unphased	0.996268656716418	0.996268656716418	1
12	114836422	114836423	7	9	3	3	0	1	NA	NA	NA	unphased	2.24160447761194	1.12080223880597	2
12	133434065	133434066	6	36	NA	NA	NA	NA	NA	NA	NA	unphased	NA	NA	1
13	28368063	28368064	8	15	2	2	0	1	NA	NA	NA	unphased	1.94678780012979	0.973393900064893	2
13	31725160	31725161	36	27	2	2	0	1	NA	NA	NA	unphased	1.27931769722814	1.27931769722814	1
13	41373227	41373228	39	24	2	2	0	1	NA	NA	NA	unphased	1.13717128642502	1.13717128642502	1
13	43839583	43839584	38	85	2	2	0	1	NA	NA	NA	unphased	2.06285644946002	1.03142822473001	2
13	53024756	53024757	2	10	2	2	0	1	NA	NA	NA	unphased	2.48756218905473	1.24378109452736	2
13	53418995	53418996	34	133	9	7	2	1	NA	NA	NA	unphased	7.95218518187505	1.13602645455358	7
13	53422642	53422643	43	3	9	7	2	1	NA	NA	NA	unphased	0.651200519143413	0.651200519143413	1
13	67802317	67802318	30	9	2	2	0	1	NA	NA	NA	unphased	0.68886337543054	0.68886337543054	1
13	73348153	73348154	64	20	2	2	0	1	NA	NA	NA	unphased	0.710732054015636	0.710732054015636	1
13	86369466	86369467	26	22	2	2	0	1	NA	NA	NA	unphased	1.3681592039801	0.68407960199005	2
13	94482723	94482724	10	23	2	2	0	1	NA	NA	NA	unphased	2.0805065581185	1.04025327905925	2
13	101728269	101728270	36	40	2	2	0	1	NA	NA	NA	unphased	1.57109190887667	0.785545954438335	2
14	19574249	19574250	89	11	NA	NA	NA	NA	NA	NA	NA	unphased	NA	NA	1
14	20248811	20248812	679	84	NA	NA	NA	NA	NA	NA	NA	unphased	NA	NA	1
14	20585716	20585717	207	136	2.18	2	2	0.09	1	1	0.91	unphased	1.25495670336365	1.15133642510426	1.09
14	22294114	22294115	78	19	2.18	2	2	0.09	1	1	0.91	unphased	0.619963071241729	0.619963071241729	1
14	23397744	23397745	73	39	2.18	2	2	0.09	1	1	0.91	unphased	1.10212420042644	1.10212420042644	1
14	23885270	23885271	59	44	2.18	2	2	0.09	1	1	0.91	unphased	1.35207071438922	1.2404318480635	1.09
14	32563471	32563472	84	53	2.18	2	2	0.09	1	1	0.91	unphased	1.22444492864146	1.1233439712307	1.09
14	33015818	33015819	49	17	2.18	2	2	0.09	1	1	0.91	unphased	0.815246494798734	0.815246494798734	1
14	39717035	39717036	44	27	2.18	2	2	0.09	1	1	0.91	unphased	1.20361992852638	1.20361992852638	1
14	51111640	51111641	82	14	2.18	2	2	0.09	1	1	0.91	unphased	0.461573383084577	0.461573383084577	1
14	51378534	51378535	74	37	2.18	2	2	0.09	1	1	0.91	unphased	1.05502487562189	1.05502487562189	1
14	52735002	52735003	100	68	2.18	2	2	0.09	1	1	0.91	unphased	1.28110163468372	1.17532260062727	1.09
14	60591647	60591648	100	23	2.18	2	2	0.09	1	1	0.91	unphased	0.591843222909841	0.591843222909841	1
14	60976400	60976401	20	10	2.18	2	2	0.09	1	1	0.91	unphased	1.05502487562189	1.05502487562189	1
14	61180535	61180536	22	21	2.18	2	2	0.09	1	1	0.91	unphased	1.54573412009719	1.41810469733687	1.09
14	65054945	65054946	71	38	2.18	2	2	0.09	1	1	0.91	unphased	1.10342051211831	1.10342051211831	1
14	88406292	88406293	205	36	2.18	2	2	0.09	1	1	0.91	unphased	0.472791230569146	0.472791230569146	1
14	90455296	90455297	36	13	2.18	2	2	0.09	1	1	0.91	unphased	0.839713676515382	0.839713676515382	1
14	91626632	91626633	56	16	2.18	2	2	0.09	1	1	0.91	unphased	0.70334991708126	0.70334991708126	1
14	92600597	92600598	37	20	2.18	2	2	0.09	1	1	0.91	unphased	1.11055250065462	1.11055250065462	1
14	93962803	93962804	61	36	2.18	2	2	0.09	1	1	0.91	unphased	1.17466687182643	1.17466687182643	1
14	95081190	95081191	41	11	2.18	2	2	0.09	1	1	0.91	unphased	0.669535017221584	0.669535017221584	1
14	95932315	95932316	58	13	2.18	2	2	0.09	1	1	0.91	unphased	0.579520706327517	0.579520706327517	1
14	100847474	100847475	37	34	2.18	2	2	0.09	1	1	0.91	unphased	1.51566953962581	1.39052251341818	1.09
14	100996230	100996231	44	21	2.18	2	2	0.09	1	1	0.91	unphased	1.0225625717566	1.0225625717566	1
14	101509383	101509384	57	10	2.18	2	2	0.09	1	1	0.91	unphased	0.472399198039652	0.472399198039652	1
14	101521809	101521810	40	25	2.18	2	2	0.09	1	1	0.91	unphased	1.21733639494834	1.21733639494834	1
14	105410205	105410206	143	119	2.18	2	2	0.09	1	1	0.91	unphased	1.43757206334738	1.31887345261228	1.09
15	30008949	30008950	21	37	2	2	0	1	NA	NA	NA	unphased	1.90427174472465	0.952135872362326	2
15	31796018	31796019	35	20	2	2	0	1	NA	NA	NA	unphased	1.08548168249661	1.08548168249661	1
15	32460266	32460267	43	15	2	2	0	1	NA	NA	NA	unphased	0.772002058672156	0.772002058672156	1
15	40512822	40512823	82	37	2	2	0	1	NA	NA	NA	unphased	0.928132447008654	0.928132447008654	1
15	40707609	40707610	24	10	2	2	0	1	NA	NA	NA	unphased	0.877963125548727	0.877963125548727	1
15	48414088	48414089	61	22	2	2	0	1	NA	NA	NA	unphased	0.791224599892106	0.791224599892106	1
15	63073380	63073381	27	11	2	2	0	1	NA	NA	NA	unphased	0.864100549882168	0.864100549882168	1
15	74426315	74426316	3	7	2	2	0	1	NA	NA	NA	unphased	2.08955223880597	1.04477611940298	2
15	89399112	89399113	35	22	2	2	0	1	NA	NA	NA	unphased	1.15213406650956	1.15213406650956	1
15	100636611	100636612	46	85	2	2	0	1	NA	NA	NA	unphased	1.93688048308078	0.96844024154039	2
15	101597146	101597147	57	25	2	2	0	1	NA	NA	NA	unphased	0.910083727702949	0.910083727702949	1
16	1709951	1709952	14	23	2	2	0	1	NA	NA	NA	unphased	1.8555869302138	0.927793465106898	2
16	2030674	2030675	3	6	2	2	0	1	NA	NA	NA	unphased	1.99004975124378	0.99502487562189	2
16	10721631	10721632	13	6	2	2	0	1	NA	NA	NA	unphased	0.942655145326001	0.942655145326001	1
16	18806798	18806799	45	7	2	2	0	1	NA	NA	NA	unphased	0.401836969001148	0.401836969001148	1
16	24202428	24202429	22	35	2	2	0	1	NA	NA	NA	unphased	1.83294056035611	0.916470280178057	2
16	48249114	48249115	84	20	3	2	1	1	NA	NA	NA	unphased	0.766360505166475	0.766360505166475	1
16	56855439	56855440	57	20	3	2	1	1	NA	NA	NA	unphased	1.03508431866641	1.03508431866641	1
16	57562733	57562734	6	5	3	2	1	1	NA	NA	NA	unphased	1.81139755766621	1.81139755766621	1
16	65026827	65026828	24	4	3	2	1	1	NA	NA	NA	unphased	0.569296375266524	0.569296375266524	1
16	67709850	67709851	46	8	3	2	1	1	NA	NA	NA	unphased	0.590381426202322	0.590381426202322	1
16	67761664	67761665	36	12	3	2	1	1	NA	NA	NA	unphased	0.996268656716418	0.996268656716418	1
16	68002415	68002416	14	14	3	2	1	1	NA	NA	NA	unphased	1.99253731343284	0.996268656716418	2
16	68014019	68014020	11	18	3	2	1	1	NA	NA	NA	unphased	2.47349459598559	1.23674729799279	2
16	68014110	68014111	12	11	3	2	1	1	NA	NA	NA	unphased	1.90590525632706	0.95295262816353	2
16	68026049	68026050	68	15	3	2	1	1	NA	NA	NA	unphased	0.720194209674519	0.720194209674519	1
16	71417336	71417337	14	11	3	2	1	1	NA	NA	NA	unphased	1.7534328358209	0.876716417910448	2
16	74982428	74982429	188	59	3	2	1	1	NA	NA	NA	unphased	0.951900416943622	0.951900416943622	1
17	4804507	4804508	51	7	4	4	0	1	NA	NA	NA	unphased	0.601646937725167	0.601646937725167	1
17	10398274	10398275	65	26	2	2	0	1	NA	NA	NA	unphased	0.852878464818763	0.852878464818763	1
17	10409209	10409210	10	30	2	2	0	1	NA	NA	NA	unphased	2.23880597014925	1.11940298507463	2
17	21319541	21319542	56	13	2	2	0	1	NA	NA	NA	unphased	0.562405364481938	0.562405364481938	1
17	27030877	27030878	100	10	4	2	2	1	NA	NA	NA	unphased	0.453188602442334	0.453188602442334	1
17	27493222	27493223	84	34	4	2	2	1	NA	NA	NA	unphased	1.4363774348596	0.7181887174298	2
17	28651848	28651849	91	52	4	2	2	1	NA	NA	NA	unphased	1.81275440976933	0.906377204884667	2
17	30696360	30696361	42	39	4	2	2	1	NA	NA	NA	unphased	2.40022111663903	1.20011055831951	2
17	35872429	35872430	41	4	4	2	2	1	NA	NA	NA	unphased	0.443117744610282	0.443117744610282	1
17	37226179	37226180	49	28	4	2	2	1	NA	NA	NA	unphased	1.81275440976933	0.906377204884667	2
17	40345090	40345091	106	31	4	2	2	1	NA	NA	NA	unphased	1.12800958710099	1.12800958710099	1
17	40666369	40666370	141	73	4	2	2	1	NA	NA	NA	unphased	1.70051611103362	0.850258055516808	2
17	40818412	40818413	101	12	4	2	2	1	NA	NA	NA	unphased	0.529388455950337	0.529388455950337	1
17	41142923	41142924	57	40	4	2	2	1	NA	NA	NA	unphased	2.05570087705801	1.027850438529	2
17	47656734	47656735	13	13	4	2	2	1	NA	NA	NA	unphased	2.49253731343284	1.24626865671642	2
17	49713355	49713356	63	40	4	2	2	1	NA	NA	NA	unphased	1.93595131140414	0.967975655702072	2
17	51900705	51900706	81	64	4	2	2	1	NA	NA	NA	unphased	2.20030880082347	1.10015440041173	2
17	56164474	56164475	26	22	4	2	2	1	NA	NA	NA	unphased	2.28482587064677	1.14241293532338	2
17	60349329	60349330	468	83	4	2	2	1	NA	NA	NA	unphased	0.750927756859983	0.750927756859983	1
17	66425070	66425071	28	14	4	2	2	1	NA	NA	NA	unphased	1.66169154228856	0.830845771144278	2
17	72741180	72741181	51	7	4	2	2	1	NA	NA	NA	unphased	0.601646937725167	0.601646937725167	1
17	79205612	79205613	59	9	4	2	2	1	NA	NA	NA	unphased	0.659789288849868	0.659789288849868	1
17	79612617	79612618	9	6	4	2	2	1	NA	NA	NA	unphased	1.99402985074627	1.99402985074627	1
17	79612618	79612619	9	6	4	2	2	1	NA	NA	NA	unphased	1.99402985074627	1.99402985074627	1
18	6973141	6973142	25	46	2	2	0	1	NA	NA	NA	unphased	1.93399201177213	0.966996005886063	2
18	13387585	13387586	12	3	1.6	2	1	0.3	1	0	0.7	unphased	0.517014925373134	0.517014925373134	1
18	21229075	21229076	37	17	1.6	2	1	0.3	1	0	0.7	unphased	0.813819789939193	0.813819789939193	1
18	22806773	22806774	29	25	1.6	2	1	0.3	1	0	0.7	unphased	1.19679380873411	1.19679380873411	1
18	28711631	28711632	39	39	1.6	2	1	0.3	1	0	0.7	unphased	1.29253731343284	0.994259471871412	1.3
18	28934525	28934526	50	36	1.6	2	1	0.3	1	0	0.7	unphased	1.08212426240889	1.08212426240889	1
18	30803086	30803087	36	7	1.6	2	1	0.3	1	0	0.7	unphased	0.4208261020479	1.402753673493	0.3
18	43221222	43221223	29	11	1.6	2	1	0.3	1	0	0.7	unphased	0.71089552238806	0.71089552238806	1
18	47802295	47802296	17	18	1.6	2	1	0.3	1	0	0.7	unphased	1.32946695095949	1.32946695095949	1
18	48573353	48573354	11	11	1.6	2	1	0.3	1	0	0.7	unphased	1.29253731343284	1.29253731343284	1
18	63548087	63548088	57	21	1.6	2	1	0.3	1	0	0.7	unphased	0.695981630309988	0.695981630309988	1
19	855663	855664	16	58	2	2	0	1	NA	NA	NA	unphased	2.33965308592174	1.16982654296087	2
19	1004960	1004961	8	20	2	2	0	1	NA	NA	NA	unphased	2.13219616204691	1.06609808102345	2
19	2434012	2434013	5	7	2	2	0	1	NA	NA	NA	unphased	1.74129353233831	1.74129353233831	1
19	5032933	5032934	47	109	2	2	0	1	NA	NA	NA	unphased	2.08572522005358	1.04286261002679	2
19	10600329	10600330	14	28	2	2	0	1	NA	NA	NA	unphased	1.99004975124378	0.99502487562189	2
19	10800251	10800252	21	10	2	2	0	1	NA	NA	NA	unphased	0.962927298988926	0.962927298988926	1
19	13365935	13365936	29	6	2	2	0	1	NA	NA	NA	unphased	0.511727078891258	0.511727078891258	1
19	15905664	15905665	16	26	2	2	0	1	NA	NA	NA	unphased	1.84790334044065	0.923951670220327	2
19	22362792	22362793	20	23	1	1	0	1	NA	NA	NA	unphased	1.0617841027421	1.0617841027421	1
19	31768532	31768533	37	13	2	2	0	1	NA	NA	NA	unphased	0.776119402985075	0.776119402985075	1
19	38995478	38995479	22	16	2	2	0	1	NA	NA	NA	unphased	1.25687352710134	1.25687352710134	1
19	40093181	40093182	27	16	2	2	0	1	NA	NA	NA	unphased	1.11072544255467	1.11072544255467	1
19	46733708	46733709	32	75	2	2	0	1	NA	NA	NA	unphased	2.09234202817687	1.04617101408844	2
19	51522351	51522352	2	11	2	2	0	1	NA	NA	NA	unphased	2.52583237657865	1.26291618828932	2
19	51561822	51561823	102	53	2	2	0	1	NA	NA	NA	unphased	1.02070293692826	1.02070293692826	1
2	11780632	11780633	30	15	3	2	1	1	NA	NA	NA	unphased	1.32835820895522	1.32835820895522	1
2	28855875	28855876	46	17	3	2	1	1	NA	NA	NA	unphased	1.07533759772566	1.07533759772566	1
2	44021744	44021745	61	22	3	2	1	1	NA	NA	NA	unphased	1.05628484085596	1.05628484085596	1
2	50280680	50280681	66	22	3	2	1	1	NA	NA	NA	unphased	0.996268656716418	0.996268656716418	1
2	50463963	50463964	35	14	3	2	1	1	NA	NA	NA	unphased	1.13859275053305	1.13859275053305	1
2	62112192	62112193	54	17	3	2	1	1	NA	NA	NA	unphased	0.954172797981921	0.954172797981921	1
2	70901904	70901905	56	43	3	2	1	1	NA	NA	NA	unphased	1.73089099954772	0.865445499773858	2
2	71209076	71209077	60	24	3	2	1	1	NA	NA	NA	unphased	1.13859275053305	1.13859275053305	1
2	71827869	71827870	88	70	3	2	1	1	NA	NA	NA	unphased	1.76553939164935	0.882769695824674	2
2	79253229	79253230	21	25	3	2	1	1	NA	NA	NA	unphased	2.16580142764439	1.08290071382219	2
2	79255045	79255046	44	41	3	2	1	1	NA	NA	NA	unphased	1.92221246707638	0.961106233538191	2
2	79312276	79312277	4	13	3	2	1	1	NA	NA	NA	unphased	3.04741000877963	1.52370500438982	2
2	85662891	85662892	9	8	3	2	1	1	NA	NA	NA	unphased	1.87532923617208	0.93766461808604	2
2	90193153	90193154	7	27	3	2	1	1	NA	NA	NA	unphased	3.16461808604039	1.58230904302019	2
2	95481401	95481402	81	23	3	2	1	1	NA	NA	NA	unphased	0.881314580941447	0.881314580941447	1
2	96991492	96991493	13	7	3	2	1	1	NA	NA	NA	unphased	1.39477611940298	1.39477611940298	1
2	98408867	98408868	24	6	3	2	1	1	NA	NA	NA	unphased	0.797014925373134	0.797014925373134	1
2	98907068	98907069	8	8	3	2	1	1	NA	NA	NA	unphased	1.99253731343284	0.996268656716418	2
2	119739027	119739028	27	6	1.18	2	1	0.09	1	0	0.91	unphased	0.393649932157395	0.393649932157395	1
2	138169177	138169178	40	17	1.18	2	1	0.09	1	0	0.91	unphased	0.645724011521341	0.645724011521341	1
2	141093287	141093288	108	22	1.18	2	1	0.09	1	0	0.91	unphased	0.366397244546498	0.366397244546498	1
2	143743547	143743548	31	7	1.18	2	1	0.09	1	0	0.91	unphased	0.398829536527887	0.398829536527887	1
2	152977302	152977303	52	38	1.18	2	1	0.09	1	0	0.91	unphased	0.914142620232172	0.914142620232172	1
2	158178193	158178194	67	52	1.18	2	1	0.09	1	0	0.91	unphased	0.946083030227016	0.946083030227016	1
2	160080799	160080800	61	3	1.18	2	1	0.09	1	0	0.91	unphased	0.101487873134328	1.12764303482587	0.09
2	162875298	162875299	76	27	1.18	2	1	0.09	1	0	0.91	unphased	0.567543834226924	0.567543834226924	1
2	163051220	163051221	38	16	1.18	2	1	0.09	1	0	0.91	unphased	0.641503593145384	0.641503593145384	1
2	163693091	163693092	46	9	1.18	2	1	0.09	1	0	0.91	unphased	0.354284938941655	0.354284938941655	1
2	165953894	165953895	57	18	1.18	2	1	0.09	1	0	0.91	unphased	0.519617910447761	0.519617910447761	1
2	165984541	165984542	49	17	1.18	2	1	0.09	1	0	0.91	unphased	0.557670737222976	0.557670737222976	1
2	166245306	166245307	76	17	1.18	2	1	0.09	1	0	0.91	unphased	0.395766329642112	0.395766329642112	1
2	166785654	166785655	37	4	1.18	2	1	0.09	1	0	0.91	unphased	0.211226792864944	0.211226792864944	1
2	166848854	166848855	52	39	1.18	2	1	0.09	1	0	0.91	unphased	0.927889125799573	0.927889125799573	1
2	168103299	168103300	82	28	1.18	2	1	0.09	1	0	0.91	unphased	0.551109905020353	0.551109905020353	1
2	169869890	169869891	154	49	1.18	2	1	0.09	1	0	0.91	unphased	0.522604220277921	0.522604220277921	1
2	169869896	169869897	146	45	1.18	2	1	0.09	1	0	0.91	unphased	0.510096116277252	0.510096116277252	1
2	176948268	176948269	41	10	1.18	2	1	0.09	1	0	0.91	unphased	0.424524436640328	0.424524436640328	1
2	179596607	179596608	89	17	1.18	2	1	0.09	1	0	0.91	unphased	0.347228949591664	0.347228949591664	1
2	186673344	186673345	56	9	1.18	2	1	0.09	1	0	0.91	unphased	0.299779563719862	0.299779563719862	1
2	192700753	192700754	104	27	1.18	2	1	0.09	1	0	0.91	unphased	0.44623675515552	0.44623675515552	1
2	196749413	196749414	46	16	1.18	2	1	0.09	1	0	0.91	unphased	0.558728935965335	0.558728935965335	1
2	201523956	201523957	43	27	1.18	2	1	0.09	1	0	0.91	unphased	0.835100213219616	0.835100213219616	1
2	210887815	210887816	54	7	1.18	2	1	0.09	1	0	0.91	unphased	0.248451186689503	0.248451186689503	1
2	218713186	218713187	45	8	1.18	2	1	0.09	1	0	0.91	unphased	0.326803717262743	0.326803717262743	1
2	219292706	219292707	136	38	1.18	2	1	0.09	1	0	0.91	unphased	0.472832389775262	0.472832389775262	1
2	219856955	219856956	21	25	1.18	2	1	0.09	1	0	0.91	unphased	1.17667099286178	1.17667099286178	1
2	230456400	230456401	33	16	1.18	2	1	0.09	1	0	0.91	unphased	0.706963143466342	0.706963143466342	1
2	231235657	231235658	14	11	1.18	2	1	0.09	1	0	0.91	unphased	0.952632835820896	0.952632835820896	1
2	231973591	231973592	61	22	1.18	2	1	0.09	1	0	0.91	unphased	0.573875202301744	0.573875202301744	1
2	234367036	234367037	17	4	1.18	2	1	0.09	1	0	0.91	unphased	0.412395167022033	0.412395167022033	1
2	234436079	234436080	29	11	1.18	2	1	0.09	1	0	0.91	unphased	0.59539552238806	0.59539552238806	1
2	240016657	240016658	58	26	1.18	2	1	0.09	1	0	0.91	unphased	0.670142146410803	0.670142146410803	1
2	241621956	241621957	27	4	1.18	2	1	0.09	1	0	0.91	unphased	0.279364467982667	0.279364467982667	1
2	242065725	242065726	93	32	1.18	2	1	0.09	1	0	0.91	unphased	0.554259104477612	0.554259104477612	1
20	2636663	2636664	40	31	4	2	2	1	NA	NA	NA	unphased	2.17658187933572	1.08829093966786	2
20	3652067	3652068	96	55	4	2	2	1	NA	NA	NA	unphased	1.81575565879213	0.907877829396066	2
20	4771141	4771142	45	13	4	2	2	1	NA	NA	NA	unphased	1.11734431291817	1.11734431291817	1
20	21329032	21329033	118	77	4	2	2	1	NA	NA	NA	unphased	1.96846536548029	0.984232682740145	2
20	23433430	23433431	22	13	4	2	2	1	NA	NA	NA	unphased	1.85159914712153	0.925799573560767	2
20	23433431	23433432	23	13	4	2	2	1	NA	NA	NA	unphased	1.80016583747927	0.900082918739635	2
20	23807251	23807252	13	16	4	2	2	1	NA	NA	NA	unphased	2.75038600102934	1.37519300051467	2
20	30602723	30602724	138	50	3	2	1	1	NA	NA	NA	unphased	1.05986027310257	1.05986027310257	1
20	30686833	30686834	124	35	3	2	1	1	NA	NA	NA	unphased	0.87721768515911	0.87721768515911	1
20	30804816	30804817	52	15	3	2	1	1	NA	NA	NA	unphased	0.892180886611717	0.892180886611717	1
20	33582123	33582124	57	16	3	2	1	1	NA	NA	NA	unphased	0.873441014107544	0.873441014107544	1
20	40081485	40081486	59	18	3	2	1	1	NA	NA	NA	unphased	0.931575886799767	0.931575886799767	1
20	42213632	42213633	52	48	3	2	1	1	NA	NA	NA	unphased	1.91283582089552	0.956417910447761	2
20	42907637	42907638	77	22	3	2	1	1	NA	NA	NA	unphased	0.885572139303483	0.885572139303483	1
20	43399959	43399960	47	39	3	2	1	1	NA	NA	NA	unphased	1.80718500520653	0.903592502603263	2
20	45131271	45131272	95	32	3	2	1	1	NA	NA	NA	unphased	1.00411329180867	1.00411329180867	1
20	45353978	45353979	57	15	3	2	1	1	NA	NA	NA	unphased	0.830223880597015	0.830223880597015	1
20	45905073	45905074	31	8	3	2	1	1	NA	NA	NA	unphased	0.817451205510907	0.817451205510907	1
20	51872435	51872436	61	21	3	2	1	1	NA	NA	NA	unphased	1.02056789224609	1.02056789224609	1
20	55108464	55108465	126	33	1.27	2	2	0.09	0	1	0.91	unphased	0.46803435651929	0.46803435651929	1
20	57042209	57042210	34	26	1.27	2	2	0.09	0	1	0.91	unphased	0.977199004975124	0.977199004975124	1
20	61594721	61594722	24	11	1.27	2	2	0.09	0	1	0.91	unphased	0.708737739872068	0.708737739872068	1
21	18919472	18919473	35	16	2	2	0	1	NA	NA	NA	unphased	0.936494000585309	0.936494000585309	1
21	45994265	45994266	62	23	2	2	0	1	NA	NA	NA	unphased	0.807726075504829	0.807726075504829	1
21	47957422	47957423	55	20	NA	NA	NA	NA	NA	NA	NA	unphased	NA	NA	1
21	47974082	47974083	6	13	NA	NA	NA	NA	NA	NA	NA	unphased	NA	NA	1
22	18363984	18363985	37	19	2	1	1	1	NA	NA	NA	unphased	1.01279317697228	1.01279317697228	1
22	24515485	24515486	29	17	2	1	1	1	NA	NA	NA	unphased	1.10317975340688	1.10317975340688	1
22	29454767	29454768	75	28	2	1	1	1	NA	NA	NA	unphased	0.811476597594551	0.811476597594551	1
3	419532	419533	52	41	NA	NA	NA	NA	NA	NA	NA	unphased	NA	NA	1
3	9956380	9956381	57	58	3	2	1	1	NA	NA	NA	unphased	2.00986372485399	1.004931862427	2
3	14862105	14862106	29	6	3	2	1	1	NA	NA	NA	unphased	0.683155650319829	0.683155650319829	1
3	17052137	17052138	118	33	3	2	1	1	NA	NA	NA	unphased	0.870910348917663	0.870910348917663	1
3	20216035	20216036	50	12	3	2	1	1	NA	NA	NA	unphased	0.77130476649013	0.77130476649013	1
3	33135130	33135131	21	26	3	2	1	1	NA	NA	NA	unphased	2.20450936805335	1.10225468402667	2
3	38592216	38592217	49	43	3	2	1	1	NA	NA	NA	unphased	1.86258922777417	0.931294613887086	2
3	44835822	44835823	44	13	3	2	1	1	NA	NA	NA	unphased	0.908876669285153	0.908876669285153	1
3	48563077	48563078	14	6	2	1	1	1	NA	NA	NA	unphased	0.895522388059701	0.895522388059701	1
3	51679134	51679135	16	12	2	1	1	1	NA	NA	NA	unphased	1.27931769722814	1.27931769722814	1
3	52416446	52416447	79	26	2	1	1	1	NA	NA	NA	unphased	0.739161336176262	0.739161336176262	1
3	52416460	52416461	79	31	2	1	1	1	NA	NA	NA	unphased	0.841248303934871	0.841248303934871	1
3	58135871	58135872	89	37	2	1	1	1	NA	NA	NA	unphased	0.876569533285951	0.876569533285951	1
3	74413725	74413726	34	16	2	1	1	1	NA	NA	NA	unphased	0.955223880597015	0.955223880597015	1
3	96533433	96533434	13	6	2	2	0	1	NA	NA	NA	unphased	0.942655145326001	0.942655145326001	1
3	97686194	97686195	53	135	2	2	0	1	NA	NA	NA	unphased	2.14353763099397	1.07176881549698	2
3	132423160	132423161	81	132	2	2	0	1	NA	NA	NA	unphased	1.84990540256464	0.924952701282321	2
3	134670813	134670814	35	73	2	2	0	1	NA	NA	NA	unphased	2.01768933112217	1.00884466556108	2
3	183547409	183547410	146	71	2	2	0	1	NA	NA	NA	unphased	0.976683403260197	0.976683403260197	1
3	186974519	186974520	20	33	2	2	0	1	NA	NA	NA	unphased	1.85863137144466	0.929315685722332	2
4	87123	87124	30	12	NA	NA	NA	NA	NA	NA	NA	unphased	NA	NA	1
4	248481	248482	1	7	NA	NA	NA	NA	NA	NA	NA	unphased	NA	NA	1
4	2901113	2901114	22	4	2	2	0	1	NA	NA	NA	unphased	0.459242250287026	0.459242250287026	1
4	15780138	15780139	107	39	3	2	1	1	NA	NA	NA	unphased	1.06450623594357	1.06450623594357	1
4	15835863	15835864	56	21	3	2	1	1	NA	NA	NA	unphased	1.08683853459973	1.08683853459973	1
4	16014961	16014962	35	34	3	2	1	1	NA	NA	NA	unphased	1.96365996106424	0.981829980532122	2
4	24531294	24531295	28	37	3	2	1	1	NA	NA	NA	unphased	2.26842709529277	1.13421354764638	2
4	25014043	25014044	76	27	3	2	1	1	NA	NA	NA	unphased	1.0446312128677	1.0446312128677	1
4	36150073	36150074	31	10	3	2	1	1	NA	NA	NA	unphased	0.971969421186749	0.971969421186749	1
4	57173831	57173832	35	18	3	2	1	1	NA	NA	NA	unphased	1.35342157138834	1.35342157138834	1
4	68780440	68780441	109	36	3	2	1	1	NA	NA	NA	unphased	0.989397838394236	0.989397838394236	1
4	69962879	69962880	50	46	3	2	1	1	NA	NA	NA	unphased	1.90951492537313	0.954757462686567	2
4	71347025	71347026	73	19	3	2	1	1	NA	NA	NA	unphased	0.823004542504867	0.823004542504867	1
4	88416259	88416260	75	63	3	2	1	1	NA	NA	NA	unphased	1.81927319922128	0.909636599610642	2
4	99996200	99996201	88	64	1.22	2	1	0.11	1	0	0.89	unphased	0.928452474469756	0.928452474469756	1
4	100205961	100205962	19	22	1.22	2	1	0.11	1	0	0.89	unphased	1.18321077539134	1.18321077539134	1
4	100264039	100264040	378	99	1.22	2	1	0.11	1	0	0.89	unphased	0.457656998028724	0.457656998028724	1
4	103504054	103504055	44	15	1.22	2	1	0.11	1	0	0.89	unphased	0.560612193270933	0.560612193270933	1
4	115997819	115997820	61	9	1.22	2	1	0.11	1	0	0.89	unphased	0.283509594882729	0.283509594882729	1
4	115997820	115997821	58	8	1.22	2	1	0.11	1	0	0.89	unphased	0.267281772953415	0.267281772953415	1
4	121737721	121737722	41	3	1.22	2	1	0.11	1	0	0.89	unphased	0.150345997286296	1.36678179351178	0.11
4	123255687	123255688	67	20	1.22	2	1	0.11	1	0	0.89	unphased	0.506913707325442	0.506913707325442	1
4	126328196	126328197	117	38	1.22	2	1	0.11	1	0	0.89	unphased	0.540598940779971	0.540598940779971	1
4	134072044	134072045	58	14	1.22	2	1	0.11	1	0	0.89	unphased	0.428764510779436	0.428764510779436	1
4	147179843	147179844	56	29	1.22	2	1	0.11	1	0	0.89	unphased	0.7523195785777	0.7523195785777	1
4	152069309	152069310	237	12	9	7	2	1	NA	NA	NA	unphased	0.481208415752563	0.481208415752563	1
4	155157306	155157307	86	828	NA	NA	NA	NA	NA	NA	NA	unphased	NA	NA	1
4	162841739	162841740	36	10	3	2	1	1	NA	NA	NA	unphased	0.866320571057755	0.866320571057755	1
4	166976320	166976321	77	24	3	2	1	1	NA	NA	NA	unphased	0.946948426185902	0.946948426185902	1
4	170347353	170347354	18	5	3	2	1	1	NA	NA	NA	unphased	0.866320571057755	0.866320571057755	1
4	184626182	184626183	45	69	2	2	0	1	NA	NA	NA	unphased	1.80675569520817	0.903377847604085	2
5	9629771	9629772	27	18	2.3	2	2	0.15	1	1	0.85	unphased	1.31402985074627	1.31402985074627	1
5	13766117	13766118	114	74	2.3	2	2	0.15	1	1	0.85	unphased	1.29306128929819	1.12440112112886	1.15
5	14358318	14358319	30	9	2.3	2	2	0.15	1	1	0.85	unphased	0.758094144661309	0.758094144661309	1
5	15928375	15928376	9	7	2.3	2	2	0.15	1	1	0.85	unphased	1.43722014925373	1.43722014925373	1
5	15937075	15937076	19	6	2.3	2	2	0.15	1	1	0.85	unphased	0.788417910447761	0.788417910447761	1
5	31294249	31294250	152	35	2.3	2	2	0.15	1	1	0.85	unphased	0.614853539787692	0.614853539787692	1
5	31299712	31299713	77	14	2.3	2	2	0.15	1	1	0.85	unphased	0.505396096440872	0.505396096440872	1
5	31323172	31323173	34	9	2.3	2	2	0.15	1	1	0.85	unphased	0.687573759111419	0.687573759111419	1
5	33588843	33588844	66	35	2.3	2	2	0.15	1	1	0.85	unphased	1.1383921974287	1.1383921974287	1
5	33658414	33658415	97	53	2.3	2	2	0.15	1	1	0.85	unphased	1.1607263681592	1.1607263681592	1
5	33982487	33982488	32	8	2.3	2	2	0.15	1	1	0.85	unphased	0.657014925373134	0.657014925373134	1
5	35954242	35954243	14	13	2.3	2	2	0.15	1	1	0.85	unphased	1.58170259812051	1.37539356358305	1.15
5	36201244	36201245	117	18	2.3	2	2	0.15	1	1	0.85	unphased	0.438009950248756	0.438009950248756	1
5	39394496	39394497	28	5	2.3	2	2	0.15	1	1	0.85	unphased	0.497738579828132	0.497738579828132	1
5	40853545	40853546	174	80	2.3	2	2	0.15	1	1	0.85	unphased	1.03466917381596	1.03466917381596	1
5	45262466	45262467	22	18	2.3	2	2	0.15	1	1	0.85	unphased	1.47828358208955	1.2854639844257	1.15
5	45262536	45262537	24	15	2.3	2	2	0.15	1	1	0.85	unphased	1.26349024110218	1.26349024110218	1
5	52361673	52361674	42	21	2	2	0	1	NA	NA	NA	unphased	0.99502487562189	0.99502487562189	1
5	66479105	66479106	16	6	2	2	0	1	NA	NA	NA	unphased	0.814111261872456	0.814111261872456	1
5	68665363	68665364	14	5	2	2	0	1	NA	NA	NA	unphased	0.785545954438335	0.785545954438335	1
5	82837720	82837721	29	55	2	2	0	1	NA	NA	NA	unphased	1.954513148543	0.9772565742715	2
5	118183793	118183794	40	20	2	2	0	1	NA	NA	NA	unphased	0.99502487562189	0.99502487562189	1
5	126250694	126250695	13	26	2	2	0	1	NA	NA	NA	unphased	1.99004975124378	0.99502487562189	2
5	128359319	128359320	12	10	2	2	0	1	NA	NA	NA	unphased	1.35685210312076	1.35685210312076	1
5	139742514	139742515	51	24	2	2	0	1	NA	NA	NA	unphased	0.955223880597015	0.955223880597015	1
5	140430990	140430991	6	8	2	2	0	1	NA	NA	NA	unphased	1.70575692963753	1.70575692963753	1
5	140573672	140573673	178	38	2	2	0	1	NA	NA	NA	unphased	0.525152017689331	0.525152017689331	1
5	140740005	140740006	37	55	2	2	0	1	NA	NA	NA	unphased	1.7845554834523	0.892277741726152	2
5	140746245	140746246	40	68	2	2	0	1	NA	NA	NA	unphased	1.87949143173024	0.939745715865119	2
5	141993562	141993563	24	31	2	2	0	1	NA	NA	NA	unphased	1.68249660786974	0.841248303934871	2
5	157218841	157218842	32	13	2	2	0	1	NA	NA	NA	unphased	0.862354892205638	0.862354892205638	1
5	177546876	177546877	32	48	2	2	0	1	NA	NA	NA	unphased	1.7910447761194	0.895522388059701	2
6	7230138	7230139	29	6	4	4	0	1	NA	NA	NA	unphased	0.854584221748401	0.854584221748401	1
6	11005667	11005668	43	17	4	4	0	1	NA	NA	NA	unphased	1.41243781094527	1.41243781094527	1
6	16130936	16130937	63	14	4	4	0	1	NA	NA	NA	unphased	0.906377204884667	0.906377204884667	1
6	26156691	26156692	21	61	3	3	0	1	NA	NA	NA	unphased	2.96450673461958	0.988168911539862	3
6	29342925	29342926	10	32	3	3	0	1	NA	NA	NA	unphased	3.0362473347548	1.01208244491827	3
6	29641442	29641443	31	75	3	3	0	1	NA	NA	NA	unphased	2.81962827372571	0.939876091241903	3
6	34508805	34508806	23	7	3	3	0	1	NA	NA	NA	unphased	0.929850746268657	0.929850746268657	1
6	36710125	36710126	23	51	3	3	0	1	NA	NA	NA	unphased	2.74647035094796	0.915490116982654	3
6	43477340	43477341	14	5	4	3	1	1	NA	NA	NA	unphased	1.31186174391202	1.31186174391202	1
6	51890938	51890939	12	55	3	3	0	1	NA	NA	NA	unphased	3.2713299175763	1.09044330585877	3
6	70386116	70386117	46	5	4	2	2	1	NA	NA	NA	unphased	0.488732806555458	0.488732806555458	1
6	83881762	83881763	47	20	3	2	1	1	NA	NA	NA	unphased	1.18957451548229	1.18957451548229	1
6	112499346	112499347	66	14	3	2	1	1	NA	NA	NA	unphased	0.697388059701492	0.697388059701492	1
6	116720739	116720740	47	18	3	2	1	1	NA	NA	NA	unphased	1.10355912743972	1.10355912743972	1
6	118635233	118635234	67	45	3	2	1	1	NA	NA	NA	unphased	1.6011460554371	0.80057302771855	2
6	129465091	129465092	34	30	3	2	1	1	NA	NA	NA	unphased	1.86800373134328	0.934001865671642	2
6	130761971	130761972	62	21	3	2	1	1	NA	NA	NA	unphased	1.00827189354433	1.00827189354433	1
6	132938382	132938383	29	12	3	2	1	1	NA	NA	NA	unphased	1.1663633054241	1.1663633054241	1
6	137519416	137519417	47	18	3	2	1	1	NA	NA	NA	unphased	1.10355912743972	1.10355912743972	1
6	142491481	142491482	129	30	3	2	1	1	NA	NA	NA	unphased	0.751900872993523	0.751900872993523	1
6	142491482	142491483	130	31	3	2	1	1	NA	NA	NA	unphased	0.767312505794011	0.767312505794011	1
6	144769761	144769762	86	20	3	2	1	1	NA	NA	NA	unphased	0.751900872993523	0.751900872993523	1
6	145124230	145124231	44	43	3	2	1	1	NA	NA	NA	unphased	1.96963458569223	0.984817292846114	2
6	146720525	146720526	65	22	3	2	1	1	NA	NA	NA	unphased	1.00772002058672	1.00772002058672	1
6	147124269	147124270	24	22	3	2	1	1	NA	NA	NA	unphased	1.90590525632706	0.95295262816353	2
6	160514938	160514939	11	7	3	2	1	1	NA	NA	NA	unphased	1.54975124378109	1.54975124378109	1
6	163985667	163985668	32	31	3	2	1	1	NA	NA	NA	unphased	1.96090973702914	0.98045486851457	2
6	169637774	169637775	38	16	3	2	1	1	NA	NA	NA	unphased	1.18076285240464	1.18076285240464	1
7	2972220	2972221	15	8	5.35	4	2	0.87	1	0	0.13	unphased	2.20350421804023	1.17834450162579	1.87
7	4169710	4169711	74	20	5.35	4	2	0.87	1	0	0.13	unphased	1.34788821848206	1.34788821848206	1
7	15652075	15652076	115	32	5.35	4	2	0.87	1	0	0.13	unphased	1.37906386435171	0.737467307139952	1.87
7	24705689	24705690	203	40	5.35	4	2	0.87	1	0	0.13	unphased	1.04281063816719	1.04281063816719	1
7	27182768	27182769	131	44	5.35	4	2	0.87	1	0	0.13	unphased	1.59281876332623	0.851774739746645	1.87
7	30065926	30065927	141	45	5.35	4	2	0.87	1	0	0.13	unphased	1.53267934520944	0.81961462310665	1.87
7	31013714	31013715	167	13	5.35	4	2	0.87	1	0	0.13	unphased	0.457533167495854	0.457533167495854	1
7	33055307	33055308	96	36	5.35	4	2	0.87	1	0	0.13	unphased	1.72774762550882	0.923929211502042	1.87
7	33427747	33427748	164	48	5.35	4	2	0.87	1	0	0.13	unphased	1.43435651929034	0.767035571813016	1.87
7	42006171	42006172	133	37	5.35	4	2	0.87	1	0	0.13	unphased	1.37881035996488	0.737331743296728	1.87
7	43351606	43351607	87	9	5.35	4	2	0.87	1	0	0.13	unphased	0.593913246268657	0.593913246268657	1
7	48337961	48337962	36	14	5.35	4	2	0.87	1	0	0.13	unphased	1.77382089552239	0.948567323808764	1.87
7	49977047	49977048	12	6	5.35	4	2	0.87	1	0	0.13	unphased	2.11169154228856	1.12924681405805	1.87
7	81641519	81641520	51	8	3	2	1	1	NA	NA	NA	unphased	0.540349101947888	0.540349101947888	1
7	90042181	90042182	55	56	3	2	1	1	NA	NA	NA	unphased	2.01048810004034	1.00524405002017	2
7	99022674	99022675	79	22	3	2	1	1	NA	NA	NA	unphased	0.868036057337077	0.868036057337077	1
7	99261602	99261603	62	8	3	2	1	1	NA	NA	NA	unphased	0.45543710021322	0.45543710021322	1
7	99768064	99768065	14	15	3	2	1	1	NA	NA	NA	unphased	2.06124549665466	1.03062274832733	2
7	103038451	103038452	63	23	3	2	1	1	NA	NA	NA	unphased	1.06577577230128	1.06577577230128	1
7	121674369	121674370	35	15	3	2	1	1	NA	NA	NA	unphased	1.1955223880597	1.1955223880597	1
7	127255535	127255536	68	37	3	2	1	1	NA	NA	NA	unphased	1.40426439232409	0.702132196162047	2
7	128357050	128357051	16	6	3	2	1	1	NA	NA	NA	unphased	1.08683853459973	1.08683853459973	1
7	129962386	129962387	84	18	3	2	1	1	NA	NA	NA	unphased	0.70324846356453	0.70324846356453	1
7	130023265	130023266	25	10	3	2	1	1	NA	NA	NA	unphased	1.13859275053305	1.13859275053305	1
7	137150726	137150727	65	9	3	2	1	1	NA	NA	NA	unphased	0.484671238402582	0.484671238402582	1
7	137255964	137255965	32	11	3	2	1	1	NA	NA	NA	unphased	1.01943769524471	1.01943769524471	1
7	138487820	138487821	15	4	3	2	1	1	NA	NA	NA	unphased	0.838963079340141	0.838963079340141	1
7	139715628	139715629	48	14	3	2	1	1	NA	NA	NA	unphased	0.899855560905152	0.899855560905152	1
7	140246655	140246656	13	15	3	2	1	1	NA	NA	NA	unphased	2.13486140724947	1.06743070362473	2
7	141952033	141952034	41	10	3	2	1	1	NA	NA	NA	unphased	0.781387181738367	0.781387181738367	1
7	142459793	142459794	51	49	3	2	1	1	NA	NA	NA	unphased	1.95268656716418	0.976343283582089	2
7	142569541	142569542	54	10	3	2	1	1	NA	NA	NA	unphased	0.622667910447761	0.622667910447761	1
7	142573310	142573311	97	34	3	2	1	1	NA	NA	NA	unphased	1.03429417796514	1.03429417796514	1
7	142723354	142723355	55	13	3	2	1	1	NA	NA	NA	unphased	0.761852502194908	0.761852502194908	1
7	143175819	143175820	42	7	3	2	1	1	NA	NA	NA	unphased	0.569296375266524	0.569296375266524	1
7	143632995	143632996	29	26	3	2	1	1	NA	NA	NA	unphased	1.88385345997286	0.941926729986431	2
7	143632996	143632997	30	27	3	2	1	1	NA	NA	NA	unphased	1.88766692851532	0.943833464257659	2
7	143657298	143657299	197	69	3	2	1	1	NA	NA	NA	unphased	1.03372236561553	1.03372236561553	1
7	150647132	150647133	6	4	3	2	1	1	NA	NA	NA	unphased	1.59402985074627	1.59402985074627	1
8	401309	401310	49	19	NA	NA	NA	NA	NA	NA	NA	unphased	NA	NA	1
8	10465292	10465293	138	63	2	2	0	1	NA	NA	NA	unphased	0.935620405435509	0.935620405435509	1
8	25747272	25747273	20	47	2	2	0	1	NA	NA	NA	unphased	2.09400757406995	1.04700378703497	2
8	35606135	35606136	25	39	2	2	0	1	NA	NA	NA	unphased	1.81902985074627	0.909514925373134	2
8	42863025	42863026	81	10	2.32	2	2	0.16	1	1	0.84	unphased	0.363195013941283	0.363195013941283	1
8	49986680	49986681	34	9	2	2	0	1	NA	NA	NA	unphased	0.624783061437001	0.624783061437001	1
8	61654427	61654428	8	10	4	2	2	1	NA	NA	NA	unphased	2.76948590381426	1.38474295190713	2
8	67086986	67086987	11	4	4	2	2	1	NA	NA	NA	unphased	1.32935323383085	1.32935323383085	1
8	67405781	67405782	12	10	4	2	2	1	NA	NA	NA	unphased	2.26594301221167	1.13297150610583	2
8	72127687	72127688	90	25	4	2	2	1	NA	NA	NA	unphased	1.08371187540558	1.08371187540558	1
8	72946497	72946498	49	15	4	2	2	1	NA	NA	NA	unphased	1.16837686567164	1.16837686567164	1
8	77618690	77618691	18	7	4	2	2	1	NA	NA	NA	unphased	1.39582089552239	1.39582089552239	1
8	77896353	77896354	88	50	4	2	2	1	NA	NA	NA	unphased	1.8061864590093	0.903093229504651	2
8	86354305	86354306	86	17	4	2	2	1	NA	NA	NA	unphased	0.822779307346761	0.822779307346761	1
8	93003908	93003909	95	53	4	2	2	1	NA	NA	NA	unphased	1.7851956434046	0.892597821702299	2
8	100865783	100865784	46	35	4	2	2	1	NA	NA	NA	unphased	2.15404459185554	1.07702229592777	2
8	105105867	105105868	38	15	4	2	2	1	NA	NA	NA	unphased	1.41087017741481	1.41087017741481	1
8	113237068	113237069	115	85	4	2	2	1	NA	NA	NA	unphased	2.11865671641791	1.05932835820895	2
8	113420572	113420573	93	61	4	2	2	1	NA	NA	NA	unphased	1.97460748207017	0.987303741035084	2
8	113504806	113504807	109	23	4	2	2	1	NA	NA	NA	unphased	0.868611488014473	0.868611488014473	1
8	113988359	113988360	65	22	4	2	2	1	NA	NA	NA	unphased	1.26059358380511	1.26059358380511	1
8	114290907	114290908	59	7	4	2	2	1	NA	NA	NA	unphased	0.528720036182723	0.528720036182723	1
8	125094627	125094628	157	79	4	2	2	1	NA	NA	NA	unphased	1.66873260814571	0.834366304072856	2
8	131848552	131848553	49	20	4	2	2	1	NA	NA	NA	unphased	1.44494916720744	0.722474583603721	2
8	139263226	139263227	143	24	4	2	2	1	NA	NA	NA	unphased	0.716417910447761	0.716417910447761	1
8	139263229	139263230	139	23	4	2	2	1	NA	NA	NA	unphased	0.707757508752534	0.707757508752534	1
9	5968770	5968771	45	9	2	2	0	1	NA	NA	NA	unphased	0.497512437810945	0.497512437810945	1
9	6602160	6602161	16	44	2	2	0	1	NA	NA	NA	unphased	2.18905472636816	1.09452736318408	2
9	14146718	14146719	21	43	2	2	0	1	NA	NA	NA	unphased	2.00559701492537	1.00279850746269	2
9	14720082	14720083	27	16	2	2	0	1	NA	NA	NA	unphased	1.11072544255467	1.11072544255467	1
9	15721813	15721814	29	69	2	2	0	1	NA	NA	NA	unphased	2.10173621687481	1.0508681084374	2
9	35045017	35045018	71	184	3	3	0	1	NA	NA	NA	unphased	2.87550482879719	0.958501609599063	3
9	79325908	79325909	16	8	2	2	0	1	NA	NA	NA	unphased	0.99502487562189	0.99502487562189	1
9	79933379	79933380	59	29	2	2	0	1	NA	NA	NA	unphased	0.983717774762551	0.983717774762551	1
9	96214680	96214681	4	10	2	2	0	1	NA	NA	NA	unphased	2.13219616204691	1.06609808102345	2
9	107379867	107379868	39	19	2	2	0	1	NA	NA	NA	unphased	0.977869274318065	0.977869274318065	1
9	116224429	116224430	28	15	2	2	0	1	NA	NA	NA	unphased	1.041305102395	1.041305102395	1
9	125288810	125288811	14	13	1	1	0	1	NA	NA	NA	unphased	0.955776672194583	0.955776672194583	1
9	131909770	131909771	22	4	1.44	2	1	0.22	1	0	0.78	unphased	0.37308840413318	0.37308840413318	1
9	135114644	135114645	33	11	1.44	2	1	0.22	1	0	0.78	unphased	0.606268656716418	0.606268656716418	1
9	138712839	138712840	40	46	4	3	1	1	NA	NA	NA	unphased	2.6664352655328	0.8888117551776	3
X	35988933	35988934	5	9	NA	NA	NA	NA	NA	NA	NA	unphased	NA	NA	1
X	37961593	37961594	9	20	NA	NA	NA	NA	NA	NA	NA	unphased	NA	NA	1
X	44928906	44928907	4	20	NA	NA	NA	NA	NA	NA	NA	unphased	NA	NA	1
X	50053311	50053312	1	8	NA	NA	NA	NA	NA	NA	NA	unphased	NA	NA	1
X	53563172	53563173	4	33	NA	NA	NA	NA	NA	NA	NA	unphased	NA	NA	1
X	54956524	54956525	17	28	NA	NA	NA	NA	NA	NA	NA	unphased	NA	NA	1
X	64718907	64718908	19	88	NA	NA	NA	NA	NA	NA	NA	unphased	NA	NA	1
X	72673393	72673394	17	6	NA	NA	NA	NA	NA	NA	NA	unphased	NA	NA	1
X	83390110	83390111	11	5	NA	NA	NA	NA	NA	NA	NA	unphased	NA	NA	1
X	89177842	89177843	11	35	NA	NA	NA	NA	NA	NA	NA	unphased	NA	NA	1
X	90691643	90691644	4	32	NA	NA	NA	NA	NA	NA	NA	unphased	NA	NA	1
X	102974189	102974190	14	50	NA	NA	NA	NA	NA	NA	NA	unphased	NA	NA	1
X	107823932	107823933	33	10	NA	NA	NA	NA	NA	NA	NA	unphased	NA	NA	1
X	110490675	110490676	12	88	NA	NA	NA	NA	NA	NA	NA	unphased	NA	NA	1
X	120009187	120009188	9	11	NA	NA	NA	NA	NA	NA	NA	unphased	NA	NA	1
X	123526089	123526090	35	28	NA	NA	NA	NA	NA	NA	NA	unphased	NA	NA	1
X	130218275	130218276	21	7	NA	NA	NA	NA	NA	NA	NA	unphased	NA	NA	1
X	135438315	135438316	8	26	NA	NA	NA	NA	NA	NA	NA	unphased	NA	NA	1
X	135570276	135570277	4	22	NA	NA	NA	NA	NA	NA	NA	unphased	NA	NA	1
X	139586802	139586803	10	23	NA	NA	NA	NA	NA	NA	NA	unphased	NA	NA	1
X	140969217	140969218	45	30	NA	NA	NA	NA	NA	NA	NA	unphased	NA	NA	1
X	142605182	142605183	125	22	NA	NA	NA	NA	NA	NA	NA	unphased	NA	NA	1
X	146353883	146353884	23	16	NA	NA	NA	NA	NA	NA	NA	unphased	NA	NA	1
