chr	start	end	WT.count	mut.count	subclonal.CN	nMaj1	nMin1	frac1	nMaj2	nMin2	frac2	phase	mutation.copy.number	subclonal.fraction	no.chrs.bearing.mut
1	2492142	2492143	24	6	2	1	1	0.34	1	1	0.66	unphased	2.35294117647059	2.35294117647059	1
1	7797424	7797425	83	10	2	1	1	0.34	1	1	0.66	unphased	1.26502213788741	1.26502213788741	1
1	17958940	17958941	133	14	2	1	1	1	NA	NA	NA	unphased	1.12044817927171	1.12044817927171	1
1	19454797	19454798	51	5	2	1	1	1	NA	NA	NA	unphased	1.05042016806723	1.05042016806723	1
1	21800033	21800034	193	15	2	1	1	1	NA	NA	NA	unphased	0.84841628959276	0.84841628959276	1
1	26355725	26355726	79	10	2	1	1	1	NA	NA	NA	unphased	1.32187706543291	1.32187706543291	1
1	27057834	27057835	243	19	2	1	1	1	NA	NA	NA	unphased	0.853165693758419	0.853165693758419	1
1	33330381	33330382	33	6	2	1	1	1	NA	NA	NA	unphased	1.80995475113122	1.80995475113122	1
1	37337962	37337963	67	6	2	1	1	1	NA	NA	NA	unphased	0.96696212731668	0.96696212731668	1
1	38227249	38227250	17	3	2	1	1	1	NA	NA	NA	unphased	1.76470588235294	1.76470588235294	1
1	43908689	43908690	53	5	2	1	1	1	NA	NA	NA	unphased	1.01419878296146	1.01419878296146	1
1	44154682	44154683	75	7	2	1	1	1	NA	NA	NA	unphased	1.00430416068867	1.00430416068867	1
1	45506067	45506068	68	9	2	1	1	1	NA	NA	NA	unphased	1.37509549274255	1.37509549274255	1
1	52859130	52859131	68	7	2	1	1	1	NA	NA	NA	unphased	1.09803921568627	1.09803921568627	1
1	67450566	67450567	41	8	2	1	1	1	NA	NA	NA	unphased	1.92076830732293	1.92076830732293	1
1	82456557	82456558	86	7	2	1	1	1	NA	NA	NA	unphased	0.885515496521189	0.885515496521189	1
1	85733434	85733435	64	6	2	1	1	1	NA	NA	NA	unphased	1.00840336134454	1.00840336134454	1
1	102312488	102312489	64	5	2	1	1	1	NA	NA	NA	unphased	0.852514919011083	0.852514919011083	1
1	115277110	115277111	71	10	2	1	1	1	NA	NA	NA	unphased	1.45243282498184	1.45243282498184	1
1	144880857	144880858	107	10	2	1	1	1	NA	NA	NA	unphased	1.00553041729512	1.00553041729512	1
1	145587460	145587461	88	12	2	1	1	1	NA	NA	NA	unphased	1.41176470588235	1.41176470588235	1
1	151109036	151109037	151	9	2	1	1	1	NA	NA	NA	unphased	0.661764705882353	0.661764705882353	1
1	152082757	152082758	153	14	2	1	1	1	NA	NA	NA	unphased	0.986262768580486	0.986262768580486	1
1	152082892	152082893	195	14	2	1	1	1	NA	NA	NA	unphased	0.788066422741345	0.788066422741345	1
1	152083106	152083107	99	10	2	1	1	1	NA	NA	NA	unphased	1.07933081489477	1.07933081489477	1
1	153591382	153591383	140	13	2	1	1	1	NA	NA	NA	unphased	0.999615532487505	0.999615532487505	1
1	156352397	156352398	27	5	2	1	1	1	NA	NA	NA	unphased	1.83823529411765	1.83823529411765	1
1	157557702	157557703	10	4	2	1	1	1	NA	NA	NA	unphased	3.36134453781513	3.36134453781513	1
1	158324218	158324219	93	10	2	1	1	1	NA	NA	NA	unphased	1.14220445459737	1.14220445459737	1
1	159283477	159283478	50	5	2	1	1	1	NA	NA	NA	unphased	1.06951871657754	1.06951871657754	1
1	160328023	160328024	80	6	2	1	1	1	NA	NA	NA	unphased	0.820793433652531	0.820793433652531	1
1	161088935	161088936	66	7	2	1	1	1	NA	NA	NA	unphased	1.12812248186946	1.12812248186946	1
1	161722884	161722885	77	7	2	1	1	1	NA	NA	NA	unphased	0.980392156862745	0.980392156862745	1
1	169565334	169565335	182	13	2	1	1	1	NA	NA	NA	unphased	0.784313725490196	0.784313725490196	1
1	169798626	169798627	57	6	2	1	1	1	NA	NA	NA	unphased	1.12044817927171	1.12044817927171	1
1	179013045	179013046	48	5	2	1	1	1	NA	NA	NA	unphased	1.10987791342952	1.10987791342952	1
1	180165547	180165548	145	18	2	1	1	1	NA	NA	NA	unphased	1.29916997473836	1.29916997473836	1
1	186324869	186324870	66	6	2	1	1	1	NA	NA	NA	unphased	0.980392156862745	0.980392156862745	1
1	207646966	207646967	70	7	2	1	1	0.22	1	1	0.78	unphased	1.06951871657754	1.06951871657754	1
1	210334274	210334275	91	9	2	1	1	0.22	1	1	0.78	unphased	1.05882352941176	1.05882352941176	1
1	226595695	226595696	15	3	2	1	1	0.22	1	1	0.78	unphased	1.96078431372549	1.96078431372549	1
1	227216866	227216867	31	4	2	1	1	0.22	1	1	0.78	unphased	1.34453781512605	1.34453781512605	1
1	236972052	236972053	55	6	2	1	1	1	NA	NA	NA	unphased	1.15718418514947	1.15718418514947	1
1	237659924	237659925	64	7	2	1	1	1	NA	NA	NA	unphased	1.15990057995029	1.15990057995029	1
1	248112201	248112202	99	13	2	1	1	1	NA	NA	NA	unphased	1.36554621848739	1.36554621848739	1
1	248487801	248487802	204	16	2	1	1	1	NA	NA	NA	unphased	0.855614973262032	0.855614973262032	1
1	248685067	248685068	71	6	2	1	1	1	NA	NA	NA	unphased	0.916730328495034	0.916730328495034	1
10	17277851	17277852	36	4	1.65	1	0	0.35	1	1	0.65	unphased	1.14147058823529	1.14147058823529	1
10	26457649	26457650	30	4	2	1	1	0.48	1	1	0.52	unphased	1.3840830449827	1.3840830449827	1
10	43971239	43971240	30	3	2	1	1	0.48	1	1	0.52	unphased	1.06951871657754	1.06951871657754	1
10	45430247	45430248	148	8	2	1	1	0.48	1	1	0.52	unphased	0.603318250377074	0.603318250377074	1
10	70164564	70164565	41	5	1.56	1	0	0.44	1	1	0.56	unphased	1.2309462915601	1.2309462915601	1
10	75143072	75143073	24	3	1.56	1	0	0.44	1	1	0.56	unphased	1.25830065359477	1.25830065359477	1
10	101715195	101715196	31	5	1	1	0	1	NA	NA	NA	unphased	1.49509803921569	1.49509803921569	1
10	134144965	134144966	32	5	2	2	0	1	NA	NA	NA	unphased	1.58982511923688	1.58982511923688	1
10	135440184	135440185	167	8	NA	NA	NA	NA	NA	NA	NA	unphased	NA	NA	1
11	3726558	3726559	54	6	0.82	0	0	0.59	1	1	0.41	unphased	1.05847058823529	1.05847058823529	1
11	18231757	18231758	49	9	2	1	1	0.3	1	1	0.7	unphased	1.82555780933063	1.82555780933063	1
11	45891898	45891899	40	4	2	1	1	0.3	1	1	0.7	unphased	1.06951871657754	1.06951871657754	1
11	47819531	47819532	50	6	2	1	1	0.3	1	1	0.7	unphased	1.26050420168067	1.26050420168067	1
11	55587472	55587473	151	8	2	1	1	0.28	1	1	0.72	unphased	0.591934887162412	0.591934887162412	1
11	62293113	62293114	187	10	2	1	1	0.28	1	1	0.72	unphased	0.597193191997611	0.597193191997611	1
11	82880513	82880514	29	5	2	1	1	0.26	1	1	0.74	unphased	1.73010380622837	1.73010380622837	1
11	118390445	118390446	56	10	2	1	1	0.28	1	1	0.72	unphased	1.7825311942959	1.7825311942959	1
11	118967958	118967959	139	9	2	1	1	0.28	1	1	0.72	unphased	0.715421303656598	0.715421303656598	1
11	123777468	123777469	150	14	2	1	1	0.28	1	1	0.72	unphased	1.00430416068867	1.00430416068867	1
11	124440238	124440239	103	7	2	1	1	0.28	1	1	0.72	unphased	0.748663101604278	0.748663101604278	1
11	130068293	130068294	76	6	2	1	1	0.28	1	1	0.72	unphased	0.860832137733142	0.860832137733142	1
12	6702734	6702735	79	5	2	1	1	0.25	1	1	0.75	unphased	0.700280112044818	0.700280112044818	1
12	13241803	13241804	44	4	2	1	1	0.25	1	1	0.75	unphased	0.980392156862745	0.980392156862745	1
12	26629879	26629880	34	3	1.15	1	1	0.15	0	1	0.85	unphased	0.884976152623211	0.884976152623211	1
12	44782281	44782282	90	7	1.1	1	1	0.1	0	1	0.9	unphased	0.784050939963614	0.784050939963614	1
12	45209895	45209896	66	6	1.1	1	1	0.1	0	1	0.9	unphased	0.905392156862745	0.905392156862745	1
12	55420706	55420707	43	4	1.1	1	1	0.1	0	1	0.9	unphased	0.924655819774718	0.924655819774718	1
12	55725576	55725577	77	5	1.1	1	1	0.1	0	1	0.9	unphased	0.66248206599713	0.66248206599713	1
12	65136941	65136942	129	8	2	1	1	0.21	1	1	0.79	unphased	0.68699012451696	0.68699012451696	1
12	91550886	91550887	75	5	2	1	1	1	NA	NA	NA	unphased	0.735294117647059	0.735294117647059	1
12	93881336	93881337	44	4	2	1	1	1	NA	NA	NA	unphased	0.980392156862745	0.980392156862745	1
12	96384197	96384198	94	11	2	1	1	1	NA	NA	NA	unphased	1.23249299719888	1.23249299719888	1
12	110340987	110340988	64	8	2	1	1	1	NA	NA	NA	unphased	1.30718954248366	1.30718954248366	1
12	110471693	110471694	75	5	2	1	1	1	NA	NA	NA	unphased	0.735294117647059	0.735294117647059	1
12	112451217	112451218	62	6	2	1	1	1	NA	NA	NA	unphased	1.03806228373702	1.03806228373702	1
12	117013834	117013835	133	11	2	1	1	1	NA	NA	NA	unphased	0.898692810457516	0.898692810457516	1
12	120565617	120565618	142	10	2	1	1	1	NA	NA	NA	unphased	0.773993808049536	0.773993808049536	1
12	130926786	130926787	68	8	2	1	1	1	NA	NA	NA	unphased	1.23839009287926	1.23839009287926	1
13	32977122	32977123	41	7	2	2	0	1	NA	NA	NA	unphased	1.7156862745098	1.7156862745098	1
13	36686326	36686327	42	7	2	2	0	1	NA	NA	NA	unphased	1.68067226890756	1.68067226890756	1
13	37678322	37678323	19	5	2	2	0	1	NA	NA	NA	unphased	2.45098039215686	1.22549019607843	2
13	41834679	41834680	66	8	2	2	0	1	NA	NA	NA	unphased	1.27186009538951	1.27186009538951	1
13	42874073	42874074	101	6	2	2	0	1	NA	NA	NA	unphased	0.659703133589885	0.659703133589885	1
13	52035122	52035123	23	3	2	2	0	1	NA	NA	NA	unphased	1.35746606334842	1.35746606334842	1
13	84455255	84455256	70	13	2	2	0	1	NA	NA	NA	unphased	1.84266477675408	0.921332388377038	2
13	99908003	99908004	57	7	2	2	0	1	NA	NA	NA	unphased	1.28676470588235	1.28676470588235	1
13	99908045	99908046	96	12	2	2	0	1	NA	NA	NA	unphased	1.30718954248366	1.30718954248366	1
14	20825921	20825922	61	8	2	1	1	0.46	1	1	0.54	unphased	1.36402387041773	1.36402387041773	1
14	51401845	51401846	41	6	2	1	1	0.46	1	1	0.54	unphased	1.50187734668335	1.50187734668335	1
14	65253399	65253400	34	3	2	1	1	0.46	1	1	0.54	unphased	0.95389507154213	0.95389507154213	1
14	68222754	68222755	356	36	2	1	1	0.46	1	1	0.54	unphased	1.08043217286915	1.08043217286915	1
14	72054903	72054904	141	11	2	1	1	0.46	1	1	0.54	unphased	0.851393188854489	0.851393188854489	1
14	72054938	72054939	153	9	2	1	1	0.46	1	1	0.54	unphased	0.65359477124183	0.65359477124183	1
14	77950778	77950779	75	8	2	1	1	1	NA	NA	NA	unphased	1.13394755492558	1.13394755492558	1
14	86088712	86088713	216	18	2	1	1	1	NA	NA	NA	unphased	0.904977375565611	0.904977375565611	1
14	88654409	88654410	90	9	2	1	1	1	NA	NA	NA	unphased	1.06951871657754	1.06951871657754	1
14	89154706	89154707	193	10	2	1	1	1	NA	NA	NA	unphased	0.579542161692263	0.579542161692263	1
14	96807947	96807948	87	8	2	1	1	1	NA	NA	NA	unphased	0.990712074303405	0.990712074303405	1
15	23811041	23811042	30	5	1.12	1	1	0.12	0	1	0.88	unphased	1.55495798319328	1.55495798319328	1
15	25304785	25304786	74	9	2	1	1	0.26	1	1	0.74	unphased	1.27569099929128	1.27569099929128	1
15	25427423	25427424	36	4	2	1	1	0.26	1	1	0.74	unphased	1.17647058823529	1.17647058823529	1
15	41011092	41011093	31	7	2	1	1	0.26	1	1	0.74	unphased	2.1671826625387	2.1671826625387	1
15	43495332	43495333	81	5	2	1	1	0.26	1	1	0.74	unphased	0.683994528043776	0.683994528043776	1
15	50545850	50545851	52	8	2	1	1	0.26	1	1	0.74	unphased	1.56862745098039	1.56862745098039	1
15	75042774	75042775	112	9	2	1	1	0.26	1	1	0.74	unphased	0.875060768108896	0.875060768108896	1
15	102345963	102345964	69	9	2	1	1	0.26	1	1	0.74	unphased	1.35746606334842	1.35746606334842	1
16	3614028	3614029	39	4	0.84	0	0	0.58	1	1	0.42	unphased	0.986484268125855	0.986484268125855	1
16	27374930	27374931	43	5	1.64	1	0	0.36	1	1	0.64	unphased	1.18799019607843	1.18799019607843	1
16	28509309	28509310	35	4	1.64	1	0	0.36	1	1	0.64	unphased	1.16971342383107	1.16971342383107	1
16	28509310	28509311	35	4	1.64	1	0	0.36	1	1	0.64	unphased	1.16971342383107	1.16971342383107	1
16	31097750	31097751	51	8	1.64	1	0	0.36	1	1	0.64	unphased	1.54640079760718	1.54640079760718	1
16	31421807	31421808	80	8	1.64	1	0	0.36	1	1	0.64	unphased	1.03679144385027	1.03679144385027	1
16	61689525	61689526	35	4	1.64	1	0	0.36	1	1	0.64	unphased	1.16971342383107	1.16971342383107	1
16	66430005	66430006	55	6	1.64	1	0	0.36	1	1	0.64	unphased	1.1217743490839	1.1217743490839	1
16	67231948	67231949	190	28	1.64	1	0	0.36	1	1	0.64	unphased	1.46482460874258	1.46482460874258	1
16	74761267	74761268	36	4	1.69	1	0	0.31	1	1	0.69	unphased	1.14547058823529	1.14547058823529	1
16	77317855	77317856	63	5	1.69	1	0	0.31	1	1	0.69	unphased	0.842257785467128	0.842257785467128	1
17	3181470	3181471	51	5	0.94	0	0	0.53	1	1	0.47	unphased	0.95577731092437	0.95577731092437	1
17	7463197	7463198	55	5	0.94	0	0	0.53	1	1	0.47	unphased	0.892058823529412	0.892058823529412	1
17	8354151	8354152	24	3	0.94	0	0	0.53	1	1	0.47	unphased	1.18941176470588	1.18941176470588	1
17	11513804	11513805	56	6	0.94	0	0	0.53	1	1	0.47	unphased	1.03593927893738	1.03593927893738	1
17	18041445	18041446	73	6	0.94	0	0	0.53	1	1	0.47	unphased	0.813015636634401	0.813015636634401	1
17	18832144	18832145	66	9	0.94	0	0	0.53	1	1	0.47	unphased	1.28456470588235	1.28456470588235	1
17	27068495	27068496	39	10	0.94	0	0	0.53	1	1	0.47	unphased	2.18463385354142	2.18463385354142	1
17	39182839	39182840	40	4	0.94	0	0	0.53	1	1	0.47	unphased	0.973155080213904	0.973155080213904	1
17	42979989	42979990	65	5	1.64	1	0	0.36	1	1	0.64	unphased	0.814621848739496	0.814621848739496	1
17	46024063	46024064	54	10	1.64	1	0	0.36	1	1	0.64	unphased	1.78198529411765	1.78198529411765	1
17	61889456	61889457	93	8	1.64	1	0	0.36	1	1	0.64	unphased	0.903343040186372	0.903343040186372	1
17	61949891	61949892	87	8	1.64	1	0	0.36	1	1	0.64	unphased	0.960396284829721	0.960396284829721	1
17	72878744	72878745	25	5	1.64	1	0	0.36	1	1	0.64	unphased	1.90078431372549	1.90078431372549	1
17	76501520	76501521	29	4	1.64	1	0	0.36	1	1	0.64	unphased	1.38238859180036	1.38238859180036	1
18	580657	580658	34	6	2	1	1	0.23	1	1	0.77	unphased	1.76470588235294	1.76470588235294	1
18	23632697	23632698	97	7	2	1	1	0.23	1	1	0.77	unphased	0.791855203619909	0.791855203619909	1
18	47778057	47778058	205	19	2	1	1	1	NA	NA	NA	unphased	0.997899159663866	0.997899159663866	1
18	50912454	50912455	24	10	2	1	1	1	NA	NA	NA	unphased	3.46020761245675	3.46020761245675	1
18	71740965	71740966	90	9	2	1	1	1	NA	NA	NA	unphased	1.06951871657754	1.06951871657754	1
19	9056390	9056391	56	7	2	1	1	1	NA	NA	NA	unphased	1.30718954248366	1.30718954248366	1
19	9060645	9060646	153	10	2	1	1	1	NA	NA	NA	unphased	0.721761097076868	0.721761097076868	1
19	12800593	12800594	85	8	2	1	1	1	NA	NA	NA	unphased	1.01201771030993	1.01201771030993	1
19	12800594	12800595	93	8	2	1	1	1	NA	NA	NA	unphased	0.93185789167152	0.93185789167152	1
19	15053122	15053123	110	8	2	1	1	1	NA	NA	NA	unphased	0.797607178464606	0.797607178464606	1
19	15465823	15465824	73	10	2	1	1	1	NA	NA	NA	unphased	1.41743444365698	1.41743444365698	1
19	15760788	15760789	184	13	2	1	1	1	NA	NA	NA	unphased	0.776351149596895	0.776351149596895	1
19	15794362	15794363	80	9	2	1	1	1	NA	NA	NA	unphased	1.18968935888962	1.18968935888962	1
19	16279010	16279011	14	3	2	1	1	1	NA	NA	NA	unphased	2.07612456747405	2.07612456747405	1
19	17895591	17895592	117	9	2	1	1	1	NA	NA	NA	unphased	0.840336134453781	0.840336134453781	1
19	23543917	23543918	50	6	2	1	1	1	NA	NA	NA	unphased	1.26050420168067	1.26050420168067	1
19	31038986	31038987	78	7	2	1	1	1	NA	NA	NA	unphased	0.968858131487889	0.968858131487889	1
19	35826941	35826942	81	5	2	1	1	1	NA	NA	NA	unphased	0.683994528043776	0.683994528043776	1
19	35829160	35829161	98	7	2	1	1	1	NA	NA	NA	unphased	0.784313725490196	0.784313725490196	1
19	36831382	36831383	62	6	2	1	1	1	NA	NA	NA	unphased	1.03806228373702	1.03806228373702	1
19	39600822	39600823	33	4	2	1	1	1	NA	NA	NA	unphased	1.27186009538951	1.27186009538951	1
19	42585004	42585005	192	22	2	1	1	1	NA	NA	NA	unphased	1.20945574491479	1.20945574491479	1
19	45561022	45561023	88	10	2	1	1	1	NA	NA	NA	unphased	1.20048019207683	1.20048019207683	1
19	49377994	49377995	68	6	2	1	1	1	NA	NA	NA	unphased	0.95389507154213	0.95389507154213	1
19	50166601	50166602	53	11	2	1	1	1	NA	NA	NA	unphased	2.02205882352941	2.02205882352941	1
19	52569291	52569292	91	10	2	1	1	1	NA	NA	NA	unphased	1.1648223645894	1.1648223645894	1
19	52671321	52671322	159	9	2	1	1	1	NA	NA	NA	unphased	0.630252100840336	0.630252100840336	1
19	52709226	52709227	65	10	2	1	1	1	NA	NA	NA	unphased	1.56862745098039	1.56862745098039	1
19	53762552	53762553	124	13	2	1	1	1	NA	NA	NA	unphased	1.11635895234006	1.11635895234006	1
19	54663890	54663891	16	3	2	1	1	1	NA	NA	NA	unphased	1.85758513931889	1.85758513931889	1
19	55043993	55043994	117	7	2	1	1	1	NA	NA	NA	unphased	0.664136622390892	0.664136622390892	1
19	56363562	56363563	78	6	2	1	1	1	NA	NA	NA	unphased	0.840336134453781	0.840336134453781	1
19	56370459	56370460	54	6	2	1	1	1	NA	NA	NA	unphased	1.17647058823529	1.17647058823529	1
19	56466639	56466640	74	8	2	1	1	1	NA	NA	NA	unphased	1.14777618364419	1.14777618364419	1
19	57646321	57646322	87	6	2	1	1	1	NA	NA	NA	unphased	0.759013282732448	0.759013282732448	1
2	21252594	21252595	74	9	2	1	1	1	NA	NA	NA	unphased	1.27569099929128	1.27569099929128	1
2	29245047	29245048	86	5	2	1	1	1	NA	NA	NA	unphased	0.646412411118293	0.646412411118293	1
2	55795482	55795483	47	4	2	1	1	1	NA	NA	NA	unphased	0.922722029988466	0.922722029988466	1
2	62115733	62115734	8	3	2	1	1	1	NA	NA	NA	unphased	3.20855614973262	3.20855614973262	1
2	64819220	64819221	25	4	2	1	1	1	NA	NA	NA	unphased	1.62271805273834	1.62271805273834	1
2	73676811	73676812	147	12	2	1	1	0.4	1	1	0.6	unphased	0.887902330743618	0.887902330743618	1
2	74683011	74683012	79	7	2	1	1	0.4	1	1	0.6	unphased	0.957592339261286	0.957592339261286	1
2	112922666	112922667	47	5	2	1	1	1	NA	NA	NA	unphased	1.13122171945701	1.13122171945701	1
2	112922726	112922727	46	6	2	1	1	1	NA	NA	NA	unphased	1.35746606334842	1.35746606334842	1
2	113514205	113514206	58	4	2	1	1	1	NA	NA	NA	unphased	0.759013282732448	0.759013282732448	1
2	118860867	118860868	82	6	2	1	1	1	NA	NA	NA	unphased	0.802139037433155	0.802139037433155	1
2	131984439	131984440	87	10	2	1	1	1	NA	NA	NA	unphased	1.21285627653123	1.21285627653123	1
2	133541192	133541193	86	11	2	1	1	1	NA	NA	NA	unphased	1.33414190418435	1.33414190418435	1
2	163133257	163133258	103	13	2	1	1	1	NA	NA	NA	unphased	1.3184584178499	1.3184584178499	1
2	166773869	166773870	49	6	2	1	1	1	NA	NA	NA	unphased	1.28342245989305	1.28342245989305	1
2	179431174	179431175	115	12	2	1	1	1	NA	NA	NA	unphased	1.11162575266327	1.11162575266327	1
2	179534360	179534361	200	15	2	1	1	1	NA	NA	NA	unphased	0.820793433652531	0.820793433652531	1
2	179594202	179594203	85	5	2	1	1	1	NA	NA	NA	unphased	0.65359477124183	0.65359477124183	1
2	179621363	179621364	44	5	2	1	1	1	NA	NA	NA	unphased	1.20048019207683	1.20048019207683	1
2	182542928	182542929	85	7	2	1	1	0.35	1	1	0.65	unphased	0.895140664961637	0.895140664961637	1
2	183960317	183960318	79	6	2	1	1	0.35	1	1	0.65	unphased	0.830449826989619	0.830449826989619	1
2	192194724	192194725	150	11	2	1	1	0.35	1	1	0.65	unphased	0.803799780781878	0.803799780781878	1
2	203421183	203421184	83	5	2	1	1	0.35	1	1	0.65	unphased	0.668449197860962	0.668449197860962	1
2	210558205	210558206	50	7	2	1	1	0.35	1	1	0.65	unphased	1.44478844169247	1.44478844169247	1
2	224831672	224831673	57	5	2	1	1	0.35	1	1	0.65	unphased	0.94876660341556	0.94876660341556	1
2	230655919	230655920	60	10	2	1	1	0.35	1	1	0.65	unphased	1.68067226890756	1.68067226890756	1
20	23350991	23350992	65	8	2	1	1	1	NA	NA	NA	unphased	1.28928283642224	1.28928283642224	1
20	31600636	31600637	195	18	2	1	1	1	NA	NA	NA	unphased	0.994200497100248	0.994200497100248	1
20	33762678	33762679	21	3	2	1	1	1	NA	NA	NA	unphased	1.47058823529412	1.47058823529412	1
20	39831122	39831123	123	11	2	1	1	1	NA	NA	NA	unphased	0.9657594381036	0.9657594381036	1
20	45852993	45852994	68	9	2	1	1	1	NA	NA	NA	unphased	1.37509549274255	1.37509549274255	1
20	62120373	62120374	34	4	2	1	1	1	NA	NA	NA	unphased	1.23839009287926	1.23839009287926	1
22	23214200	23214201	35	4	2	1	1	0.21	1	1	0.79	unphased	1.20663650075415	1.20663650075415	1
22	30189460	30189461	50	7	2	1	1	0.21	1	1	0.79	unphased	1.44478844169247	1.44478844169247	1
22	31487030	31487031	104	13	2	1	1	0.21	1	1	0.79	unphased	1.30718954248366	1.30718954248366	1
22	31830003	31830004	7	3	2	1	1	0.21	1	1	0.79	unphased	3.52941176470588	3.52941176470588	1
22	39884182	39884183	107	9	2	1	1	0.21	1	1	0.79	unphased	0.912778904665314	0.912778904665314	1
22	41222512	41222513	100	10	2	1	1	0.21	1	1	0.79	unphased	1.06951871657754	1.06951871657754	1
3	25661378	25661379	17	3	1	1	0	1	NA	NA	NA	unphased	1.61470588235294	1.61470588235294	1
3	37366833	37366834	48	4	1	1	0	1	NA	NA	NA	unphased	0.828054298642534	0.828054298642534	1
3	38622808	38622809	16	3	1	1	0	1	NA	NA	NA	unphased	1.69969040247678	1.69969040247678	1
3	45127464	45127465	170	21	1	1	0	1	NA	NA	NA	unphased	1.18355404989221	1.18355404989221	1
3	49738998	49738999	43	9	1	1	0	1	NA	NA	NA	unphased	1.8631221719457	1.8631221719457	1
3	49756820	49756821	63	5	1	1	0	1	NA	NA	NA	unphased	0.791522491349481	0.791522491349481	1
3	65361462	65361463	93	9	1	1	0	1	NA	NA	NA	unphased	0.949826989619377	0.949826989619377	1
3	113375788	113375789	52	5	2	1	1	1	NA	NA	NA	unphased	1.03199174406605	1.03199174406605	1
3	121100312	121100313	137	14	2	1	1	1	NA	NA	NA	unphased	1.09076743280093	1.09076743280093	1
3	121410664	121410665	158	13	2	1	1	1	NA	NA	NA	unphased	0.894392844857241	0.894392844857241	1
3	124377322	124377323	49	5	2	1	1	1	NA	NA	NA	unphased	1.08932461873638	1.08932461873638	1
3	129824455	129824456	34	6	4	3	1	1	NA	NA	NA	unphased	2.06470588235294	2.06470588235294	1
3	132209821	132209822	39	5	4	3	1	1	NA	NA	NA	unphased	1.56417112299465	1.56417112299465	1
3	133476787	133476788	23	7	4	3	1	1	NA	NA	NA	unphased	3.21176470588235	1.07058823529412	3
3	138417808	138417809	106	34	4	3	1	1	NA	NA	NA	unphased	3.34285714285714	1.11428571428571	3
3	140281082	140281083	40	6	4	3	1	1	NA	NA	NA	unphased	1.79539641943734	1.79539641943734	1
3	148614596	148614597	14	3	4	3	1	1	NA	NA	NA	unphased	2.42906574394464	2.42906574394464	1
3	151598999	151599000	128	11	1.84	3	1	0.28	1	0	0.72	unphased	0.918358019466779	0.918358019466779	1
3	153958193	153958194	30	4	4	3	1	1	NA	NA	NA	unphased	1.61937716262976	1.61937716262976	1
3	153958225	153958226	25	4	4	3	1	1	NA	NA	NA	unphased	1.89858012170385	1.89858012170385	1
3	164907491	164907492	98	30	4	3	1	1	NA	NA	NA	unphased	3.22610294117647	1.07536764705882	3
3	173322200	173322201	20	3	4	3	1	1	NA	NA	NA	unphased	1.79539641943734	1.79539641943734	1
3	183770918	183770919	63	10	4	3	1	1	NA	NA	NA	unphased	1.88557614826753	0.942788074133763	2
3	194182960	194182961	19	5	5	4	1	1	NA	NA	NA	unphased	3.07598039215686	1.02532679738562	3
4	6474015	6474016	58	6	2	1	1	0.35	1	1	0.65	unphased	1.10294117647059	1.10294117647059	1
4	75482020	75482021	193	53	4	4	0	1	NA	NA	NA	unphased	2.96556671449067	0.988522238163558	3
4	80328029	80328030	87	6	4	4	0	1	NA	NA	NA	unphased	0.888045540796964	0.888045540796964	1
4	100235153	100235154	296	17	2	1	1	0.5	1	1	0.5	unphased	0.638977635782748	1.2779552715655	0.5
4	138452896	138452897	104	9	1.55	1	0	0.45	1	1	0.55	unphased	0.901171264966163	0.901171264966163	1
4	177648965	177648966	64	9	2	1	1	0.47	1	1	0.53	unphased	1.45044319097502	1.45044319097502	1
5	1341900	1341901	36	4	3.1	2	2	0.55	1	1	0.45	unphased	1.28647058823529	1.28647058823529	1
5	23527605	23527606	136	17	2.56	2	1	0.56	1	1	0.44	unphased	1.36941176470588	1.36941176470588	1
5	32783034	32783035	13	3	2	1	1	1	NA	NA	NA	unphased	2.20588235294118	2.20588235294118	1
5	39202111	39202112	43	5	2	1	1	1	NA	NA	NA	unphased	1.22549019607843	1.22549019607843	1
5	45262575	45262576	23	4	2	1	1	1	NA	NA	NA	unphased	1.74291938997821	1.74291938997821	1
5	45262576	45262577	22	4	2	1	1	1	NA	NA	NA	unphased	1.80995475113122	1.80995475113122	1
5	94230529	94230530	26	4	2	1	1	0.47	1	1	0.53	unphased	1.56862745098039	1.56862745098039	1
5	112889328	112889329	74	7	2	1	1	0.47	1	1	0.53	unphased	1.01670297748729	1.01670297748729	1
5	133914243	133914244	110	12	2	1	1	0.47	1	1	0.53	unphased	1.15718418514947	1.15718418514947	1
5	140562710	140562711	27	4	2	1	1	0.47	1	1	0.53	unphased	1.5180265654649	1.5180265654649	1
5	140762651	140762652	90	6	2	1	1	0.47	1	1	0.53	unphased	0.735294117647059	0.735294117647059	1
5	180377417	180377418	37	12	1.53	1	0	0.47	1	1	0.53	unphased	2.76605042016807	2.76605042016807	1
5	180377433	180377434	30	10	1.53	1	0	0.47	1	1	0.53	unphased	2.82367647058823	2.82367647058823	1
6	12125770	12125771	82	13	2	2	0	1	NA	NA	NA	unphased	1.60990712074303	1.60990712074303	1
6	24588862	24588863	111	8	2	2	0	1	NA	NA	NA	unphased	0.790904597132971	0.790904597132971	1
6	26124026	26124027	174	22	2	2	0	1	NA	NA	NA	unphased	1.32052821128451	1.32052821128451	1
6	38813358	38813359	34	5	2	1	1	0.24	1	1	0.76	unphased	1.50829562594268	1.50829562594268	1
6	43024076	43024077	49	4	2	1	1	0.24	1	1	0.76	unphased	0.887902330743618	0.887902330743618	1
6	55638986	55638987	76	5	2	1	1	0.24	1	1	0.76	unphased	0.726216412490922	0.726216412490922	1
6	69944945	69944946	129	14	2	1	1	0.24	1	1	0.76	unphased	1.1517893870835	1.1517893870835	1
6	76412551	76412552	57	4	2	1	1	0.24	1	1	0.76	unphased	0.77145612343298	0.77145612343298	1
6	85472342	85472343	103	12	2	1	1	1	NA	NA	NA	unphased	1.22762148337596	1.22762148337596	1
6	105526587	105526588	46	5	2	1	1	1	NA	NA	NA	unphased	1.15340253748558	1.15340253748558	1
6	132910645	132910646	117	9	2	1	1	1	NA	NA	NA	unphased	0.840336134453781	0.840336134453781	1
6	135318663	135318664	64	11	2	1	1	1	NA	NA	NA	unphased	1.72549019607843	1.72549019607843	1
6	151936706	151936707	108	14	2	1	1	1	NA	NA	NA	unphased	1.35004821600771	1.35004821600771	1
6	167717488	167717489	58	8	2	1	1	1	NA	NA	NA	unphased	1.42602495543672	1.42602495543672	1
7	7278352	7278353	40	6	2	1	1	1	NA	NA	NA	unphased	1.53452685421995	1.53452685421995	1
7	19184939	19184940	38	3	2	1	1	1	NA	NA	NA	unphased	0.860832137733142	0.860832137733142	1
7	47886511	47886512	66	6	2	1	1	1	NA	NA	NA	unphased	0.980392156862745	0.980392156862745	1
7	48349728	48349729	222	19	2	1	1	1	NA	NA	NA	unphased	0.927507932633634	0.927507932633634	1
7	55219001	55219002	84	9	2	1	1	1	NA	NA	NA	unphased	1.13851992409867	1.13851992409867	1
7	62752667	62752668	42	4	2	1	1	1	NA	NA	NA	unphased	1.0230179028133	1.0230179028133	1
7	65557021	65557022	161	11	2	1	1	1	NA	NA	NA	unphased	0.752393980848153	0.752393980848153	1
7	73010275	73010276	21	3	2	1	1	1	NA	NA	NA	unphased	1.47058823529412	1.47058823529412	1
7	73922511	73922512	43	4	2	1	1	1	NA	NA	NA	unphased	1.00125156445557	1.00125156445557	1
7	74129192	74129193	89	5	2	1	1	1	NA	NA	NA	unphased	0.625782227784731	0.625782227784731	1
7	82579168	82579169	51	6	2	1	1	1	NA	NA	NA	unphased	1.23839009287926	1.23839009287926	1
7	92762844	92762845	45	11	2	1	1	1	NA	NA	NA	unphased	2.3109243697479	2.3109243697479	1
7	97823548	97823549	40	4	2	1	1	1	NA	NA	NA	unphased	1.06951871657754	1.06951871657754	1
7	103131136	103131137	75	6	2	1	1	1	NA	NA	NA	unphased	0.871459694989107	0.871459694989107	1
7	105189097	105189098	112	12	2	1	1	1	NA	NA	NA	unphased	1.13851992409867	1.13851992409867	1
7	128481231	128481232	61	7	2	1	1	1	NA	NA	NA	unphased	1.21107266435986	1.21107266435986	1
7	131130620	131130621	51	6	2	1	1	1	NA	NA	NA	unphased	1.23839009287926	1.23839009287926	1
7	148486849	148486850	166	18	2	1	1	1	NA	NA	NA	unphased	1.15089514066496	1.15089514066496	1
7	149480624	149480625	54	4	2	1	1	1	NA	NA	NA	unphased	0.811359026369168	0.811359026369168	1
8	26721687	26721688	36	4	1.73	1	0	0.27	1	1	0.73	unphased	1.14947058823529	1.14947058823529	1
8	63492196	63492197	38	4	2	1	1	1	NA	NA	NA	unphased	1.12044817927171	1.12044817927171	1
8	68204192	68204193	102	8	2	1	1	1	NA	NA	NA	unphased	0.855614973262032	0.855614973262032	1
8	69380927	69380928	25	3	2	1	1	1	NA	NA	NA	unphased	1.26050420168067	1.26050420168067	1
8	70585503	70585504	163	14	2	1	1	1	NA	NA	NA	unphased	0.930541708208707	0.930541708208707	1
8	110448671	110448672	27	4	2	1	1	1	NA	NA	NA	unphased	1.5180265654649	1.5180265654649	1
8	113256643	113256644	65	6	2	1	1	0.44	1	1	0.56	unphased	0.994200497100248	0.994200497100248	1
8	120801980	120801981	15	7	2	1	1	0.44	1	1	0.56	unphased	3.74331550802139	3.74331550802139	1
8	124266516	124266517	99	11	2	1	1	0.44	1	1	0.56	unphased	1.17647058823529	1.17647058823529	1
8	139164938	139164939	114	10	2	1	1	0.44	1	1	0.56	unphased	0.94876660341556	0.94876660341556	1
8	139263127	139263128	107	17	2	1	1	0.44	1	1	0.56	unphased	1.61290322580645	1.61290322580645	1
8	144810274	144810275	47	5	2	1	1	0.44	1	1	0.56	unphased	1.13122171945701	1.13122171945701	1
9	414945	414946	84	7	2	1	1	0.47	1	1	0.53	unphased	0.904977375565611	0.904977375565611	1
9	26905522	26905523	49	6	2	1	1	0.31	1	1	0.69	unphased	1.28342245989305	1.28342245989305	1
9	36390513	36390514	59	8	2	1	1	0.31	1	1	0.69	unphased	1.40474100087796	1.40474100087796	1
9	39888158	39888159	86	10	NA	NA	NA	NA	NA	NA	NA	unphased	NA	NA	1
9	91616282	91616283	103	7	2	1	1	0.48	1	1	0.52	unphased	0.748663101604278	0.748663101604278	1
9	95776239	95776240	140	20	2	1	1	0.48	1	1	0.52	unphased	1.47058823529412	1.47058823529412	1
9	107379789	107379790	45	4	1	1	0	1	NA	NA	NA	unphased	0.87875150060024	0.87875150060024	1
9	113170814	113170815	26	4	1	1	0	1	NA	NA	NA	unphased	1.43529411764706	1.43529411764706	1
9	114803708	114803709	22	7	1	1	0	1	NA	NA	NA	unphased	2.59837728194726	2.59837728194726	1
9	116135944	116135945	51	4	1	1	0	1	NA	NA	NA	unphased	0.782887700534759	0.782887700534759	1
9	127115809	127115810	8	3	1	1	0	1	NA	NA	NA	unphased	2.93582887700535	2.93582887700535	1
9	133942544	133942545	90	14	1	1	0	1	NA	NA	NA	unphased	1.44909502262443	1.44909502262443	1
X	30326358	30326359	88	6	NA	NA	NA	NA	NA	NA	NA	unphased	NA	NA	1
X	37026663	37026664	51	6	NA	NA	NA	NA	NA	NA	NA	unphased	NA	NA	1
X	70324207	70324208	19	3	NA	NA	NA	NA	NA	NA	NA	unphased	NA	NA	1
X	70783294	70783295	34	4	NA	NA	NA	NA	NA	NA	NA	unphased	NA	NA	1
X	129771344	129771345	66	6	NA	NA	NA	NA	NA	NA	NA	unphased	NA	NA	1
X	138687894	138687895	173	16	NA	NA	NA	NA	NA	NA	NA	unphased	NA	NA	1
X	150793970	150793971	212	18	NA	NA	NA	NA	NA	NA	NA	unphased	NA	NA	1
X	154261815	154261816	93	27	NA	NA	NA	NA	NA	NA	NA	unphased	NA	NA	1
