chr	start	end	WT.count	mut.count	subclonal.CN	nMaj1	nMin1	frac1	nMaj2	nMin2	frac2	phase	mutation.copy.number	subclonal.fraction	no.chrs.bearing.mut
1	11142750	11142751	124	16	2	1	1	1	NA	NA	NA	unphased	0.466472303206997	0.466472303206997	1
1	22927935	22927936	51	18	2	1	1	1	NA	NA	NA	unphased	1.06477373558119	1.06477373558119	1
1	26189835	26189836	81	28	2	1	1	1	NA	NA	NA	unphased	1.04849279161206	1.04849279161206	1
1	66098833	66098834	23	6	2	1	1	1	NA	NA	NA	unphased	0.844475721323012	0.844475721323012	1
1	120906125	120906126	168	8	2	1	1	1	NA	NA	NA	unphased	0.185528756957328	0.185528756957328	1
1	150479447	150479448	37	25	2	1	1	1	NA	NA	NA	unphased	1.64581961816985	1.64581961816985	1
1	156627539	156627540	32	5	2	1	1	1	NA	NA	NA	unphased	0.551571980143409	0.551571980143409	1
1	159890244	159890245	47	15	2	1	1	1	NA	NA	NA	unphased	0.987491770901909	0.987491770901909	1
1	175086185	175086186	110	27	2	1	1	1	NA	NA	NA	unphased	0.804409354982869	0.804409354982869	1
1	204380654	204380655	14	6	2	1	1	1	NA	NA	NA	unphased	1.22448979591837	1.22448979591837	1
1	225609950	225609951	37	12	2	1	1	1	NA	NA	NA	unphased	0.999583506872137	0.999583506872137	1
1	229790094	229790095	64	35	2	1	1	1	NA	NA	NA	unphased	1.44300144300144	1.44300144300144	1
10	14816577	14816578	87	5	2	1	1	1	NA	NA	NA	unphased	0.221827861579414	0.221827861579414	1
10	27437884	27437885	155	53	2	1	1	1	NA	NA	NA	unphased	1.04003139717425	1.04003139717425	1
10	48388983	48388984	27	13	2	1	1	1	NA	NA	NA	unphased	1.3265306122449	1.3265306122449	1
10	76861686	76861687	96	19	2	1	1	1	NA	NA	NA	unphased	0.67435669920142	0.67435669920142	1
10	81056384	81056385	64	8	2	1	1	1	NA	NA	NA	unphased	0.453514739229025	0.453514739229025	1
10	102089818	102089819	69	10	2	1	1	1	NA	NA	NA	unphased	0.51666236114699	0.51666236114699	1
10	112270035	112270036	54	17	2	1	1	1	NA	NA	NA	unphased	0.977292325380857	0.977292325380857	1
10	128974491	128974492	114	49	2	1	1	1	NA	NA	NA	unphased	1.22699386503067	1.22699386503067	1
11	4703673	4703674	51	19	2	1	1	1	NA	NA	NA	unphased	1.10787172011662	1.10787172011662	1
11	17794090	17794091	84	31	2	1	1	1	NA	NA	NA	unphased	1.1002661934339	1.1002661934339	1
11	56114261	56114262	55	14	2	1	1	1	NA	NA	NA	unphased	0.82815734989648	0.82815734989648	1
11	58170260	58170261	39	14	2	1	1	1	NA	NA	NA	unphased	1.07816711590296	1.07816711590296	1
11	63665724	63665725	151	39	2	1	1	1	NA	NA	NA	unphased	0.83780880773362	0.83780880773362	1
11	63668050	63668051	172	90	2	1	1	1	NA	NA	NA	unphased	1.40208755257828	1.40208755257828	1
11	71725331	71725332	148	34	2	1	1	1	NA	NA	NA	unphased	0.76250280331913	0.76250280331913	1
11	104905224	104905225	160	36	2	1	1	1	NA	NA	NA	unphased	0.749687630154103	0.749687630154103	1
11	106680826	106680827	67	3	2	1	1	1	NA	NA	NA	unphased	0.174927113702624	0.174927113702624	1
11	108235832	108235833	41	10	2	1	1	1	NA	NA	NA	unphased	0.80032012805122	0.80032012805122	1
12	7586191	7586192	99	35	2	1	1	1	NA	NA	NA	unphased	1.06609808102345	1.06609808102345	1
12	34179526	34179527	63	25	2	1	1	1	NA	NA	NA	unphased	1.1595547309833	1.1595547309833	1
12	49425895	49425896	66	21	2	1	1	1	NA	NA	NA	unphased	0.985221674876847	0.985221674876847	1
12	49730236	49730237	18	10	2	1	1	1	NA	NA	NA	unphased	1.45772594752187	1.45772594752187	1
12	53776244	53776245	89	31	2	1	1	1	NA	NA	NA	unphased	1.05442176870748	1.05442176870748	1
12	98938264	98938265	27	8	2	1	1	1	NA	NA	NA	unphased	0.932944606413994	0.932944606413994	1
12	113303344	113303345	53	15	2	1	1	1	NA	NA	NA	unphased	0.900360144057623	0.900360144057623	1
12	121879956	121879957	37	8	2	1	1	1	NA	NA	NA	unphased	0.72562358276644	0.72562358276644	1
12	125834219	125834220	142	33	2	1	1	1	NA	NA	NA	unphased	0.769679300291545	0.769679300291545	1
13	39454605	39454606	79	9	2	1	1	1	NA	NA	NA	unphased	0.417439703153989	0.417439703153989	1
13	73649904	73649905	60	19	2	1	1	1	NA	NA	NA	unphased	0.981658486179282	0.981658486179282	1
14	31355423	31355424	65	28	2	1	1	1	NA	NA	NA	unphased	1.22887864823349	1.22887864823349	1
14	31589062	31589063	61	16	2	1	1	1	NA	NA	NA	unphased	0.848131460376358	0.848131460376358	1
14	54894542	54894543	79	17	2	1	1	1	NA	NA	NA	unphased	0.722789115646259	0.722789115646259	1
14	64522938	64522939	26	11	2	1	1	1	NA	NA	NA	unphased	1.2134583563155	1.2134583563155	1
15	40751632	40751633	55	30	2	1	1	1	NA	NA	NA	unphased	1.4405762304922	1.4405762304922	1
15	44751318	44751319	79	33	2	1	1	1	NA	NA	NA	unphased	1.20262390670554	1.20262390670554	1
15	56385609	56385610	36	5	2	1	1	1	NA	NA	NA	unphased	0.497760079641613	0.497760079641613	1
15	79323748	79323749	11	5	2	1	1	1	NA	NA	NA	unphased	1.27551020408163	1.27551020408163	1
15	79323749	79323750	11	5	2	1	1	1	NA	NA	NA	unphased	1.27551020408163	1.27551020408163	1
16	1537674	1537675	42	9	2	1	1	1	NA	NA	NA	unphased	0.720288115246098	0.720288115246098	1
16	15706554	15706555	172	55	2	1	1	1	NA	NA	NA	unphased	0.988941832239504	0.988941832239504	1
16	20952855	20952856	125	45	2	1	1	1	NA	NA	NA	unphased	1.08043217286915	1.08043217286915	1
16	75563962	75563963	58	14	2	1	1	1	NA	NA	NA	unphased	0.793650793650794	0.793650793650794	1
16	83816884	83816885	24	5	2	1	1	1	NA	NA	NA	unphased	0.703729767769177	0.703729767769177	1
17	17697978	17697979	135	28	2	1	1	1	NA	NA	NA	unphased	0.7011393514461	0.7011393514461	1
17	19186885	19186886	57	24	2	1	1	1	NA	NA	NA	unphased	1.20937263794407	1.20937263794407	1
17	29219789	29219790	94	25	2	1	1	1	NA	NA	NA	unphased	0.857485851483451	0.857485851483451	1
17	42477875	42477876	53	19	2	1	1	1	NA	NA	NA	unphased	1.07709750566893	1.07709750566893	1
17	62271033	62271034	108	29	2	1	1	1	NA	NA	NA	unphased	0.863995233129748	0.863995233129748	1
18	633420	633421	37	4	2	1	1	1	NA	NA	NA	unphased	0.39820806371329	0.39820806371329	1
18	31322927	31322928	24	9	2	1	1	1	NA	NA	NA	unphased	1.11317254174397	1.11317254174397	1
18	32712019	32712020	35	8	2	1	1	1	NA	NA	NA	unphased	0.7593735168486	0.7593735168486	1
18	42530705	42530706	84	26	2	1	1	1	NA	NA	NA	unphased	0.964749536178108	0.964749536178108	1
18	56171256	56171257	148	35	2	1	1	1	NA	NA	NA	unphased	0.78064012490242	0.78064012490242	1
18	56171310	56171311	167	45	2	1	1	1	NA	NA	NA	unphased	0.866384289564883	0.866384289564883	1
19	4418062	4418063	68	16	2	1	1	1	NA	NA	NA	unphased	0.777453838678328	0.777453838678328	1
19	6937388	6937389	105	19	2	1	1	1	NA	NA	NA	unphased	0.625411454904543	0.625411454904543	1
19	10663623	10663624	97	15	2	1	1	1	NA	NA	NA	unphased	0.5466472303207	0.5466472303207	1
19	37100897	37100898	78	22	2	1	1	1	NA	NA	NA	unphased	0.897959183673469	0.897959183673469	1
19	39897511	39897512	24	4	2	1	1	1	NA	NA	NA	unphased	0.583090379008746	0.583090379008746	1
19	47700568	47700569	111	18	2	1	1	1	NA	NA	NA	unphased	0.56953013763645	0.56953013763645	1
19	49950695	49950696	73	13	2	1	1	1	NA	NA	NA	unphased	0.616990982439487	0.616990982439487	1
2	11053442	11053443	18	4	2	1	1	1	NA	NA	NA	unphased	0.742115027829314	0.742115027829314	1
2	27720224	27720225	66	4	2	1	1	1	NA	NA	NA	unphased	0.233236151603499	0.233236151603499	1
2	55522975	55522976	53	19	2	1	1	1	NA	NA	NA	unphased	1.07709750566893	1.07709750566893	1
2	73651738	73651739	33	12	2	1	1	1	NA	NA	NA	unphased	1.08843537414966	1.08843537414966	1
2	133541058	133541059	246	71	2	1	1	1	NA	NA	NA	unphased	0.914182707783429	0.914182707783429	1
2	160289746	160289747	209	69	2	1	1	1	NA	NA	NA	unphased	1.01306709734253	1.01306709734253	1
2	163133264	163133265	117	21	2	1	1	1	NA	NA	NA	unphased	0.62111801242236	0.62111801242236	1
2	167263075	167263076	98	31	2	1	1	1	NA	NA	NA	unphased	0.980857459262775	0.980857459262775	1
2	170371129	170371130	71	15	2	1	1	1	NA	NA	NA	unphased	0.711912672045562	0.711912672045562	1
2	196892736	196892737	123	28	2	1	1	1	NA	NA	NA	unphased	0.75685903500473	0.75685903500473	1
2	218749772	218749773	82	19	2	1	1	1	NA	NA	NA	unphased	0.767831885229339	0.767831885229339	1
2	228886459	228886460	54	14	2	1	1	1	NA	NA	NA	unphased	0.840336134453782	0.840336134453782	1
2	231150521	231150522	113	43	2	1	1	1	NA	NA	NA	unphased	1.1250654107797	1.1250654107797	1
20	3675456	3675457	47	14	2	1	1	1	NA	NA	NA	unphased	0.936768149882904	0.936768149882904	1
20	34451290	34451291	133	30	2	1	1	1	NA	NA	NA	unphased	0.75122073369225	0.75122073369225	1
20	48330164	48330165	9	3	2	1	1	1	NA	NA	NA	unphased	1.02040816326531	1.02040816326531	1
20	57227055	57227056	66	17	2	1	1	1	NA	NA	NA	unphased	0.835997049422178	0.835997049422178	1
20	61300393	61300394	51	9	2	1	1	1	NA	NA	NA	unphased	0.612244897959184	0.612244897959184	1
21	16339864	16339865	128	7	2	1	1	1	NA	NA	NA	unphased	0.211640211640212	0.211640211640212	1
21	34975720	34975721	103	26	2	1	1	1	NA	NA	NA	unphased	0.82265464325265	0.82265464325265	1
21	43519163	43519164	73	22	2	1	1	1	NA	NA	NA	unphased	0.945220193340494	0.945220193340494	1
22	39909757	39909758	54	15	2	1	1	1	NA	NA	NA	unphased	0.887311446317657	0.887311446317657	1
3	15301238	15301239	99	26	2	1	1	1	NA	NA	NA	unphased	0.848979591836735	0.848979591836735	1
3	38738877	38738878	73	25	2	1	1	1	NA	NA	NA	unphased	1.04123281965848	1.04123281965848	1
3	47079268	47079269	38	17	2	1	1	1	NA	NA	NA	unphased	1.26159554730983	1.26159554730983	1
3	112299880	112299881	64	18	2	1	1	1	NA	NA	NA	unphased	0.895968143354903	0.895968143354903	1
3	126735842	126735843	46	16	2	1	1	1	NA	NA	NA	unphased	1.0533245556287	1.0533245556287	1
3	143513850	143513851	76	26	2	1	1	1	NA	NA	NA	unphased	1.04041616646659	1.04041616646659	1
3	172674470	172674471	33	4	2	1	1	1	NA	NA	NA	unphased	0.441257584114727	0.441257584114727	1
3	178936090	178936091	48	14	2	1	1	1	NA	NA	NA	unphased	0.921658986175115	0.921658986175115	1
4	26483451	26483452	94	19	2	1	1	1	NA	NA	NA	unphased	0.686292216001445	0.686292216001445	1
4	46252311	46252312	54	18	2	1	1	1	NA	NA	NA	unphased	1.02040816326531	1.02040816326531	1
4	84374726	84374727	90	15	2	1	1	1	NA	NA	NA	unphased	0.583090379008746	0.583090379008746	1
4	184931233	184931234	15	5	2	1	1	1	NA	NA	NA	unphased	1.02040816326531	1.02040816326531	1
5	11364846	11364847	43	7	2	1	1	1	NA	NA	NA	unphased	0.571428571428572	0.571428571428572	1
5	21817091	21817092	126	22	2	1	1	1	NA	NA	NA	unphased	0.60672917815775	0.60672917815775	1
5	21817189	21817190	56	11	2	1	1	1	NA	NA	NA	unphased	0.670118793786171	0.670118793786171	1
5	41382476	41382477	58	17	2	1	1	1	NA	NA	NA	unphased	0.925170068027211	0.925170068027211	1
5	114573690	114573691	56	16	2	1	1	1	NA	NA	NA	unphased	0.90702947845805	0.90702947845805	1
5	140182414	140182415	149	48	2	1	1	1	NA	NA	NA	unphased	0.994509478918471	0.994509478918471	1
5	140481004	140481005	93	33	2	1	1	1	NA	NA	NA	unphased	1.0689990281827	1.0689990281827	1
5	140580846	140580847	235	81	2	1	1	1	NA	NA	NA	unphased	1.04624128132266	1.04624128132266	1
5	140789015	140789016	54	13	2	1	1	1	NA	NA	NA	unphased	0.791958574474566	0.791958574474566	1
5	149221930	149221931	57	13	2	1	1	1	NA	NA	NA	unphased	0.75801749271137	0.75801749271137	1
5	160063271	160063272	75	5	2	1	1	1	NA	NA	NA	unphased	0.255102040816327	0.255102040816327	1
6	28871716	28871717	15	5	3	2	1	1	NA	NA	NA	unphased	1.27040816326531	1.27040816326531	1
6	29231658	29231659	208	32	1.51	3	1	0.17	1	0	0.83	unphased	0.478884353741497	0.478884353741497	1
6	31609166	31609167	175	46	1.51	3	1	0.17	1	0	0.83	unphased	0.747579647243513	0.747579647243513	1
6	31711738	31711739	658	47	1.51	3	1	0.17	1	0	0.83	unphased	0.239442176870748	0.239442176870748	1
6	31779454	31779455	185	26	1.51	3	1	0.17	1	0	0.83	unphased	0.442570848244511	0.442570848244511	1
6	39025254	39025255	43	8	3	2	1	1	NA	NA	NA	unphased	0.797118847539016	0.797118847539016	1
6	43323113	43323114	90	28	2	1	1	1	NA	NA	NA	unphased	0.968523002421308	0.968523002421308	1
6	117121751	117121752	45	24	1	1	0	1	NA	NA	NA	unphased	1.07187222715173	1.07187222715173	1
6	117121788	117121789	54	36	1	1	0	1	NA	NA	NA	unphased	1.23265306122449	1.23265306122449	1
6	117127638	117127639	29	14	1	1	0	1	NA	NA	NA	unphased	1.00332225913621	1.00332225913621	1
6	137524822	137524823	22	9	1	1	0	1	NA	NA	NA	unphased	0.89466754443713	0.89466754443713	1
6	143081563	143081564	41	16	1	1	0	1	NA	NA	NA	unphased	0.865019692087361	0.865019692087361	1
6	158330982	158330983	43	22	1	1	0	1	NA	NA	NA	unphased	1.04301412872841	1.04301412872841	1
6	161032593	161032594	396	133	1	1	0	1	NA	NA	NA	unphased	0.774777207669457	0.774777207669457	1
7	2296528	2296529	31	7	2	1	1	1	NA	NA	NA	unphased	0.75187969924812	0.75187969924812	1
7	6189605	6189606	28	6	2	1	1	1	NA	NA	NA	unphased	0.720288115246098	0.720288115246098	1
7	72159742	72159743	42	15	2	1	1	1	NA	NA	NA	unphased	1.07411385606874	1.07411385606874	1
7	128488926	128488927	72	28	2	1	1	1	NA	NA	NA	unphased	1.14285714285714	1.14285714285714	1
7	140453135	140453136	52	15	2	1	1	1	NA	NA	NA	unphased	0.913798355162961	0.913798355162961	1
7	157475487	157475488	108	34	2	1	1	1	NA	NA	NA	unphased	0.977292325380857	0.977292325380857	1
8	17169137	17169138	405	104	3	2	1	1	NA	NA	NA	unphased	1.03829036526202	1.03829036526202	1
8	68150628	68150629	59	18	3	2	1	1	NA	NA	NA	unphased	1.18791412668964	1.18791412668964	1
8	73479924	73479925	82	11	3	2	1	1	NA	NA	NA	unphased	0.601053324555629	0.601053324555629	1
8	86352076	86352077	58	13	3	2	1	1	NA	NA	NA	unphased	0.930439781546421	0.930439781546421	1
8	97311997	97311998	172	37	3	2	1	1	NA	NA	NA	unphased	0.899619177814667	0.899619177814667	1
8	100548906	100548907	38	7	3	2	1	1	NA	NA	NA	unphased	0.790476190476191	0.790476190476191	1
8	124968249	124968250	26	5	3	2	1	1	NA	NA	NA	unphased	0.819618169848585	0.819618169848585	1
9	82187719	82187720	30	9	2	1	1	1	NA	NA	NA	unphased	0.941915227629513	0.941915227629513	1
9	117808760	117808761	150	74	2	1	1	1	NA	NA	NA	unphased	1.34839650145773	1.34839650145773	1
9	126214605	126214606	50	13	2	1	1	1	NA	NA	NA	unphased	0.842241658568189	0.842241658568189	1
9	131344061	131344062	199	47	2	1	1	1	NA	NA	NA	unphased	0.77982412477186	0.77982412477186	1
X	49089815	49089816	58	18	NA	NA	NA	NA	NA	NA	NA	unphased	NA	NA	1
X	92965215	92965216	41	9	NA	NA	NA	NA	NA	NA	NA	unphased	NA	NA	1
X	105280591	105280592	182	59	NA	NA	NA	NA	NA	NA	NA	unphased	NA	NA	1
X	119678407	119678408	72	22	NA	NA	NA	NA	NA	NA	NA	unphased	NA	NA	1
X	129338837	129338838	39	14	NA	NA	NA	NA	NA	NA	NA	unphased	NA	NA	1
X	132159787	132159788	103	23	NA	NA	NA	NA	NA	NA	NA	unphased	NA	NA	1
X	148798343	148798344	179	50	NA	NA	NA	NA	NA	NA	NA	unphased	NA	NA	1
X	148798376	148798377	134	40	NA	NA	NA	NA	NA	NA	NA	unphased	NA	NA	1
X	151935913	151935914	82	27	NA	NA	NA	NA	NA	NA	NA	unphased	NA	NA	1
