chr	start	end	WT.count	mut.count	subclonal.CN	nMaj1	nMin1	frac1	nMaj2	nMin2	frac2	phase	mutation.copy.number	subclonal.fraction	no.chrs.bearing.mut
1	12920018	12920019	60	20	3	2	1	1	NA	NA	NA	unphased	0.824712643678161	0.824712643678161	1
1	15773100	15773101	17	15	3	2	1	1	NA	NA	NA	unphased	1.54633620689655	0.773168103448276	2
1	42045716	42045717	34	48	3	2	1	1	NA	NA	NA	unphased	1.93103448275862	0.96551724137931	2
1	43218305	43218306	32	20	3	2	1	1	NA	NA	NA	unphased	1.26878868258179	1.26878868258179	1
1	45469398	45469399	34	10	3	2	1	1	NA	NA	NA	unphased	0.749738766980146	0.749738766980146	1
1	47653061	47653062	23	9	3	2	1	1	NA	NA	NA	unphased	0.927801724137931	0.927801724137931	1
1	52442656	52442657	67	26	3	2	1	1	NA	NA	NA	unphased	0.922259300457298	0.922259300457298	1
1	63270861	63270862	12	3	3	2	1	1	NA	NA	NA	unphased	0.659770114942529	0.659770114942529	1
1	102270308	102270309	13	18	2	2	0	1	NA	NA	NA	unphased	1.33481646273637	1.33481646273637	1
1	144921867	144921868	255	36	1.13	2	0	0.13	1	0	0.87	unphased	0.17676501955208	1.35973091963138	0.13
1	149916188	149916189	20	22	1.13	2	0	0.13	1	0	0.87	unphased	0.748445539135194	0.748445539135194	1
1	151508750	151508751	76	26	4	2	2	1	NA	NA	NA	unphased	1.09578544061303	1.09578544061303	1
1	152127875	152127876	445	108	4	2	2	1	NA	NA	NA	unphased	0.839558520920372	0.839558520920372	1
1	152538350	152538351	67	16	4	2	2	1	NA	NA	NA	unphased	0.828694086691594	0.828694086691594	1
1	152777717	152777718	24	26	4	2	2	1	NA	NA	NA	unphased	2.23540229885058	1.11770114942529	2
1	154026869	154026870	31	18	4	2	2	1	NA	NA	NA	unphased	1.57916959887403	0.789584799437016	2
1	158736432	158736433	19	15	3	2	1	1	NA	NA	NA	unphased	1.4553752535497	1.4553752535497	1
1	160011199	160011200	5	9	3	2	1	1	NA	NA	NA	unphased	2.12068965517241	1.06034482758621	2
1	165177302	165177303	17	7	3	2	1	1	NA	NA	NA	unphased	0.962164750957854	0.962164750957854	1
1	170689003	170689004	41	12	3	2	1	1	NA	NA	NA	unphased	0.746909564085882	0.746909564085882	1
1	171310616	171310617	26	9	3	2	1	1	NA	NA	NA	unphased	0.848275862068965	0.848275862068965	1
1	175958604	175958605	34	11	3	2	1	1	NA	NA	NA	unphased	0.806385696040868	0.806385696040868	1
1	176833269	176833270	12	4	3	2	1	1	NA	NA	NA	unphased	0.824712643678161	0.824712643678161	1
1	183532586	183532587	138	57	3	2	1	1	NA	NA	NA	unphased	0.964279398762158	0.964279398762158	1
1	190250824	190250825	30	9	2.26	2	1	0.26	1	1	0.74	unphased	0.590503978779841	0.590503978779841	1
1	201458111	201458112	25	6	3	2	1	1	NA	NA	NA	unphased	0.638487208008899	0.638487208008899	1
1	207013246	207013247	228	111	3	2	1	1	NA	NA	NA	unphased	1.08015461295901	1.08015461295901	1
1	210024661	210024662	22	7	3	2	1	1	NA	NA	NA	unphased	0.796274276654776	0.796274276654776	1
1	237948021	237948022	55	22	3	2	1	1	NA	NA	NA	unphased	0.942528735632184	0.942528735632184	1
1	240370852	240370853	34	15	3	2	1	1	NA	NA	NA	unphased	1.00985221674877	1.00985221674877	1
1	247587724	247587725	42	20	3	2	1	1	NA	NA	NA	unphased	1.0641453466815	1.0641453466815	1
1	247978714	247978715	81	38	NA	NA	NA	NA	NA	NA	NA	unphased	NA	NA	1
10	25877957	25877958	16	7	2	2	0	1	NA	NA	NA	unphased	0.699650174912544	0.699650174912544	1
10	29754669	29754670	6	3	2	2	0	1	NA	NA	NA	unphased	0.766283524904214	0.766283524904214	1
10	73494017	73494018	12	8	2	2	0	1	NA	NA	NA	unphased	0.919540229885058	0.919540229885058	1
10	106022747	106022748	13	15	2	2	0	1	NA	NA	NA	unphased	1.23152709359606	1.23152709359606	1
10	108448088	108448089	14	4	2	2	0	1	NA	NA	NA	unphased	0.510855683269476	0.510855683269476	1
10	118101584	118101585	21	11	2	2	0	1	NA	NA	NA	unphased	0.790229885057471	0.790229885057471	1
10	134621896	134621897	7	66	2	2	0	1	NA	NA	NA	unphased	2.07841284837034	1.03920642418517	2
11	1099772	1099773	77	35	3	2	1	1	NA	NA	NA	unphased	1.0308908045977	1.0308908045977	1
11	1263588	1263589	17	26	3	2	1	1	NA	NA	NA	unphased	1.99465383587276	0.997326917936381	2
11	3691058	3691059	52	16	3	2	1	1	NA	NA	NA	unphased	0.776200135226504	0.776200135226504	1
11	4471323	4471324	104	35	3	2	1	1	NA	NA	NA	unphased	0.830645828165054	0.830645828165054	1
11	7960981	7960982	81	40	3	2	1	1	NA	NA	NA	unphased	1.09052911560749	1.09052911560749	1
11	7981728	7981729	67	31	3	2	1	1	NA	NA	NA	unphased	1.04351395730706	1.04351395730706	1
11	11977670	11977671	55	32	3	2	1	1	NA	NA	NA	unphased	1.21337032633109	1.21337032633109	1
11	21596534	21596535	20	12	3	2	1	1	NA	NA	NA	unphased	1.23706896551724	1.23706896551724	1
11	32955080	32955081	45	16	3	2	1	1	NA	NA	NA	unphased	0.865272281891841	0.865272281891841	1
11	33565883	33565884	30	14	3	2	1	1	NA	NA	NA	unphased	1.0496342737722	1.0496342737722	1
11	36615573	36615574	39	18	3	2	1	1	NA	NA	NA	unphased	1.04174228675136	1.04174228675136	1
11	44102743	44102744	54	23	3	2	1	1	NA	NA	NA	unphased	0.985370950888192	0.985370950888192	1
11	48328448	48328449	33	68	3	2	1	1	NA	NA	NA	unphased	2.22100830772732	1.11050415386366	2
11	49831654	49831655	50	22	3	2	1	1	NA	NA	NA	unphased	1.00798212005109	1.00798212005109	1
11	55111276	55111277	84	18	3	2	1	1	NA	NA	NA	unphased	0.582150101419878	0.582150101419878	1
11	55111277	55111278	83	18	3	2	1	1	NA	NA	NA	unphased	0.587913963810174	0.587913963810174	1
11	55322666	55322667	81	37	3	2	1	1	NA	NA	NA	unphased	1.03438534969803	1.03438534969803	1
11	62259291	62259292	14	4	3	2	1	1	NA	NA	NA	unphased	0.733077905491699	0.733077905491699	1
11	62349015	62349016	12	30	3	2	1	1	NA	NA	NA	unphased	2.35632183908046	1.17816091954023	2
11	62349016	62349017	13	30	3	2	1	1	NA	NA	NA	unphased	2.30152365677626	1.15076182838813	2
11	62568575	62568576	13	23	3	2	1	1	NA	NA	NA	unphased	2.10759897828863	1.05379948914432	2
11	64064612	64064613	11	17	3	2	1	1	NA	NA	NA	unphased	2.00287356321839	1.0014367816092	2
11	65000733	65000734	23	8	3	2	1	1	NA	NA	NA	unphased	0.851316277345198	0.851316277345198	1
11	65784237	65784238	7	4	3	2	1	1	NA	NA	NA	unphased	1.19958202716823	1.19958202716823	1
11	72598569	72598570	79	29	3	2	1	1	NA	NA	NA	unphased	0.885802469135803	0.885802469135803	1
11	85437445	85437446	33	10	3	2	1	1	NA	NA	NA	unphased	0.767174552258754	0.767174552258754	1
11	85576207	85576208	172	54	3	2	1	1	NA	NA	NA	unphased	0.788220933780897	0.788220933780897	1
11	88780920	88780921	20	12	3	2	1	1	NA	NA	NA	unphased	1.23706896551724	1.23706896551724	1
11	92087129	92087130	15	10	3	2	1	1	NA	NA	NA	unphased	1.31954022988506	1.31954022988506	1
11	93911563	93911564	15	27	3	2	1	1	NA	NA	NA	unphased	2.12068965517241	1.06034482758621	2
11	105948586	105948587	26	12	3	2	1	1	NA	NA	NA	unphased	1.04174228675136	1.04174228675136	1
11	107959294	107959295	40	14	3	2	1	1	NA	NA	NA	unphased	0.855257556406982	0.855257556406982	1
11	114167208	114167209	5	16	3	2	1	1	NA	NA	NA	unphased	2.51340996168582	1.25670498084291	2
11	117869930	117869931	44	22	3	2	1	1	NA	NA	NA	unphased	1.09961685823755	1.09961685823755	1
11	118772640	118772641	11	7	3	2	1	1	NA	NA	NA	unphased	1.28288633461047	1.28288633461047	1
11	123810818	123810819	34	13	3	2	1	1	NA	NA	NA	unphased	0.912448031303497	0.912448031303497	1
12	6619409	6619410	88	33	3	2	1	1	NA	NA	NA	unphased	0.899686520376175	0.899686520376175	1
12	7025667	7025668	22	11	3	2	1	1	NA	NA	NA	unphased	1.09961685823755	1.09961685823755	1
12	9007399	9007400	31	12	3	2	1	1	NA	NA	NA	unphased	0.920609462710505	0.920609462710505	1
12	9083500	9083501	12	5	3	2	1	1	NA	NA	NA	unphased	0.970250169033131	0.970250169033131	1
12	9227226	9227227	16	5	3	2	1	1	NA	NA	NA	unphased	0.78544061302682	0.78544061302682	1
12	9309770	9309771	17	13	3	2	1	1	NA	NA	NA	unphased	1.42950191570881	1.42950191570881	1
12	29709821	29709822	53	22	2.16	2	2	0.08	1	1	0.92	unphased	0.721262835249042	0.721262835249042	1
12	40153729	40153730	3	10	2.16	2	2	0.08	1	1	0.92	unphased	1.89142351900973	1.75131807315715	1.08
12	43822240	43822241	48	8	2.16	2	2	0.08	1	1	0.92	unphased	0.351264367816092	0.351264367816092	1
12	49724002	49724003	105	33	2.16	2	2	0.08	1	1	0.92	unphased	0.587986006996502	0.587986006996502	1
12	56119958	56119959	39	24	2.16	2	2	0.08	1	1	0.92	unphased	0.936704980842912	0.936704980842912	1
12	58000740	58000741	95	73	2.16	2	2	0.08	1	1	0.92	unphased	1.06842911877395	1.06842911877395	1
12	58135885	58135886	26	19	2.16	2	2	0.08	1	1	0.92	unphased	1.03818135376756	1.03818135376756	1
12	72666956	72666957	17	6	2.16	2	2	0.08	1	1	0.92	unphased	0.64143928035982	0.64143928035982	1
12	81472034	81472035	5	6	2.16	2	2	0.08	1	1	0.92	unphased	1.34119122257053	1.34119122257053	1
12	95907480	95907481	91	27	2.16	2	2	0.08	1	1	0.92	unphased	0.562618351841029	0.562618351841029	1
12	96386511	96386512	68	43	2.16	2	2	0.08	1	1	0.92	unphased	0.952527700113907	0.952527700113907	1
12	121877659	121877660	13	12	2.16	2	2	0.08	1	1	0.92	unphased	1.18024827586207	1.18024827586207	1
12	129566491	129566492	31	5	2.16	2	2	0.08	1	1	0.92	unphased	0.341507024265645	0.341507024265645	1
12	129822209	129822210	141	36	2.16	2	2	0.08	1	1	0.92	unphased	0.50010520163647	0.50010520163647	1
13	49030451	49030452	9	17	1	1	0	1	NA	NA	NA	unphased	0.849248452696729	0.849248452696729	1
13	61083926	61083927	12	38	1	1	0	1	NA	NA	NA	unphased	0.987126436781609	0.987126436781609	1
13	96513121	96513122	6	4	2	2	0	1	NA	NA	NA	unphased	0.919540229885058	0.919540229885058	1
13	102375116	102375117	9	7	2	2	0	1	NA	NA	NA	unphased	1.00574712643678	1.00574712643678	1
13	103703675	103703676	5	42	2	2	0	1	NA	NA	NA	unphased	2.0542920029347	1.02714600146735	2
14	20612463	20612464	27	16	2	1	1	1	NA	NA	NA	unphased	0.855386260358193	0.855386260358193	1
14	25042979	25042980	38	23	2	1	1	1	NA	NA	NA	unphased	0.866779724891652	0.866779724891652	1
14	47120762	47120763	26	21	2	1	1	1	NA	NA	NA	unphased	1.02714600146735	1.02714600146735	1
14	60213060	60213061	17	11	2	1	1	1	NA	NA	NA	unphased	0.90311986863711	0.90311986863711	1
14	60213189	60213190	15	12	2	1	1	1	NA	NA	NA	unphased	1.02171136653895	1.02171136653895	1
14	63416963	63416964	26	12	2	1	1	1	NA	NA	NA	unphased	0.725952813067151	0.725952813067151	1
14	68292249	68292250	27	19	2	1	1	1	NA	NA	NA	unphased	0.949525237381309	0.949525237381309	1
14	73659571	73659572	34	18	2	1	1	1	NA	NA	NA	unphased	0.795755968169761	0.795755968169761	1
14	89087224	89087225	12	9	2	1	1	1	NA	NA	NA	unphased	0.985221674876847	0.985221674876847	1
14	94752582	94752583	22	12	2	1	1	1	NA	NA	NA	unphased	0.811359026369168	0.811359026369168	1
14	95030165	95030166	29	9	2	1	1	1	NA	NA	NA	unphased	0.544464609800363	0.544464609800363	1
14	103574848	103574849	68	44	2	1	1	1	NA	NA	NA	unphased	0.90311986863711	0.90311986863711	1
14	105406087	105406088	232	21	2	1	1	1	NA	NA	NA	unphased	0.190813684067057	0.190813684067057	1
14	105410246	105410247	156	7	2	1	1	1	NA	NA	NA	unphased	0.0987236443128129	0.0987236443128129	1
15	22709679	22709680	148	34	NA	NA	NA	NA	NA	NA	NA	unphased	NA	NA	1
15	30024885	30024886	10	39	2	2	0	1	NA	NA	NA	unphased	1.82969739619986	0.91484869809993	2
15	41145766	41145767	11	10	2	2	0	1	NA	NA	NA	unphased	1.09469074986316	1.09469074986316	1
15	43769870	43769871	29	28	2	2	0	1	NA	NA	NA	unphased	1.12925993143779	1.12925993143779	1
15	74704327	74704328	45	10	4	2	2	1	NA	NA	NA	unphased	0.781609195402299	0.781609195402299	1
15	75656913	75656914	15	13	4	2	2	1	NA	NA	NA	unphased	1.99589490968801	0.997947454844007	2
15	76205550	76205551	41	15	4	2	2	1	NA	NA	NA	unphased	1.15147783251232	1.15147783251232	1
15	79606171	79606172	76	27	4	2	2	1	NA	NA	NA	unphased	1.12688316036157	1.12688316036157	1
15	86198830	86198831	61	6	4	2	2	1	NA	NA	NA	unphased	0.384971693257849	0.384971693257849	1
15	101872089	101872090	21	6	4	2	2	1	NA	NA	NA	unphased	0.955300127713921	0.955300127713921	1
16	19867932	19867933	13	5	3	2	1	1	NA	NA	NA	unphased	0.916347381864623	0.916347381864623	1
16	20565106	20565107	55	25	3	2	1	1	NA	NA	NA	unphased	1.0308908045977	1.0308908045977	1
16	30735281	30735282	45	16	3	2	1	1	NA	NA	NA	unphased	0.865272281891841	0.865272281891841	1
16	30990989	30990990	15	8	3	2	1	1	NA	NA	NA	unphased	1.14742628685657	1.14742628685657	1
16	31382732	31382733	27	5	3	2	1	1	NA	NA	NA	unphased	0.515445402298851	0.515445402298851	1
16	48594833	48594834	51	79	3	2	1	1	NA	NA	NA	unphased	2.00468611847922	1.00234305923961	2
16	67293563	67293564	29	9	3	2	1	1	NA	NA	NA	unphased	0.781306715063521	0.781306715063521	1
16	67709915	67709916	19	7	3	2	1	1	NA	NA	NA	unphased	0.88815207780725	0.88815207780725	1
16	75678326	75678327	24	5	4	2	2	1	NA	NA	NA	unphased	0.741181133571146	0.741181133571146	1
16	83251006	83251007	79	15	4	2	2	1	NA	NA	NA	unphased	0.685986793837124	0.685986793837124	1
16	84256193	84256194	34	5	4	2	2	1	NA	NA	NA	unphased	0.551134689065723	0.551134689065723	1
17	4675352	4675353	28	23	2	2	0	1	NA	NA	NA	unphased	1.03673653369394	1.03673653369394	1
17	4836259	4836260	24	24	2	2	0	1	NA	NA	NA	unphased	1.14942528735632	1.14942528735632	1
17	7576852	7576853	3	36	2	2	0	1	NA	NA	NA	unphased	2.12201591511936	1.06100795755968	2
17	9674964	9674965	0	14	2	2	0	1	NA	NA	NA	unphased	2.29885057471264	1.14942528735632	2
17	33326403	33326404	31	9	4	3	1	1	NA	NA	NA	unphased	0.967241379310345	0.967241379310345	1
17	34893619	34893620	38	12	3	2	1	1	NA	NA	NA	unphased	0.791724137931034	0.791724137931034	1
17	38340577	38340578	50	25	3	2	1	1	NA	NA	NA	unphased	1.09961685823755	1.09961685823755	1
17	38573129	38573130	19	36	3	2	1	1	NA	NA	NA	unphased	2.15924764890282	1.07962382445141	2
17	40635066	40635067	31	9	3	2	1	1	NA	NA	NA	unphased	0.742241379310345	0.742241379310345	1
17	40673106	40673107	53	70	3	2	1	1	NA	NA	NA	unphased	1.87739463601533	0.938697318007663	2
17	40990189	40990190	44	17	3	2	1	1	NA	NA	NA	unphased	0.919351799510081	0.919351799510081	1
17	41108543	41108544	34	11	3	2	1	1	NA	NA	NA	unphased	0.806385696040868	0.806385696040868	1
17	46799683	46799684	44	23	3	2	1	1	NA	NA	NA	unphased	1.13244124206553	1.13244124206553	1
17	47022120	47022121	21	12	3	2	1	1	NA	NA	NA	unphased	1.19958202716823	1.19958202716823	1
17	56661931	56661932	36	18	2	1	1	1	NA	NA	NA	unphased	0.766283524904214	0.766283524904214	1
17	68171452	68171453	72	16	4	3	1	1	NA	NA	NA	unphased	0.781609195402299	0.781609195402299	1
17	68171794	68171795	67	21	4	3	1	1	NA	NA	NA	unphased	1.02586206896552	1.02586206896552	1
17	72832864	72832865	22	11	4	3	1	1	NA	NA	NA	unphased	1.43295019157088	1.43295019157088	1
17	73487780	73487781	86	19	4	3	1	1	NA	NA	NA	unphased	0.777887246852764	0.777887246852764	1
17	74712693	74712694	27	14	4	3	1	1	NA	NA	NA	unphased	1.46790019624334	1.46790019624334	1
17	79207223	79207224	32	5	4	3	1	1	NA	NA	NA	unphased	0.580925753339547	0.580925753339547	1
17	79511035	79511036	22	3	4	3	1	1	NA	NA	NA	unphased	0.515862068965517	0.515862068965517	1
17	80320049	80320050	37	85	4	3	1	1	NA	NA	NA	unphased	2.99510081025061	0.998366936750204	3
18	215488	215489	6	23	NA	NA	NA	NA	NA	NA	NA	unphased	NA	NA	1
18	2688396	2688397	26	28	3	2	1	1	NA	NA	NA	unphased	1.71051511281396	0.855257556406982	2
18	2747615	2747616	17	3	3	2	1	1	NA	NA	NA	unphased	0.494827586206897	0.494827586206897	1
18	8783966	8783967	45	66	3	2	1	1	NA	NA	NA	unphased	1.96147872009941	0.980739360049705	2
18	11864602	11864603	90	37	3	2	1	1	NA	NA	NA	unphased	0.961082450900534	0.961082450900534	1
18	40850147	40850148	21	6	3	2	1	1	NA	NA	NA	unphased	0.733077905491699	0.733077905491699	1
18	56009013	56009014	15	19	3	2	1	1	NA	NA	NA	unphased	1.84347532116295	0.921737660581474	2
18	59217222	59217223	30	11	3	2	1	1	NA	NA	NA	unphased	0.885057471264368	0.885057471264368	1
19	2422217	2422218	81	22	3	3	0	1	NA	NA	NA	unphased	0.704608860618235	0.704608860618235	1
19	9058438	9058439	24	26	2	2	0	1	NA	NA	NA	unphased	1.19540229885057	1.19540229885057	1
19	10599943	10599944	4	34	3	3	0	1	NA	NA	NA	unphased	2.95160314579552	0.983867715265175	3
19	14991870	14991871	34	75	4	4	0	1	NA	NA	NA	unphased	2.95792470737109	0.985974902457028	3
19	17017850	17017851	0	17	4	4	0	1	NA	NA	NA	unphased	4.29885057471264	1.07471264367816	4
19	45321843	45321844	3	19	2	2	0	0.1	1	1	0.9	unphased	1.98537095088819	1.80488268262563	1.1
19	46998323	46998324	29	24	1.16	3	0	0.08	0	1	0.92	unphased	0.660611581001952	0.660611581001952	1
19	48221845	48221846	0	17	1.27	4	0	0.09	1	0	0.91	unphased	1.56885057471264	1.23531541315956	1.27
19	49845758	49845759	17	39	1.27	4	0	0.09	1	0	0.91	unphased	1.09259236453202	1.09259236453202	1
19	52327626	52327627	7	36	1	2	0	0	0	1	1	unphased	1.08740978348035	1.08740978348035	1
19	53384240	53384241	42	30	1	2	0	0	0	1	1	unphased	0.541187739463602	0.541187739463602	1
19	54818728	54818729	45	22	1.16	3	0	0.08	0	1	0.92	unphased	0.479025561845943	0.479025561845943	1
19	55144595	55144596	44	35	1.16	3	0	0.08	0	1	0.92	unphased	0.646326203986614	0.646326203986614	1
19	58087181	58087182	44	76	1.16	3	0	0.08	0	1	0.92	unphased	0.923938697318008	0.923938697318008	1
19	58850391	58850392	34	36	1.16	3	0	0.08	0	1	0.92	unphased	0.750266009852217	0.750266009852217	1
2	10101463	10101464	107	39	1.2	2	1	0.1	1	0	0.9	unphased	0.400377893245158	0.400377893245158	1
2	32692708	32692709	64	16	1.2	2	1	0.1	1	0	0.9	unphased	0.299770114942529	0.299770114942529	1
2	39552893	39552894	52	13	1.2	2	1	0.1	1	0	0.9	unphased	0.299770114942529	0.299770114942529	1
2	40656872	40656873	21	8	1.2	2	1	0.1	1	0	0.9	unphased	0.413476020610384	0.413476020610384	1
2	64109730	64109731	60	27	1.2	2	1	0.1	1	0	0.9	unphased	0.465160523186682	0.465160523186682	1
2	73717647	73717648	35	31	1.2	2	1	0.1	1	0	0.9	unphased	0.70400557297109	0.70400557297109	1
2	74041053	74041054	41	15	1.2	2	1	0.1	1	0	0.9	unphased	0.401477832512315	0.401477832512315	1
2	87214040	87214041	78	37	1.2	2	1	0.1	1	0	0.9	unphased	0.48223888055972	0.48223888055972	1
2	96952117	96952118	92	34	1.2	2	1	0.1	1	0	0.9	unphased	0.404451742382777	0.404451742382777	1
2	110886761	110886762	9	9	1.2	2	1	0.1	1	0	0.9	unphased	0.749425287356322	0.749425287356322	1
2	112786238	112786239	50	22	1.2	2	1	0.1	1	0	0.9	unphased	0.457982120051086	0.457982120051086	1
2	118582247	118582248	106	36	1.2	2	1	0.1	1	0	0.9	unphased	0.379990286546867	0.379990286546867	1
2	120438415	120438416	8	8	1.2	2	1	0.1	1	0	0.9	unphased	0.749425287356322	0.749425287356322	1
2	125261957	125261958	46	17	1.2	2	1	0.1	1	0	0.9	unphased	0.404451742382777	0.404451742382777	1
2	160304824	160304825	92	29	3	2	1	1	NA	NA	NA	unphased	0.790633608815427	0.790633608815427	1
2	163200704	163200705	14	5	3	2	1	1	NA	NA	NA	unphased	0.868118572292801	0.868118572292801	1
2	166231462	166231463	24	8	3	2	1	1	NA	NA	NA	unphased	0.824712643678161	0.824712643678161	1
2	170493059	170493060	38	8	3	2	1	1	NA	NA	NA	unphased	0.573713143428286	0.573713143428286	1
2	176973688	176973689	78	37	3	2	1	1	NA	NA	NA	unphased	1.06136931534233	1.06136931534233	1
2	179236960	179236961	13	18	3	2	1	1	NA	NA	NA	unphased	1.9154616240267	0.957730812013348	2
2	179437047	179437048	32	12	3	2	1	1	NA	NA	NA	unphased	0.899686520376175	0.899686520376175	1
2	179650443	179650444	62	25	3	2	1	1	NA	NA	NA	unphased	0.947945567446162	0.947945567446162	1
2	189927940	189927941	52	19	3	2	1	1	NA	NA	NA	unphased	0.882790998866764	0.882790998866764	1
2	201501691	201501692	42	22	3	2	1	1	NA	NA	NA	unphased	1.13397988505747	1.13397988505747	1
2	203820410	203820411	22	7	3	2	1	1	NA	NA	NA	unphased	0.796274276654776	0.796274276654776	1
2	220037440	220037441	36	10	3	2	1	1	NA	NA	NA	unphased	0.717141429285357	0.717141429285357	1
2	220077985	220077986	42	15	3	2	1	1	NA	NA	NA	unphased	0.868118572292801	0.868118572292801	1
2	220161199	220161200	49	21	3	2	1	1	NA	NA	NA	unphased	0.989655172413793	0.989655172413793	1
2	233899523	233899524	19	6	3	2	1	1	NA	NA	NA	unphased	0.791724137931034	0.791724137931034	1
2	238289579	238289580	19	6	3	2	1	1	NA	NA	NA	unphased	0.791724137931034	0.791724137931034	1
2	241631489	241631490	10	4	3	2	1	1	NA	NA	NA	unphased	0.942528735632184	0.942528735632184	1
20	1161743	1161744	17	9	3	2	1	1	NA	NA	NA	unphased	1.14190981432361	1.14190981432361	1
20	2779184	2779185	23	12	3	2	1	1	NA	NA	NA	unphased	1.13103448275862	1.13103448275862	1
20	8713942	8713943	44	30	3	2	1	1	NA	NA	NA	unphased	1.33737185461323	0.668685927306617	2
20	20079441	20079442	25	16	3	2	1	1	NA	NA	NA	unphased	1.28735632183908	1.28735632183908	1
20	34285672	34285673	40	11	3	2	1	1	NA	NA	NA	unphased	0.711516790624296	0.711516790624296	1
20	35177600	35177601	43	19	3	2	1	1	NA	NA	NA	unphased	1.01093807934742	1.01093807934742	1
20	37657129	37657130	51	22	3	2	1	1	NA	NA	NA	unphased	0.99417414580381	0.99417414580381	1
20	39802789	39802790	31	41	3	2	1	1	NA	NA	NA	unphased	1.87851213282248	0.939256066411239	2
20	56185335	56185336	89	121	3	2	1	1	NA	NA	NA	unphased	1.9007662835249	0.950383141762452	2
20	57415526	57415527	44	15	3	2	1	1	NA	NA	NA	unphased	0.838690824079486	0.838690824079486	1
21	39795352	39795353	19	9	2	2	0	1	NA	NA	NA	unphased	0.738916256157636	0.738916256157636	1
21	41551008	41551009	5	36	2	2	0	1	NA	NA	NA	unphased	2.01850294365013	1.00925147182506	2
21	42609439	42609440	2	19	2	2	0	1	NA	NA	NA	unphased	2.07991242474001	1.03995621237001	2
21	45846608	45846609	29	4	2	2	0	1	NA	NA	NA	unphased	0.278648554510623	0.278648554510623	1
21	47422158	47422159	7	3	2	2	0	1	NA	NA	NA	unphased	0.689655172413793	0.689655172413793	1
22	23055658	23055659	16	19	2.31	2	1	0.31	1	1	0.69	unphased	1.41623316912972	1.08109402223643	1.31
22	26830256	26830257	40	12	2.31	2	1	0.31	1	1	0.69	unphased	0.602042440318302	0.602042440318302	1
22	32487723	32487724	29	34	2.31	2	1	0.31	1	1	0.69	unphased	1.40795110381317	1.07477183497189	1.31
22	45689168	45689169	14	13	2.31	2	1	0.31	1	1	0.69	unphased	1.25611323967646	1.25611323967646	1
22	46785335	46785336	16	4	2.31	2	1	0.31	1	1	0.69	unphased	0.521770114942529	0.521770114942529	1
3	44488028	44488029	3	24	2	2	0	1	NA	NA	NA	unphased	2.04342273307791	1.02171136653895	2
3	48670976	48670977	54	26	2	2	0	1	NA	NA	NA	unphased	0.747126436781609	0.747126436781609	1
3	52430700	52430701	27	30	2	2	0	1	NA	NA	NA	unphased	1.20992135511192	1.20992135511192	1
3	52623084	52623085	42	27	2	2	0	1	NA	NA	NA	unphased	0.899550224887556	0.899550224887556	1
3	53842703	53842704	10	33	2	2	0	1	NA	NA	NA	unphased	1.76423416198877	0.882117080994387	2
3	57657984	57657985	10	14	2	2	0	1	NA	NA	NA	unphased	1.34099616858238	1.34099616858238	1
3	100557065	100557066	1	10	1	1	0	1	NA	NA	NA	unphased	1.18077324973877	1.18077324973877	1
3	122288790	122288791	85	37	3	3	0	1	NA	NA	NA	unphased	1.00047107593744	1.00047107593744	1
3	122437428	122437429	53	75	3	3	0	1	NA	NA	NA	unphased	1.93292025862069	0.966460129310345	2
3	139086993	139086994	37	19	3	3	0	1	NA	NA	NA	unphased	1.11925287356322	1.11925287356322	1
3	140251225	140251226	7	65	3	3	0	1	NA	NA	NA	unphased	2.97812899106003	0.992709663686675	3
3	148789183	148789184	27	16	3	3	0	1	NA	NA	NA	unphased	1.22747928361401	1.22747928361401	1
3	179399767	179399768	57	65	3	3	0	1	NA	NA	NA	unphased	1.7575843225928	0.878792161296401	2
3	195800872	195800873	28	47	4	4	0	1	NA	NA	NA	unphased	2.69394636015326	0.897982120051086	3
4	36115802	36115803	42	41	2	2	0	1	NA	NA	NA	unphased	1.13557678991829	1.13557678991829	1
4	42145669	42145670	18	16	2	2	0	1	NA	NA	NA	unphased	1.08181203515889	1.08181203515889	1
4	46930487	46930488	26	15	2	2	0	1	NA	NA	NA	unphased	0.841042893187553	0.841042893187553	1
4	70513400	70513401	5	6	2	2	0	1	NA	NA	NA	unphased	1.25391849529781	1.25391849529781	1
4	74321006	74321007	27	12	2	2	0	1	NA	NA	NA	unphased	0.707338638373121	0.707338638373121	1
4	89363428	89363429	9	11	2	2	0	1	NA	NA	NA	unphased	1.26436781609195	1.26436781609195	1
4	122079901	122079902	9	22	2	2	0	1	NA	NA	NA	unphased	1.63144234334446	0.815721171672228	2
4	187118687	187118688	22	12	2	2	0	1	NA	NA	NA	unphased	0.811359026369168	0.811359026369168	1
4	187539651	187539652	67	39	2	2	0	1	NA	NA	NA	unphased	0.845803513337671	0.845803513337671	1
5	1221345	1221346	33	8	2.22	2	2	0.11	1	1	0.89	unphased	0.491483038968321	0.491483038968321	1
5	3599449	3599450	20	19	2.22	2	2	0.11	1	1	0.89	unphased	1.22713233127026	1.22713233127026	1
5	7707870	7707871	85	23	2.22	2	2	0.11	1	1	0.89	unphased	0.536421881651767	0.536421881651767	1
5	7869227	7869228	37	29	2.22	2	2	0.11	1	1	0.89	unphased	1.10676767676768	1.10676767676768	1
5	13862705	13862706	58	9	2.22	2	2	0.11	1	1	0.89	unphased	0.338353062274833	0.338353062274833	1
5	21752267	21752268	44	37	2.32	2	2	0.16	1	1	0.84	unphased	1.19626507733787	1.19626507733787	1
5	23521147	23521148	38	21	2.32	2	2	0.16	1	1	0.84	unphased	0.932133255406195	0.932133255406195	1
5	33624401	33624402	58	16	2.32	2	2	0.16	1	1	0.84	unphased	0.566237962100031	0.566237962100031	1
5	60062458	60062459	2	50	2	2	0	1	NA	NA	NA	unphased	2.210433244916	1.105216622458	2
5	66461702	66461703	20	13	2	2	0	1	NA	NA	NA	unphased	0.905607802159526	0.905607802159526	1
5	76640753	76640754	26	23	2	2	0	1	NA	NA	NA	unphased	1.0790523105794	1.0790523105794	1
5	121487974	121487975	47	21	3	3	0	1	NA	NA	NA	unphased	1.01876267748479	1.01876267748479	1
5	137906808	137906809	27	15	3	3	0	1	NA	NA	NA	unphased	1.17816091954023	1.17816091954023	1
5	139494222	139494223	15	4	3	3	0	1	NA	NA	NA	unphased	0.694494857834241	0.694494857834241	1
5	140242780	140242781	18	11	3	3	0	1	NA	NA	NA	unphased	1.25128814902893	1.25128814902893	1
5	140476620	140476621	50	15	3	3	0	1	NA	NA	NA	unphased	0.761273209549072	0.761273209549072	1
5	148207576	148207577	50	20	3	3	0	1	NA	NA	NA	unphased	0.942528735632184	0.942528735632184	1
5	149676855	149676856	38	66	3	3	0	1	NA	NA	NA	unphased	2.09350132625995	1.04675066312997	2
5	158621749	158621750	123	47	3	3	0	1	NA	NA	NA	unphased	0.912035158891143	0.912035158891143	1
5	171488196	171488197	64	46	2	2	0	1	NA	NA	NA	unphased	0.961337513061651	0.961337513061651	1
5	174869481	174869482	11	71	2	2	0	1	NA	NA	NA	unphased	1.99046818054387	0.995234090271937	2
6	1611182	1611183	30	53	4.34	4	1	0.78	1	1	0.22	unphased	2.96215759590084	1.06552431507225	2.78
6	7373570	7373571	30	8	4.34	4	1	0.78	1	1	0.22	unphased	0.976600120992136	0.976600120992136	1
6	13802566	13802567	91	22	4.34	4	1	0.78	1	1	0.22	unphased	0.903139049944054	0.903139049944054	1
6	24847797	24847798	11	3	4.34	4	1	0.78	1	1	0.22	unphased	0.994039408866995	0.994039408866995	1
6	28543270	28543271	55	12	4.34	4	1	0.78	1	1	0.22	unphased	0.830838908903757	0.830838908903757	1
6	28963922	28963923	64	12	4.34	4	1	0.78	1	1	0.22	unphased	0.732450090744102	0.732450090744102	1
6	30459172	30459173	78	15	4.34	4	1	0.78	1	1	0.22	unphased	0.748201705598813	0.748201705598813	1
6	36976740	36976741	69	15	4.34	4	1	0.78	1	1	0.22	unphased	0.828366174055829	0.828366174055829	1
6	42603238	42603239	65	12	2.1	2	1	0.1	1	1	0.9	unphased	0.37384684281236	0.37384684281236	1
6	42981025	42981026	97	41	2.1	2	1	0.1	1	1	0.9	unphased	0.712701982342162	0.712701982342162	1
6	51900449	51900450	93	23	2.1	2	1	0.1	1	1	0.9	unphased	0.475634165675783	0.475634165675783	1
6	53517045	53517046	69	21	2.1	2	1	0.1	1	1	0.9	unphased	0.559731800766283	0.559731800766283	1
6	75899526	75899527	59	5	2	2	0	0.15	1	1	0.85	unphased	0.179597701149425	0.179597701149425	1
6	107035606	107035607	40	49	1.24	2	1	0.12	1	0	0.88	unphased	0.847232338886737	0.847232338886737	1
6	118635212	118635213	46	23	1.24	2	1	0.12	1	0	0.88	unphased	0.512950191570881	0.512950191570881	1
6	157527588	157527589	47	19	3	2	1	1	NA	NA	NA	unphased	0.949669104841519	0.949669104841519	1
6	158357062	158357063	27	7	3	2	1	1	NA	NA	NA	unphased	0.679175118323191	0.679175118323191	1
6	159414881	159414882	18	38	3	2	1	1	NA	NA	NA	unphased	2.23850574712644	1.11925287356322	2
6	160211721	160211722	12	9	3	2	1	1	NA	NA	NA	unphased	1.41379310344828	1.41379310344828	1
6	161990420	161990421	27	16	3	2	1	1	NA	NA	NA	unphased	1.22747928361401	1.22747928361401	1
7	33380527	33380528	27	3	3	2	1	1	NA	NA	NA	unphased	0.329885057471264	0.329885057471264	1
7	33380528	33380529	27	3	3	2	1	1	NA	NA	NA	unphased	0.329885057471264	0.329885057471264	1
7	43485092	43485093	5	7	3	2	1	1	NA	NA	NA	unphased	1.92432950191571	0.962164750957854	2
7	50537775	50537776	59	33	2.38	2	2	0.19	1	1	0.81	unphased	0.960892053973013	0.960892053973013	1
7	86468589	86468590	24	7	2	2	0	1	NA	NA	NA	unphased	0.519095291064145	0.519095291064145	1
7	117431716	117431717	36	31	2	2	0	1	NA	NA	NA	unphased	1.06364728083719	1.06364728083719	1
7	121650910	121650911	3	21	2	2	0	1	NA	NA	NA	unphased	2.01149425287356	1.00574712643678	2
7	121674394	121674395	5	20	2	2	0	1	NA	NA	NA	unphased	1.83908045977012	0.919540229885058	2
7	140534645	140534646	9	41	2	2	0	1	NA	NA	NA	unphased	1.88505747126437	0.942528735632184	2
7	141450233	141450234	9	5	2	2	0	1	NA	NA	NA	unphased	0.821018062397373	0.821018062397373	1
7	142139720	142139721	8	44	2	2	0	1	NA	NA	NA	unphased	1.94518125552608	0.972590627763042	2
7	142334747	142334748	11	49	2	2	0	1	NA	NA	NA	unphased	1.87739463601533	0.938697318007663	2
7	142568304	142568305	29	20	2	2	0	1	NA	NA	NA	unphased	0.938306357025569	0.938306357025569	1
8	18725363	18725364	56	40	2	2	0	1	NA	NA	NA	unphased	0.957854406130268	0.957854406130268	1
8	38095095	38095096	8	6	1.34	2	1	0.17	1	0	0.83	unphased	0.702364532019704	0.702364532019704	1
8	42407794	42407795	63	11	2.54	2	2	0.27	1	1	0.73	unphased	0.421991301646474	1.56293074683879	0.27
8	52366224	52366225	32	15	2	2	0	1	NA	NA	NA	unphased	0.733675715333822	0.733675715333822	1
8	61741221	61741222	18	9	1.78	2	2	0.26	0	1	0.74	unphased	0.692950191570881	0.692950191570881	1
8	63936742	63936743	23	9	1.14	2	1	0.07	0	1	0.93	unphased	0.404676724137931	0.404676724137931	1
8	87755765	87755766	36	21	2.14	2	1	0.14	1	1	0.86	unphased	0.898523895946764	0.898523895946764	1
8	92364053	92364054	52	17	2.14	2	1	0.14	1	1	0.86	unphased	0.600876228552391	0.600876228552391	1
8	100523349	100523350	6	58	2	2	0	1	NA	NA	NA	unphased	2.08333333333333	1.04166666666667	2
8	103297514	103297515	25	35	3	2	1	1	NA	NA	NA	unphased	1.92432950191571	0.962164750957854	2
8	104427541	104427542	32	18	1.14	2	1	0.07	0	1	0.93	unphased	0.517986206896552	0.517986206896552	1
8	123964394	123964395	83	28	2.12	2	1	0.12	1	1	0.88	unphased	0.610160505332919	0.610160505332919	1
8	125463054	125463055	3	16	2	2	0	1	NA	NA	NA	unphased	1.93587416817907	0.967937084089534	2
8	134145776	134145777	48	16	1.14	2	1	0.07	0	1	0.93	unphased	0.359712643678161	0.359712643678161	1
8	134146938	134146939	23	42	1.14	2	1	0.07	0	1	0.93	unphased	0.929718832891247	0.929718832891247	1
8	144808518	144808519	16	3	2.34	2	2	0.17	1	1	0.83	unphased	0.416660617059891	0.416660617059891	1
8	145742507	145742508	9	9	NA	NA	NA	NA	NA	NA	NA	unphased	NA	NA	1
9	32573012	32573013	20	4	3	2	1	1	NA	NA	NA	unphased	0.549808429118774	0.549808429118774	1
9	90313661	90313662	25	16	3	2	1	1	NA	NA	NA	unphased	1.28735632183908	1.28735632183908	1
9	100364998	100364999	41	14	3	2	1	1	NA	NA	NA	unphased	0.839707419017764	0.839707419017764	1
9	115337068	115337069	98	21	4	3	1	1	NA	NA	NA	unphased	0.758620689655173	0.758620689655173	1
9	116811777	116811778	18	9	4	3	1	1	NA	NA	NA	unphased	1.43295019157088	1.43295019157088	1
9	116811800	116811801	25	8	4	3	1	1	NA	NA	NA	unphased	1.04214559386973	1.04214559386973	1
9	117808911	117808912	40	19	4	3	1	1	NA	NA	NA	unphased	1.38437560880577	1.38437560880577	1
9	133760964	133760965	21	11	2	1	1	1	NA	NA	NA	unphased	0.790229885057471	0.790229885057471	1
9	140907686	140907687	19	14	2	1	1	1	NA	NA	NA	unphased	0.975269940787182	0.975269940787182	1
X	15677137	15677138	8	7	NA	NA	NA	NA	NA	NA	NA	unphased	NA	NA	1
X	34148515	34148516	38	26	NA	NA	NA	NA	NA	NA	NA	unphased	NA	NA	1
X	34962425	34962426	47	30	NA	NA	NA	NA	NA	NA	NA	unphased	NA	NA	1
X	47102050	47102051	0	23	NA	NA	NA	NA	NA	NA	NA	unphased	NA	NA	1
X	48054488	48054489	18	12	NA	NA	NA	NA	NA	NA	NA	unphased	NA	NA	1
X	65238771	65238772	8	5	NA	NA	NA	NA	NA	NA	NA	unphased	NA	NA	1
X	67938339	67938340	9	7	NA	NA	NA	NA	NA	NA	NA	unphased	NA	NA	1
X	99551289	99551290	2	54	NA	NA	NA	NA	NA	NA	NA	unphased	NA	NA	1
X	105855369	105855370	3	27	NA	NA	NA	NA	NA	NA	NA	unphased	NA	NA	1
X	115304402	115304403	53	40	NA	NA	NA	NA	NA	NA	NA	unphased	NA	NA	1
X	151358287	151358288	28	20	NA	NA	NA	NA	NA	NA	NA	unphased	NA	NA	1
