chr	start	end	WT.count	mut.count	subclonal.CN	nMaj1	nMin1	frac1	nMaj2	nMin2	frac2	phase	mutation.copy.number	subclonal.fraction	no.chrs.bearing.mut
1	1262237	1262238	15	18	NA	NA	NA	NA	NA	NA	NA	unphased	NA	NA	1
1	84956015	84956016	41	8	2	2	0	1	NA	NA	NA	unphased	0.562983814215341	0.562983814215341	1
1	113652913	113652914	65	25	2	2	0	1	NA	NA	NA	unphased	0.957854406130268	0.957854406130268	1
1	115130446	115130447	34	7	2	2	0	1	NA	NA	NA	unphased	0.588730025231287	0.588730025231287	1
1	149784920	149784921	73	17	NA	NA	NA	NA	NA	NA	NA	unphased	NA	NA	1
1	150255910	150255911	299	45	4	4	0	1	NA	NA	NA	unphased	0.71271050521251	0.71271050521251	1
1	153947171	153947172	142	86	4	4	0	1	NA	NA	NA	unphased	2.05505142165759	1.0275257108288	2
1	155340642	155340643	81	59	4	4	0	1	NA	NA	NA	unphased	2.29605911330049	1.14802955665025	2
1	155932493	155932494	58	10	4	4	0	1	NA	NA	NA	unphased	0.801217038539554	0.801217038539554	1
1	160722008	160722009	10	34	4	4	0	1	NA	NA	NA	unphased	4.21003134796238	1.0525078369906	4
1	161953898	161953899	33	16	4	4	0	1	NA	NA	NA	unphased	1.77902885292048	0.889514426460239	2
1	196799652	196799653	36	133	4	4	0	1	NA	NA	NA	unphased	4.28769638849214	1.07192409712304	4
1	201982372	201982373	87	11	4	4	0	1	NA	NA	NA	unphased	0.611541168191415	0.611541168191415	1
1	201984449	201984450	41	8	4	4	0	1	NA	NA	NA	unphased	0.889514426460239	0.889514426460239	1
1	202910821	202910822	44	3	4	4	0	1	NA	NA	NA	unphased	0.347762289068232	0.347762289068232	1
1	210003449	210003450	54	23	4	4	0	1	NA	NA	NA	unphased	1.62740707568294	0.813703537841469	2
1	216166442	216166443	125	72	4	4	0	1	NA	NA	NA	unphased	1.99124803080693	0.995624015403466	2
1	222713605	222713606	124	21	4	4	0	1	NA	NA	NA	unphased	0.789060642092747	0.789060642092747	1
1	235972420	235972421	127	70	4	4	0	1	NA	NA	NA	unphased	1.93593558550674	0.96796779275337	2
1	247836005	247836006	58	9	NA	NA	NA	NA	NA	NA	NA	unphased	NA	NA	1
10	22022818	22022819	144	26	2.3	2	2	0.15	1	1	0.85	unphased	0.573265720081136	0.573265720081136	1
10	79567555	79567556	88	15	1.6	2	1	0.3	1	0	0.7	unphased	0.443923669233344	1.47974556411115	0.3
10	121598061	121598062	63	4	1.6	2	1	0.3	1	0	0.7	unphased	0.181986618630983	0.606622062103277	0.3
11	2181061	2181062	13	5	2.5	2	2	0.25	1	1	0.75	unphased	1.09674329501916	1.09674329501916	1
11	4870251	4870252	63	35	2.5	2	2	0.25	1	1	0.75	unphased	1.41009852216749	1.12807881773399	1.25
11	4945194	4945195	64	29	2.5	2	2	0.25	1	1	0.75	unphased	1.23118279569892	1.23118279569892	1
11	18636264	18636265	46	24	2.5	2	2	0.25	1	1	0.75	unphased	1.35369458128079	1.35369458128079	1
11	55703558	55703559	23	5	4	2	2	1	NA	NA	NA	unphased	0.972906403940887	0.972906403940887	1
11	62295181	62295182	507	79	4	2	2	1	NA	NA	NA	unphased	0.734494527480287	0.734494527480287	1
11	62298563	62298564	153	6	4	2	2	1	NA	NA	NA	unphased	0.205595315549772	0.205595315549772	1
11	62299586	62299587	306	11	4	2	2	1	NA	NA	NA	unphased	0.189056891112803	0.189056891112803	1
11	64359261	64359262	33	13	4	2	2	1	NA	NA	NA	unphased	1.53973013493253	1.53973013493253	1
11	65810614	65810615	58	12	4	2	2	1	NA	NA	NA	unphased	0.933990147783251	0.933990147783251	1
11	67020975	67020976	211	15	4	2	2	1	NA	NA	NA	unphased	0.361611229783338	0.361611229783338	1
11	67259583	67259584	77	12	4	2	2	1	NA	NA	NA	unphased	0.734598992638512	0.734598992638512	1
11	69458727	69458728	64	7	4	2	2	1	NA	NA	NA	unphased	0.537153958232152	0.537153958232152	1
11	73687937	73687938	146	39	4	2	2	1	NA	NA	NA	unphased	1.14855545200373	1.14855545200373	1
11	92714809	92714810	62	15	4	2	2	1	NA	NA	NA	unphased	1.06135244066279	1.06135244066279	1
11	94201015	94201016	73	26	4	2	2	1	NA	NA	NA	unphased	1.43086032741205	0.715430163706026	2
11	103907587	103907588	170	19	4	2	2	1	NA	NA	NA	unphased	0.547710271848203	0.547710271848203	1
11	108160383	108160384	41	20	4	2	2	1	NA	NA	NA	unphased	1.78631995477671	0.893159977388355	2
11	111933296	111933297	15	3	4	2	2	1	NA	NA	NA	unphased	0.908045977011494	0.908045977011494	1
11	112040051	112040052	90	57	4	2	2	1	NA	NA	NA	unphased	2.11259676284307	1.05629838142153	2
11	112042537	112042538	92	46	4	2	2	1	NA	NA	NA	unphased	1.81609195402299	0.908045977011494	2
11	118869193	118869194	23	8	4	2	2	1	NA	NA	NA	unphased	1.40600667408231	1.40600667408231	1
11	123909026	123909027	57	19	4	2	2	1	NA	NA	NA	unphased	1.36206896551724	1.36206896551724	1
11	131781410	131781411	101	13	4	2	2	1	NA	NA	NA	unphased	0.62129461584997	0.62129461584997	1
11	134257454	134257455	71	54	NA	NA	NA	NA	NA	NA	NA	unphased	NA	NA	1
12	5154055	5154056	153	80	4	2	2	1	NA	NA	NA	unphased	1.87065265650437	0.935326328252183	2
12	6630224	6630225	58	8	4	2	2	1	NA	NA	NA	unphased	0.660397074190178	0.660397074190178	1
12	7585099	7585100	88	13	4	2	2	1	NA	NA	NA	unphased	0.701263229771253	0.701263229771253	1
12	12630773	12630774	105	11	4	2	2	1	NA	NA	NA	unphased	0.516646848989298	0.516646848989298	1
12	21531240	21531241	89	16	1.12	2	2	0.04	0	1	0.96	unphased	0.391356321839081	0.391356321839081	1
12	40037646	40037647	48	22	1.12	2	2	0.04	0	1	0.96	unphased	0.807172413793103	0.807172413793103	1
12	49230020	49230021	241	56	2.58	2	2	0.29	1	1	0.71	unphased	0.759540229885058	0.759540229885058	1
12	54675276	54675277	93	16	2.58	2	2	0.29	1	1	0.71	unphased	0.591306548560582	0.591306548560582	1
12	54675277	54675278	94	17	2.58	2	2	0.29	1	1	0.71	unphased	0.616943150046598	0.616943150046598	1
12	54676371	54676372	78	13	2.58	2	2	0.29	1	1	0.71	unphased	0.575467980295567	0.575467980295567	1
12	56524859	56524860	99	16	2.58	2	2	0.29	1	1	0.71	unphased	0.560455772113943	0.560455772113943	1
12	56554033	56554034	59	26	2.58	2	2	0.29	1	1	0.71	unphased	1.2321784989858	1.2321784989858	1
12	73015436	73015437	63	4	4	2	2	1	NA	NA	NA	unphased	0.325270200720535	0.325270200720535	1
12	95663958	95663959	16	4	4	2	2	1	NA	NA	NA	unphased	1.08965517241379	1.08965517241379	1
12	97052109	97052110	164	24	4	2	2	1	NA	NA	NA	unphased	0.695524578136464	0.695524578136464	1
12	124337759	124337760	23	6	4	2	2	1	NA	NA	NA	unphased	1.12722948870392	1.12722948870392	1
12	132467002	132467003	60	24	4	2	2	1	NA	NA	NA	unphased	1.55665024630542	0.778325123152709	2
13	25743987	25743988	81	32	2.24	2	2	0.12	1	1	0.88	unphased	1.04446750076289	1.04446750076289	1
13	37593486	37593487	170	35	2.24	2	2	0.12	1	1	0.88	unphased	0.629705634987385	0.629705634987385	1
13	41134641	41134642	162	29	2.24	2	2	0.12	1	1	0.88	unphased	0.56	0.56	1
13	113333733	113333734	30	4	2.24	2	2	0.12	1	1	0.88	unphased	0.433914807302231	0.433914807302231	1
14	36230064	36230065	77	24	3	3	0	1	NA	NA	NA	unphased	1.05701604643223	1.05701604643223	1
14	45513845	45513846	29	4	2	2	0	1	NA	NA	NA	unphased	0.417972831765935	0.417972831765935	1
14	53417187	53417188	158	9	2	2	0	1	NA	NA	NA	unphased	0.185835226099525	0.185835226099525	1
14	57082663	57082664	105	6	2	2	0	1	NA	NA	NA	unphased	0.186393289841566	0.186393289841566	1
14	64453289	64453290	82	19	2	2	0	1	NA	NA	NA	unphased	0.648685558210994	0.648685558210994	1
14	88946207	88946208	25	36	2	2	0	1	NA	NA	NA	unphased	2.03504804974562	1.01752402487281	2
15	40920320	40920321	130	32	4	2	2	1	NA	NA	NA	unphased	1.07620263942103	1.07620263942103	1
15	42092055	42092056	96	43	4	2	2	1	NA	NA	NA	unphased	1.68543785661126	0.842718928305632	2
15	74963866	74963867	149	22	4	2	2	1	NA	NA	NA	unphased	0.700947771728171	0.700947771728171	1
15	90611574	90611575	114	4	4	2	2	1	NA	NA	NA	unphased	0.18468731735827	0.18468731735827	1
15	90774351	90774352	81	16	4	2	2	1	NA	NA	NA	unphased	0.898684678279417	0.898684678279417	1
16	1756408	1756409	30	4	3	2	1	1	NA	NA	NA	unphased	0.523326572008114	0.523326572008114	1
16	9862912	9862913	95	30	3	2	1	1	NA	NA	NA	unphased	1.06758620689655	1.06758620689655	1
16	11272265	11272266	126	96	3	2	1	1	NA	NA	NA	unphased	1.92357875116496	0.961789375582479	2
16	31487466	31487467	42	41	3	2	1	1	NA	NA	NA	unphased	2.1973410884919	1.09867054424595	2
16	50827555	50827556	110	29	3	2	1	1	NA	NA	NA	unphased	0.928057553956835	0.928057553956835	1
16	55565836	55565837	65	37	3	2	1	1	NA	NA	NA	unphased	1.61359026369168	0.806795131845842	2
16	58031549	58031550	131	64	3	2	1	1	NA	NA	NA	unphased	1.45994694960212	0.729973474801061	2
16	68289204	68289205	24	15	3	2	1	1	NA	NA	NA	unphased	1.71087533156499	0.855437665782494	2
16	68867369	68867370	43	43	3	2	1	1	NA	NA	NA	unphased	2.22413793103448	1.11206896551724	2
16	69154416	69154417	45	29	3	2	1	1	NA	NA	NA	unphased	1.74324324324324	0.871621621621622	2
16	71823280	71823281	63	41	3	2	1	1	NA	NA	NA	unphased	1.75364721485411	0.876823607427056	2
17	440359	440360	17	39	NA	NA	NA	NA	NA	NA	NA	unphased	NA	NA	1
17	1538049	1538050	276	9	4	4	0	1	NA	NA	NA	unphased	0.172050816696915	0.172050816696915	1
17	6916070	6916071	37	6	4	4	0	1	NA	NA	NA	unphased	0.760224538893344	0.760224538893344	1
17	6982201	6982202	16	29	4	4	0	1	NA	NA	NA	unphased	3.51111111111111	0.877777777777778	4
17	7339730	7339731	14	101	4	4	0	1	NA	NA	NA	unphased	4.78500749625187	1.19625187406297	4
17	7577547	7577548	36	119	4	4	0	1	NA	NA	NA	unphased	4.18286985539488	1.04571746384872	4
17	9683158	9683159	33	18	5.22	5	4	0.46	1	1	0.54	unphased	2.35350912778905	0.988869381423969	2.38
17	10210369	10210370	34	7	7	4	3	1	NA	NA	NA	unphased	1.44238856181665	1.44238856181665	1
17	10216064	10216065	18	11	7	4	3	1	NA	NA	NA	unphased	3.20451843043995	1.06817281014665	3
17	10441033	10441034	404	19	3.65	4	2	0.53	1	0	0.47	unphased	0.229000570636667	0.229000570636667	1
17	15989674	15989675	80	35	3.65	4	2	0.53	1	0	0.47	unphased	1.55164917541229	1.01414978785117	1.53
17	30685641	30685642	89	87	3.65	4	2	0.53	1	0	0.47	unphased	2.52017045454545	0.996114804168164	2.53
17	39927967	39927968	65	14	2.17	2	1	0.17	1	1	0.83	unphased	0.641213443910956	0.641213443910956	1
17	41151958	41151959	98	26	2.17	2	1	0.17	1	1	0.83	unphased	0.758670745272525	0.758670745272525	1
17	56271440	56271441	38	5	2.19	2	1	0.19	1	1	0.81	unphased	0.423055332798717	0.423055332798717	1
17	61611570	61611571	94	15	2.19	2	1	0.19	1	1	0.81	unphased	0.500680164504904	0.500680164504904	1
17	65688949	65688950	142	26	2.19	2	1	0.19	1	1	0.81	unphased	0.563066502463054	0.563066502463054	1
17	72308242	72308243	30	20	2.19	2	1	0.19	1	1	0.81	unphased	1.45531034482759	1.22294986960301	1.19
17	73228030	73228031	39	17	2.19	2	1	0.19	1	1	0.81	unphased	1.10447660098522	1.10447660098522	1
17	80014535	80014536	18	18	2.3	2	1	0.3	1	1	0.7	unphased	1.87413793103448	1.44164456233422	1.3
18	21723155	21723156	65	7	2	2	0	1	NA	NA	NA	unphased	0.335249042145594	0.335249042145594	1
18	29446915	29446916	16	18	2	2	0	1	NA	NA	NA	unphased	1.82555780933063	0.912778904665315	2
18	56203790	56203791	100	14	2	2	0	1	NA	NA	NA	unphased	0.423472474289171	0.423472474289171	1
18	72223670	72223671	28	38	2	2	0	1	NA	NA	NA	unphased	1.98537095088819	0.992685475444096	2
19	8959658	8959659	15	14	2	2	0	0.25	1	1	0.75	unphased	1.66468489892985	1.33174791914388	1.25
19	11030308	11030309	65	16	2.3	3	0	0.65	1	0	0.35	unphased	0.740400170285228	0.740400170285228	1
19	11618278	11618279	75	5	2.3	3	0	0.65	1	0	0.35	unphased	0.23426724137931	0.23426724137931	1
19	14231462	14231463	36	8	2.98	3	0	0.99	0	1	0.01	unphased	0.805141065830721	0.805141065830721	1
19	14515221	14515222	222	6	2.98	3	0	0.99	0	1	0.01	unphased	0.116533575317604	0.116533575317604	1
19	15366293	15366294	105	23	2.98	3	0	0.99	0	1	0.01	unphased	0.795705818965517	0.795705818965517	1
19	17611584	17611585	53	11	1.58	2	1	0.29	1	0	0.71	unphased	0.520484913793103	0.520484913793103	1
19	18896596	18896597	67	23	1.58	2	1	0.29	1	0	0.71	unphased	0.773892720306513	0.773892720306513	1
19	18968185	18968186	67	15	1.58	2	1	0.29	1	0	0.71	unphased	0.553952901597981	0.553952901597981	1
19	19745908	19745909	42	11	1.58	2	1	0.29	1	0	0.71	unphased	0.628510084580351	0.628510084580351	1
19	30199221	30199222	162	40	1.35	5	3	0.05	0	1	0.95	unphased	0.554114032092865	0.554114032092865	1
19	35449561	35449562	39	13	3.08	3	2	0.52	1	0	0.48	unphased	1.13206896551724	1.13206896551724	1
19	35719333	35719334	131	7	3.08	3	2	0.52	1	0	0.48	unphased	0.229695152423788	0.229695152423788	1
19	36108206	36108207	93	69	3.08	3	2	0.52	1	0	0.48	unphased	1.92871008939974	0.945446122254777	2.04
19	36728008	36728009	148	20	3.08	3	2	0.52	1	0	0.48	unphased	0.539080459770115	1.03669319186561	0.52
19	37644445	37644446	252	33	3.08	3	2	0.52	1	0	0.48	unphased	0.52432667876588	1.00832053608823	0.52
19	39306185	39306186	5	17	3.76	5	2	0.46	1	0	0.54	unphased	4.02457680250784	1.0266777557418	3.92
19	39371528	39371529	61	96	3.76	5	2	0.46	1	0	0.54	unphased	3.18467823413134	0.942212495305131	3.38
19	39734689	39734690	111	110	3.76	5	2	0.46	1	0	0.54	unphased	2.59235450148229	1.05380264287898	2.46
19	39877157	39877158	73	5	3.76	5	2	0.46	1	0	0.54	unphased	0.333863837312113	0.725790950678507	0.46
19	40319218	40319219	34	13	3.76	5	2	0.46	1	0	0.54	unphased	1.44058694057227	1.44058694057227	1
19	41292807	41292808	144	15	1.85	4	2	0.17	1	0	0.83	unphased	0.311158100195185	0.311158100195185	1
19	42085900	42085901	36	4	1.85	4	2	0.17	1	0	0.83	unphased	0.329827586206897	0.329827586206897	1
19	42583505	42583506	88	9	1.85	4	2	0.17	1	0	0.83	unphased	0.306025595449698	0.306025595449698	1
19	45971748	45971749	72	87	1.85	4	2	0.17	1	0	0.83	unphased	1.80471698113208	0.831666811581602	2.17
19	46815759	46815760	67	16	1.05	2	0	0.05	0	1	0.95	unphased	0.481595346904861	0.481595346904861	1
19	50473421	50473422	24	10	1.05	2	0	0.05	0	1	0.95	unphased	0.734787018255578	0.734787018255578	1
19	50939953	50939954	97	22	1.05	2	0	0.05	0	1	0.95	unphased	0.461866125760649	0.461866125760649	1
19	54310881	54310882	64	5	1.05	2	0	0.05	0	1	0.95	unphased	0.181034482758621	0.181034482758621	1
19	56422074	56422075	124	7	1.05	2	0	0.05	0	1	0.95	unphased	0.133495656751777	0.133495656751777	1
2	20511336	20511337	45	33	1.36	3	2	0.09	0	1	0.91	unphased	1.18811671087533	1.18811671087533	1
2	25965935	25965936	193	24	1.36	3	2	0.09	0	1	0.91	unphased	0.310592722072144	0.310592722072144	1
2	37494626	37494627	119	66	1.36	3	2	0.09	0	1	0.91	unphased	1.00187138863001	1.00187138863001	1
2	54041742	54041743	72	8	1.36	3	2	0.09	0	1	0.91	unphased	0.280827586206897	0.280827586206897	1
2	65298848	65298849	46	12	1.36	3	2	0.09	0	1	0.91	unphased	0.5810225921522	0.5810225921522	1
2	74684827	74684828	34	6	4	2	2	1	NA	NA	NA	unphased	0.817241379310345	0.817241379310345	1
2	79313631	79313632	109	54	4	2	2	1	NA	NA	NA	unphased	1.8049502855934	0.9024751427967	2
2	109086316	109086317	92	16	3	2	1	1	NA	NA	NA	unphased	0.659003831417625	0.659003831417625	1
2	130899767	130899768	31	17	3	2	1	1	NA	NA	NA	unphased	1.57543103448276	0.787715517241379	2
2	136630266	136630267	87	11	3	2	1	1	NA	NA	NA	unphased	0.499296270232231	0.499296270232231	1
2	141143460	141143461	47	8	3	2	1	1	NA	NA	NA	unphased	0.647021943573668	0.647021943573668	1
2	141777536	141777537	59	43	2.2	2	1	0.2	1	1	0.8	unphased	1.53799864773496	1.28166553977913	1.2
2	166912952	166912953	122	73	3	2	1	1	NA	NA	NA	unphased	1.66525198938992	0.83262599469496	2
2	172017040	172017041	5	6	3	2	1	1	NA	NA	NA	unphased	2.42633228840125	1.21316614420063	2
2	178098944	178098945	14	12	3	2	1	1	NA	NA	NA	unphased	2.05305039787798	1.02652519893899	2
2	178402971	178402972	15	8	3	2	1	1	NA	NA	NA	unphased	1.5472263868066	1.5472263868066	1
2	191874729	191874730	38	12	3	2	1	1	NA	NA	NA	unphased	1.06758620689655	1.06758620689655	1
2	203421082	203421083	56	55	3	2	1	1	NA	NA	NA	unphased	2.20410065237651	1.10205032618826	2
2	209045987	209045988	97	5	3	2	1	1	NA	NA	NA	unphased	0.218052738336714	0.218052738336714	1
2	239038779	239038780	36	7	3	2	1	1	NA	NA	NA	unphased	0.724137931034483	0.724137931034483	1
20	2582784	2582785	64	31	1.08	2	1	0.04	0	1	0.96	unphased	0.825016333938294	0.825016333938294	1
20	3651737	3651738	5	5	1.08	2	1	0.04	0	1	0.96	unphased	1.26413793103448	1.26413793103448	1
20	4705431	4705432	55	4	1.08	2	1	0.04	0	1	0.96	unphased	0.171408533021625	0.171408533021625	1
20	23065559	23065560	87	7	1.08	2	1	0.04	0	1	0.96	unphased	0.188275862068966	0.188275862068966	1
20	33762532	33762533	195	39	1.08	2	1	0.04	0	1	0.96	unphased	0.421379310344828	0.421379310344828	1
20	42602030	42602031	46	28	1.08	2	1	0.04	0	1	0.96	unphased	0.956644920782852	0.956644920782852	1
20	47850205	47850206	159	7	1.08	2	1	0.04	0	1	0.96	unphased	0.106614042376402	0.106614042376402	1
20	49354448	49354449	94	5	4	2	2	1	NA	NA	NA	unphased	0.275165447579241	0.275165447579241	1
20	53205110	53205111	155	56	4	2	2	1	NA	NA	NA	unphased	1.44598790652067	0.722993953260337	2
20	54972770	54972771	128	13	4	2	2	1	NA	NA	NA	unphased	0.50232330643189	0.50232330643189	1
20	62229132	62229133	114	6	NA	NA	NA	NA	NA	NA	NA	unphased	NA	NA	1
21	32410665	32410666	100	51	2	1	1	1	NA	NA	NA	unphased	1.1646494633478	1.1646494633478	1
21	40823898	40823899	36	7	2	1	1	1	NA	NA	NA	unphased	0.561347233360064	0.561347233360064	1
3	42739148	42739149	32	8	2	2	0	1	NA	NA	NA	unphased	0.689655172413793	0.689655172413793	1
3	43389685	43389686	3	8	2	2	0	1	NA	NA	NA	unphased	2.50783699059561	1.25391849529781	2
3	97806764	97806765	57	7	6	4	2	1	NA	NA	NA	unphased	0.814655172413793	0.814655172413793	1
3	97806765	97806766	57	8	6	4	2	1	NA	NA	NA	unphased	0.916710875331565	0.916710875331565	1
3	98073225	98073226	133	21	6	4	2	1	NA	NA	NA	unphased	1.01567398119122	1.01567398119122	1
3	100604380	100604381	13	2	6	4	2	1	NA	NA	NA	unphased	0.993103448275862	0.993103448275862	1
3	107096885	107096886	120	10	4.65	4	2	0.73	1	0	0.27	unphased	0.469098143236074	0.6426001962138	0.73
3	109052819	109052820	53	10	4.65	4	2	0.73	1	0	0.27	unphased	0.967980295566503	0.967980295566503	1
3	113442282	113442283	115	21	4.65	4	2	0.73	1	0	0.27	unphased	0.941645537525355	0.941645537525355	1
3	121195550	121195551	78	9	4.35	4	2	0.67	1	0	0.33	unphased	0.599821640903686	0.599821640903686	1
3	122578958	122578959	138	10	4.35	4	2	0.67	1	0	0.33	unphased	0.391775396085741	0.584739397142897	0.67
3	124117673	124117674	88	22	4.35	4	2	0.67	1	0	0.33	unphased	1.15965517241379	1.15965517241379	1
3	126270877	126270878	125	13	4.35	4	2	0.67	1	0	0.33	unphased	0.546214392803598	0.81524536239343	0.67
3	127358322	127358323	132	18	4.35	4	2	0.67	1	0	0.33	unphased	0.695793103448276	0.695793103448276	1
3	127642209	127642210	109	8	3.9	4	2	0.58	1	0	0.42	unphased	0.365694076038904	0.630507027653282	0.58
3	136183752	136183753	64	4	6.32	4	4	0.72	1	1	0.28	unphased	0.456957403651116	0.456957403651116	1
3	137991953	137991954	274	10	7.16	4	4	0.88	0	1	0.12	unphased	0.303108305002428	0.303108305002428	1
3	146173238	146173239	50	52	7.16	4	4	0.88	0	1	0.12	unphased	4.38853279242732	1.13106515268745	3.88
3	151131029	151131030	178	44	7.16	4	4	0.88	0	1	0.12	unphased	1.70614476545511	0.969400434917676	1.76
3	167508234	167508235	113	67	7.16	4	4	0.88	0	1	0.12	unphased	3.20419157088123	0.910281696273076	3.52
3	195395453	195395454	88	12	4.8	4	2	0.76	1	0	0.24	unphased	0.749793103448276	0.749793103448276	1
4	6107650	6107651	20	20	2	2	0	1	NA	NA	NA	unphased	1.72413793103448	0.862068965517241	2
4	169433049	169433050	48	4	2	2	0	1	NA	NA	NA	unphased	0.26525198938992	0.26525198938992	1
5	21459665	21459666	108	74	3.82	3	1	0.94	0	1	0.0600000000000001	unphased	2.14204622963244	1.10414754104765	1.94
5	72168520	72168521	28	13	2	1	1	1	NA	NA	NA	unphased	1.09335576114382	1.09335576114382	1
5	126860495	126860496	196	8	2	1	1	1	NA	NA	NA	unphased	0.135226504394861	0.135226504394861	1
5	127638768	127638769	52	17	2	1	1	1	NA	NA	NA	unphased	0.849575212393803	0.849575212393803	1
5	149001295	149001296	51	16	2	1	1	1	NA	NA	NA	unphased	0.823468862583634	0.823468862583634	1
5	149576362	149576363	130	30	3	2	1	1	NA	NA	NA	unphased	0.834051724137931	0.834051724137931	1
6	12163609	12163610	94	32	1	2	1	0	0	1	1	unphased	0.621784345922277	0.621784345922277	1
6	27839849	27839850	86	10	1	2	1	0	0	1	1	unphased	0.255028735632184	0.255028735632184	1
6	31753382	31753383	17	3	1	2	1	0	0	1	1	unphased	0.367241379310345	0.367241379310345	1
6	32975298	32975299	178	41	1	2	1	0	0	1	1	unphased	0.458353015273185	0.458353015273185	1
6	51613204	51613205	124	47	4	2	2	1	NA	NA	NA	unphased	1.49747933051018	0.748739665255092	2
6	56047330	56047331	18	4	4	2	2	1	NA	NA	NA	unphased	0.990595611285267	0.990595611285267	1
6	84055910	84055911	133	50	4	2	2	1	NA	NA	NA	unphased	1.48859996231393	0.744299981156963	2
6	119611859	119611860	90	35	4	2	2	1	NA	NA	NA	unphased	1.52551724137931	0.762758620689655	2
6	152651409	152651410	35	18	4	2	2	1	NA	NA	NA	unphased	1.85035783994795	0.925178919973975	2
6	165827132	165827133	32	8	2.24	2	2	0.12	1	1	0.88	unphased	0.737655172413793	0.737655172413793	1
7	45104162	45104163	47	6	3	2	1	1	NA	NA	NA	unphased	0.503578399479506	0.503578399479506	1
7	57529434	57529435	23	17	3	2	1	1	NA	NA	NA	unphased	1.89051724137931	0.945258620689655	2
7	64168646	64168647	18	19	3	2	1	1	NA	NA	NA	unphased	2.28424976700839	1.14212488350419	2
7	89856580	89856581	97	7	3	2	1	1	NA	NA	NA	unphased	0.299403183023873	0.299403183023873	1
7	91726642	91726643	28	3	3	2	1	1	NA	NA	NA	unphased	0.430478309232481	0.430478309232481	1
7	91936883	91936884	53	11	3	2	1	1	NA	NA	NA	unphased	0.764547413793104	0.764547413793104	1
7	98608809	98608810	129	25	3	2	1	1	NA	NA	NA	unphased	0.722122704881326	0.722122704881326	1
7	98609705	98609706	48	12	3	2	1	1	NA	NA	NA	unphased	0.889655172413793	0.889655172413793	1
7	99264614	99264615	78	14	3	2	1	1	NA	NA	NA	unphased	0.676911544227886	0.676911544227886	1
7	101957823	101957824	16	14	3	2	1	1	NA	NA	NA	unphased	2.07586206896552	1.03793103448276	2
7	104783735	104783736	24	9	3	2	1	1	NA	NA	NA	unphased	1.21316614420063	1.21316614420063	1
7	124532433	124532434	50	18	3	2	1	1	NA	NA	NA	unphased	1.17748478701826	1.17748478701826	1
7	150553641	150553642	41	6	3	2	1	1	NA	NA	NA	unphased	0.567865003668379	0.567865003668379	1
7	150845980	150845981	46	43	3	2	1	1	NA	NA	NA	unphased	2.14916698953894	1.07458349476947	2
8	16921671	16921672	74	6	1.04	2	0	0.04	0	1	0.96	unphased	0.186620689655172	0.186620689655172	1
8	20068684	20068685	71	8	1.04	2	0	0.04	0	1	0.96	unphased	0.251977302487997	0.251977302487997	1
8	80942414	80942415	60	10	4	2	2	1	NA	NA	NA	unphased	0.778325123152709	0.778325123152709	1
8	81412388	81412389	18	4	4	2	2	1	NA	NA	NA	unphased	0.990595611285267	0.990595611285267	1
8	81599507	81599508	92	12	4	2	2	1	NA	NA	NA	unphased	0.628647214854111	0.628647214854111	1
8	110397764	110397765	27	17	2.38	2	2	0.19	1	1	0.81	unphased	1.4791065830721	1.24294670846395	1.19
8	113697924	113697925	100	73	2.38	2	2	0.19	1	1	0.81	unphased	1.61539964121985	1.35747869010072	1.19
8	139164699	139164700	104	42	4	2	2	1	NA	NA	NA	unphased	1.56731223429381	0.783656117146906	2
8	144798568	144798569	31	8	1.14	2	1	0.07	0	1	0.93	unphased	0.530928381962865	0.530928381962865	1
8	145640393	145640394	42	6	NA	NA	NA	NA	NA	NA	NA	unphased	NA	NA	1
9	36170587	36170588	32	62	2	2	0	1	NA	NA	NA	unphased	2.27439471753485	1.13719735876742	2
9	109691427	109691428	13	19	2	2	0	1	NA	NA	NA	unphased	2.04741379310345	1.02370689655172	2
9	116930717	116930718	38	3	2	2	0	1	NA	NA	NA	unphased	0.252312867956266	0.252312867956266	1
9	130207454	130207455	115	7	2	2	0	1	NA	NA	NA	unphased	0.197851893725269	0.197851893725269	1
9	137716582	137716583	57	19	2	2	0	1	NA	NA	NA	unphased	0.862068965517241	0.862068965517241	1
9	137777194	137777195	13	7	2	2	0	1	NA	NA	NA	unphased	1.20689655172414	1.20689655172414	1
X	89177343	89177344	109	33	NA	NA	NA	NA	NA	NA	NA	unphased	NA	NA	1
X	107979135	107979136	13	21	NA	NA	NA	NA	NA	NA	NA	unphased	NA	NA	1
X	107979322	107979323	13	37	NA	NA	NA	NA	NA	NA	NA	unphased	NA	NA	1
X	125299719	125299720	24	4	NA	NA	NA	NA	NA	NA	NA	unphased	NA	NA	1
X	129518620	129518621	26	62	NA	NA	NA	NA	NA	NA	NA	unphased	NA	NA	1
X	130219004	130219005	75	42	NA	NA	NA	NA	NA	NA	NA	unphased	NA	NA	1
