chr	start	end	WT.count	mut.count	subclonal.CN	nMaj1	nMin1	frac1	nMaj2	nMin2	frac2	phase	mutation.copy.number	subclonal.fraction	no.chrs.bearing.mut
1	935104	935105	51	6	NA	NA	NA	NA	NA	NA	NA	unphased	NA	NA	1
1	12378267	12378268	143	33	3.46	2	2	0.73	1	1	0.27	unphased	1.9041847826087	1.10068484543855	1.73
1	19499492	19499493	84	6	3.46	2	2	0.73	1	1	0.27	unphased	0.67704347826087	0.67704347826087	1
1	33402453	33402454	179	28	3.46	2	2	0.73	1	1	0.27	unphased	1.37371140516698	0.794052835356637	1.73
1	38227380	38227381	36	5	3.46	2	2	0.73	1	1	0.27	unphased	1.23849416755037	1.23849416755037	1
1	43893379	43893380	27	9	3.46	2	2	0.73	1	1	0.27	unphased	2.53891304347826	1.46757979391807	1.73
1	62175069	62175070	94	7	3.46	2	2	0.73	1	1	0.27	unphased	0.70385708136031	0.70385708136031	1
1	93722038	93722039	94	8	1	1	0	1	NA	NA	NA	unphased	0.603580562659847	0.603580562659847	1
1	97278830	97278831	101	11	1	1	0	1	NA	NA	NA	unphased	0.75582298136646	0.75582298136646	1
1	149858805	149858806	137	22	NA	NA	NA	NA	NA	NA	NA	unphased	NA	NA	1
1	149915751	149915752	141	11	3	2	1	1	NA	NA	NA	unphased	0.701659038901602	0.701659038901602	1
1	150482561	150482562	144	15	3	2	1	1	NA	NA	NA	unphased	0.914684167350287	0.914684167350287	1
1	167097144	167097145	51	4	3	2	1	1	NA	NA	NA	unphased	0.705138339920949	0.705138339920949	1
1	167944144	167944145	84	16	3	2	1	1	NA	NA	NA	unphased	1.55130434782609	0.775652173913043	2
1	169487714	169487715	72	9	3	2	1	1	NA	NA	NA	unphased	1.07729468599034	1.07729468599034	1
1	174983874	174983875	113	6	3	2	1	1	NA	NA	NA	unphased	0.488856412130069	0.488856412130069	1
1	180062920	180062921	94	16	3	2	1	1	NA	NA	NA	unphased	1.4102766798419	1.4102766798419	1
1	207222741	207222742	195	48	3	2	1	1	NA	NA	NA	unphased	1.91519055287171	0.957595276435856	2
1	214816088	214816089	55	24	3	2	1	1	NA	NA	NA	unphased	2.94551458447991	1.47275729223996	2
1	226109324	226109325	66	11	3	2	1	1	NA	NA	NA	unphased	1.38509316770186	1.38509316770186	1
1	247655098	247655099	92	21	3	2	1	1	NA	NA	NA	unphased	1.80184686417853	0.900923432089265	2
10	45956748	45956749	69	12	2	1	1	1	NA	NA	NA	unphased	1.28824476650564	1.28824476650564	1
10	103988654	103988655	125	18	2	1	1	1	NA	NA	NA	unphased	1.09455761629675	1.09455761629675	1
10	114136113	114136114	94	12	2	1	1	1	NA	NA	NA	unphased	0.984413453650533	0.984413453650533	1
10	114136114	114136115	97	12	2	1	1	1	NA	NA	NA	unphased	0.957319505384922	0.957319505384922	1
10	115609961	115609962	125	16	2	1	1	1	NA	NA	NA	unphased	0.986740672217083	0.986740672217083	1
10	134647587	134647588	132	15	2	1	1	1	NA	NA	NA	unphased	0.887311446317657	0.887311446317657	1
11	26584812	26584813	59	9	2	1	1	1	NA	NA	NA	unphased	1.15089514066496	1.15089514066496	1
11	32124823	32124824	62	10	2	1	1	1	NA	NA	NA	unphased	1.20772946859903	1.20772946859903	1
11	33374836	33374837	146	11	2	1	1	1	NA	NA	NA	unphased	0.609249515369704	0.609249515369704	1
11	74546755	74546756	140	12	2	1	1	1	NA	NA	NA	unphased	0.68649885583524	0.68649885583524	1
11	134240906	134240907	134	22	NA	NA	NA	NA	NA	NA	NA	unphased	NA	NA	1
12	247994	247995	28	4	NA	NA	NA	NA	NA	NA	NA	unphased	NA	NA	1
12	10954611	10954612	24	4	2	1	1	1	NA	NA	NA	unphased	1.24223602484472	1.24223602484472	1
12	54422531	54422532	88	15	2	1	1	1	NA	NA	NA	unphased	1.26635711270578	1.26635711270578	1
12	56826269	56826270	95	12	2	1	1	1	NA	NA	NA	unphased	0.975213327915481	0.975213327915481	1
12	88568454	88568455	119	13	2	1	1	1	NA	NA	NA	unphased	0.856389986824769	0.856389986824769	1
12	99056293	99056294	105	18	2	1	1	1	NA	NA	NA	unphased	1.27253446447508	1.27253446447508	1
12	100617684	100617685	92	7	2	1	1	1	NA	NA	NA	unphased	0.614844093104963	0.614844093104963	1
12	101761654	101761655	166	14	2	1	1	1	NA	NA	NA	unphased	0.676328502415459	0.676328502415459	1
12	123687488	123687489	127	13	2	1	1	1	NA	NA	NA	unphased	0.807453416149068	0.807453416149068	1
13	21549027	21549028	41	11	2	1	1	1	NA	NA	NA	unphased	1.83946488294314	1.83946488294314	1
13	30075295	30075296	75	13	2	1	1	1	NA	NA	NA	unphased	1.28458498023715	1.28458498023715	1
13	100153955	100153956	63	7	2	1	1	1	NA	NA	NA	unphased	0.869565217391304	0.869565217391304	1
13	101997670	101997671	140	14	2	1	1	1	NA	NA	NA	unphased	0.790513833992095	0.790513833992095	1
13	108518942	108518943	81	9	2	1	1	1	NA	NA	NA	unphased	0.869565217391304	0.869565217391304	1
14	23242847	23242848	65	7	2	1	1	1	NA	NA	NA	unphased	0.845410628019324	0.845410628019324	1
14	23868017	23868018	65	6	2	1	1	1	NA	NA	NA	unphased	0.734843845682792	0.734843845682792	1
14	24619468	24619469	37	3	2	1	1	1	NA	NA	NA	unphased	0.652173913043478	0.652173913043478	1
14	31576368	31576369	63	7	2	1	1	1	NA	NA	NA	unphased	0.869565217391304	0.869565217391304	1
14	33242895	33242896	161	24	2	1	1	1	NA	NA	NA	unphased	1.12808460634548	1.12808460634548	1
14	64630119	64630120	52	8	2	1	1	1	NA	NA	NA	unphased	1.15942028985507	1.15942028985507	1
14	69520960	69520961	36	4	2	1	1	1	NA	NA	NA	unphased	0.869565217391304	0.869565217391304	1
15	22840266	22840267	127	16	NA	NA	NA	NA	NA	NA	NA	unphased	NA	NA	1
15	64792237	64792238	42	4	2	1	1	1	NA	NA	NA	unphased	0.756143667296786	0.756143667296786	1
15	81589335	81589336	22	6	2	1	1	1	NA	NA	NA	unphased	1.86335403726708	1.86335403726708	1
15	89836070	89836071	116	10	2	1	1	1	NA	NA	NA	unphased	0.690131124913734	0.690131124913734	1
15	91310172	91310173	81	10	2	1	1	1	NA	NA	NA	unphased	0.955566172957477	0.955566172957477	1
15	102211688	102211689	104	15	NA	NA	NA	NA	NA	NA	NA	unphased	NA	NA	1
16	2296867	2296868	68	12	2	1	1	1	NA	NA	NA	unphased	1.30434782608696	1.30434782608696	1
16	2331081	2331082	55	3	2	1	1	1	NA	NA	NA	unphased	0.449775112443778	0.449775112443778	1
16	4312330	4312331	80	12	2	1	1	1	NA	NA	NA	unphased	1.13421550094518	1.13421550094518	1
16	4312569	4312570	99	11	2	1	1	1	NA	NA	NA	unphased	0.869565217391304	0.869565217391304	1
16	4715112	4715113	52	6	2	1	1	1	NA	NA	NA	unphased	0.899550224887556	0.899550224887556	1
16	5056046	5056047	42	5	2	1	1	1	NA	NA	NA	unphased	0.925069380203515	0.925069380203515	1
16	20348642	20348643	40	7	2	1	1	1	NA	NA	NA	unphased	1.29509713228492	1.29509713228492	1
16	24902235	24902236	179	26	2	1	1	1	NA	NA	NA	unphased	1.10286320254507	1.10286320254507	1
16	31374653	31374654	171	13	2	1	1	1	NA	NA	NA	unphased	0.614366729678639	0.614366729678639	1
16	67691945	67691946	60	6	2	1	1	1	NA	NA	NA	unphased	0.790513833992095	0.790513833992095	1
16	81078194	81078195	238	27	2	1	1	1	NA	NA	NA	unphased	0.88597210828548	0.88597210828548	1
17	1640964	1640965	26	4	2	1	1	1	NA	NA	NA	unphased	1.15942028985507	1.15942028985507	1
17	7942593	7942594	62	16	2	1	1	1	NA	NA	NA	unphased	1.78372352285396	1.78372352285396	1
17	27016440	27016441	76	7	2	1	1	1	NA	NA	NA	unphased	0.73336825563122	0.73336825563122	1
17	36895839	36895840	87	8	2	1	1	1	NA	NA	NA	unphased	0.732265446224256	0.732265446224256	1
17	36895845	36895846	97	7	2	1	1	1	NA	NA	NA	unphased	0.585284280936455	0.585284280936455	1
17	38953258	38953259	57	8	2	1	1	1	NA	NA	NA	unphased	1.07023411371237	1.07023411371237	1
17	39658759	39658760	109	14	2	1	1	1	NA	NA	NA	unphased	0.989749027925062	0.989749027925062	1
17	39967120	39967121	23	4	2	1	1	1	NA	NA	NA	unphased	1.28824476650564	1.28824476650564	1
17	66250611	66250612	63	10	2	1	1	1	NA	NA	NA	unphased	1.19118522930316	1.19118522930316	1
17	73089888	73089889	159	10	2	1	1	1	NA	NA	NA	unphased	0.514535631592488	0.514535631592488	1
17	73089907	73089908	148	9	2	1	1	1	NA	NA	NA	unphased	0.498476876211576	0.498476876211576	1
18	8806922	8806923	28	5	2	1	1	1	NA	NA	NA	unphased	1.31752305665349	1.31752305665349	1
18	56897690	56897691	108	11	2	1	1	1	NA	NA	NA	unphased	0.803799780781878	0.803799780781878	1
18	64172163	64172164	67	10	2	1	1	1	NA	NA	NA	unphased	1.12930547713156	1.12930547713156	1
19	5696169	5696170	104	5	2	1	1	1	NA	NA	NA	unphased	0.398883127243718	0.398883127243718	1
19	7593839	7593840	44	5	2	1	1	1	NA	NA	NA	unphased	0.887311446317657	0.887311446317657	1
19	9074891	9074892	87	9	2	1	1	1	NA	NA	NA	unphased	0.815217391304348	0.815217391304348	1
19	12911998	12911999	20	6	2	1	1	1	NA	NA	NA	unphased	2.0066889632107	2.0066889632107	1
19	14143201	14143202	111	9	2	1	1	1	NA	NA	NA	unphased	0.652173913043478	0.652173913043478	1
19	20002898	20002899	79	7	2	1	1	1	NA	NA	NA	unphased	0.70778564206269	0.70778564206269	1
19	51378046	51378047	47	14	2	1	1	1	NA	NA	NA	unphased	1.99572344975053	1.99572344975053	1
19	55889059	55889060	59	7	2	1	1	1	NA	NA	NA	unphased	0.922266139657444	0.922266139657444	1
2	15758386	15758387	256	23	2	1	1	1	NA	NA	NA	unphased	0.716845878136201	0.716845878136201	1
2	40655751	40655752	177	15	2	1	1	1	NA	NA	NA	unphased	0.679347826086957	0.679347826086957	1
2	55463885	55463886	54	5	2	1	1	1	NA	NA	NA	unphased	0.736919675755343	0.736919675755343	1
2	66795917	66795918	165	10	2	1	1	1	NA	NA	NA	unphased	0.496894409937888	0.496894409937888	1
2	88402636	88402637	66	6	2	1	1	1	NA	NA	NA	unphased	0.72463768115942	0.72463768115942	1
2	89265840	89265841	276	36	2	1	1	1	NA	NA	NA	unphased	1.00334448160535	1.00334448160535	1
2	108487523	108487524	488	49	2	1	1	1	NA	NA	NA	unphased	0.793458019593555	0.793458019593555	1
2	128409338	128409339	33	5	2	1	1	1	NA	NA	NA	unphased	1.1441647597254	1.1441647597254	1
2	202005028	202005029	56	7	2	1	1	1	NA	NA	NA	unphased	0.966183574879227	0.966183574879227	1
2	219677452	219677453	208	31	2	1	1	1	NA	NA	NA	unphased	1.12788793887575	1.12788793887575	1
20	19970782	19970783	9	4	2	1	1	1	NA	NA	NA	unphased	2.67558528428094	2.67558528428094	1
20	31609587	31609588	91	10	2	1	1	1	NA	NA	NA	unphased	0.86095566078347	0.86095566078347	1
20	33068499	33068500	117	16	2	1	1	1	NA	NA	NA	unphased	1.04609349460608	1.04609349460608	1
20	33519151	33519152	53	5	2	1	1	1	NA	NA	NA	unphased	0.749625187406297	0.749625187406297	1
20	47841719	47841720	130	18	2	1	1	1	NA	NA	NA	unphased	1.05757931844888	1.05757931844888	1
20	49510946	49510947	82	12	2	1	1	1	NA	NA	NA	unphased	1.11008325624422	1.11008325624422	1
20	62324307	62324308	146	14	NA	NA	NA	NA	NA	NA	NA	unphased	NA	NA	1
21	44445024	44445025	51	10	2	1	1	1	NA	NA	NA	unphased	1.42551674982181	1.42551674982181	1
22	17072711	17072712	87	13	NA	NA	NA	NA	NA	NA	NA	unphased	NA	NA	1
22	37966317	37966318	127	17	2	1	1	1	NA	NA	NA	unphased	1.02657004830918	1.02657004830918	1
3	38180461	38180462	47	4	2	1	1	1	NA	NA	NA	unphased	0.682011935208866	0.682011935208866	1
3	56667419	56667420	127	11	2	1	1	1	NA	NA	NA	unphased	0.693131695022054	0.693131695022054	1
3	123005608	123005609	42	6	2	1	1	1	NA	NA	NA	unphased	1.08695652173913	1.08695652173913	1
3	127339965	127339966	150	13	2	1	1	1	NA	NA	NA	unphased	0.693518271539077	0.693518271539077	1
3	178936081	178936082	82	11	2	1	1	1	NA	NA	NA	unphased	1.02851799906498	1.02851799906498	1
4	8082508	8082509	38	7	2	1	1	1	NA	NA	NA	unphased	1.35265700483092	1.35265700483092	1
4	15539653	15539654	12	3	2	1	1	1	NA	NA	NA	unphased	1.73913043478261	1.73913043478261	1
4	16019963	16019964	37	8	2	1	1	1	NA	NA	NA	unphased	1.54589371980676	1.54589371980676	1
4	27004687	27004688	62	7	2	1	1	1	NA	NA	NA	unphased	0.882167611846251	0.882167611846251	1
4	68499188	68499189	84	10	2	1	1	1	NA	NA	NA	unphased	0.925069380203515	0.925069380203515	1
4	79373457	79373458	45	9	2	1	1	1	NA	NA	NA	unphased	1.44927536231884	1.44927536231884	1
4	119631266	119631267	71	8	2	1	1	1	NA	NA	NA	unphased	0.880572372041827	0.880572372041827	1
4	155491674	155491675	91	7	2	1	1	1	NA	NA	NA	unphased	0.62111801242236	0.62111801242236	1
4	185320140	185320141	71	7	2	1	1	1	NA	NA	NA	unphased	0.780379041248606	0.780379041248606	1
5	37169147	37169148	161	22	2	2	0	1	NA	NA	NA	unphased	1.04537894986933	1.04537894986933	1
5	41019037	41019038	45	5	2	2	0	1	NA	NA	NA	unphased	0.869565217391304	0.869565217391304	1
5	54603852	54603853	81	7	2	2	0	1	NA	NA	NA	unphased	0.691699604743083	0.691699604743083	1
5	78417046	78417047	68	6	2	2	0	1	NA	NA	NA	unphased	0.705052878965923	0.705052878965923	1
5	90020704	90020705	184	17	2	2	0	1	NA	NA	NA	unphased	0.735453168937919	0.735453168937919	1
5	143853392	143853393	62	17	2	2	0	1	NA	NA	NA	unphased	1.87121629058888	0.935608145294441	2
5	147819232	147819233	106	9	2	2	0	1	NA	NA	NA	unphased	0.680529300567108	0.680529300567108	1
5	148624547	148624548	72	5	2	2	0	1	NA	NA	NA	unphased	0.564652738565782	0.564652738565782	1
5	149782840	149782841	160	14	2	2	0	1	NA	NA	NA	unphased	0.699650174912544	0.699650174912544	1
5	151183592	151183593	114	11	2	2	0	1	NA	NA	NA	unphased	0.765217391304348	0.765217391304348	1
5	159640747	159640748	126	16	2	2	0	1	NA	NA	NA	unphased	0.979791794243723	0.979791794243723	1
5	162943528	162943529	57	15	2	2	0	1	NA	NA	NA	unphased	1.81159420289855	0.905797101449275	2
6	13644814	13644815	151	15	2	1	1	1	NA	NA	NA	unphased	0.785751702462022	0.785751702462022	1
6	24134590	24134591	44	7	2	1	1	1	NA	NA	NA	unphased	1.19352088661552	1.19352088661552	1
6	27368614	27368615	107	11	2	1	1	1	NA	NA	NA	unphased	0.810611643330877	0.810611643330877	1
6	31701436	31701437	57	9	2	1	1	1	NA	NA	NA	unphased	1.18577075098814	1.18577075098814	1
6	49456171	49456172	98	5	2	1	1	1	NA	NA	NA	unphased	0.422119037568594	0.422119037568594	1
6	151670161	151670162	73	8	2	1	1	1	NA	NA	NA	unphased	0.858829844337091	0.858829844337091	1
6	152560669	152560670	66	9	2	1	1	1	NA	NA	NA	unphased	1.04347826086957	1.04347826086957	1
7	2409164	2409165	242	16	2	1	1	1	NA	NA	NA	unphased	0.539265251095382	0.539265251095382	1
7	27872595	27872596	26	4	2	1	1	1	NA	NA	NA	unphased	1.15942028985507	1.15942028985507	1
7	31683039	31683040	50	12	2	1	1	1	NA	NA	NA	unphased	1.68302945301543	1.68302945301543	1
7	50531021	50531022	47	6	2	1	1	1	NA	NA	NA	unphased	0.984413453650533	0.984413453650533	1
7	75178195	75178196	208	21	2	1	1	1	NA	NA	NA	unphased	0.797417884943991	0.797417884943991	1
7	99170992	99170993	64	9	2	1	1	1	NA	NA	NA	unphased	1.07206670637284	1.07206670637284	1
7	100420176	100420177	41	7	2	1	1	1	NA	NA	NA	unphased	1.26811594202899	1.26811594202899	1
7	108119700	108119701	126	11	2	1	1	1	NA	NA	NA	unphased	0.698191050460171	0.698191050460171	1
7	140453154	140453155	72	7	2	1	1	1	NA	NA	NA	unphased	0.770500825536599	0.770500825536599	1
7	142099524	142099525	50	6	2	1	1	1	NA	NA	NA	unphased	0.93167701863354	0.93167701863354	1
8	18662369	18662370	239	20	2	1	1	1	NA	NA	NA	unphased	0.671478932348498	0.671478932348498	1
8	93017286	93017287	88	15	2	1	1	1	NA	NA	NA	unphased	1.26635711270578	1.26635711270578	1
8	100155243	100155244	47	6	2	1	1	1	NA	NA	NA	unphased	0.984413453650533	0.984413453650533	1
8	124109654	124109655	66	8	2	1	1	1	NA	NA	NA	unphased	0.940070505287897	0.940070505287897	1
9	35847106	35847107	68	16	2	1	1	1	NA	NA	NA	unphased	1.65631469979296	1.65631469979296	1
9	88557125	88557126	91	4	2	1	1	1	NA	NA	NA	unphased	0.366132723112128	0.366132723112128	1
9	92220653	92220654	36	6	2	1	1	1	NA	NA	NA	unphased	1.24223602484472	1.24223602484472	1
9	104390584	104390585	58	5	2	1	1	1	NA	NA	NA	unphased	0.690131124913734	0.690131124913734	1
9	114090197	114090198	60	5	2	1	1	1	NA	NA	NA	unphased	0.668896321070234	0.668896321070234	1
9	131761474	131761475	61	12	2	1	1	1	NA	NA	NA	unphased	1.42942227516379	1.42942227516379	1
9	134006217	134006218	56	7	2	1	1	1	NA	NA	NA	unphased	0.966183574879227	0.966183574879227	1
X	1464319	1464320	219	15	NA	NA	NA	NA	NA	NA	NA	unphased	NA	NA	1
X	13636017	13636018	105	8	NA	NA	NA	NA	NA	NA	NA	unphased	NA	NA	1
X	64141840	64141841	60	4	NA	NA	NA	NA	NA	NA	NA	unphased	NA	NA	1
X	68749636	68749637	52	5	NA	NA	NA	NA	NA	NA	NA	unphased	NA	NA	1
X	147743946	147743947	241	35	NA	NA	NA	NA	NA	NA	NA	unphased	NA	NA	1
