chr	start	end	WT.count	mut.count	subclonal.CN	nMaj1	nMin1	frac1	nMaj2	nMin2	frac2	phase	mutation.copy.number	subclonal.fraction	no.chrs.bearing.mut
1	26360342	26360343	22	39	2	2	0	1	NA	NA	NA	unphased	2.02966432474629	1.01483216237315	2
1	36755343	36755344	47	61	2	2	0	1	NA	NA	NA	unphased	1.79306290417402	0.896531452087008	2
1	46976738	46976739	53	61	2	2	0	1	NA	NA	NA	unphased	1.69869117237538	0.849345586187691	2
1	104120395	104120396	279	35	2	2	0	1	NA	NA	NA	unphased	0.353857041755131	0.353857041755131	1
1	144892267	144892268	35	3	4	2	2	1	NA	NA	NA	unphased	0.408521303258145	0.408521303258145	1
1	147131641	147131642	51	39	4	2	2	1	NA	NA	NA	unphased	2.24232804232804	1.12116402116402	2
1	152325921	152325922	458	270	4	2	2	1	NA	NA	NA	unphased	1.91915227629513	0.959576138147567	2
1	154931904	154931905	125	19	4	2	2	1	NA	NA	NA	unphased	0.682760141093474	0.682760141093474	1
1	158590099	158590100	81	63	4	2	2	1	NA	NA	NA	unphased	2.26388888888889	1.13194444444444	2
1	158590100	158590101	79	63	4	2	2	1	NA	NA	NA	unphased	2.29577464788732	1.14788732394366	2
1	161654677	161654678	22	15	4	2	2	1	NA	NA	NA	unphased	2.0978120978121	1.04890604890605	2
1	179528817	179528818	19	5	4	2	2	1	NA	NA	NA	unphased	1.07804232804233	1.07804232804233	1
1	200017365	200017366	130	85	4	2	2	1	NA	NA	NA	unphased	2.04577334809893	1.02288667404946	2
1	204199695	204199696	12	12	4	2	2	1	NA	NA	NA	unphased	2.58730158730159	1.29365079365079	2
1	243328001	243328002	90	40	4	2	2	1	NA	NA	NA	unphased	1.59218559218559	0.796092796092796	2
1	247751961	247751962	198	90	4	2	2	1	NA	NA	NA	unphased	1.61706349206349	0.808531746031746	2
10	11504617	11504618	89	152	2	2	0	0.33	1	1	0.67	unphased	2.00223934663769	1.5054431177727	1.33
10	35929154	35929155	27	25	2	2	0	0.33	1	1	0.67	unphased	1.52625152625153	1.14755753853498	1.33
10	37508588	37508589	46	4	2	2	0	0.33	1	1	0.67	unphased	0.253968253968254	0.253968253968254	1
10	50960228	50960229	13	22	2	2	0	0.33	1	1	0.67	unphased	1.99546485260771	1.50034951323888	1.33
10	75393824	75393825	44	3	2	2	0	0.33	1	1	0.67	unphased	0.202634245187437	0.202634245187437	1
10	95372506	95372507	47	90	2	2	0	0.33	1	1	0.67	unphased	2.08550573514077	1.56804942491787	1.33
10	97919826	97919827	73	5	2	2	0	0.33	1	1	0.67	unphased	0.203500203500203	0.203500203500203	1
10	124390003	124390004	51	10	2	2	0	0.33	1	1	0.67	unphased	0.520426749934947	0.776756343186488	0.67
11	674722	674723	151	95	4	2	2	1	NA	NA	NA	unphased	1.99832236417602	0.999161182088011	2
11	1264921	1264922	212	36	4	2	2	1	NA	NA	NA	unphased	0.751152073732719	0.751152073732719	1
11	1267379	1267380	70	44	4	2	2	1	NA	NA	NA	unphased	1.99721526037315	0.998607630186577	2
11	3877611	3877612	155	6	4	2	2	1	NA	NA	NA	unphased	0.192842354333038	0.192842354333038	1
11	5275744	5275745	126	29	4	2	2	1	NA	NA	NA	unphased	0.968151561699949	0.968151561699949	1
11	6646573	6646574	40	23	4	2	2	1	NA	NA	NA	unphased	1.88914084152179	0.944570420760897	2
11	6867072	6867073	365	162	4	2	2	1	NA	NA	NA	unphased	1.59067497966929	0.795337489834643	2
11	26743386	26743387	28	12	4	2	2	1	NA	NA	NA	unphased	1.55238095238095	1.55238095238095	1
11	48510835	48510836	236	157	4	2	2	1	NA	NA	NA	unphased	2.06720788400178	1.03360394200089	2
11	68777381	68777382	55	21	4	2	2	1	NA	NA	NA	unphased	1.42982456140351	0.714912280701754	2
11	70260666	70260667	98	38	4	2	2	1	NA	NA	NA	unphased	1.44584500466853	0.722922502334267	2
11	76922972	76922973	60	3	4	2	2	1	NA	NA	NA	unphased	0.246409674981103	0.246409674981103	1
11	107299902	107299903	128	66	4	2	2	1	NA	NA	NA	unphased	1.76043200785469	0.880216003927344	2
11	120998685	120998686	110	9	4	2	2	1	NA	NA	NA	unphased	0.391356542617047	0.391356542617047	1
11	123676801	123676802	140	13	4	2	2	1	NA	NA	NA	unphased	0.439672165162361	0.439672165162361	1
12	416828	416829	110	95	NA	NA	NA	NA	NA	NA	NA	unphased	NA	NA	1
12	11082903	11082904	142	70	4	3	3	0.5	1	1	0.5	unphased	1.70859538784067	1.13906359189378	1.5
12	13526027	13526028	20	10	4	3	3	0.5	1	1	0.5	unphased	1.72486772486772	0.862433862433862	2
12	53473102	53473103	4	10	4.34	3	2	0.78	1	1	0.22	unphased	3.9390022675737	1.41690729049414	2.78
12	54912481	54912482	81	99	3.85	3	1	0.95	0	1	0.05	unphased	2.76353174603175	0.969660261765525	2.85
12	56733894	56733895	128	19	3.85	3	1	0.95	0	1	0.05	unphased	0.649438505560955	0.683619479537847	0.95
12	77220765	77220766	180	10	3.85	3	1	0.95	0	1	0.05	unphased	0.264452798663325	0.264452798663325	1
12	85257355	85257356	78	94	3.73	3	1	0.91	0	1	0.09	unphased	2.68042266519011	0.98183980409894	2.73
12	100042516	100042517	40	16	3.73	3	1	0.91	0	1	0.09	unphased	1.40131519274376	1.40131519274376	1
12	110340867	110340868	117	25	3.46	3	1	0.73	1	1	0.27	unphased	0.815951263134362	0.815951263134362	1
12	123444663	123444664	115	25	3.46	3	1	0.73	1	1	0.27	unphased	0.827607709750567	0.827607709750567	1
13	33704001	33704002	143	74	2.52	2	2	0.26	1	1	0.74	unphased	1.25991076000293	0.999929174605497	1.26
13	60566682	60566683	74	9	2.52	2	2	0.26	1	1	0.74	unphased	0.400619621342513	1.5408446974712	0.26
14	20612367	20612368	270	115	2.54	3	2	0.18	1	1	0.82	unphased	1.10955679241394	1.10955679241394	1
14	20665820	20665821	101	61	2.54	3	2	0.18	1	1	0.82	unphased	1.39870860278268	1.02846220792844	1.36
14	21360031	21360032	150	126	2.54	3	2	0.18	1	1	0.82	unphased	1.69579710144928	0.777888578646457	2.18
14	23342655	23342656	77	40	2.54	3	2	0.18	1	1	0.82	unphased	1.26994980328314	0.93378662006113	1.36
14	23442565	23442566	3	5	2.54	3	2	0.18	1	1	0.82	unphased	2.32162698412698	1.06496650648027	2.18
14	24524478	24524479	338	45	2.54	3	2	0.18	1	1	0.82	unphased	0.436441626258859	0.436441626258859	1
14	59970687	59970688	142	75	1.24	3	2	0.06	0	1	0.94	unphased	0.834540267719991	0.834540267719991	1
14	73659523	73659524	197	170	1.24	3	2	0.06	0	1	0.94	unphased	1.11848103455733	0.998643780854758	1.12
14	74874666	74874667	80	7	1.24	3	2	0.06	0	1	0.94	unphased	0.194278416347382	0.194278416347382	1
14	92922945	92922946	50	32	1.24	3	2	0.06	0	1	0.94	unphased	0.9422841656988	0.9422841656988	1
14	105406001	105406002	300	150	5	3	2	1	NA	NA	NA	unphased	2.05820105820106	1.02910052910053	2
15	25427553	25427554	197	100	4	2	2	1	NA	NA	NA	unphased	1.74229063117952	0.87114531558976	2
15	25940141	25940142	118	56	4	2	2	1	NA	NA	NA	unphased	1.66538952745849	0.832694763729246	2
15	28377917	28377918	254	8	4	2	2	1	NA	NA	NA	unphased	0.158003150369563	0.158003150369563	1
15	48058150	48058151	147	78	4	2	2	1	NA	NA	NA	unphased	1.79386243386243	0.896931216931217	2
15	48707782	48707783	77	47	4	2	2	1	NA	NA	NA	unphased	1.96134152585765	0.980670762928827	2
15	50904851	50904852	115	82	4	2	2	1	NA	NA	NA	unphased	2.15389573765208	1.07694786882604	2
15	54307272	54307273	32	22	4	2	2	1	NA	NA	NA	unphased	2.10817166372722	1.05408583186361	2
15	66793357	66793358	137	61	4	2	2	1	NA	NA	NA	unphased	1.59419592752926	0.79709796376463	2
15	74327405	74327406	23	12	4	2	2	1	NA	NA	NA	unphased	1.77414965986395	0.887074829931973	2
15	83395785	83395786	5	5	4	2	2	1	NA	NA	NA	unphased	2.58730158730159	1.29365079365079	2
15	89401083	89401084	220	8	4	2	2	1	NA	NA	NA	unphased	0.181565023670287	0.181565023670287	1
15	90347585	90347586	91	66	4	2	2	1	NA	NA	NA	unphased	2.17531088868668	1.08765544434334	2
16	1391390	1391391	82	54	2.26	2	2	0.13	1	1	0.87	unphased	1.36373949579832	1.20684911132595	1.13
16	49557636	49557637	56	9	2.26	2	2	0.13	1	1	0.87	unphased	0.47556043956044	0.47556043956044	1
16	55364219	55364220	83	61	2.26	2	2	0.13	1	1	0.87	unphased	1.4549360670194	1.28755404161009	1.13
16	88713161	88713162	95	10	2	2	0	1	NA	NA	NA	unphased	0.302343159486017	0.302343159486017	1
17	3417226	3417227	108	75	4	2	2	1	NA	NA	NA	unphased	2.12073900598491	1.06036950299245	2
17	7577119	7577120	39	23	4	2	2	1	NA	NA	NA	unphased	1.91961085509473	0.959805427547363	2
17	7578468	7578469	80	57	4	2	2	1	NA	NA	NA	unphased	2.15293708724366	1.07646854362183	2
17	9823008	9823009	150	21	4	2	2	1	NA	NA	NA	unphased	0.635477582846004	0.635477582846004	1
17	10433386	10433387	166	137	4	2	2	1	NA	NA	NA	unphased	2.33967206244434	1.16983603122217	2
17	11583140	11583141	182	8	4	2	2	1	NA	NA	NA	unphased	0.217878028404344	0.217878028404344	1
17	29556399	29556400	175	124	1.36	2	2	0.12	1	0	0.88	unphased	1.0511397780963	1.0511397780963	1
17	41113247	41113248	324	188	1.36	2	2	0.12	1	0	0.88	unphased	0.930674603174603	0.930674603174603	1
17	51901247	51901248	78	41	1.36	2	2	0.12	1	0	0.88	unphased	0.873266639989329	0.873266639989329	1
17	60642413	60642414	132	79	4	2	2	1	NA	NA	NA	unphased	1.93741066726849	0.968705333634243	2
17	61949799	61949800	146	78	4	2	2	1	NA	NA	NA	unphased	1.80187074829932	0.90093537414966	2
17	62007147	62007148	46	31	4	2	2	1	NA	NA	NA	unphased	2.08328179756751	1.04164089878376	2
17	71281749	71281750	37	12	4	2	2	1	NA	NA	NA	unphased	1.26724975704568	1.26724975704568	1
17	76989727	76989728	81	49	4	2	2	1	NA	NA	NA	unphased	1.95042735042735	0.975213675213675	2
18	28659822	28659823	232	118	2.26	2	2	0.13	1	1	0.87	unphased	1.15795192743764	1.02473621897136	1.13
18	47107934	47107935	174	107	2.26	2	2	0.13	1	1	0.87	unphased	1.30783821951082	1.15737895531931	1.13
18	50278667	50278668	119	51	2.26	2	2	0.13	1	1	0.87	unphased	1.03038095238095	1.03038095238095	1
18	61654441	61654442	242	19	2.26	2	2	0.13	1	1	0.87	unphased	0.250028583591802	0.250028583591802	1
19	10602325	10602326	31	14	2.32	2	2	0.16	1	1	0.84	unphased	1.08720987654321	1.08720987654321	1
19	14273820	14273821	49	30	2.32	2	2	0.16	1	1	0.84	unphased	1.32706449668475	1.14402111783168	1.16
19	20278149	20278150	49	18	2.32	2	2	0.16	1	1	0.84	unphased	0.938848614072495	0.938848614072495	1
19	30936607	30936608	49	17	2.32	2	2	0.16	1	1	0.84	unphased	0.90012506012506	0.90012506012506	1
19	34884948	34884949	52	9	2.32	2	2	0.16	1	1	0.84	unphased	0.51559718969555	0.51559718969555	1
19	36357068	36357069	200	84	2.32	2	2	0.16	1	1	0.84	unphased	1.03361502347418	1.03361502347418	1
19	41627405	41627406	158	74	2.32	2	2	0.16	1	1	0.84	unphased	1.11465790914067	1.11465790914067	1
19	50512641	50512642	120	68	2.32	2	2	0.16	1	1	0.84	unphased	1.26400540357987	1.0896598306723	1.16
19	53854269	53854270	178	91	2.32	2	2	0.16	1	1	0.84	unphased	1.18218917802561	1.01912860174621	1.16
19	55255405	55255406	3	14	2.32	2	2	0.16	1	1	0.84	unphased	2.87790849673203	2.48095560063106	1.16
19	55399649	55399650	45	18	2.32	2	2	0.16	1	1	0.84	unphased	0.998458049886621	0.998458049886621	1
19	57286631	57286632	85	63	2.32	2	2	0.16	1	1	0.84	unphased	1.48756756756757	1.28238583410997	1.16
19	57640571	57640572	125	85	2.32	2	2	0.16	1	1	0.84	unphased	1.41448223733938	1.21938123908567	1.16
2	1652639	1652640	19	3	2.24	2	2	0.12	1	1	0.88	unphased	0.465627705627706	0.465627705627706	1
2	15536549	15536550	37	23	2.24	2	2	0.12	1	1	0.88	unphased	1.30893121693122	1.30893121693122	1
2	70015272	70015273	82	35	2.24	2	2	0.12	1	1	0.88	unphased	1.02146248812915	1.02146248812915	1
2	73303201	73303202	332	209	2.24	2	2	0.12	1	1	0.88	unphased	1.31913505266555	1.17779915416567	1.12
2	73718018	73718019	230	116	2.24	2	2	0.12	1	1	0.88	unphased	1.14478025506927	1.02212522774042	1.12
2	90060888	90060889	71	108	2.24	2	2	0.12	1	1	0.88	unphased	2.06020750199521	1.8394709839243	1.12
2	99938550	99938551	252	100	2.24	2	2	0.12	1	1	0.88	unphased	0.97005772005772	0.97005772005772	1
2	100915387	100915388	134	47	2.24	2	2	0.12	1	1	0.88	unphased	0.886664912742261	0.886664912742261	1
2	130832978	130832979	45	48	2.14	2	1	0.14	1	1	0.86	unphased	1.71076292882744	1.50066923581355	1.14
2	155098614	155098615	57	58	2.3	2	1	0.3	1	1	0.7	unphased	1.75240855762595	1.34800658278919	1.3
2	163059393	163059394	177	44	2.3	2	1	0.3	1	1	0.7	unphased	0.691776197658551	0.691776197658551	1
2	175436643	175436644	14	24	2	2	0	1	NA	NA	NA	unphased	2.00501253132832	1.00250626566416	2
2	178098956	178098957	31	42	2	2	0	1	NA	NA	NA	unphased	1.82648401826484	0.91324200913242	2
2	179489293	179489294	46	69	2	2	0	1	NA	NA	NA	unphased	1.9047619047619	0.952380952380952	2
2	179579803	179579804	116	243	2	2	0	1	NA	NA	NA	unphased	2.14882610425786	1.07441305212893	2
2	220405115	220405116	16	32	2	2	0	1	NA	NA	NA	unphased	2.11640211640212	1.05820105820106	2
20	2638917	2638918	10	5	5	3	2	1	NA	NA	NA	unphased	2.05820105820106	2.05820105820106	1
20	6022378	6022379	263	118	5	3	2	1	NA	NA	NA	unphased	1.91234429029705	0.956172145148523	2
20	16253790	16253791	46	26	5	3	2	1	NA	NA	NA	unphased	2.22971781305115	1.11485890652557	2
20	23334881	23334882	191	19	5	3	2	1	NA	NA	NA	unphased	0.558654572940287	0.558654572940287	1
20	24523764	24523765	210	19	5	3	2	1	NA	NA	NA	unphased	0.512303320163582	0.512303320163582	1
20	25028753	25028754	47	25	5	3	2	1	NA	NA	NA	unphased	2.1439594356261	1.07197971781305	2
20	48523096	48523097	52	30	4	2	2	1	NA	NA	NA	unphased	1.8931475029036	0.9465737514518	2
20	57769015	57769016	85	65	4	2	2	1	NA	NA	NA	unphased	2.24232804232804	1.12116402116402	2
20	62065209	62065210	97	63	4	2	2	1	NA	NA	NA	unphased	2.0375	1.01875	2
22	18065399	18065400	27	6	4.32	5	1	0.58	1	1	0.42	unphased	0.999018759018759	0.999018759018759	1
22	18389607	18389608	85	107	4.32	5	1	0.58	1	1	0.42	unphased	3.06209656084656	0.969017899002076	3.16
22	21193020	21193021	175	24	4.32	5	1	0.58	1	1	0.42	unphased	0.66266570949988	1.14252708534462	0.58
22	21989176	21989177	263	48	4.32	5	1	0.58	1	1	0.42	unphased	0.848041647527178	0.848041647527178	1
22	23114942	23114943	26	44	4.32	5	1	0.58	1	1	0.42	unphased	3.45375056689342	0.964734795221627	3.58
22	32108240	32108241	109	185	4.32	5	1	0.58	1	1	0.42	unphased	3.45748839218227	0.965778880497841	3.58
22	42018067	42018068	74	31	2.4	2	1	0.4	1	1	0.6	unphased	1.05535903250189	1.05535903250189	1
3	39176661	39176662	31	61	2	2	0	1	NA	NA	NA	unphased	2.10489993098689	1.05244996549344	2
3	39176662	39176663	31	59	2	2	0	1	NA	NA	NA	unphased	2.08112874779541	1.04056437389771	2
3	39229488	39229489	201	18	2	2	0	1	NA	NA	NA	unphased	0.260926288323549	0.260926288323549	1
3	44438257	44438258	113	8	2	2	0	1	NA	NA	NA	unphased	0.209891118982028	0.209891118982028	1
3	48607724	48607725	43	68	2	2	0	1	NA	NA	NA	unphased	1.94480194480194	0.972400972400972	2
3	62357314	62357315	36	55	2	2	0	1	NA	NA	NA	unphased	1.91871620443049	0.959358102215245	2
3	113379184	113379185	200	67	3.92	4	2	0.48	1	1	0.52	unphased	1.27842102134237	0.863797987393493	1.48
3	115342471	115342472	83	20	3.92	4	2	0.48	1	1	0.52	unphased	0.989243334874403	0.989243334874403	1
3	120469461	120469462	151	220	3.92	4	2	0.48	1	1	0.52	unphased	3.0210584862876	1.02062786698905	2.96
3	125271292	125271293	195	69	3.92	4	2	0.48	1	1	0.52	unphased	1.33154401154401	0.8996918996919	1.48
3	127379840	127379841	241	16	3.92	4	2	0.48	1	1	0.52	unphased	0.317173738496696	0.660778621868116	0.48
3	130685989	130685990	514	195	3.92	4	2	0.48	1	1	0.52	unphased	1.40119551346632	0.946753725315079	1.48
3	134873093	134873094	198	79	3.92	4	2	0.48	1	1	0.52	unphased	1.45297346856914	0.981738830114281	1.48
3	155571666	155571667	164	22	3.92	4	2	0.48	1	1	0.52	unphased	0.602587472264892	1.25539056721852	0.48
3	155654154	155654155	238	92	3.92	4	2	0.48	1	1	0.52	unphased	1.42031361231361	0.95967135967136	1.48
3	158317958	158317959	70	93	3.92	4	2	0.48	1	1	0.52	unphased	2.90673678060181	0.982005669122234	2.96
3	172227049	172227050	258	15	3.92	4	2	0.48	1	1	0.52	unphased	0.279923251351823	0.279923251351823	1
3	183585723	183585724	259	99	3.92	4	2	0.48	1	1	0.52	unphased	1.4088427773344	0.951920795496215	1.48
3	193023380	193023381	165	229	3.92	4	2	0.48	1	1	0.52	unphased	2.96107646442672	1.00036367041443	2.96
4	25665868	25665869	177	20	2.84	3	0	0.92	0	1	0.08	unphased	0.407573926355652	0.407573926355652	1
4	26483564	26483565	130	11	2.84	3	0	0.92	0	1	0.08	unphased	0.313195992344929	0.313195992344929	1
4	44450421	44450422	10	15	2.84	3	0	0.92	0	1	0.08	unphased	2.40876190476191	0.872739820565908	2.76
4	52942955	52942956	74	18	3.66	3	1	0.83	1	1	0.17	unphased	0.945900621118012	0.945900621118012	1
4	56890685	56890686	391	84	3.66	3	1	0.83	1	1	0.17	unphased	0.854961403508772	0.854961403508772	1
4	109663570	109663571	65	47	2	1	1	0.53	1	1	0.47	unphased	1.33219954648526	1.33219954648526	1
4	113524782	113524783	81	52	2	1	1	0.53	1	1	0.47	unphased	1.24119823367944	1.24119823367944	1
4	113524785	113524786	82	51	2	1	1	0.53	1	1	0.47	unphased	1.21732903687791	1.21732903687791	1
4	134071538	134071539	93	31	2	1	1	0.53	1	1	0.47	unphased	0.793650793650794	0.793650793650794	1
4	139966420	139966421	82	39	2	1	1	0.53	1	1	0.47	unphased	1.02321920503739	1.02321920503739	1
4	153247366	153247367	59	34	2	1	1	0.53	1	1	0.47	unphased	1.16060761222052	1.16060761222052	1
4	164272518	164272519	108	49	2	1	1	0.53	1	1	0.47	unphased	0.990799716914367	0.990799716914367	1
4	177032750	177032751	72	38	2	1	1	0.53	1	1	0.47	unphased	1.0966810966811	1.0966810966811	1
4	177098632	177098633	149	29	2	1	1	0.53	1	1	0.47	unphased	0.51721062957018	1.10044814802166	0.47
4	177100778	177100779	44	21	2	1	1	0.53	1	1	0.47	unphased	1.02564102564103	1.02564102564103	1
4	177113788	177113789	57	30	2	1	1	0.53	1	1	0.47	unphased	1.09469074986316	1.09469074986316	1
5	840565	840566	115	8	NA	NA	NA	NA	NA	NA	NA	unphased	NA	NA	1
5	1038075	1038076	25	13	5.35	4	2	0.87	1	0	0.13	unphased	2.23210108604845	0.814635432864399	2.74
5	3601129	3601130	121	45	5.35	4	2	0.87	1	0	0.13	unphased	1.76871772805508	0.945838357248704	1.87
5	7706903	7706904	317	87	5.35	4	2	0.87	1	0	0.13	unphased	1.40505068363979	0.751364001946413	1.87
5	22142461	22142462	8	11	2.96	4	2	0.24	1	1	0.76	unphased	2.39371762740184	0.965208720726548	2.48
5	36105235	36105236	370	115	2.96	4	2	0.24	1	1	0.76	unphased	0.980369824905907	0.980369824905907	1
5	41181645	41181646	112	35	2.96	4	2	0.24	1	1	0.76	unphased	0.98442932728647	0.98442932728647	1
5	42719277	42719278	44	61	2.96	4	2	0.24	1	1	0.76	unphased	2.40200755857899	0.968551434910882	2.48
5	45262555	45262556	43	41	2.96	4	2	0.24	1	1	0.76	unphased	2.01808012093726	0.900928625418421	2.24
5	61690316	61690317	36	67	2	2	0	1	NA	NA	NA	unphased	2.0650331329943	1.03251656649715	2
5	140475947	140475948	44	87	2	2	0	1	NA	NA	NA	unphased	2.10832424572883	1.05416212286441	2
5	140594267	140594268	38	48	2	2	0	1	NA	NA	NA	unphased	1.7718715393134	0.8859357696567	2
5	140755619	140755620	24	30	2	2	0	1	NA	NA	NA	unphased	1.7636684303351	0.881834215167549	2
5	169502993	169502994	74	150	2	2	0	1	NA	NA	NA	unphased	2.12585034013605	1.06292517006803	2
6	51524723	51524724	29	38	2	2	0	0.28	1	1	0.72	unphased	1.80052120350628	1.40665719023928	1.28
6	51524724	51524725	29	38	2	2	0	0.28	1	1	0.72	unphased	1.80052120350628	1.40665719023928	1.28
6	76580383	76580384	33	29	2.27	2	1	0.27	1	1	0.73	unphased	1.61118535586277	1.26864988650612	1.27
6	96651564	96651565	37	41	2.27	2	1	0.27	1	1	0.73	unphased	1.81062474562475	1.42568877608248	1.27
6	112537598	112537599	85	57	2.27	2	1	0.27	1	1	0.73	unphased	1.38269282360832	1.0887345067782	1.27
6	121481232	121481233	152	39	2.27	2	1	0.27	1	1	0.73	unphased	0.70334829219646	0.70334829219646	1
6	150239491	150239492	74	25	2.27	2	1	0.27	1	1	0.73	unphased	0.869849286515953	0.869849286515953	1
6	151281445	151281446	57	12	2.27	2	1	0.27	1	1	0.73	unphased	0.599061421670117	0.599061421670117	1
6	151281446	151281447	58	12	2.27	2	1	0.27	1	1	0.73	unphased	0.590503401360544	0.590503401360544	1
6	151331064	151331065	118	8	2.27	2	1	0.27	1	1	0.73	unphased	0.218704963466868	0.810018383210623	0.27
6	152163790	152163791	42	39	2.27	2	1	0.27	1	1	0.73	unphased	1.65851263962375	1.30591546427067	1.27
6	152163791	152163792	41	38	2.27	2	1	0.27	1	1	0.73	unphased	1.65689772955596	1.30464388154012	1.27
6	152674503	152674504	184	50	2.27	2	1	0.27	1	1	0.73	unphased	0.736026319359653	0.736026319359653	1
6	155153568	155153569	248	170	1.2	2	1	0.1	1	0	0.9	unphased	0.965747702589808	0.965747702589808	1
6	170058389	170058390	11	2	1.2	2	1	0.1	1	0	0.9	unphased	0.365323565323565	0.365323565323565	1
7	796504	796505	119	70	2.4	2	2	0.2	1	1	0.8	unphased	1.32392710170488	1.10327258475407	1.2
7	4277337	4277338	135	68	2.4	2	2	0.2	1	1	0.8	unphased	1.1974040190789	0.997836682565746	1.2
7	4947204	4947205	104	45	2.4	2	2	0.2	1	1	0.8	unphased	1.07957813998082	1.07957813998082	1
7	70597839	70597840	34	30	2.4	2	2	0.2	1	1	0.8	unphased	1.67559523809524	1.39632936507937	1.2
7	70885947	70885948	293	129	2.4	2	2	0.2	1	1	0.8	unphased	1.09271044910855	1.09271044910855	1
7	87005146	87005147	181	8	2.4	2	2	0.2	1	1	0.8	unphased	0.151305954480558	0.756529772402788	0.2
7	89937161	89937162	30	12	2.4	2	2	0.2	1	1	0.8	unphased	1.02131519274376	1.02131519274376	1
7	96650140	96650141	83	43	2.4	2	2	0.2	1	1	0.8	unphased	1.2199042579995	1.2199042579995	1
7	99695278	99695279	452	288	2.4	2	2	0.2	1	1	0.8	unphased	1.39119691119691	1.15933075933076	1.2
7	100403229	100403230	283	10	2.4	2	2	0.2	1	1	0.8	unphased	0.122000108348231	0.610000541741156	0.2
7	100607831	100607832	161	7	2.4	2	2	0.2	1	1	0.8	unphased	0.148941798941799	0.744708994708995	0.2
7	112579793	112579794	14	7	2.4	2	2	0.2	1	1	0.8	unphased	1.19153439153439	1.19153439153439	1
7	134253072	134253073	264	8	2.4	2	2	0.2	1	1	0.8	unphased	0.105135387488329	0.525676937441643	0.2
7	135309981	135309982	283	10	2.4	2	2	0.2	1	1	0.8	unphased	0.122000108348231	0.610000541741156	0.2
7	143141035	143141036	225	113	2.4	2	2	0.2	1	1	0.8	unphased	1.19505964121349	0.995883034344573	1.2
7	144062297	144062298	49	20	2.4	2	2	0.2	1	1	0.8	unphased	1.03611686220382	1.03611686220382	1
7	155090171	155090172	8	8	4	2	2	1	NA	NA	NA	unphased	2.58730158730159	1.29365079365079	2
8	1808300	1808301	95	32	3	2	1	1	NA	NA	NA	unphased	1.05186851643545	1.05186851643545	1
8	22861980	22861981	95	29	3	2	1	1	NA	NA	NA	unphased	0.976318484383	0.976318484383	1
8	53074074	53074075	140	64	2.66	2	2	0.33	1	1	0.67	unphased	1.20301276065982	1.20301276065982	1
8	55537320	55537321	170	9	2.66	2	2	0.33	1	1	0.67	unphased	0.192801276935355	0.5842462937435	0.33
8	72968008	72968009	77	49	2.66	2	2	0.33	1	1	0.67	unphased	1.49123456790123	1.12122899842198	1.33
8	76463626	76463627	49	37	2.66	2	2	0.33	1	1	0.67	unphased	1.64977113325951	1.24042942350339	1.33
8	113303904	113303905	152	69	2.66	2	2	0.33	1	1	0.67	unphased	1.19722904546434	0.900172214634842	1.33
8	117671116	117671117	112	85	2.66	2	2	0.33	1	1	0.67	unphased	1.65452421239223	1.2440031672122	1.33
8	133144496	133144497	83	39	2.66	2	2	0.33	1	1	0.67	unphased	1.22581576893052	1.22581576893052	1
8	140744268	140744269	10	13	2.66	2	2	0.33	1	1	0.67	unphased	2.16738440303658	1.62961233311021	1.33
8	144995110	144995111	84	9	2.66	2	2	0.33	1	1	0.67	unphased	0.371090629800307	1.12451706000093	0.33
9	72046087	72046088	31	36	3.85	3	1	0.95	0	1	0.05	unphased	2.69978678038379	0.947293607152209	2.85
9	103348697	103348698	102	24	3.85	3	1	0.95	0	1	0.05	unphased	0.957067271352985	0.957067271352985	1
9	116769662	116769663	31	29	3.85	3	1	0.95	0	1	0.05	unphased	2.4285582010582	0.852125684581825	2.85
9	117139706	117139707	51	58	3.85	3	1	0.95	0	1	0.05	unphased	2.67364205621086	0.93812001972311	2.85
9	117188586	117188587	74	18	3.85	3	1	0.95	0	1	0.05	unphased	0.983074534161491	0.983074534161491	1
9	127088622	127088623	46	48	3.85	3	1	0.95	0	1	0.05	unphased	2.56575481256332	0.900264846513447	2.85
9	137774435	137774436	170	36	3.85	3	1	0.95	0	1	0.05	unphased	0.878085991678225	0.878085991678225	1
9	139909523	139909524	76	36	3.85	3	1	0.95	0	1	0.05	unphased	1.61505102040816	0.850026852846402	1.9
X	3242455	3242456	35	69	NA	NA	NA	NA	NA	NA	NA	unphased	NA	NA	1
X	31089810	31089811	28	65	NA	NA	NA	NA	NA	NA	NA	unphased	NA	NA	1
X	138680614	138680615	12	34	NA	NA	NA	NA	NA	NA	NA	unphased	NA	NA	1
X	142716935	142716936	60	207	NA	NA	NA	NA	NA	NA	NA	unphased	NA	NA	1
X	142967356	142967357	56	149	NA	NA	NA	NA	NA	NA	NA	unphased	NA	NA	1
X	142967582	142967583	16	127	NA	NA	NA	NA	NA	NA	NA	unphased	NA	NA	1
