chr	start	end	WT.count	mut.count	subclonal.CN	nMaj1	nMin1	frac1	nMaj2	nMin2	frac2	phase	mutation.copy.number	subclonal.fraction	no.chrs.bearing.mut
1	6526148	6526149	8	7	2	1	1	0.5	1	1	0.5	unphased	1.5819209039548	1.5819209039548	1
1	7527939	7527940	177	59	2	1	1	0.5	1	1	0.5	unphased	0.847457627118644	0.847457627118644	1
1	13743066	13743067	47	8	2	1	1	0.5	1	1	0.5	unphased	0.49306625577812	0.98613251155624	0.5
1	17597415	17597416	46	26	2	1	1	0.5	1	1	0.5	unphased	1.2241054613936	1.2241054613936	1
1	17597416	17597417	45	27	2	1	1	0.5	1	1	0.5	unphased	1.27118644067797	1.27118644067797	1
1	19181169	19181170	24	14	2	1	1	0.5	1	1	0.5	unphased	1.24888492417484	1.24888492417484	1
1	20811777	20811778	7	7	2	1	1	0.5	1	1	0.5	unphased	1.69491525423729	1.69491525423729	1
1	22903140	22903141	31	16	2	1	1	0.5	1	1	0.5	unphased	1.15398485394879	1.15398485394879	1
1	22974074	22974075	80	6	2	1	1	0.5	1	1	0.5	unphased	0.236499802916831	0.472999605833662	0.5
1	23405645	23405646	103	16	2	1	1	0.5	1	1	0.5	unphased	0.455775530551204	0.911551061102407	0.5
1	34666501	34666502	21	4	2	1	1	0.5	1	1	0.5	unphased	0.542372881355932	0.542372881355932	1
1	34666502	34666503	20	4	2	1	1	0.5	1	1	0.5	unphased	0.564971751412429	0.564971751412429	1
1	34666503	34666504	19	4	2	1	1	0.5	1	1	0.5	unphased	0.589535740604274	0.589535740604274	1
1	40432550	40432551	79	40	2	1	1	0.5	1	1	0.5	unphased	1.13943882637801	1.13943882637801	1
1	44441781	44441782	135	36	2	1	1	0.5	1	1	0.5	unphased	0.713648528099911	0.713648528099911	1
1	47611764	47611765	305	87	2	1	1	0.5	1	1	0.5	unphased	0.75233483223798	0.75233483223798	1
1	59248304	59248305	10	4	2	1	1	0.5	1	1	0.5	unphased	0.968523002421308	0.968523002421308	1
1	84373286	84373287	28	18	2	1	1	0.5	1	1	0.5	unphased	1.32645541635962	1.32645541635962	1
1	92442880	92442881	51	19	2	1	1	0.5	1	1	0.5	unphased	0.920096852300242	0.920096852300242	1
1	100350257	100350258	25	8	2	1	1	0.5	1	1	0.5	unphased	0.821777092963534	0.821777092963534	1
1	103388945	103388946	13	6	2	1	1	0.5	1	1	0.5	unphased	1.07047279214987	1.07047279214987	1
1	103444426	103444427	44	37	2	1	1	0.5	1	1	0.5	unphased	1.5484410964637	1.5484410964637	1
1	107867327	107867328	21	9	2	1	1	0.5	1	1	0.5	unphased	1.01694915254237	1.01694915254237	1
1	109265023	109265024	27	10	2	1	1	0.5	1	1	0.5	unphased	0.916170407695832	0.916170407695832	1
1	110086447	110086448	41	9	2	1	1	0.5	1	1	0.5	unphased	0.610169491525424	0.610169491525424	1
1	110168041	110168042	146	50	2	1	1	0.5	1	1	0.5	unphased	0.86475268073331	0.86475268073331	1
1	110734688	110734689	50	10	2	1	1	0.5	1	1	0.5	unphased	0.564971751412429	1.12994350282486	0.5
1	111061201	111061202	49	11	2	1	1	0.5	1	1	0.5	unphased	0.621468926553672	1.24293785310734	0.5
1	112524242	112524243	54	15	2	1	1	0.5	1	1	0.5	unphased	0.736919675755343	0.736919675755343	1
1	119923273	119923274	23	7	2	1	1	0.5	1	1	0.5	unphased	0.790960451977401	0.790960451977401	1
1	144598685	144598686	21	4	3.76	3	1	0.92	0	1	0.08	unphased	0.823972881355932	0.823972881355932	1
1	152187607	152187608	1047	45	3.76	3	1	0.92	0	1	0.08	unphased	0.212218290184392	0.212218290184392	1
1	152190784	152190785	191	92	3.76	3	1	0.92	0	1	0.08	unphased	1.67414984727795	0.909864047433671	1.84
1	152192920	152192921	108	6	3.76	3	1	0.92	0	1	0.08	unphased	0.271043710972346	0.271043710972346	1
1	152284537	152284538	436	98	3.76	3	1	0.92	0	1	0.08	unphased	0.945099980956009	0.945099980956009	1
1	152777856	152777857	97	20	3.76	3	1	0.92	0	1	0.08	unphased	0.880312907431552	0.880312907431552	1
1	156811929	156811930	30	32	3.76	3	1	0.92	0	1	0.08	unphased	2.65797703663204	0.963035158200014	2.76
1	156821945	156821946	42	50	3.76	3	1	0.92	0	1	0.08	unphased	2.79882092851879	1.01406555381116	2.76
1	156846277	156846278	14	16	3.76	3	1	0.92	0	1	0.08	unphased	2.74657627118644	0.995136330140015	2.76
1	160091018	160091019	262	82	3.76	3	1	0.92	0	1	0.08	unphased	1.2275758770201	1.2275758770201	1
1	160122951	160122952	67	11	3.76	3	1	0.92	0	1	0.08	unphased	0.72625814863103	0.72625814863103	1
1	175304921	175304922	53	49	3.76	3	1	0.92	0	1	0.08	unphased	2.47393818544367	0.896354415015822	2.76
1	176668240	176668241	96	20	3.76	3	1	0.92	0	1	0.08	unphased	0.887901811805962	0.887901811805962	1
1	183556104	183556105	61	70	3.76	3	1	0.92	0	1	0.08	unphased	2.75181782895588	0.99703544527387	2.76
1	190423850	190423851	44	9	3.76	3	1	0.92	0	1	0.08	unphased	0.874499520307004	0.874499520307004	1
1	196659292	196659293	62	17	3.76	3	1	0.92	0	1	0.08	unphased	1.10819137524136	1.10819137524136	1
1	196801040	196801041	99	38	3.76	3	1	0.92	0	1	0.08	unphased	1.42842014103674	0.776315294041709	1.84
1	200880739	200880740	108	139	3.76	3	1	0.92	0	1	0.08	unphased	2.89808275578124	0.99249409444563	2.92
1	200943241	200943242	19	13	3.76	3	1	0.92	0	1	0.08	unphased	2.0921186440678	1.08964512711864	1.92
1	201196063	201196064	85	33	3.76	3	1	0.92	0	1	0.08	unphased	1.44020683711577	0.782721107128137	1.84
1	207867837	207867838	196	50	3.76	3	1	0.92	0	1	0.08	unphased	1.04671351798264	1.04671351798264	1
1	228479794	228479795	105	31	3.5	3	1	0.75	1	1	0.25	unphased	1.11459371884347	1.11459371884347	1
1	235600747	235600748	34	32	3.5	3	1	0.75	1	1	0.25	unphased	2.37082691319979	0.948330765279918	2.5
1	236902628	236902629	107	76	3.5	3	1	0.75	1	1	0.25	unphased	2.03074928220802	1.16042816126173	1.75
1	237732487	237732488	38	22	3.5	3	1	0.75	1	1	0.25	unphased	1.79293785310734	1.02453591606134	1.75
1	237732488	237732489	37	21	3.5	3	1	0.75	1	1	0.25	unphased	1.77045587375804	1.01168907071888	1.75
1	238090542	238090543	47	15	3.5	3	1	0.75	1	1	0.25	unphased	1.18302351011482	1.18302351011482	1
1	242159681	242159682	28	6	3.5	3	1	0.75	1	1	0.25	unphased	0.862911266201396	0.862911266201396	1
1	247836165	247836166	21	19	NA	NA	NA	NA	NA	NA	NA	unphased	NA	NA	1
1	248814115	248814116	86	19	NA	NA	NA	NA	NA	NA	NA	unphased	NA	NA	1
1	249211544	249211545	144	9	NA	NA	NA	NA	NA	NA	NA	unphased	NA	NA	1
10	5930006	5930007	108	12	3.28	4	1	0.57	1	0	0.43	unphased	0.466983050847458	0.819268510258698	0.57
10	7708783	7708784	19	32	3.28	4	1	0.57	1	0	0.43	unphased	2.93008973080758	0.933149595798591	3.14
10	15255025	15255026	176	33	3.28	4	1	0.57	1	0	0.43	unphased	0.737341659232828	0.737341659232828	1
10	16961962	16961963	21	31	3.28	4	1	0.57	1	0	0.43	unphased	2.78393741851369	1.02728318026335	2.71
10	17891713	17891714	269	45	3.28	4	1	0.57	1	0	0.43	unphased	0.669243225736802	1.17411092234527	0.57
10	17949620	17949621	120	17	3.28	4	1	0.57	1	0	0.43	unphased	0.579468019299765	1.01661056017503	0.57
10	18289662	18289663	39	59	3.28	4	1	0.57	1	0	0.43	unphased	2.81142857142857	1.03742751713231	2.71
10	18289663	18289664	40	60	3.28	4	1	0.57	1	0	0.43	unphased	2.80189830508475	1.03391081368441	2.71
10	18789835	18789836	48	19	3.28	4	1	0.57	1	0	0.43	unphased	1.32428029344801	1.32428029344801	1
10	24885805	24885806	17	24	3.28	4	1	0.57	1	0	0.43	unphased	2.7335593220339	1.00869347676528	2.71
10	31812882	31812883	65	6	3.28	4	1	0.57	1	0	0.43	unphased	0.394633564096443	0.692339586134111	0.57
10	43279881	43279882	29	19	3.28	4	1	0.57	1	0	0.43	unphased	1.84847457627119	0.863773166481863	2.14
10	47000089	47000090	34	3	2	2	0	1	NA	NA	NA	unphased	0.274851122308749	0.274851122308749	1
10	48388930	48388931	8	2	2	2	0	1	NA	NA	NA	unphased	0.677966101694915	0.677966101694915	1
10	54527993	54527994	138	193	2	2	0	1	NA	NA	NA	unphased	1.97654769829484	0.988273849147422	2
10	54528148	54528149	48	47	2	2	0	1	NA	NA	NA	unphased	1.67707404103479	0.838537020517395	2
10	74671500	74671501	68	23	2	2	0	1	NA	NA	NA	unphased	0.856770348295772	0.856770348295772	1
10	103577824	103577825	2	7	2	2	0	1	NA	NA	NA	unphased	2.63653483992467	1.31826741996234	2
10	105218576	105218577	5	3	2.86	2	1	0.93	0	1	0.07	unphased	1.59368644067797	1.59368644067797	1
10	106960950	106960951	60	31	2.86	2	1	0.93	0	1	0.07	unphased	1.4477444589309	0.778357235984355	1.86
10	108380254	108380255	107	23	2.86	2	1	0.93	0	1	0.07	unphased	0.751893089960887	0.751893089960887	1
10	120353835	120353836	52	12	2.92	2	1	0.96	0	1	0.04	unphased	0.808093220338983	0.808093220338983	1
10	120353836	120353837	52	12	2.92	2	1	0.96	0	1	0.04	unphased	0.808093220338983	0.808093220338983	1
10	124595809	124595810	12	13	2.92	2	1	0.96	0	1	0.04	unphased	2.24111186440678	1.1434244206157	1.96
11	970254	970255	52	21	3.44	2	2	0.72	1	1	0.28	unphased	1.38940329695844	1.38940329695844	1
11	1217196	1217197	35	14	3.44	2	2	0.72	1	1	0.28	unphased	1.37995157384988	1.37995157384988	1
11	1263423	1263424	36	30	3.44	2	2	0.72	1	1	0.28	unphased	2.19537750385208	1.27638226968144	1.72
11	4843020	4843021	110	66	3.44	2	2	0.72	1	1	0.28	unphased	1.81118644067797	1.05301537248719	1.72
11	5011056	5011057	58	16	3.44	2	2	0.72	1	1	0.28	unphased	1.04428767750802	1.04428767750802	1
11	5255341	5255342	66	27	3.44	2	2	0.72	1	1	0.28	unphased	1.40220885729907	0.815237707732018	1.72
11	6191348	6191349	88	53	3.44	2	2	0.72	1	1	0.28	unphased	1.81546820531314	1.05550477053089	1.72
11	6220835	6220836	40	20	3.44	2	2	0.72	1	1	0.28	unphased	1.60994350282486	0.936013664433057	1.72
11	6292606	6292607	90	32	3.44	2	2	0.72	1	1	0.28	unphased	1.26684078910809	1.26684078910809	1
11	18436731	18436732	28	17	3.42	2	2	0.71	1	1	0.29	unphased	1.81704708097928	1.06260063215163	1.71
11	18955685	18955686	53	7	3.42	2	2	0.71	1	1	0.29	unphased	0.561146892655367	0.561146892655367	1
11	21392454	21392455	27	9	3.42	2	2	0.71	1	1	0.29	unphased	1.20245762711864	1.20245762711864	1
11	24784844	24784845	22	11	3.42	2	2	0.71	1	1	0.29	unphased	1.60327683615819	1.60327683615819	1
11	40137470	40137471	24	4	3.42	2	2	0.71	1	1	0.29	unphased	0.687118644067797	0.687118644067797	1
11	46408005	46408006	84	12	3.42	2	2	0.71	1	1	0.29	unphased	0.601228813559322	0.8468011458582	0.71
11	55579762	55579763	43	24	3.42	2	2	0.71	1	1	0.29	unphased	1.72292436124462	1.00755810599101	1.71
11	55761237	55761238	48	21	3.42	2	2	0.71	1	1	0.29	unphased	1.46386145910096	0.856059332807578	1.71
11	55761238	55761239	46	20	3.42	2	2	0.71	1	1	0.29	unphased	1.45752439650745	0.852353448249969	1.71
11	56086159	56086160	69	34	3.42	2	2	0.71	1	1	0.29	unphased	1.58771104163238	0.928485989258704	1.71
11	56127774	56127775	54	32	3.42	2	2	0.71	1	1	0.29	unphased	1.78970437524635	1.0466107457581	1.71
11	56143661	56143662	259	82	3.42	2	2	0.71	1	1	0.29	unphased	1.15661613400268	1.15661613400268	1
11	58207409	58207410	28	13	3.42	2	2	0.71	1	1	0.29	unphased	1.52506821000413	1.52506821000413	1
11	59599162	59599163	81	40	3.42	2	2	0.71	1	1	0.29	unphased	1.59002661437176	0.929840125363603	1.71
11	60182929	60182930	44	21	3.42	2	2	0.71	1	1	0.29	unphased	1.55394524119948	0.908739907134198	1.71
11	60233392	60233393	44	8	3.42	2	2	0.71	1	1	0.29	unphased	0.739973924380704	0.739973924380704	1
11	62065060	62065061	108	12	3.42	2	2	0.71	1	1	0.29	unphased	0.480983050847458	0.67744091668656	0.71
11	62678014	62678015	61	7	3.12	3	2	0.53	1	0	0.47	unphased	0.464247258225324	0.875938223066649	0.53
11	62911076	62911077	18	11	1.42	2	2	0.14	0	1	0.86	unphased	1.06579777907656	1.06579777907656	1
11	64374728	64374729	28	9	4	2	2	1	0	1	0	unphased	1.31103985341273	1.31103985341273	1
11	65721153	65721154	27	4	4	2	2	1	0	1	0	unphased	0.695462001093494	0.695462001093494	1
11	68853219	68853220	71	21	4	2	2	1	0	1	0	unphased	1.23028739867354	1.23028739867354	1
11	82625770	82625771	23	9	4	2	2	1	0	1	0	unphased	1.51588983050847	1.51588983050847	1
11	82921357	82921358	49	21	4	2	2	1	0	1	0	unphased	1.61694915254237	0.808474576271186	2
11	88323888	88323889	71	24	4	2	2	1	0	1	0	unphased	1.36164139161463	1.36164139161463	1
11	92087122	92087123	11	7	4	2	2	1	0	1	0	unphased	2.09604519774011	1.04802259887006	2
11	92715179	92715180	74	47	4	2	2	1	0	1	0	unphased	2.09357052808517	1.04678526404258	2
11	102706915	102706916	113	4	4	2	2	1	0	1	0	unphased	0.184267709691439	0.184267709691439	1
11	104034582	104034583	33	27	4	2	2	1	0	1	0	unphased	2.42542372881356	1.21271186440678	2
11	118037794	118037795	13	20	4	2	2	1	0	1	0	unphased	3.26656394453005	1.63328197226502	2
11	118399491	118399492	58	3	4	2	2	1	0	1	0	unphased	0.265073631564323	0.265073631564323	1
11	119148981	119148982	80	46	4	2	2	1	0	1	0	unphased	1.96771589991929	0.983857949959645	2
11	119243548	119243549	52	44	4	2	2	1	0	1	0	unphased	2.47033898305085	1.23516949152542	2
11	123814233	123814234	31	4	4	2	2	1	0	1	0	unphased	0.615980629539951	0.615980629539951	1
11	123900898	123900899	135	59	4	2	2	1	0	1	0	unphased	1.63917525773196	0.819587628865979	2
11	124765731	124765732	43	18	4	2	2	1	0	1	0	unphased	1.59044178938594	0.79522089469297	2
12	2602406	2602407	91	27	3	2	1	1	0	1	0	unphased	1.00445274346452	1.00445274346452	1
12	2714875	2714876	65	46	3	2	1	1	0	1	0	unphased	1.81920903954802	0.909604519774011	2
12	4461604	4461605	53	45	3	2	1	1	0	1	0	unphased	2.01573849878935	1.00786924939467	2
12	7639149	7639150	113	23	3	2	1	1	0	1	0	unphased	0.742397806580259	0.742397806580259	1
12	7867941	7867942	12	19	3	2	1	1	0	1	0	unphased	2.69054127938764	1.34527063969382	2
12	7981386	7981387	78	13	3	2	1	1	0	1	0	unphased	0.627118644067797	0.627118644067797	1
12	13715655	13715656	20	28	3	2	1	1	0	1	0	unphased	2.56073446327684	1.28036723163842	2
12	13716715	13716716	30	11	3	2	1	1	0	1	0	unphased	1.17775940471269	1.17775940471269	1
12	16753643	16753644	65	13	3	2	1	1	0	1	0	unphased	0.731638418079096	0.731638418079096	1
12	33049510	33049511	12	2	3	2	1	1	0	1	0	unphased	0.627118644067797	0.627118644067797	1
12	43846313	43846314	32	8	3	2	1	1	0	1	0	unphased	0.877966101694915	0.877966101694915	1
12	52100472	52100473	4	5	3	2	1	1	0	1	0	unphased	2.43879472693032	1.21939736346516	2
12	54963088	54963089	37	9	3	2	1	1	0	1	0	unphased	0.858879882092852	0.858879882092852	1
12	56094733	56094734	16	11	3	2	1	1	0	1	0	unphased	1.78844946641557	0.894224733207784	2
12	58006674	58006675	137	29	3	2	1	1	0	1	0	unphased	0.766898100878089	0.766898100878089	1
12	64615782	64615783	6	5	3	2	1	1	0	1	0	unphased	1.99537750385208	1.99537750385208	1
12	72017242	72017243	77	16	3	2	1	1	NA	NA	NA	unphased	0.75523965737197	0.75523965737197	1
12	81545593	81545594	14	18	3	2	1	1	NA	NA	NA	unphased	2.46927966101695	1.23463983050847	2
12	93244897	93244898	56	6	3	2	1	1	NA	NA	NA	unphased	0.424822307271733	0.424822307271733	1
12	109094944	109094945	108	39	3	2	1	1	NA	NA	NA	unphased	1.16464891041162	1.16464891041162	1
12	111760341	111760342	13	6	2	2	0	1	NA	NA	NA	unphased	1.07047279214987	1.07047279214987	1
12	113745550	113745551	34	26	2	2	0	1	NA	NA	NA	unphased	1.46892655367232	0.734463276836158	2
12	129563148	129563149	27	36	2	2	0	1	NA	NA	NA	unphased	1.93704600484262	0.968523002421308	2
13	25671621	25671622	191	21	1	2	1	0	0	1	1	unphased	0.236728493763991	0.236728493763991	1
13	25826071	25826072	68	65	1	2	1	0	0	1	1	unphased	1.1679622785778	1.1679622785778	1
13	58206760	58206761	5	10	1.08	2	1	0.04	0	1	0.96	unphased	1.64655367231638	1.5832246849196	1.04
13	75861044	75861045	38	11	1.08	2	1	0.04	0	1	0.96	unphased	0.554451746800415	0.554451746800415	1
13	88328773	88328774	26	18	1.1	2	1	0.05	0	1	0.95	unphased	1.01856702619415	1.01856702619415	1
13	95121219	95121220	108	90	1.1	2	1	0.05	0	1	0.95	unphased	1.13174114021572	1.13174114021572	1
13	111090994	111090995	36	32	1.1	2	1	0.05	0	1	0.95	unphased	1.17168494516451	1.17168494516451	1
13	113699672	113699673	7	14	1.1	2	1	0.05	0	1	0.95	unphased	1.65988700564972	1.58084476728545	1.05
13	113714935	113714936	20	17	1.1	2	1	0.05	0	1	0.95	unphased	1.1439761795694	1.1439761795694	1
13	113771856	113771857	67	38	1.1	2	1	0.05	0	1	0.95	unphased	0.901081517352704	0.901081517352704	1
14	20849832	20849833	32	12	1.47	1	1	0.47	1	0	0.53	unphased	0.779953775038521	0.779953775038521	1
14	21360129	21360130	47	31	2	1	1	0.26	1	1	0.74	unphased	1.34724033029118	1.34724033029118	1
14	21500232	21500233	47	8	2	1	1	0.26	1	1	0.74	unphased	0.49306625577812	0.666305751051514	0.74
14	22315256	22315257	97	38	2	1	1	0.26	1	1	0.74	unphased	0.954174513496547	0.954174513496547	1
14	23902897	23902898	17	19	2	1	1	0.26	1	1	0.74	unphased	1.78907721280603	1.78907721280603	1
14	24026244	24026245	80	6	2	1	1	0.26	1	1	0.74	unphased	0.236499802916831	0.236499802916831	1
14	24780784	24780785	42	12	2	1	1	0.26	1	1	0.74	unphased	0.753295668549906	0.753295668549906	1
14	60574938	60574939	54	17	1.49	1	1	0.49	1	0	0.51	unphased	0.689536882310814	0.689536882310814	1
14	64675527	64675528	85	33	3.62	3	2	0.54	1	1	0.46	unphased	1.40105429474289	0.909775516066812	1.54
14	69520830	69520831	36	7	2	1	1	0.33	1	1	0.67	unphased	0.551832873472605	0.823631154436725	0.67
14	70635015	70635016	37	19	2	1	1	0.33	1	1	0.67	unphased	1.1501210653753	1.1501210653753	1
14	76967185	76967186	5	4	2	1	1	0.27	1	1	0.73	unphased	1.50659133709981	1.50659133709981	1
14	79175972	79175973	84	26	2	1	1	0.27	1	1	0.73	unphased	0.801232665639445	0.801232665639445	1
14	81744474	81744475	39	9	2	1	1	0.27	1	1	0.73	unphased	0.635593220338983	0.635593220338983	1
14	86089744	86089745	256	67	2	1	1	0.27	1	1	0.73	unphased	0.703153696804324	0.963224242197704	0.73
14	89337908	89337909	30	6	2	1	1	0.27	1	1	0.73	unphased	0.564971751412429	0.564971751412429	1
14	94563302	94563303	22	5	2	1	1	0.27	1	1	0.73	unphased	0.627746390458255	0.627746390458255	1
14	94770881	94770882	25	15	2	1	1	0.27	1	1	0.73	unphased	1.27118644067797	1.27118644067797	1
14	101193395	101193396	22	10	2	1	1	0.27	1	1	0.73	unphased	1.05932203389831	1.05932203389831	1
14	106174412	106174413	22	5	NA	NA	NA	NA	NA	NA	NA	unphased	NA	NA	1
15	25222141	25222142	18	10	2	1	1	0.19	1	1	0.81	unphased	1.21065375302663	1.21065375302663	1
15	31357258	31357259	114	60	2	1	1	0.19	1	1	0.81	unphased	1.16890707188778	1.16890707188778	1
15	32976838	32976839	14	7	2	1	1	0.19	1	1	0.81	unphased	1.12994350282486	1.12994350282486	1
15	59172147	59172148	8	4	2	1	1	0.19	1	1	0.81	unphased	1.12994350282486	1.12994350282486	1
15	62939618	62939619	105	44	2	1	1	0.19	1	1	0.81	unphased	1.00102377431464	1.00102377431464	1
15	64027004	64027005	13	4	2	1	1	0.19	1	1	0.81	unphased	0.797607178464606	0.797607178464606	1
15	65621254	65621255	31	16	2	1	1	0.19	1	1	0.81	unphased	1.15398485394879	1.15398485394879	1
15	70980143	70980144	26	11	2	1	1	0.19	1	1	0.81	unphased	1.00778744846541	1.00778744846541	1
15	79058105	79058106	11	4	2	1	1	0.19	1	1	0.81	unphased	0.903954802259887	0.903954802259887	1
15	99511708	99511709	13	3	2	1	1	0.19	1	1	0.81	unphased	0.635593220338983	0.635593220338983	1
15	99669910	99669911	20	6	2	1	1	0.19	1	1	0.81	unphased	0.782268578878748	0.782268578878748	1
15	101114205	101114206	17	16	2	1	1	0.19	1	1	0.81	unphased	1.64355418592707	1.64355418592707	1
16	2571042	2571043	76	25	1.02	2	1	0.01	0	1	0.99	unphased	0.596492700117469	0.596492700117469	1
16	9858085	9858086	108	28	1.02	2	1	0.01	0	1	0.99	unphased	0.496141575274178	0.496141575274178	1
16	21848678	21848679	92	65	1.02	2	1	0.01	0	1	0.99	unphased	0.99770052898629	0.99770052898629	1
16	21848766	21848767	133	19	1.02	2	1	0.01	0	1	0.99	unphased	0.301228813559322	0.301228813559322	1
16	22359092	22359093	66	19	1.02	2	1	0.01	0	1	0.99	unphased	0.538667996011964	0.538667996011964	1
16	27818869	27818870	26	18	1.02	2	1	0.01	0	1	0.99	unphased	0.985839753466872	0.985839753466872	1
16	31154756	31154757	11	14	1.02	2	1	0.01	0	1	0.99	unphased	1.34950508474576	1.34950508474576	1
16	31384595	31384596	89	26	1.02	2	1	0.01	0	1	0.99	unphased	0.544831245394252	0.544831245394252	1
16	32077657	32077658	472	77	2	2	0	1	NA	NA	NA	unphased	0.475440708838875	0.475440708838875	1
16	49670253	49670254	17	25	2	2	0	1	NA	NA	NA	unphased	2.01775625504439	1.0088781275222	2
16	55725859	55725860	15	20	2	2	0	1	NA	NA	NA	unphased	1.93704600484262	0.968523002421308	2
16	56667690	56667691	68	86	2	2	0	1	NA	NA	NA	unphased	1.89302223200528	0.946511116002641	2
16	67188855	67188856	22	7	3.06	2	2	0.53	1	1	0.47	unphased	1.07409701928697	1.07409701928697	1
16	67644873	67644874	46	20	3.06	2	2	0.53	1	1	0.47	unphased	1.34843348741654	1.34843348741654	1
16	68713714	68713715	44	17	3.06	2	2	0.53	1	1	0.47	unphased	1.24011669908308	1.24011669908308	1
16	69725936	69725937	48	28	3.06	2	2	0.53	1	1	0.47	unphased	1.63941123996432	1.07151061435576	1.53
16	70513218	70513219	28	19	3.1	2	2	0.55	1	1	0.45	unphased	1.81503786512802	1.17099217105034	1.55
16	82033818	82033819	39	44	2	2	0	1	NA	NA	NA	unphased	1.7970185828058	0.8985092914029	2
16	87678145	87678146	14	14	2	2	0	1	NA	NA	NA	unphased	1.69491525423729	0.847457627118644	2
17	4074089	4074090	40	12	2	1	1	1	NA	NA	NA	unphased	0.782268578878748	0.782268578878748	1
17	6381909	6381910	18	3	2	1	1	1	NA	NA	NA	unphased	0.484261501210654	0.484261501210654	1
17	7139796	7139797	31	8	2	1	1	1	NA	NA	NA	unphased	0.695349847892221	0.695349847892221	1
17	7577546	7577547	64	17	2	1	1	1	NA	NA	NA	unphased	0.711445909186022	0.711445909186022	1
17	7646376	7646377	59	16	2	1	1	1	NA	NA	NA	unphased	0.72316384180791	0.72316384180791	1
17	7720968	7720969	38	14	2	1	1	1	NA	NA	NA	unphased	0.91264667535854	0.91264667535854	1
17	10265552	10265553	23	10	2	1	1	1	NA	NA	NA	unphased	1.02722136620442	1.02722136620442	1
17	10302879	10302880	51	17	2	1	1	1	NA	NA	NA	unphased	0.847457627118644	0.847457627118644	1
17	10351286	10351287	106	38	2	1	1	1	NA	NA	NA	unphased	0.894538606403013	0.894538606403013	1
17	10427824	10427825	79	7	2	1	1	1	NA	NA	NA	unphased	0.275916436736303	0.275916436736303	1
17	15234526	15234527	73	22	2	1	1	1	NA	NA	NA	unphased	0.785013380909902	0.785013380909902	1
17	21477511	21477512	16	9	NA	NA	NA	NA	NA	NA	NA	unphased	NA	NA	1
17	27002068	27002069	31	5	3	3	0	1	NA	NA	NA	unphased	0.60969868173258	0.60969868173258	1
17	35300442	35300443	6	13	3	3	0	1	NA	NA	NA	unphased	3.0035682426405	1.0011894142135	3
17	38487527	38487528	23	42	3	3	0	1	NA	NA	NA	unphased	2.83650586701434	0.945501955671447	3
17	39978050	39978051	68	18	2.28	2	1	0.64	1	0	0.36	unphased	0.768104059913283	0.768104059913283	1
17	41477374	41477375	40	22	2.28	2	1	0.64	1	0	0.36	unphased	1.30219792236195	1.30219792236195	1
17	56349089	56349090	15	17	1.84	2	1	0.42	1	0	0.58	unphased	1.71584745762712	1.2083432800191	1.42
17	59763347	59763348	96	23	1.84	2	1	0.42	1	0	0.58	unphased	0.624252955419456	0.624252955419456	1
17	66038393	66038394	332	76	1.84	2	1	0.42	1	0	0.58	unphased	0.601635094715853	0.601635094715853	1
17	67148533	67148534	47	4	1.84	2	1	0.42	1	0	0.58	unphased	0.253320039880359	0.603142952096093	0.42
17	72346894	72346895	64	14	1.84	2	1	0.42	1	0	0.58	unphased	0.579713168187744	1.38026944806606	0.42
17	73566088	73566089	30	31	1.84	2	1	0.42	1	0	0.58	unphased	1.64138927479856	1.15590793999898	1.42
17	74289851	74289852	51	4	1.84	2	1	0.42	1	0	0.58	unphased	0.234896764252696	0.559278010125468	0.42
17	74569352	74569353	10	17	1.84	2	1	0.42	1	0	0.58	unphased	2.03359698681733	1.43211055409671	1.42
17	74720007	74720008	45	52	1.84	2	1	0.42	1	0	0.58	unphased	1.73145553031627	1.21933488050441	1.42
17	76695000	76695001	283	48	1.84	2	1	0.42	1	0	0.58	unphased	0.468374212709304	1.11517669692691	0.42
17	78063593	78063594	56	15	1.84	2	1	0.42	1	0	0.58	unphased	0.682358558128432	0.682358558128432	1
17	78184802	78184803	42	5	1.84	2	1	0.42	1	0	0.58	unphased	0.343598990263253	0.818092833960126	0.42
18	180237	180238	16	34	NA	NA	NA	NA	NA	NA	NA	unphased	NA	NA	1
18	2890885	2890886	22	31	3.67	3	1	0.89	0	1	0.11	unphased	2.95952350495683	1.02405657610963	2.89
18	12358887	12358888	20	6	2	1	1	0.17	1	1	0.83	unphased	0.782268578878748	0.782268578878748	1
18	21113342	21113343	57	3	2.7	2	1	0.7	1	1	0.3	unphased	0.204491525423729	0.204491525423729	1
18	25543381	25543382	11	8	1	1	0	1	NA	NA	NA	unphased	1.00624442462087	1.00624442462087	1
18	25543382	25543383	10	8	1	1	0	1	NA	NA	NA	unphased	1.06214689265537	1.06214689265537	1
18	30992017	30992018	20	3	1	1	0	1	NA	NA	NA	unphased	0.31171702284451	0.31171702284451	1
18	40695452	40695453	41	25	1	1	0	1	NA	NA	NA	unphased	0.905238828967643	0.905238828967643	1
18	40695453	40695454	41	24	1	1	0	1	NA	NA	NA	unphased	0.882398956975228	0.882398956975228	1
18	42530156	42530157	20	9	1	1	0	1	NA	NA	NA	unphased	0.7416715371128	0.7416715371128	1
18	46917984	46917985	50	45	1	1	0	1	NA	NA	NA	unphased	1.13202497769848	1.13202497769848	1
18	48575057	48575058	21	7	1	1	0	1	NA	NA	NA	unphased	0.597457627118644	0.597457627118644	1
18	56205107	56205108	19	14	1	1	0	1	NA	NA	NA	unphased	1.01386748844376	1.01386748844376	1
18	74091787	74091788	12	5	2	2	0	1	NA	NA	NA	unphased	0.997008973080758	0.997008973080758	1
19	1362246	1362247	12	6	2	2	0	1	NA	NA	NA	unphased	1.12994350282486	1.12994350282486	1
19	2733239	2733240	7	4	2	2	0	1	NA	NA	NA	unphased	1.2326656394453	1.2326656394453	1
19	3917770	3917771	27	12	2	2	0	1	NA	NA	NA	unphased	1.04302477183833	1.04302477183833	1
19	7743421	7743422	36	12	2	2	0	1	NA	NA	NA	unphased	0.847457627118644	0.847457627118644	1
19	9006390	9006391	105	12	2.77	2	1	0.77	1	1	0.23	unphased	0.426649282920469	0.426649282920469	1
19	9017344	9017345	124	51	2.77	2	1	0.77	1	1	0.23	unphased	1.21229346246973	1.21229346246973	1
19	15082611	15082612	62	28	2.77	2	1	0.77	1	1	0.23	unphased	1.29416949152542	1.29416949152542	1
19	15166239	15166240	57	25	2.77	2	1	0.77	1	1	0.23	unphased	1.26824100868127	1.26824100868127	1
19	15281309	15281310	33	3	2.77	2	1	0.77	1	1	0.23	unphased	0.346652542372881	0.450198106977768	0.77
19	17514601	17514602	35	24	2.77	2	1	0.77	1	1	0.23	unphased	1.69213444412525	0.956008160522741	1.77
19	17651212	17651213	27	8	2.77	2	1	0.77	1	1	0.23	unphased	0.950818401937046	0.950818401937046	1
19	18004571	18004572	8	9	2.77	2	1	0.77	1	1	0.23	unphased	2.20226321036889	1.24421650303327	1.77
19	18576627	18576628	27	20	2.77	2	1	0.77	1	1	0.23	unphased	1.77014064190408	1.00007945870287	1.77
19	19330056	19330057	14	5	2.77	2	1	0.77	1	1	0.23	unphased	1.09469223907226	1.09469223907226	1
19	21910142	21910143	82	39	2.77	2	1	0.77	1	1	0.23	unphased	1.34077181678106	0.757498201571221	1.77
19	21910146	21910147	80	39	2.77	2	1	0.77	1	1	0.23	unphased	1.36330579689503	0.770229263782502	1.77
19	22785281	22785282	7	9	2.77	2	1	0.77	1	1	0.23	unphased	2.33990466101695	1.32198003447285	1.77
19	23328696	23328697	38	5	2.77	2	1	0.77	1	1	0.23	unphased	0.483701221915648	0.628183405085258	0.77
19	31768366	31768367	40	7	2.77	2	1	0.77	1	1	0.23	unphased	0.619549224666426	0.619549224666426	1
19	33490579	33490580	64	6	2.77	2	1	0.77	1	1	0.23	unphased	0.356556900726392	0.356556900726392	1
19	35791211	35791212	13	8	2.77	2	1	0.77	1	1	0.23	unphased	1.58469733656174	1.58469733656174	1
19	36333394	36333395	84	8	2.77	2	1	0.77	1	1	0.23	unphased	0.361724392041267	0.361724392041267	1
19	36339556	36339557	19	7	2.77	2	1	0.77	1	1	0.23	unphased	1.11995436766623	1.11995436766623	1
19	37854447	37854448	24	11	2.77	2	1	0.77	1	1	0.23	unphased	1.30737530266344	1.30737530266344	1
19	37879791	37879792	160	36	2.77	2	1	0.77	1	1	0.23	unphased	0.764050501556555	0.992273378644877	0.77
19	38901790	38901791	26	22	2.77	2	1	0.77	1	1	0.23	unphased	1.90658898305085	1.07716891697788	1.77
19	39759453	39759454	20	12	2.77	2	1	0.77	1	1	0.23	unphased	1.55993644067797	1.55993644067797	1
19	41062043	41062044	12	12	2.77	2	1	0.77	1	1	0.23	unphased	2.07991525423729	1.17509336397587	1.77
19	41388125	41388126	60	7	2.77	2	1	0.77	1	1	0.23	unphased	0.434609157601821	0.564427477404963	0.77
19	43414962	43414963	200	17	2.77	2	1	0.77	1	1	0.23	unphased	0.325885339373584	0.325885339373584	1
19	44097348	44097349	48	9	2.77	2	1	0.77	1	1	0.23	unphased	0.656815343443354	0.656815343443354	1
19	45731238	45731239	29	7	2.77	2	1	0.77	1	1	0.23	unphased	0.80885593220339	0.80885593220339	1
19	47127111	47127112	13	13	2.18	2	1	0.59	1	0	0.41	unphased	1.78491525423729	1.12258821021213	1.59
19	47824024	47824025	43	10	2.18	2	1	0.59	1	0	0.41	unphased	0.673552926127279	0.673552926127279	1
19	47996753	47996754	83	27	2.18	2	1	0.59	1	0	0.41	unphased	0.876231124807396	0.876231124807396	1
19	53644352	53644353	157	38	2.18	2	1	0.59	1	0	0.41	unphased	0.695659278574533	1.17908352300768	0.59
19	55294960	55294961	126	7	2.18	2	1	0.59	1	0	0.41	unphased	0.187885816235504	0.187885816235504	1
19	56539103	56539104	18	5	2.18	2	1	0.59	1	0	0.41	unphased	0.776050110537951	0.776050110537951	1
19	56688565	56688566	23	5	2.18	2	1	0.59	1	0	0.41	unphased	0.637469733656175	0.637469733656175	1
2	3502709	3502710	52	18	2	1	1	1	NA	NA	NA	unphased	0.871670702179177	0.871670702179177	1
2	3749981	3749982	19	5	2	1	1	1	NA	NA	NA	unphased	0.706214689265537	0.706214689265537	1
2	27840350	27840351	31	18	2	1	1	1	NA	NA	NA	unphased	1.24524386025597	1.24524386025597	1
2	27907996	27907997	12	8	2	1	1	1	NA	NA	NA	unphased	1.35593220338983	1.35593220338983	1
2	44053652	44053653	86	35	2	1	1	1	NA	NA	NA	unphased	0.980529485922398	0.980529485922398	1
2	60687642	60687643	30	14	2	1	1	1	NA	NA	NA	unphased	1.07858243451464	1.07858243451464	1
2	80874879	80874880	69	38	2	1	1	1	NA	NA	NA	unphased	1.20386504039284	1.20386504039284	1
2	80874880	80874881	68	38	2	1	1	1	NA	NA	NA	unphased	1.21522225775504	1.21522225775504	1
2	95846907	95846908	72	12	1.68	2	1	0.34	1	0	0.66	unphased	0.438547215496368	1.28984475145991	0.34
2	109964267	109964268	31	16	1.68	2	1	0.34	1	0	0.66	unphased	1.04504868373603	1.04504868373603	1
2	112686860	112686861	43	8	1.68	2	1	0.34	1	0	0.66	unphased	0.481542040545032	1.41630011925009	0.34
2	131521340	131521341	12	3	1.68	2	1	0.34	1	0	0.66	unphased	0.613966101694915	0.613966101694915	1
2	133174747	133174748	46	12	1.68	2	1	0.34	1	0	0.66	unphased	0.635137346580947	0.635137346580947	1
2	136567005	136567006	78	23	1.68	2	1	0.34	1	0	0.66	unphased	0.699070313811042	0.699070313811042	1
2	136873557	136873558	7	3	1.68	2	1	0.34	1	0	0.66	unphased	0.920949152542373	0.920949152542373	1
2	141709434	141709435	60	6	1.68	2	1	0.34	1	0	0.66	unphased	0.279075500770416	0.820810296383576	0.34
2	141819783	141819784	33	31	1.68	2	1	0.34	1	0	0.66	unphased	1.48694915254237	1.10966354667341	1.34
2	148701023	148701024	41	5	1.68	2	1	0.34	1	0	0.66	unphased	0.333677229182019	0.981403615241233	0.34
2	152408337	152408338	27	12	3	2	1	1	NA	NA	NA	unphased	1.35071707953064	1.35071707953064	1
2	155555452	155555453	16	15	3	2	1	1	NA	NA	NA	unphased	2.12411153635867	1.06205576817933	2
2	157184478	157184479	4	5	3	2	1	1	NA	NA	NA	unphased	2.43879472693032	1.21939736346516	2
2	163074506	163074507	98	12	3	2	1	1	NA	NA	NA	unphased	0.478890600924499	0.478890600924499	1
2	179642636	179642637	37	19	3	2	1	1	NA	NA	NA	unphased	1.48940677966102	0.744703389830508	2
2	183070792	183070793	30	5	3	2	1	1	NA	NA	NA	unphased	0.627118644067797	0.627118644067797	1
2	183853814	183853815	13	14	3	2	1	1	NA	NA	NA	unphased	2.27620841180163	1.13810420590082	2
2	201888716	201888717	49	31	3	2	1	1	NA	NA	NA	unphased	1.7010593220339	0.850529661016949	2
2	217142434	217142435	161	40	3	2	1	1	NA	NA	NA	unphased	0.873598111139219	0.873598111139219	1
2	225717797	225717798	59	20	3	2	1	1	NA	NA	NA	unphased	1.11134949581635	1.11134949581635	1
2	226446777	226446778	147	9	3	2	1	1	NA	NA	NA	unphased	0.253259452411995	0.253259452411995	1
2	226447460	226447461	22	20	3	2	1	1	NA	NA	NA	unphased	2.09039548022599	1.04519774011299	2
2	233675974	233675975	55	16	3	2	1	1	NA	NA	NA	unphased	0.989257579374552	0.989257579374552	1
2	233899169	233899170	19	10	3	2	1	1	NA	NA	NA	unphased	1.51373465809468	1.51373465809468	1
2	239057701	239057702	27	6	3	2	1	1	NA	NA	NA	unphased	0.798151001540832	0.798151001540832	1
2	241666336	241666337	7	6	3	2	1	1	NA	NA	NA	unphased	2.02607561929596	1.01303780964798	2
20	2596791	2596792	66	9	4.13	4	1	0.71	1	1	0.29	unphased	0.662379661016949	0.662379661016949	1
20	3128578	3128579	84	13	4.13	4	1	0.71	1	1	0.29	unphased	0.739771099073912	0.739771099073912	1
20	8698343	8698344	95	50	5.9	4	3	0.78	1	1	0.22	unphased	2.51373465809468	0.981927600818235	2.56
20	8745827	8745828	35	26	5.9	4	3	0.78	1	1	0.22	unphased	3.10714087246457	0.930281698342687	3.34
20	9538262	9538263	83	19	5.9	4	3	0.78	1	1	0.22	unphased	1.35790960451977	1.35790960451977	1
20	24645991	24645992	206	45	1.24	3	1	0.08	0	1	0.92	unphased	0.471483557296239	0.471483557296239	1
20	44540098	44540099	38	5	1.24	3	1	0.08	0	1	0.92	unphased	0.305794245171462	0.305794245171462	1
20	47887257	47887258	95	37	1.24	3	1	0.08	0	1	0.92	unphased	0.737149460708783	0.737149460708783	1
20	55746135	55746136	48	48	1.24	3	1	0.08	0	1	0.92	unphased	1.31491525423729	1.13354763296318	1.16
20	57251380	57251381	45	28	1.24	3	1	0.08	0	1	0.92	unphased	1.00870211283956	1.00870211283956	1
20	57480482	57480483	140	7	1.24	3	1	0.08	0	1	0.92	unphased	0.125230024213075	1.56537530266344	0.08
20	61444143	61444144	12	11	1.24	3	1	0.08	0	1	0.92	unphased	1.25774502579219	1.25774502579219	1
21	10921971	10921972	46	16	NA	NA	NA	NA	NA	NA	NA	unphased	NA	NA	1
21	15399865	15399866	38	20	2	1	1	0.43	1	1	0.57	unphased	1.16890707188778	1.16890707188778	1
21	19732100	19732101	32	11	2	1	1	0.43	1	1	0.57	unphased	0.86716594402838	0.86716594402838	1
21	32624180	32624181	65	27	2	1	1	0.43	1	1	0.57	unphased	0.994841562269713	0.994841562269713	1
21	35122619	35122620	132	20	2	1	1	0.43	1	1	0.57	unphased	0.446030330062444	0.782509350986744	0.57
21	40871828	40871829	75	13	2	1	1	0.43	1	1	0.57	unphased	0.500770416024653	0.878544589516936	0.57
22	16256641	16256642	11	3	NA	NA	NA	NA	NA	NA	NA	unphased	NA	NA	1
22	23235923	23235924	21	10	2	1	1	0.26	1	1	0.74	unphased	1.09349371241115	1.09349371241115	1
22	29908009	29908010	36	9	2	1	1	0.26	1	1	0.74	unphased	0.677966101694915	0.677966101694915	1
22	30136661	30136662	8	7	2	1	1	0.26	1	1	0.74	unphased	1.5819209039548	1.5819209039548	1
22	32464548	32464549	59	13	2	1	1	0.26	1	1	0.74	unphased	0.612052730696799	0.827098284725403	0.74
22	35480423	35480424	14	5	2	1	1	0.26	1	1	0.74	unphased	0.892060660124888	0.892060660124888	1
22	44342628	44342629	28	14	2	1	1	0.26	1	1	0.74	unphased	1.12994350282486	1.12994350282486	1
22	44464963	44464964	17	3	2	1	1	0.26	1	1	0.74	unphased	0.508474576271186	0.508474576271186	1
22	45937138	45937139	58	13	2	1	1	0.26	1	1	0.74	unphased	0.620673191692528	0.838747556341254	0.74
22	50752103	50752104	4	7	NA	NA	NA	NA	NA	NA	NA	unphased	NA	NA	1
3	13546093	13546094	38	5	2	2	0	1	NA	NA	NA	unphased	0.394166338194718	0.394166338194718	1
3	15531056	15531057	31	4	2	2	0	1	NA	NA	NA	unphased	0.387409200968523	0.387409200968523	1
3	46622810	46622811	9	12	2	2	0	1	NA	NA	NA	unphased	1.93704600484262	0.968523002421308	2
3	53326316	53326317	62	24	2	2	0	1	NA	NA	NA	unphased	0.945999211667324	0.945999211667324	1
3	62751565	62751566	24	29	2	2	0	1	NA	NA	NA	unphased	1.85481291973137	0.927406459865686	2
3	65438996	65438997	24	42	2	2	0	1	NA	NA	NA	unphased	2.15716486902928	1.07858243451464	2
3	96962881	96962882	7	4	2	2	0	1	NA	NA	NA	unphased	1.2326656394453	1.2326656394453	1
3	96962882	96962883	7	4	2	2	0	1	NA	NA	NA	unphased	1.2326656394453	1.2326656394453	1
3	97887719	97887720	31	36	2	2	0	1	NA	NA	NA	unphased	1.82140146724007	0.910700733620035	2
3	100365485	100365486	19	21	2	2	0	1	NA	NA	NA	unphased	1.77966101694915	0.889830508474576	2
3	113440558	113440559	11	6	2	2	0	1	NA	NA	NA	unphased	1.19641076769691	1.19641076769691	1
3	119367246	119367247	40	37	2	2	0	1	NA	NA	NA	unphased	1.62887959498129	0.814439797490645	2
3	130284055	130284056	16	16	2	2	0	1	NA	NA	NA	unphased	1.69491525423729	0.847457627118644	2
3	137849857	137849858	23	22	2	2	0	1	NA	NA	NA	unphased	1.65725047080979	0.828625235404896	2
3	154042091	154042092	10	20	2	2	0	1	NA	NA	NA	unphased	2.25988700564972	1.12994350282486	2
3	167189679	167189680	8	10	2	2	0	1	NA	NA	NA	unphased	1.88323917137476	0.941619585687382	2
3	197273291	197273292	31	33	2	2	0	1	NA	NA	NA	unphased	1.7478813559322	0.873940677966102	2
4	10078941	10078942	34	5	2.37	2	1	0.37	1	1	0.63	unphased	0.482029552368535	1.30278257396901	0.37
4	10445614	10445615	34	4	2.37	2	1	0.37	1	1	0.63	unphased	0.395771632471008	1.06965306073245	0.37
4	10445615	10445616	38	4	2.37	2	1	0.37	1	1	0.63	unphased	0.358079096045198	0.967781340662696	0.37
4	20530693	20530694	63	18	2.37	2	1	0.37	1	1	0.63	unphased	0.835517890772128	0.835517890772128	1
4	22749342	22749343	121	12	2.37	2	1	0.37	1	1	0.63	unphased	0.339232827832293	0.916845480627818	0.37
4	25780733	25780734	72	11	2.37	2	1	0.37	1	1	0.63	unphased	0.498290790279763	1.34673186562098	0.37
4	55962477	55962478	72	24	3.18	2	2	0.59	1	1	0.41	unphased	1.14245762711864	1.14245762711864	1
4	57891065	57891066	74	33	3.18	2	2	0.59	1	1	0.41	unphased	1.40938697924917	0.886406905188156	1.59
4	68797727	68797728	38	5	2	1	1	0.2	1	1	0.8	unphased	0.394166338194718	0.492707922743398	0.8
4	69533894	69533895	46	28	2	1	1	0.2	1	1	0.8	unphased	1.28263857077416	1.28263857077416	1
4	70505077	70505078	35	10	2	1	1	0.2	1	1	0.8	unphased	0.753295668549906	0.753295668549906	1
4	74606351	74606352	91	37	2	1	1	0.2	1	1	0.8	unphased	0.979872881355932	0.979872881355932	1
4	83996467	83996468	34	14	2	1	1	0.2	1	1	0.8	unphased	0.988700564971752	0.988700564971752	1
4	85560100	85560101	13	7	2	1	1	0.2	1	1	0.8	unphased	1.1864406779661	1.1864406779661	1
4	95194770	95194771	8	3	2	1	1	0.2	1	1	0.8	unphased	0.924499229583975	0.924499229583975	1
4	109663732	109663733	50	8	2	1	1	0.2	1	1	0.8	unphased	0.467562828755114	0.584453535943892	0.8
4	109753570	109753571	17	6	2	1	1	0.2	1	1	0.8	unphased	0.884303610906411	0.884303610906411	1
4	114279923	114279924	78	14	2	1	1	0.2	1	1	0.8	unphased	0.51584377302874	0.644804716285925	0.8
4	134072733	134072734	32	3	2	1	1	0.2	1	1	0.8	unphased	0.290556900726392	0.36319612590799	0.8
4	153896289	153896290	75	13	2	1	1	0.2	1	1	0.8	unphased	0.500770416024653	0.625963020030817	0.8
4	155287394	155287395	25	5	2	1	1	0.2	1	1	0.8	unphased	0.564971751412429	0.564971751412429	1
4	159520579	159520580	19	4	2	1	1	0.2	1	1	0.8	unphased	0.589535740604274	0.589535740604274	1
4	162459354	162459355	102	26	2	1	1	0.2	1	1	0.8	unphased	0.688559322033898	0.860699152542373	0.8
4	166795154	166795155	93	62	2	1	1	0.2	1	1	0.8	unphased	1.35593220338983	1.35593220338983	1
5	143306	143307	29	30	NA	NA	NA	NA	NA	NA	NA	unphased	NA	NA	1
5	205458	205459	53	94	NA	NA	NA	NA	NA	NA	NA	unphased	NA	NA	1
5	1057702	1057703	217	65	6	5	1	1	NA	NA	NA	unphased	1.70332972713066	0.851664863565332	2
5	1323983	1323984	34	65	6	5	1	1	NA	NA	NA	unphased	4.85190891970553	0.970381783941106	5
5	5463944	5463945	55	3	6	5	1	1	NA	NA	NA	unphased	0.382232612507306	0.382232612507306	1
5	7873600	7873601	142	26	6	5	1	1	NA	NA	NA	unphased	1.14366424535916	1.14366424535916	1
5	14769249	14769250	58	6	6	5	1	1	NA	NA	NA	unphased	0.692796610169492	0.692796610169492	1
5	16091126	16091127	10	15	6	5	1	1	NA	NA	NA	unphased	4.43389830508475	1.10847457627119	4
5	19520841	19520842	272	36	6	5	1	1	NA	NA	NA	unphased	0.863746423068457	0.863746423068457	1
5	40955491	40955492	157	24	4.9	5	1	0.78	1	0	0.22	unphased	0.83401067515685	0.83401067515685	1
5	41853622	41853623	56	5	4.9	5	1	0.78	1	0	0.22	unphased	0.515559877743818	0.515559877743818	1
5	67576451	67576452	51	6	2	2	0	1	NA	NA	NA	unphased	0.356824264049955	0.356824264049955	1
5	89705514	89705515	23	5	2	2	0	1	NA	NA	NA	unphased	0.605326876513317	0.605326876513317	1
5	110428090	110428091	16	32	2	2	0	1	NA	NA	NA	unphased	2.25988700564972	1.12994350282486	2
5	110679793	110679794	22	6	2	2	0	1	NA	NA	NA	unphased	0.726392251815981	0.726392251815981	1
5	128430634	128430635	8	16	2	2	0	1	NA	NA	NA	unphased	2.25988700564972	1.12994350282486	2
5	137495797	137495798	103	14	2	2	0	1	NA	NA	NA	unphased	0.405620744603795	0.405620744603795	1
5	139218322	139218323	29	18	2	2	0	1	NA	NA	NA	unphased	1.29823296069239	1.29823296069239	1
5	139218354	139218355	23	20	2	2	0	1	NA	NA	NA	unphased	1.57666535277887	0.788332676389436	2
5	140589464	140589465	19	24	2	2	0	1	NA	NA	NA	unphased	1.89199842333465	0.945999211667324	2
5	140743981	140743982	9	10	2	2	0	1	NA	NA	NA	unphased	1.78412132024978	0.892060660124888	2
5	140753829	140753830	22	15	2	2	0	1	NA	NA	NA	unphased	1.37425561154375	1.37425561154375	1
5	167943880	167943881	107	34	2	2	0	1	NA	NA	NA	unphased	0.817405938213728	0.817405938213728	1
6	4735026	4735027	59	22	2	1	1	0.29	1	1	0.71	unphased	0.92069470600544	0.92069470600544	1
6	7327022	7327023	17	4	2	1	1	0.29	1	1	0.71	unphased	0.645682001614205	0.645682001614205	1
6	25466174	25466175	66	35	2	1	1	0.29	1	1	0.71	unphased	1.1746937405605	1.1746937405605	1
6	25466177	25466178	61	34	2	1	1	0.29	1	1	0.71	unphased	1.21320249776985	1.21320249776985	1
6	25771160	25771161	108	13	2	1	1	0.29	1	1	0.71	unphased	0.364196666199748	0.364196666199748	1
6	26031934	26031935	71	4	2	1	1	0.29	1	1	0.71	unphased	0.180790960451977	0.180790960451977	1
6	26216738	26216739	183	48	2	1	1	0.29	1	1	0.71	unphased	0.704380365397315	0.992085021686359	0.71
6	29080189	29080190	41	19	2	1	1	0.29	1	1	0.71	unphased	1.07344632768362	1.07344632768362	1
6	40360551	40360552	14	4	2	1	1	0.29	1	1	0.71	unphased	0.753295668549906	0.753295668549906	1
6	43171717	43171718	43	3	2	1	1	0.29	1	1	0.71	unphased	0.221075902726603	0.221075902726603	1
6	47682409	47682410	171	57	2	1	1	0.29	1	1	0.71	unphased	0.847457627118644	0.847457627118644	1
6	51909839	51909840	21	8	2	1	1	0.29	1	1	0.71	unphased	0.935125657510228	0.935125657510228	1
6	84798820	84798821	30	13	2	1	1	1	NA	NA	NA	unphased	1.02483247930627	1.02483247930627	1
6	97052640	97052641	30	11	2	1	1	1	NA	NA	NA	unphased	0.909466721785862	0.909466721785862	1
6	97729165	97729166	27	13	2	1	1	1	NA	NA	NA	unphased	1.10169491525424	1.10169491525424	1
6	126080294	126080295	66	7	2	1	1	1	NA	NA	NA	unphased	0.325052240538658	0.325052240538658	1
6	127797416	127797417	32	15	2	1	1	1	NA	NA	NA	unphased	1.08186080057699	1.08186080057699	1
6	138655327	138655328	15	6	2	1	1	1	NA	NA	NA	unphased	0.968523002421308	0.968523002421308	1
6	151857489	151857490	49	18	2	1	1	1	NA	NA	NA	unphased	0.910700733620035	0.910700733620035	1
6	160557607	160557608	75	41	2	1	1	1	NA	NA	NA	unphased	1.19812974868498	1.19812974868498	1
7	4089085	4089086	41	18	2.5	2	2	0.25	1	1	0.75	unphased	1.18672795173801	1.18672795173801	1
7	15725927	15725928	22	13	2.5	2	2	0.25	1	1	0.75	unphased	1.44479418886199	1.44479418886199	1
7	21906151	21906152	120	9	2.5	2	2	0.25	1	1	0.75	unphased	0.271383523847063	1.08553409538825	0.25
7	27168816	27168817	53	6	2.5	2	2	0.25	1	1	0.75	unphased	0.395575983912669	1.58230393565068	0.25
7	35288450	35288451	54	26	2.5	2	2	0.25	1	1	0.75	unphased	1.26419491525424	1.26419491525424	1
7	38295956	38295957	20	11	2.5	2	2	0.25	1	1	0.75	unphased	1.38026243849098	1.38026243849098	1
7	38835163	38835164	82	39	2.5	2	2	0.25	1	1	0.75	unphased	1.25374702339263	1.25374702339263	1
7	48319188	48319189	33	9	2.5	2	2	0.25	1	1	0.75	unphased	0.833535108958838	0.833535108958838	1
7	51095725	51095726	38	15	2.5	2	2	0.25	1	1	0.75	unphased	1.10089542692677	1.10089542692677	1
7	57193820	57193821	42	19	2.5	2	2	0.25	1	1	0.75	unphased	1.21158655181995	1.21158655181995	1
7	57528924	57528925	31	5	2.5	2	2	0.25	1	1	0.75	unphased	0.540254237288136	0.540254237288136	1
7	63726426	63726427	19	5	2.5	2	2	0.25	1	1	0.75	unphased	0.810381355932203	0.810381355932203	1
7	66098316	66098317	59	17	2.5	2	2	0.25	1	1	0.75	unphased	0.870093666369313	0.870093666369313	1
7	70885933	70885934	197	157	2.5	2	2	0.25	1	1	0.75	unphased	1.72515081873025	1.3801206549842	1.25
7	71488688	71488689	101	52	2.5	2	2	0.25	1	1	0.75	unphased	1.32203389830508	1.05762711864407	1.25
7	73811522	73811523	99	20	2.5	2	2	0.25	1	1	0.75	unphased	0.653753026634383	0.653753026634383	1
7	81611923	81611924	95	57	2.5	2	2	0.25	1	1	0.75	unphased	1.45868644067797	1.16694915254237	1.25
7	89917640	89917641	136	26	2.5	2	2	0.25	1	1	0.75	unphased	0.624293785310735	0.624293785310735	1
7	92027593	92027594	21	15	2.5	2	2	0.25	1	1	0.75	unphased	1.62076271186441	1.29661016949153	1.25
7	92821573	92821574	82	55	2.5	2	2	0.25	1	1	0.75	unphased	1.56161078807374	1.24928863045899	1.25
7	99022665	99022666	78	55	2.5	2	2	0.25	1	1	0.75	unphased	1.60857652606091	1.28686122084873	1.25
7	100685957	100685958	194	116	2.5	2	2	0.25	1	1	0.75	unphased	1.45554948059049	1.16443958447239	1.25
7	100731714	100731715	21	9	2.5	2	2	0.25	1	1	0.75	unphased	1.16694915254237	1.16694915254237	1
7	100773857	100773858	322	147	2.5	2	2	0.25	1	1	0.75	unphased	1.21920060713382	0.975360485707058	1.25
7	103216018	103216019	53	28	2.5	2	2	0.25	1	1	0.75	unphased	1.34463276836158	1.07570621468927	1.25
7	110526702	110526703	120	21	2.94	2	2	0.47	1	1	0.53	unphased	0.644868373602596	0.644868373602596	1
7	113519436	113519437	105	30	2.94	2	2	0.47	1	1	0.53	unphased	0.962184557438795	0.962184557438795	1
7	113558930	113558931	74	37	2.94	2	2	0.47	1	1	0.53	unphased	1.44327683615819	0.981820976978362	1.47
7	115596826	115596827	42	14	2.94	2	2	0.47	1	1	0.53	unphased	1.08245762711864	1.08245762711864	1
7	116371798	116371799	66	13	2.94	2	2	0.47	1	1	0.53	unphased	0.712503754559107	0.712503754559107	1
7	121650941	121650942	38	26	2.94	2	2	0.47	1	1	0.53	unphased	1.7589936440678	1.19659431569238	1.47
7	122787355	122787356	17	6	2.94	2	2	0.47	1	1	0.53	unphased	1.12952100221076	1.12952100221076	1
7	126173363	126173364	60	50	2.94	2	2	0.47	1	1	0.53	unphased	1.96810477657935	1.33884678678868	1.47
7	126173364	126173365	61	51	2.94	2	2	0.47	1	1	0.53	unphased	1.97161924939467	1.34123758462223	1.47
7	127894637	127894638	43	18	2.94	2	2	0.47	1	1	0.53	unphased	1.27765490414004	1.27765490414004	1
7	132192821	132192822	108	33	2.94	2	2	0.47	1	1	0.53	unphased	1.01336458708979	1.01336458708979	1
7	132192822	132192823	109	34	2.94	2	2	0.47	1	1	0.53	unphased	1.02947019082612	1.02947019082612	1
7	134260293	134260294	136	50	2.94	2	2	0.47	1	1	0.53	unphased	1.16393293238564	1.16393293238564	1
7	134552501	134552502	31	25	2.94	2	2	0.47	1	1	0.53	unphased	1.93296004842615	1.31493880845316	1.47
7	136700282	136700283	16	4	2.94	2	2	0.47	1	1	0.53	unphased	0.865966101694915	0.865966101694915	1
7	138406717	138406718	31	16	2.94	2	2	0.47	1	1	0.53	unphased	1.47398485394879	1.47398485394879	1
7	143000938	143000939	37	6	2.9	2	2	0.45	1	1	0.55	unphased	0.598581001182499	0.598581001182499	1
7	149499005	149499006	38	4	2.9	2	2	0.45	1	1	0.55	unphased	0.408555286521388	0.907900636714196	0.45
7	150034262	150034263	33	4	2.9	2	2	0.45	1	1	0.55	unphased	0.46376546037563	0.46376546037563	1
7	150324907	150324908	37	36	2.9	2	2	0.45	1	1	0.55	unphased	2.11553285349431	1.45898817482366	1.45
7	150773336	150773337	39	3	2.9	2	2	0.45	1	1	0.55	unphased	0.306416464891041	0.680925477535647	0.45
8	10466663	10466664	17	9	2	1	1	0.24	1	1	0.76	unphased	1.17340286831812	1.17340286831812	1
8	17581245	17581246	35	7	2	1	1	0.24	1	1	0.76	unphased	0.564971751412429	0.743383883437407	0.76
8	22926486	22926487	7	3	2	1	1	0.24	1	1	0.76	unphased	1.01694915254237	1.01694915254237	1
8	27288538	27288539	68	17	2	1	1	0.24	1	1	0.76	unphased	0.677966101694915	0.892060660124889	0.76
8	35544125	35544126	65	10	2	1	1	0.24	1	1	0.76	unphased	0.451977401129944	0.594707106749926	0.76
8	35544126	35544127	62	10	2	1	1	0.24	1	1	0.76	unphased	0.470809792843691	0.619486569531173	0.76
8	36793210	36793211	50	13	2	1	1	0.24	1	1	0.76	unphased	0.699488835082055	0.699488835082055	1
8	42587131	42587132	19	27	2.82	2	1	0.91	0	1	0.09	unphased	2.47098747236551	1.29371071851597	1.91
8	59764192	59764193	31	8	2.8	2	1	0.9	0	1	0.1	unphased	0.859452411994785	0.859452411994785	1
8	67066506	67066507	27	17	2.8	2	1	0.9	0	1	0.1	unphased	1.61879815100154	0.899332306111967	1.8
8	68049812	68049813	27	10	2.8	2	1	0.9	0	1	0.1	unphased	1.13238662391205	1.13238662391205	1
8	72971672	72971673	35	32	2.8	2	1	0.9	0	1	0.1	unphased	2.00111307867442	1.05321740982864	1.9
8	86025303	86025304	37	30	2.8	2	1	0.9	0	1	0.1	unphased	1.87604351125727	0.987391321714355	1.9
8	87641255	87641256	192	36	2.8	2	1	0.9	0	1	0.1	unphased	0.661552185548617	0.661552185548617	1
8	91081418	91081419	53	10	4	2	2	1	NA	NA	NA	unphased	0.855528652138821	0.855528652138821	1
8	103297391	103297392	77	8	4	2	2	1	NA	NA	NA	unphased	0.507278165503489	0.507278165503489	1
8	103572794	103572795	79	49	4	2	2	1	NA	NA	NA	unphased	2.06329449152542	1.03164724576271	2
8	105459731	105459732	22	11	4	2	2	1	NA	NA	NA	unphased	1.79661016949153	0.898305084745763	2
8	108970394	108970395	94	48	4	2	2	1	NA	NA	NA	unphased	1.82191453807591	0.910957269037957	2
8	113694856	113694857	71	33	4	2	2	1	NA	NA	NA	unphased	1.71023468057366	0.855117340286832	2
8	117874086	117874087	82	57	4	2	2	1	NA	NA	NA	unphased	2.21021826606511	1.10510913303256	2
8	118817012	118817013	86	9	4	2	2	1	NA	NA	NA	unphased	0.510615521855486	0.510615521855486	1
8	121381708	121381709	52	46	4	2	2	1	NA	NA	NA	unphased	2.52992044275337	1.26496022137669	2
8	124361526	124361527	66	12	4	2	2	1	NA	NA	NA	unphased	0.829204693611473	0.829204693611473	1
8	133740099	133740100	102	51	4	2	2	1	NA	NA	NA	unphased	1.79661016949153	0.898305084745763	2
8	140630538	140630539	136	29	4	2	2	1	NA	NA	NA	unphased	0.947303543913713	0.947303543913713	1
8	143961218	143961219	192	115	4	2	2	1	NA	NA	NA	unphased	2.01899188428201	1.009495942141	2
9	990851	990852	38	6	2	1	1	1	NA	NA	NA	unphased	0.462249614791988	0.462249614791988	1
9	8486071	8486072	37	6	2	1	1	1	NA	NA	NA	unphased	0.472999605833662	0.472999605833662	1
9	8517892	8517893	50	22	2	1	1	1	NA	NA	NA	unphased	1.03578154425612	1.03578154425612	1
9	17484327	17484328	37	27	2	1	1	1	NA	NA	NA	unphased	1.43008474576271	1.43008474576271	1
9	18504845	18504846	55	27	2	1	1	1	NA	NA	NA	unphased	1.11616370400992	1.11616370400992	1
9	19576963	19576964	83	35	2	1	1	1	NA	NA	NA	unphased	1.00545820166619	1.00545820166619	1
9	26961954	26961955	51	13	2	1	1	1	NA	NA	NA	unphased	0.688559322033898	0.688559322033898	1
9	27202925	27202926	58	7	2	1	1	1	NA	NA	NA	unphased	0.365058670143416	0.365058670143416	1
9	27949150	27949151	43	21	2	1	1	1	NA	NA	NA	unphased	1.11228813559322	1.11228813559322	1
9	32631703	32631704	67	33	2	1	1	1	NA	NA	NA	unphased	1.11864406779661	1.11864406779661	1
9	35106294	35106295	78	13	2	1	1	1	NA	NA	NA	unphased	0.484261501210654	0.484261501210654	1
9	36217418	36217419	25	7	2	1	1	1	NA	NA	NA	unphased	0.741525423728814	0.741525423728814	1
9	90535545	90535546	161	56	2	1	1	1	NA	NA	NA	unphased	0.874794969928923	0.874794969928923	1
9	95872910	95872911	67	19	2	1	1	1	NA	NA	NA	unphased	0.748916042569965	0.748916042569965	1
9	98241427	98241428	68	14	2	1	1	1	NA	NA	NA	unphased	0.578751550227367	0.578751550227367	1
9	98669550	98669551	31	15	2	1	1	1	NA	NA	NA	unphased	1.10537951363301	1.10537951363301	1
9	100092614	100092615	20	7	2	1	1	1	NA	NA	NA	unphased	0.878844946641557	0.878844946641557	1
9	104357193	104357194	35	16	2	1	1	1	NA	NA	NA	unphased	1.06347623795281	1.06347623795281	1
9	107266777	107266778	73	16	2	1	1	1	NA	NA	NA	unphased	0.609407731860598	0.609407731860598	1
9	113173804	113173805	24	11	2	1	1	1	NA	NA	NA	unphased	1.06537530266344	1.06537530266344	1
9	114989794	114989795	62	10	2	1	1	1	NA	NA	NA	unphased	0.470809792843691	0.470809792843691	1
9	117553072	117553073	21	14	2	1	1	1	NA	NA	NA	unphased	1.35593220338983	1.35593220338983	1
9	119737612	119737613	17	14	2	1	1	1	NA	NA	NA	unphased	1.53089119737562	1.53089119737562	1
9	125552026	125552027	52	18	2	1	1	1	NA	NA	NA	unphased	0.871670702179177	0.871670702179177	1
9	135926347	135926348	11	3	2	1	1	1	NA	NA	NA	unphased	0.726392251815981	0.726392251815981	1
9	136291322	136291323	52	24	2	1	1	1	NA	NA	NA	unphased	1.07047279214987	1.07047279214987	1
9	137645730	137645731	42	20	2	1	1	1	NA	NA	NA	unphased	1.09349371241115	1.09349371241115	1
9	138416988	138416989	43	17	2	1	1	1	NA	NA	NA	unphased	0.96045197740113	0.96045197740113	1
9	138516185	138516186	18	10	2	1	1	1	NA	NA	NA	unphased	1.21065375302663	1.21065375302663	1
9	139990727	139990728	28	11	2	1	1	1	NA	NA	NA	unphased	0.956106040851804	0.956106040851804	1
9	140040200	140040201	53	11	2	1	1	1	NA	NA	NA	unphased	0.582627118644068	0.582627118644068	1
X	26157185	26157186	5	9	NA	NA	NA	NA	NA	NA	NA	unphased	NA	NA	1
X	32466620	32466621	9	12	NA	NA	NA	NA	NA	NA	NA	unphased	NA	NA	1
X	48336505	48336506	4	6	NA	NA	NA	NA	NA	NA	NA	unphased	NA	NA	1
X	54978517	54978518	9	10	NA	NA	NA	NA	NA	NA	NA	unphased	NA	NA	1
X	69421845	69421846	8	4	NA	NA	NA	NA	NA	NA	NA	unphased	NA	NA	1
X	69811631	69811632	5	10	NA	NA	NA	NA	NA	NA	NA	unphased	NA	NA	1
X	70148047	70148048	8	14	NA	NA	NA	NA	NA	NA	NA	unphased	NA	NA	1
X	73960666	73960667	8	4	NA	NA	NA	NA	NA	NA	NA	unphased	NA	NA	1
X	84329294	84329295	7	22	NA	NA	NA	NA	NA	NA	NA	unphased	NA	NA	1
X	84523326	84523327	14	4	NA	NA	NA	NA	NA	NA	NA	unphased	NA	NA	1
X	84634177	84634178	2	20	NA	NA	NA	NA	NA	NA	NA	unphased	NA	NA	1
X	86887406	86887407	8	17	NA	NA	NA	NA	NA	NA	NA	unphased	NA	NA	1
X	106144007	106144008	18	3	NA	NA	NA	NA	NA	NA	NA	unphased	NA	NA	1
X	132887814	132887815	14	69	NA	NA	NA	NA	NA	NA	NA	unphased	NA	NA	1
X	139038482	139038483	38	103	NA	NA	NA	NA	NA	NA	NA	unphased	NA	NA	1
X	152225684	152225685	12	39	NA	NA	NA	NA	NA	NA	NA	unphased	NA	NA	1
X	152807166	152807167	14	42	NA	NA	NA	NA	NA	NA	NA	unphased	NA	NA	1
Y	21883060	21883061	11	15	NA	NA	NA	NA	NA	NA	NA	unphased	NA	NA	1
