chr	start	end	WT.count	mut.count	subclonal.CN	nMaj1	nMin1	frac1	nMaj2	nMin2	frac2	phase	mutation.copy.number	subclonal.fraction	no.chrs.bearing.mut
1	7724961	7724962	192	90	2	1	1	1	NA	NA	NA	unphased	0.886524822695036	0.886524822695036	1
1	9323587	9323588	43	29	2	1	1	1	NA	NA	NA	unphased	1.11882716049383	1.11882716049383	1
1	21031279	21031280	51	35	2	1	1	1	NA	NA	NA	unphased	1.13049095607235	1.13049095607235	1
1	21139700	21139701	31	17	2	1	1	1	NA	NA	NA	unphased	0.983796296296296	0.983796296296296	1
1	23189666	23189667	35	20	2	1	1	1	NA	NA	NA	unphased	1.01010101010101	1.01010101010101	1
1	25599143	25599144	70	11	2	1	1	1	NA	NA	NA	unphased	0.377229080932785	0.377229080932785	1
1	38082240	38082241	57	16	2	1	1	1	NA	NA	NA	unphased	0.60882800608828	0.60882800608828	1
1	43775103	43775104	29	10	2	1	1	1	NA	NA	NA	unphased	0.712250712250712	0.712250712250712	1
1	45501359	45501360	18	15	2	1	1	1	NA	NA	NA	unphased	1.26262626262626	1.26262626262626	1
1	45980645	45980646	113	59	2	1	1	1	NA	NA	NA	unphased	0.952842377260982	0.952842377260982	1
1	99422236	99422237	40	16	2	1	1	1	NA	NA	NA	unphased	0.793650793650794	0.793650793650794	1
1	110754720	110754721	4	4	2	1	1	1	NA	NA	NA	unphased	1.38888888888889	1.38888888888889	1
1	150477407	150477408	45	13	3	2	1	1	NA	NA	NA	unphased	0.846743295019157	0.846743295019157	1
1	152129047	152129048	216	211	3	2	1	1	NA	NA	NA	unphased	1.86677075201665	0.933385376008327	2
1	155252406	155252407	55	37	3	2	1	1	NA	NA	NA	unphased	1.51932367149758	0.759661835748792	2
1	173702999	173703000	81	20	3	2	1	1	NA	NA	NA	unphased	0.748074807480748	0.748074807480748	1
1	173907968	173907969	47	54	3	2	1	1	NA	NA	NA	unphased	2.01980198019802	1.00990099009901	2
1	186072722	186072723	25	27	3	2	1	1	NA	NA	NA	unphased	1.96153846153846	0.980769230769231	2
1	186072723	186072724	22	26	3	2	1	1	NA	NA	NA	unphased	2.0462962962963	1.02314814814815	2
1	196461393	196461394	6	5	3	2	1	1	NA	NA	NA	unphased	1.71717171717172	1.71717171717172	1
1	197404495	197404496	42	10	3	2	1	1	NA	NA	NA	unphased	0.726495726495727	0.726495726495727	1
1	201687854	201687855	41	49	3	2	1	1	NA	NA	NA	unphased	2.05679012345679	1.0283950617284	2
1	207871121	207871122	216	47	3	2	1	1	NA	NA	NA	unphased	0.675116180819603	0.675116180819603	1
1	210948774	210948775	41	3	3	2	1	1	NA	NA	NA	unphased	0.257575757575758	0.257575757575758	1
1	216256871	216256872	126	49	3	2	1	1	NA	NA	NA	unphased	1.05777777777778	1.05777777777778	1
1	216595380	216595381	49	17	3	2	1	1	NA	NA	NA	unphased	0.973063973063973	0.973063973063973	1
1	228873445	228873446	41	28	3	2	1	1	NA	NA	NA	unphased	1.53301127214171	0.766505636070854	2
1	229738435	229738436	70	67	3	2	1	1	NA	NA	NA	unphased	1.84752635847526	0.923763179237632	2
1	230937411	230937412	14	16	3	2	1	1	NA	NA	NA	unphased	2.01481481481482	1.00740740740741	2
1	237778079	237778080	23	17	3	2	1	1	NA	NA	NA	unphased	1.60555555555556	0.802777777777778	2
1	240256011	240256012	33	8	3	2	1	1	NA	NA	NA	unphased	0.737127371273713	0.737127371273713	1
1	240519116	240519117	19	12	3	2	1	1	NA	NA	NA	unphased	1.46236559139785	1.46236559139785	1
1	241146394	241146395	16	9	3	2	1	1	NA	NA	NA	unphased	1.36	1.36	1
1	243581360	243581361	56	17	3	2	1	1	NA	NA	NA	unphased	0.879756468797565	0.879756468797565	1
1	248343810	248343811	163	152	NA	NA	NA	NA	NA	NA	NA	unphased	NA	NA	1
10	13736019	13736020	53	3	2	1	1	1	NA	NA	NA	unphased	0.148809523809524	0.148809523809524	1
10	32856663	32856664	20	14	2	1	1	1	NA	NA	NA	unphased	1.1437908496732	1.1437908496732	1
10	38241971	38241972	102	41	2	1	1	1	NA	NA	NA	unphased	0.796425796425796	0.796425796425796	1
10	50724410	50724411	34	17	2	1	1	1	NA	NA	NA	unphased	0.925925925925926	0.925925925925926	1
10	61836113	61836114	31	10	2	1	1	1	NA	NA	NA	unphased	0.677506775067751	0.677506775067751	1
10	67680244	67680245	56	34	2	1	1	1	NA	NA	NA	unphased	1.04938271604938	1.04938271604938	1
10	71974267	71974268	30	13	2	1	1	1	NA	NA	NA	unphased	0.839793281653747	0.839793281653747	1
10	81319117	81319118	22	18	1	1	0	1	NA	NA	NA	unphased	0.8	0.8	1
10	87362102	87362103	12	14	1	1	0	1	NA	NA	NA	unphased	0.957264957264957	0.957264957264957	1
10	104242819	104242820	50	37	1	1	0	1	NA	NA	NA	unphased	0.756066411238825	0.756066411238825	1
10	118231350	118231351	40	36	1	1	0	1	NA	NA	NA	unphased	0.842105263157895	0.842105263157895	1
11	1254274	1254275	7	4	2	1	1	1	NA	NA	NA	unphased	1.01010101010101	1.01010101010101	1
11	6023345	6023346	37	14	2	1	1	1	NA	NA	NA	unphased	0.762527233115469	0.762527233115469	1
11	6281296	6281297	17	5	2	1	1	1	NA	NA	NA	unphased	0.631313131313131	0.631313131313131	1
11	6661830	6661831	56	17	2	1	1	1	NA	NA	NA	unphased	0.646879756468798	0.646879756468798	1
11	14889072	14889073	38	27	2	1	1	1	NA	NA	NA	unphased	1.15384615384615	1.15384615384615	1
11	30358241	30358242	110	46	2	1	1	1	NA	NA	NA	unphased	0.819088319088319	0.819088319088319	1
11	36440841	36440842	50	31	2	1	1	1	NA	NA	NA	unphased	1.06310013717421	1.06310013717421	1
11	56019883	56019884	50	21	2	1	1	1	NA	NA	NA	unphased	0.821596244131455	0.821596244131455	1
11	56020602	56020603	57	23	2	1	1	1	NA	NA	NA	unphased	0.798611111111111	0.798611111111111	1
11	65810519	65810520	17	18	2	1	1	1	NA	NA	NA	unphased	1.42857142857143	1.42857142857143	1
11	65820500	65820501	107	36	2	1	1	1	NA	NA	NA	unphased	0.699300699300699	0.699300699300699	1
11	76893182	76893183	17	11	2	1	1	1	NA	NA	NA	unphased	1.09126984126984	1.09126984126984	1
11	93454924	93454925	31	4	2	1	1	1	NA	NA	NA	unphased	0.317460317460317	0.317460317460317	1
11	106681022	106681023	45	23	2	1	1	1	NA	NA	NA	unphased	0.939542483660131	0.939542483660131	1
11	117301685	117301686	65	42	2	1	1	1	NA	NA	NA	unphased	1.09034267912773	1.09034267912773	1
11	120317759	120317760	59	19	2	1	1	1	NA	NA	NA	unphased	0.676638176638177	0.676638176638177	1
11	121485764	121485765	23	3	2	1	1	1	NA	NA	NA	unphased	0.320512820512821	0.320512820512821	1
11	122945409	122945410	178	63	2	1	1	1	NA	NA	NA	unphased	0.726141078838174	0.726141078838174	1
11	123901028	123901029	55	18	2	1	1	1	NA	NA	NA	unphased	0.684931506849315	0.684931506849315	1
12	2927298	2927299	50	32	2	1	1	1	NA	NA	NA	unphased	1.0840108401084	1.0840108401084	1
12	7295831	7295832	73	42	2	1	1	1	NA	NA	NA	unphased	1.01449275362319	1.01449275362319	1
12	22065958	22065959	43	17	2	1	1	1	NA	NA	NA	unphased	0.787037037037037	0.787037037037037	1
12	57112429	57112430	26	11	2	1	1	1	NA	NA	NA	unphased	0.825825825825826	0.825825825825826	1
12	62954652	62954653	49	33	2	1	1	1	NA	NA	NA	unphased	1.11788617886179	1.11788617886179	1
12	71519128	71519129	40	25	2	1	1	1	NA	NA	NA	unphased	1.06837606837607	1.06837606837607	1
12	78400210	78400211	34	14	2	1	1	1	NA	NA	NA	unphased	0.810185185185185	0.810185185185185	1
12	81110942	81110943	15	13	2	1	1	1	NA	NA	NA	unphased	1.28968253968254	1.28968253968254	1
12	102569287	102569288	47	28	2	1	1	1	NA	NA	NA	unphased	1.03703703703704	1.03703703703704	1
13	21742229	21742230	41	43	1	1	0	1	NA	NA	NA	unphased	0.91005291005291	0.91005291005291	1
13	33233342	33233343	36	40	1	1	0	1	NA	NA	NA	unphased	0.935672514619883	0.935672514619883	1
13	36049442	36049443	17	23	1	1	0	1	NA	NA	NA	unphased	1.02222222222222	1.02222222222222	1
14	22600957	22600958	21	13	2	1	1	1	NA	NA	NA	unphased	1.06209150326797	1.06209150326797	1
14	23862178	23862179	59	18	2	1	1	1	NA	NA	NA	unphased	0.649350649350649	0.649350649350649	1
14	24897139	24897140	24	15	2	1	1	1	NA	NA	NA	unphased	1.06837606837607	1.06837606837607	1
14	33015112	33015113	110	67	2	1	1	1	NA	NA	NA	unphased	1.05147520401758	1.05147520401758	1
14	42357211	42357212	26	6	2	1	1	1	NA	NA	NA	unphased	0.520833333333333	0.520833333333333	1
14	44975316	44975317	47	19	2	1	1	1	NA	NA	NA	unphased	0.7996632996633	0.7996632996633	1
14	52493959	52493960	14	5	2	1	1	1	NA	NA	NA	unphased	0.730994152046784	0.730994152046784	1
14	52534713	52534714	35	24	2	1	1	1	NA	NA	NA	unphased	1.12994350282486	1.12994350282486	1
14	76549568	76549569	16	11	2	1	1	1	NA	NA	NA	unphased	1.13168724279835	1.13168724279835	1
14	92471523	92471524	83	40	2	1	1	1	NA	NA	NA	unphased	0.903342366757001	0.903342366757001	1
14	107083458	107083459	33	18	NA	NA	NA	NA	NA	NA	NA	unphased	NA	NA	1
15	31776569	31776570	18	6	2	1	1	1	NA	NA	NA	unphased	0.694444444444444	0.694444444444444	1
15	33941356	33941357	51	27	2	1	1	1	NA	NA	NA	unphased	0.961538461538462	0.961538461538462	1
15	54586234	54586235	65	34	2	1	1	1	NA	NA	NA	unphased	0.953984287317621	0.953984287317621	1
16	29845345	29845346	14	12	2	1	1	1	NA	NA	NA	unphased	1.28205128205128	1.28205128205128	1
16	30409274	30409275	29	3	2	1	1	1	NA	NA	NA	unphased	0.260416666666667	0.260416666666667	1
16	30780503	30780504	56	31	2	1	1	1	NA	NA	NA	unphased	0.989782886334611	0.989782886334611	1
16	30939883	30939884	9	4	2	1	1	1	NA	NA	NA	unphased	0.854700854700855	0.854700854700855	1
16	31228291	31228292	21	16	2	1	1	1	NA	NA	NA	unphased	1.2012012012012	1.2012012012012	1
16	53907754	53907755	53	17	2	1	1	1	NA	NA	NA	unphased	0.674603174603175	0.674603174603175	1
16	57713121	57713122	65	31	2	1	1	1	NA	NA	NA	unphased	0.896990740740741	0.896990740740741	1
16	58287930	58287931	44	14	2	1	1	1	NA	NA	NA	unphased	0.670498084291188	0.670498084291188	1
16	81214830	81214831	45	13	2	1	1	1	NA	NA	NA	unphased	0.622605363984674	0.622605363984674	1
17	4575275	4575276	2	8	2	2	0	1	NA	NA	NA	unphased	2.22222222222222	1.11111111111111	2
17	10415212	10415213	45	136	2	2	0	1	NA	NA	NA	unphased	2.08717004297115	1.04358502148557	2
17	17131271	17131272	14	28	2	2	0	1	NA	NA	NA	unphased	1.85185185185185	0.925925925925926	2
17	37883557	37883558	47	3	2	2	0	1	NA	NA	NA	unphased	0.166666666666667	0.166666666666667	1
17	57272785	57272786	19	33	2	2	0	1	NA	NA	NA	unphased	1.76282051282051	0.881410256410256	2
17	58126989	58126990	50	3	2	2	0	1	NA	NA	NA	unphased	0.157232704402516	0.157232704402516	1
17	64210611	64210612	27	57	2	2	0	1	NA	NA	NA	unphased	1.88492063492064	0.942460317460318	2
18	335122	335123	47	35	2	1	1	1	NA	NA	NA	unphased	1.18563685636856	1.18563685636856	1
18	7049208	7049209	49	23	2	1	1	1	NA	NA	NA	unphased	0.887345679012346	0.887345679012346	1
18	9570623	9570624	49	35	2	1	1	1	NA	NA	NA	unphased	1.15740740740741	1.15740740740741	1
18	21736469	21736470	43	22	2	1	1	1	NA	NA	NA	unphased	0.94017094017094	0.94017094017094	1
18	40850468	40850469	51	33	2	1	1	1	NA	NA	NA	unphased	1.09126984126984	1.09126984126984	1
19	1800300	1800301	33	9	3	2	1	1	NA	NA	NA	unphased	0.80952380952381	0.80952380952381	1
19	2213689	2213690	13	12	3	2	1	1	NA	NA	NA	unphased	1.81333333333333	0.906666666666667	2
19	7810679	7810680	124	102	3	2	1	1	NA	NA	NA	unphased	1.70501474926254	0.852507374631268	2
19	8319435	8319436	20	9	3	2	1	1	NA	NA	NA	unphased	1.17241379310345	1.17241379310345	1
19	9578619	9578620	24	69	2	2	0	1	NA	NA	NA	unphased	2.06093189964158	1.03046594982079	2
19	16687643	16687644	1	16	2	2	0	1	NA	NA	NA	unphased	2.61437908496732	1.30718954248366	2
19	22363548	22363549	83	13	1	1	0	1	NA	NA	NA	unphased	0.240740740740741	0.240740740740741	1
19	23542726	23542727	21	28	1	1	0	1	NA	NA	NA	unphased	1.01587301587302	1.01587301587302	1
19	34699940	34699941	73	18	4	3	1	1	NA	NA	NA	unphased	0.945054945054945	0.945054945054945	1
19	36259085	36259086	25	4	4	3	1	1	NA	NA	NA	unphased	0.659003831417625	0.659003831417625	1
19	37117850	37117851	102	18	4	3	1	1	NA	NA	NA	unphased	0.716666666666667	0.716666666666667	1
19	38959613	38959614	24	38	4	3	1	1	NA	NA	NA	unphased	2.92831541218638	0.97610513739546	3
19	39207809	39207810	15	11	4	3	1	1	NA	NA	NA	unphased	2.02136752136752	1.01068376068376	2
19	42399545	42399546	86	20	4	3	1	1	NA	NA	NA	unphased	0.90146750524109	0.90146750524109	1
19	43762369	43762370	267	64	4	3	1	1	NA	NA	NA	unphased	0.923799932863377	0.923799932863377	1
19	45322051	45322052	134	11	4	3	1	1	NA	NA	NA	unphased	0.362452107279693	0.362452107279693	1
19	47844850	47844851	114	27	4	3	1	1	NA	NA	NA	unphased	0.914893617021277	0.914893617021277	1
19	49840421	49840422	45	62	4	3	1	1	NA	NA	NA	unphased	2.76843198338525	0.922810661128418	3
19	52857616	52857617	61	19	3.55	3	1	0.85	1	0	0.15	unphased	1.02784722222222	1.02784722222222	1
19	56538871	56538872	32	8	3.55	3	1	0.85	1	0	0.15	unphased	0.865555555555556	0.865555555555556	1
2	31572969	31572970	108	46	2	1	1	1	NA	NA	NA	unphased	0.82972582972583	0.82972582972583	1
2	49190308	49190309	13	5	2	1	1	1	NA	NA	NA	unphased	0.771604938271605	0.771604938271605	1
2	72360205	72360206	38	10	2	1	1	1	NA	NA	NA	unphased	0.578703703703704	0.578703703703704	1
2	89309501	89309502	82	44	2	1	1	1	NA	NA	NA	unphased	0.970017636684303	0.970017636684303	1
2	96260034	96260035	45	17	2	1	1	1	NA	NA	NA	unphased	0.761648745519713	0.761648745519713	1
2	109087167	109087168	25	16	2	1	1	1	NA	NA	NA	unphased	1.0840108401084	1.0840108401084	1
2	141232772	141232773	39	37	2	1	1	1	NA	NA	NA	unphased	1.35233918128655	1.35233918128655	1
2	141473549	141473550	46	27	2	1	1	1	NA	NA	NA	unphased	1.02739726027397	1.02739726027397	1
2	170013974	170013975	15	9	2	1	1	1	NA	NA	NA	unphased	1.04166666666667	1.04166666666667	1
2	197777634	197777635	38	18	2	1	1	1	NA	NA	NA	unphased	0.892857142857143	0.892857142857143	1
2	220167077	220167078	14	8	2	1	1	1	NA	NA	NA	unphased	1.01010101010101	1.01010101010101	1
2	231775188	231775189	60	24	2	1	1	1	NA	NA	NA	unphased	0.793650793650794	0.793650793650794	1
2	241631697	241631698	30	16	2	1	1	1	NA	NA	NA	unphased	0.966183574879227	0.966183574879227	1
20	2796208	2796209	37	16	3	2	1	1	NA	NA	NA	unphased	1.14046121593291	1.14046121593291	1
20	17489537	17489538	5	4	3	2	1	1	NA	NA	NA	unphased	1.67901234567901	1.67901234567901	1
20	45865219	45865220	45	20	3	2	1	1	NA	NA	NA	unphased	1.16239316239316	1.16239316239316	1
20	45905063	45905064	12	19	3	2	1	1	NA	NA	NA	unphased	2.31541218637993	1.15770609318996	2
20	50049291	50049292	44	8	3	2	1	1	NA	NA	NA	unphased	0.581196581196581	0.581196581196581	1
20	56093726	56093727	109	42	3	2	1	1	NA	NA	NA	unphased	1.05077262693157	1.05077262693157	1
20	61288043	61288044	9	5	3	2	1	1	NA	NA	NA	unphased	1.34920634920635	1.34920634920635	1
20	62200692	62200693	14	6	3	2	1	1	NA	NA	NA	unphased	1.13333333333333	1.13333333333333	1
21	31654346	31654347	7	4	2	1	1	1	NA	NA	NA	unphased	1.01010101010101	1.01010101010101	1
21	32496947	32496948	33	10	2	1	1	1	NA	NA	NA	unphased	0.645994832041344	0.645994832041344	1
21	44323434	44323435	84	42	2	1	1	1	NA	NA	NA	unphased	0.925925925925926	0.925925925925926	1
21	47418319	47418320	18	7	2	1	1	1	NA	NA	NA	unphased	0.777777777777778	0.777777777777778	1
22	16279296	16279297	174	16	NA	NA	NA	NA	NA	NA	NA	unphased	NA	NA	1
22	24837042	24837043	42	18	2	1	1	1	NA	NA	NA	unphased	0.833333333333333	0.833333333333333	1
22	43926756	43926757	32	20	2	1	1	1	NA	NA	NA	unphased	1.06837606837607	1.06837606837607	1
22	46932036	46932037	38	13	2	1	1	1	NA	NA	NA	unphased	0.708061002178649	0.708061002178649	1
3	46414527	46414528	40	53	1	1	0	1	NA	NA	NA	unphased	1.0131421744325	1.0131421744325	1
3	97868651	97868652	164	49	2	1	1	1	NA	NA	NA	unphased	0.639019300991132	0.639019300991132	1
3	122525798	122525799	25	24	2	1	1	1	NA	NA	NA	unphased	1.36054421768707	1.36054421768707	1
3	134251737	134251738	24	17	2	1	1	1	NA	NA	NA	unphased	1.15176151761518	1.15176151761518	1
3	165504056	165504057	61	15	4	3	1	1	NA	NA	NA	unphased	0.942982456140351	0.942982456140351	1
3	172534583	172534584	123	35	4	3	1	1	NA	NA	NA	unphased	1.05836849507736	1.05836849507736	1
3	179754367	179754368	185	43	4	3	1	1	NA	NA	NA	unphased	0.901072124756335	0.901072124756335	1
3	183975454	183975455	61	11	4	3	1	1	NA	NA	NA	unphased	0.729938271604938	0.729938271604938	1
3	194061903	194061904	42	12	4	3	1	1	NA	NA	NA	unphased	1.06172839506173	1.06172839506173	1
4	2306728	2306729	35	17	1	1	0	1	NA	NA	NA	unphased	0.581196581196581	0.581196581196581	1
4	108940715	108940716	91	4	1	1	0	1	NA	NA	NA	unphased	0.0748538011695906	0.0748538011695906	1
4	134073842	134073843	5	9	1	1	0	1	NA	NA	NA	unphased	1.14285714285714	1.14285714285714	1
4	155487720	155487721	16	27	1	1	0	1	NA	NA	NA	unphased	1.11627906976744	1.11627906976744	1
4	164393492	164393493	23	22	1	1	0	1	NA	NA	NA	unphased	0.869135802469136	0.869135802469136	1
4	178274864	178274865	17	10	1	1	0	1	NA	NA	NA	unphased	0.65843621399177	0.65843621399177	1
4	183714329	183714330	32	23	1	1	0	1	NA	NA	NA	unphased	0.743434343434343	0.743434343434343	1
4	187455105	187455106	37	22	1	1	0	1	NA	NA	NA	unphased	0.662900188323917	0.662900188323917	1
5	5146246	5146247	39	17	2.62	2	1	0.81	1	0	0.19	unphased	1.03146825396825	1.03146825396825	1
5	11346507	11346508	69	25	2.62	2	1	0.81	1	0	0.19	unphased	0.903664302600473	0.903664302600473	1
5	24492941	24492942	102	92	2.62	2	1	0.81	1	0	0.19	unphased	1.61131729667812	0.890230550650896	1.81
5	40852399	40852400	32	26	2.62	2	1	0.81	1	0	0.19	unphased	1.52314176245211	0.841514785885142	1.81
5	56526993	56526994	23	4	1	1	0	1	NA	NA	NA	unphased	0.263374485596708	0.263374485596708	1
5	102433117	102433118	33	51	1	1	0	1	NA	NA	NA	unphased	1.07936507936508	1.07936507936508	1
5	135692754	135692755	13	18	1	1	0	1	NA	NA	NA	unphased	1.03225806451613	1.03225806451613	1
5	140242301	140242302	6	3	1	1	0	1	NA	NA	NA	unphased	0.592592592592593	0.592592592592593	1
5	140530849	140530850	19	17	1	1	0	1	NA	NA	NA	unphased	0.839506172839506	0.839506172839506	1
5	149502631	149502632	28	32	1	1	0	1	NA	NA	NA	unphased	0.948148148148148	0.948148148148148	1
5	156533808	156533809	27	33	1	1	0	1	NA	NA	NA	unphased	0.977777777777778	0.977777777777778	1
5	172560797	172560798	5	7	1	1	0	1	NA	NA	NA	unphased	1.03703703703704	1.03703703703704	1
5	178410073	178410074	26	6	1	1	0	1	NA	NA	NA	unphased	0.333333333333333	0.333333333333333	1
5	178410090	178410091	21	16	1	1	0	1	NA	NA	NA	unphased	0.768768768768769	0.768768768768769	1
6	17764628	17764629	29	19	2	1	1	1	NA	NA	NA	unphased	1.09953703703704	1.09953703703704	1
6	22297224	22297225	23	9	2	1	1	1	NA	NA	NA	unphased	0.78125	0.78125	1
6	28962781	28962782	32	8	2	1	1	1	NA	NA	NA	unphased	0.555555555555556	0.555555555555556	1
6	32084309	32084310	15	12	2	1	1	1	NA	NA	NA	unphased	1.23456790123457	1.23456790123457	1
6	36922605	36922606	33	16	2	1	1	1	NA	NA	NA	unphased	0.90702947845805	0.90702947845805	1
6	38754672	38754673	40	9	2	1	1	1	NA	NA	NA	unphased	0.510204081632653	0.510204081632653	1
6	38998257	38998258	6	7	2	1	1	1	NA	NA	NA	unphased	1.4957264957265	1.4957264957265	1
6	43230655	43230656	13	8	2	1	1	1	NA	NA	NA	unphased	1.05820105820106	1.05820105820106	1
6	43304926	43304927	38	13	2	1	1	1	NA	NA	NA	unphased	0.708061002178649	0.708061002178649	1
6	49676879	49676880	42	13	2	1	1	1	NA	NA	NA	unphased	0.656565656565657	0.656565656565657	1
6	53519310	53519311	75	33	2	1	1	1	NA	NA	NA	unphased	0.848765432098766	0.848765432098766	1
6	62407150	62407151	21	8	2	1	1	1	NA	NA	NA	unphased	0.766283524904215	0.766283524904215	1
6	70064158	70064159	71	30	2	1	1	1	NA	NA	NA	unphased	0.825082508250825	0.825082508250825	1
6	89974320	89974321	27	19	2	1	1	1	NA	NA	NA	unphased	1.14734299516908	1.14734299516908	1
6	90472060	90472061	54	41	2	1	1	1	NA	NA	NA	unphased	1.19883040935673	1.19883040935673	1
6	90660142	90660143	32	33	2	1	1	1	NA	NA	NA	unphased	1.41025641025641	1.41025641025641	1
6	117240436	117240437	37	21	2	1	1	1	NA	NA	NA	unphased	1.00574712643678	1.00574712643678	1
6	137325763	137325764	104	47	2	1	1	1	NA	NA	NA	unphased	0.864606328182487	0.864606328182487	1
6	155451257	155451258	23	18	2	1	1	1	NA	NA	NA	unphased	1.21951219512195	1.21951219512195	1
6	159677648	159677649	70	47	2	1	1	1	NA	NA	NA	unphased	1.11585944919278	1.11585944919278	1
6	167550794	167550795	39	16	2	1	1	1	NA	NA	NA	unphased	0.808080808080808	0.808080808080808	1
6	170626965	170626966	46	39	2	1	1	1	NA	NA	NA	unphased	1.27450980392157	1.27450980392157	1
7	11514077	11514078	39	14	2	1	1	1	NA	NA	NA	unphased	0.733752620545073	0.733752620545073	1
7	11632884	11632885	26	11	2	1	1	1	NA	NA	NA	unphased	0.825825825825826	0.825825825825826	1
7	36194243	36194244	24	12	2	1	1	1	NA	NA	NA	unphased	0.925925925925926	0.925925925925926	1
7	75401236	75401237	43	19	2	1	1	1	NA	NA	NA	unphased	0.851254480286738	0.851254480286738	1
7	87564407	87564408	21	12	2	1	1	1	NA	NA	NA	unphased	1.01010101010101	1.01010101010101	1
7	88847537	88847538	49	15	2	1	1	1	NA	NA	NA	unphased	0.651041666666667	0.651041666666667	1
7	99802846	99802847	107	51	2	1	1	1	NA	NA	NA	unphased	0.89662447257384	0.89662447257384	1
7	112424132	112424133	114	46	2	1	1	1	NA	NA	NA	unphased	0.798611111111111	0.798611111111111	1
7	126173739	126173740	39	17	2	1	1	1	NA	NA	NA	unphased	0.843253968253968	0.843253968253968	1
7	136700520	136700521	38	22	2	1	1	1	NA	NA	NA	unphased	1.01851851851852	1.01851851851852	1
7	137569657	137569658	46	17	2	1	1	1	NA	NA	NA	unphased	0.749559082892416	0.749559082892416	1
8	23423621	23423622	8	9	1	1	0	1	NA	NA	NA	unphased	0.941176470588235	0.941176470588235	1
8	59058839	59058840	16	12	3	2	1	1	NA	NA	NA	unphased	1.61904761904762	0.80952380952381	2
8	86573758	86573759	45	5	3	2	1	1	NA	NA	NA	unphased	0.377777777777778	0.377777777777778	1
8	144808384	144808385	13	16	3	2	1	1	NA	NA	NA	unphased	2.08429118773946	1.04214559386973	2
9	90584107	90584108	24	49	2	2	0	1	NA	NA	NA	unphased	1.86453576864536	0.932267884322679	2
9	112199223	112199224	15	35	2	2	0	1	NA	NA	NA	unphased	1.94444444444444	0.972222222222222	2
9	139410453	139410454	8	16	2	2	0	1	NA	NA	NA	unphased	1.85185185185185	0.925925925925926	2
X	5811525	5811526	74	45	NA	NA	NA	NA	NA	NA	NA	unphased	NA	NA	1
X	17750481	17750482	59	33	NA	NA	NA	NA	NA	NA	NA	unphased	NA	NA	1
X	37961664	37961665	50	24	NA	NA	NA	NA	NA	NA	NA	unphased	NA	NA	1
X	38226643	38226644	69	34	NA	NA	NA	NA	NA	NA	NA	unphased	NA	NA	1
X	38268030	38268031	34	17	NA	NA	NA	NA	NA	NA	NA	unphased	NA	NA	1
X	47104081	47104082	12	6	NA	NA	NA	NA	NA	NA	NA	unphased	NA	NA	1
X	48776156	48776157	22	3	NA	NA	NA	NA	NA	NA	NA	unphased	NA	NA	1
X	54952921	54952922	39	20	NA	NA	NA	NA	NA	NA	NA	unphased	NA	NA	1
X	64749616	64749617	139	52	NA	NA	NA	NA	NA	NA	NA	unphased	NA	NA	1
X	69255515	69255516	40	25	NA	NA	NA	NA	NA	NA	NA	unphased	NA	NA	1
X	70347885	70347886	42	15	NA	NA	NA	NA	NA	NA	NA	unphased	NA	NA	1
X	83128310	83128311	23	17	NA	NA	NA	NA	NA	NA	NA	unphased	NA	NA	1
X	96203954	96203955	26	7	NA	NA	NA	NA	NA	NA	NA	unphased	NA	NA	1
X	99854653	99854654	18	14	NA	NA	NA	NA	NA	NA	NA	unphased	NA	NA	1
X	105865894	105865895	31	14	NA	NA	NA	NA	NA	NA	NA	unphased	NA	NA	1
X	106205334	106205335	111	51	NA	NA	NA	NA	NA	NA	NA	unphased	NA	NA	1
X	109414654	109414655	279	103	NA	NA	NA	NA	NA	NA	NA	unphased	NA	NA	1
X	109696914	109696915	137	71	NA	NA	NA	NA	NA	NA	NA	unphased	NA	NA	1
X	122759796	122759797	40	31	NA	NA	NA	NA	NA	NA	NA	unphased	NA	NA	1
X	130218914	130218915	83	38	NA	NA	NA	NA	NA	NA	NA	unphased	NA	NA	1
X	135309465	135309466	59	28	NA	NA	NA	NA	NA	NA	NA	unphased	NA	NA	1
X	135958789	135958790	81	38	NA	NA	NA	NA	NA	NA	NA	unphased	NA	NA	1
X	153137709	153137710	37	27	NA	NA	NA	NA	NA	NA	NA	unphased	NA	NA	1
