chr	start	end	WT.count	mut.count	subclonal.CN	nMaj1	nMin1	frac1	nMaj2	nMin2	frac2	phase	mutation.copy.number	subclonal.fraction	no.chrs.bearing.mut
1	1117797	1117798	84	7	NA	NA	NA	NA	NA	NA	NA	unphased	NA	NA	1
1	16256409	16256410	61	8	2	1	1	1	NA	NA	NA	unphased	0.702678963548529	0.702678963548529	1
1	19545749	19545750	34	4	2	1	1	1	NA	NA	NA	unphased	0.637958532695375	0.637958532695375	1
1	86951203	86951204	89	4	2	1	1	1	NA	NA	NA	unphased	0.260671228413164	0.260671228413164	1
1	103468336	103468337	32	3	2	1	1	1	NA	NA	NA	unphased	0.519480519480519	0.519480519480519	1
1	149884836	149884837	79	17	2	1	1	1	NA	NA	NA	unphased	1.07323232323232	1.07323232323232	1
1	150550956	150550957	85	5	2	1	1	1	NA	NA	NA	unphased	0.336700336700337	0.336700336700337	1
1	152323903	152323904	369	74	2	1	1	1	NA	NA	NA	unphased	1.01238114782133	1.01238114782133	1
1	152732193	152732194	93	22	2	1	1	1	NA	NA	NA	unphased	1.15942028985507	1.15942028985507	1
1	156255159	156255160	54	5	2	1	1	1	NA	NA	NA	unphased	0.513610683102208	0.513610683102208	1
1	156873741	156873742	89	14	2	1	1	1	NA	NA	NA	unphased	0.823771697558105	0.823771697558105	1
1	157494110	157494111	60	12	2	1	1	1	NA	NA	NA	unphased	1.01010101010101	1.01010101010101	1
1	205633645	205633646	140	27	2	1	1	1	NA	NA	NA	unphased	0.979858464888405	0.979858464888405	1
1	226109656	226109657	25	5	2	1	1	1	NA	NA	NA	unphased	1.01010101010101	1.01010101010101	1
1	228466414	228466415	50	10	2	1	1	1	NA	NA	NA	unphased	1.01010101010101	1.01010101010101	1
1	236647444	236647445	83	19	2	1	1	1	NA	NA	NA	unphased	1.12893642305407	1.12893642305407	1
1	248343824	248343825	137	16	NA	NA	NA	NA	NA	NA	NA	unphased	NA	NA	1
1	248616144	248616145	167	15	NA	NA	NA	NA	NA	NA	NA	unphased	NA	NA	1
10	123843454	123843455	86	19	1	1	0	1	NA	NA	NA	unphased	0.915728715728716	0.915728715728716	1
11	3849356	3849357	19	4	2	1	1	1	NA	NA	NA	unphased	1.05401844532279	1.05401844532279	1
11	7437317	7437318	120	7	2	1	1	1	NA	NA	NA	unphased	0.334049152946791	0.334049152946791	1
11	45275885	45275886	38	7	2	1	1	1	NA	NA	NA	unphased	0.942760942760943	0.942760942760943	1
11	56510701	56510702	48	10	2	1	1	1	NA	NA	NA	unphased	1.04493207941484	1.04493207941484	1
11	59210710	59210711	72	15	2	1	1	1	NA	NA	NA	unphased	1.04493207941484	1.04493207941484	1
11	59210711	59210712	69	16	2	1	1	1	NA	NA	NA	unphased	1.14081996434938	1.14081996434938	1
11	59224584	59224585	71	18	2	1	1	1	NA	NA	NA	unphased	1.22574055158325	1.22574055158325	1
11	60781475	60781476	32	3	2	1	1	1	NA	NA	NA	unphased	0.519480519480519	0.519480519480519	1
11	61105498	61105499	103	8	2	1	1	1	NA	NA	NA	unphased	0.436800436800437	0.436800436800437	1
11	89768526	89768527	58	12	2	1	1	1	NA	NA	NA	unphased	1.03896103896104	1.03896103896104	1
11	117186289	117186290	30	5	2	1	1	1	NA	NA	NA	unphased	0.865800865800866	0.865800865800866	1
11	121461838	121461839	92	6	2	1	1	1	NA	NA	NA	unphased	0.371057513914657	0.371057513914657	1
12	2977808	2977809	118	21	1	1	0	1	NA	NA	NA	unphased	0.764551994767822	0.764551994767822	1
12	6973059	6973060	31	13	1	1	0	1	NA	NA	NA	unphased	1.49517906336088	1.49517906336088	1
12	18892100	18892101	44	9	1	1	0	1	NA	NA	NA	unphased	0.85934819897084	0.85934819897084	1
12	46320525	46320526	148	15	1	1	0	1	NA	NA	NA	unphased	0.465699944227552	0.465699944227552	1
12	100691890	100691891	30	12	1	1	0	1	NA	NA	NA	unphased	1.44588744588745	1.44588744588745	1
12	108917148	108917149	32	3	1	1	0	1	NA	NA	NA	unphased	0.433766233766234	0.433766233766234	1
12	111779684	111779685	37	8	1	1	0	1	NA	NA	NA	unphased	0.8996632996633	0.8996632996633	1
13	34399956	34399957	31	4	1	1	0	0.01	0	1	0.99	unphased	0.578354978354978	0.578354978354978	1
13	37015311	37015312	54	4	1	1	0	0.01	0	1	0.99	unphased	0.349007314524556	0.349007314524556	1
14	20666235	20666236	211	31	2	1	1	0.13	1	1	0.87	unphased	0.776358627598297	0.776358627598297	1
14	20763528	20763529	39	9	2	1	1	0.13	1	1	0.87	unphased	1.13636363636364	1.13636363636364	1
14	58932630	58932631	107	25	2	1	1	0.13	1	1	0.87	unphased	1.14784205693297	1.14784205693297	1
14	72055434	72055435	50	5	2	1	1	0.23	1	1	0.77	unphased	0.550964187327824	0.550964187327824	1
14	81964259	81964260	49	3	2	1	1	0.23	1	1	0.77	unphased	0.34965034965035	0.454091363182272	0.77
14	96993793	96993794	56	7	2	1	1	0.23	1	1	0.77	unphased	0.673400673400673	0.673400673400673	1
14	107282983	107282984	106	14	NA	NA	NA	NA	NA	NA	NA	unphased	NA	NA	1
15	23931650	23931651	33	5	0.56	0	0	0.72	1	1	0.28	unphased	0.607974481658692	0.607974481658692	1
15	34640780	34640781	55	6	0.56	0	0	0.72	1	1	0.28	unphased	0.454485842026826	0.454485842026826	1
15	43653494	43653495	86	8	0.56	0	0	0.72	1	1	0.28	unphased	0.39324306898775	1.40443953209911	0.28
16	7743332	7743333	69	6	1	1	0	0.05	0	1	0.95	unphased	0.404848484848485	0.404848484848485	1
16	11114106	11114107	33	5	1	1	0	0.05	0	1	0.95	unphased	0.665869218500797	0.665869218500797	1
16	19548752	19548753	122	5	1	1	0	0.05	0	1	0.95	unphased	0.199236459078979	0.199236459078979	1
16	24268163	24268164	124	27	1	1	0	0.05	0	1	0.95	unphased	0.904876580373269	0.904876580373269	1
16	31045346	31045347	13	3	1	1	0	0.05	0	1	0.95	unphased	0.948863636363636	0.948863636363636	1
16	31419777	31419778	34	3	1	1	0	0.05	0	1	0.95	unphased	0.41031941031941	0.41031941031941	1
17	7578498	7578499	40	9	1	1	0	1	NA	NA	NA	unphased	0.929499072356215	0.929499072356215	1
17	26961981	26961982	299	14	2	1	1	0.17	1	1	0.83	unphased	0.271081421241166	0.271081421241166	1
17	27849369	27849370	62	6	2	1	1	0.17	1	1	0.83	unphased	0.53475935828877	0.53475935828877	1
17	33592925	33592926	52	7	2	1	1	0.17	1	1	0.83	unphased	0.719054956343092	0.719054956343092	1
17	39405982	39405983	118	15	2	1	1	0.17	1	1	0.83	unphased	0.683526999316473	0.683526999316473	1
17	43922671	43922672	27	4	2	1	1	0.17	1	1	0.83	unphased	0.782013685239492	0.782013685239492	1
17	48262854	48262855	67	5	2	1	1	0.17	1	1	0.83	unphased	0.420875420875421	0.507078820331832	0.83
17	57278968	57278969	70	17	2	1	1	0.17	1	1	0.83	unphased	1.18425635667015	1.18425635667015	1
17	76570974	76570975	37	16	2	1	1	0.17	1	1	0.83	unphased	1.82961692395655	1.82961692395655	1
18	29340371	29340372	77	7	2	1	1	0.49	1	1	0.51	unphased	0.505050505050505	0.990295107942167	0.51
18	43249419	43249420	102	11	2	1	1	0.49	1	1	0.51	unphased	0.589970501474926	1.1568049048528	0.51
18	77895021	77895022	79	10	NA	NA	NA	NA	NA	NA	NA	unphased	NA	NA	1
19	2405396	2405397	61	8	1.09	1	1	0.09	0	1	0.91	unphased	0.597171717171717	0.597171717171717	1
19	3760137	3760138	60	16	1.09	1	1	0.09	0	1	0.91	unphased	1.08433811802233	1.08433811802233	1
19	9048379	9048380	87	7	1.09	1	1	0.09	0	1	0.91	unphased	0.383555770470664	0.383555770470664	1
19	40316652	40316653	28	18	1.56	2	1	0.28	1	0	0.72	unphased	2.19936758893281	1.71825592885376	1.28
19	42396884	42396885	6	5	3	2	1	1	NA	NA	NA	unphased	3.20936639118457	1.60468319559229	2
19	43421913	43421914	114	57	2.96	3	1	0.48	1	1	0.52	unphased	2.34020202020202	0.943629846855653	2.48
19	50473209	50473210	32	3	1	1	0	1	NA	NA	NA	unphased	0.433766233766234	0.433766233766234	1
2	27449775	27449776	118	19	2	1	1	0.11	1	1	0.89	unphased	0.84052200840522	0.84052200840522	1
2	71365638	71365639	27	4	2	1	1	0.11	1	1	0.89	unphased	0.782013685239492	0.782013685239492	1
2	71615765	71615766	16	4	2	1	1	0.11	1	1	0.89	unphased	1.21212121212121	1.21212121212121	1
2	71653618	71653619	80	12	2	1	1	0.11	1	1	0.89	unphased	0.790513833992095	0.790513833992095	1
2	71653630	71653631	76	9	2	1	1	0.11	1	1	0.89	unphased	0.641711229946524	0.641711229946524	1
2	97498353	97498354	73	12	2	1	1	0.11	1	1	0.89	unphased	0.855614973262032	0.855614973262032	1
2	136558234	136558235	60	17	2	1	1	0.11	1	1	0.89	unphased	1.33805588351043	1.33805588351043	1
2	136570243	136570244	74	13	2	1	1	0.11	1	1	0.89	unphased	0.905607802159526	0.905607802159526	1
2	143799695	143799696	32	3	2	1	1	0.11	1	1	0.89	unphased	0.519480519480519	0.519480519480519	1
2	158622639	158622640	72	8	2	1	1	0.11	1	1	0.89	unphased	0.606060606060606	0.606060606060606	1
2	179574317	179574318	31	6	2	1	1	0.19	1	1	0.81	unphased	0.982800982800983	0.982800982800983	1
2	179613586	179613587	46	6	2	1	1	0.19	1	1	0.81	unphased	0.699300699300699	0.699300699300699	1
2	201822818	201822819	63	6	2	1	1	0.19	1	1	0.81	unphased	0.527009222661396	0.527009222661396	1
2	207426991	207426992	148	42	2	1	1	0.19	1	1	0.81	unphased	1.33971291866029	1.33971291866029	1
2	217303158	217303159	26	8	2	1	1	0.19	1	1	0.81	unphased	1.42602495543672	1.42602495543672	1
2	219130550	219130551	24	4	2	1	1	0.19	1	1	0.81	unphased	0.865800865800866	0.865800865800866	1
2	234238165	234238166	36	13	2	1	1	0.19	1	1	0.81	unphased	1.60791589363018	1.60791589363018	1
2	242047653	242047654	69	6	2	1	1	0.19	1	1	0.81	unphased	0.484848484848485	0.598578376356154	0.81
2	242203864	242203865	89	25	2	1	1	0.19	1	1	0.81	unphased	1.3290802764487	1.3290802764487	1
20	8628583	8628584	61	10	2	1	1	1	NA	NA	NA	unphased	0.853606487409304	0.853606487409304	1
20	13868492	13868493	169	7	2	1	1	1	NA	NA	NA	unphased	0.241046831955923	0.241046831955923	1
20	33026419	33026420	90	8	2	1	1	1	NA	NA	NA	unphased	0.494743351886209	0.494743351886209	1
20	56089660	56089661	179	15	2	1	1	1	NA	NA	NA	unphased	0.468603561387067	0.468603561387067	1
21	38853103	38853104	69	11	1.24	2	1	0.12	1	0	0.88	unphased	0.728833333333333	0.728833333333333	1
21	46314929	46314930	65	5	1.07	1	1	0.07	0	1	0.93	unphased	0.366471861471861	0.366471861471861	1
22	23165509	23165510	214	24	2	1	1	0.16	1	1	0.84	unphased	0.611153552330023	0.727563752773837	0.84
22	35719781	35719782	58	10	2	1	1	0.16	1	1	0.84	unphased	0.89126559714795	0.89126559714795	1
22	36886231	36886232	144	11	2	1	1	0.16	1	1	0.84	unphased	0.43010752688172	0.43010752688172	1
22	46752862	46752863	35	3	2	1	1	0.16	1	1	0.84	unphased	0.478468899521531	0.478468899521531	1
3	3067832	3067833	28	3	1.01	1	1	0.01	0	1	0.99	unphased	0.490703812316715	0.490703812316715	1
3	17053010	17053011	46	12	1.01	1	1	0.01	0	1	0.99	unphased	1.04909090909091	1.04909090909091	1
3	32754763	32754764	60	6	1.01	1	1	0.01	0	1	0.99	unphased	0.460964187327824	0.460964187327824	1
3	52526235	52526236	83	22	1.01	1	1	0.01	0	1	0.99	unphased	1.0624126984127	1.0624126984127	1
3	64084970	64084971	30	4	1.01	1	1	0.01	0	1	0.99	unphased	0.596541889483066	0.596541889483066	1
3	77542451	77542452	40	3	1.01	1	1	0.01	0	1	0.99	unphased	0.353763213530655	0.353763213530655	1
3	96706502	96706503	160	9	1.01	1	1	0.01	0	1	0.99	unphased	0.270032275416891	0.270032275416891	1
3	99895213	99895214	50	3	1.01	1	1	0.01	0	1	0.99	unphased	0.287015437392796	0.287015437392796	1
3	105459347	105459348	77	19	1.01	1	1	0.01	0	1	0.99	unphased	1.00355744949495	1.00355744949495	1
3	112710080	112710081	46	6	1.01	1	1	0.01	0	1	0.99	unphased	0.58506993006993	0.58506993006993	1
3	120134835	120134836	115	7	1.01	1	1	0.01	0	1	0.99	unphased	0.290936413313462	0.290936413313462	1
3	151046306	151046307	35	4	1.01	1	1	0.01	0	1	0.99	unphased	0.52006216006216	0.52006216006216	1
3	156175288	156175289	113	16	1.01	1	1	0.01	0	1	0.99	unphased	0.628912379610054	0.628912379610054	1
3	196630481	196630482	53	6	1.01	1	1	0.01	0	1	0.99	unphased	0.515654853620955	0.515654853620955	1
4	11401342	11401343	71	17	1.85	1	0	0.15	1	1	0.85	unphased	1.14182162534435	1.14182162534435	1
4	48178123	48178124	121	21	1.85	1	0	0.15	1	1	0.85	unphased	0.87410371318822	0.87410371318822	1
4	115748938	115748939	15	12	1.85	1	0	0.15	1	1	0.85	unphased	2.62693602693603	2.62693602693603	1
4	154547371	154547372	51	4	1	1	0	1	NA	NA	NA	unphased	0.368044077134986	0.368044077134986	1
4	159772517	159772518	394	42	1	1	0	1	NA	NA	NA	unphased	0.487489574645538	0.487489574645538	1
5	3600759	3600760	72	9	2	1	1	0.19	1	1	0.81	unphased	0.673400673400673	0.673400673400673	1
5	33989574	33989575	56	3	2	1	1	0.19	1	1	0.81	unphased	0.308166409861325	0.380452357853488	0.81
5	41862831	41862832	75	9	2	1	1	0.19	1	1	0.81	unphased	0.649350649350649	0.649350649350649	1
5	140769503	140769504	142	8	1	1	0	0.02	0	1	0.98	unphased	0.26989898989899	0.26989898989899	1
5	177580544	177580545	136	10	1	1	0	0.02	0	1	0.98	unphased	0.346616853466168	0.346616853466168	1
6	6182301	6182302	52	12	1.01	1	1	0.01	0	1	0.99	unphased	0.950738636363636	0.950738636363636	1
6	30570126	30570127	117	16	1.01	1	1	0.01	0	1	0.99	unphased	0.609997721576669	0.609997721576669	1
6	42146103	42146104	90	10	1.01	1	1	0.01	0	1	0.99	unphased	0.507060606060606	0.507060606060606	1
6	83839205	83839206	32	4	1.01	1	1	0.01	0	1	0.99	unphased	0.563400673400673	0.563400673400673	1
6	90578513	90578514	23	3	1.01	1	1	0.01	0	1	0.99	unphased	0.58506993006993	0.58506993006993	1
6	106968958	106968959	87	13	1.01	1	1	0.01	0	1	0.99	unphased	0.659178787878788	0.659178787878788	1
6	107419763	107419764	28	4	1.01	1	1	0.01	0	1	0.99	unphased	0.633825757575758	0.633825757575758	1
6	116442717	116442718	39	5	1.01	1	1	0.01	0	1	0.99	unphased	0.57620523415978	0.57620523415978	1
6	126249890	126249891	89	8	1.01	1	1	0.01	0	1	0.99	unphased	0.418194314276788	0.418194314276788	1
6	139251119	139251120	62	8	1.01	1	1	0.01	0	1	0.99	unphased	0.579497835497835	0.579497835497835	1
7	23401201	23401202	210	10	3.4	3	1	0.8	1	0	0.2	unphased	0.339118457300275	0.339118457300275	1
7	27211463	27211464	109	8	3.4	3	1	0.8	1	0	0.2	unphased	0.51012691012691	0.637658637658638	0.8
7	47897301	47897302	73	17	3.4	3	1	0.8	1	0	0.2	unphased	1.40922558922559	1.40922558922559	1
7	100030678	100030679	69	4	2.51	2	1	0.51	1	1	0.49	unphased	0.360033208800332	0.705947468235945	0.51
7	105146652	105146653	66	19	2.51	2	1	0.51	1	1	0.49	unphased	1.46872370766488	0.972664707062837	1.51
7	108154643	108154644	345	17	2.51	2	1	0.51	1	1	0.49	unphased	0.308564373011887	0.308564373011887	1
7	140494147	140494148	118	10	2.51	2	1	0.51	1	1	0.49	unphased	0.513328598484848	1.00652666369578	0.51
7	141896614	141896615	22	10	2.51	2	1	0.51	1	1	0.49	unphased	2.05331439393939	1.35981085691351	1.51
7	142139372	142139373	80	9	2.51	2	1	0.51	1	1	0.49	unphased	0.664443309499489	0.664443309499489	1
8	8235008	8235009	14	7	1	1	0	1	NA	NA	NA	unphased	1.68686868686869	1.68686868686869	1
8	35406823	35406824	24	6	1	1	0	1	NA	NA	NA	unphased	1.01212121212121	1.01212121212121	1
8	38250062	38250063	156	19	1	1	0	1	NA	NA	NA	unphased	0.549437229437229	0.549437229437229	1
8	73479987	73479988	77	6	2	2	0	0.52	1	1	0.48	unphased	0.438116100766703	0.912741876597298	0.48
8	113364699	113364700	89	9	2	2	0	0.52	1	1	0.48	unphased	0.556586270871985	1.1595547309833	0.48
8	124440235	124440236	329	17	2	2	0	0.52	1	1	0.48	unphased	0.297775442284113	0.297775442284113	1
8	125072865	125072866	65	8	2	2	0	0.52	1	1	0.48	unphased	0.66417600664176	0.66417600664176	1
8	131414162	131414163	59	15	2	2	0	0.52	1	1	0.48	unphased	1.22850122850123	1.22850122850123	1
8	131414163	131414164	57	17	2	2	0	0.52	1	1	0.48	unphased	1.39230139230139	1.39230139230139	1
9	114304222	114304223	183	10	1.03	1	1	0.03	0	1	0.97	unphased	0.263761972052127	0.263761972052127	1
9	124076247	124076248	70	9	2	1	1	1	NA	NA	NA	unphased	0.690448791714614	0.690448791714614	1
9	125673230	125673231	28	4	2	1	1	1	NA	NA	NA	unphased	0.757575757575758	0.757575757575758	1
9	131370515	131370516	197	15	2	1	1	1	NA	NA	NA	unphased	0.428816466552316	0.428816466552316	1
X	2161227	2161228	54	13	NA	NA	NA	NA	NA	NA	NA	unphased	NA	NA	1
X	21670427	21670428	36	3	NA	NA	NA	NA	NA	NA	NA	unphased	NA	NA	1
X	47104819	47104820	26	4	NA	NA	NA	NA	NA	NA	NA	unphased	NA	NA	1
X	69640064	69640065	25	3	NA	NA	NA	NA	NA	NA	NA	unphased	NA	NA	1
X	75650134	75650135	30	4	NA	NA	NA	NA	NA	NA	NA	unphased	NA	NA	1
X	91642829	91642830	96	11	NA	NA	NA	NA	NA	NA	NA	unphased	NA	NA	1
X	118723543	118723544	116	18	NA	NA	NA	NA	NA	NA	NA	unphased	NA	NA	1
X	122756690	122756691	28	10	NA	NA	NA	NA	NA	NA	NA	unphased	NA	NA	1
X	122765703	122765704	172	28	NA	NA	NA	NA	NA	NA	NA	unphased	NA	NA	1
X	123805646	123805647	68	11	NA	NA	NA	NA	NA	NA	NA	unphased	NA	NA	1
X	152734614	152734615	137	19	NA	NA	NA	NA	NA	NA	NA	unphased	NA	NA	1
X	152734615	152734616	138	19	NA	NA	NA	NA	NA	NA	NA	unphased	NA	NA	1
