chr	start	end	WT.count	mut.count	subclonal.CN	nMaj1	nMin1	frac1	nMaj2	nMin2	frac2	phase	mutation.copy.number	subclonal.fraction	no.chrs.bearing.mut
1	10421829	10421830	61	84	2	2	0	1	NA	NA	NA	unphased	1.86874304783092	0.934371523915462	2
1	28206515	28206516	30	3	2	2	0	1	NA	NA	NA	unphased	0.293255131964809	0.293255131964809	1
1	36469987	36469988	29	49	2	2	0	1	NA	NA	NA	unphased	2.02646815550041	1.01323407775021	2
1	38019709	38019710	16	8	2	2	0	1	NA	NA	NA	unphased	1.0752688172043	1.0752688172043	1
1	45294202	45294203	14	27	2	2	0	1	NA	NA	NA	unphased	2.1243115656963	1.06215578284815	2
1	70518798	70518799	13	47	2	2	0	1	NA	NA	NA	unphased	2.52688172043011	1.26344086021505	2
1	76205781	76205782	32	33	2	2	0	1	NA	NA	NA	unphased	1.63771712158809	0.818858560794045	2
1	100928315	100928316	47	19	2	2	0	1	NA	NA	NA	unphased	0.928641251221896	0.928641251221896	1
1	109867651	109867652	27	38	2	2	0	1	NA	NA	NA	unphased	1.88585607940447	0.942928039702233	2
1	152280379	152280380	921	698	5	3	2	1	NA	NA	NA	unphased	2.68413397357987	0.894711324526623	3
1	156532984	156532985	297	47	5	3	2	1	NA	NA	NA	unphased	0.850618904726182	0.850618904726182	1
1	156639505	156639506	96	40	5	3	2	1	NA	NA	NA	unphased	1.83111954459203	0.915559772296015	2
1	167830184	167830185	225	32	5	3	2	1	NA	NA	NA	unphased	0.775197690473202	0.775197690473202	1
1	169698395	169698396	85	63	5	3	2	1	NA	NA	NA	unphased	2.6501743679163	0.883391455972101	3
1	173493963	173493964	158	44	5	3	2	1	NA	NA	NA	unphased	1.35611625678697	0.678058128393485	2
1	192985497	192985498	290	92	5	3	2	1	NA	NA	NA	unphased	1.49940888363452	0.749704441817261	2
1	196971704	196971705	50	43	5	3	2	1	NA	NA	NA	unphased	2.87859868192855	0.959532893976182	3
1	200012996	200012997	49	25	5	3	2	1	NA	NA	NA	unphased	2.10331299040976	1.05165649520488	2
1	211486234	211486235	125	65	5	3	2	1	NA	NA	NA	unphased	2.12988115449915	1.06494057724958	2
1	216166399	216166400	391	337	5	3	2	1	NA	NA	NA	unphased	2.88200106345268	0.960667021150892	3
1	216497665	216497666	54	11	5	3	2	1	NA	NA	NA	unphased	1.05359801488834	1.05359801488834	1
1	227838767	227838768	295	138	5	3	2	1	NA	NA	NA	unphased	1.98420621321612	0.992103106608061	2
1	228582543	228582544	73	57	5	3	2	1	NA	NA	NA	unphased	2.72977667493797	0.909925558312655	3
1	228602467	228602468	113	82	5	3	2	1	NA	NA	NA	unphased	2.61803143093466	0.872677143644886	3
1	247836208	247836209	53	42	NA	NA	NA	NA	NA	NA	NA	unphased	NA	NA	1
1	248058879	248058880	37	21	NA	NA	NA	NA	NA	NA	NA	unphased	NA	NA	1
1	248790194	248790195	35	47	NA	NA	NA	NA	NA	NA	NA	unphased	NA	NA	1
10	15256129	15256130	134	42	1.08	2	1	0.04	0	1	0.96	unphased	0.55024926686217	0.55024926686217	1
10	16975227	16975228	76	27	1.08	2	1	0.04	0	1	0.96	unphased	0.604434700908237	0.604434700908237	1
10	25887468	25887469	155	40	1.08	2	1	0.04	0	1	0.96	unphased	0.47298593879239	0.47298593879239	1
10	26581398	26581399	70	15	1.08	2	1	0.04	0	1	0.96	unphased	0.406907020872865	0.406907020872865	1
10	28527550	28527551	66	68	1.08	2	1	0.04	0	1	0.96	unphased	1.17011073663938	1.17011073663938	1
10	30615474	30615475	188	144	1.08	2	1	0.04	0	1	0.96	unphased	1.00010882238632	1.00010882238632	1
10	101439628	101439629	109	55	1.08	2	1	0.04	0	1	0.96	unphased	0.773288749016523	0.773288749016523	1
10	102763433	102763434	410	86	1.08	2	1	0.04	0	1	0.96	unphased	0.399797086368366	0.399797086368366	1
10	118202576	118202577	15	10	1.08	2	1	0.04	0	1	0.96	unphased	0.922322580645162	0.922322580645162	1
10	118969417	118969418	114	71	1.08	2	1	0.04	0	1	0.96	unphased	0.88493112467306	0.88493112467306	1
10	125526524	125526525	110	62	1.08	2	1	0.04	0	1	0.96	unphased	0.831162790697674	0.831162790697674	1
10	128925931	128925932	85	27	1.08	2	1	0.04	0	1	0.96	unphased	0.555864055299539	0.555864055299539	1
11	1642978	1642979	167	102	3	2	1	1	NA	NA	NA	unphased	1.60235040172683	0.801175200863413	2
11	4790611	4790612	71	45	3	2	1	1	NA	NA	NA	unphased	1.63932146829811	0.819660734149054	2
11	6790079	6790080	84	61	3	2	1	1	NA	NA	NA	unphased	1.77775305895439	0.888876529477197	2
11	14063146	14063147	137	101	3	2	1	1	NA	NA	NA	unphased	1.79330441854161	0.896652209270805	2
11	14063147	14063148	134	100	3	2	1	1	NA	NA	NA	unphased	1.80590019299697	0.902950096498484	2
11	15134021	15134022	56	44	3	2	1	1	NA	NA	NA	unphased	1.85935483870968	0.929677419354839	2
11	55136136	55136137	108	98	3	2	1	1	NA	NA	NA	unphased	2.01033510804886	1.00516755402443	2
11	57996155	57996156	101	27	3	2	1	1	NA	NA	NA	unphased	0.891381048387097	0.891381048387097	1
11	62292533	62292534	597	50	3	2	1	1	NA	NA	NA	unphased	0.326569277558957	0.326569277558957	1
11	63449189	63449190	14	14	3	2	1	1	NA	NA	NA	unphased	2.11290322580645	1.05645161290323	2
11	75438555	75438556	95	35	3	2	1	1	NA	NA	NA	unphased	1.13771712158809	1.13771712158809	1
11	92715485	92715486	52	12	3	2	1	1	NA	NA	NA	unphased	0.792338709677419	0.792338709677419	1
11	123886667	123886668	283	56	3	2	1	1	NA	NA	NA	unphased	0.698068322390332	0.698068322390332	1
11	123908790	123908791	50	39	3	2	1	1	NA	NA	NA	unphased	1.85175788329105	0.925878941645524	2
12	2975568	2975569	98	84	4.72	3	2	0.93	0	1	0.07	unphased	2.74421836228288	0.983590810854079	2.79
12	25398283	25398284	26	17	4.72	3	2	0.93	0	1	0.07	unphased	2.35066766691673	0.842533213948649	2.79
12	29423356	29423357	94	40	4.72	3	2	0.93	0	1	0.07	unphased	1.77486759749639	0.954229891127091	1.86
12	49445286	49445287	123	63	4	2	2	1	NA	NA	NA	unphased	1.77003121748179	0.885015608740895	2
12	53800379	53800380	104	60	4	2	2	1	NA	NA	NA	unphased	1.91188040912667	0.955940204563336	2
12	55714895	55714896	82	31	4	2	2	1	NA	NA	NA	unphased	1.43362831858407	0.716814159292035	2
12	70956687	70956688	121	61	4	2	2	1	NA	NA	NA	unphased	1.75150655795817	0.875753278979085	2
12	78225189	78225190	418	211	4	2	2	1	NA	NA	NA	unphased	1.75301297502436	0.87650648751218	2
12	85279239	85279240	94	59	4	2	2	1	NA	NA	NA	unphased	2.01518026565465	1.00759013282732	2
12	86373525	86373526	70	32	4	2	2	1	NA	NA	NA	unphased	1.63946869070209	0.819734345351044	2
12	100904814	100904815	128	56	4	2	2	1	NA	NA	NA	unphased	1.59046283309958	0.79523141654979	2
12	104133197	104133198	121	16	4	2	2	1	NA	NA	NA	unphased	0.610313162232164	0.610313162232164	1
12	109577846	109577847	92	45	4	2	2	1	NA	NA	NA	unphased	1.71650576877796	0.858252884388981	2
12	121701684	121701685	52	34	4	2	2	1	NA	NA	NA	unphased	2.06601650412603	1.03300825206302	2
12	122396893	122396894	121	61	4	2	2	1	NA	NA	NA	unphased	1.75150655795817	0.875753278979085	2
13	20283714	20283715	64	124	4	4	0	1	NA	NA	NA	unphased	3.4468085106383	0.861702127659575	4
13	38266180	38266181	51	100	4	4	0	1	NA	NA	NA	unphased	3.46079897457808	0.86519974364452	4
13	58207980	58207981	78	21	4	4	0	1	NA	NA	NA	unphased	1.10850439882698	1.10850439882698	1
13	79189772	79189773	216	47	4	4	0	1	NA	NA	NA	unphased	0.933889365877591	0.933889365877591	1
13	100953771	100953772	224	49	4	4	0	1	NA	NA	NA	unphased	0.937965260545906	0.937965260545906	1
13	102105180	102105181	50	123	4	4	0	1	NA	NA	NA	unphased	3.71545776617565	0.928864441543912	4
14	24546539	24546540	33	62	2	2	0	1	NA	NA	NA	unphased	2.10526315789474	1.05263157894737	2
14	91770242	91770243	39	70	2	2	0	1	NA	NA	NA	unphased	2.07161882213673	1.03580941106836	2
14	105409966	105409967	145	234	2	2	0	1	NA	NA	NA	unphased	1.99165886458422	0.99582943229211	2
15	20489493	20489494	209	26	NA	NA	NA	NA	NA	NA	NA	unphased	NA	NA	1
15	23444032	23444033	272	18	NA	NA	NA	NA	NA	NA	NA	unphased	NA	NA	1
15	25446383	25446384	118	35	3	2	1	1	NA	NA	NA	unphased	0.966687750368965	0.966687750368965	1
15	35086899	35086900	47	35	3	2	1	1	NA	NA	NA	unphased	1.80369787568843	0.901848937844217	2
15	41361778	41361779	34	26	3	2	1	1	NA	NA	NA	unphased	1.83118279569892	0.915591397849462	2
15	43663582	43663583	51	28	3	2	1	1	NA	NA	NA	unphased	1.49775418538179	0.748877092690894	2
15	50152667	50152668	138	30	3	2	1	1	NA	NA	NA	unphased	0.754608294930876	0.754608294930876	1
15	50152669	50152670	136	29	3	2	1	1	NA	NA	NA	unphased	0.742717497556207	0.742717497556207	1
15	65677379	65677380	60	19	3	2	1	1	NA	NA	NA	unphased	1.01633319722336	1.01633319722336	1
15	85401452	85401453	18	11	3	2	1	1	NA	NA	NA	unphased	1.60289210233593	1.60289210233593	1
15	89744334	89744335	36	3	3	2	1	1	NA	NA	NA	unphased	0.325062034739454	0.325062034739454	1
15	91341490	91341491	81	63	3	2	1	1	NA	NA	NA	unphased	1.84879032258065	0.924395161290323	2
16	1395018	1395019	56	43	3	2	1	1	NA	NA	NA	unphased	1.83545128706419	0.917725643532095	2
16	3349589	3349590	96	30	3	2	1	1	NA	NA	NA	unphased	1.00614439324117	1.00614439324117	1
16	4494685	4494686	62	14	3	2	1	1	NA	NA	NA	unphased	0.778438030560272	0.778438030560272	1
16	22262544	22262545	154	30	3	2	1	1	NA	NA	NA	unphased	0.688990182328191	0.688990182328191	1
16	23632699	23632700	78	15	3	2	1	1	NA	NA	NA	unphased	0.681581685744017	0.681581685744017	1
16	31087949	31087950	68	23	3	2	1	1	NA	NA	NA	unphased	1.06806097128678	1.06806097128678	1
16	32891041	32891042	84	72	3.96	3	2	0.74	1	0	0.26	unphased	2.39344913151365	0.965100456255503	2.48
16	55903557	55903558	37	33	3.96	3	2	0.74	1	0	0.26	unphased	2.44473732718894	0.985781180318121	2.48
16	57111270	57111271	56	31	3.96	3	2	0.74	1	0	0.26	unphased	1.84781609195402	1.06196327123794	1.74
16	68024722	68024723	202	187	3.96	3	2	0.74	1	0	0.26	unphased	2.4929198109296	1.00520960118129	2.48
16	75513121	75513122	61	46	3.96	3	2	0.74	1	0	0.26	unphased	2.22941211938499	0.898956499752011	2.48
17	3323977	3323978	56	11	3	2	1	1	NA	NA	NA	unphased	0.693789118921522	0.693789118921522	1
17	6337348	6337349	48	6	3	2	1	1	NA	NA	NA	unphased	0.469534050179211	0.469534050179211	1
17	7406555	7406556	91	32	3	2	1	1	NA	NA	NA	unphased	1.09939680041962	1.09939680041962	1
17	20319892	20319893	86	53	3	2	1	1	NA	NA	NA	unphased	1.61127871896032	0.805639359480158	2
17	26114787	26114788	161	145	3	2	1	1	NA	NA	NA	unphased	2.00242462576428	1.00121231288214	2
17	37368517	37368518	11	5	3	2	1	1	NA	NA	NA	unphased	1.32056451612903	1.32056451612903	1
17	39578345	39578346	133	34	3	2	1	1	NA	NA	NA	unphased	0.860343828472088	0.860343828472088	1
17	39580631	39580632	84	31	3	2	1	1	NA	NA	NA	unphased	1.13913043478261	1.13913043478261	1
17	46629912	46629913	9	10	3	2	1	1	NA	NA	NA	unphased	2.22410865874363	1.11205432937182	2
17	47299961	47299962	69	23	3	2	1	1	NA	NA	NA	unphased	1.05645161290323	1.05645161290323	1
17	48625059	48625060	29	38	3	2	1	1	NA	NA	NA	unphased	2.39672604718344	1.19836302359172	2
17	61885105	61885106	138	99	3	2	1	1	NA	NA	NA	unphased	1.76521028991425	0.882605144957125	2
17	71027787	71027788	55	48	3	2	1	1	NA	NA	NA	unphased	1.96930786094582	0.984653930472909	2
17	72348160	72348161	8	5	3	2	1	1	NA	NA	NA	unphased	1.62531017369727	1.62531017369727	1
17	73055631	73055632	68	17	3	2	1	1	NA	NA	NA	unphased	0.845161290322581	0.845161290322581	1
17	74902106	74902107	100	47	3	2	1	1	NA	NA	NA	unphased	1.35110818520957	0.675554092604784	2
17	79225399	79225400	35	8	3	2	1	1	NA	NA	NA	unphased	0.786196549137284	0.786196549137284	1
17	80361812	80361813	14	10	3	2	1	1	NA	NA	NA	unphased	1.76075268817204	0.880376344086022	2
18	7231503	7231504	54	23	2	1	1	1	NA	NA	NA	unphased	0.963552576455802	0.963552576455802	1
18	13737008	13737009	43	21	2	1	1	1	NA	NA	NA	unphased	1.05846774193548	1.05846774193548	1
18	21747355	21747356	105	49	2	1	1	1	NA	NA	NA	unphased	1.02639296187683	1.02639296187683	1
18	76757145	76757146	146	45	2	1	1	1	NA	NA	NA	unphased	0.760006755615605	0.760006755615605	1
19	5225820	5225821	31	24	1.04	2	1	0.02	0	1	0.98	unphased	0.988715542521994	0.988715542521994	1
19	10602619	10602620	18	27	1.04	2	1	0.02	0	1	0.98	unphased	1.35948387096774	1.33282732447818	1.02
19	18001743	18001744	65	139	1.04	2	1	0.02	0	1	0.98	unphased	1.54385831752056	1.51358658580447	1.02
19	23836245	23836246	24	31	1.04	2	1	0.02	0	1	0.98	unphased	1.27709090909091	1.25204991087344	1.02
19	36259552	36259553	37	7	1.04	2	1	0.02	0	1	0.98	unphased	0.360469208211144	0.360469208211144	1
19	38202554	38202555	47	14	1.04	2	1	0.02	0	1	0.98	unphased	0.520021152829191	0.520021152829191	1
19	43519363	43519364	281	75	1.04	2	1	0.02	0	1	0.98	unphased	0.477346864806089	0.477346864806089	1
19	43579758	43579759	352	86	1.04	2	1	0.02	0	1	0.98	unphased	0.444884371777876	0.444884371777876	1
19	49183483	49183484	11	8	3	2	1	1	NA	NA	NA	unphased	1.77928692699491	1.77928692699491	1
19	51361317	51361318	59	21	3	2	1	1	NA	NA	NA	unphased	1.10927419354839	1.10927419354839	1
19	54848198	54848199	277	118	3	2	1	1	NA	NA	NA	unphased	1.26239281339322	1.26239281339322	1
19	55693404	55693405	105	78	3	2	1	1	NA	NA	NA	unphased	1.8011634056055	0.90058170280275	2
19	55693405	55693406	105	78	3	2	1	1	NA	NA	NA	unphased	1.8011634056055	0.90058170280275	2
19	56300689	56300690	123	101	3	2	1	1	NA	NA	NA	unphased	1.90538594470046	0.95269297235023	2
19	56572868	56572869	162	37	3	2	1	1	NA	NA	NA	unphased	0.785702707083806	0.785702707083806	1
19	57640041	57640042	50	7	3	2	1	1	NA	NA	NA	unphased	0.518958687040181	0.518958687040181	1
19	57640042	57640043	50	7	3	2	1	1	NA	NA	NA	unphased	0.518958687040181	0.518958687040181	1
19	59010491	59010492	54	42	NA	NA	NA	NA	NA	NA	NA	unphased	NA	NA	1
2	1914021	1914022	57	33	4.68	3	2	0.92	0	1	0.08	unphased	2.1654623655914	1.12784498207885	1.92
2	51255148	51255149	35	14	4.68	3	2	0.92	0	1	0.08	unphased	1.6873732718894	0.91705069124424	1.84
2	65301306	65301307	30	9	4.68	3	2	0.92	0	1	0.08	unphased	1.36287841191067	1.36287841191067	1
2	80529331	80529332	37	20	4.68	3	2	0.92	0	1	0.08	unphased	2.07221279003962	1.0792774948123	1.92
2	84668223	84668224	77	25	4.68	3	2	0.92	0	1	0.08	unphased	1.44750158127767	0.786685641998735	1.84
2	85578056	85578057	60	47	4.68	3	2	0.92	0	1	0.08	unphased	2.59413928248417	0.939905537131946	2.76
2	108487938	108487939	230	14	4.68	3	2	0.92	0	1	0.08	unphased	0.338857747223691	0.338857747223691	1
2	113674729	113674730	88	43	4.68	3	2	0.92	0	1	0.08	unphased	1.93854715587294	1.00965997701716	1.92
2	119600785	119600786	20	8	4.68	3	2	0.92	0	1	0.08	unphased	1.6873732718894	1.6873732718894	1
2	132914696	132914697	18	4	4.68	3	2	0.92	0	1	0.08	unphased	1.07378299120235	1.07378299120235	1
2	133540302	133540303	76	34	4.68	3	2	0.92	0	1	0.08	unphased	1.82543108504399	0.99208211143695	1.84
2	152470915	152470916	363	298	4.68	3	2	0.92	0	1	0.08	unphased	2.66252696305695	0.964683682267012	2.76
2	155555269	155555270	92	35	4.68	3	2	0.92	0	1	0.08	unphased	1.62758445516891	0.884556769113538	1.84
2	165970340	165970341	169	23	4.68	3	2	0.92	0	1	0.08	unphased	0.707466397849462	0.768985215053763	0.92
2	165987786	165987787	181	63	4.68	3	2	0.92	0	1	0.08	unphased	1.52485986250661	0.828728186144897	1.84
2	175677162	175677163	92	111	4.68	3	2	0.92	0	1	0.08	unphased	3.22928333068489	1.10591894886469	2.92
2	189916923	189916924	143	85	4.68	3	2	0.92	0	1	0.08	unphased	2.20172608941709	1.14673233823807	1.92
2	198646502	198646503	217	84	4.68	3	2	0.92	0	1	0.08	unphased	1.64813203300825	0.895723930982746	1.84
2	211456678	211456679	60	43	4.68	3	2	0.92	0	1	0.08	unphased	2.4655308487316	0.893308278525942	2.76
2	215807685	215807686	56	30	4.68	3	2	0.92	0	1	0.08	unphased	2.06016504126032	1.07300262565641	1.92
2	218713527	218713528	96	70	4.68	3	2	0.92	0	1	0.08	unphased	2.4904003109211	0.902318953232284	2.76
2	219605284	219605285	270	35	4.68	3	2	0.92	0	1	0.08	unphased	0.677715494447382	0.736647276573242	0.92
2	220431753	220431754	37	26	4.68	3	2	0.92	0	1	0.08	unphased	2.43731694828469	0.883085850827786	2.76
2	226446862	226446863	320	15	4.68	3	2	0.92	0	1	0.08	unphased	0.264439094848339	0.264439094848339	1
2	242144276	242144277	72	57	4.36	3	2	0.84	1	0	0.16	unphased	2.46814703675919	0.920950386850444	2.68
20	4768900	4768901	80	74	1.42	2	1	0.21	1	0	0.79	unphased	1.27136154168412	1.05071201792076	1.21
20	31685466	31685467	130	97	1.42	2	1	0.21	1	0	0.79	unphased	1.13058689782578	1.13058689782578	1
20	40730910	40730911	87	18	1.42	2	1	0.21	1	0	0.79	unphased	0.453566820276498	0.453566820276498	1
20	40743841	40743842	100	32	1.42	2	1	0.21	1	0	0.79	unphased	0.641407624633431	0.641407624633431	1
20	42635365	42635366	24	36	1.42	2	1	0.21	1	0	0.79	unphased	1.58748387096774	1.31197014129565	1.21
20	44839120	44839121	32	14	1.42	2	1	0.21	1	0	0.79	unphased	0.805245441795231	0.805245441795231	1
20	44869743	44869744	101	26	1.42	2	1	0.21	1	0	0.79	unphased	0.541661163322327	0.541661163322327	1
20	57768320	57768321	9	12	1.38	2	1	0.19	1	0	0.81	unphased	1.48903225806452	1.48903225806452	1
20	57768438	57768439	21	29	1.38	2	1	0.19	1	0	0.81	unphased	1.51136774193548	1.2700569259962	1.19
20	60985977	60985978	90	77	1.38	2	1	0.19	1	0	0.81	unphased	1.20147962140236	1.00964674067425	1.19
20	61870818	61870819	133	18	1.38	2	1	0.19	1	0	0.81	unphased	0.310625934629353	0.310625934629353	1
20	62839774	62839775	27	28	NA	NA	NA	NA	NA	NA	NA	unphased	NA	NA	1
20	62904812	62904813	99	93	NA	NA	NA	NA	NA	NA	NA	unphased	NA	NA	1
21	32526705	32526706	68	84	2	2	0	1	NA	NA	NA	unphased	1.78268251273345	0.891341256366723	2
21	44192568	44192569	5	11	2	2	0	1	NA	NA	NA	unphased	2.21774193548387	1.10887096774194	2
21	45544481	45544482	55	23	2	2	0	1	NA	NA	NA	unphased	0.951199338296112	0.951199338296112	1
22	23101411	23101412	112	143	2	2	0	1	NA	NA	NA	unphased	1.808981657179	0.9044908285895	2
22	26736547	26736548	48	75	2	2	0	1	NA	NA	NA	unphased	1.9669551534225	0.983477576711251	2
22	32914052	32914053	57	76	2	2	0	1	NA	NA	NA	unphased	1.84331797235023	0.921658986175115	2
22	44333103	44333104	41	9	2	2	0	1	NA	NA	NA	unphased	0.580645161290323	0.580645161290323	1
22	45312348	45312349	67	24	2	2	0	1	NA	NA	NA	unphased	0.850762141084722	0.850762141084722	1
3	4459758	4459759	71	110	2	2	0	1	NA	NA	NA	unphased	1.96043486009624	0.98021743004812	2
3	13415249	13415250	28	49	2	2	0	1	NA	NA	NA	unphased	2.05278592375367	1.02639296187683	2
3	19190117	19190118	6	19	2	2	0	1	NA	NA	NA	unphased	2.45161290322581	1.2258064516129	2
3	41996203	41996204	53	77	2	2	0	1	NA	NA	NA	unphased	1.9106699751861	0.955334987593052	2
3	49412904	49412905	97	125	2	2	0	1	NA	NA	NA	unphased	1.81633246149375	0.908166230746876	2
3	57130438	57130439	69	120	2	2	0	1	NA	NA	NA	unphased	2.04813108038914	1.02406554019457	2
3	97506896	97506897	43	28	2	2	0	1	NA	NA	NA	unphased	1.27214902317129	1.27214902317129	1
3	108541678	108541679	43	32	2	2	0	1	NA	NA	NA	unphased	1.37634408602151	0.688172043010753	2
3	128200787	128200788	19	41	2	2	0	1	NA	NA	NA	unphased	2.20430107526882	1.10215053763441	2
3	151164417	151164418	90	132	2	2	0	1	NA	NA	NA	unphased	1.9180470793374	0.959023539668701	2
4	2661396	2661397	145	22	5	4	1	1	NA	NA	NA	unphased	0.820166119374155	0.820166119374155	1
4	10527499	10527500	0	13	5	4	1	1	NA	NA	NA	unphased	6.2258064516129	1.55645161290323	4
4	13543926	13543927	14	7	5	4	1	1	NA	NA	NA	unphased	2.0752688172043	1.03763440860215	2
4	36148963	36148964	135	240	5	4	1	1	NA	NA	NA	unphased	3.98451612903226	0.996129032258065	4
4	40122700	40122701	117	28	5	4	1	1	NA	NA	NA	unphased	1.20222469410456	1.20222469410456	1
4	52861366	52861367	177	33	5	4	1	1	NA	NA	NA	unphased	0.978341013824885	0.978341013824885	1
4	56336969	56336970	79	31	2	1	1	1	NA	NA	NA	unphased	0.909090909090909	0.909090909090909	1
4	57182638	57182639	22	7	2	1	1	1	NA	NA	NA	unphased	0.778642936596218	0.778642936596218	1
4	69962245	69962246	84	40	2	1	1	1	NA	NA	NA	unphased	1.04058272632674	1.04058272632674	1
4	70596344	70596345	48	12	2	1	1	1	NA	NA	NA	unphased	0.645161290322581	0.645161290322581	1
4	74357671	74357672	70	33	2	1	1	1	NA	NA	NA	unphased	1.03351080488569	1.03351080488569	1
4	77675505	77675506	178	64	2	1	1	1	NA	NA	NA	unphased	0.853105838443082	0.853105838443082	1
4	81123120	81123121	150	60	2	1	1	1	NA	NA	NA	unphased	0.921658986175115	0.921658986175115	1
4	88535364	88535365	43	16	2	1	1	1	NA	NA	NA	unphased	0.874794969928923	0.874794969928923	1
4	88767087	88767088	48	21	2	1	1	1	NA	NA	NA	unphased	0.981767180925666	0.981767180925666	1
4	91549340	91549341	56	34	2	1	1	1	NA	NA	NA	unphased	1.21863799283154	1.21863799283154	1
4	115769408	115769409	94	53	2	1	1	1	NA	NA	NA	unphased	1.16304586350669	1.16304586350669	1
4	123094283	123094284	128	75	2	1	1	1	NA	NA	NA	unphased	1.19180041315748	1.19180041315748	1
4	159790037	159790038	82	37	2	1	1	1	NA	NA	NA	unphased	1.00298183789645	1.00298183789645	1
4	170994430	170994431	62	24	2	1	1	1	NA	NA	NA	unphased	0.900225056264066	0.900225056264066	1
4	187173003	187173004	95	45	2	1	1	1	NA	NA	NA	unphased	1.036866359447	1.036866359447	1
4	189060807	189060808	217	71	NA	NA	NA	NA	NA	NA	NA	unphased	NA	NA	1
5	11384808	11384809	20	11	3	2	1	1	NA	NA	NA	unphased	1.49947970863684	1.49947970863684	1
5	26881507	26881508	102	101	3	2	1	1	NA	NA	NA	unphased	2.10249483553154	1.05124741776577	2
5	38337722	38337723	8	8	3	2	1	1	NA	NA	NA	unphased	2.11290322580645	1.05645161290323	2
5	83402472	83402473	50	79	2	2	0	1	NA	NA	NA	unphased	1.97549387346837	0.987746936734184	2
5	118469356	118469357	64	21	2	2	0	1	NA	NA	NA	unphased	0.79696394686907	0.79696394686907	1
5	131705781	131705782	3	25	2	2	0	1	NA	NA	NA	unphased	2.88018433179724	1.44009216589862	2
5	137802541	137802542	50	86	2	2	0	1	NA	NA	NA	unphased	2.03984819734345	1.01992409867173	2
5	140222534	140222535	51	130	2	2	0	1	NA	NA	NA	unphased	2.31687756193192	1.15843878096596	2
5	140603355	140603356	133	169	2	2	0	1	NA	NA	NA	unphased	1.80516983550523	0.902584917752617	2
5	140731925	140731926	100	163	2	2	0	1	NA	NA	NA	unphased	1.99926407457378	0.999632037286888	2
5	140869610	140869611	87	178	2	2	0	1	NA	NA	NA	unphased	2.16676810712112	1.08338405356056	2
5	150138542	150138543	55	75	2	2	0	1	NA	NA	NA	unphased	1.86104218362283	0.930521091811414	2
5	156390259	156390260	30	58	2	2	0	1	NA	NA	NA	unphased	2.12609970674487	1.06304985337243	2
5	156589538	156589539	169	236	2	2	0	1	NA	NA	NA	unphased	1.87972919155715	0.939864595778574	2
6	31852715	31852716	55	19	3	2	1	1	NA	NA	NA	unphased	1.08500435919791	1.08500435919791	1
6	32135339	32135340	76	58	3	2	1	1	NA	NA	NA	unphased	1.82908040442947	0.914540202214733	2
6	34506077	34506078	153	41	3	2	1	1	NA	NA	NA	unphased	0.89308280678417	0.89308280678417	1
6	41621192	41621193	141	44	3	2	1	1	NA	NA	NA	unphased	1.0050566695728	1.0050566695728	1
6	46626612	46626613	33	8	3	2	1	1	NA	NA	NA	unphased	0.824547600314713	0.824547600314713	1
6	47681560	47681561	64	64	3	2	1	1	NA	NA	NA	unphased	2.11290322580645	1.05645161290323	2
6	49666176	49666177	108	24	3	2	1	1	NA	NA	NA	unphased	0.768328445747801	0.768328445747801	1
6	62757834	62757835	102	53	2	1	1	1	NA	NA	NA	unphased	1.10301768990635	1.10301768990635	1
6	75813478	75813479	41	9	2	1	1	1	NA	NA	NA	unphased	0.580645161290323	0.580645161290323	1
6	75825637	75825638	57	30	2	1	1	1	NA	NA	NA	unphased	1.11234705228031	1.11234705228031	1
6	84269918	84269919	65	27	2	1	1	1	NA	NA	NA	unphased	0.946704067321178	0.946704067321178	1
6	87725962	87725963	173	83	2	1	1	1	NA	NA	NA	unphased	1.04586693548387	1.04586693548387	1
6	112455711	112455712	59	18	2	1	1	1	NA	NA	NA	unphased	0.754084625052367	0.754084625052367	1
6	116757506	116757507	70	26	2	1	1	1	NA	NA	NA	unphased	0.873655913978495	0.873655913978495	1
6	117130691	117130692	47	16	2	1	1	1	NA	NA	NA	unphased	0.819252432155658	0.819252432155658	1
6	161007517	161007518	114	34	2	1	1	1	NA	NA	NA	unphased	0.741063644289451	0.741063644289451	1
6	165746480	165746481	90	34	2	1	1	1	NA	NA	NA	unphased	0.884495317377731	0.884495317377731	1
6	165842177	165842178	25	11	2	1	1	1	NA	NA	NA	unphased	0.985663082437276	0.985663082437276	1
7	48390324	48390325	105	82	3	2	1	1	NA	NA	NA	unphased	1.85302742797999	0.926513713989995	2
7	73456963	73456964	98	63	3	2	1	1	NA	NA	NA	unphased	1.65357643758766	0.826788218793829	2
7	73969506	73969507	148	15	3	2	1	1	NA	NA	NA	unphased	0.388877894320206	0.388877894320206	1
7	98254412	98254413	113	24	3	2	1	1	NA	NA	NA	unphased	0.740287261596421	0.740287261596421	1
7	121758464	121758465	77	65	3	2	1	1	NA	NA	NA	unphased	1.93434802362562	0.967174011812812	2
7	126544703	126544704	108	32	3	2	1	1	NA	NA	NA	unphased	0.965898617511521	0.965898617511521	1
7	127670541	127670542	96	86	3	2	1	1	NA	NA	NA	unphased	1.99680964197093	0.998404820985466	2
7	129043236	129043237	126	95	3	2	1	1	NA	NA	NA	unphased	1.81652313530871	0.908261567654357	2
7	139827359	139827360	234	73	3	2	1	1	NA	NA	NA	unphased	1.00483345592098	1.00483345592098	1
7	142832324	142832325	20	14	3	2	1	1	NA	NA	NA	unphased	1.74003795066414	0.870018975332068	2
7	142832325	142832326	20	15	3	2	1	1	NA	NA	NA	unphased	1.8110599078341	0.905529953917051	2
7	149502626	149502627	55	23	2	1	1	1	NA	NA	NA	unphased	0.951199338296112	0.951199338296112	1
7	150269515	150269516	82	23	2	1	1	1	NA	NA	NA	unphased	0.706605222734255	0.706605222734255	1
7	150720251	150720252	214	90	2	1	1	1	NA	NA	NA	unphased	0.955008488964346	0.955008488964346	1
7	158715217	158715218	38	11	NA	NA	NA	NA	NA	NA	NA	unphased	NA	NA	1
8	10587947	10587948	12	8	4	2	2	1	NA	NA	NA	unphased	2.09032258064516	1.04516129032258	2
8	20110357	20110358	67	23	4	2	2	1	NA	NA	NA	unphased	1.33548387096774	1.33548387096774	1
8	27466543	27466544	169	77	4	2	2	1	NA	NA	NA	unphased	1.63571990558615	0.817859952793076	2
8	38845495	38845496	64	32	4	2	2	1	NA	NA	NA	unphased	1.74193548387097	0.870967741935484	2
8	49987936	49987937	20	15	4	2	2	1	NA	NA	NA	unphased	2.23963133640553	1.11981566820277	2
8	51465740	51465741	47	31	4	2	2	1	NA	NA	NA	unphased	2.07692307692308	1.03846153846154	2
8	52359686	52359687	233	33	4	2	2	1	NA	NA	NA	unphased	0.648314334222653	0.648314334222653	1
8	55537427	55537428	65	19	4	2	2	1	NA	NA	NA	unphased	1.18202764976959	1.18202764976959	1
8	75924704	75924705	102	61	4	2	2	1	NA	NA	NA	unphased	1.95566989906986	0.97783494953493	2
8	75924705	75924706	98	61	4	2	2	1	NA	NA	NA	unphased	2.00486914181376	1.00243457090688	2
8	77775683	77775684	228	125	4	2	2	1	NA	NA	NA	unphased	1.85049803527369	0.925249017636846	2
8	81399760	81399761	8	7	4	2	2	1	NA	NA	NA	unphased	2.43870967741936	1.21935483870968	2
8	86249257	86249258	113	71	4	2	2	1	NA	NA	NA	unphased	2.01647966339411	1.00823983169705	2
8	93003957	93003958	130	75	4	2	2	1	NA	NA	NA	unphased	1.91188040912667	0.955940204563336	2
8	95897325	95897326	76	22	4	2	2	1	NA	NA	NA	unphased	1.17314022383147	1.17314022383147	1
8	97311922	97311923	266	60	4	2	2	1	NA	NA	NA	unphased	0.961804868395013	0.961804868395013	1
8	97311923	97311924	263	62	4	2	2	1	NA	NA	NA	unphased	0.996923076923077	0.996923076923077	1
8	97797325	97797326	103	53	4	2	2	1	NA	NA	NA	unphased	1.77543424317618	0.887717121588089	2
8	97797326	97797327	104	52	4	2	2	1	NA	NA	NA	unphased	1.74193548387097	0.870967741935484	2
8	113293407	113293408	68	25	4	2	2	1	NA	NA	NA	unphased	1.4047866805411	0.702393340270551	2
8	113668415	113668416	112	40	4	2	2	1	NA	NA	NA	unphased	1.37521222410866	0.687606112054329	2
8	135614645	135614646	92	20	4	2	2	1	NA	NA	NA	unphased	0.933179723502304	0.933179723502304	1
8	144687960	144687961	110	20	4	2	2	1	NA	NA	NA	unphased	0.803970223325062	0.803970223325062	1
8	144808764	144808765	35	18	4	2	2	1	NA	NA	NA	unphased	1.77480219111382	0.887401095556908	2
8	145597778	145597779	8	6	NA	NA	NA	NA	NA	NA	NA	unphased	NA	NA	1
8	145622561	145622562	8	6	NA	NA	NA	NA	NA	NA	NA	unphased	NA	NA	1
9	7174798	7174799	21	24	2	2	0	1	NA	NA	NA	unphased	1.72043010752688	0.860215053763441	2
9	13192151	13192152	8	7	1	1	0	1	NA	NA	NA	unphased	1.03870967741935	1.03870967741935	1
9	16727854	16727855	191	66	2	2	0	1	NA	NA	NA	unphased	0.828417221036777	0.828417221036777	1
9	35095490	35095491	9	7	2	2	0	1	NA	NA	NA	unphased	1.41129032258065	1.41129032258065	1
9	95284980	95284981	84	79	2	2	0	1	NA	NA	NA	unphased	1.56342766673263	0.781713833366317	2
9	107331759	107331760	59	96	2	2	0	1	NA	NA	NA	unphased	1.99791883454735	0.998959417273673	2
X	34148696	34148697	16	66	NA	NA	NA	NA	NA	NA	NA	unphased	NA	NA	1
X	77913137	77913138	17	4	NA	NA	NA	NA	NA	NA	NA	unphased	NA	NA	1
X	83128347	83128348	10	21	NA	NA	NA	NA	NA	NA	NA	unphased	NA	NA	1
X	107400067	107400068	6	23	NA	NA	NA	NA	NA	NA	NA	unphased	NA	NA	1
X	150349640	150349641	40	131	NA	NA	NA	NA	NA	NA	NA	unphased	NA	NA	1
X	152915632	152915633	45	149	NA	NA	NA	NA	NA	NA	NA	unphased	NA	NA	1
