chr	start	end	WT.count	mut.count	subclonal.CN	nMaj1	nMin1	frac1	nMaj2	nMin2	frac2	phase	mutation.copy.number	subclonal.fraction	no.chrs.bearing.mut
1	16256689	16256690	43	10	1	1	0	1	NA	NA	NA	unphased	0.649895178197065	0.649895178197065	1
1	22166423	22166424	67	38	1	1	0	1	NA	NA	NA	unphased	1.24656084656085	1.24656084656085	1
1	33363912	33363913	28	5	1	1	0	1	NA	NA	NA	unphased	0.521885521885522	0.521885521885522	1
1	38197176	38197177	62	31	1	1	0	1	NA	NA	NA	unphased	1.14814814814815	1.14814814814815	1
1	49224680	49224681	36	20	1	1	0	1	NA	NA	NA	unphased	1.23015873015873	1.23015873015873	1
1	74648473	74648474	29	5	1	1	0	1	NA	NA	NA	unphased	0.506535947712418	0.506535947712418	1
1	156020105	156020106	66	13	2	1	1	0.49	1	1	0.51	unphased	0.731364275668073	0.731364275668073	1
1	158813150	158813151	25	8	2	1	1	0.49	1	1	0.51	unphased	1.07744107744108	1.07744107744108	1
1	159799839	159799840	85	32	2	1	1	0.49	1	1	0.51	unphased	1.21557454890788	1.21557454890788	1
1	160325485	160325486	84	16	2	1	1	0.49	1	1	0.51	unphased	0.711111111111111	0.711111111111111	1
1	173880966	173880967	90	11	2	1	1	0.49	1	1	0.51	unphased	0.484048404840484	0.949114519295067	0.51
1	175360548	175360549	27	3	2	1	1	0.49	1	1	0.51	unphased	0.444444444444444	0.444444444444444	1
1	176738876	176738877	89	32	2	1	1	0.49	1	1	0.51	unphased	1.17539026629936	1.17539026629936	1
1	177250596	177250597	67	19	2	1	1	0.49	1	1	0.51	unphased	0.981912144702842	0.981912144702842	1
1	179526327	179526328	34	9	2	1	1	0.49	1	1	0.51	unphased	0.930232558139535	0.930232558139535	1
1	180163471	180163472	32	6	2	1	1	0.49	1	1	0.51	unphased	0.701754385964912	0.701754385964912	1
1	182544527	182544528	71	17	2	1	1	0.49	1	1	0.51	unphased	0.858585858585859	0.858585858585859	1
1	182572471	182572472	61	11	2	1	1	0.49	1	1	0.51	unphased	0.679012345679012	0.679012345679012	1
1	183857653	183857654	120	22	2	1	1	0.49	1	1	0.51	unphased	0.688575899843505	0.688575899843505	1
1	192335236	192335237	24	17	2	1	1	0.49	1	1	0.51	unphased	1.84281842818428	1.84281842818428	1
1	196876060	196876061	54	10	2	1	1	0.49	1	1	0.51	unphased	0.694444444444444	0.694444444444444	1
1	197404368	197404369	52	29	2	1	1	0.49	1	1	0.51	unphased	1.59122085048011	1.59122085048011	1
1	205495520	205495521	62	7	2	1	1	0.49	1	1	0.51	unphased	0.450885668276973	0.884089545641123	0.51
1	206944253	206944254	72	8	2	1	1	0.49	1	1	0.51	unphased	0.444444444444444	0.871459694989107	0.51
1	207649607	207649608	51	24	2	1	1	0.49	1	1	0.51	unphased	1.42222222222222	1.42222222222222	1
1	222833077	222833078	37	22	2	1	1	0.49	1	1	0.51	unphased	1.65725047080979	1.65725047080979	1
1	226550830	226550831	73	15	2	1	1	0.49	1	1	0.51	unphased	0.757575757575757	0.757575757575757	1
1	229577772	229577773	115	12	2	1	1	0.49	1	1	0.51	unphased	0.41994750656168	0.823426483454274	0.51
1	229599291	229599292	61	6	2	1	1	0.49	1	1	0.51	unphased	0.398009950248756	0.780411667154424	0.51
1	233161103	233161104	49	22	2	1	1	0.49	1	1	0.51	unphased	1.37715179968701	1.37715179968701	1
1	247769157	247769158	135	61	2	1	1	0.49	1	1	0.51	unphased	1.38321995464853	1.38321995464853	1
1	248113056	248113057	31	18	NA	NA	NA	NA	NA	NA	NA	unphased	NA	NA	1
1	248344096	248344097	145	32	NA	NA	NA	NA	NA	NA	NA	unphased	NA	NA	1
1	248525075	248525076	161	7	NA	NA	NA	NA	NA	NA	NA	unphased	NA	NA	1
10	18834975	18834976	96	21	1	1	0	1	NA	NA	NA	unphased	0.618233618233618	0.618233618233618	1
10	21959504	21959505	34	15	1	1	0	1	NA	NA	NA	unphased	1.05442176870748	1.05442176870748	1
10	23622019	23622020	17	5	1	1	0	1	NA	NA	NA	unphased	0.782828282828283	0.782828282828283	1
10	38484566	38484567	22	13	1	1	0	1	NA	NA	NA	unphased	1.27936507936508	1.27936507936508	1
10	63852294	63852295	43	24	1	1	0	1	NA	NA	NA	unphased	1.23383084577114	1.23383084577114	1
10	85972906	85972907	49	11	1	1	0	1	NA	NA	NA	unphased	0.631481481481481	0.631481481481481	1
10	88769707	88769708	49	20	1	1	0	1	NA	NA	NA	unphased	0.998389694041868	0.998389694041868	1
10	101636940	101636941	26	19	1	1	0	1	NA	NA	NA	unphased	1.45432098765432	1.45432098765432	1
10	103343255	103343256	38	15	1	1	0	1	NA	NA	NA	unphased	0.974842767295597	0.974842767295597	1
10	103901551	103901552	11	8	1	1	0	1	NA	NA	NA	unphased	1.45029239766082	1.45029239766082	1
10	108447978	108447979	37	17	1	1	0	1	NA	NA	NA	unphased	1.0843621399177	1.0843621399177	1
10	115534729	115534730	38	21	1	1	0	1	NA	NA	NA	unphased	1.22598870056497	1.22598870056497	1
10	126094045	126094046	34	13	1	1	0	1	NA	NA	NA	unphased	0.952718676122931	0.952718676122931	1
11	4104624	4104625	40	10	1.84	1	0	0.16	1	1	0.84	unphased	0.856888888888889	0.856888888888889	1
11	4621769	4621770	54	12	1.84	1	0	0.16	1	1	0.84	unphased	0.778989898989899	0.778989898989899	1
11	17332501	17332502	71	6	1.84	1	0	0.16	1	1	0.84	unphased	0.333852813852814	0.333852813852814	1
11	17332537	17332538	71	8	1.84	1	0	0.16	1	1	0.84	unphased	0.433867791842475	0.433867791842475	1
11	20691259	20691260	23	4	2	1	1	1	NA	NA	NA	unphased	0.65843621399177	0.65843621399177	1
11	24753660	24753661	26	10	2	1	1	1	NA	NA	NA	unphased	1.23456790123457	1.23456790123457	1
11	32975555	32975556	35	13	2	1	1	1	NA	NA	NA	unphased	1.2037037037037	1.2037037037037	1
11	34680083	34680084	63	14	2	1	1	1	NA	NA	NA	unphased	0.808080808080808	0.808080808080808	1
11	43911302	43911303	47	15	2	1	1	1	NA	NA	NA	unphased	1.0752688172043	1.0752688172043	1
11	55135796	55135797	121	25	2	1	1	1	NA	NA	NA	unphased	0.76103500761035	0.76103500761035	1
11	55418438	55418439	73	18	2	1	1	1	NA	NA	NA	unphased	0.879120879120879	0.879120879120879	1
11	55541233	55541234	97	25	2	1	1	1	NA	NA	NA	unphased	0.910746812386157	0.910746812386157	1
11	55579242	55579243	101	31	2	1	1	1	NA	NA	NA	unphased	1.04377104377104	1.04377104377104	1
11	57367678	57367679	135	39	2	1	1	1	NA	NA	NA	unphased	0.996168582375479	0.996168582375479	1
11	58034511	58034512	51	16	2	1	1	1	NA	NA	NA	unphased	1.06135986733002	1.06135986733002	1
11	58034870	58034871	30	6	2	1	1	1	NA	NA	NA	unphased	0.740740740740741	0.740740740740741	1
11	58034878	58034879	26	11	2	1	1	1	NA	NA	NA	unphased	1.32132132132132	1.32132132132132	1
11	59282786	59282787	47	10	2	1	1	1	NA	NA	NA	unphased	0.779727095516569	0.779727095516569	1
11	59623396	59623397	68	11	2	1	1	1	NA	NA	NA	unphased	0.618846694796062	0.618846694796062	1
11	63978759	63978760	13	3	2	1	1	1	NA	NA	NA	unphased	0.833333333333333	0.833333333333333	1
11	65269051	65269052	69	5	2	1	1	1	NA	NA	NA	unphased	0.3003003003003	0.3003003003003	1
11	67372301	67372302	22	7	2	1	1	1	NA	NA	NA	unphased	1.0727969348659	1.0727969348659	1
11	68748107	68748108	22	7	2	1	1	1	NA	NA	NA	unphased	1.0727969348659	1.0727969348659	1
11	68748446	68748447	69	10	2	1	1	1	NA	NA	NA	unphased	0.562587904360056	0.562587904360056	1
11	68748455	68748456	67	11	2	1	1	1	NA	NA	NA	unphased	0.626780626780627	0.626780626780627	1
11	71850890	71850891	30	11	2	1	1	1	NA	NA	NA	unphased	1.19241192411924	1.19241192411924	1
11	72945519	72945520	51	14	2	1	1	1	NA	NA	NA	unphased	0.957264957264957	0.957264957264957	1
11	85431948	85431949	43	9	2	1	1	1	NA	NA	NA	unphased	0.769230769230769	0.769230769230769	1
11	93545107	93545108	76	18	2	1	1	1	NA	NA	NA	unphased	0.851063829787234	0.851063829787234	1
11	113102447	113102448	63	14	2	1	1	1	NA	NA	NA	unphased	0.808080808080808	0.808080808080808	1
11	113222835	113222836	40	15	2	1	1	1	NA	NA	NA	unphased	1.21212121212121	1.21212121212121	1
11	126146369	126146370	121	19	2	1	1	1	NA	NA	NA	unphased	0.603174603174603	0.603174603174603	1
11	129762614	129762615	73	13	2	1	1	1	NA	NA	NA	unphased	0.671834625322997	0.671834625322997	1
12	5153730	5153731	37	7	2	1	1	1	NA	NA	NA	unphased	0.707070707070707	0.707070707070707	1
12	10958655	10958656	25	8	2	1	1	1	NA	NA	NA	unphased	1.07744107744108	1.07744107744108	1
12	11150206	11150207	67	19	2	1	1	1	NA	NA	NA	unphased	0.981912144702842	0.981912144702842	1
12	32145369	32145370	165	57	2	1	1	1	NA	NA	NA	unphased	1.14114114114114	1.14114114114114	1
12	46582747	46582748	78	15	2	1	1	1	NA	NA	NA	unphased	0.716845878136201	0.716845878136201	1
12	56554550	56554551	15	5	2	1	1	1	NA	NA	NA	unphased	1.11111111111111	1.11111111111111	1
12	56713649	56713650	42	10	2	1	1	1	NA	NA	NA	unphased	0.854700854700855	0.854700854700855	1
12	78522537	78522538	60	20	2	1	1	1	NA	NA	NA	unphased	1.11111111111111	1.11111111111111	1
12	80650164	80650165	18	3	2	1	1	1	NA	NA	NA	unphased	0.634920634920635	0.634920634920635	1
12	96387242	96387243	63	15	2	1	1	1	NA	NA	NA	unphased	0.854700854700855	0.854700854700855	1
12	108169031	108169032	46	15	2	1	1	0.18	1	1	0.82	unphased	1.09289617486339	1.09289617486339	1
12	109052592	109052593	53	18	2	1	1	0.18	1	1	0.82	unphased	1.12676056338028	1.12676056338028	1
12	109698426	109698427	98	21	2	1	1	0.18	1	1	0.82	unphased	0.784313725490196	0.784313725490196	1
12	120789150	120789151	10	11	2	1	1	0.18	1	1	0.82	unphased	2.32804232804233	2.32804232804233	1
12	124163812	124163813	58	26	2	1	1	0.18	1	1	0.82	unphased	1.37566137566138	1.37566137566138	1
13	21976985	21976986	21	6	1	1	0	1	NA	NA	NA	unphased	0.765432098765432	0.765432098765432	1
13	23906129	23906130	75	36	2	2	0	1	NA	NA	NA	unphased	1.44144144144144	0.720720720720721	2
13	33110163	33110164	30	10	1	1	0	1	NA	NA	NA	unphased	0.861111111111111	0.861111111111111	1
13	37679332	37679333	37	19	1	1	0	1	NA	NA	NA	unphased	1.16865079365079	1.16865079365079	1
13	38934881	38934882	30	8	1	1	0	1	NA	NA	NA	unphased	0.725146198830409	0.725146198830409	1
13	78492261	78492262	102	32	2	2	0	1	NA	NA	NA	unphased	1.06135986733002	1.06135986733002	1
13	96086144	96086145	25	14	2	2	0	1	NA	NA	NA	unphased	1.5954415954416	0.797720797720798	2
13	99452706	99452707	38	10	2	2	0	1	NA	NA	NA	unphased	0.925925925925926	0.925925925925926	1
13	101753193	101753194	41	13	2	2	0	1	NA	NA	NA	unphased	1.06995884773663	1.06995884773663	1
13	103528078	103528079	34	24	2	2	0	1	NA	NA	NA	unphased	1.83908045977011	0.919540229885057	2
13	108861557	108861558	39	24	2	2	0	1	NA	NA	NA	unphased	1.69312169312169	0.846560846560847	2
14	20216031	20216032	112	16	NA	NA	NA	NA	NA	NA	NA	unphased	NA	NA	1
14	20248957	20248958	355	26	NA	NA	NA	NA	NA	NA	NA	unphased	NA	NA	1
14	20444612	20444613	66	26	NA	NA	NA	NA	NA	NA	NA	unphased	NA	NA	1
14	23945345	23945346	66	15	2	1	1	1	NA	NA	NA	unphased	0.823045267489712	0.823045267489712	1
14	30107913	30107914	32	4	2	1	1	1	NA	NA	NA	unphased	0.493827160493827	0.493827160493827	1
14	33291285	33291286	52	14	2	1	1	1	NA	NA	NA	unphased	0.942760942760943	0.942760942760943	1
14	36219895	36219896	48	13	2	1	1	1	NA	NA	NA	unphased	0.947176684881603	0.947176684881603	1
14	42356583	42356584	111	29	2	1	1	1	NA	NA	NA	unphased	0.920634920634921	0.920634920634921	1
14	44973863	44973864	91	25	2	1	1	1	NA	NA	NA	unphased	0.957854406130268	0.957854406130268	1
14	53120021	53120022	90	32	2	1	1	1	NA	NA	NA	unphased	1.16575591985428	1.16575591985428	1
14	64692224	64692225	34	7	2	1	1	0.15	1	1	0.85	unphased	0.758807588075881	0.758807588075881	1
14	70171367	70171368	27	8	2	1	1	0.15	1	1	0.85	unphased	1.01587301587302	1.01587301587302	1
14	73238468	73238469	57	15	2	1	1	0.15	1	1	0.85	unphased	0.925925925925926	0.925925925925926	1
14	77987878	77987879	48	8	2	1	1	0.15	1	1	0.85	unphased	0.634920634920635	0.634920634920635	1
14	88857753	88857754	15	5	1	1	0	1	NA	NA	NA	unphased	0.861111111111111	0.861111111111111	1
14	94420768	94420769	31	6	1	1	0	1	NA	NA	NA	unphased	0.558558558558559	0.558558558558559	1
15	22369359	22369360	97	22	NA	NA	NA	NA	NA	NA	NA	unphased	NA	NA	1
15	22382911	22382912	93	19	NA	NA	NA	NA	NA	NA	NA	unphased	NA	NA	1
15	24924183	24924184	28	9	1	1	0	1	NA	NA	NA	unphased	0.837837837837838	0.837837837837838	1
15	43827207	43827208	49	24	1	1	0	1	NA	NA	NA	unphased	1.1324200913242	1.1324200913242	1
15	43903131	43903132	72	17	1	1	0	1	NA	NA	NA	unphased	0.65792759051186	0.65792759051186	1
15	75189481	75189482	78	27	2	1	1	1	NA	NA	NA	unphased	1.14285714285714	1.14285714285714	1
15	75195105	75195106	82	22	2	1	1	1	NA	NA	NA	unphased	0.94017094017094	0.94017094017094	1
16	3544562	3544563	43	8	2	1	1	1	NA	NA	NA	unphased	0.697167755991285	0.697167755991285	1
16	7383001	7383002	106	24	2	1	1	1	NA	NA	NA	unphased	0.82051282051282	0.82051282051282	1
16	8889771	8889772	75	26	2	1	1	1	NA	NA	NA	unphased	1.14411441144114	1.14411441144114	1
16	14989934	14989935	178	22	2	1	1	1	NA	NA	NA	unphased	0.488888888888889	0.488888888888889	1
16	17211578	17211579	53	8	2	1	1	1	NA	NA	NA	unphased	0.58287795992714	0.58287795992714	1
16	20651904	20651905	39	11	2	1	1	1	NA	NA	NA	unphased	0.977777777777778	0.977777777777778	1
16	24135244	24135245	101	24	2	1	1	1	NA	NA	NA	unphased	0.853333333333333	0.853333333333333	1
16	28842044	28842045	27	11	2	1	1	1	NA	NA	NA	unphased	1.28654970760234	1.28654970760234	1
16	28994514	28994515	17	6	2	1	1	1	NA	NA	NA	unphased	1.15942028985507	1.15942028985507	1
16	47196507	47196508	90	20	2	1	1	1	NA	NA	NA	unphased	0.808080808080808	0.808080808080808	1
16	57712151	57712152	60	12	2	1	1	1	NA	NA	NA	unphased	0.740740740740741	0.740740740740741	1
16	61851394	61851395	57	8	2	1	1	1	NA	NA	NA	unphased	0.547008547008547	0.547008547008547	1
16	67701880	67701881	25	5	2	1	1	1	NA	NA	NA	unphased	0.740740740740741	0.740740740740741	1
16	71510124	71510125	42	7	2	1	1	1	NA	NA	NA	unphased	0.634920634920635	0.634920634920635	1
16	72166751	72166752	66	12	2	1	1	1	NA	NA	NA	unphased	0.683760683760684	0.683760683760684	1
16	75563808	75563809	87	20	2	1	1	1	NA	NA	NA	unphased	0.83073727933541	0.83073727933541	1
17	7577546	7577547	29	9	1	1	0	1	NA	NA	NA	unphased	0.815789473684211	0.815789473684211	1
17	8051026	8051027	11	3	1	1	0	1	NA	NA	NA	unphased	0.738095238095238	0.738095238095238	1
17	10427106	10427107	52	19	1	1	0	1	NA	NA	NA	unphased	0.921752738654147	0.921752738654147	1
17	18022929	18022930	17	5	1	1	0	1	NA	NA	NA	unphased	0.782828282828283	0.782828282828283	1
17	33953724	33953725	146	48	2	1	1	0.13	1	1	0.87	unphased	1.09965635738832	1.09965635738832	1
17	38183200	38183201	25	7	2	1	1	0.13	1	1	0.87	unphased	0.972222222222222	0.972222222222222	1
17	39405964	39405965	127	42	2	1	1	0.13	1	1	0.87	unphased	1.10453648915187	1.10453648915187	1
17	42289032	42289033	70	24	2	1	1	0.13	1	1	0.87	unphased	1.13475177304965	1.13475177304965	1
17	42293284	42293285	69	15	2	1	1	0.13	1	1	0.87	unphased	0.793650793650794	0.793650793650794	1
17	48244817	48244818	44	16	2	1	1	0.13	1	1	0.87	unphased	1.18518518518519	1.18518518518519	1
17	50235302	50235303	4	4	2	1	1	0.13	1	1	0.87	unphased	2.22222222222222	2.22222222222222	1
17	58260691	58260692	82	36	2	1	1	0.13	1	1	0.87	unphased	1.35593220338983	1.35593220338983	1
17	61902622	61902623	45	23	2	1	1	0.13	1	1	0.87	unphased	1.50326797385621	1.50326797385621	1
17	61908526	61908527	72	20	2	1	1	0.13	1	1	0.87	unphased	0.966183574879227	0.966183574879227	1
17	66425063	66425064	25	9	2	1	1	0.13	1	1	0.87	unphased	1.17647058823529	1.17647058823529	1
17	66881393	66881394	50	12	2	1	1	0.13	1	1	0.87	unphased	0.860215053763441	0.860215053763441	1
17	73096606	73096607	268	91	2	1	1	0.13	1	1	0.87	unphased	1.12658619622408	1.12658619622408	1
17	78921038	78921039	24	7	2	1	1	1	NA	NA	NA	unphased	1.00358422939068	1.00358422939068	1
18	10696075	10696076	63	25	1	1	0	1	NA	NA	NA	unphased	0.978535353535354	0.978535353535354	1
19	6422369	6422370	81	19	2	1	1	0.2	1	1	0.8	unphased	0.844444444444444	0.844444444444444	1
19	9068084	9068085	132	27	2	1	1	0.2	1	1	0.8	unphased	0.754716981132075	0.754716981132075	1
19	9578917	9578918	56	13	2	1	1	0.2	1	1	0.8	unphased	0.837359098228663	0.837359098228663	1
19	11545643	11545644	80	8	2	1	1	0.2	1	1	0.8	unphased	0.404040404040404	0.404040404040404	1
19	12876759	12876760	37	9	2	1	1	1	NA	NA	NA	unphased	0.869565217391304	0.869565217391304	1
19	13476129	13476130	97	24	2	1	1	1	NA	NA	NA	unphased	0.881542699724518	0.881542699724518	1
19	19823723	19823724	89	15	2	1	1	1	NA	NA	NA	unphased	0.641025641025641	0.641025641025641	1
19	22157370	22157371	63	11	2	1	1	1	NA	NA	NA	unphased	0.660660660660661	0.660660660660661	1
19	22836128	22836129	102	26	2	1	1	1	NA	NA	NA	unphased	0.902777777777778	0.902777777777778	1
19	23927114	23927115	52	19	2	1	1	1	NA	NA	NA	unphased	1.18935837245696	1.18935837245696	1
19	23991545	23991546	76	21	2	1	1	1	NA	NA	NA	unphased	0.962199312714777	0.962199312714777	1
19	37310030	37310031	71	12	2	1	1	1	NA	NA	NA	unphased	0.642570281124498	0.642570281124498	1
19	38125866	38125867	23	5	2	1	1	1	NA	NA	NA	unphased	0.793650793650794	0.793650793650794	1
19	43382239	43382240	198	54	2	1	1	1	NA	NA	NA	unphased	0.952380952380952	0.952380952380952	1
19	43414887	43414888	166	52	2	1	1	1	NA	NA	NA	unphased	1.06014271151886	1.06014271151886	1
19	43699168	43699169	136	38	2	1	1	1	NA	NA	NA	unphased	0.970625798212005	0.970625798212005	1
19	43922107	43922108	88	20	2	1	1	1	NA	NA	NA	unphased	0.823045267489712	0.823045267489712	1
19	45781202	45781203	38	4	2	1	1	1	NA	NA	NA	unphased	0.423280423280423	0.423280423280423	1
19	46627175	46627176	213	77	2	1	1	1	NA	NA	NA	unphased	1.18007662835249	1.18007662835249	1
19	46811521	46811522	87	27	2	1	1	1	NA	NA	NA	unphased	1.05263157894737	1.05263157894737	1
19	49846556	49846557	60	15	2	1	1	1	NA	NA	NA	unphased	0.888888888888889	0.888888888888889	1
19	51628649	51628650	27	7	2	1	1	1	NA	NA	NA	unphased	0.915032679738562	0.915032679738562	1
19	53303737	53303738	86	26	2	1	1	1	NA	NA	NA	unphased	1.03174603174603	1.03174603174603	1
19	54649753	54649754	39	13	2	1	1	1	NA	NA	NA	unphased	1.11111111111111	1.11111111111111	1
19	54930340	54930341	39	16	2	1	1	1	NA	NA	NA	unphased	1.29292929292929	1.29292929292929	1
19	55687075	55687076	54	19	2	1	1	1	NA	NA	NA	unphased	1.15677321156773	1.15677321156773	1
19	56388477	56388478	63	24	2	1	1	1	NA	NA	NA	unphased	1.22605363984674	1.22605363984674	1
19	57642754	57642755	68	18	2	1	1	1	NA	NA	NA	unphased	0.930232558139535	0.930232558139535	1
19	57646493	57646494	133	13	2	1	1	1	NA	NA	NA	unphased	0.395738203957382	0.395738203957382	1
19	57911090	57911091	91	26	2	1	1	1	NA	NA	NA	unphased	0.987654320987654	0.987654320987654	1
19	58190145	58190146	118	43	2	1	1	1	NA	NA	NA	unphased	1.18702553485162	1.18702553485162	1
19	58578818	58578819	74	13	2	1	1	1	NA	NA	NA	unphased	0.664112388250319	0.664112388250319	1
2	11767138	11767139	25	5	2	1	1	0.47	1	1	0.53	unphased	0.740740740740741	0.740740740740741	1
2	39294857	39294858	168	34	2	1	1	0.14	1	1	0.86	unphased	0.748074807480748	0.869854427303195	0.86
2	61415428	61415429	64	32	1.22	2	1	0.11	1	0	0.89	unphased	1.22148148148148	1.22148148148148	1
2	74699861	74699862	24	4	1.22	2	1	0.11	1	0	0.89	unphased	0.523492063492063	0.523492063492063	1
2	79365108	79365109	26	11	1.22	2	1	0.11	1	0	0.89	unphased	1.08942942942943	1.08942942942943	1
2	80530028	80530029	38	8	1.22	2	1	0.11	1	0	0.89	unphased	0.637294685990338	0.637294685990338	1
2	89384781	89384782	59	44	1.04	2	1	0.02	0	1	0.98	unphased	1.48850053937433	1.45931425428855	1.02
2	89384782	89384783	60	43	1.04	2	1	0.02	0	1	0.98	unphased	1.45467098166127	1.42614802123654	1.02
2	89521229	89521230	23	12	1.04	2	1	0.02	0	1	0.98	unphased	1.19466666666667	1.19466666666667	1
2	90260184	90260185	192	38	1.04	2	1	0.02	0	1	0.98	unphased	0.575690821256039	0.575690821256039	1
2	99634802	99634803	52	13	1.04	2	1	0.02	0	1	0.98	unphased	0.696888888888889	0.696888888888889	1
2	109086256	109086257	93	48	1.04	2	1	0.02	0	1	0.98	unphased	1.1861938534279	1.1861938534279	1
2	130951675	130951676	132	36	1	1	0	1	NA	NA	NA	unphased	0.738095238095238	0.738095238095238	1
2	159535158	159535159	24	8	1	1	0	1	NA	NA	NA	unphased	0.861111111111111	0.861111111111111	1
2	166901683	166901684	76	33	1	1	0	1	NA	NA	NA	unphased	1.04281345565749	1.04281345565749	1
2	172951529	172951530	102	34	2.32	2	1	0.66	1	0	0.34	unphased	1.19111111111111	1.19111111111111	1
2	176043808	176043809	50	11	2.32	2	1	0.66	1	0	0.34	unphased	0.859162112932605	0.859162112932605	1
2	179247312	179247313	9	6	2.32	2	1	0.66	1	0	0.34	unphased	1.90577777777778	1.90577777777778	1
2	179596502	179596503	129	19	2.32	2	1	0.66	1	0	0.34	unphased	0.611651651651652	0.926744926744927	0.66
2	180634368	180634369	39	16	2.32	2	1	0.66	1	0	0.34	unphased	1.3860202020202	1.3860202020202	1
2	182438604	182438605	67	14	2.32	2	1	0.66	1	0	0.34	unphased	0.823484224965707	0.823484224965707	1
2	187615908	187615909	97	35	2.32	2	1	0.66	1	0	0.34	unphased	1.26329966329966	1.26329966329966	1
2	213921674	213921675	41	21	2	2	0	1	NA	NA	NA	unphased	1.50537634408602	0.752688172043011	2
2	220039777	220039778	57	32	2	2	0	1	NA	NA	NA	unphased	1.5980024968789	0.799001248439451	2
2	226516204	226516205	127	77	2	2	0	1	NA	NA	NA	unphased	1.67755991285403	0.838779956427015	2
2	228881838	228881839	45	27	2	2	0	1	NA	NA	NA	unphased	1.66666666666667	0.833333333333333	2
2	233704606	233704607	27	22	2	2	0	1	NA	NA	NA	unphased	1.99546485260771	0.997732426303855	2
20	31830347	31830348	19	7	1	1	0	1	NA	NA	NA	unphased	0.927350427350427	0.927350427350427	1
20	57484237	57484238	156	78	1	1	0	1	NA	NA	NA	unphased	1.14814814814815	1.14814814814815	1
21	19666725	19666726	69	19	1	1	0	1	NA	NA	NA	unphased	0.743686868686869	0.743686868686869	1
21	37610952	37610953	33	9	1	1	0	1	NA	NA	NA	unphased	0.738095238095238	0.738095238095238	1
22	18210398	18210399	10	8	2	1	1	1	NA	NA	NA	unphased	1.97530864197531	1.97530864197531	1
22	22707534	22707535	107	14	2	1	1	1	NA	NA	NA	unphased	0.514233241505969	0.514233241505969	1
22	25007071	25007072	9	5	2	1	1	1	NA	NA	NA	unphased	1.58730158730159	1.58730158730159	1
22	28195044	28195045	12	4	2	1	1	1	NA	NA	NA	unphased	1.11111111111111	1.11111111111111	1
22	35713919	35713920	38	9	1	1	0	1	NA	NA	NA	unphased	0.659574468085106	0.659574468085106	1
22	37770022	37770023	25	11	1	1	0	1	NA	NA	NA	unphased	1.05246913580247	1.05246913580247	1
22	43972301	43972302	32	15	1	1	0	1	NA	NA	NA	unphased	1.09929078014184	1.09929078014184	1
22	45607905	45607906	11	10	1	1	0	1	NA	NA	NA	unphased	1.64021164021164	1.64021164021164	1
3	9877284	9877285	5	4	1	1	0	1	NA	NA	NA	unphased	1.53086419753086	1.53086419753086	1
3	15297494	15297495	29	18	1	1	0	1	NA	NA	NA	unphased	1.31914893617021	1.31914893617021	1
3	19956849	19956850	14	4	1	1	0	1	NA	NA	NA	unphased	0.765432098765432	0.765432098765432	1
3	30713558	30713559	43	25	1	1	0	1	NA	NA	NA	unphased	1.26633986928105	1.26633986928105	1
3	38406755	38406756	43	13	1	1	0	1	NA	NA	NA	unphased	0.799603174603175	0.799603174603175	1
3	49928036	49928037	19	13	1	1	0	1	NA	NA	NA	unphased	1.39930555555556	1.39930555555556	1
3	50114515	50114516	22	8	1	1	0	1	NA	NA	NA	unphased	0.918518518518519	0.918518518518519	1
3	53212537	53212538	11	12	1	1	0	1	NA	NA	NA	unphased	1.79710144927536	1.79710144927536	1
3	73433610	73433611	16	7	1	1	0	1	NA	NA	NA	unphased	1.04830917874396	1.04830917874396	1
3	100362184	100362185	97	23	2	1	1	1	NA	NA	NA	unphased	0.851851851851852	0.851851851851852	1
3	100362211	100362212	99	26	2	1	1	1	NA	NA	NA	unphased	0.924444444444444	0.924444444444444	1
3	112066466	112066467	96	33	2	1	1	1	NA	NA	NA	unphased	1.13695090439276	1.13695090439276	1
3	112724645	112724646	34	17	2	1	1	1	NA	NA	NA	unphased	1.48148148148148	1.48148148148148	1
3	113955425	113955426	67	15	2	1	1	1	NA	NA	NA	unphased	0.813008130081301	0.813008130081301	1
3	133337158	133337159	82	29	2	1	1	1	NA	NA	NA	unphased	1.16116116116116	1.16116116116116	1
3	138762899	138762900	20	5	2	1	1	1	NA	NA	NA	unphased	0.888888888888889	0.888888888888889	1
3	151451951	151451952	31	8	2	1	1	1	NA	NA	NA	unphased	0.911680911680912	0.911680911680912	1
3	160122460	160122461	29	5	2	1	1	1	NA	NA	NA	unphased	0.65359477124183	0.65359477124183	1
3	179529629	179529630	82	68	4.13	4	1	0.71	1	1	0.29	unphased	2.98041481481481	0.952209206011123	3.13
3	183824514	183824515	47	51	4.13	4	1	0.71	1	1	0.29	unphased	3.42139455782313	1.00040776544536	3.42
4	8383230	8383231	61	25	1	1	0	1	NA	NA	NA	unphased	1.00129198966408	1.00129198966408	1
4	17528650	17528651	70	32	1	1	0	1	NA	NA	NA	unphased	1.08061002178649	1.08061002178649	1
4	17616412	17616413	68	29	1	1	0	1	NA	NA	NA	unphased	1.02978235967927	1.02978235967927	1
4	26921164	26921165	61	25	1	1	0	1	NA	NA	NA	unphased	1.00129198966408	1.00129198966408	1
4	42618095	42618096	30	6	1	1	0	1	NA	NA	NA	unphased	0.574074074074074	0.574074074074074	1
4	48887572	48887573	81	56	1	1	0	1	NA	NA	NA	unphased	1.40794809407948	1.40794809407948	1
4	55981483	55981484	23	12	1	1	0	1	NA	NA	NA	unphased	1.18095238095238	1.18095238095238	1
4	55981484	55981485	23	12	1	1	0	1	NA	NA	NA	unphased	1.18095238095238	1.18095238095238	1
4	73154570	73154571	18	14	1	1	0	1	NA	NA	NA	unphased	1.50694444444444	1.50694444444444	1
4	113568633	113568634	119	36	1	1	0	1	NA	NA	NA	unphased	0.8	0.8	1
4	159620141	159620142	33	12	1	1	0	1	NA	NA	NA	unphased	0.918518518518519	0.918518518518519	1
4	175897672	175897673	77	32	1	1	0	1	NA	NA	NA	unphased	1.0112130479103	1.0112130479103	1
4	175898264	175898265	28	27	1	1	0	1	NA	NA	NA	unphased	1.69090909090909	1.69090909090909	1
4	187540390	187540391	116	35	1	1	0	1	NA	NA	NA	unphased	0.798381162619573	0.798381162619573	1
4	187540704	187540705	89	33	1	1	0	1	NA	NA	NA	unphased	0.931693989071038	0.931693989071038	1
5	14297282	14297283	30	12	2	1	1	0.24	1	1	0.76	unphased	1.26984126984127	1.26984126984127	1
5	24488225	24488226	41	22	2	1	1	0.24	1	1	0.76	unphased	1.55202821869489	1.55202821869489	1
5	26881172	26881173	39	8	2	1	1	0.24	1	1	0.76	unphased	0.756501182033097	0.756501182033097	1
5	31429646	31429647	47	19	2	1	1	0.24	1	1	0.76	unphased	1.27946127946128	1.27946127946128	1
5	36257554	36257555	23	6	2	1	1	0.24	1	1	0.76	unphased	0.919540229885057	0.919540229885057	1
5	41181631	41181632	38	15	2	1	1	0.24	1	1	0.76	unphased	1.25786163522013	1.25786163522013	1
5	41181632	41181633	40	16	2	1	1	0.24	1	1	0.76	unphased	1.26984126984127	1.26984126984127	1
5	45262387	45262388	36	10	1.48	1	1	0.48	1	0	0.52	unphased	0.853140096618357	0.853140096618357	1
5	131008510	131008511	25	17	1	1	0	1	NA	NA	NA	unphased	1.39417989417989	1.39417989417989	1
5	137420285	137420286	34	16	1	1	0	1	NA	NA	NA	unphased	1.10222222222222	1.10222222222222	1
5	140175261	140175262	51	11	1	1	0	1	NA	NA	NA	unphased	0.611111111111111	0.611111111111111	1
5	140502910	140502911	80	26	1	1	0	1	NA	NA	NA	unphased	0.844863731656184	0.844863731656184	1
5	140558609	140558610	237	37	1	1	0	1	NA	NA	NA	unphased	0.465125709651257	0.465125709651257	1
5	140741323	140741324	17	11	1	1	0	1	NA	NA	NA	unphased	1.3531746031746	1.3531746031746	1
5	143587012	143587013	47	29	1	1	0	1	NA	NA	NA	unphased	1.31432748538012	1.31432748538012	1
5	167674283	167674284	120	38	2	1	1	1	NA	NA	NA	unphased	1.06891701828411	1.06891701828411	1
5	170610400	170610401	63	14	2	1	1	1	NA	NA	NA	unphased	0.808080808080808	0.808080808080808	1
5	180486678	180486679	11	5	NA	NA	NA	NA	NA	NA	NA	unphased	NA	NA	1
6	24523059	24523060	99	9	2	1	1	1	NA	NA	NA	unphased	0.37037037037037	0.37037037037037	1
6	27368655	27368656	84	18	2	1	1	1	NA	NA	NA	unphased	0.784313725490196	0.784313725490196	1
6	28472213	28472214	38	6	2	1	1	1	NA	NA	NA	unphased	0.606060606060606	0.606060606060606	1
6	29323726	29323727	103	16	2	1	1	1	NA	NA	NA	unphased	0.597572362278245	0.597572362278245	1
6	30309967	30309968	40	16	2	1	1	1	NA	NA	NA	unphased	1.26984126984127	1.26984126984127	1
6	30619145	30619146	190	64	2	1	1	1	NA	NA	NA	unphased	1.11986001749781	1.11986001749781	1
6	31936486	31936487	68	7	2	1	1	1	NA	NA	NA	unphased	0.414814814814815	0.414814814814815	1
6	32037521	32037522	22	12	2	1	1	1	NA	NA	NA	unphased	1.56862745098039	1.56862745098039	1
6	42797821	42797822	53	18	2	1	1	1	NA	NA	NA	unphased	1.12676056338028	1.12676056338028	1
6	47682137	47682138	46	13	2	1	1	1	NA	NA	NA	unphased	0.979284369114878	0.979284369114878	1
6	54095514	54095515	189	55	2	1	1	1	NA	NA	NA	unphased	1.00182149362477	1.00182149362477	1
6	55739373	55739374	77	31	2	1	1	1	NA	NA	NA	unphased	1.27572016460905	1.27572016460905	1
6	57012893	57012894	54	10	2	1	1	1	NA	NA	NA	unphased	0.694444444444444	0.694444444444444	1
6	57012975	57012976	32	5	2	1	1	1	NA	NA	NA	unphased	0.600600600600601	0.600600600600601	1
6	70847579	70847580	129	51	2	1	1	1	NA	NA	NA	unphased	1.25925925925926	1.25925925925926	1
6	83839920	83839921	39	14	2	1	1	1	NA	NA	NA	unphased	1.17400419287212	1.17400419287212	1
6	84417612	84417613	38	10	2	1	1	1	NA	NA	NA	unphased	0.925925925925926	0.925925925925926	1
6	85472384	85472385	27	7	2	1	1	1	NA	NA	NA	unphased	0.915032679738562	0.915032679738562	1
6	90097268	90097269	264	82	2	1	1	1	NA	NA	NA	unphased	1.05330764290302	1.05330764290302	1
6	90348462	90348463	61	4	2	1	1	1	NA	NA	NA	unphased	0.273504273504274	0.273504273504274	1
6	96651207	96651208	36	14	2	1	1	1	NA	NA	NA	unphased	1.24444444444444	1.24444444444444	1
6	100403843	100403844	27	4	2	1	1	1	NA	NA	NA	unphased	0.573476702508961	0.573476702508961	1
6	101163281	101163282	14	4	2	1	1	1	NA	NA	NA	unphased	0.987654320987654	0.987654320987654	1
6	107103555	107103556	54	14	1.02	1	1	0.02	0	1	0.98	unphased	0.713267973856209	0.713267973856209	1
6	107475971	107475972	38	7	1.02	1	1	0.02	0	1	0.98	unphased	0.538913580246914	0.538913580246914	1
6	110953346	110953347	27	11	1.02	1	1	0.02	0	1	0.98	unphased	1.00286549707602	1.00286549707602	1
6	112496573	112496574	95	14	1.02	1	1	0.02	0	1	0.98	unphased	0.444974515800204	0.444974515800204	1
6	119327316	119327317	88	15	1.02	1	1	0.02	0	1	0.98	unphased	0.50453074433657	0.50453074433657	1
6	127517049	127517050	62	9	1.02	1	1	0.02	0	1	0.98	unphased	0.439154929577465	0.439154929577465	1
6	129785526	129785527	100	22	1.02	1	1	0.02	0	1	0.98	unphased	0.624735883424408	0.624735883424408	1
6	144769801	144769802	52	35	1	1	0	1	NA	NA	NA	unphased	1.38569604086845	1.38569604086845	1
6	167549916	167549917	57	26	1	1	0	1	NA	NA	NA	unphased	1.07898259705489	1.07898259705489	1
7	18631170	18631171	20	10	2	1	1	1	NA	NA	NA	unphased	1.48148148148148	1.48148148148148	1
7	38471794	38471795	77	15	2	1	1	1	NA	NA	NA	unphased	0.72463768115942	0.72463768115942	1
7	43916607	43916608	50	11	2	1	1	1	NA	NA	NA	unphased	0.801457194899818	0.801457194899818	1
7	62752808	62752809	14	4	2	1	1	1	NA	NA	NA	unphased	0.987654320987654	0.987654320987654	1
7	63720617	63720618	84	9	2	1	1	1	NA	NA	NA	unphased	0.43010752688172	0.43010752688172	1
7	64004165	64004166	65	27	2	1	1	1	NA	NA	NA	unphased	1.30434782608696	1.30434782608696	1
7	66410076	66410077	31	8	2	1	1	1	NA	NA	NA	unphased	0.911680911680912	0.911680911680912	1
7	66773996	66773997	64	15	2	1	1	1	NA	NA	NA	unphased	0.843881856540084	0.843881856540084	1
7	73474755	73474756	67	13	2	1	1	1	NA	NA	NA	unphased	0.722222222222222	0.722222222222222	1
7	87760754	87760755	42	8	2	1	1	1	NA	NA	NA	unphased	0.711111111111111	0.711111111111111	1
7	92027803	92027804	54	19	2	1	1	1	NA	NA	NA	unphased	1.15677321156773	1.15677321156773	1
7	95614287	95614288	72	20	2	1	1	1	NA	NA	NA	unphased	0.966183574879227	0.966183574879227	1
7	95822419	95822420	51	13	2	1	1	1	NA	NA	NA	unphased	0.902777777777778	0.902777777777778	1
7	99022668	99022669	33	6	2	1	1	1	NA	NA	NA	unphased	0.683760683760684	0.683760683760684	1
7	99799329	99799330	19	6	2	1	1	1	NA	NA	NA	unphased	1.06666666666667	1.06666666666667	1
7	104783527	104783528	84	25	2	1	1	1	NA	NA	NA	unphased	1.01936799184506	1.01936799184506	1
7	121941999	121942000	25	4	2	1	1	1	NA	NA	NA	unphased	0.613026819923372	0.613026819923372	1
7	129950676	129950677	74	16	2	1	1	1	NA	NA	NA	unphased	0.790123456790123	0.790123456790123	1
7	136700337	136700338	25	7	2	1	1	1	NA	NA	NA	unphased	0.972222222222222	0.972222222222222	1
7	138978161	138978162	55	15	2	1	1	1	NA	NA	NA	unphased	0.952380952380952	0.952380952380952	1
7	141408803	141408804	160	43	2	1	1	1	NA	NA	NA	unphased	0.941434044882321	0.941434044882321	1
7	141833837	141833838	16	4	2	1	1	1	NA	NA	NA	unphased	0.888888888888889	0.888888888888889	1
7	150921065	150921066	62	9	2	1	1	1	NA	NA	NA	unphased	0.563380281690141	0.563380281690141	1
7	150921082	150921083	63	9	2	1	1	1	NA	NA	NA	unphased	0.555555555555556	0.555555555555556	1
7	154876034	154876035	78	21	2	1	1	1	NA	NA	NA	unphased	0.942760942760943	0.942760942760943	1
8	8233762	8233763	31	10	1	1	0	1	NA	NA	NA	unphased	0.840108401084011	0.840108401084011	1
8	28989936	28989937	22	13	1	1	0	1	NA	NA	NA	unphased	1.27936507936508	1.27936507936508	1
8	30702389	30702390	37	17	1	1	0	1	NA	NA	NA	unphased	1.0843621399177	1.0843621399177	1
8	55372455	55372456	20	5	2	1	1	1	NA	NA	NA	unphased	0.888888888888889	0.888888888888889	1
8	55541068	55541069	34	11	2	1	1	1	NA	NA	NA	unphased	1.08641975308642	1.08641975308642	1
8	64099371	64099372	93	19	2	1	1	1	NA	NA	NA	unphased	0.753968253968254	0.753968253968254	1
8	67086923	67086924	23	6	2	1	1	1	NA	NA	NA	unphased	0.919540229885057	0.919540229885057	1
8	77776501	77776502	57	24	1	1	0	0.25	1	0	0.75	unphased	1.02057613168724	1.02057613168724	1
8	88365861	88365862	25	8	1	1	0	1	NA	NA	NA	unphased	0.835016835016835	0.835016835016835	1
9	2116021	2116022	38	6	3	3	0	1	NA	NA	NA	unphased	0.742424242424242	0.742424242424242	1
9	5753219	5753220	35	31	1.61	2	0	0.61	1	0	0.39	unphased	1.90436026936027	1.18283246544116	1.61
9	84531393	84531394	10	4	2	1	1	1	NA	NA	NA	unphased	1.26984126984127	1.26984126984127	1
9	84562785	84562786	26	14	2	1	1	1	NA	NA	NA	unphased	1.55555555555556	1.55555555555556	1
9	91661805	91661806	62	18	2	1	1	1	NA	NA	NA	unphased	1	1	1
9	99160541	99160542	100	27	2	1	1	1	NA	NA	NA	unphased	0.94488188976378	0.94488188976378	1
9	105768031	105768032	56	8	2	1	1	1	NA	NA	NA	unphased	0.555555555555556	0.555555555555556	1
9	109689708	109689709	136	35	2	1	1	1	NA	NA	NA	unphased	0.909681611435997	0.909681611435997	1
9	119109372	119109373	33	15	2	1	1	1	NA	NA	NA	unphased	1.38888888888889	1.38888888888889	1
9	122075432	122075433	33	9	2	1	1	1	NA	NA	NA	unphased	0.952380952380952	0.952380952380952	1
9	125796809	125796810	33	16	2	1	1	1	NA	NA	NA	unphased	1.45124716553288	1.45124716553288	1
9	131345356	131345357	35	12	2	1	1	1	NA	NA	NA	unphased	1.13475177304965	1.13475177304965	1
9	136319551	136319552	52	13	2	1	1	1	NA	NA	NA	unphased	0.888888888888889	0.888888888888889	1
X	2640678	2640679	104	32	NA	NA	NA	NA	NA	NA	NA	unphased	NA	NA	1
X	2878443	2878444	19	12	NA	NA	NA	NA	NA	NA	NA	unphased	NA	NA	1
X	7894052	7894053	15	10	NA	NA	NA	NA	NA	NA	NA	unphased	NA	NA	1
X	30872849	30872850	21	8	NA	NA	NA	NA	NA	NA	NA	unphased	NA	NA	1
X	44936071	44936072	29	27	NA	NA	NA	NA	NA	NA	NA	unphased	NA	NA	1
X	47044724	47044725	5	8	NA	NA	NA	NA	NA	NA	NA	unphased	NA	NA	1
X	53231061	53231062	18	15	NA	NA	NA	NA	NA	NA	NA	unphased	NA	NA	1
X	77528292	77528293	17	5	NA	NA	NA	NA	NA	NA	NA	unphased	NA	NA	1
X	104464810	104464811	11	4	NA	NA	NA	NA	NA	NA	NA	unphased	NA	NA	1
X	117895229	117895230	55	31	NA	NA	NA	NA	NA	NA	NA	unphased	NA	NA	1
X	118222756	118222757	13	16	NA	NA	NA	NA	NA	NA	NA	unphased	NA	NA	1
X	129629113	129629114	8	7	NA	NA	NA	NA	NA	NA	NA	unphased	NA	NA	1
X	130215796	130215797	38	14	NA	NA	NA	NA	NA	NA	NA	unphased	NA	NA	1
X	140985614	140985615	26	17	NA	NA	NA	NA	NA	NA	NA	unphased	NA	NA	1
X	140996227	140996228	42	36	NA	NA	NA	NA	NA	NA	NA	unphased	NA	NA	1
