chr	pos	ref	alt	gene	classification	t_ref_count	t_alt_count	total_depth	vaf	local_cn	major_cn	minor_cn	mcn	multiplicity	ccf	ccf_capped	is_clonal	purity	ploidy
1	3421858	C	A	MEGF6	Missense_Mutation	80	6	86	0.06976744186046512	1	1	0	0.6279	1	0.6279	0.6279	False	0.2	2.14
1	11576105	C	A	PTCHD2	Missense_Mutation	55	5	60	0.08333333333333333	1	1	1	0.75	1	0.75	0.75	False	0.2	2.14
1	11766385	C	A	DRAXIN	Missense_Mutation	79	8	87	0.09195402298850575	1	1	1	0.8276	1	0.8276	0.8276	False	0.2	2.14
1	11766386	T	A	DRAXIN	Missense_Mutation	79	8	87	0.09195402298850575	1	1	1	0.8276	1	0.8276	0.8276	False	0.2	2.14
1	12835017	C	A	PRAMEF12	Missense_Mutation	100	10	110	0.09090909090909091	1	1	1	0.8182	1	0.8182	0.8182	False	0.2	2.14
1	12954931	C	A	PRAMEF10	Nonsense_Mutation	422	21	443	0.04740406320541761	1	1	1	0.4266	1	0.4266	0.4266	False	0.2	2.14
1	16344400	G	A	HSPB7	Missense_Mutation	52	4	56	0.07142857142857142	1	2	0	0.6429	1	0.6429	0.6429	False	0.2	2.14
1	16357020	G	T	CLCNKA	Silent	77	5	82	0.06097560975609756	1	2	0	0.5488	1	0.5488	0.5488	False	0.2	2.14
1	22839481	G	T	ZBTB40	Silent	56	5	61	0.08196721311475409	1	1	0	0.7377	1	0.7377	0.7377	False	0.2	2.14
1	28293102	G	A	XKR8	Silent	63	5	68	0.07352941176470588	1	0	0	0.6618	1	0.6618	0.6618	False	0.2	2.14
1	32682383	C	A	TMEM234	3'UTR	24	3	27	0.1111111111111111	1	0	0	1.0	1	1.0	1.0	True	0.2	2.14
1	38166128	G	T	CDCA8	Missense_Mutation	62	13	75	0.17333333333333334	3	2	1	1.9067	2	0.9533	0.9533	True	0.2	2.14
1	39823254	G	A	MACF1	Missense_Mutation	88	6	94	0.06382978723404255	3	2	1	0.7021	1	0.7021	0.7021	False	0.2	2.14
1	40236196	C	T	OXCT2	Silent	52	7	59	0.11864406779661017	3	2	1	1.3051	1	1.3051	1.0	True	0.2	2.14
1	46033797	G	T	AKR1A1	Missense_Mutation	55	9	64	0.140625	3	2	1	1.5469	2	0.7734	0.7734	False	0.2	2.14
1	46978148	C	A	DMBX1	Silent	58	8	66	0.12121212121212122	3	2	1	1.3333	1	1.3333	1.0	True	0.2	2.14
1	48694895	C	T	SLC5A9	Intron	43	5	48	0.10416666666666667	2	2	1	1.0417	1	1.0417	1.0	True	0.2	2.14
1	50661318	C	T	ELAVL4	Silent	100	10	110	0.09090909090909091	2	2	1	0.9091	1	0.9091	0.9091	True	0.2	2.14
1	52956462	C	A	ZCCHC11	Missense_Mutation	73	7	80	0.0875	2	1	1	0.875	1	0.875	0.875	True	0.2	2.14
1	55145629	G	T	MROH7	Missense_Mutation	60	6	66	0.09090909090909091	2	1	1	0.9091	1	0.9091	0.9091	True	0.2	2.14
1	75708676	T	C	SLC44A5	Silent	44	3	47	0.06382978723404255	2	1	1	0.6383	1	0.6383	0.6383	False	0.2	2.14
1	75708677	G	T	SLC44A5	Missense_Mutation	43	3	46	0.06521739130434782	2	1	1	0.6522	1	0.6522	0.6522	False	0.2	2.14
1	87805312	T	A	LMO4	Silent	56	4	60	0.06666666666666667	2	1	1	0.6667	1	0.6667	0.6667	False	0.2	2.14
1	112998691	G	T	CTTNBP2NL	Missense_Mutation	76	9	85	0.10588235294117647	2	1	1	1.0588	1	1.0588	1.0	True	0.2	2.14
1	114442519	C	A	AP4B1	Intron	44	7	51	0.13725490196078433	2	1	1	1.3725	1	1.3725	1.0	True	0.2	2.14
1	115604810	C	A	TSPAN2	Silent	168	8	176	0.045454545454545456	2	1	1	0.4545	1	0.4545	0.4545	False	0.2	2.14
1	119964835	G	T	HSD3B2	Missense_Mutation	84	13	97	0.13402061855670103	3	1	1	1.4742	1	1.4742	1.0	True	0.2	2.14
1	142711340	T	A	RP11-417J8.6	RNA	211	30	241	0.12448132780082988	3	1	1	1.3693	1	1.3693	1.0	True	0.2	2.14
1	142803954	A	G	RP11-423O2.5	RNA	33	4	37	0.10810810810810811	3	1	1	1.1892	1	1.1892	1.0	True	0.2	2.14
1	145533913	G	T	ITGA10	Missense_Mutation	70	7	77	0.09090909090909091	3	2	1	1.0	1	1.0	1.0	True	0.2	2.14
1	149858798	G	A	HIST2H2AC	Missense_Mutation	169	15	184	0.08152173913043478	3	1	1	0.8967	1	0.8967	0.8967	True	0.2	2.14
1	151133305	C	A	LYSMD1	3'UTR	75	12	87	0.13793103448275862	3	1	1	1.5172	1	1.5172	1.0	True	0.2	2.14
1	152281019	G	A	FLG	Nonsense_Mutation	271	16	287	0.05574912891986063	3	1	1	0.6132	1	0.6132	0.6132	False	0.2	2.14
1	152326947	G	T	FLG2	Missense_Mutation	138	24	162	0.14814814814814814	3	1	1	1.6296	1	1.6296	1.0	True	0.2	2.14
1	152648660	G	A	LCE2C	Missense_Mutation	167	26	193	0.13471502590673576	3	1	1	1.4819	1	1.4819	1.0	True	0.2	2.14
1	153516390	C	G	S100A4	Missense_Mutation	70	15	85	0.17647058823529413	3	1	1	1.9412	1	1.9412	1.0	True	0.2	2.14
1	153520323	C	T	S100A3	Splice_Site	39	6	45	0.13333333333333333	3	1	1	1.4667	1	1.4667	1.0	True	0.2	2.14
1	155917017	C	G	ARHGEF2	3'UTR	78	11	89	0.12359550561797752	3	1	1	1.3596	1	1.3596	1.0	True	0.2	2.14
1	156279014	C	A	CCT3	Silent	67	6	73	0.0821917808219178	3	1	1	0.9041	1	0.9041	0.9041	True	0.2	2.14
1	156815775	G	C	INSRR	Silent	67	9	76	0.11842105263157894	3	1	1	1.3026	1	1.3026	1.0	True	0.2	2.14
1	167792265	C	A	ADCY10	Missense_Mutation	108	12	120	0.1	3	1	1	1.1	1	1.1	1.0	True	0.2	2.14
1	168154083	G	T	TIPRL	Missense_Mutation	69	8	77	0.1038961038961039	3	1	1	1.1429	1	1.1429	1.0	True	0.2	2.14
1	170983336	C	T	MROH9	Missense_Mutation	50	3	53	0.05660377358490566	3	2	1	0.6226	1	0.6226	0.6226	False	0.2	2.14
1	171759717	G	C	METTL13	Missense_Mutation	38	3	41	0.07317073170731707	3	2	1	0.8049	1	0.8049	0.8049	False	0.2	2.14
1	174517040	G	T	RABGAP1L	Intron	74	6	80	0.075	3	2	1	0.825	1	0.825	0.825	False	0.2	2.14
1	185260267	C	A	SWT1	3'UTR	31	11	42	0.2619047619047619	3	2	1	2.881	2	1.4405	1.0	True	0.2	2.14
1	197316469	G	T	CRB1	Splice_Site	58	8	66	0.12121212121212122	3	1	1	1.3333	1	1.3333	1.0	True	0.2	2.14
1	200144178	G	T	NR5A2	3'UTR	80	10	90	0.1111111111111111	3	1	1	1.2222	1	1.2222	1.0	True	0.2	2.14
1	202532001	C	A	PPP1R12B	Missense_Mutation	100	6	106	0.05660377358490566	3	1	1	0.6226	1	0.6226	0.6226	False	0.2	2.14
1	203669405	G	C	ATP2B4	Missense_Mutation	56	12	68	0.17647058823529413	3	1	1	1.9412	1	1.9412	1.0	True	0.2	2.14
1	203743063	G	C	LAX1	Missense_Mutation	34	10	44	0.22727272727272727	3	1	1	2.5	1	2.5	1.0	True	0.2	2.14
1	206945647	C	A	IL10	Missense_Mutation	51	8	59	0.13559322033898305	3	1	1	1.4915	1	1.4915	1.0	True	0.2	2.14
1	207110474	C	T	PIGR	Silent	44	6	50	0.12	3	1	1	1.32	1	1.32	1.0	True	0.2	2.14
1	207307755	G	T	C4BPA	Missense_Mutation	85	4	89	0.0449438202247191	3	1	1	0.4944	1	0.4944	0.4944	False	0.2	2.14
1	214814241	G	T	CENPF	Nonsense_Mutation	36	3	39	0.07692307692307693	3	2	1	0.8462	1	0.8462	0.8462	False	0.2	2.14
1	216262371	C	A	USH2A	Silent	91	5	96	0.052083333333333336	3	2	1	0.5729	1	0.5729	0.5729	False	0.2	2.14
1	216595578	C	T	USH2A	Missense_Mutation	50	8	58	0.13793103448275862	3	2	1	1.5172	2	0.7586	0.7586	False	0.2	2.14
1	223718144	G	T	CAPN8	Silent	56	9	65	0.13846153846153847	3	2	1	1.5231	2	0.7615	0.7615	False	0.2	2.14
1	224001971	C	A	TP53BP2	Missense_Mutation	58	5	63	0.07936507936507936	3	2	1	0.873	1	0.873	0.873	True	0.2	2.14
1	225519255	A	T	DNAH14	Missense_Mutation	53	5	58	0.08620689655172414	3	2	1	0.9483	1	0.9483	0.9483	True	0.2	2.14
1	228495817	G	T	OBSCN	Nonsense_Mutation	53	4	57	0.07017543859649122	3	2	1	0.7719	1	0.7719	0.7719	False	0.2	2.14
1	231954771	G	T	DISC1	Intron	17	4	21	0.19047619047619047	3	2	1	2.0952	2	1.0476	1.0	True	0.2	2.14
1	234534271	G	A	TARBP1	Missense_Mutation	58	6	64	0.09375	3	2	1	1.0312	1	1.0312	1.0	True	0.2	2.14
1	237666780	C	A	RYR2	Missense_Mutation	67	4	71	0.056338028169014086	3	2	1	0.6197	1	0.6197	0.6197	False	0.2	2.14
1	248201852	G	T	OR2L2	Nonsense_Mutation	169	24	193	0.12435233160621761	3	2	1	1.3679	1	1.3679	1.0	True	0.2	2.14
1	248224700	C	A	OR2L3	Silent	182	31	213	0.14553990610328638	3	2	1	1.6009	2	0.8005	0.8005	False	0.2	2.14
1	248436323	G	T	OR2T33	Missense_Mutation	159	9	168	0.05357142857142857	3	2	1	0.5893	1	0.5893	0.5893	False	0.2	2.14
1	248525025	G	A	OR2T4	Missense_Mutation	87	11	98	0.11224489795918367	3	2	1	1.2347	1	1.2347	1.0	True	0.2	2.14
2	3193279	C	A	TSSC1	Missense_Mutation	35	13	48	0.2708333333333333	2	1	1	2.7083	1	2.7083	1.0	True	0.2	2.14
2	11591836	C	A	E2F6	Missense_Mutation	66	9	75	0.12	3	1	1	1.32	1	1.32	1.0	True	0.2	2.14
2	18766134	G	C	NT5C1B	Silent	187	9	196	0.04591836734693878	3	1	1	0.5051	1	0.5051	0.5051	False	0.2	2.14
2	21230801	G	C	APOB	Missense_Mutation	58	7	65	0.1076923076923077	3	1	1	1.1846	1	1.1846	1.0	True	0.2	2.14
2	25994388	G	C	ASXL2	Nonsense_Mutation	103	14	117	0.11965811965811966	3	1	1	1.3162	1	1.3162	1.0	True	0.2	2.14
2	27015647	C	T	CENPA	Silent	55	6	61	0.09836065573770492	3	1	1	1.082	1	1.082	1.0	True	0.2	2.14
2	27016185	C	G	CENPA	3'UTR	30	3	33	0.09090909090909091	3	1	1	1.0	1	1.0	1.0	True	0.2	2.14
2	28820876	G	T	PLB1	Nonsense_Mutation	83	10	93	0.10752688172043011	3	1	1	1.1828	1	1.1828	1.0	True	0.2	2.14
2	33585729	G	C	LTBP1	Missense_Mutation	59	9	68	0.1323529411764706	3	1	1	1.4559	1	1.4559	1.0	True	0.2	2.14
2	33951234	C	A	AC009499.1	Intron	22	3	25	0.12	3	1	1	1.32	1	1.32	1.0	True	0.2	2.14
2	50148877	C	A	NRXN1	3'UTR	98	7	105	0.06666666666666667	2	1	1	0.6667	1	0.6667	0.6667	False	0.2	2.14
2	54880793	G	T	SPTBN1	Silent	67	4	71	0.056338028169014086	2	1	1	0.5634	1	0.5634	0.5634	False	0.2	2.14
2	55762900	G	A	CCDC104	Splice_Site	58	4	62	0.06451612903225806	2	1	1	0.6452	1	0.6452	0.6452	False	0.2	2.14
2	65454994	G	C	ACTR2	5'UTR	156	13	169	0.07692307692307693	2	1	1	0.7692	1	0.7692	0.7692	False	0.2	2.14
2	69691701	A	C	AAK1	3'Flank	42	6	48	0.125	2	1	1	1.25	1	1.25	1.0	True	0.2	2.14
2	74275075	G	T	TET3	Silent	38	4	42	0.09523809523809523	2	1	1	0.9524	1	0.9524	0.9524	True	0.2	2.14
2	77749387	G	T	LRRTM4	5'UTR	40	4	44	0.09090909090909091	2	1	1	0.9091	1	0.9091	0.9091	True	0.2	2.14
2	85661959	C	A	SH2D6	5'UTR	46	8	54	0.14814814814814814	2	1	1	1.4815	1	1.4815	1.0	True	0.2	2.14
2	85922542	C	A	GNLY	Missense_Mutation	59	7	66	0.10606060606060606	2	1	1	1.0606	1	1.0606	1.0	True	0.2	2.14
2	88857134	T	A	EIF2AK3	3'UTR	20	5	25	0.2	3	1	1	2.2	1	2.2	1.0	True	0.2	2.14
2	89185562	G	T	IGKV4-1	Missense_Mutation	166	15	181	0.08287292817679558	2	1	1	0.8287	1	0.8287	0.8287	False	0.2	2.14
2	90259789	C	A	IGKV1D-8	Missense_Mutation	329	28	357	0.0784313725490196	6	6	0	1.098	1	1.098	1.0	True	0.2	2.14
2	99454683	C	A	KIAA1211L	Silent	88	17	105	0.1619047619047619	2	1	1	1.619	1	1.619	1.0	True	0.2	2.14
2	100266105	G	T	AFF3	Silent	100	15	115	0.13043478260869565	2	1	1	1.3043	1	1.3043	1.0	True	0.2	2.14
2	103431207	G	T	TMEM182	Missense_Mutation	61	8	69	0.11594202898550725	2	1	1	1.1594	1	1.1594	1.0	True	0.2	2.14
2	130909684	C	G	SMPD4	3'UTR	127	6	133	0.045112781954887216	2	1	1	0.4511	1	0.4511	0.4511	False	0.2	2.14
2	132235781	C	T	TUBA3D	Silent	140	11	151	0.0728476821192053	2	1	1	0.7285	1	0.7285	0.7285	False	0.2	2.14
2	135705377	G	T	CCNT2	Missense_Mutation	80	9	89	0.10112359550561797	2	1	1	1.0112	1	1.0112	1.0	True	0.2	2.14
2	136482543	G	A	R3HDM1	3'UTR	31	3	34	0.08823529411764706	2	1	1	0.8824	1	0.8824	0.8824	True	0.2	2.14
2	140990291	G	C	LRP1B	3'UTR	52	6	58	0.10344827586206896	2	1	1	1.0345	1	1.0345	1.0	True	0.2	2.14
2	141128402	C	A	LRP1B	Missense_Mutation	87	8	95	0.08421052631578947	2	1	1	0.8421	1	0.8421	0.8421	False	0.2	2.14
2	162480885	G	A	SLC4A10	5'Flank	84	7	91	0.07692307692307693	2	1	1	0.7692	1	0.7692	0.7692	False	0.2	2.14
2	166847874	C	A	SCN1A	Nonsense_Mutation	72	8	80	0.1	2	1	1	1.0	1	1.0	1.0	True	0.2	2.14
2	166848261	G	C	SCN1A	Missense_Mutation	63	4	67	0.05970149253731343	2	1	1	0.597	1	0.597	0.597	False	0.2	2.14
2	168102950	A	T	XIRP2	Missense_Mutation	38	4	42	0.09523809523809523	2	1	1	0.9524	1	0.9524	0.9524	True	0.2	2.14
2	176989292	C	T	HOXD9	3'UTR	106	5	111	0.04504504504504504	2	1	1	0.4505	1	0.4505	0.4505	False	0.2	2.14
2	179479481	C	G	TTN	Splice_Site	47	3	50	0.06	2	1	1	0.6	1	0.6	0.6	False	0.2	2.14
2	204304271	C	T	RAPH1	Silent	71	4	75	0.05333333333333334	2	1	1	0.5333	1	0.5333	0.5333	False	0.2	2.14
2	219825902	C	G	CDK5R2	3'UTR	58	8	66	0.12121212121212122	2	1	1	1.2121	1	1.2121	1.0	True	0.2	2.14
2	224866556	T	A	SERPINE2	Missense_Mutation	50	7	57	0.12280701754385964	2	1	1	1.2281	1	1.2281	1.0	True	0.2	2.14
2	228883671	G	T	SPHKAP	Nonsense_Mutation	41	5	46	0.10869565217391304	2	1	1	1.087	1	1.087	1.0	True	0.2	2.14
2	238688092	G	C	LRRFIP1	Missense_Mutation	68	6	74	0.08108108108108109	2	1	1	0.8108	1	0.8108	0.8108	False	0.2	2.14
2	240002840	C	A	HDAC4	Missense_Mutation	99	11	110	0.1	2	1	1	1.0	1	1.0	1.0	True	0.2	2.14
2	241656652	C	A	KIF1A	3'UTR	82	5	87	0.05747126436781609	2	1	1	0.5747	1	0.5747	0.5747	False	0.2	2.14
2	242122273	G	T	PPP1R7	3'UTR	41	3	44	0.06818181818181818	1	1	0	0.6136	1	0.6136	0.6136	False	0.2	2.14
2	242187659	C	T	HDLBP	Silent	98	6	104	0.057692307692307696	1	1	0	0.5192	1	0.5192	0.5192	False	0.2	2.14
2	242195807	C	T	HDLBP	Missense_Mutation	52	8	60	0.13333333333333333	1	1	0	1.2	1	1.2	1.0	True	0.2	2.14
2	242196027	G	A	HDLBP	Silent	73	4	77	0.05194805194805195	1	1	0	0.4675	1	0.4675	0.4675	False	0.2	2.14
2	242196030	G	A	HDLBP	Silent	74	4	78	0.05128205128205128	1	1	0	0.4615	1	0.4615	0.4615	False	0.2	2.14
3	8983397	C	A	RAD18	Missense_Mutation	57	4	61	0.06557377049180328	2	1	1	0.6557	1	0.6557	0.6557	False	0.2	2.14
3	9726928	G	A	MTMR14	Silent	65	8	73	0.1095890410958904	2	1	1	1.0959	1	1.0959	1.0	True	0.2	2.14
3	28364948	C	G	CMC1	3'UTR	216	7	223	0.03139013452914798	2	1	1	0.3139	1	0.3139	0.3139	False	0.2	2.14
3	53766862	G	T	CACNA1D	Nonsense_Mutation	64	4	68	0.058823529411764705	2	1	1	0.5882	1	0.5882	0.5882	False	0.2	2.14
3	97851625	C	G	OR5H1	Missense_Mutation	170	12	182	0.06593406593406594	2	1	1	0.6593	1	0.6593	0.6593	False	0.2	2.14
3	112545840	C	G	CD200R1L	Missense_Mutation	60	4	64	0.0625	2	1	1	0.625	1	0.625	0.625	False	0.2	2.14
3	113627935	A	G	GRAMD1C	Missense_Mutation	96	6	102	0.058823529411764705	2	1	1	0.5882	1	0.5882	0.5882	False	0.2	2.14
3	132441160	C	A	NPHP3	Nonsense_Mutation	16	3	19	0.15789473684210525	2	1	1	1.5789	1	1.5789	1.0	True	0.2	2.14
3	142840873	G	T	CHST2	Silent	42	8	50	0.16	2	1	1	1.6	1	1.6	1.0	True	0.2	2.14
3	150460351	C	T	SIAH2	Silent	93	8	101	0.07920792079207921	2	1	1	0.7921	1	0.7921	0.7921	False	0.2	2.14
3	150804523	C	T	MED12L	5'Flank	34	6	40	0.15	2	1	1	1.5	1	1.5	1.0	True	0.2	2.14
3	151046747	A	T	P2RY13	Missense_Mutation	45	4	49	0.08163265306122448	2	1	1	0.8163	1	0.8163	0.8163	False	0.2	2.14
3	161216961	C	G	OTOL1	Missense_Mutation	105	6	111	0.05405405405405406	2	1	1	0.5405	1	0.5405	0.5405	False	0.2	2.14
3	169639075	G	T	SAMD7	Missense_Mutation	89	21	110	0.19090909090909092	4	3	1	2.2909	2	1.1455	1.0	True	0.2	2.14
3	169663272	C	A	RP11-379K17.4	RNA	4	4	8	0.5	4	3	1	6.0	3	2.0	1.0	True	0.2	2.14
3	169985788	G	T	PRKCI	Missense_Mutation	85	21	106	0.19811320754716982	4	3	1	2.3774	2	1.1887	1.0	True	0.2	2.14
3	176742204	C	G	TBL1XR1	3'UTR	94	22	116	0.1896551724137931	4	3	1	2.2759	2	1.1379	1.0	True	0.2	2.14
3	183777335	C	A	HTR3C	Missense_Mutation	100	6	106	0.05660377358490566	4	3	1	0.6792	1	0.6792	0.6792	False	0.2	2.14
3	193052744	G	T	ATP13A5	Missense_Mutation	49	35	84	0.4166666666666667	4	3	1	5.0	3	1.6667	1.0	True	0.2	2.14
3	195517903	G	T	MUC4	Missense_Mutation	74	19	93	0.20430107526881722	4	3	1	2.4516	2	1.2258	1.0	True	0.2	2.14
4	248385	C	A	ZNF876P	RNA	52	6	58	0.10344827586206896	2	1	1	1.0345	1	1.0345	1.0	True	0.2	2.14
4	1343540	G	T	UVSSA	Silent	44	10	54	0.18518518518518517	1	0	0	1.6667	1	1.6667	1.0	True	0.2	2.14
4	1343542	G	T	UVSSA	Missense_Mutation	44	10	54	0.18518518518518517	1	0	0	1.6667	1	1.6667	1.0	True	0.2	2.14
4	2250936	C	A	MXD4	3'UTR	29	5	34	0.14705882352941177	1	0	0	1.3235	1	1.3235	1.0	True	0.2	2.14
4	5448434	C	G	STK32B	Silent	56	8	64	0.125	1	0	0	1.125	1	1.125	1.0	True	0.2	2.14
4	8583004	G	T	GPR78	Missense_Mutation	24	3	27	0.1111111111111111	1	0	0	1.0	1	1.0	1.0	True	0.2	2.14
4	26585671	G	A	TBC1D19	5'UTR	27	4	31	0.12903225806451613	2	1	1	1.2903	1	1.2903	1.0	True	0.2	2.14
4	47562981	G	T	ATP10D	Nonsense_Mutation	89	8	97	0.08247422680412371	3	2	1	0.9072	1	0.9072	0.9072	True	0.2	2.14
4	48622744	G	A	FRYL	Missense_Mutation	80	7	87	0.08045977011494253	3	2	1	0.8851	1	0.8851	0.8851	True	0.2	2.14
4	55604640	G	T	KIT	Missense_Mutation	74	7	81	0.08641975308641975	3	2	1	0.9506	1	0.9506	0.9506	True	0.2	2.14
4	71347113	C	A	MUC7	Missense_Mutation	188	34	222	0.15315315315315314	3	2	1	1.6847	2	0.8423	0.8423	False	0.2	2.14
4	71508513	C	T	ENAM	Missense_Mutation	63	12	75	0.16	3	2	1	1.76	2	0.88	0.88	True	0.2	2.14
4	77816952	C	A	SOWAHB	Missense_Mutation	41	5	46	0.10869565217391304	3	2	1	1.1957	1	1.1957	1.0	True	0.2	2.14
4	96123921	G	C	UNC5C	Missense_Mutation	52	4	56	0.07142857142857142	3	2	1	0.7857	1	0.7857	0.7857	False	0.2	2.14
4	100350696	C	A	ADH7	Missense_Mutation	107	12	119	0.10084033613445378	3	2	1	1.1092	1	1.1092	1.0	True	0.2	2.14
4	103518697	G	A	NFKB1	Missense_Mutation	46	11	57	0.19298245614035087	3	2	1	2.1228	2	1.0614	1.0	True	0.2	2.14
4	107248633	G	C	AIMP1	Missense_Mutation	124	16	140	0.11428571428571428	3	2	1	1.2571	1	1.2571	1.0	True	0.2	2.14
4	113568845	G	C	LARP7	Splice_Site	98	17	115	0.14782608695652175	3	2	1	1.6261	2	0.813	0.813	False	0.2	2.14
4	119754883	C	G	SEC24D	5'UTR	66	11	77	0.14285714285714285	3	2	1	1.5714	2	0.7857	0.7857	False	0.2	2.14
4	122774232	C	A	BBS7	Missense_Mutation	62	8	70	0.11428571428571428	3	2	1	1.2571	1	1.2571	1.0	True	0.2	2.14
4	123302179	C	A	ADAD1	Missense_Mutation	95	14	109	0.12844036697247707	3	2	1	1.4128	1	1.4128	1.0	True	0.2	2.14
4	138452880	G	C	PCDH18	Missense_Mutation	80	6	86	0.06976744186046512	2	1	1	0.6977	1	0.6977	0.6977	False	0.2	2.14
4	159627792	G	C	ETFDH	Missense_Mutation	70	4	74	0.05405405405405406	2	1	1	0.5405	1	0.5405	0.5405	False	0.2	2.14
4	166149971	G	T	KLHL2	Silent	227	18	245	0.07346938775510205	2	1	1	0.7347	1	0.7347	0.7347	False	0.2	2.14
4	185637644	C	T	CENPU	Silent	72	5	77	0.06493506493506493	1	1	1	0.5844	1	0.5844	0.5844	False	0.2	2.14
4	186361817	G	C	C4orf47	Missense_Mutation	60	4	64	0.0625	1	1	1	0.5625	1	0.5625	0.5625	False	0.2	2.14
4	190883076	G	C	FRG1	Silent	48	3	51	0.058823529411764705	1	1	1	0.5294	1	0.5294	0.5294	False	0.2	2.14
5	31983407	G	A	PDZD2	Missense_Mutation	84	5	89	0.056179775280898875	2	1	1	0.5618	1	0.5618	0.5618	False	0.2	2.14
5	39202128	C	A	FYB	Missense_Mutation	106	9	115	0.0782608695652174	2	1	1	0.7826	1	0.7826	0.7826	False	0.2	2.14
5	56777851	C	A	ACTBL2	Missense_Mutation	51	4	55	0.07272727272727272	2	1	1	0.7273	1	0.7273	0.7273	False	0.2	2.14
5	72849262	C	A	ANKRA2	Missense_Mutation	29	4	33	0.12121212121212122	2	1	1	1.2121	1	1.2121	1.0	True	0.2	2.14
5	85583508	G	C	NBPF22P	RNA	125	8	133	0.06015037593984962	2	1	1	0.6015	1	0.6015	0.6015	False	0.2	2.14
5	112769133	C	T	TSSK1B	3'UTR	48	5	53	0.09433962264150944	2	1	1	0.9434	1	0.9434	0.9434	True	0.2	2.14
5	136957111	G	A	KLHL3	3'UTR	16	3	19	0.15789473684210525	2	1	1	1.5789	1	1.5789	1.0	True	0.2	2.14
5	140167367	C	A	PCDHA1	Silent	167	8	175	0.045714285714285714	2	1	1	0.4571	1	0.4571	0.4571	False	0.2	2.14
5	140201574	G	T	PCDHA5	Missense_Mutation	154	8	162	0.04938271604938271	2	1	1	0.4938	1	0.4938	0.4938	False	0.2	2.14
5	140229361	G	T	PCDHA9	Silent	168	8	176	0.045454545454545456	2	1	1	0.4545	1	0.4545	0.4545	False	0.2	2.14
5	140255196	C	T	PCDHA12	Missense_Mutation	158	7	165	0.04242424242424243	2	1	1	0.4242	1	0.4242	0.4242	False	0.2	2.14
5	140537208	C	G	PCDHB17	Missense_Mutation	272	14	286	0.04895104895104895	2	1	1	0.4895	1	0.4895	0.4895	False	0.2	2.14
5	140603152	G	T	PCDHB14	Silent	82	6	88	0.06818181818181818	2	1	1	0.6818	1	0.6818	0.6818	False	0.2	2.14
5	140615746	G	A	PCDHB18	RNA	256	11	267	0.04119850187265917	2	1	1	0.412	1	0.412	0.412	False	0.2	2.14
5	140794996	G	T	PCDHGA10	Missense_Mutation	140	8	148	0.05405405405405406	2	1	1	0.5405	1	0.5405	0.5405	False	0.2	2.14
5	141331136	G	T	PCDH12	Missense_Mutation	66	6	72	0.08333333333333333	2	1	1	0.8333	1	0.8333	0.8333	False	0.2	2.14
5	145543902	T	C	LARS	Missense_Mutation	109	6	115	0.05217391304347826	2	1	1	0.5217	1	0.5217	0.5217	False	0.2	2.14
5	145613110	C	G	RBM27	Missense_Mutation	82	7	89	0.07865168539325842	2	1	1	0.7865	1	0.7865	0.7865	False	0.2	2.14
5	146773361	C	A	DPYSL3	3'UTR	66	8	74	0.10810810810810811	2	1	1	1.0811	1	1.0811	1.0	True	0.2	2.14
5	147040585	G	T	JAKMIP2	Silent	52	4	56	0.07142857142857142	2	1	1	0.7143	1	0.7143	0.7143	False	0.2	2.14
5	149578905	C	A	SLC6A7	Silent	102	5	107	0.04672897196261682	2	1	1	0.4673	1	0.4673	0.4673	False	0.2	2.14
6	13228205	G	T	PHACTR1	Nonsense_Mutation	62	8	70	0.11428571428571428	2	1	1	1.1429	1	1.1429	1.0	True	0.2	2.14
6	24666976	C	T	TDP2	Missense_Mutation	26	4	30	0.13333333333333333	2	1	1	1.3333	1	1.3333	1.0	True	0.2	2.14
6	29641135	G	C	ZFP57	Silent	67	14	81	0.1728395061728395	2	1	1	1.7284	1	1.7284	1.0	True	0.2	2.14
6	30615067	A	T	C6orf136	Missense_Mutation	80	8	88	0.09090909090909091	1	1	0	0.8182	1	0.8182	0.8182	False	0.2	2.14
6	31827130	C	A	NEU1	3'UTR	48	6	54	0.1111111111111111	1	1	1	1.0	1	1.0	1.0	True	0.2	2.14
6	32917464	G	A	HLA-DMA	Silent	67	7	74	0.0945945945945946	1	1	1	0.8514	1	0.8514	0.8514	True	0.2	2.14
6	33283128	G	A	ZBTB22	Silent	46	9	55	0.16363636363636364	1	1	1	1.4727	1	1.4727	1.0	True	0.2	2.14
6	33424232	G	T	ZBTB9	Missense_Mutation	57	4	61	0.06557377049180328	1	1	1	0.5902	1	0.5902	0.5902	False	0.2	2.14
6	36709970	G	A	CPNE5	3'UTR	32	7	39	0.1794871794871795	1	1	1	1.6154	1	1.6154	1.0	True	0.2	2.14
6	49754035	C	T	PGK2	Missense_Mutation	60	6	66	0.09090909090909091	1	1	1	0.8182	1	0.8182	0.8182	False	0.2	2.14
6	53140028	G	C	ELOVL5	Missense_Mutation	89	9	98	0.09183673469387756	1	1	1	0.8265	1	0.8265	0.8265	False	0.2	2.14
6	62390931	C	A	KHDRBS2	Missense_Mutation	69	4	73	0.0547945205479452	2	1	1	0.5479	1	0.5479	0.5479	False	0.2	2.14
6	66205078	G	T	EYS	Missense_Mutation	54	7	61	0.11475409836065574	2	1	1	1.1475	1	1.1475	1.0	True	0.2	2.14
6	70447905	C	A	LMBRD1	Missense_Mutation	45	3	48	0.0625	2	1	1	0.625	1	0.625	0.625	False	0.2	2.14
6	70918602	G	A	COL19A1	3'UTR	61	4	65	0.06153846153846154	2	1	1	0.6154	1	0.6154	0.6154	False	0.2	2.14
6	75843646	C	T	COL12A1	Nonsense_Mutation	76	6	82	0.07317073170731707	2	1	1	0.7317	1	0.7317	0.7317	False	0.2	2.14
6	139564250	C	T	TXLNB	Missense_Mutation	76	8	84	0.09523809523809523	2	1	1	0.9524	1	0.9524	0.9524	True	0.2	2.14
6	146269407	C	T	SHPRH	Splice_Site	97	6	103	0.05825242718446602	2	1	1	0.5825	1	0.5825	0.5825	False	0.2	2.14
6	149771832	A	T	ZC3H12D	Missense_Mutation	63	7	70	0.1	2	1	1	1.0	1	1.0	1.0	True	0.2	2.14
6	160206497	T	A	TCP1	Missense_Mutation	47	6	53	0.11320754716981132	2	1	1	1.1321	1	1.1321	1.0	True	0.2	2.14
6	160212043	G	A	MRPL18	Missense_Mutation	98	10	108	0.09259259259259259	2	1	1	0.9259	1	0.9259	0.9259	True	0.2	2.14
6	160664752	G	T	SLC22A2	Nonsense_Mutation	63	15	78	0.19230769230769232	2	1	1	1.9231	1	1.9231	1.0	True	0.2	2.14
6	161139416	G	A	PLG	Missense_Mutation	48	5	53	0.09433962264150944	2	1	1	0.9434	1	0.9434	0.9434	True	0.2	2.14
6	163483273	G	T	PACRG	Missense_Mutation	69	4	73	0.0547945205479452	2	1	1	0.5479	1	0.5479	0.5479	False	0.2	2.14
7	716865	C	A	PRKAR1B	Splice_Site	52	6	58	0.10344827586206896	2	1	1	1.0345	1	1.0345	1.0	True	0.2	2.14
7	2515604	G	T	GRIFIN	RNA	60	6	66	0.09090909090909091	2	1	1	0.9091	1	0.9091	0.9091	True	0.2	2.14
7	2687177	G	C	TTYH3	Silent	41	5	46	0.10869565217391304	2	1	1	1.087	1	1.087	1.0	True	0.2	2.14
7	6045569	T	C	PMS2	Silent	422	35	457	0.07658643326039387	2	1	1	0.7659	1	0.7659	0.7659	False	0.2	2.14
7	6505755	C	G	KDELR2	Missense_Mutation	66	4	70	0.05714285714285714	2	1	1	0.5714	1	0.5714	0.5714	False	0.2	2.14
7	12263907	G	T	TMEM106B	Missense_Mutation	105	6	111	0.05405405405405406	2	1	1	0.5405	1	0.5405	0.5405	False	0.2	2.14
7	14880833	T	A	DGKB	Missense_Mutation	115	15	130	0.11538461538461539	2	1	1	1.1538	1	1.1538	1.0	True	0.2	2.14
7	44228666	C	A	GCK	5'UTR	80	9	89	0.10112359550561797	2	1	1	1.0112	1	1.0112	1.0	True	0.2	2.14
7	44228667	T	A	GCK	5'UTR	81	9	90	0.1	2	1	1	1.0	1	1.0	1.0	True	0.2	2.14
7	44882898	C	A	H2AFV	Missense_Mutation	69	6	75	0.08	2	1	1	0.8	1	0.8	0.8	False	0.2	2.14
7	46728896	G	T	AC011294.3	3'UTR	52	5	57	0.08771929824561403	2	1	1	0.8772	1	0.8772	0.8772	True	0.2	2.14
7	64291962	G	C	ZNF138	Silent	93	8	101	0.07920792079207921	3	1	1	0.8713	1	0.8713	0.8713	True	0.2	2.14
7	64438934	C	A	ZNF117	Missense_Mutation	60	6	66	0.09090909090909091	3	1	1	1.0	1	1.0	1.0	True	0.2	2.14
7	73474214	A	T	ELN	Splice_Site	100	9	109	0.08256880733944955	3	1	1	0.9083	1	0.9083	0.9083	True	0.2	2.14
7	73731819	G	A	CLIP2	5'UTR	65	9	74	0.12162162162162163	3	1	1	1.3378	1	1.3378	1.0	True	0.2	2.14
7	73731997	G	T	CLIP2	Missense_Mutation	135	11	146	0.07534246575342465	3	1	1	0.8288	1	0.8288	0.8288	False	0.2	2.14
7	73932624	A	T	GTF2IRD1	Missense_Mutation	27	3	30	0.1	3	1	1	1.1	1	1.1	1.0	True	0.2	2.14
7	77764503	G	T	MAGI2	Missense_Mutation	63	11	74	0.14864864864864866	3	1	1	1.6351	1	1.6351	1.0	True	0.2	2.14
7	86548598	C	A	KIAA1324L	Missense_Mutation	101	11	112	0.09821428571428571	3	1	1	1.0804	1	1.0804	1.0	True	0.2	2.14
7	92733886	C	A	SAMD9	Missense_Mutation	74	6	80	0.075	3	1	1	0.825	1	0.825	0.825	False	0.2	2.14
7	98608682	G	A	TRRAP	Missense_Mutation	13	4	17	0.23529411764705882	2	1	1	2.3529	1	2.3529	1.0	True	0.2	2.14
7	99811735	C	A	STAG3	3'UTR	41	6	47	0.1276595744680851	2	1	1	1.2766	1	1.2766	1.0	True	0.2	2.14
7	100358086	G	T	ZAN	Missense_Mutation	151	9	160	0.05625	2	1	1	0.5625	1	0.5625	0.5625	False	0.2	2.14
7	100648403	C	G	MUC12	Missense_Mutation	125	8	133	0.06015037593984962	2	1	1	0.6015	1	0.6015	0.6015	False	0.2	2.14
7	100648615	C	T	MUC12	Missense_Mutation	131	16	147	0.10884353741496598	2	1	1	1.0884	1	1.0884	1.0	True	0.2	2.14
7	103292142	G	T	RELN	Missense_Mutation	67	9	76	0.11842105263157894	2	1	1	1.1842	1	1.1842	1.0	True	0.2	2.14
7	107688467	C	G	LAMB4	Missense_Mutation	108	7	115	0.06086956521739131	2	1	1	0.6087	1	0.6087	0.6087	False	0.2	2.14
7	117235030	G	T	CFTR	Missense_Mutation	64	8	72	0.1111111111111111	2	1	1	1.1111	1	1.1111	1.0	True	0.2	2.14
7	120907296	C	A	CPED1	Silent	46	3	49	0.061224489795918366	2	1	1	0.6122	1	0.6122	0.6122	False	0.2	2.14
7	129046266	G	T	AHCYL2	Silent	87	4	91	0.04395604395604396	2	1	1	0.4396	1	0.4396	0.4396	False	0.2	2.14
7	132169579	G	T	PLXNA4	Intron	84	7	91	0.07692307692307693	2	1	1	0.7692	1	0.7692	0.7692	False	0.2	2.14
7	138255646	G	C	TRIM24	Silent	174	15	189	0.07936507936507936	2	1	1	0.7937	1	0.7937	0.7937	False	0.2	2.14
7	141720844	C	A	MGAM	Silent	152	11	163	0.06748466257668712	2	1	1	0.6748	1	0.6748	0.6748	False	0.2	2.14
7	141833840	G	T	RP11-1220K2.2	Missense_Mutation	63	6	69	0.08695652173913043	2	1	1	0.8696	1	0.8696	0.8696	True	0.2	2.14
7	142176768	C	G	TRBV7-4	Missense_Mutation	80	8	88	0.09090909090909091	2	1	1	0.9091	1	0.9091	0.9091	True	0.2	2.14
7	149425722	G	C	KRBA1	Missense_Mutation	52	5	57	0.08771929824561403	2	1	1	0.8772	1	0.8772	0.8772	True	0.2	2.14
7	149500089	G	C	SSPO	RNA	27	4	31	0.12903225806451613	2	1	1	1.2903	1	1.2903	1.0	True	0.2	2.14
7	149500813	G	T	SSPO	RNA	104	8	112	0.07142857142857142	2	1	1	0.7143	1	0.7143	0.7143	False	0.2	2.14
7	149511966	G	T	SSPO	RNA	45	5	50	0.1	2	1	1	1.0	1	1.0	1.0	True	0.2	2.14
7	150490363	G	C	TMEM176B	Missense_Mutation	29	3	32	0.09375	2	1	1	0.9375	1	0.9375	0.9375	True	0.2	2.14
7	151878492	T	A	KMT2C	Silent	28	3	31	0.0967741935483871	2	1	1	0.9677	1	0.9677	0.9677	True	0.2	2.14
7	154862603	C	A	HTR5A	5'UTR	65	6	71	0.08450704225352113	2	1	1	0.8451	1	0.8451	0.8451	False	0.2	2.14
8	665954	C	G	ERICH1	Missense_Mutation	98	12	110	0.10909090909090909	1	1	0	0.9818	1	0.9818	0.9818	True	0.2	2.14
8	1952500	G	C	KBTBD11	3'UTR	26	3	29	0.10344827586206896	1	1	0	0.931	1	0.931	0.931	True	0.2	2.14
8	13072192	A	T	DLC1	Intron	78	11	89	0.12359550561797752	2	1	1	1.236	1	1.236	1.0	True	0.2	2.14
8	26371930	C	A	PNMA2	5'Flank	53	6	59	0.1016949152542373	1	1	0	0.9153	1	0.9153	0.9153	True	0.2	2.14
8	40389096	G	C	ZMAT4	3'UTR	64	8	72	0.1111111111111111	2	2	0	1.1111	1	1.1111	1.0	True	0.2	2.14
8	49985382	G	A	C8orf22	5'UTR	72	22	94	0.23404255319148937	2	2	0	2.3404	2	1.1702	1.0	True	0.2	2.14
8	52321611	G	T	PXDNL	Missense_Mutation	38	7	45	0.15555555555555556	2	2	0	1.5556	2	0.7778	0.7778	False	0.2	2.14
8	89052248	C	G	MMP16	3'UTR	25	4	29	0.13793103448275862	2	2	0	1.3793	1	1.3793	1.0	True	0.2	2.14
8	92972711	G	A	RUNX1T1	Missense_Mutation	56	15	71	0.2112676056338028	2	2	0	2.1127	2	1.0563	1.0	True	0.2	2.14
8	95412652	C	T	RAD54B	Missense_Mutation	68	7	75	0.09333333333333334	2	2	0	0.9333	1	0.9333	0.9333	True	0.2	2.14
8	105264188	G	C	RIMS2	3'Flank	70	8	78	0.10256410256410256	2	2	0	1.0256	1	1.0256	1.0	True	0.2	2.14
8	114326869	G	C	CSMD3	Missense_Mutation	58	10	68	0.14705882352941177	2	2	0	1.4706	1	1.4706	1.0	True	0.2	2.14
8	134034380	G	C	TG	Missense_Mutation	55	8	63	0.12698412698412698	2	2	0	1.2698	1	1.2698	1.0	True	0.2	2.14
8	139815144	G	C	COL22A1	Missense_Mutation	65	11	76	0.14473684210526316	2	2	0	1.4474	1	1.4474	1.0	True	0.2	2.14
8	143618431	C	T	BAI1	Silent	179	10	189	0.05291005291005291	1	1	0	0.4762	1	0.4762	0.4762	False	0.2	2.14
8	144650733	C	T	MROH6	Missense_Mutation	43	6	49	0.12244897959183673	1	1	0	1.102	1	1.102	1.0	True	0.2	2.14
8	145066491	G	T	GRINA	Missense_Mutation	40	8	48	0.16666666666666666	1	1	0	1.5	1	1.5	1.0	True	0.2	2.14
9	6793022	C	T	KDM4C	Missense_Mutation	78	5	83	0.060240963855421686	2	1	1	0.6024	1	0.6024	0.6024	False	0.2	2.14
9	32784186	G	T	TMEM215	Missense_Mutation	56	5	61	0.08196721311475409	1	1	0	0.7377	1	0.7377	0.7377	False	0.2	2.14
9	73477993	C	A	TRPM3	Missense_Mutation	55	15	70	0.21428571428571427	2	2	0	2.1429	2	1.0714	1.0	True	0.2	2.14
9	84609130	A	T	SPATA31D1	Missense_Mutation	102	5	107	0.04672897196261682	2	2	0	0.4673	1	0.4673	0.4673	False	0.2	2.14
9	84610013	C	A	SPATA31D1	Missense_Mutation	58	7	65	0.1076923076923077	2	2	0	1.0769	1	1.0769	1.0	True	0.2	2.14
9	85958132	C	A	FRMD3	Missense_Mutation	69	5	74	0.06756756756756757	2	2	0	0.6757	1	0.6757	0.6757	False	0.2	2.14
9	90343008	G	C	CTSL	Missense_Mutation	208	28	236	0.11864406779661017	2	2	0	1.1864	1	1.1864	1.0	True	0.2	2.14
9	90582309	C	A	CDK20	3'UTR	40	10	50	0.2	2	2	0	2.0	2	1.0	1.0	True	0.2	2.14
9	94486219	G	T	ROR2	Missense_Mutation	56	11	67	0.16417910447761194	2	2	0	1.6418	2	0.8209	0.8209	False	0.2	2.14
9	95076562	G	C	NOL8	Missense_Mutation	47	4	51	0.0784313725490196	2	2	0	0.7843	1	0.7843	0.7843	False	0.2	2.14
9	104187755	G	T	ALDOB	Missense_Mutation	80	13	93	0.13978494623655913	2	2	0	1.3978	1	1.3978	1.0	True	0.2	2.14
9	107581886	C	A	ABCA1	Silent	57	10	67	0.14925373134328357	2	2	0	1.4925	1	1.4925	1.0	True	0.2	2.14
9	113308490	C	T	SVEP1	Missense_Mutation	64	17	81	0.20987654320987653	2	2	0	2.0988	2	1.0494	1.0	True	0.2	2.14
9	114089878	A	T	OR2K2	Missense_Mutation	79	11	90	0.12222222222222222	2	2	0	1.2222	1	1.2222	1.0	True	0.2	2.14
9	136339163	G	T	SLC2A6	Silent	72	10	82	0.12195121951219512	1	1	0	1.0976	1	1.0976	1.0	True	0.2	2.14
9	139975304	G	T	UAP1L1	Missense_Mutation	59	8	67	0.11940298507462686	1	1	0	1.0746	1	1.0746	1.0	True	0.2	2.14
10	5260694	C	A	AKR1C4	Missense_Mutation	53	7	60	0.11666666666666667	2	1	1	1.1667	1	1.1667	1.0	True	0.2	2.14
10	5541125	C	A	CALML5	Missense_Mutation	10	3	13	0.23076923076923078	2	1	1	2.3077	1	2.3077	1.0	True	0.2	2.14
10	15254423	C	T	FAM171A1	3'UTR	56	4	60	0.06666666666666667	2	1	1	0.6667	1	0.6667	0.6667	False	0.2	2.14
10	16992031	C	A	CUBN	Missense_Mutation	62	4	66	0.06060606060606061	2	1	1	0.6061	1	0.6061	0.6061	False	0.2	2.14
10	19856477	T	G	MALRD1	Missense_Mutation	84	12	96	0.125	2	2	1	1.25	1	1.25	1.0	True	0.2	2.14
10	21074209	G	A	NEBL	3'UTR	34	3	37	0.08108108108108109	2	2	1	0.8108	1	0.8108	0.8108	False	0.2	2.14
10	21805376	A	G	SKIDA1	Missense_Mutation	75	14	89	0.15730337078651685	2	2	1	1.573	2	0.7865	0.7865	False	0.2	2.14
10	32856778	G	A	CCDC7	Missense_Mutation	13	5	18	0.2777777777777778	3	2	1	3.0556	2	1.5278	1.0	True	0.2	2.14
10	34408625	G	A	PARD3	Missense_Mutation	62	10	72	0.1388888888888889	3	2	1	1.5278	2	0.7639	0.7639	False	0.2	2.14
10	35819102	G	T	CCNY	Missense_Mutation	48	13	61	0.21311475409836064	3	2	1	2.3443	2	1.1721	1.0	True	0.2	2.14
10	38343809	G	C	ZNF33A	Missense_Mutation	58	10	68	0.14705882352941177	3	2	1	1.6176	2	0.8088	0.8088	False	0.2	2.14
10	43615577	C	A	RET	Silent	61	9	70	0.12857142857142856	3	2	1	1.4143	1	1.4143	1.0	True	0.2	2.14
10	49654430	C	A	ARHGAP22	3'UTR	78	9	87	0.10344827586206896	2	2	1	1.0345	1	1.0345	1.0	True	0.2	2.14
10	50165273	C	A	WDFY4	Missense_Mutation	54	7	61	0.11475409836065574	2	2	1	1.1475	1	1.1475	1.0	True	0.2	2.14
10	50953480	C	A	OGDHL	Missense_Mutation	46	10	56	0.17857142857142858	2	2	1	1.7857	2	0.8929	0.8929	True	0.2	2.14
10	68857758	C	G	LRRTM3	3'UTR	32	8	40	0.2	2	1	1	2.0	1	2.0	1.0	True	0.2	2.14
10	71008284	C	A	HKDC1	Missense_Mutation	56	7	63	0.1111111111111111	2	1	1	1.1111	1	1.1111	1.0	True	0.2	2.14
10	72543169	C	G	TBATA	5'UTR	38	3	41	0.07317073170731707	2	1	1	0.7317	1	0.7317	0.7317	False	0.2	2.14
10	73571509	T	A	CDH23	Silent	46	5	51	0.09803921568627451	2	1	1	0.9804	1	0.9804	0.9804	True	0.2	2.14
10	73820158	G	T	SPOCK2	3'UTR	33	4	37	0.10810810810810811	2	1	1	1.0811	1	1.0811	1.0	True	0.2	2.14
10	73912705	C	A	ASCC1	Missense_Mutation	72	14	86	0.16279069767441862	2	1	1	1.6279	1	1.6279	1.0	True	0.2	2.14
10	88466294	T	A	LDB3	Intron	137	7	144	0.04861111111111111	2	1	1	0.4861	1	0.4861	0.4861	False	0.2	2.14
10	89514503	T	C	ATAD1	Missense_Mutation	72	5	77	0.06493506493506493	2	1	1	0.6494	1	0.6494	0.6494	False	0.2	2.14
10	102799314	A	C	SFXN3	Missense_Mutation	62	5	67	0.07462686567164178	1	1	1	0.6716	1	0.6716	0.6716	False	0.2	2.14
10	134623983	G	T	TTC40	Missense_Mutation	76	5	81	0.06172839506172839	1	0	0	0.5556	1	0.5556	0.5556	False	0.2	2.14
10	134682826	T	A	TTC40	Missense_Mutation	31	3	34	0.08823529411764706	1	0	0	0.7941	1	0.7941	0.7941	False	0.2	2.14
10	134694436	C	G	TTC40	Missense_Mutation	47	4	51	0.0784313725490196	1	0	0	0.7059	1	0.7059	0.7059	False	0.2	2.14
11	1263506	C	A	MUC5B	Missense_Mutation	26	3	29	0.10344827586206896	1	1	1	0.931	1	0.931	0.931	True	0.2	2.14
11	1272626	C	A	MUC5B	Missense_Mutation	126	12	138	0.08695652173913043	1	1	1	0.7826	1	0.7826	0.7826	False	0.2	2.14
11	1955826	G	A	TNNT3	Silent	34	3	37	0.08108108108108109	1	1	1	0.7297	1	0.7297	0.7297	False	0.2	2.14
11	2426099	G	T	TRPM5	3'UTR	54	6	60	0.1	1	1	1	0.9	1	0.9	0.9	True	0.2	2.14
11	2909808	C	T	SLC22A18AS	Missense_Mutation	41	5	46	0.10869565217391304	1	1	1	0.9783	1	0.9783	0.9783	True	0.2	2.14
11	5462136	C	G	OR51I1	Missense_Mutation	22	3	25	0.12	2	1	1	1.2	1	1.2	1.0	True	0.2	2.14
11	6477889	C	G	TRIM3	Missense_Mutation	44	10	54	0.18518518518518517	2	1	1	1.8519	1	1.8519	1.0	True	0.2	2.14
11	6942744	T	A	OR2D3	Missense_Mutation	41	6	47	0.1276595744680851	2	1	1	1.2766	1	1.2766	1.0	True	0.2	2.14
11	14632583	G	T	PSMA1	5'UTR	62	5	67	0.07462686567164178	2	1	1	0.7463	1	0.7463	0.7463	False	0.2	2.14
11	26587248	G	C	MUC15	Missense_Mutation	108	6	114	0.05263157894736842	2	1	1	0.5263	1	0.5263	0.5263	False	0.2	2.14
11	49831674	G	C	RP11-707M1.1	RNA	251	10	261	0.038314176245210725	2	1	1	0.3831	1	0.3831	0.3831	False	0.2	2.14
11	55135605	C	A	OR4A15	Silent	100	6	106	0.05660377358490566	2	1	1	0.566	1	0.566	0.566	False	0.2	2.14
11	55322145	C	T	OR4C15	Silent	93	13	106	0.12264150943396226	2	1	1	1.2264	1	1.2264	1.0	True	0.2	2.14
11	55432966	G	C	OR4C6	Silent	45	5	50	0.1	2	1	1	1.0	1	1.0	1.0	True	0.2	2.14
11	60971723	C	A	PGA3	Silent	155	8	163	0.049079754601226995	2	1	1	0.4908	1	0.4908	0.4908	False	0.2	2.14
11	61554131	C	A	MYRF	3'UTR	43	8	51	0.1568627450980392	2	1	1	1.5686	1	1.5686	1.0	True	0.2	2.14
11	61570536	G	T	FADS1	Missense_Mutation	35	4	39	0.10256410256410256	2	1	1	1.0256	1	1.0256	1.0	True	0.2	2.14
11	61645986	C	G	FADS3	Missense_Mutation	66	7	73	0.0958904109589041	2	1	1	0.9589	1	0.9589	0.9589	True	0.2	2.14
11	62760702	G	T	SLC22A8	3'UTR	84	7	91	0.07692307692307693	2	1	1	0.7692	1	0.7692	0.7692	False	0.2	2.14
11	64535575	C	A	SF1	Intron	28	5	33	0.15151515151515152	1	1	1	1.3636	1	1.3636	1.0	True	0.2	2.14
11	65403111	C	T	PCNXL3	Missense_Mutation	75	9	84	0.10714285714285714	1	1	1	0.9643	1	0.9643	0.9643	True	0.2	2.14
11	67837676	G	C	CHKA	Silent	94	9	103	0.08737864077669903	1	1	1	0.7864	1	0.7864	0.7864	False	0.2	2.14
11	68529067	C	A	CPT1A	Missense_Mutation	153	7	160	0.04375	7	7	1	0.6562	1	0.6562	0.6562	False	0.2	2.14
11	69588230	C	G	FGF4	Silent	183	7	190	0.03684210526315789	7	7	1	0.5526	1	0.5526	0.5526	False	0.2	2.14
11	75319308	T	C	MAP6	Missense_Mutation	107	11	118	0.09322033898305085	1	1	1	0.839	1	0.839	0.839	False	0.2	2.14
11	87030375	G	T	TMEM135	Missense_Mutation	109	9	118	0.07627118644067797	2	1	1	0.7627	1	0.7627	0.7627	False	0.2	2.14
11	89028425	G	T	TYR	Missense_Mutation	61	10	71	0.14084507042253522	2	1	1	1.4085	1	1.4085	1.0	True	0.2	2.14
11	94231384	G	A	ANKRD49	Missense_Mutation	86	7	93	0.07526881720430108	2	1	1	0.7527	1	0.7527	0.7527	False	0.2	2.14
11	117395568	T	A	DSCAML1	Missense_Mutation	66	10	76	0.13157894736842105	1	1	1	1.1842	1	1.1842	1.0	True	0.2	2.14
11	118499143	G	A	PHLDB1	Missense_Mutation	74	6	80	0.075	1	1	1	0.675	1	0.675	0.675	False	0.2	2.14
11	123887127	C	G	OR10G4	Silent	138	7	145	0.04827586206896552	1	1	1	0.4345	1	0.4345	0.4345	False	0.2	2.14
11	124845083	G	A	CCDC15	Missense_Mutation	56	4	60	0.06666666666666667	1	1	1	0.6	1	0.6	0.6	False	0.2	2.14
11	132289974	T	A	OPCML	3'UTR	46	5	51	0.09803921568627451	1	1	1	0.8824	1	0.8824	0.8824	True	0.2	2.14
12	2760889	G	T	CACNA1C	Silent	48	8	56	0.14285714285714285	2	1	1	1.4286	1	1.4286	1.0	True	0.2	2.14
12	2921868	G	A	ITFG2	5'UTR	21	5	26	0.19230769230769232	2	1	1	1.9231	1	1.9231	1.0	True	0.2	2.14
12	3661874	C	T	PRMT8	Intron	60	4	64	0.0625	2	1	1	0.625	1	0.625	0.625	False	0.2	2.14
12	4737521	C	T	AKAP3	Missense_Mutation	61	8	69	0.11594202898550725	2	1	1	1.1594	1	1.1594	1.0	True	0.2	2.14
12	5023196	G	T	KCNA1	3'UTR	18	6	24	0.25	2	1	1	2.5	1	2.5	1.0	True	0.2	2.14
12	6571229	G	A	TAPBPL	Missense_Mutation	52	6	58	0.10344827586206896	2	1	1	1.0345	1	1.0345	1.0	True	0.2	2.14
12	6973255	G	T	USP5	Missense_Mutation	55	5	60	0.08333333333333333	2	1	1	0.8333	1	0.8333	0.8333	False	0.2	2.14
12	8077066	C	G	SLC2A3	Missense_Mutation	94	5	99	0.050505050505050504	2	1	1	0.5051	1	0.5051	0.5051	False	0.2	2.14
12	13232915	G	C	KIAA1467	Missense_Mutation	82	7	89	0.07865168539325842	2	1	1	0.7865	1	0.7865	0.7865	False	0.2	2.14
12	14577456	G	T	ATF7IP	Missense_Mutation	101	11	112	0.09821428571428571	2	1	1	0.9821	1	0.9821	0.9821	True	0.2	2.14
12	48919789	C	G	OR8S1	Silent	57	9	66	0.13636363636363635	2	1	1	1.3636	1	1.3636	1.0	True	0.2	2.14
12	49427679	C	T	KMT2D	Silent	57	4	61	0.06557377049180328	2	1	1	0.6557	1	0.6557	0.6557	False	0.2	2.14
12	49443837	C	A	KMT2D	Missense_Mutation	62	4	66	0.06060606060606061	2	1	1	0.6061	1	0.6061	0.6061	False	0.2	2.14
12	49689244	C	G	PRPH	Missense_Mutation	41	4	45	0.08888888888888889	2	1	1	0.8889	1	0.8889	0.8889	True	0.2	2.14
12	50453616	G	T	ASIC1	Missense_Mutation	60	7	67	0.1044776119402985	2	1	1	1.0448	1	1.0448	1.0	True	0.2	2.14
12	50744904	G	C	FAM186A	Missense_Mutation	71	8	79	0.10126582278481013	2	1	1	1.0127	1	1.0127	1.0	True	0.2	2.14
12	51865176	C	G	SLC4A8	Nonsense_Mutation	99	9	108	0.08333333333333333	2	1	1	0.8333	1	0.8333	0.8333	False	0.2	2.14
12	52306268	G	T	ACVRL1	Missense_Mutation	54	6	60	0.1	2	1	1	1.0	1	1.0	1.0	True	0.2	2.14
12	52867433	C	G	KRT6C	Missense_Mutation	167	9	176	0.05113636363636364	2	1	1	0.5114	1	0.5114	0.5114	False	0.2	2.14
12	53165004	C	A	KRT76	Splice_Site	63	7	70	0.1	2	1	1	1.0	1	1.0	1.0	True	0.2	2.14
12	56552187	T	C	MYL6	Translation_Start_Site	50	4	54	0.07407407407407407	3	1	1	0.8148	1	0.8148	0.8148	False	0.2	2.14
12	57132266	C	A	PRIM1	Nonsense_Mutation	43	8	51	0.1568627450980392	3	1	1	1.7255	1	1.7255	1.0	True	0.2	2.14
12	57686359	C	G	R3HDM2	Intron	97	7	104	0.0673076923076923	3	1	1	0.7404	1	0.7404	0.7404	False	0.2	2.14
12	57943936	C	T	KIF5A	5'UTR	17	4	21	0.19047619047619047	3	1	1	2.0952	1	2.0952	1.0	True	0.2	2.14
12	64609507	C	T	C12orf66	Missense_Mutation	74	5	79	0.06329113924050633	3	1	1	0.6962	1	0.6962	0.6962	False	0.2	2.14
12	70986244	C	T	PTPRB	Missense_Mutation	42	4	46	0.08695652173913043	2	1	1	0.8696	1	0.8696	0.8696	True	0.2	2.14
12	72866848	G	T	TRHDE	Missense_Mutation	77	8	85	0.09411764705882353	2	1	1	0.9412	1	0.9412	0.9412	True	0.2	2.14
12	80182458	T	C	PPP1R12A	Silent	130	13	143	0.09090909090909091	2	1	1	0.9091	1	0.9091	0.9091	True	0.2	2.14
12	81762631	C	A	PPFIA2	Missense_Mutation	82	8	90	0.08888888888888889	2	1	1	0.8889	1	0.8889	0.8889	True	0.2	2.14
12	89998032	C	T	ATP2B1	Missense_Mutation	78	8	86	0.09302325581395349	2	1	1	0.9302	1	0.9302	0.9302	True	0.2	2.14
12	91348442	C	G	CCER1	Missense_Mutation	40	5	45	0.1111111111111111	2	1	1	1.1111	1	1.1111	1.0	True	0.2	2.14
12	93100603	T	A	C12orf74	Missense_Mutation	67	7	74	0.0945945945945946	2	1	1	0.9459	1	0.9459	0.9459	True	0.2	2.14
12	93100604	G	T	C12orf74	Missense_Mutation	68	7	75	0.09333333333333334	2	1	1	0.9333	1	0.9333	0.9333	True	0.2	2.14
12	93100605	G	T	C12orf74	Missense_Mutation	66	7	73	0.0958904109589041	2	1	1	0.9589	1	0.9589	0.9589	True	0.2	2.14
12	93802955	C	A	UBE2N	3'UTR	36	5	41	0.12195121951219512	2	1	1	1.2195	1	1.2195	1.0	True	0.2	2.14
12	103872154	G	C	C12orf42	Silent	29	3	32	0.09375	2	1	1	0.9375	1	0.9375	0.9375	True	0.2	2.14
12	110628806	G	A	IFT81	Missense_Mutation	87	9	96	0.09375	2	1	1	0.9375	1	0.9375	0.9375	True	0.2	2.14
12	111990213	C	G	ATXN2	Missense_Mutation	94	5	99	0.050505050505050504	2	1	1	0.5051	1	0.5051	0.5051	False	0.2	2.14
12	112466912	T	G	NAA25	3'UTR	35	3	38	0.07894736842105263	2	1	1	0.7895	1	0.7895	0.7895	False	0.2	2.14
12	112673449	C	T	HECTD4	Missense_Mutation	46	4	50	0.08	2	1	1	0.8	1	0.8	0.8	False	0.2	2.14
12	115108860	C	T	TBX3	3'UTR	32	3	35	0.08571428571428572	2	1	1	0.8571	1	0.8571	0.8571	True	0.2	2.14
12	117904627	C	A	KSR2	3'UTR	28	4	32	0.125	2	1	1	1.25	1	1.25	1.0	True	0.2	2.14
12	120128245	C	A	CIT	Missense_Mutation	119	19	138	0.13768115942028986	2	1	1	1.3768	1	1.3768	1.0	True	0.2	2.14
12	122720350	C	G	VPS33A	Missense_Mutation	130	7	137	0.051094890510948905	2	1	1	0.5109	1	0.5109	0.5109	False	0.2	2.14
12	122723244	C	T	VPS33A	Missense_Mutation	75	8	83	0.0963855421686747	2	1	1	0.9639	1	0.9639	0.9639	True	0.2	2.14
12	129180377	C	A	TMEM132C	Missense_Mutation	47	7	54	0.12962962962962962	2	1	1	1.2963	1	1.2963	1.0	True	0.2	2.14
13	27256798	G	T	WASF3	Silent	102	10	112	0.08928571428571429	2	1	1	0.8929	1	0.8929	0.8929	True	0.2	2.14
13	29599324	G	T	MTUS2	Silent	36	5	41	0.12195121951219512	2	1	1	1.2195	1	1.2195	1.0	True	0.2	2.14
13	32812001	G	T	FRY	Missense_Mutation	31	3	34	0.08823529411764706	2	1	1	0.8824	1	0.8824	0.8824	True	0.2	2.14
13	34410426	G	T	RFC3	Missense_Mutation	69	5	74	0.06756756756756757	2	1	1	0.6757	1	0.6757	0.6757	False	0.2	2.14
13	38357272	C	T	TRPC4	Missense_Mutation	53	6	59	0.1016949152542373	2	2	1	1.0169	1	1.0169	1.0	True	0.2	2.14
13	39424336	C	A	FREM2	Missense_Mutation	38	4	42	0.09523809523809523	2	2	1	0.9524	1	0.9524	0.9524	True	0.2	2.14
13	39550710	C	A	STOML3	Nonsense_Mutation	96	20	116	0.1724137931034483	2	2	1	1.7241	2	0.8621	0.8621	True	0.2	2.14
13	41706476	C	T	KBTBD6	Missense_Mutation	79	11	90	0.12222222222222222	2	2	1	1.2222	1	1.2222	1.0	True	0.2	2.14
13	46549674	C	A	ZC3H13	Nonsense_Mutation	73	11	84	0.13095238095238096	2	2	1	1.3095	1	1.3095	1.0	True	0.2	2.14
13	73651442	G	A	KLF5	3'UTR	125	6	131	0.04580152671755725	2	1	1	0.458	1	0.458	0.458	False	0.2	2.14
13	77619051	A	T	MYCBP2	3'UTR	37	5	42	0.11904761904761904	2	1	1	1.1905	1	1.1905	1.0	True	0.2	2.14
13	79173478	G	A	POU4F1	3'UTR	58	5	63	0.07936507936507936	2	1	1	0.7937	1	0.7937	0.7937	False	0.2	2.14
14	22509256	C	A	TRAV20	Missense_Mutation	76	10	86	0.11627906976744186	3	2	2	1.2791	1	1.2791	1.0	True	0.2	2.14
14	22592089	C	A	TRAV26-1	Silent	51	12	63	0.19047619047619047	3	2	2	2.0952	2	1.0476	1.0	True	0.2	2.14
14	23896795	C	A	MYH7	Silent	75	4	79	0.05063291139240506	3	2	2	0.557	1	0.557	0.557	False	0.2	2.14
14	24520164	C	A	LRRC16B	5'Flank	121	9	130	0.06923076923076923	3	2	2	0.7615	1	0.7615	0.7615	False	0.2	2.14
14	24686403	T	A	NEDD8	Missense_Mutation	69	5	74	0.06756756756756757	3	2	2	0.7432	1	0.7432	0.7432	False	0.2	2.14
14	25043995	G	C	CTSG	Silent	62	8	70	0.11428571428571428	3	2	2	1.2571	1	1.2571	1.0	True	0.2	2.14
14	29261363	G	T	C14orf23	Missense_Mutation	65	7	72	0.09722222222222222	3	2	2	1.0694	1	1.0694	1.0	True	0.2	2.14
14	34269169	G	A	NPAS3	Silent	59	9	68	0.1323529411764706	3	2	2	1.4559	1	1.4559	1.0	True	0.2	2.14
14	37131038	G	A	PAX9	5'Flank	48	5	53	0.09433962264150944	3	2	2	1.0377	1	1.0377	1.0	True	0.2	2.14
14	38725480	C	A	CLEC14A	5'UTR	88	12	100	0.12	3	2	2	1.32	1	1.32	1.0	True	0.2	2.14
14	45370114	G	A	C14orf28	Missense_Mutation	71	9	80	0.1125	3	2	2	1.2375	1	1.2375	1.0	True	0.2	2.14
14	57268306	C	A	OTX2	3'UTR	72	4	76	0.05263157894736842	3	2	2	0.5789	1	0.5789	0.5789	False	0.2	2.14
14	60097305	G	C	RTN1	Intron	44	7	51	0.13725490196078433	3	2	2	1.5098	2	0.7549	0.7549	False	0.2	2.14
14	60411431	G	A	LRRC9	Missense_Mutation	65	6	71	0.08450704225352113	3	2	2	0.9296	1	0.9296	0.9296	True	0.2	2.14
14	67799567	C	A	MPP5	Missense_Mutation	78	7	85	0.08235294117647059	3	2	2	0.9059	1	0.9059	0.9059	True	0.2	2.14
14	73190435	C	G	DPF3	Missense_Mutation	129	13	142	0.09154929577464789	3	2	2	1.007	1	1.007	1.0	True	0.2	2.14
14	74706337	G	C	VSX2	Missense_Mutation	58	7	65	0.1076923076923077	3	1	1	1.1846	1	1.1846	1.0	True	0.2	2.14
14	78142116	C	A	ALKBH1	Missense_Mutation	102	10	112	0.08928571428571429	3	1	1	0.9821	1	0.9821	0.9821	True	0.2	2.14
14	89016908	C	A	PTPN21	5'UTR	80	4	84	0.047619047619047616	3	1	1	0.5238	1	0.5238	0.5238	False	0.2	2.14
14	89629022	C	T	FOXN3	Silent	66	6	72	0.08333333333333333	3	1	1	0.9167	1	0.9167	0.9167	True	0.2	2.14
14	90509479	C	T	TDP1	Missense_Mutation	60	12	72	0.16666666666666666	3	1	1	1.8333	1	1.8333	1.0	True	0.2	2.14
14	92470434	C	G	TRIP11	Missense_Mutation	67	8	75	0.10666666666666667	3	1	1	1.1733	1	1.1733	1.0	True	0.2	2.14
14	93305928	G	T	GOLGA5	3'UTR	38	5	43	0.11627906976744186	3	1	1	1.2791	1	1.2791	1.0	True	0.2	2.14
14	94405565	G	C	ASB2	Silent	56	11	67	0.16417910447761194	3	1	1	1.806	1	1.806	1.0	True	0.2	2.14
14	95107765	C	A	SERPINA13P	RNA	40	5	45	0.1111111111111111	3	1	1	1.2222	1	1.2222	1.0	True	0.2	2.14
14	96134723	C	A	TCL6	Intron	32	4	36	0.1111111111111111	3	1	1	1.2222	1	1.2222	1.0	True	0.2	2.14
14	101005081	C	A	BEGAIN	Missense_Mutation	15	4	19	0.21052631578947367	3	1	1	2.3158	1	2.3158	1.0	True	0.2	2.14
14	101531639	G	T	MIR409	RNA	92	6	98	0.061224489795918366	3	1	1	0.6735	1	0.6735	0.6735	False	0.2	2.14
14	102027984	C	A	DIO3	Missense_Mutation	111	8	119	0.06722689075630252	3	1	1	0.7395	1	0.7395	0.7395	False	0.2	2.14
14	102349849	C	A	PPP2R5C	Missense_Mutation	95	17	112	0.15178571428571427	3	1	1	1.6696	1	1.6696	1.0	True	0.2	2.14
14	102391625	G	T	PPP2R5C	3'UTR	83	10	93	0.10752688172043011	3	1	1	1.1828	1	1.1828	1.0	True	0.2	2.14
14	102815064	T	A	CINP	Missense_Mutation	23	4	27	0.14814814814814814	3	1	1	1.6296	1	1.6296	1.0	True	0.2	2.14
14	105416412	G	A	AHNAK2	Silent	272	18	290	0.06206896551724138	3	1	1	0.6828	1	0.6828	0.6828	False	0.2	2.14
14	105418587	C	A	AHNAK2	Silent	135	16	151	0.10596026490066225	3	1	1	1.1656	1	1.1656	1.0	True	0.2	2.14
14	106967190	G	T	IGHV1-46	Silent	154	24	178	0.1348314606741573	2	3	0	1.3483	1	1.3483	1.0	True	0.2	2.14
14	107049107	A	T	IGHV3-53	Missense_Mutation	205	15	220	0.06818181818181818	2	3	0	0.6818	1	0.6818	0.6818	False	0.2	2.14
15	20644851	C	A	HERC2P3	RNA	308	37	345	0.1072463768115942	2	1	1	1.0725	1	1.0725	1.0	True	0.2	2.14
15	26789559	G	C	GABRB3	3'UTR	26	5	31	0.16129032258064516	3	2	1	1.7742	2	0.8871	0.8871	True	0.2	2.14
15	26790649	T	C	GABRB3	3'UTR	53	13	66	0.19696969696969696	3	2	1	2.1667	2	1.0833	1.0	True	0.2	2.14
15	28326850	C	A	OCA2	Silent	16	5	21	0.23809523809523808	3	2	1	2.619	2	1.3095	1.0	True	0.2	2.14
15	34439631	C	A	KATNBL1	Missense_Mutation	59	4	63	0.06349206349206349	1	1	1	0.5714	1	0.5714	0.5714	False	0.2	2.14
15	59373269	C	T	RNF111	Nonsense_Mutation	108	9	117	0.07692307692307693	1	1	1	0.6923	1	0.6923	0.6923	False	0.2	2.14
15	78805449	C	T	HYKK	Nonsense_Mutation	43	4	47	0.0851063829787234	1	1	1	0.766	1	0.766	0.766	False	0.2	2.14
15	78834886	A	T	PSMA4	Silent	95	6	101	0.0594059405940594	1	1	1	0.5347	1	0.5347	0.5347	False	0.2	2.14
15	84488679	G	A	ADAMTSL3	Silent	65	6	71	0.08450704225352113	1	1	1	0.7606	1	0.7606	0.7606	False	0.2	2.14
15	84539610	G	A	ADAMTSL3	Missense_Mutation	124	9	133	0.06766917293233082	1	1	1	0.609	1	0.609	0.609	False	0.2	2.14
15	85326476	G	T	ZNF592	Silent	39	3	42	0.07142857142857142	1	1	1	0.6429	1	0.6429	0.6429	False	0.2	2.14
15	89400152	G	C	ACAN	Missense_Mutation	116	5	121	0.04132231404958678	1	1	1	0.3719	1	0.3719	0.3719	False	0.2	2.14
15	90347795	G	T	ANPEP	Silent	44	5	49	0.10204081632653061	1	1	1	0.9184	1	0.9184	0.9184	True	0.2	2.14
15	91136924	G	C	CRTC3	Missense_Mutation	85	4	89	0.0449438202247191	1	1	1	0.4045	1	0.4045	0.4045	False	0.2	2.14
15	102215856	T	C	TARSL2	Missense_Mutation	99	7	106	0.0660377358490566	1	1	1	0.5943	1	0.5943	0.5943	False	0.2	2.14
16	336368	C	A	PDIA2	Missense_Mutation	80	7	87	0.08045977011494253	2	1	1	0.8046	1	0.8046	0.8046	False	0.2	2.14
16	1271505	C	T	CACNA1H	3'UTR	7	3	10	0.3	2	1	1	3.0	1	3.0	1.0	True	0.2	2.14
16	1291473	G	T	TPSAB1	Missense_Mutation	60	6	66	0.09090909090909091	2	1	1	0.9091	1	0.9091	0.9091	True	0.2	2.14
16	3640930	C	A	SLX4	Silent	89	11	100	0.11	2	1	1	1.1	1	1.1	1.0	True	0.2	2.14
16	3778029	C	T	CREBBP	Missense_Mutation	107	7	114	0.06140350877192982	2	1	1	0.614	1	0.614	0.614	False	0.2	2.14
16	10864159	G	C	TVP23A	Silent	44	10	54	0.18518518518518517	2	1	1	1.8519	1	1.8519	1.0	True	0.2	2.14
16	19873269	C	A	GPRC5B	Missense_Mutation	26	4	30	0.13333333333333333	2	1	1	1.3333	1	1.3333	1.0	True	0.2	2.14
16	24135200	G	T	PRKCB	Silent	64	7	71	0.09859154929577464	2	1	1	0.9859	1	0.9859	0.9859	True	0.2	2.14
16	28146539	C	A	XPO6	Missense_Mutation	65	9	74	0.12162162162162163	2	1	1	1.2162	1	1.2162	1.0	True	0.2	2.14
16	31087847	C	T	ZNF646	Missense_Mutation	59	5	64	0.078125	2	1	1	0.7812	1	0.7812	0.7812	False	0.2	2.14
16	32266406	G	T	TP53TG3D	3'UTR	153	8	161	0.049689440993788817	2	1	1	0.4969	1	0.4969	0.4969	False	0.2	2.14
16	50069574	G	T	CNEP1R1	3'UTR	44	5	49	0.10204081632653061	2	1	1	1.0204	1	1.0204	1.0	True	0.2	2.14
16	56396854	C	G	AMFR	Silent	98	6	104	0.057692307692307696	2	1	1	0.5769	1	0.5769	0.5769	False	0.2	2.14
16	69788599	C	A	NOB1	Nonsense_Mutation	49	5	54	0.09259259259259259	2	1	1	0.9259	1	0.9259	0.9259	True	0.2	2.14
16	70428966	C	G	ST3GAL2	Missense_Mutation	67	5	72	0.06944444444444445	2	1	1	0.6944	1	0.6944	0.6944	False	0.2	2.14
16	71101239	C	A	HYDIN	Missense_Mutation	92	9	101	0.0891089108910891	2	1	1	0.8911	1	0.8911	0.8911	True	0.2	2.14
16	87970095	G	C	CA5A	5'UTR	73	6	79	0.0759493670886076	2	1	1	0.7595	1	0.7595	0.7595	False	0.2	2.14
16	88052217	G	T	BANP	Missense_Mutation	53	4	57	0.07017543859649122	2	1	1	0.7018	1	0.7018	0.7018	False	0.2	2.14
17	2599489	C	A	CLUH	Silent	172	15	187	0.08021390374331551	2	1	1	0.8021	1	0.8021	0.8021	False	0.2	2.14
17	3850765	C	A	ATP2A3	Missense_Mutation	59	6	65	0.09230769230769231	2	1	1	0.9231	1	0.9231	0.9231	True	0.2	2.14
17	4619267	G	C	ARRB2	Splice_Site	55	5	60	0.08333333333333333	2	1	1	0.8333	1	0.8333	0.8333	False	0.2	2.14
17	5085724	C	T	ZNF594	Missense_Mutation	126	14	140	0.1	2	1	1	1.0	1	1.0	1.0	True	0.2	2.14
17	6901872	C	A	ALOX12	Silent	32	5	37	0.13513513513513514	2	1	1	1.3514	1	1.3514	1.0	True	0.2	2.14
17	7096810	C	A	DLG4	Missense_Mutation	71	5	76	0.06578947368421052	2	1	1	0.6579	1	0.6579	0.6579	False	0.2	2.14
17	7577058	C	A	TP53	Nonsense_Mutation	65	5	70	0.07142857142857142	2	1	1	0.7143	1	0.7143	0.7143	False	0.2	2.14
17	8215691	C	A	ARHGEF15	Missense_Mutation	112	14	126	0.1111111111111111	2	1	1	1.1111	1	1.1111	1.0	True	0.2	2.14
17	10204930	G	T	MYH13	Missense_Mutation	94	9	103	0.08737864077669903	2	1	1	0.8738	1	0.8738	0.8738	True	0.2	2.14
17	10216024	G	T	MYH13	Missense_Mutation	74	5	79	0.06329113924050633	2	1	1	0.6329	1	0.6329	0.6329	False	0.2	2.14
17	10296408	G	A	MYH8	Silent	167	12	179	0.0670391061452514	2	1	1	0.6704	1	0.6704	0.6704	False	0.2	2.14
17	10432019	G	T	MYH2	Silent	153	13	166	0.0783132530120482	2	1	1	0.7831	1	0.7831	0.7831	False	0.2	2.14
17	16612402	G	T	CCDC144A	Missense_Mutation	294	20	314	0.06369426751592357	2	1	1	0.6369	1	0.6369	0.6369	False	0.2	2.14
17	26820661	C	A	SLC13A2	Silent	69	10	79	0.12658227848101267	2	1	1	1.2658	1	1.2658	1.0	True	0.2	2.14
17	26912936	T	A	SPAG5	Silent	61	4	65	0.06153846153846154	2	1	1	0.6154	1	0.6154	0.6154	False	0.2	2.14
17	29702638	G	C	NF1	3'UTR	70	6	76	0.07894736842105263	2	1	1	0.7895	1	0.7895	0.7895	False	0.2	2.14
17	32483062	G	T	ASIC2	Missense_Mutation	36	5	41	0.12195121951219512	2	1	1	1.2195	1	1.2195	1.0	True	0.2	2.14
17	32687557	C	A	CCL1	3'UTR	103	12	115	0.10434782608695652	2	1	1	1.0435	1	1.0435	1.0	True	0.2	2.14
17	33690498	C	A	SLFN11	Missense_Mutation	47	8	55	0.14545454545454545	2	1	1	1.4545	1	1.4545	1.0	True	0.2	2.14
17	34071950	G	T	GAS2L2	Missense_Mutation	84	6	90	0.06666666666666667	2	1	1	0.6667	1	0.6667	0.6667	False	0.2	2.14
17	34398331	G	T	CCL18	Missense_Mutation	228	25	253	0.09881422924901186	2	1	1	0.9881	1	0.9881	0.9881	True	0.2	2.14
17	39521128	G	C	KRT33B	Missense_Mutation	106	27	133	0.20300751879699247	2	2	0	2.0301	2	1.015	1.0	True	0.2	2.14
17	39883692	C	A	HAP1	Intron	108	8	116	0.06896551724137931	2	2	0	0.6897	1	0.6897	0.6897	False	0.2	2.14
17	41247865	T	G	BRCA1	Missense_Mutation	74	7	81	0.08641975308641975	2	2	0	0.8642	1	0.8642	0.8642	True	0.2	2.14
17	41571102	C	T	DHX8	Missense_Mutation	94	24	118	0.2033898305084746	2	2	0	2.0339	2	1.0169	1.0	True	0.2	2.14
17	42461461	C	T	ITGA2B	Missense_Mutation	60	7	67	0.1044776119402985	2	2	0	1.0448	1	1.0448	1.0	True	0.2	2.14
17	44144914	C	A	KANSL1	Splice_Site	67	13	80	0.1625	2	2	0	1.625	2	0.8125	0.8125	False	0.2	2.14
17	46801787	G	C	PRAC1	5'Flank	84	11	95	0.11578947368421053	2	2	0	1.1579	1	1.1579	1.0	True	0.2	2.14
17	47486521	C	A	PHB	Splice_Site	83	5	88	0.056818181818181816	2	2	0	0.5682	1	0.5682	0.5682	False	0.2	2.14
17	48151811	G	T	ITGA3	Splice_Site	20	5	25	0.2	2	2	0	2.0	2	1.0	1.0	True	0.2	2.14
17	48599356	G	C	MYCBPAP	Missense_Mutation	77	11	88	0.125	2	2	0	1.25	1	1.25	1.0	True	0.2	2.14
17	57474689	G	T	YPEL2	3'UTR	63	8	71	0.11267605633802817	2	2	0	1.1268	1	1.1268	1.0	True	0.2	2.14
17	58512743	G	T	C17orf64	3'Flank	63	7	70	0.1	2	2	0	1.0	1	1.0	1.0	True	0.2	2.14
17	61557763	G	T	ACE	Nonsense_Mutation	110	15	125	0.12	2	2	0	1.2	1	1.2	1.0	True	0.2	2.14
17	65688960	G	T	PITPNC1	Missense_Mutation	39	7	46	0.15217391304347827	2	2	0	1.5217	2	0.7609	0.7609	False	0.2	2.14
17	66040117	G	T	KPNA2	Missense_Mutation	116	20	136	0.14705882352941177	2	2	0	1.4706	1	1.4706	1.0	True	0.2	2.14
17	66110635	G	A	LINC00674	RNA	93	13	106	0.12264150943396226	2	2	0	1.2264	1	1.2264	1.0	True	0.2	2.14
17	71437045	C	A	SDK2	Missense_Mutation	48	5	53	0.09433962264150944	2	2	0	0.9434	1	0.9434	0.9434	True	0.2	2.14
17	72927175	C	T	OTOP2	Missense_Mutation	69	10	79	0.12658227848101267	2	2	0	1.2658	1	1.2658	1.0	True	0.2	2.14
17	74392719	C	A	UBE2O	Missense_Mutation	42	5	47	0.10638297872340426	2	2	0	1.0638	1	1.0638	1.0	True	0.2	2.14
17	77082110	G	A	ENGASE	Silent	91	6	97	0.061855670103092786	2	2	0	0.6186	1	0.6186	0.6186	False	0.2	2.14
17	78117984	C	G	EIF4A3	Missense_Mutation	78	21	99	0.21212121212121213	2	2	0	2.1212	2	1.0606	1.0	True	0.2	2.14
17	79079945	A	T	BAIAP2	Missense_Mutation	50	5	55	0.09090909090909091	2	2	0	0.9091	1	0.9091	0.9091	True	0.2	2.14
17	79205458	C	G	ENTHD2	Missense_Mutation	37	10	47	0.2127659574468085	2	2	0	2.1277	2	1.0638	1.0	True	0.2	2.14
17	80043514	G	A	FASN	Silent	87	7	94	0.07446808510638298	2	2	0	0.7447	1	0.7447	0.7447	False	0.2	2.14
17	80790122	G	T	ZNF750	Nonsense_Mutation	54	21	75	0.28	2	2	0	2.8	2	1.4	1.0	True	0.2	2.14
18	6955526	C	A	LAMA1	Intron	35	5	40	0.125	2	1	1	1.25	1	1.25	1.0	True	0.2	2.14
18	14105606	C	G	ZNF519	Missense_Mutation	64	5	69	0.07246376811594203	2	1	1	0.7246	1	0.7246	0.7246	False	0.2	2.14
18	19997426	A	T	CTAGE1	Missense_Mutation	151	10	161	0.062111801242236024	2	1	1	0.6211	1	0.6211	0.6211	False	0.2	2.14
18	63489458	A	T	CDH7	Missense_Mutation	46	3	49	0.061224489795918366	1	1	1	0.551	1	0.551	0.551	False	0.2	2.14
19	815235	G	T	LPPR3	Silent	14	4	18	0.2222222222222222	1	1	0	2.0	1	2.0	1.0	True	0.2	2.14
19	1531846	G	C	PLK5	Silent	70	7	77	0.09090909090909091	1	1	1	0.8182	1	0.8182	0.8182	False	0.2	2.14
19	2116224	G	T	AP3D1	Missense_Mutation	141	7	148	0.0472972972972973	1	1	1	0.4257	1	0.4257	0.4257	False	0.2	2.14
19	3157847	C	T	GNA15	Missense_Mutation	162	9	171	0.05263157894736842	1	1	1	0.4737	1	0.4737	0.4737	False	0.2	2.14
19	3590979	C	G	GIPC3	3'UTR	103	5	108	0.046296296296296294	1	1	1	0.4167	1	0.4167	0.4167	False	0.2	2.14
19	4961536	G	T	UHRF1	RNA	15	3	18	0.16666666666666666	1	1	1	1.5	1	1.5	1.0	True	0.2	2.14
19	5941834	C	A	RANBP3	Missense_Mutation	35	5	40	0.125	1	1	1	1.125	1	1.125	1.0	True	0.2	2.14
19	6495115	G	T	TUBB4A	3'UTR	45	5	50	0.1	1	1	1	0.9	1	0.9	0.9	True	0.2	2.14
19	6971215	G	T	EMR4P	RNA	58	8	66	0.12121212121212122	1	1	1	1.0909	1	1.0909	1.0	True	0.2	2.14
19	6972268	C	A	EMR4P	RNA	68	7	75	0.09333333333333334	1	1	1	0.84	1	0.84	0.84	False	0.2	2.14
19	7589895	G	T	MCOLN1	Missense_Mutation	153	8	161	0.049689440993788817	1	1	1	0.4472	1	0.4472	0.4472	False	0.2	2.14
19	7928689	G	C	EVI5L	3'Flank	55	3	58	0.05172413793103448	1	1	1	0.4655	1	0.4655	0.4655	False	0.2	2.14
19	7934933	G	T	CTD-3193O13.9	Missense_Mutation	22	4	26	0.15384615384615385	1	1	1	1.3846	1	1.3846	1.0	True	0.2	2.14
19	8174147	C	G	FBN3	Missense_Mutation	57	11	68	0.16176470588235295	1	1	1	1.4559	1	1.4559	1.0	True	0.2	2.14
19	8808653	C	A	ACTL9	Silent	22	5	27	0.18518518518518517	1	1	1	1.6667	1	1.6667	1.0	True	0.2	2.14
19	10461829	C	G	TYK2	Missense_Mutation	36	3	39	0.07692307692307693	1	1	1	0.6923	1	0.6923	0.6923	False	0.2	2.14
19	10463209	C	G	TYK2	Silent	75	6	81	0.07407407407407407	1	1	1	0.6667	1	0.6667	0.6667	False	0.2	2.14
19	12430083	C	A	ZNF563	Silent	163	12	175	0.06857142857142857	1	1	1	0.6171	1	0.6171	0.6171	False	0.2	2.14
19	13410024	G	T	CACNA1A	Missense_Mutation	145	12	157	0.07643312101910828	1	1	1	0.6879	1	0.6879	0.6879	False	0.2	2.14
19	14578588	C	A	PKN1	Silent	78	8	86	0.09302325581395349	1	1	1	0.8372	1	0.8372	0.8372	False	0.2	2.14
19	15582811	G	T	PGLYRP2	Missense_Mutation	105	10	115	0.08695652173913043	1	1	1	0.7826	1	0.7826	0.7826	False	0.2	2.14
19	16883997	C	A	NWD1	Missense_Mutation	47	4	51	0.0784313725490196	1	1	1	0.7059	1	0.7059	0.7059	False	0.2	2.14
19	17088273	G	T	CPAMD8	Missense_Mutation	41	6	47	0.1276595744680851	1	1	1	1.1489	1	1.1489	1.0	True	0.2	2.14
19	17342983	T	C	NR2F6	3'UTR	145	8	153	0.05228758169934641	1	1	1	0.4706	1	0.4706	0.4706	False	0.2	2.14
19	17379661	G	T	BABAM1	Nonsense_Mutation	88	10	98	0.10204081632653061	1	1	1	0.9184	1	0.9184	0.9184	True	0.2	2.14
19	19040124	C	A	HOMER3	3'UTR	74	6	80	0.075	1	1	1	0.675	1	0.675	0.675	False	0.2	2.14
19	20002567	C	A	ZNF253	Missense_Mutation	76	9	85	0.10588235294117647	1	1	1	0.9529	1	0.9529	0.9529	True	0.2	2.14
19	22574497	C	A	ZNF98	Nonsense_Mutation	78	10	88	0.11363636363636363	1	1	1	1.0227	1	1.0227	1.0	True	0.2	2.14
19	33119650	C	T	ANKRD27	Missense_Mutation	73	10	83	0.12048192771084337	1	1	1	1.0843	1	1.0843	1.0	True	0.2	2.14
19	35533176	C	A	HPN	5'UTR	44	5	49	0.10204081632653061	1	1	1	0.9184	1	0.9184	0.9184	True	0.2	2.14
19	36269201	G	T	ARHGAP33	Missense_Mutation	56	4	60	0.06666666666666667	1	1	1	0.6	1	0.6	0.6	False	0.2	2.14
19	36573985	C	G	WDR62	Nonsense_Mutation	38	3	41	0.07317073170731707	1	1	1	0.6585	1	0.6585	0.6585	False	0.2	2.14
19	38383272	G	C	WDR87	Missense_Mutation	65	7	72	0.09722222222222222	1	1	1	0.875	1	0.875	0.875	True	0.2	2.14
19	38385259	C	A	WDR87	Missense_Mutation	22	3	25	0.12	1	1	1	1.08	1	1.08	1.0	True	0.2	2.14
19	38905515	G	T	RASGRP4	Silent	74	8	82	0.0975609756097561	1	1	1	0.878	1	0.878	0.878	True	0.2	2.14
19	39406737	C	A	SARS2	Missense_Mutation	209	21	230	0.09130434782608696	1	1	1	0.8217	1	0.8217	0.8217	False	0.2	2.14
19	40398279	C	A	FCGBP	Missense_Mutation	55	7	62	0.11290322580645161	1	1	1	1.0161	1	1.0161	1.0	True	0.2	2.14
19	41522787	C	T	CYP2B6	3'UTR	19	5	24	0.20833333333333334	1	1	1	1.875	1	1.875	1.0	True	0.2	2.14
19	42492163	C	A	ATP1A3	Silent	89	10	99	0.10101010101010101	1	1	1	0.9091	1	0.9091	0.9091	True	0.2	2.14
19	43358229	A	G	PSG10P	RNA	294	10	304	0.03289473684210526	1	1	1	0.2961	1	0.2961	0.2961	False	0.2	2.14
19	45130811	G	T	IGSF23	Silent	41	4	45	0.08888888888888889	1	1	1	0.8	1	0.8	0.8	False	0.2	2.14
19	45262823	G	A	BCL3	Missense_Mutation	106	8	114	0.07017543859649122	1	1	1	0.6316	1	0.6316	0.6316	False	0.2	2.14
19	47124484	C	G	PTGIR	3'UTR	76	4	80	0.05	1	1	1	0.45	1	0.45	0.45	False	0.2	2.14
19	47124858	G	A	PTGIR	Silent	75	4	79	0.05063291139240506	1	1	1	0.4557	1	0.4557	0.4557	False	0.2	2.14
19	48537601	C	G	CABP5	Missense_Mutation	66	4	70	0.05714285714285714	1	1	1	0.5143	1	0.5143	0.5143	False	0.2	2.14
19	50771559	G	A	MYH14	Missense_Mutation	135	7	142	0.04929577464788732	1	1	1	0.4437	1	0.4437	0.4437	False	0.2	2.14
19	51986279	G	C	CEACAM18	Missense_Mutation	47	3	50	0.06	1	1	1	0.54	1	0.54	0.54	False	0.2	2.14
19	53792962	C	A	BIRC8	Missense_Mutation	41	4	45	0.08888888888888889	1	1	1	0.8	1	0.8	0.8	False	0.2	2.14
19	53959386	G	C	ZNF761	RNA	135	7	142	0.04929577464788732	1	1	1	0.4437	1	0.4437	0.4437	False	0.2	2.14
19	54198487	G	A	MIR519B	RNA	163	7	170	0.041176470588235294	1	1	1	0.3706	1	0.3706	0.3706	False	0.2	2.14
19	54577262	C	T	TARM1	Missense_Mutation	57	6	63	0.09523809523809523	1	1	1	0.8571	1	0.8571	0.8571	True	0.2	2.14
19	54744789	C	A	LILRA6	Silent	240	14	254	0.05511811023622047	1	1	1	0.4961	1	0.4961	0.4961	False	0.2	2.14
19	54872553	G	T	LAIR1	Missense_Mutation	49	6	55	0.10909090909090909	1	1	1	0.9818	1	0.9818	0.9818	True	0.2	2.14
19	54965711	C	T	LENG8	Missense_Mutation	112	12	124	0.0967741935483871	1	1	1	0.871	1	0.871	0.871	True	0.2	2.14
19	55349038	C	A	KIR2DS4	Missense_Mutation	91	7	98	0.07142857142857142	1	1	1	0.6429	1	0.6429	0.6429	False	0.2	2.14
19	57670600	G	T	DUXA	Missense_Mutation	51	8	59	0.13559322033898305	1	1	1	1.2203	1	1.2203	1.0	True	0.2	2.14
19	57932722	A	G	ZNF17	Missense_Mutation	90	7	97	0.07216494845360824	1	1	1	0.6495	1	0.6495	0.6495	False	0.2	2.14
20	2605001	C	A	TMC2	Silent	91	7	98	0.07142857142857142	2	1	1	0.7143	1	0.7143	0.7143	False	0.2	2.14
20	8865325	G	T	PLCB1	3'UTR	71	7	78	0.08974358974358974	2	1	1	0.8974	1	0.8974	0.8974	True	0.2	2.14
20	10030541	G	T	ANKEF1	Missense_Mutation	57	4	61	0.06557377049180328	2	1	1	0.6557	1	0.6557	0.6557	False	0.2	2.14
20	18794792	G	T	SCP2D1	Silent	67	6	73	0.0821917808219178	2	1	1	0.8219	1	0.8219	0.8219	False	0.2	2.14
20	30497560	G	T	TTLL9	Missense_Mutation	42	4	46	0.08695652173913043	2	1	1	0.8696	1	0.8696	0.8696	True	0.2	2.14
20	30818726	G	T	POFUT1	Missense_Mutation	61	6	67	0.08955223880597014	2	1	1	0.8955	1	0.8955	0.8955	True	0.2	2.14
20	31592147	C	A	SUN5	5'UTR	55	9	64	0.140625	2	1	1	1.4062	1	1.4062	1.0	True	0.2	2.14
20	31596364	C	A	BPIFB2	5'UTR	40	6	46	0.13043478260869565	2	1	1	1.3043	1	1.3043	1.0	True	0.2	2.14
20	31606541	C	A	BPIFB2	Silent	29	8	37	0.21621621621621623	2	1	1	2.1622	1	2.1622	1.0	True	0.2	2.14
20	31767424	C	A	BPIFA2	Silent	53	7	60	0.11666666666666667	2	1	1	1.1667	1	1.1667	1.0	True	0.2	2.14
20	34055253	G	T	CEP250	Nonsense_Mutation	41	5	46	0.10869565217391304	2	1	1	1.087	1	1.087	1.0	True	0.2	2.14
20	35749434	G	A	MROH8	Missense_Mutation	71	12	83	0.14457831325301204	2	1	1	1.4458	1	1.4458	1.0	True	0.2	2.14
20	43942722	G	T	RBPJL	Missense_Mutation	58	5	63	0.07936507936507936	2	1	1	0.7937	1	0.7937	0.7937	False	0.2	2.14
20	44856180	C	A	CDH22	Missense_Mutation	101	11	112	0.09821428571428571	2	1	1	0.9821	1	0.9821	0.9821	True	0.2	2.14
20	46313304	C	A	SULF2	Silent	79	5	84	0.05952380952380952	2	1	1	0.5952	1	0.5952	0.5952	False	0.2	2.14
20	51872528	G	T	TSHZ2	Missense_Mutation	54	9	63	0.14285714285714285	2	1	1	1.4286	1	1.4286	1.0	True	0.2	2.14
20	56226924	A	T	PMEPA1	3'UTR	39	6	45	0.13333333333333333	2	1	1	1.3333	1	1.3333	1.0	True	0.2	2.14
20	60499458	G	T	CDH4	Silent	70	6	76	0.07894736842105263	2	1	1	0.7895	1	0.7895	0.7895	False	0.2	2.14
20	61167653	C	A	C20orf166	Silent	63	6	69	0.08695652173913043	2	1	1	0.8696	1	0.8696	0.8696	True	0.2	2.14
20	61879034	C	G	NKAIN4	Missense_Mutation	48	4	52	0.07692307692307693	2	1	1	0.7692	1	0.7692	0.7692	False	0.2	2.14
20	62309668	G	C	RTEL1	Missense_Mutation	58	8	66	0.12121212121212122	2	1	1	1.2121	1	1.2121	1.0	True	0.2	2.14
20	62737512	C	G	NPBWR2	Missense_Mutation	46	8	54	0.14814814814814814	2	1	1	1.4815	1	1.4815	1.0	True	0.2	2.14
21	33060625	G	C	SCAF4	Missense_Mutation	111	8	119	0.06722689075630252	1	1	1	0.605	1	0.605	0.605	False	0.2	2.14
21	34003657	G	C	SYNJ1	Nonsense_Mutation	83	5	88	0.056818181818181816	1	1	1	0.5114	1	0.5114	0.5114	False	0.2	2.14
21	40777894	G	T	LCA5L	Missense_Mutation	116	7	123	0.056910569105691054	1	1	1	0.5122	1	0.5122	0.5122	False	0.2	2.14
22	23063527	C	G	IGLV3-19	Missense_Mutation	90	8	98	0.08163265306122448	1	1	1	0.7347	1	0.7347	0.7347	False	0.2	2.14
22	32293528	G	T	DEPDC5	Missense_Mutation	59	4	63	0.06349206349206349	1	1	1	0.5714	1	0.5714	0.5714	False	0.2	2.14
22	39222664	C	A	NPTXR	Silent	43	6	49	0.12244897959183673	1	1	1	1.102	1	1.102	1.0	True	0.2	2.14
22	39815583	C	T	TAB1	Missense_Mutation	62	8	70	0.11428571428571428	1	1	1	1.0286	1	1.0286	1.0	True	0.2	2.14
X	9673102	A	T	TBL1X	Missense_Mutation	95	5	100	0.05	2	1	1	0.5	1	0.5	0.5	False	0.2	2.14
X	13779231	C	A	OFD1	Missense_Mutation	130	6	136	0.04411764705882353	2	1	1	0.4412	1	0.4412	0.4412	False	0.2	2.14
X	27998866	C	A	DCAF8L1	Missense_Mutation	103	5	108	0.046296296296296294	2	1	1	0.463	1	0.463	0.463	False	0.2	2.14
X	30877771	G	A	TAB3	5'UTR	38	3	41	0.07317073170731707	2	1	1	0.7317	1	0.7317	0.7317	False	0.2	2.14
X	32481653	C	A	DMD	Missense_Mutation	73	4	77	0.05194805194805195	2	1	1	0.5195	1	0.5195	0.5195	False	0.2	2.14
X	34148740	C	T	FAM47A	Silent	181	9	190	0.04736842105263158	2	1	1	0.4737	1	0.4737	0.4737	False	0.2	2.14
X	49161383	C	G	GAGE10	Silent	535	50	585	0.08547008547008547	2	1	1	0.8547	1	0.8547	0.8547	True	0.2	2.14
X	54467182	G	T	TSR2	Silent	190	12	202	0.0594059405940594	2	1	1	0.5941	1	0.5941	0.5941	False	0.2	2.14
X	69421794	C	A	DGAT2L6	Nonsense_Mutation	64	7	71	0.09859154929577464	2	1	1	0.9859	1	0.9859	0.9859	True	0.2	2.14
X	70316309	G	T	FOXO4	5'UTR	39	4	43	0.09302325581395349	2	1	1	0.9302	1	0.9302	0.9302	True	0.2	2.14
X	85994826	A	T	DACH2	Missense_Mutation	71	8	79	0.10126582278481013	2	1	1	1.0127	1	1.0127	1.0	True	0.2	2.14
X	86071037	A	G	DACH2	Missense_Mutation	116	8	124	0.06451612903225806	2	1	1	0.6452	1	0.6452	0.6452	False	0.2	2.14
X	112059028	C	A	AMOT	Missense_Mutation	77	8	85	0.09411764705882353	2	1	1	0.9412	1	0.9412	0.9412	True	0.2	2.14
X	125298851	C	A	DCAF12L2	Missense_Mutation	50	5	55	0.09090909090909091	2	1	1	0.9091	1	0.9091	0.9091	True	0.2	2.14
X	129190222	C	A	BCORL1	3'UTR	72	7	79	0.08860759493670886	2	1	1	0.8861	1	0.8861	0.8861	True	0.2	2.14
X	129545421	G	T	RBMX2	Missense_Mutation	82	6	88	0.06818181818181818	2	1	1	0.6818	1	0.6818	0.6818	False	0.2	2.14
X	129759235	G	A	ENOX2	3'UTR	51	4	55	0.07272727272727272	2	1	1	0.7273	1	0.7273	0.7273	False	0.2	2.14
X	134994988	G	C	SAGE1	Missense_Mutation	102	5	107	0.04672897196261682	2	1	1	0.4673	1	0.4673	0.4673	False	0.2	2.14
X	142718475	G	T	SLITRK4	Silent	50	7	57	0.12280701754385964	2	1	1	1.2281	1	1.2281	1.0	True	0.2	2.14
X	153626899	G	T	RPL10	Intron	33	4	37	0.10810810810810811	2	1	1	1.0811	1	1.0811	1.0	True	0.2	2.14
