chr	start	end	WT.count	mut.count	subclonal.CN	nMaj1	nMin1	frac1	nMaj2	nMin2	frac2	phase	mutation.copy.number	subclonal.fraction	no.chrs.bearing.mut
1	2441344	2441345	10	6	4	4	0	1	NA	NA	NA	unphased	2.06578947368421	1.03289473684211	2
1	18152815	18152816	55	39	4	4	0	1	NA	NA	NA	unphased	2.28555431131019	1.1427771556551	2
1	20073002	20073003	14	6	4	4	0	1	NA	NA	NA	unphased	1.65263157894737	1.65263157894737	1
1	36520727	36520728	14	10	4	4	0	1	NA	NA	NA	unphased	2.2953216374269	1.14766081871345	2
1	70877089	70877090	104	32	4	4	0	1	NA	NA	NA	unphased	1.29618163054696	1.29618163054696	1
1	70877090	70877091	105	33	4	4	0	1	NA	NA	NA	unphased	1.31731502669718	1.31731502669718	1
1	75609564	75609565	43	24	4	4	0	1	NA	NA	NA	unphased	1.9732914375491	0.986645718774548	2
1	92224202	92224203	90	72	4	4	0	1	NA	NA	NA	unphased	2.44834307992203	0.816114359974009	3
1	93312896	93312897	17	17	4	4	0	1	NA	NA	NA	unphased	2.75438596491228	0.91812865497076	3
1	100928387	100928388	45	21	4	4	0	1	NA	NA	NA	unphased	1.75279106858054	0.876395534290271	2
1	145414756	145414757	90	12	1.77	5	3	0.11	0	1	0.89	unphased	0.385737874097007	0.385737874097007	1
1	145522531	145522532	132	125	1.77	5	3	0.11	0	1	0.89	unphased	1.594733428903	1.10745377007153	1.44
1	154544243	154544244	57	48	2.96	5	3	0.16	1	1	0.84	unphased	2.0428671679198	0.945771836999907	2.16
1	171252347	171252348	157	19	2.96	5	3	0.16	1	1	0.84	unphased	0.482424242424243	0.482424242424243	1
1	175092698	175092699	89	38	2.96	5	3	0.16	1	1	0.84	unphased	1.33711286089239	1.01296428855484	1.32
1	177030276	177030277	313	55	2.96	5	3	0.16	1	1	0.84	unphased	0.667887109077041	0.667887109077041	1
1	197297745	197297746	56	63	1.49	5	3	0.07	0	1	0.93	unphased	1.58758513931889	0.766949342666128	2.07
1	211280663	211280664	185	17	1.49	5	3	0.07	0	1	0.93	unphased	0.252371895084245	0.252371895084245	1
1	216591873	216591874	126	38	1.49	5	3	0.07	0	1	0.93	unphased	0.694837398373984	0.694837398373984	1
1	234510058	234510059	120	45	1.49	5	3	0.07	0	1	0.93	unphased	0.817846889952153	0.817846889952153	1
1	241886620	241886621	113	51	1.49	5	3	0.07	0	1	0.93	unphased	0.932544929396662	0.932544929396662	1
1	247695262	247695263	56	33	1.49	5	3	0.07	0	1	0.93	unphased	1.11190419869899	1.11190419869899	1
1	248263417	248263418	176	30	1.49	5	3	0.07	0	1	0.93	unphased	0.436714358712315	0.436714358712315	1
1	248458776	248458777	233	47	1.49	5	3	0.07	0	1	0.93	unphased	0.503365288220551	0.503365288220551	1
10	18270308	18270309	123	20	2.47	4	4	0.21	1	0	0.79	unphased	0.556471598576862	0.556471598576862	1
10	44139762	44139763	150	14	3.02	4	4	0.17	1	1	0.83	unphased	0.386602481814292	0.386602481814292	1
10	75843122	75843123	131	29	1.42	4	3	0.07	0	1	0.93	unphased	0.530839912280702	0.530839912280702	1
10	85992333	85992334	113	26	4.08	3	3	0.52	1	1	0.48	unphased	1.0453817998233	1.0453817998233	1
10	88854405	88854406	22	30	4.08	3	3	0.52	1	1	0.48	unphased	3.22429149797571	1.27948075316496	2.52
10	92680825	92680826	67	9	4.08	3	3	0.52	1	1	0.48	unphased	0.661828254847646	0.661828254847646	1
10	106214252	106214253	224	24	4.08	3	3	0.52	1	1	0.48	unphased	0.540848896434635	1.04009403160507	0.52
11	1272611	1272612	132	23	2.16	4	1	0.29	1	0	0.71	unphased	0.544398415393322	0.544398415393322	1
11	6913438	6913439	84	13	5	4	1	1	NA	NA	NA	unphased	0.87230964007958	0.87230964007958	1
11	15243127	15243128	80	13	5	4	1	1	NA	NA	NA	unphased	0.909828334276552	0.909828334276552	1
11	21594926	21594927	197	31	5	4	1	1	NA	NA	NA	unphased	0.88496460449369	0.88496460449369	1
11	89531677	89531678	116	8	4	4	0	1	NA	NA	NA	unphased	0.355404640633843	0.355404640633843	1
11	117869642	117869643	18	39	4	4	0	1	NA	NA	NA	unphased	3.76915974145891	0.942289935364728	4
12	2705055	2705056	89	29	3.32	4	2	0.33	1	1	0.67	unphased	1.18673208444841	1.18673208444841	1
12	2937100	2937101	81	24	3.32	4	2	0.33	1	1	0.67	unphased	1.10371929824561	1.10371929824561	1
12	6933928	6933929	50	41	2.56	4	2	0.14	1	1	0.86	unphased	1.83318295739348	0.856627550183871	2.14
12	25398284	25398285	24	18	2.75	4	3	0.15	1	1	0.85	unphased	1.82518796992481	0.848924637174331	2.15
12	27553497	27553498	69	26	2.75	4	3	0.15	1	1	0.85	unphased	1.16555863342567	1.16555863342567	1
12	29628034	29628035	14	3	2.75	4	3	0.15	1	1	0.85	unphased	0.751547987616099	0.751547987616099	1
12	41831698	41831699	249	64	3	4	3	0.2	1	1	0.8	unphased	0.921921416960933	0.921921416960933	1
12	47629120	47629121	172	129	1.06	4	3	0.01	0	1	0.99	unphased	1.1009022556391	1.1009022556391	1
12	51398614	51398615	63	8	2.75	4	3	0.15	1	1	0.85	unphased	0.479861625895725	0.479861625895725	1
12	57567572	57567573	184	20	2.75	4	3	0.15	1	1	0.85	unphased	0.417526659786722	0.417526659786722	1
12	57619243	57619244	21	17	2.75	4	3	0.15	1	1	0.85	unphased	1.90524007386888	0.886158173892504	2.15
12	78542631	78542632	43	12	1.54	4	3	0.09	0	1	0.91	unphased	0.665186602870813	0.665186602870813	1
12	81734875	81734876	57	37	1.54	4	3	0.09	0	1	0.91	unphased	1.20004852556924	1.20004852556924	1
12	93164024	93164025	37	5	4.32	3	2	0.83	1	0	0.17	unphased	0.69390142021721	0.69390142021721	1
12	108918235	108918236	112	29	4.32	3	2	0.83	1	0	0.17	unphased	1.19882543237526	1.19882543237526	1
12	133732743	133732744	96	42	1.36	3	2	0.09	0	1	0.91	unphased	0.873104500381388	0.873104500381388	1
13	24895902	24895903	178	36	4	4	0	1	NA	NA	NA	unphased	0.926709296606001	0.926709296606001	1
13	44442841	44442842	6	2	4	4	0	1	NA	NA	NA	unphased	1.37719298245614	1.37719298245614	1
13	102235663	102235664	219	15	4	4	0	1	NA	NA	NA	unphased	0.353126405757985	0.353126405757985	1
14	20612770	20612771	125	56	4	2	2	1	NA	NA	NA	unphased	1.70437142580207	0.852185712901037	2
14	23564367	23564368	64	32	4	2	2	1	NA	NA	NA	unphased	1.83625730994152	0.91812865497076	2
14	54884581	54884582	4	8	5	3	2	1	NA	NA	NA	unphased	4.33918128654971	1.44639376218324	3
14	94187867	94187868	34	10	5	3	2	1	NA	NA	NA	unphased	1.4792663476874	1.4792663476874	1
14	95081407	95081408	140	17	5	3	2	1	NA	NA	NA	unphased	0.704771482847246	0.704771482847246	1
15	40587215	40587216	96	54	4	2	2	1	NA	NA	NA	unphased	1.98315789473684	0.991578947368421	2
15	41961655	41961656	210	125	4	2	2	1	NA	NA	NA	unphased	2.05551191411364	1.02775595705682	2
15	48903019	48903020	34	6	4	2	2	1	NA	NA	NA	unphased	0.826315789473684	0.826315789473684	1
15	49917602	49917603	21	10	4	2	2	1	NA	NA	NA	unphased	1.77702320316921	0.888511601584607	2
15	89837158	89837159	60	53	4	2	2	1	NA	NA	NA	unphased	2.58376028566993	1.29188014283496	2
16	2569668	2569669	80	12	4	2	2	1	NA	NA	NA	unphased	0.718535469107552	0.718535469107552	1
16	16297438	16297439	46	4	4	2	2	1	NA	NA	NA	unphased	0.440701754385965	0.440701754385965	1
16	19236032	19236033	76	38	4	2	2	1	NA	NA	NA	unphased	1.83625730994152	0.91812865497076	2
16	66887431	66887432	51	14	3.4	4	2	0.48	1	0	0.52	unphased	1.05727395411606	1.05727395411606	1
17	7699787	7699788	56	8	1.04	3	2	0.01	0	1	0.99	unphased	0.31859649122807	0.31859649122807	1
17	10362582	10362583	154	59	1.04	3	2	0.01	0	1	0.99	unphased	0.705997858496005	0.705997858496005	1
17	17124799	17124800	68	37	3.95	4	3	0.39	1	1	0.61	unphased	1.92356725146199	1.08065575924831	1.78
17	25970599	25970600	43	29	3.36	4	2	0.34	1	1	0.66	unphased	1.96103313840156	0.970808484357208	2.02
17	26604106	26604107	171	25	8	4	4	1	NA	NA	NA	unphased	1.21285356247762	1.21285356247762	1
17	26887087	26887088	57	49	3.5	3	2	0.5	1	1	0.5	unphased	2.31537570340947	0.926150281363787	2.5
17	26942150	26942151	175	206	3.5	3	2	0.5	1	1	0.5	unphased	2.70815490168992	1.08326196067597	2.5
17	64880760	64880761	145	39	8	4	4	1	NA	NA	NA	unphased	2.01544622425629	1.00772311212815	2
17	74475271	74475272	51	17	3.35	4	2	0.47	1	0	0.53	unphased	1.21469298245614	1.21469298245614	1
18	14542999	14543000	288	38	1.16	4	1	0.04	0	1	0.96	unphased	0.311083844580777	0.311083844580777	1
19	1220639	1220640	7	21	6	6	0	1	NA	NA	NA	unphased	5.63157894736842	0.93859649122807	6
19	2717861	2717862	5	5	4	4	0	1	NA	NA	NA	unphased	2.75438596491228	0.91812865497076	3
19	8539050	8539051	135	44	4	4	0	1	NA	NA	NA	unphased	1.3541115358228	0.677055767911399	2
19	18367959	18367960	53	14	3.64	4	2	0.41	1	1	0.59	unphased	1.07586279130662	1.07586279130662	1
19	22270959	22270960	82	28	3.3	4	3	0.26	1	1	0.74	unphased	1.22405103668262	1.22405103668262	1
19	35250892	35250893	147	76	3.3	4	3	0.26	1	1	0.74	unphased	1.63886397608371	1.0781999842656	1.52
19	40325326	40325327	90	42	3.3	4	3	0.26	1	1	0.74	unphased	1.53006379585327	1.00662091832452	1.52
19	45885798	45885799	164	14	3.3	4	3	0.26	1	1	0.74	unphased	0.378218016952494	1.45468468058651	0.26
19	51506214	51506215	47	11	3.28	4	2	0.32	1	1	0.68	unphased	0.90821536600121	0.90821536600121	1
2	39996965	39996966	67	9	5.92	5	2	0.82	1	0	0.18	unphased	0.879722991689751	0.879722991689751	1
2	54021508	54021509	95	6	13	7	6	1	NA	NA	NA	unphased	0.861907243355915	0.861907243355915	1
2	74688552	74688553	129	13	2.64	4	2	0.16	1	1	0.84	unphased	0.379817148505066	0.379817148505066	1
2	85529722	85529723	149	581	8	7	1	1	NA	NA	NA	unphased	7.56794039894256	1.08113434270608	7
2	88870404	88870405	98	207	10	7	3	1	0	1	0	unphased	7.81087144089733	1.11583877727105	7
2	141747213	141747214	104	26	1.16	4	1	0.04	0	1	0.96	unphased	0.533754385964912	0.533754385964912	1
2	179410279	179410280	406	74	1.2	4	1	0.05	0	1	0.95	unphased	0.417602339181287	0.417602339181287	1
2	210558530	210558531	162	8	2.42	4	1	0.14	1	1	0.86	unphased	0.184883384932921	1.32059560666372	0.14
2	210558905	210558906	135	53	2.42	4	1	0.14	1	1	0.86	unphased	1.10757932064203	1.10757932064203	1
20	25456785	25456786	166	40	1.28	4	4	0.04	0	1	0.96	unphased	0.541509112587294	0.541509112587294	1
20	37581024	37581025	132	46	6	4	2	1	NA	NA	NA	unphased	1.9404691504041	0.97023457520205	2
20	40126141	40126142	114	36	6	4	2	1	NA	NA	NA	unphased	1.80210526315789	0.901052631578947	2
20	47266678	47266679	97	20	4	4	0	1	NA	NA	NA	unphased	0.941670415354626	0.941670415354626	1
20	50090661	50090662	89	26	4	4	0	1	NA	NA	NA	unphased	1.24546147978642	1.24546147978642	1
20	60318791	60318792	6	7	3.36	4	2	0.34	1	1	0.66	unphased	2.62164642375169	0.978226277519286	2.68
21	31933438	31933439	141	28	4	4	0	1	NA	NA	NA	unphased	0.912695941036022	0.912695941036022	1
21	32253605	32253606	106	16	5	4	1	1	NA	NA	NA	unphased	0.853609433419615	0.853609433419615	1
21	45053212	45053213	75	14	2.92	4	1	0.48	1	0	0.52	unphased	0.696660753006111	0.696660753006111	1
21	47552154	47552155	17	5	2.92	4	1	0.48	1	0	0.52	unphased	1.00653907496013	1.00653907496013	1
22	17073397	17073398	57	25	3.52	4	2	0.38	1	1	0.62	unphased	1.533162173727	1.11098708241087	1.38
22	17073398	17073399	57	25	3.52	4	2	0.38	1	1	0.62	unphased	1.533162173727	1.11098708241087	1.38
3	50684207	50684208	16	46	4	4	0	1	NA	NA	NA	unphased	4.08715336728919	1.0217883418223	4
3	78710310	78710311	34	7	4	4	0	1	NA	NA	NA	unphased	0.940522036799315	0.940522036799315	1
3	108219047	108219048	55	18	4	4	0	1	NA	NA	NA	unphased	1.35832732516222	1.35832732516222	1
4	44450629	44450630	7	2	3.37	2	2	0.79	1	0	0.21	unphased	1.08417153996101	1.08417153996101	1
4	68784776	68784777	158	40	4	3	2	0.75	1	0	0.25	unphased	1.11288321814638	1.11288321814638	1
4	69179803	69179804	70	16	4	3	2	0.75	1	0	0.25	unphased	1.02488780089759	1.02488780089759	1
4	107230100	107230101	52	21	6	4	2	1	NA	NA	NA	unphased	2.16005767844268	1.08002883922134	2
4	167656096	167656097	46	6	3.11	4	1	0.37	1	1	0.63	unphased	0.532935222672065	0.532935222672065	1
5	5200293	5200294	73	23	8	4	4	1	NA	NA	NA	unphased	2.2781432748538	1.1390716374269	2
5	16670831	16670832	156	25	4.28	4	4	0.38	1	1	0.62	unphased	0.799554133953669	0.799554133953669	1
5	23527088	23527089	131	29	1.96	5	4	0.12	1	0	0.88	unphased	0.628714912280702	0.628714912280702	1
5	37169396	37169397	208	31	1.96	5	4	0.12	1	0	0.88	unphased	0.449924392571387	0.449924392571387	1
5	43245703	43245704	17	8	1.96	5	4	0.12	1	0	0.88	unphased	1.11000701754386	1.11000701754386	1
5	79030053	79030054	52	16	4	2	2	1	NA	NA	NA	unphased	1.29618163054696	1.29618163054696	1
5	134871292	134871293	6	6	4	2	2	1	NA	NA	NA	unphased	2.75438596491228	1.37719298245614	2
5	140201949	140201950	105	32	4	2	2	1	NA	NA	NA	unphased	1.28672045076194	1.28672045076194	1
5	145859637	145859638	35	16	4	2	2	1	NA	NA	NA	unphased	1.72824217406261	0.864121087031304	2
5	154394276	154394277	151	71	4	2	2	1	NA	NA	NA	unphased	1.76181444602497	0.880907223012486	2
5	156964946	156964947	67	25	4	2	2	1	NA	NA	NA	unphased	1.49694889397407	0.748474446987033	2
5	156964974	156964975	55	24	4	2	2	1	NA	NA	NA	unphased	1.67355096602265	0.836775483011326	2
5	167855768	167855769	68	4	4	2	2	1	NA	NA	NA	unphased	0.306042884990253	0.306042884990253	1
5	180662001	180662002	79	5	2.34	2	2	0.17	1	1	0.83	unphased	0.229093567251462	1.34760921912625	0.17
6	2680455	2680456	288	110	1	4	2	0	0	1	1	unphased	0.693379176584678	0.693379176584678	1
6	24145931	24145932	121	16	1	4	2	0	0	1	1	unphased	0.292995261877321	0.292995261877321	1
6	31777796	31777797	46	43	2.84	4	2	0.21	1	1	0.79	unphased	2.10109205598265	0.950720387322468	2.21
6	35762871	35762872	70	18	1.05	4	2	0.01	0	1	0.99	unphased	0.523385167464115	0.523385167464115	1
6	37358708	37358709	16	5	1.05	4	2	0.01	0	1	0.99	unphased	0.609231411862991	0.609231411862991	1
6	43014809	43014810	99	73	1.05	4	2	0.01	0	1	0.99	unphased	1.0859904120767	1.0859904120767	1
6	49705105	49705106	81	26	1.05	4	2	0.01	0	1	0.99	unphased	0.621757665191015	0.621757665191015	1
6	70926780	70926781	32	3	2.8	3	1	0.4	1	1	0.6	unphased	0.369323308270677	0.923308270676692	0.4
6	73843263	73843264	82	11	2.8	3	1	0.4	1	1	0.6	unphased	0.509639690624411	1.27409922656103	0.4
6	107955649	107955650	36	7	3.85	3	1	0.95	0	1	0.05	unphased	0.872358221134231	0.872358221134231	1
6	121452772	121452773	15	14	3.85	3	1	0.95	0	1	0.05	unphased	2.58699334543255	0.907716963309666	2.85
6	130762770	130762771	58	37	3.85	3	1	0.95	0	1	0.05	unphased	2.08710064635272	1.07030802377063	1.95
7	21599381	21599382	10	24	9	7	2	1	0	1	0	unphased	7.41795665634675	1.05970809376382	7
7	45747980	45747981	26	87	8.92	7	2	0.99	0	1	0.01	unphased	8.02923148579413	1.14867403230245	6.99
7	84636128	84636129	190	73	2.22	2	2	0.11	1	1	0.89	unphased	1.03498232272697	1.03498232272697	1
7	88962736	88962737	39	11	5	3	2	1	NA	NA	NA	unphased	1.4319298245614	1.4319298245614	1
7	98515271	98515272	40	19	5	3	2	1	NA	NA	NA	unphased	2.09604519774011	1.04802259887006	2
7	100228604	100228605	18	6	5	3	2	1	NA	NA	NA	unphased	1.62719298245614	1.62719298245614	1
8	7721244	7721245	15	5	6	4	2	1	NA	NA	NA	unphased	1.87719298245614	1.87719298245614	1
8	39695767	39695768	19	9	4	2	2	1	NA	NA	NA	unphased	1.77067669172932	0.885338345864662	2
8	51705389	51705390	148	47	6	4	2	1	NA	NA	NA	unphased	1.8098065677013	0.904903283850652	2
8	87951854	87951855	121	14	1.65	4	2	0.13	1	0	0.87	unphased	0.327576348278103	0.327576348278103	1
8	110534558	110534559	64	21	1.65	4	2	0.13	1	0	0.87	unphased	0.780402476780186	0.780402476780186	1
8	116616439	116616440	50	80	7	5	2	1	NA	NA	NA	unphased	5.2361673414305	1.0472334682861	5
8	133740142	133740143	156	44	6.1	5	2	0.85	1	0	0.15	unphased	1.6739298245614	0.904826932195353	1.85
9	18684734	18684735	24	3	5	5	0	1	NA	NA	NA	unphased	0.723196881091618	0.723196881091618	1
9	21854736	21854737	91	21	5	5	0	1	NA	NA	NA	unphased	1.22039473684211	1.22039473684211	1
X	1428638	1428639	15	8	NA	NA	NA	NA	NA	NA	NA	unphased	NA	NA	1
X	27766804	27766805	4	12	NA	NA	NA	NA	NA	NA	NA	unphased	NA	NA	1
X	102974029	102974030	59	63	NA	NA	NA	NA	NA	NA	NA	unphased	NA	NA	1
