chr	start	end	WT.count	mut.count	subclonal.CN	nMaj1	nMin1	frac1	nMaj2	nMin2	frac2	phase	mutation.copy.number	subclonal.fraction	no.chrs.bearing.mut
1	2283251	2283252	37	4	2	1	1	1	NA	NA	NA	unphased	0.300187617260788	0.300187617260788	1
1	16065837	16065838	89	8	2	1	1	1	NA	NA	NA	unphased	0.253766851704996	0.253766851704996	1
1	21926030	21926031	51	24	2	1	1	1	NA	NA	NA	unphased	0.984615384615385	0.984615384615385	1
1	33832802	33832803	57	36	2	1	1	1	NA	NA	NA	unphased	1.19106699751861	1.19106699751861	1
1	46495139	46495140	39	12	2	1	1	1	NA	NA	NA	unphased	0.723981900452489	0.723981900452489	1
1	85279570	85279571	53	5	2	1	1	1	NA	NA	NA	unphased	0.26525198938992	0.26525198938992	1
1	94526190	94526191	57	17	2	1	1	1	NA	NA	NA	unphased	0.706860706860707	0.706860706860707	1
1	158576786	158576787	131	15	2	1	1	1	NA	NA	NA	unphased	0.316122233930453	0.316122233930453	1
1	180886140	180886141	74	14	2	1	1	1	NA	NA	NA	unphased	0.489510489510489	0.489510489510489	1
1	233749987	233749988	32	3	2	1	1	1	NA	NA	NA	unphased	0.263736263736264	0.263736263736264	1
1	246498677	246498678	98	5	2	1	1	1	NA	NA	NA	unphased	0.149365197908887	0.149365197908887	1
10	12940463	12940464	40	21	2	1	1	1	NA	NA	NA	unphased	1.05926860025221	1.05926860025221	1
10	34558770	34558771	38	10	2	1	1	1	NA	NA	NA	unphased	0.641025641025641	0.641025641025641	1
10	70405205	70405206	123	61	2	1	1	1	NA	NA	NA	unphased	1.02006688963211	1.02006688963211	1
10	71654449	71654450	81	6	2	1	1	1	NA	NA	NA	unphased	0.212201591511936	0.212201591511936	1
10	97181825	97181826	37	5	2	1	1	1	NA	NA	NA	unphased	0.366300366300366	0.366300366300366	1
10	102748607	102748608	65	14	2	1	1	1	NA	NA	NA	unphased	0.545277507302824	0.545277507302824	1
11	65688919	65688920	67	17	2	1	1	1	NA	NA	NA	unphased	0.622710622710623	0.622710622710623	1
11	113688418	113688419	72	9	1	1	0	1	NA	NA	NA	unphased	0.230769230769231	0.230769230769231	1
12	27817348	27817349	29	4	2	1	1	1	NA	NA	NA	unphased	0.372960372960373	0.372960372960373	1
13	23930038	23930039	48	4	1	1	0	1	NA	NA	NA	unphased	0.159763313609467	0.159763313609467	1
13	36766024	36766025	28	21	1	1	0	1	NA	NA	NA	unphased	0.89010989010989	0.89010989010989	1
14	106573459	106573460	163	46	2	1	1	1	NA	NA	NA	unphased	0.677217519322783	0.677217519322783	1
15	22866720	22866721	20	12	2	1	1	1	NA	NA	NA	unphased	1.15384615384615	1.15384615384615	1
15	33993255	33993256	17	5	2	1	1	1	NA	NA	NA	unphased	0.699300699300699	0.699300699300699	1
16	784288	784289	45	10	2	1	1	1	NA	NA	NA	unphased	0.559440559440559	0.559440559440559	1
16	76461393	76461394	182	8	2	1	1	1	NA	NA	NA	unphased	0.129554655870445	0.129554655870445	1
17	48750366	48750367	38	7	2	1	1	1	NA	NA	NA	unphased	0.478632478632479	0.478632478632479	1
17	55183938	55183939	87	30	2	1	1	1	NA	NA	NA	unphased	0.788954635108481	0.788954635108481	1
17	55183939	55183940	86	30	2	1	1	1	NA	NA	NA	unphased	0.795755968169761	0.795755968169761	1
17	72700742	72700743	230	14	2	1	1	1	NA	NA	NA	unphased	0.176544766708701	0.176544766708701	1
18	3742494	3742495	29	11	2	1	1	1	NA	NA	NA	unphased	0.846153846153846	0.846153846153846	1
18	5443839	5443840	62	8	2	1	1	1	NA	NA	NA	unphased	0.351648351648352	0.351648351648352	1
18	10680251	10680252	95	23	2	1	1	1	NA	NA	NA	unphased	0.59973924380704	0.59973924380704	1
18	21483061	21483062	77	27	2	1	1	1	NA	NA	NA	unphased	0.798816568047337	0.798816568047337	1
19	2213958	2213959	25	10	1	1	0	1	NA	NA	NA	unphased	0.593406593406593	0.593406593406593	1
19	18194272	18194273	73	12	2	1	1	0.13	1	1	0.87	unphased	0.434389140271493	0.434389140271493	1
19	19312381	19312382	70	4	2	1	1	0.13	1	1	0.87	unphased	0.166320166320166	0.166320166320166	1
19	39867144	39867145	54	4	2	1	1	0.1	1	1	0.9	unphased	0.212201591511936	0.212201591511936	1
19	41811593	41811594	92	23	2	1	1	0.1	1	1	0.9	unphased	0.615384615384615	0.615384615384615	1
19	55048265	55048266	83	5	1	1	0	1	NA	NA	NA	unphased	0.118006993006993	0.118006993006993	1
19	55331451	55331452	141	7	1	1	0	1	NA	NA	NA	unphased	0.0982328482328482	0.0982328482328482	1
2	17881629	17881630	27	3	2	1	1	1	NA	NA	NA	unphased	0.307692307692308	0.307692307692308	1
2	45646958	45646959	99	26	2	1	1	1	NA	NA	NA	unphased	0.64	0.64	1
2	75921395	75921396	76	7	2	1	1	1	NA	NA	NA	unphased	0.25949953660797	0.25949953660797	1
2	128477060	128477061	62	4	2	1	1	1	NA	NA	NA	unphased	0.186480186480186	0.186480186480186	1
2	159530505	159530506	131	22	2	1	1	1	NA	NA	NA	unphased	0.442433383609854	0.442433383609854	1
2	178098958	178098959	45	10	2	1	1	1	NA	NA	NA	unphased	0.559440559440559	0.559440559440559	1
2	219290442	219290443	72	16	2	1	1	1	NA	NA	NA	unphased	0.559440559440559	0.559440559440559	1
20	7875802	7875803	100	11	2	1	1	1	NA	NA	NA	unphased	0.304920304920305	0.304920304920305	1
21	37586431	37586432	94	30	2	1	1	1	NA	NA	NA	unphased	0.744416873449132	0.744416873449132	1
22	34046531	34046532	67	18	2	1	1	1	NA	NA	NA	unphased	0.65158371040724	0.65158371040724	1
3	1415316	1415317	59	25	2	1	1	1	NA	NA	NA	unphased	0.915750915750916	0.915750915750916	1
3	10392084	10392085	38	17	1.08	1	1	0.08	0	1	0.92	unphased	0.666685314685315	0.666685314685315	1
3	52257296	52257297	62	33	1.08	1	1	0.08	0	1	0.92	unphased	0.749246963562753	0.749246963562753	1
3	119466052	119466053	57	34	2	1	1	1	NA	NA	NA	unphased	1.14961961115807	1.14961961115807	1
3	176752075	176752076	28	5	1	1	0	1	NA	NA	NA	unphased	0.314685314685315	0.314685314685315	1
3	196663951	196663952	80	10	1	1	0	1	NA	NA	NA	unphased	0.230769230769231	0.230769230769231	1
4	38775655	38775656	136	24	2	1	1	1	NA	NA	NA	unphased	0.461538461538462	0.461538461538462	1
4	48422151	48422152	48	15	2	1	1	1	NA	NA	NA	unphased	0.732600732600733	0.732600732600733	1
4	114899692	114899693	93	31	2	1	1	1	NA	NA	NA	unphased	0.769230769230769	0.769230769230769	1
4	119951018	119951019	90	40	2	1	1	1	NA	NA	NA	unphased	0.946745562130178	0.946745562130178	1
4	138450766	138450767	52	7	2	1	1	1	NA	NA	NA	unphased	0.365058670143416	0.365058670143416	1
5	56219656	56219657	163	73	1.5	1	1	0.5	1	0	0.5	unphased	0.797099087353325	0.797099087353325	1
5	61676954	61676955	33	31	1	1	0	1	NA	NA	NA	unphased	1.00600961538462	1.00600961538462	1
5	88047768	88047769	101	8	1	1	0	1	NA	NA	NA	unphased	0.152434721242061	0.152434721242061	1
5	138163364	138163365	37	7	1	1	0	1	NA	NA	NA	unphased	0.33041958041958	0.33041958041958	1
5	176793798	176793799	67	6	2	1	1	1	NA	NA	NA	unphased	0.252897787144362	0.252897787144362	1
6	3224998	3224999	69	46	2	1	1	1	NA	NA	NA	unphased	1.23076923076923	1.23076923076923	1
6	24446043	24446044	98	7	2	1	1	1	NA	NA	NA	unphased	0.205128205128205	0.205128205128205	1
6	30128210	30128211	69	4	2	1	1	1	NA	NA	NA	unphased	0.168598524762908	0.168598524762908	1
6	44216502	44216503	204	18	2	1	1	1	NA	NA	NA	unphased	0.249480249480249	0.249480249480249	1
6	56473730	56473731	162	12	2	1	1	1	NA	NA	NA	unphased	0.212201591511936	0.212201591511936	1
6	100957983	100957984	111	38	1	1	0	1	NA	NA	NA	unphased	0.529685080020651	0.529685080020651	1
7	48314636	48314637	39	5	2	1	1	1	NA	NA	NA	unphased	0.34965034965035	0.34965034965035	1
8	41548111	41548112	114	40	2.53	3	1	0.51	1	0	0.49	unphased	0.936863136863137	0.936863136863137	1
8	41550203	41550204	526	194	2.53	3	1	0.51	1	0	0.49	unphased	0.971865384615385	0.971865384615385	1
9	125042859	125042860	74	11	2	1	1	1	NA	NA	NA	unphased	0.398190045248869	0.398190045248869	1
X	1584435	1584436	77	6	NA	NA	NA	NA	NA	NA	NA	unphased	NA	NA	1
X	24006483	24006484	122	34	NA	NA	NA	NA	NA	NA	NA	unphased	NA	NA	1
X	46618197	46618198	41	11	NA	NA	NA	NA	NA	NA	NA	unphased	NA	NA	1
X	48547387	48547388	13	4	NA	NA	NA	NA	NA	NA	NA	unphased	NA	NA	1
X	79999688	79999689	131	9	NA	NA	NA	NA	NA	NA	NA	unphased	NA	NA	1
X	96139764	96139765	115	14	NA	NA	NA	NA	NA	NA	NA	unphased	NA	NA	1
X	131212857	131212858	203	79	NA	NA	NA	NA	NA	NA	NA	unphased	NA	NA	1
X	154159594	154159595	135	67	NA	NA	NA	NA	NA	NA	NA	unphased	NA	NA	1
