chr	start	end	WT.count	mut.count	subclonal.CN	nMaj1	nMin1	frac1	nMaj2	nMin2	frac2	phase	mutation.copy.number	subclonal.fraction	no.chrs.bearing.mut
1	7730985	7730986	101	11	2	1	1	1	NA	NA	NA	unphased	1.09126984126984	1.09126984126984	1
1	15844828	15844829	55	5	2	1	1	1	NA	NA	NA	unphased	0.925925925925926	0.925925925925926	1
1	16272307	16272308	84	9	2	1	1	1	NA	NA	NA	unphased	1.0752688172043	1.0752688172043	1
1	18962809	18962810	75	8	2	1	1	1	NA	NA	NA	unphased	1.07095046854083	1.07095046854083	1
1	46806576	46806577	30	8	2	1	1	1	NA	NA	NA	unphased	2.33918128654971	2.33918128654971	1
1	54605605	54605606	29	4	2	1	1	1	NA	NA	NA	unphased	1.34680134680135	1.34680134680135	1
1	94564384	94564385	68	6	2	1	1	1	NA	NA	NA	unphased	0.900900900900901	0.900900900900901	1
1	150249018	150249019	34	7	2	1	1	0.47	1	1	0.53	unphased	1.8970189701897	1.8970189701897	1
1	158817556	158817557	53	3	2	1	1	0.47	1	1	0.53	unphased	0.595238095238095	0.595238095238095	1
1	160915053	160915054	25	3	2	1	1	0.47	1	1	0.53	unphased	1.19047619047619	1.19047619047619	1
1	167802257	167802258	69	16	2	1	1	0.47	1	1	0.53	unphased	2.09150326797386	2.09150326797386	1
1	169076146	169076147	30	4	2	1	1	0.47	1	1	0.53	unphased	1.30718954248366	1.30718954248366	1
1	176918318	176918319	121	16	2	1	1	0.47	1	1	0.53	unphased	1.29764801297648	1.29764801297648	1
1	203098187	203098188	244	47	2	1	1	0.47	1	1	0.53	unphased	1.79457808323788	1.79457808323788	1
1	203144743	203144744	189	23	2	1	1	0.47	1	1	0.53	unphased	1.20545073375262	1.20545073375262	1
1	207640110	207640111	31	4	2	1	1	0.47	1	1	0.53	unphased	1.26984126984127	1.26984126984127	1
1	213341216	213341217	21	4	2	1	1	0.47	1	1	0.53	unphased	1.77777777777778	1.77777777777778	1
1	247737530	247737531	30	3	2	1	1	0.47	1	1	0.53	unphased	1.01010101010101	1.01010101010101	1
1	247752352	247752353	72	4	2	1	1	0.47	1	1	0.53	unphased	0.584795321637427	0.584795321637427	1
1	248309119	248309120	183	15	NA	NA	NA	NA	NA	NA	NA	unphased	NA	NA	1
10	25684848	25684849	24	3	2	1	1	1	NA	NA	NA	unphased	1.23456790123457	1.23456790123457	1
10	43127460	43127461	95	9	2	1	1	1	NA	NA	NA	unphased	0.961538461538462	0.961538461538462	1
10	45499220	45499221	33	3	2	1	1	1	NA	NA	NA	unphased	0.925925925925926	0.925925925925926	1
10	105207125	105207126	59	4	2	1	1	1	NA	NA	NA	unphased	0.705467372134039	0.705467372134039	1
10	118383569	118383570	36	7	2	1	1	1	NA	NA	NA	unphased	1.80878552971576	1.80878552971576	1
10	125514186	125514187	75	11	2	1	1	1	NA	NA	NA	unphased	1.42118863049096	1.42118863049096	1
11	6816138	6816139	37	3	1	1	0	1	NA	NA	NA	unphased	0.758333333333333	0.758333333333333	1
11	22363326	22363327	76	5	2	1	1	1	NA	NA	NA	unphased	0.685871056241427	0.685871056241427	1
11	57077493	57077494	115	10	2	1	1	1	NA	NA	NA	unphased	0.888888888888889	0.888888888888889	1
11	60230576	60230577	71	8	2	1	1	1	NA	NA	NA	unphased	1.12517580872011	1.12517580872011	1
11	61553648	61553649	12	3	2	1	1	1	NA	NA	NA	unphased	2.22222222222222	2.22222222222222	1
11	68703725	68703726	100	11	2	1	1	1	NA	NA	NA	unphased	1.1011011011011	1.1011011011011	1
11	75137636	75137637	27	4	3.13	3	1	0.71	1	0	0.29	unphased	1.5794982078853	1.5794982078853	1
11	76507530	76507531	24	4	3.13	3	1	0.71	1	0	0.29	unphased	1.74873015873016	1.74873015873016	1
11	89223673	89223674	52	7	3.13	3	1	0.71	1	0	0.29	unphased	1.4523352165725	1.4523352165725	1
12	3031559	3031560	25	6	2	1	1	0.44	1	1	0.56	unphased	2.1505376344086	2.1505376344086	1
12	7047929	7047930	65	13	2	1	1	0.44	1	1	0.56	unphased	1.85185185185185	1.85185185185185	1
12	53876968	53876969	41	5	2	1	1	0.44	1	1	0.56	unphased	1.20772946859903	1.20772946859903	1
12	55641300	55641301	64	5	2	1	1	0.44	1	1	0.56	unphased	0.805152979066023	0.805152979066023	1
12	55641301	55641302	65	5	2	1	1	0.44	1	1	0.56	unphased	0.793650793650794	0.793650793650794	1
12	56559316	56559317	31	3	2	1	1	0.44	1	1	0.56	unphased	0.980392156862745	0.980392156862745	1
13	25281181	25281182	50	3	2	1	1	0.24	1	1	0.76	unphased	0.628930817610063	0.628930817610063	1
13	26957004	26957005	26	3	2	1	1	0.24	1	1	0.76	unphased	1.14942528735632	1.14942528735632	1
13	37602281	37602282	26	4	2	1	1	0.24	1	1	0.76	unphased	1.48148148148148	1.48148148148148	1
13	98829106	98829107	48	5	2	1	1	0.24	1	1	0.76	unphased	1.0482180293501	1.0482180293501	1
13	100637920	100637921	54	6	2	1	1	0.24	1	1	0.76	unphased	1.11111111111111	1.11111111111111	1
13	108518518	108518519	27	4	2	1	1	0.24	1	1	0.76	unphased	1.4336917562724	1.4336917562724	1
13	113825949	113825950	68	9	2	1	1	0.24	1	1	0.76	unphased	1.2987012987013	1.2987012987013	1
14	76905969	76905970	34	3	1	1	0	1	NA	NA	NA	unphased	0.81981981981982	0.81981981981982	1
14	77787107	77787108	11	4	1	1	0	1	NA	NA	NA	unphased	2.6962962962963	2.6962962962963	1
14	105834478	105834479	31	6	1	1	0	1	NA	NA	NA	unphased	1.63963963963964	1.63963963963964	1
14	106091431	106091432	116	17	NA	NA	NA	NA	NA	NA	NA	unphased	NA	NA	1
15	22382814	22382815	146	16	NA	NA	NA	NA	NA	NA	NA	unphased	NA	NA	1
15	45393420	45393421	26	6	2	2	0	1	NA	NA	NA	unphased	2.08333333333333	2.08333333333333	1
15	88679154	88679155	34	11	2	2	0	1	NA	NA	NA	unphased	2.71604938271605	1.35802469135802	2
16	24902286	24902287	156	13	2	1	1	1	NA	NA	NA	unphased	0.854700854700855	0.854700854700855	1
16	29825785	29825786	28	7	2	1	1	1	NA	NA	NA	unphased	2.22222222222222	2.22222222222222	1
16	31539949	31539950	19	4	2	1	1	1	NA	NA	NA	unphased	1.93236714975845	1.93236714975845	1
16	50667587	50667588	15	4	2	1	1	1	NA	NA	NA	unphased	2.33918128654971	2.33918128654971	1
16	76495944	76495945	28	3	2	1	1	1	NA	NA	NA	unphased	1.0752688172043	1.0752688172043	1
16	81249896	81249897	79	9	2	1	1	1	NA	NA	NA	unphased	1.13636363636364	1.13636363636364	1
17	1538383	1538384	23	5	1.15	1	1	0.15	0	1	0.85	unphased	1.83234126984127	1.83234126984127	1
17	5044738	5044739	30	4	1.15	1	1	0.15	0	1	0.85	unphased	1.20718954248366	1.20718954248366	1
17	5308467	5308468	26	4	1.15	1	1	0.15	0	1	0.85	unphased	1.36814814814815	1.36814814814815	1
17	7579413	7579414	37	9	1.15	1	1	0.15	0	1	0.85	unphased	2.00760869565217	2.00760869565217	1
17	67212041	67212042	26	4	1.15	1	1	0.15	0	1	0.85	unphased	1.36814814814815	1.36814814814815	1
17	73565400	73565401	53	4	1.15	1	1	0.15	0	1	0.85	unphased	0.720077972709552	0.720077972709552	1
18	8376563	8376564	55	6	2	1	1	1	NA	NA	NA	unphased	1.09289617486339	1.09289617486339	1
18	13734528	13734529	21	4	2	1	1	1	NA	NA	NA	unphased	1.77777777777778	1.77777777777778	1
18	21333688	21333689	21	4	1	1	0	1	NA	NA	NA	unphased	1.61777777777778	1.61777777777778	1
18	77170651	77170652	31	4	NA	NA	NA	NA	NA	NA	NA	unphased	NA	NA	1
19	7570495	7570496	34	4	2	1	1	0.2	1	1	0.8	unphased	1.16959064327485	1.16959064327485	1
19	9452589	9452590	43	3	2	1	1	0.2	1	1	0.8	unphased	0.72463768115942	0.72463768115942	1
19	10114805	10114806	53	5	2	1	1	0.2	1	1	0.8	unphased	0.957854406130268	0.957854406130268	1
19	11216121	11216122	84	9	2	1	1	0.2	1	1	0.8	unphased	1.0752688172043	1.0752688172043	1
19	36303727	36303728	17	3	5	4	1	1	NA	NA	NA	unphased	2.11666666666667	2.11666666666667	1
19	41096926	41096927	41	7	5	4	1	1	NA	NA	NA	unphased	2.05787037037037	1.02893518518519	2
19	44570815	44570816	78	8	5	4	1	1	NA	NA	NA	unphased	1.31266149870801	1.31266149870801	1
19	55707960	55707961	74	11	1.82	1	0	0.18	1	1	0.82	unphased	1.41461437908497	1.41461437908497	1
19	57327266	57327267	20	4	1.82	1	0	0.18	1	1	0.82	unphased	1.82185185185185	1.82185185185185	1
19	58850182	58850183	83	12	1.82	1	0	0.18	1	1	0.82	unphased	1.38077192982456	1.38077192982456	1
2	16742791	16742792	19	5	2	1	1	1	NA	NA	NA	unphased	2.31481481481481	2.31481481481481	1
2	69093606	69093607	21	6	2	1	1	1	NA	NA	NA	unphased	2.46913580246914	2.46913580246914	1
2	73491567	73491568	124	10	2	1	1	1	NA	NA	NA	unphased	0.829187396351575	0.829187396351575	1
2	90249330	90249331	123	10	2	1	1	1	NA	NA	NA	unphased	0.835421888053467	0.835421888053467	1
2	113539349	113539350	43	5	2	1	1	1	NA	NA	NA	unphased	1.15740740740741	1.15740740740741	1
2	157186017	157186018	29	3	2	1	1	1	NA	NA	NA	unphased	1.04166666666667	1.04166666666667	1
2	169985254	169985255	43	6	2	1	1	1	NA	NA	NA	unphased	1.36054421768707	1.36054421768707	1
2	179645951	179645952	23	5	2	1	1	1	NA	NA	NA	unphased	1.98412698412698	1.98412698412698	1
2	241420354	241420355	107	14	2	1	1	1	NA	NA	NA	unphased	1.28558310376492	1.28558310376492	1
20	33573972	33573973	13	3	2	1	1	1	NA	NA	NA	unphased	2.08333333333333	2.08333333333333	1
21	35895948	35895949	24	4	1	1	0	1	NA	NA	NA	unphased	1.44444444444444	1.44444444444444	1
22	22735561	22735562	123	14	1.82	1	0	0.18	1	1	0.82	unphased	1.11704785077048	1.11704785077048	1
22	26937522	26937523	30	4	1.82	1	0	0.18	1	1	0.82	unphased	1.28601307189542	1.28601307189542	1
22	32754366	32754367	49	5	3.32	2	2	0.66	1	1	0.34	unphased	1.15102880658436	1.15102880658436	1
22	32793980	32793981	50	6	3.32	2	2	0.66	1	1	0.34	unphased	1.33190476190476	1.33190476190476	1
22	35478654	35478655	33	11	1	1	0	1	NA	NA	NA	unphased	2.52777777777778	2.52777777777778	1
3	48218890	48218891	25	4	1	1	0	1	NA	NA	NA	unphased	1.39463601532567	1.39463601532567	1
3	133465259	133465260	19	4	2	1	1	1	NA	NA	NA	unphased	1.93236714975845	1.93236714975845	1
3	169546560	169546561	27	3	7	6	1	1	NA	NA	NA	unphased	1.61111111111111	1.61111111111111	1
3	182872142	182872143	36	37	7	6	1	1	NA	NA	NA	unphased	8.16590563165906	1.36098427194318	6
4	69344662	69344663	83	7	1.7	2	1	0.35	1	0	0.65	unphased	0.840864197530864	0.840864197530864	1
4	110763769	110763770	31	5	1	1	0	1	NA	NA	NA	unphased	1.40432098765432	1.40432098765432	1
5	16508773	16508774	14	3	1.24	3	2	0.06	0	1	0.94	unphased	1.82666666666667	1.82666666666667	1
5	16675089	16675090	59	14	1.24	3	2	0.06	0	1	0.94	unphased	1.98514459665145	0.963662425558954	2.06
5	41160246	41160247	42	4	1.24	3	2	0.06	0	1	0.94	unphased	0.900096618357488	0.900096618357488	1
5	71490194	71490195	24	4	2	1	1	0.21	1	1	0.79	unphased	1.58730158730159	1.58730158730159	1
5	75428092	75428093	40	5	2	1	1	0.21	1	1	0.79	unphased	1.23456790123457	1.23456790123457	1
5	80409667	80409668	39	4	2	1	1	0.21	1	1	0.79	unphased	1.03359173126615	1.03359173126615	1
5	140229919	140229920	89	17	2	1	1	0.21	1	1	0.79	unphased	1.78197064989518	1.78197064989518	1
5	140724397	140724398	53	3	2	1	1	0.21	1	1	0.79	unphased	0.595238095238095	0.595238095238095	1
5	140739963	140739964	95	10	2	1	1	0.21	1	1	0.79	unphased	1.05820105820106	1.05820105820106	1
5	140794433	140794434	268	23	2	1	1	0.21	1	1	0.79	unphased	0.87819778541428	0.87819778541428	1
5	158140115	158140116	38	4	2	1	1	0.21	1	1	0.79	unphased	1.05820105820106	1.05820105820106	1
5	168199857	168199858	40	3	2	1	1	0.21	1	1	0.79	unphased	0.775193798449612	0.775193798449612	1
5	171533643	171533644	27	6	2	1	1	0.21	1	1	0.79	unphased	2.02020202020202	2.02020202020202	1
6	26205084	26205085	52	7	1.88	2	0	0.88	0	1	0.12	unphased	1.30403013182674	1.30403013182674	1
6	29429855	29429856	63	23	1.88	2	0	0.88	0	1	0.12	unphased	2.93948320413437	1.56355489581615	1.88
6	46604195	46604196	10	3	1.88	2	0	0.88	0	1	0.12	unphased	2.53641025641026	2.53641025641026	1
6	46620315	46620316	94	7	1.88	2	0	0.88	0	1	0.12	unphased	0.761760176017602	0.761760176017602	1
6	51889586	51889587	36	6	1.88	2	0	0.88	0	1	0.12	unphased	1.57015873015873	1.57015873015873	1
6	53516707	53516708	14	4	1.88	2	0	0.88	0	1	0.12	unphased	2.44246913580247	2.44246913580247	1
6	56480358	56480359	19	3	1.88	2	0	0.88	0	1	0.12	unphased	1.49878787878788	1.49878787878788	1
6	99283510	99283511	66	5	2	1	1	1	NA	NA	NA	unphased	0.782472613458529	0.782472613458529	1
6	119285831	119285832	13	4	2	1	1	1	NA	NA	NA	unphased	2.61437908496732	2.61437908496732	1
6	146350662	146350663	83	8	2	1	1	1	NA	NA	NA	unphased	0.976800976800977	0.976800976800977	1
7	43684909	43684910	25	5	2	1	1	0.36	1	1	0.64	unphased	1.85185185185185	1.85185185185185	1
7	45077907	45077908	33	3	2	1	1	0.36	1	1	0.64	unphased	0.925925925925926	0.925925925925926	1
7	100348275	100348276	22	4	1	1	0	1	NA	NA	NA	unphased	1.55555555555556	1.55555555555556	1
7	113517977	113517978	57	7	1	1	0	1	NA	NA	NA	unphased	1.10590277777778	1.10590277777778	1
7	127255636	127255637	31	7	1	1	0	1	NA	NA	NA	unphased	1.8625730994152	1.8625730994152	1
7	139715598	139715599	54	3	1	1	0	1	NA	NA	NA	unphased	0.532163742690059	0.532163742690059	1
7	148907772	148907773	22	4	1	1	0	1	NA	NA	NA	unphased	1.55555555555556	1.55555555555556	1
7	149575791	149575792	63	7	1	1	0	1	NA	NA	NA	unphased	1.01111111111111	1.01111111111111	1
8	22332541	22332542	10	6	1	1	0	1	NA	NA	NA	unphased	3.79166666666667	3.79166666666667	1
8	38021350	38021351	30	8	2	1	1	1	NA	NA	NA	unphased	2.33918128654971	2.33918128654971	1
8	42294743	42294744	61	6	2	1	1	1	NA	NA	NA	unphased	0.995024875621891	0.995024875621891	1
8	87151729	87151730	50	4	2	1	1	1	NA	NA	NA	unphased	0.823045267489712	0.823045267489712	1
8	101196906	101196907	16	3	2	1	1	1	NA	NA	NA	unphased	1.75438596491228	1.75438596491228	1
8	103317481	103317482	90	12	2	1	1	1	NA	NA	NA	unphased	1.30718954248366	1.30718954248366	1
8	110980330	110980331	23	3	2	1	1	1	NA	NA	NA	unphased	1.28205128205128	1.28205128205128	1
8	125565389	125565390	256	22	2	1	1	1	NA	NA	NA	unphased	0.8792965627498	0.8792965627498	1
9	21971064	21971065	33	6	1	1	0	1	NA	NA	NA	unphased	1.55555555555556	1.55555555555556	1
9	101594200	101594201	17	3	1	1	0	1	NA	NA	NA	unphased	1.51666666666667	1.51666666666667	1
9	109697830	109697831	55	5	1	1	0	1	NA	NA	NA	unphased	0.842592592592593	0.842592592592593	1
9	140139669	140139670	61	6	1	1	0	1	NA	NA	NA	unphased	0.90547263681592	0.90547263681592	1
9	140708953	140708954	69	10	1	1	0	1	NA	NA	NA	unphased	1.27988748241913	1.27988748241913	1
X	7175511	7175512	30	4	NA	NA	NA	NA	NA	NA	NA	unphased	NA	NA	1
X	54224919	54224920	30	4	NA	NA	NA	NA	NA	NA	NA	unphased	NA	NA	1
X	125299312	125299313	32	10	NA	NA	NA	NA	NA	NA	NA	unphased	NA	NA	1
X	128896671	128896672	27	5	NA	NA	NA	NA	NA	NA	NA	unphased	NA	NA	1
X	152860069	152860070	22	4	NA	NA	NA	NA	NA	NA	NA	unphased	NA	NA	1
