chr	pos	ref	alt	gene	classification	t_ref_count	t_alt_count	total_depth	vaf	local_cn	major_cn	minor_cn	mcn	multiplicity	ccf	ccf_capped	is_clonal	purity	ploidy
1	43637724	C	T	EBNA1BP2	Silent	16	29	45	0.6444444444444445	1	1	0	0.8202	1	0.8202	0.8202	False	0.88	2.03
1	161989734	C	T	OLFML2B	Missense_Mutation	53	99	152	0.6513157894736842	4	3	1	2.7829	3	0.9276	0.9276	True	0.88	2.03
1	196881942	A	T	CFHR4	Missense_Mutation	860	184	1044	0.17624521072796934	4	3	1	0.753	1	0.753	0.753	False	0.88	2.03
1	201018205	C	T	CACNA1S	Missense_Mutation	34	40	74	0.5405405405405406	4	3	1	2.3096	2	1.1548	1.0	True	0.88	2.03
1	227843476	A	C	ZNF678	Silent	299	75	374	0.20053475935828877	4	3	1	0.8568	1	0.8568	0.8568	True	0.88	2.03
1	235826147	C	T	LYST	3'UTR	42	10	52	0.19230769230769232	4	3	1	0.8217	1	0.8217	0.8217	False	0.88	2.03
2	27805389	C	T	C2orf16	Nonsense_Mutation	41	44	85	0.5176470588235295	2	1	1	1.1765	1	1.1765	1.0	True	0.88	2.03
2	27805448	T	C	C2orf16	3'UTR	45	35	80	0.4375	2	1	1	0.9943	1	0.9943	0.9943	True	0.88	2.03
2	36982071	C	A	VIT	Missense_Mutation	37	46	83	0.5542168674698795	2	1	1	1.2596	1	1.2596	1.0	True	0.88	2.03
2	60687714	G	A	BCL11A	Missense_Mutation	85	55	140	0.39285714285714285	2	1	1	0.8929	1	0.8929	0.8929	True	0.88	2.03
2	201526345	G	C	AOX1	Missense_Mutation	38	30	68	0.4411764705882353	2	1	1	1.0027	1	1.0027	1.0	True	0.88	2.03
2	220172166	C	A	PTPRN	Nonsense_Mutation	35	16	51	0.3137254901960784	2	1	1	0.713	1	0.713	0.713	False	0.88	2.03
2	239140836	T	G	AC016757.3	5'Flank	44	37	81	0.4567901234567901	2	1	1	1.0382	1	1.0382	1.0	True	0.88	2.03
3	11685118	C	A	VGLL4	5'UTR	15	7	22	0.3181818181818182	2	1	1	0.7231	1	0.7231	0.7231	False	0.88	2.03
3	73114930	A	G	PPP4R2	3'UTR	28	12	40	0.3	2	1	1	0.6818	1	0.6818	0.6818	False	0.88	2.03
3	184573496	T	C	VPS8	Intron	35	14	49	0.2857142857142857	3	2	1	0.9351	1	0.9351	0.9351	True	0.88	2.03
4	17586622	A	T	LAP3	Silent	39	31	70	0.44285714285714284	2	1	1	1.0065	1	1.0065	1.0	True	0.88	2.03
5	11732327	C	T	CTNND2	Missense_Mutation	25	22	47	0.46808510638297873	2	1	1	1.0638	1	1.0638	1.0	True	0.88	2.03
5	77471662	C	A	AP3B1	Missense_Mutation	77	52	129	0.40310077519379844	2	1	1	0.9161	1	0.9161	0.9161	True	0.88	2.03
5	140589015	A	T	PCDHB12	Missense_Mutation	70	55	125	0.44	2	1	1	1.0	1	1.0	1.0	True	0.88	2.03
5	141318088	C	T	KIAA0141	Missense_Mutation	32	23	55	0.41818181818181815	2	1	1	0.9504	1	0.9504	0.9504	True	0.88	2.03
7	20683148	A	G	ABCB5	Missense_Mutation	71	45	116	0.3879310344827586	2	1	1	0.8817	1	0.8817	0.8817	True	0.88	2.03
8	145668159	A	G	TONSL	Missense_Mutation	71	32	103	0.3106796116504854	4	3	1	1.3274	1	1.3274	1.0	True	0.88	2.03
9	19409004	G	A	ACER2	5'Flank	4	15	19	0.7894736842105263	1	1	0	1.0048	1	1.0048	1.0	True	0.88	2.03
9	86451752	T	C	KIF27	3'UTR	37	15	52	0.28846153846153844	2	1	1	0.6556	1	0.6556	0.6556	False	0.88	2.03
9	95481421	C	T	BICD2	Silent	21	21	42	0.5	2	1	1	1.1364	1	1.1364	1.0	True	0.88	2.03
10	50950948	C	A	OGDHL	Missense_Mutation	32	18	50	0.36	2	1	1	0.8182	1	0.8182	0.8182	False	0.88	2.03
11	9522758	G	A	ZNF143	Missense_Mutation	52	52	104	0.5	2	1	1	1.1364	1	1.1364	1.0	True	0.88	2.03
11	31312362	C	T	DCDC1	Missense_Mutation	106	78	184	0.42391304347826086	2	1	1	0.9634	1	0.9634	0.9634	True	0.88	2.03
11	61017209	C	G	PGA5	Missense_Mutation	97	59	156	0.3782051282051282	2	1	1	0.8596	1	0.8596	0.8596	True	0.88	2.03
11	123600489	C	T	ZNF202	Silent	40	8	48	0.16666666666666666	2	1	1	0.3788	1	0.3788	0.3788	False	0.88	2.03
11	125769758	A	G	HYLS1	Silent	53	41	94	0.43617021276595747	2	1	1	0.9913	1	0.9913	0.9913	True	0.88	2.03
12	109614034	A	T	ACACB	Missense_Mutation	87	49	136	0.3602941176470588	2	1	1	0.8189	1	0.8189	0.8189	False	0.88	2.03
13	100861682	G	T	PCCA	Missense_Mutation	61	41	102	0.4019607843137255	2	1	1	0.9135	1	0.9135	0.9135	True	0.88	2.03
14	20852626	T	C	TEP1	Missense_Mutation	34	22	56	0.39285714285714285	2	1	1	0.8929	1	0.8929	0.8929	True	0.88	2.03
14	21561409	G	A	ZNF219	Missense_Mutation	7	9	16	0.5625	2	1	1	1.2784	1	1.2784	1.0	True	0.88	2.03
14	32562464	G	A	ARHGAP5	Missense_Mutation	88	67	155	0.432258064516129	2	1	1	0.9824	1	0.9824	0.9824	True	0.88	2.03
14	89202828	A	G	EML5	Missense_Mutation	104	79	183	0.43169398907103823	2	1	1	0.9811	1	0.9811	0.9811	True	0.88	2.03
15	34021159	A	G	RYR3	Missense_Mutation	47	9	56	0.16071428571428573	2	1	1	0.3653	1	0.3653	0.3653	False	0.88	2.03
15	79750565	A	G	KIAA1024	Silent	60	20	80	0.25	2	1	1	0.5682	1	0.5682	0.5682	False	0.88	2.03
16	396740	G	A	AXIN1	Nonsense_Mutation	7	19	26	0.7307692307692307	1	1	0	0.9301	1	0.9301	0.9301	True	0.88	2.03
17	39777023	G	A	KRT17	Missense_Mutation	73	50	123	0.4065040650406504	2	1	1	0.9239	1	0.9239	0.9239	True	0.88	2.03
17	71390374	G	T	SDK2	Missense_Mutation	32	21	53	0.39622641509433965	2	1	1	0.9005	1	0.9005	0.9005	True	0.88	2.03
17	79257223	G	A	SLC38A10	Silent	56	14	70	0.2	2	1	1	0.4545	1	0.4545	0.4545	False	0.88	2.03
18	58039334	G	T	MC4R	Silent	60	5	65	0.07692307692307693	2	1	1	0.1748	1	0.1748	0.1748	False	0.88	2.03
18	70209069	G	A	CBLN2	Silent	22	9	31	0.2903225806451613	2	1	1	0.6598	1	0.6598	0.6598	False	0.88	2.03
18	74817196	G	A	MBP	Nonsense_Mutation	50	29	79	0.3670886075949367	2	1	1	0.8343	1	0.8343	0.8343	False	0.88	2.03
19	15538111	T	C	WIZ	Missense_Mutation	40	32	72	0.4444444444444444	2	1	1	1.0101	1	1.0101	1.0	True	0.88	2.03
19	22574280	G	T	ZNF98	3'UTR	169	84	253	0.33201581027667987	2	1	1	0.7546	1	0.7546	0.7546	False	0.88	2.03
19	30054814	G	C	VSTM2B	Missense_Mutation	47	22	69	0.3188405797101449	2	1	1	0.7246	1	0.7246	0.7246	False	0.88	2.03
19	36351887	G	A	KIRREL2	Nonsense_Mutation	27	29	56	0.5178571428571429	2	1	1	1.1769	1	1.1769	1.0	True	0.88	2.03
19	49143044	C	T	CA11	Splice_Site	58	41	99	0.41414141414141414	2	1	1	0.9412	1	0.9412	0.9412	True	0.88	2.03
19	55604010	A	G	PPP1R12C	Silent	113	96	209	0.45933014354066987	2	1	1	1.0439	1	1.0439	1.0	True	0.88	2.03
19	58639289	G	T	ZNF329	Silent	73	37	110	0.33636363636363636	2	1	1	0.7645	1	0.7645	0.7645	False	0.88	2.03
20	31767467	G	T	BPIFA2	Missense_Mutation	37	23	60	0.38333333333333336	2	1	1	0.8712	1	0.8712	0.8712	True	0.88	2.03
20	32255993	C	T	ACTL10	Silent	39	34	73	0.4657534246575342	2	1	1	1.0585	1	1.0585	1.0	True	0.88	2.03
20	32664877	C	T	RALY	Silent	97	5	102	0.049019607843137254	2	1	1	0.1114	1	0.1114	0.1114	False	0.88	2.03
22	22842492	C	A	ZNF280B	Missense_Mutation	87	70	157	0.445859872611465	2	1	1	1.0133	1	1.0133	1.0	True	0.88	2.03
22	42091473	G	A	C22orf46	3'UTR	126	72	198	0.36363636363636365	2	1	1	0.8264	1	0.8264	0.8264	False	0.88	2.03
22	44536018	G	A	PARVB	Missense_Mutation	67	55	122	0.45081967213114754	2	1	1	1.0246	1	1.0246	1.0	True	0.88	2.03
X	23020135	A	T	DDX53	3'UTR	25	196	221	0.8868778280542986	2	1	1	2.0156	1	2.0156	1.0	True	0.88	2.03
X	148627336	C	T	CXorf40A	Missense_Mutation	34	195	229	0.851528384279476	2	1	1	1.9353	1	1.9353	1.0	True	0.88	2.03
X	149101933	G	A	CXorf40B	Missense_Mutation	306	45	351	0.1282051282051282	2	1	1	0.2914	1	0.2914	0.2914	False	0.88	2.03
