chr	start	end	WT.count	mut.count	subclonal.CN	nMaj1	nMin1	frac1	nMaj2	nMin2	frac2	phase	mutation.copy.number	subclonal.fraction	no.chrs.bearing.mut
1	34102109	34102110	51	4	5	5	0	1	NA	NA	NA	unphased	0.43527815468114	0.43527815468114	1
1	34663021	34663022	5	17	5	5	0	1	NA	NA	NA	unphased	4.62483039348711	0.924966078697422	5
1	86921220	86921221	5	6	4	4	0	1	NA	NA	NA	unphased	2.719131614654	0.906377204884667	3
1	111890376	111890377	14	46	4	4	0	1	NA	NA	NA	unphased	3.82189054726368	0.95547263681592	4
1	117127429	117127430	45	4	4	4	0	1	NA	NA	NA	unphased	0.406944867499238	0.406944867499238	1
1	150432635	150432636	24	53	7.32	6	3	0.79	1	0	0.21	unphased	5.71647993797248	0.98730223453756	5.79
1	152276876	152276877	466	155	7.32	6	3	0.79	1	0	0.21	unphased	2.07292522892782	1.15805878711052	1.79
1	152648878	152648879	37	17	7.32	6	3	0.79	1	0	0.21	unphased	2.61456053067993	1.01339555452711	2.58
1	156347123	156347124	113	128	7.32	6	3	0.79	1	0	0.21	unphased	4.41099399269214	1.00938077635976	4.37
1	157491041	157491042	59	4	7.32	6	3	0.79	1	0	0.21	unphased	0.527306325515281	0.527306325515281	1
1	157767583	157767584	10	16	7.32	6	3	0.79	1	0	0.21	unphased	5.11081515499426	0.990468053293461	5.16
1	158815390	158815391	40	8	7.32	6	3	0.79	1	0	0.21	unphased	1.38417910447761	1.38417910447761	1
1	160784473	160784474	55	6	7.32	6	3	0.79	1	0	0.21	unphased	0.816892586249082	0.816892586249082	1
1	165638240	165638241	110	35	7.32	6	3	0.79	1	0	0.21	unphased	2.00467318579516	1.11992915407551	1.79
1	169349837	169349838	135	5	7.32	6	3	0.79	1	0	0.21	unphased	0.296609808102345	0.296609808102345	1
1	200801969	200801970	82	39	9	6	3	1	NA	NA	NA	unphased	3.21832983841125	1.07277661280375	3
1	201777623	201777624	69	5	9	6	3	1	NA	NA	NA	unphased	0.674667204517951	0.674667204517951	1
1	202126874	202126875	142	42	9	6	3	1	NA	NA	NA	unphased	2.27920181700195	1.13960090850097	2
1	204587363	204587364	94	13	7	6	6	0.5	1	1	0.5	unphased	0.970149253731343	0.970149253731343	1
1	241031946	241031947	72	34	7.64	6	3	0.83	1	0	0.17	unphased	2.76653337088144	0.977573629286728	2.83
1	248402550	248402551	78	10	NA	NA	NA	NA	NA	NA	NA	unphased	NA	NA	1
10	93990	93991	41	7	NA	NA	NA	NA	NA	NA	NA	unphased	NA	NA	1
10	27537837	27537838	60	16	4	3	1	1	NA	NA	NA	unphased	1.04948939512961	1.04948939512961	1
10	33495256	33495257	45	6	7	5	2	1	NA	NA	NA	unphased	0.939420544337138	0.939420544337138	1
10	37506674	37506675	20	7	1.9	3	1	0.3	1	0	0.7	unphased	0.747982310668878	0.747982310668878	1
10	42831745	42831746	3	7	1.9	3	1	0.3	1	0	0.7	unphased	2.01955223880597	0.878066190785204	2.3
10	56106237	56106238	15	55	3	3	0	1	NA	NA	NA	unphased	3.13113006396588	1.04371002132196	3
10	71021012	71021013	13	15	3	3	0	1	NA	NA	NA	unphased	2.13486140724947	1.06743070362473	2
10	96269921	96269922	16	34	3	3	0	1	NA	NA	NA	unphased	2.70985074626866	0.903283582089552	3
10	96269922	96269923	16	34	3	3	0	1	NA	NA	NA	unphased	2.70985074626866	0.903283582089552	3
10	118321014	118321015	15	31	3	3	0	1	NA	NA	NA	unphased	2.68559377027904	0.895197923426346	3
10	120450866	120450867	95	28	3	3	0	1	NA	NA	NA	unphased	0.907171459774299	0.907171459774299	1
11	6472597	6472598	90	19	5	4	1	1	NA	NA	NA	unphased	1.04326988908668	1.04326988908668	1
11	17190372	17190373	91	14	5	4	1	1	NA	NA	NA	unphased	0.798009950248756	0.798009950248756	1
11	22294469	22294470	157	27	5	4	1	1	NA	NA	NA	unphased	0.87824464633355	0.87824464633355	1
11	36516573	36516574	84	9	5	4	1	1	NA	NA	NA	unphased	0.579200770341839	0.579200770341839	1
11	51515800	51515801	112	11	4	3	1	1	NA	NA	NA	unphased	0.445819682077418	0.445819682077418	1
11	57958845	57958846	47	10	4	3	1	1	NA	NA	NA	unphased	0.874574495941346	0.874574495941346	1
11	59271519	59271520	86	23	3	3	0	1	NA	NA	NA	unphased	0.840887306586334	0.840887306586334	1
11	85435103	85435104	183	16	7	7	0	1	NA	NA	NA	unphased	0.64201605040126	0.64201605040126	1
11	94602507	94602508	9	9	2	2	0	1	NA	NA	NA	unphased	1.49253731343284	1.49253731343284	1
11	99715930	99715931	31	55	2	2	0	1	NA	NA	NA	unphased	1.90905935439084	0.954529677195418	2
11	132527023	132527024	14	35	2	2	0	1	NA	NA	NA	unphased	2.13219616204691	1.06609808102345	2
12	4627240	4627241	35	27	6	3	3	1	NA	NA	NA	unphased	3.04188733750602	1.01396244583534	3
12	9001427	9001428	157	126	6	3	3	1	NA	NA	NA	unphased	3.10996255471758	1.03665418490586	3
12	41966510	41966511	91	10	3.12	3	2	0.53	1	0	0.47	unphased	0.406443032362938	0.766873645967807	0.53
12	56553497	56553498	68	25	2.2	4	2	0.24	1	0	0.76	unphased	0.85620285668432	0.85620285668432	1
12	64587769	64587770	201	21	9	7	2	1	NA	NA	NA	unphased	0.944534086325131	0.944534086325131	1
12	76449929	76449930	21	5	7	5	2	1	NA	NA	NA	unphased	1.53559127439724	1.53559127439724	1
12	81110982	81110983	16	5	5	3	2	1	NA	NA	NA	unphased	1.42501776830135	1.42501776830135	1
12	81536954	81536955	61	9	5	3	2	1	NA	NA	NA	unphased	0.769509594882729	0.769509594882729	1
12	110930969	110930970	36	7	5	3	2	1	NA	NA	NA	unphased	0.974314474140923	0.974314474140923	1
12	122439495	122439496	74	30	2.57	3	2	0.19	1	1	0.81	unphased	1.02550229621125	1.02550229621125	1
12	124220120	124220121	93	34	2.57	3	2	0.19	1	1	0.81	unphased	0.951752262310495	0.951752262310495	1
12	126068452	126068453	192	89	2.57	3	2	0.19	1	1	0.81	unphased	1.12598449035959	1.12598449035959	1
12	133291504	133291505	86	4	NA	NA	NA	NA	NA	NA	NA	unphased	NA	NA	1
13	29600555	29600556	61	40	7	4	3	1	NA	NA	NA	unphased	3.16240579281809	1.0541352642727	3
13	60453415	60453416	58	31	7	4	3	1	NA	NA	NA	unphased	2.78131812845883	0.92710604281961	3
13	107822960	107822961	43	7	4	4	0	1	NA	NA	NA	unphased	0.697910447761194	0.697910447761194	1
14	70990126	70990127	18	105	1.96	5	0	0.24	1	0	0.76	unphased	2.51408809610484	1.01374520004227	2.48
14	94088298	94088299	49	63	5	4	1	1	NA	NA	NA	unphased	3.36660447761194	1.12220149253731	3
14	106829702	106829703	76	79	NA	NA	NA	NA	NA	NA	NA	unphased	NA	NA	1
15	23445340	23445341	23	4	NA	NA	NA	NA	NA	NA	NA	unphased	NA	NA	1
15	41245819	41245820	12	49	3.84	5	0	0.71	1	0	0.29	unphased	3.87587961830193	1.00934365059946	3.84
15	93007678	93007679	4	14	5	5	0	1	NA	NA	NA	unphased	4.65505804311774	0.931011608623549	5
15	101427913	101427914	45	16	3.5	4	2	0.5	1	0	0.5	unphased	1.1764130168828	1.1764130168828	1
16	3107372	3107373	123	7	6	4	2	1	NA	NA	NA	unphased	0.376119402985075	0.376119402985075	1
16	22142524	22142525	30	9	6	4	2	1	NA	NA	NA	unphased	1.61194029850746	1.61194029850746	1
16	22926931	22926932	42	15	6	4	2	1	NA	NA	NA	unphased	1.8381775333857	0.919088766692852	2
16	29675035	29675036	230	28	6	4	2	1	NA	NA	NA	unphased	0.758070114543561	0.758070114543561	1
16	57597068	57597069	106	76	4.4	4	3	0.48	1	1	0.52	unphased	2.2487124815483	0.921603476044386	2.44
16	67219043	67219044	80	6	6	3	3	1	NA	NA	NA	unphased	0.487330787920861	0.487330787920861	1
16	68847248	68847249	160	7	6	3	3	1	NA	NA	NA	unphased	0.292787559209938	0.292787559209938	1
17	2227482	2227483	137	43	4	4	0	1	NA	NA	NA	unphased	1.19087893864013	1.19087893864013	1
17	16722607	16722608	56	6	4	4	0	1	NA	NA	NA	unphased	0.482426576793452	0.482426576793452	1
17	26942109	26942110	353	200	3.46	4	3	0.41	1	0	0.59	unphased	1.6076219265337	0.883308750842691	1.82
17	27207542	27207543	53	51	3.46	4	3	0.41	1	0	0.59	unphased	2.17979621125144	0.97748709024728	2.23
17	27208937	27208938	61	30	3.46	4	3	0.41	1	0	0.59	unphased	1.46540921764802	1.03929731748087	1.41
17	34236344	34236345	81	11	3.46	4	3	0.41	1	0	0.59	unphased	0.531476314081765	1.29628369288235	0.41
17	39038872	39038873	91	52	3.46	4	3	0.41	1	0	0.59	unphased	1.6163907734057	0.88812679857456	1.82
17	48183260	48183261	29	12	3.46	4	3	0.41	1	0	0.59	unphased	1.30099745176556	1.30099745176556	1
17	57297937	57297938	96	82	8	5	3	1	NA	NA	NA	unphased	4.13919168203924	1.03479792050981	4
17	61841435	61841436	65	40	8	5	3	1	NA	NA	NA	unphased	3.4228855721393	1.14096185737977	3
17	61972815	61972816	67	76	8	5	3	1	NA	NA	NA	unphased	4.77528441707546	0.955056883415092	5
17	72739303	72739304	207	26	8	5	3	1	NA	NA	NA	unphased	1.00262635321248	1.00262635321248	1
18	3188902	3188903	111	43	6	4	2	1	NA	NA	NA	unphased	1.95037798022873	0.975188990114363	2
18	29056035	29056036	90	15	5	4	1	1	NA	NA	NA	unphased	0.85501066098081	0.85501066098081	1
18	70209095	70209096	8	11	3.12	4	2	0.28	1	1	0.72	unphased	2.37662215239592	1.04237813701575	2.28
19	9059279	9059280	161	9	8	4	4	1	NA	NA	NA	unphased	0.4756804214223	0.4756804214223	1
19	9960290	9960291	50	20	8	4	4	1	NA	NA	NA	unphased	2.56716417910448	0.855721393034826	3
19	10602766	10602767	66	267	11	7	4	1	NA	NA	NA	unphased	9.60965443054995	1.37280777579285	7
19	10794146	10794147	144	12	11	7	4	1	0	1	0	unphased	0.921928817451205	0.921928817451205	1
19	11558568	11558569	19	9	11	7	4	1	0	1	0	unphased	3.85234541577825	0.963086353944563	4
19	17688864	17688865	101	10	11	7	4	1	NA	NA	NA	unphased	1.07973645287078	1.07973645287078	1
19	22018902	22018903	78	7	4.04	3	3	0.51	1	1	0.49	unphased	0.413829675153644	0.81143073559538	0.51
19	42864962	42864963	7	5	2.84	4	4	0.14	1	1	0.86	unphased	1.59378109452736	1.59378109452736	1
19	49183517	49183518	26	14	2.84	4	4	0.14	1	1	0.86	unphased	1.33877611940299	1.33877611940299	1
19	52825049	52825050	89	8	2.84	4	4	0.14	1	1	0.86	unphased	0.315470072318818	0.315470072318818	1
19	53571700	53571701	164	15	2.84	4	4	0.14	1	1	0.86	unphased	0.320536979904945	0.320536979904945	1
19	55526234	55526235	67	35	2.84	4	4	0.14	1	1	0.86	unphased	1.31252560725783	1.02541063067018	1.28
19	56113496	56113497	92	75	2.84	4	4	0.14	1	1	0.86	unphased	1.71784788631692	0.802732657157438	2.14
19	56696639	56696640	61	16	2.84	4	4	0.14	1	1	0.86	unphased	0.794820701686373	0.794820701686373	1
19	57335784	57335785	71	50	2.84	4	4	0.14	1	1	0.86	unphased	1.58060934994449	1.11310517601725	1.42
19	57910308	57910309	84	5	2.84	4	4	0.14	1	1	0.86	unphased	0.214891832969982	1.5349416640713	0.14
2	44539828	44539829	39	53	7.09	6	2	0.87	0	1	0.13	unphased	4.65194516547696	1.00909873437678	4.61
2	56420576	56420577	48	3	11	7	4	1	0	1	0	unphased	0.705004389815628	0.705004389815628	1
2	64863741	64863742	91	23	11	7	4	1	0	1	0	unphased	2.41804137208693	0.806013790695644	3
2	65480901	65480902	373	49	11	7	4	1	0	1	0	unphased	1.3916318879536	0.695815943976798	2
2	65480952	65480953	197	19	11	7	4	1	0	1	0	unphased	1.05424267551133	1.05424267551133	1
2	65480984	65480985	136	7	11	7	4	1	0	1	0	unphased	0.586681974741676	0.586681974741676	1
2	66670099	66670100	433	29	11	7	4	1	0	1	0	unphased	0.752309879175551	0.752309879175551	1
2	73518875	73518876	30	36	11	7	4	1	0	1	0	unphased	6.53731343283582	0.933901918976546	7
2	86831478	86831479	188	127	8	5	3	1	NA	NA	NA	unphased	3.62255389718076	0.905638474295191	4
2	116497355	116497356	85	10	6	3	3	1	NA	NA	NA	unphased	0.735271013354281	0.735271013354281	1
2	163134032	163134033	12	10	7	4	3	1	NA	NA	NA	unphased	3.62957937584803	0.907394843962008	4
2	167322423	167322424	19	9	7	4	3	1	NA	NA	NA	unphased	2.56663113006397	0.855543710021322	3
2	179401756	179401757	31	23	2.96	4	4	0.16	1	1	0.84	unphased	1.68030956329464	1.1353442995234	1.48
2	179433981	179433982	158	128	2.96	4	4	0.16	1	1	0.84	unphased	1.76562780503079	0.817420280106847	2.16
2	180311379	180311380	70	52	2.96	4	4	0.16	1	1	0.84	unphased	1.68150721800832	1.1361535256813	1.48
2	197008349	197008350	109	15	2.96	4	4	0.16	1	1	0.84	unphased	0.477226769378912	0.477226769378912	1
2	205986321	205986322	198	24	1.56	4	4	0.08	0	1	0.92	unphased	0.275143202904397	0.275143202904397	1
2	220412388	220412389	10	55	4	4	0	1	NA	NA	NA	unphased	4.21814006888634	1.05453501722158	4
2	223917643	223917644	17	69	4	4	0	1	NA	NA	NA	unphased	3.9996528982992	0.9999132245748	4
2	242793181	242793182	3	25	NA	NA	NA	NA	NA	NA	NA	unphased	NA	NA	1
20	19662596	19662597	46	45	3.05	4	3	0.21	1	1	0.79	unphased	1.99536657372478	0.902880802590399	2.21
20	29633897	29633898	84	16	3.05	4	3	0.21	1	1	0.79	unphased	0.645611940298507	0.645611940298507	1
20	48456126	48456127	63	8	2.05	4	2	0.21	1	0	0.79	unphased	0.341980239646836	1.6284773316516	0.21
21	11039126	11039127	286	12	NA	NA	NA	NA	NA	NA	NA	unphased	NA	NA	1
21	22790888	22790889	83	22	5	4	1	1	NA	NA	NA	unphased	1.25401563610519	1.25401563610519	1
21	34635259	34635260	42	71	5	4	1	1	NA	NA	NA	unphased	3.76053361511029	0.940133403777572	4
21	37692591	37692592	8	4	5	4	1	1	NA	NA	NA	unphased	1.99502487562189	1.99502487562189	1
21	41719698	41719699	236	41	1.72	4	1	0.18	1	0	0.82	unphased	0.400390107225605	0.400390107225605	1
21	45110186	45110187	22	19	5	4	1	1	NA	NA	NA	unphased	2.77357116854751	0.924523722849169	3
22	43986006	43986007	102	41	1.8	4	2	0.16	1	0	0.84	unphased	0.798517900010437	0.798517900010437	1
22	50664558	50664559	261	28	NA	NA	NA	NA	NA	NA	NA	unphased	NA	NA	1
22	50688069	50688070	27	28	NA	NA	NA	NA	NA	NA	NA	unphased	NA	NA	1
3	1414583	1414584	60	10	NA	NA	NA	NA	NA	NA	NA	unphased	NA	NA	1
3	113627871	113627872	92	13	8	6	2	1	NA	NA	NA	unphased	1.11243781094527	1.11243781094527	1
3	147113824	147113825	94	171	8	6	2	1	NA	NA	NA	unphased	5.79791607997747	0.966319346662912	6
3	155611418	155611419	111	10	9	7	2	1	0	1	0	unphased	0.825212779079808	0.825212779079808	1
3	158289179	158289180	72	5	9	7	2	1	0	1	0	unphased	0.648381469276992	0.648381469276992	1
3	164772984	164772985	256	11	9	7	2	1	0	1	0	unphased	0.411370115713567	0.411370115713567	1
3	182597410	182597411	426	27	14	7	7	1	NA	NA	NA	unphased	0.89315014332312	0.89315014332312	1
3	186256483	186256484	276	22	9	7	2	1	0	1	0	unphased	0.737153160372634	0.737153160372634	1
4	22440013	22440014	11	22	3	3	0	1	NA	NA	NA	unphased	2.65671641791045	0.885572139303482	3
4	70707778	70707779	10	29	4	4	0	1	NA	NA	NA	unphased	3.70685036356678	0.926712590891695	4
4	71555130	71555131	10	34	4	4	0	1	NA	NA	NA	unphased	3.85210312075984	0.963025780189959	4
4	73979548	73979549	27	100	4	4	0	1	NA	NA	NA	unphased	3.92525561170525	0.981313902926313	4
4	100470453	100470454	14	78	4	4	0	1	NA	NA	NA	unphased	4.22647631408176	1.05661907852044	4
4	118005460	118005461	108	17	4	4	0	1	NA	NA	NA	unphased	0.677970149253731	0.677970149253731	1
4	120422407	120422408	21	3	4	4	0	1	NA	NA	NA	unphased	0.623134328358209	0.623134328358209	1
4	128807753	128807754	8	27	4	4	0	1	NA	NA	NA	unphased	3.8456289978678	0.961407249466951	4
4	149356517	149356518	96	8	4	4	0	1	NA	NA	NA	unphased	0.383467278989667	0.383467278989667	1
4	166254724	166254725	8	25	4	4	0	1	NA	NA	NA	unphased	3.77657168701945	0.944142921754862	4
5	639256	639257	32	32	NA	NA	NA	NA	NA	NA	NA	unphased	NA	NA	1
5	639257	639258	31	32	NA	NA	NA	NA	NA	NA	NA	unphased	NA	NA	1
5	7869300	7869301	108	47	7	4	3	1	NA	NA	NA	unphased	2.42128069330766	0.807093564435885	3
5	16935979	16935980	6	6	7	4	3	1	NA	NA	NA	unphased	3.99253731343284	0.998134328358209	4
5	23526766	23526767	126	25	3.2	4	3	0.24	1	1	0.76	unphased	0.692893150143323	0.692893150143323	1
5	24593545	24593546	85	43	3.2	4	3	0.24	1	1	0.76	unphased	1.40592350746269	0.949948315853167	1.48
5	49699262	49699263	45	9	NA	NA	NA	NA	NA	NA	NA	unphased	NA	NA	1
5	54941615	54941616	14	4	4	4	0	1	NA	NA	NA	unphased	1.1077943615257	1.1077943615257	1
5	67588926	67588927	15	30	4	4	0	1	NA	NA	NA	unphased	3.32338308457711	1.1077943615257	3
5	131309006	131309007	98	18	1.2	4	2	0.04	0	1	0.96	unphased	0.339063304168811	0.339063304168811	1
5	131411467	131411468	102	44	1.2	4	2	0.04	0	1	0.96	unphased	0.658515640973216	0.658515640973216	1
5	140202502	140202503	152	21	1.2	4	2	0.04	0	1	0.96	unphased	0.265240272625313	0.265240272625313	1
5	140589931	140589932	157	48	1.2	4	2	0.04	0	1	0.96	unphased	0.511627229705133	0.511627229705133	1
5	140740645	140740646	12	5	1.2	4	2	0.04	0	1	0.96	unphased	0.642669007901668	0.642669007901668	1
5	141243703	141243704	52	15	1.2	4	2	0.04	0	1	0.96	unphased	0.489195811984852	0.489195811984852	1
5	143587043	143587044	134	34	1.2	4	2	0.04	0	1	0.96	unphased	0.442217484008529	0.442217484008529	1
5	179192603	179192604	41	37	4.36	3	3	0.59	1	1	0.41	unphased	2.53548411787218	0.978951396861845	2.59
6	345869	345870	53	7	NA	NA	NA	NA	NA	NA	NA	unphased	NA	NA	1
6	31827439	31827440	2	20	4	4	0	1	NA	NA	NA	unphased	4.53188602442334	1.13297150610583	4
6	34507025	34507026	30	105	4	4	0	1	NA	NA	NA	unphased	3.87728026533997	0.969320066334992	4
6	56480812	56480813	54	85	3.02	4	1	0.34	1	1	0.66	unphased	2.44914635455814	1.04664374126416	2.34
6	99323538	99323539	76	5	2.62	4	0	0.31	1	1	0.69	unphased	0.222535470794177	0.717856357400572	0.31
6	107390747	107390748	38	5	2.62	4	0	0.31	1	1	0.69	unphased	0.419194724054148	1.35224104533596	0.31
6	129959666	129959667	97	4	2.44	4	0	0.22	1	1	0.78	unphased	0.135646519875868	0.616575090344855	0.22
6	165711529	165711530	14	42	2.57	3	0	0.57	1	1	0.43	unphased	2.66630597014925	1.0374731401359	2.57
7	909004	909005	291	29	9	5	4	1	NA	NA	NA	unphased	0.904897388059701	0.904897388059701	1
7	4780604	4780605	55	34	9	5	4	1	NA	NA	NA	unphased	3.81452289116217	0.953630722790542	4
7	15652206	15652207	69	62	9	5	4	1	NA	NA	NA	unphased	4.72576051042497	0.945152102084995	5
7	38475917	38475918	57	9	7.04	5	4	0.72	1	1	0.28	unphased	1.09432835820896	1.09432835820896	1
7	39503820	39503821	201	162	7.04	5	4	0.72	1	1	0.28	unphased	3.58143826322931	0.962752221298201	3.72
7	40039064	40039065	133	47	7.04	5	4	0.72	1	1	0.28	unphased	2.09543615257048	0.858785308430525	2.44
7	63721219	63721220	37	42	11	7	4	1	0	1	0	unphased	6.37181182694124	1.06196863782354	6
7	86493725	86493726	35	20	7	4	3	1	NA	NA	NA	unphased	2.90366350067843	0.967887833559475	3
7	126883338	126883339	18	8	7	4	3	1	NA	NA	NA	unphased	2.45694603903559	0.818982013011864	3
7	133933809	133933810	90	65	7	4	3	1	NA	NA	NA	unphased	3.34857968223399	1.11619322741133	3
7	139168194	139168195	16	7	7	4	3	1	NA	NA	NA	unphased	2.43024010382868	0.810080034609561	3
7	142334689	142334690	75	32	7	4	3	1	NA	NA	NA	unphased	2.38805970149254	1.19402985074627	2
8	25899690	25899691	9	38	4	4	0	1	NA	NA	NA	unphased	4.03048586852969	1.00762146713242	4
8	35453076	35453077	19	62	4	4	0	1	NA	NA	NA	unphased	3.81573613414409	0.953934033536023	4
8	41583386	41583387	10	22	6	4	2	1	NA	NA	NA	unphased	4.80223880597015	1.20055970149254	4
8	59727952	59727953	55	22	4	4	0	1	NA	NA	NA	unphased	1.42430703624733	0.712153518123667	2
8	85441619	85441620	10	6	6	4	2	1	NA	NA	NA	unphased	2.61940298507463	0.873134328358209	3
8	106801067	106801068	35	81	11	7	4	1	0	1	0	unphased	8.36888831703551	1.19555547386222	7
8	125107240	125107241	54	14	1.06	4	3	0.01	0	1	0.99	unphased	0.421044776119403	0.421044776119403	1
8	136554940	136554941	74	11	1.9	4	2	0.18	1	0	0.82	unphased	0.373362598770852	0.373362598770852	1
9	21974759	21974760	6	9	3	3	0	1	NA	NA	NA	unphased	2.3910447761194	1.1955223880597	2
9	23701397	23701398	133	34	3	3	0	1	NA	NA	NA	unphased	0.811332558763071	0.811332558763071	1
9	33265139	33265140	96	36	3	3	0	1	NA	NA	NA	unphased	1.08683853459973	1.08683853459973	1
9	100881443	100881444	41	6	6	4	2	1	NA	NA	NA	unphased	0.89171165449349	0.89171165449349	1
9	122001019	122001020	24	24	6	4	2	1	NA	NA	NA	unphased	3.49253731343284	0.873134328358209	4
9	130742295	130742296	84	38	6	4	2	1	NA	NA	NA	unphased	2.17567898213849	1.08783949106924	2
9	137630638	137630639	65	26	1.7	4	2	0.14	1	0	0.86	unphased	0.767164179104478	0.767164179104478	1
9	138642020	138642021	35	8	1.7	4	2	0.14	1	0	0.86	unphased	0.499548767788962	0.499548767788962	1
X	75395352	75395353	47	6	NA	NA	NA	NA	NA	NA	NA	unphased	NA	NA	1
X	82763949	82763950	40	12	NA	NA	NA	NA	NA	NA	NA	unphased	NA	NA	1
X	86872991	86872992	40	6	NA	NA	NA	NA	NA	NA	NA	unphased	NA	NA	1
X	99919806	99919807	13	5	NA	NA	NA	NA	NA	NA	NA	unphased	NA	NA	1
Y	24050225	24050226	11	12	NA	NA	NA	NA	NA	NA	NA	unphased	NA	NA	1
