chr	start	end	WT.count	mut.count	subclonal.CN	nMaj1	nMin1	frac1	nMaj2	nMin2	frac2	phase	mutation.copy.number	subclonal.fraction	no.chrs.bearing.mut
1	3542011	3542012	18	4	1.08	1	1	0.08	0	1	0.92	unphased	0.741818181818182	0.741818181818182	1
1	11270887	11270888	100	25	1.08	1	1	0.08	0	1	0.92	unphased	0.816	0.816	1
1	12919587	12919588	416	103	1.08	1	1	0.08	0	1	0.92	unphased	0.80971098265896	0.80971098265896	1
1	17723577	17723578	45	6	1.08	1	1	0.08	0	1	0.92	unphased	0.48	0.48	1
1	17723625	17723626	49	13	1.08	1	1	0.08	0	1	0.92	unphased	0.855483870967742	0.855483870967742	1
1	17983153	17983154	109	20	1.08	1	1	0.08	0	1	0.92	unphased	0.632558139534884	0.632558139534884	1
1	19444380	19444381	119	31	1.08	1	1	0.08	0	1	0.92	unphased	0.8432	0.8432	1
1	21902328	21902329	329	72	1.08	1	1	0.08	0	1	0.92	unphased	0.732568578553616	0.732568578553616	1
1	33992843	33992844	108	19	1.08	1	1	0.08	0	1	0.92	unphased	0.610393700787402	0.610393700787402	1
1	34663244	34663245	101	22	1.08	1	1	0.08	0	1	0.92	unphased	0.729756097560976	0.729756097560976	1
1	46081053	46081054	125	24	1.08	1	1	0.08	0	1	0.92	unphased	0.657181208053691	0.657181208053691	1
1	46159006	46159007	631	135	1.08	1	1	0.08	0	1	0.92	unphased	0.719060052219321	0.719060052219321	1
1	46978110	46978111	150	20	1.08	1	1	0.08	0	1	0.92	unphased	0.48	0.48	1
1	46978111	46978112	150	20	1.08	1	1	0.08	0	1	0.92	unphased	0.48	0.48	1
1	75065533	75065534	73	14	2.94	2	1	0.97	0	1	0.03	unphased	0.955862068965517	0.955862068965517	1
1	95360465	95360466	54	6	2.94	2	1	0.97	0	1	0.03	unphased	0.594	0.594	1
1	100533602	100533603	205	27	2.94	2	1	0.97	0	1	0.03	unphased	0.691293103448276	0.712673302523996	0.97
1	100964528	100964529	102	6	2.94	2	1	0.97	0	1	0.03	unphased	0.33	0.33	1
1	110293310	110293311	81	29	2.94	2	1	0.97	0	1	0.03	unphased	1.566	0.807216494845361	1.94
1	110882448	110882449	63	22	2.94	2	1	0.97	0	1	0.03	unphased	1.53741176470588	0.792480291085507	1.94
1	115256529	115256530	160	76	2.94	2	1	0.97	0	1	0.03	unphased	1.9128813559322	0.986021317490826	1.94
1	117561103	117561104	118	57	2.94	2	1	0.97	0	1	0.03	unphased	1.93474285714286	0.997290132547865	1.94
1	150601932	150601933	187	25	2.94	2	1	0.97	0	1	0.03	unphased	0.700471698113208	0.722135771250729	0.97
1	152284187	152284188	1009	504	2.94	2	1	0.97	0	1	0.03	unphased	1.97869134170522	1.00441184858133	1.97
1	158517139	158517140	222	22	2.94	2	1	0.97	0	1	0.03	unphased	0.535573770491803	0.535573770491803	1
1	158636190	158636191	33	13	2.94	2	1	0.97	0	1	0.03	unphased	1.67869565217391	0.865307037203048	1.94
1	158656378	158656379	8	3	2.94	2	1	0.97	0	1	0.03	unphased	1.62	1.62	1
1	158656379	158656380	8	3	2.94	2	1	0.97	0	1	0.03	unphased	1.62	1.62	1
1	158746815	158746816	54	6	2.94	2	1	0.97	0	1	0.03	unphased	0.594	0.594	1
1	161123808	161123809	146	27	2.94	2	1	0.97	0	1	0.03	unphased	0.927052023121387	0.927052023121387	1
1	162748380	162748381	355	60	2.94	2	1	0.97	0	1	0.03	unphased	0.858795180722892	0.858795180722892	1
1	167038227	167038228	73	40	2.94	2	1	0.97	0	1	0.03	unphased	2.10265486725664	1.06733749606936	1.97
1	169660890	169660891	10	9	2.94	2	1	0.97	0	1	0.03	unphased	2.81368421052632	1.42826609671387	1.97
1	170508611	170508612	55	22	2.94	2	1	0.97	0	1	0.03	unphased	1.69714285714286	0.874815905743741	1.94
1	170513847	170513848	89	9	2.94	2	1	0.97	0	1	0.03	unphased	0.545510204081633	0.562381653692405	0.97
1	198225495	198225496	24	4	2	1	1	0.14	1	1	0.86	unphased	0.714285714285714	0.714285714285714	1
1	198665955	198665956	132	30	2	1	1	0.14	1	1	0.86	unphased	0.925925925925926	0.925925925925926	1
1	201043677	201043678	52	8	2	1	1	0.14	1	1	0.86	unphased	0.666666666666667	0.666666666666667	1
1	204588372	204588373	133	24	2	1	1	0.14	1	1	0.86	unphased	0.764331210191083	0.764331210191083	1
1	228482093	228482094	162	34	2	1	1	0.16	1	1	0.84	unphased	0.86734693877551	0.86734693877551	1
1	231052045	231052046	180	31	2	1	1	0.16	1	1	0.84	unphased	0.734597156398104	0.874520424283457	0.84
1	236645936	236645937	228	44	2	1	1	0.16	1	1	0.84	unphased	0.808823529411765	0.808823529411765	1
1	236646541	236646542	96	12	2	1	1	0.16	1	1	0.84	unphased	0.555555555555555	0.661375661375661	0.84
1	237895399	237895400	33	5	2	1	1	0.16	1	1	0.84	unphased	0.657894736842105	0.657894736842105	1
1	242161852	242161853	145	15	2	1	1	0.16	1	1	0.84	unphased	0.46875	0.46875	1
1	247588095	247588096	65	16	2	1	1	0.16	1	1	0.84	unphased	0.987654320987654	0.987654320987654	1
1	248112519	248112520	209	47	NA	NA	NA	NA	NA	NA	NA	unphased	NA	NA	1
1	248436622	248436623	141	20	NA	NA	NA	NA	NA	NA	NA	unphased	NA	NA	1
10	7759585	7759586	424	100	2	1	1	1	NA	NA	NA	unphased	0.954198473282443	0.954198473282443	1
10	16867008	16867009	40	13	2	1	1	1	NA	NA	NA	unphased	1.22641509433962	1.22641509433962	1
10	31809805	31809806	78	24	2	1	1	1	NA	NA	NA	unphased	1.17647058823529	1.17647058823529	1
10	35333790	35333791	70	11	2	1	1	1	NA	NA	NA	unphased	0.679012345679012	0.679012345679012	1
10	35333796	35333797	62	9	2	1	1	1	NA	NA	NA	unphased	0.633802816901408	0.633802816901408	1
10	53458657	53458658	51	11	2	1	1	1	NA	NA	NA	unphased	0.887096774193548	0.887096774193548	1
10	53822337	53822338	55	9	2	1	1	1	NA	NA	NA	unphased	0.703125	0.703125	1
10	64945330	64945331	71	13	2	1	1	1	NA	NA	NA	unphased	0.773809523809524	0.773809523809524	1
10	64952768	64952769	319	62	2	1	1	1	NA	NA	NA	unphased	0.813648293963255	0.813648293963255	1
10	72291087	72291088	195	46	2	1	1	1	NA	NA	NA	unphased	0.954356846473029	0.954356846473029	1
10	84498363	84498364	155	33	2	1	1	1	NA	NA	NA	unphased	0.877659574468085	0.877659574468085	1
10	95380422	95380423	146	22	2	1	1	1	NA	NA	NA	unphased	0.654761904761905	0.654761904761905	1
10	95394517	95394518	61	12	2	1	1	1	NA	NA	NA	unphased	0.821917808219178	0.821917808219178	1
10	99991415	99991416	70	12	2	1	1	1	NA	NA	NA	unphased	0.731707317073171	0.731707317073171	1
10	101982737	101982738	75	21	2	1	1	1	NA	NA	NA	unphased	1.09375	1.09375	1
10	121691669	121691670	142	19	2	1	1	0.1	1	1	0.9	unphased	0.590062111801242	0.655624568668047	0.9
10	121691670	121691671	143	21	2	1	1	0.1	1	1	0.9	unphased	0.640243902439024	0.711382113821138	0.9
11	299432	299433	14	3	NA	NA	NA	NA	NA	NA	NA	unphased	NA	NA	1
11	4103492	4103493	52	17	2	1	1	1	NA	NA	NA	unphased	1.23188405797101	1.23188405797101	1
11	4608222	4608223	269	55	2	1	1	1	NA	NA	NA	unphased	0.848765432098765	0.848765432098765	1
11	5566114	5566115	80	16	2	1	1	1	NA	NA	NA	unphased	0.833333333333333	0.833333333333333	1
11	5776386	5776387	120	26	2	1	1	1	NA	NA	NA	unphased	0.890410958904109	0.890410958904109	1
11	5969346	5969347	222	54	2	1	1	1	NA	NA	NA	unphased	0.978260869565217	0.978260869565217	1
11	6239873	6239874	303	57	2	1	1	1	NA	NA	NA	unphased	0.791666666666667	0.791666666666667	1
11	6806978	6806979	82	22	2	1	1	1	NA	NA	NA	unphased	1.05769230769231	1.05769230769231	1
11	9534019	9534020	213	53	2	1	1	1	NA	NA	NA	unphased	0.996240601503759	0.996240601503759	1
11	15198681	15198682	150	19	2	1	1	1	NA	NA	NA	unphased	0.562130177514793	0.562130177514793	1
11	22696346	22696347	20	3	2	1	1	1	NA	NA	NA	unphased	0.652173913043478	0.652173913043478	1
11	24998133	24998134	14	5	2	1	1	1	NA	NA	NA	unphased	1.31578947368421	1.31578947368421	1
11	55111190	55111191	140	48	2	1	1	1	NA	NA	NA	unphased	1.27659574468085	1.27659574468085	1
11	55798257	55798258	47	7	2	1	1	1	NA	NA	NA	unphased	0.648148148148148	0.648148148148148	1
11	56086597	56086598	33	4	2	1	1	1	NA	NA	NA	unphased	0.540540540540541	0.540540540540541	1
11	56468504	56468505	252	33	2	1	1	1	NA	NA	NA	unphased	0.578947368421053	0.578947368421053	1
11	57080696	57080697	80	25	2	1	1	1	NA	NA	NA	unphased	1.19047619047619	1.19047619047619	1
11	58391555	58391556	78	20	2	1	1	1	NA	NA	NA	unphased	1.02040816326531	1.02040816326531	1
11	59224870	59224871	234	33	2	1	1	1	NA	NA	NA	unphased	0.617977528089888	0.617977528089888	1
11	59814625	59814626	18	5	2	1	1	1	NA	NA	NA	unphased	1.08695652173913	1.08695652173913	1
11	64390551	64390552	16	4	2	1	1	1	NA	NA	NA	unphased	1	1	1
11	64418892	64418893	69	10	2	1	1	1	NA	NA	NA	unphased	0.632911392405063	0.632911392405063	1
11	69063536	69063537	197	42	2	1	1	1	NA	NA	NA	unphased	0.878661087866109	0.878661087866109	1
11	70118298	70118299	312	65	2	1	1	1	NA	NA	NA	unphased	0.862068965517241	0.862068965517241	1
11	86106345	86106346	50	14	2	1	1	1	NA	NA	NA	unphased	1.09375	1.09375	1
11	88583261	88583262	53	11	2	1	1	1	NA	NA	NA	unphased	0.859375	0.859375	1
11	92086705	92086706	22	8	2	1	1	1	NA	NA	NA	unphased	1.33333333333333	1.33333333333333	1
11	92616482	92616483	62	7	2	1	1	1	NA	NA	NA	unphased	0.507246376811594	0.507246376811594	1
11	101353722	101353723	80	18	2	1	1	1	NA	NA	NA	unphased	0.918367346938776	0.918367346938776	1
11	102576438	102576439	92	20	2	1	1	1	NA	NA	NA	unphased	0.892857142857143	0.892857142857143	1
11	102818697	102818698	74	6	2	1	1	1	NA	NA	NA	unphased	0.375	0.375	1
11	106810238	106810239	100	14	2	1	1	1	NA	NA	NA	unphased	0.614035087719298	0.614035087719298	1
11	110108241	110108242	81	26	2	1	1	1	NA	NA	NA	unphased	1.21495327102804	1.21495327102804	1
11	113803682	113803683	96	24	2	1	1	1	NA	NA	NA	unphased	1	1	1
11	117864125	117864126	90	26	2	1	1	1	NA	NA	NA	unphased	1.12068965517241	1.12068965517241	1
11	124310582	124310583	86	11	2	1	1	1	NA	NA	NA	unphased	0.56701030927835	0.56701030927835	1
11	133790343	133790344	54	20	2	1	1	1	NA	NA	NA	unphased	1.35135135135135	1.35135135135135	1
11	134022832	134022833	252	40	2	1	1	1	NA	NA	NA	unphased	0.684931506849315	0.684931506849315	1
12	3677878	3677879	88	16	2	1	1	1	NA	NA	NA	unphased	0.769230769230769	0.769230769230769	1
12	5603703	5603704	135	29	2	1	1	1	NA	NA	NA	unphased	0.884146341463415	0.884146341463415	1
12	7531643	7531644	82	17	2	1	1	1	NA	NA	NA	unphased	0.858585858585859	0.858585858585859	1
12	11174542	11174543	110	32	2	1	1	1	NA	NA	NA	unphased	1.12676056338028	1.12676056338028	1
12	13232873	13232874	61	11	2	1	1	1	NA	NA	NA	unphased	0.763888888888889	0.763888888888889	1
12	21370189	21370190	44	12	2	1	1	1	NA	NA	NA	unphased	1.07142857142857	1.07142857142857	1
12	32949209	32949210	72	11	2	1	1	1	NA	NA	NA	unphased	0.662650602409639	0.662650602409639	1
12	33592510	33592511	121	21	2	1	1	1	NA	NA	NA	unphased	0.73943661971831	0.73943661971831	1
12	40076705	40076706	50	6	2	1	1	1	NA	NA	NA	unphased	0.535714285714286	0.535714285714286	1
12	40076706	40076707	50	6	2	1	1	1	NA	NA	NA	unphased	0.535714285714286	0.535714285714286	1
12	43862481	43862482	28	4	2	1	1	1	NA	NA	NA	unphased	0.625	0.625	1
12	48920046	48920047	145	38	2	1	1	1	NA	NA	NA	unphased	1.03825136612022	1.03825136612022	1
12	50472280	50472281	354	12	2	1	1	1	NA	NA	NA	unphased	0.163934426229508	0.163934426229508	1
12	51382190	51382191	76	22	2	1	1	1	NA	NA	NA	unphased	1.12244897959184	1.12244897959184	1
12	52793776	52793777	138	30	2	1	1	1	NA	NA	NA	unphased	0.892857142857143	0.892857142857143	1
12	53069296	53069297	29	13	2	1	1	1	NA	NA	NA	unphased	1.54761904761905	1.54761904761905	1
12	53494881	53494882	125	28	2	1	1	1	NA	NA	NA	unphased	0.915032679738562	0.915032679738562	1
12	55615131	55615132	174	25	2	1	1	1	NA	NA	NA	unphased	0.628140703517588	0.628140703517588	1
12	70004183	70004184	80	13	2	1	1	1	NA	NA	NA	unphased	0.698924731182796	0.698924731182796	1
12	70087525	70087526	84	15	2	1	1	1	NA	NA	NA	unphased	0.757575757575758	0.757575757575758	1
12	85521629	85521630	40	18	2	1	1	1	NA	NA	NA	unphased	1.55172413793103	1.55172413793103	1
12	96387881	96387882	593	164	2	1	1	1	NA	NA	NA	unphased	1.08322324966975	1.08322324966975	1
12	101436170	101436171	97	27	2	1	1	1	NA	NA	NA	unphased	1.08870967741935	1.08870967741935	1
12	102512146	102512147	170	40	2	1	1	1	NA	NA	NA	unphased	0.952380952380952	0.952380952380952	1
12	103238193	103238194	34	10	2	1	1	1	NA	NA	NA	unphased	1.13636363636364	1.13636363636364	1
12	107075813	107075814	110	16	2	1	1	1	NA	NA	NA	unphased	0.634920634920635	0.634920634920635	1
12	107914367	107914368	123	27	2	1	1	1	NA	NA	NA	unphased	0.9	0.9	1
12	129566309	129566310	73	11	2	1	1	1	NA	NA	NA	unphased	0.654761904761905	0.654761904761905	1
13	29005448	29005449	25	4	1	1	0	1	NA	NA	NA	unphased	0.551724137931034	0.551724137931034	1
13	41654796	41654797	31	3	1	1	0	1	NA	NA	NA	unphased	0.352941176470588	0.352941176470588	1
13	58207775	58207776	59	8	1	1	0	1	NA	NA	NA	unphased	0.477611940298507	0.477611940298507	1
13	76427504	76427505	56	15	1	1	0	1	NA	NA	NA	unphased	0.845070422535211	0.845070422535211	1
13	84454310	84454311	174	48	1	1	0	1	NA	NA	NA	unphased	0.864864864864865	0.864864864864865	1
13	84455093	84455094	134	27	1	1	0	1	NA	NA	NA	unphased	0.670807453416149	0.670807453416149	1
14	20586079	20586080	110	16	2.12	2	1	0.56	1	0	0.44	unphased	0.65015873015873	1.1609977324263	0.56
14	21458131	21458132	82	12	2.12	2	1	0.56	1	0	0.44	unphased	0.653617021276596	0.653617021276596	1
14	21790023	21790024	45	7	2.12	2	1	0.56	1	0	0.44	unphased	0.689230769230769	0.689230769230769	1
14	23794375	23794376	153	28	2.12	2	1	0.56	1	0	0.44	unphased	0.792044198895028	0.792044198895028	1
14	63246541	63246542	65	28	2.12	2	1	0.56	1	0	0.44	unphased	1.54150537634409	0.98814447201544	1.56
14	77709293	77709294	129	22	2.12	2	1	0.56	1	0	0.44	unphased	0.745960264900662	0.745960264900662	1
14	88729780	88729781	234	36	2.12	2	1	0.56	1	0	0.44	unphased	0.682666666666667	1.21904761904762	0.56
14	95090209	95090210	74	31	2.12	2	1	0.56	1	0	0.44	unphased	1.51161904761905	0.968986568986569	1.56
14	100182492	100182493	154	29	2.12	2	1	0.56	1	0	0.44	unphased	0.811366120218579	0.811366120218579	1
14	105692626	105692627	198	81	2.12	2	1	0.56	1	0	0.44	unphased	1.48645161290323	0.952853598014888	1.56
14	106110950	106110951	106	10	NA	NA	NA	NA	NA	NA	NA	unphased	NA	NA	1
14	106110951	106110952	105	9	NA	NA	NA	NA	NA	NA	NA	unphased	NA	NA	1
15	28171325	28171326	82	25	1	1	0	1	NA	NA	NA	unphased	0.934579439252337	0.934579439252337	1
15	43027804	43027805	78	24	1	1	0	1	NA	NA	NA	unphased	0.941176470588235	0.941176470588235	1
15	60641387	60641388	53	18	1	1	0	1	NA	NA	NA	unphased	1.01408450704225	1.01408450704225	1
15	62174898	62174899	63	24	1	1	0	1	NA	NA	NA	unphased	1.10344827586207	1.10344827586207	1
15	65621152	65621153	63	25	1	1	0	1	NA	NA	NA	unphased	1.13636363636364	1.13636363636364	1
16	10031896	10031897	60	7	2	2	0	1	NA	NA	NA	unphased	0.522388059701492	0.522388059701492	1
16	11016070	11016071	339	70	2	2	0	1	NA	NA	NA	unphased	0.855745721271394	0.855745721271394	1
16	20370694	20370695	216	71	1	1	0	1	NA	NA	NA	unphased	0.989547038327526	0.989547038327526	1
16	32894027	32894028	60	13	1	1	0	1	NA	NA	NA	unphased	0.712328767123288	0.712328767123288	1
16	71007833	71007834	145	24	1	1	0	1	NA	NA	NA	unphased	0.568047337278107	0.568047337278107	1
16	76573653	76573654	14	6	1	1	0	1	NA	NA	NA	unphased	1.2	1.2	1
16	77331204	77331205	142	29	1	1	0	1	NA	NA	NA	unphased	0.678362573099415	0.678362573099415	1
17	1936925	1936926	120	22	1	1	0	1	NA	NA	NA	unphased	0.619718309859155	0.619718309859155	1
17	4701415	4701416	177	18	1	1	0	1	NA	NA	NA	unphased	0.369230769230769	0.369230769230769	1
17	7578491	7578492	87	34	1	1	0	1	NA	NA	NA	unphased	1.12396694214876	1.12396694214876	1
17	8350153	8350154	56	22	1	1	0	1	NA	NA	NA	unphased	1.12820512820513	1.12820512820513	1
17	9674800	9674801	28	7	1	1	0	1	NA	NA	NA	unphased	0.8	0.8	1
17	9674801	9674802	28	7	1	1	0	1	NA	NA	NA	unphased	0.8	0.8	1
17	10253942	10253943	121	44	1	1	0	1	NA	NA	NA	unphased	1.06666666666667	1.06666666666667	1
17	10408602	10408603	95	9	1	1	0	1	NA	NA	NA	unphased	0.346153846153846	0.346153846153846	1
17	26851542	26851543	197	8	2	1	1	1	NA	NA	NA	unphased	0.195121951219512	0.195121951219512	1
17	33319678	33319679	67	15	2	1	1	1	NA	NA	NA	unphased	0.914634146341463	0.914634146341463	1
17	34859854	34859855	13	4	2	1	1	1	NA	NA	NA	unphased	1.17647058823529	1.17647058823529	1
17	35742975	35742976	26	5	2	1	1	1	NA	NA	NA	unphased	0.806451612903226	0.806451612903226	1
17	39974500	39974501	83	17	2	1	1	1	NA	NA	NA	unphased	0.85	0.85	1
17	48680469	48680470	145	9	2	1	1	1	NA	NA	NA	unphased	0.292207792207792	0.292207792207792	1
17	56283512	56283513	68	19	2	1	1	1	NA	NA	NA	unphased	1.09195402298851	1.09195402298851	1
17	70120439	70120440	177	24	2	1	1	1	NA	NA	NA	unphased	0.597014925373134	0.597014925373134	1
18	14763928	14763929	16	3	2	1	1	0.19	1	1	0.81	unphased	0.789473684210526	0.789473684210526	1
18	21441623	21441624	82	14	2	1	1	0.19	1	1	0.81	unphased	0.729166666666667	0.729166666666667	1
18	28979468	28979469	81	16	2	1	1	0.19	1	1	0.81	unphased	0.824742268041237	0.824742268041237	1
18	29340602	29340603	219	36	2	1	1	0.19	1	1	0.81	unphased	0.705882352941176	0.871459694989107	0.81
18	42530188	42530189	99	27	2	1	1	0.19	1	1	0.81	unphased	1.07142857142857	1.07142857142857	1
18	61323051	61323052	63	14	2	1	1	0.19	1	1	0.81	unphased	0.909090909090909	0.909090909090909	1
18	72346332	72346333	35	6	2	1	1	0.19	1	1	0.81	unphased	0.731707317073171	0.731707317073171	1
19	3985436	3985437	12	3	1	1	0	1	NA	NA	NA	unphased	0.8	0.8	1
19	9048355	9048356	76	18	1	1	0	1	NA	NA	NA	unphased	0.765957446808511	0.765957446808511	1
19	9225998	9225999	59	29	1	1	0	1	NA	NA	NA	unphased	1.31818181818182	1.31818181818182	1
19	10132320	10132321	84	39	1	1	0	1	NA	NA	NA	unphased	1.26829268292683	1.26829268292683	1
19	15769364	15769365	336	75	1	1	0	1	NA	NA	NA	unphased	0.72992700729927	0.72992700729927	1
19	18507412	18507413	58	17	1	1	0	1	NA	NA	NA	unphased	0.906666666666667	0.906666666666667	1
19	19334855	19334856	120	24	1	1	0	1	NA	NA	NA	unphased	0.666666666666667	0.666666666666667	1
19	22157391	22157392	23	7	1	1	0	1	NA	NA	NA	unphased	0.933333333333333	0.933333333333333	1
19	31040158	31040159	127	16	3	2	1	1	NA	NA	NA	unphased	0.671328671328671	0.671328671328671	1
19	31767879	31767880	85	14	3	2	1	1	NA	NA	NA	unphased	0.848484848484849	0.848484848484849	1
19	38939037	38939038	244	46	1.01	1	1	0.01	0	1	0.99	unphased	0.636068965517241	0.636068965517241	1
19	40097971	40097972	65	25	1.01	1	1	0.01	0	1	0.99	unphased	1.11388888888889	1.11388888888889	1
19	43763159	43763160	415	112	2	1	1	1	NA	NA	NA	unphased	1.06261859582543	1.06261859582543	1
19	44732551	44732552	68	20	2	1	1	1	NA	NA	NA	unphased	1.13636363636364	1.13636363636364	1
19	45206811	45206812	33	9	2	1	1	1	NA	NA	NA	unphased	1.07142857142857	1.07142857142857	1
19	53855115	53855116	101	7	2	2	0	1	NA	NA	NA	unphased	0.324074074074074	0.324074074074074	1
19	55512300	55512301	71	29	2	2	0	1	NA	NA	NA	unphased	1.45	0.725	2
19	57876261	57876262	42	3	2	2	0	1	NA	NA	NA	unphased	0.333333333333333	0.333333333333333	1
2	1926244	1926245	172	43	2.06	2	1	0.53	1	0	0.47	unphased	1.012	1.012	1
2	27465586	27465587	132	18	2.06	2	1	0.53	1	0	0.47	unphased	0.6072	1.14566037735849	0.53
2	33590482	33590483	94	19	2.06	2	1	0.53	1	0	0.47	unphased	0.850796460176991	0.850796460176991	1
2	40656816	40656817	40	13	2.06	2	1	0.53	1	0	0.47	unphased	1.2411320754717	1.2411320754717	1
2	44079960	44079961	202	7	2.06	2	1	0.53	1	0	0.47	unphased	0.169473684210526	0.169473684210526	1
2	46986061	46986062	67	19	2.06	2	1	0.53	1	0	0.47	unphased	1.11790697674419	1.11790697674419	1
2	48032809	48032810	99	30	2.06	2	1	0.53	1	0	0.47	unphased	1.17674418604651	1.17674418604651	1
2	71206296	71206297	131	11	2.06	2	1	0.53	1	0	0.47	unphased	0.391971830985915	0.739569492426255	0.53
2	74452073	74452074	164	26	2.06	2	1	0.53	1	0	0.47	unphased	0.692421052631579	1.306454816286	0.53
2	86271324	86271325	99	19	2.06	2	1	0.53	1	0	0.47	unphased	0.814745762711864	0.814745762711864	1
2	101010244	101010245	78	30	2.06	2	1	0.53	1	0	0.47	unphased	1.40555555555556	0.918663761801017	1.53
2	103274286	103274287	439	63	2.06	2	1	0.53	1	0	0.47	unphased	0.635019920318725	1.1981507930542	0.53
2	125281897	125281898	70	33	1.96	2	1	0.48	1	0	0.52	unphased	1.58912621359223	1.07373392810286	1.48
2	129025700	129025701	12	8	1.96	2	1	0.48	1	0	0.52	unphased	1.984	1.34054054054054	1.48
2	131519726	131519727	29	6	1.96	2	1	0.48	1	0	0.52	unphased	0.850285714285714	0.850285714285714	1
2	132021566	132021567	354	140	1.96	2	1	0.48	1	0	0.52	unphased	1.40566801619433	0.949775686617792	1.48
2	136261917	136261918	81	6	1.96	2	1	0.48	1	0	0.52	unphased	0.342068965517241	0.71264367816092	0.48
2	141643726	141643727	50	6	1.96	2	1	0.48	1	0	0.52	unphased	0.531428571428571	0.531428571428571	1
2	149542281	149542282	173	33	1.96	2	1	0.48	1	0	0.52	unphased	0.794563106796117	0.794563106796117	1
2	165986746	165986747	107	27	2	1	1	1	NA	NA	NA	unphased	1.00746268656716	1.00746268656716	1
2	168115432	168115433	12	3	2	1	1	1	NA	NA	NA	unphased	1	1	1
2	172945217	172945218	33	8	2	1	1	1	NA	NA	NA	unphased	0.975609756097561	0.975609756097561	1
2	172945221	172945222	29	6	2	1	1	1	NA	NA	NA	unphased	0.857142857142857	0.857142857142857	1
2	174820755	174820756	191	58	2	1	1	1	NA	NA	NA	unphased	1.16465863453815	1.16465863453815	1
2	179429586	179429587	67	16	2	1	1	1	NA	NA	NA	unphased	0.963855421686747	0.963855421686747	1
2	179449824	179449825	348	72	2	1	1	1	NA	NA	NA	unphased	0.857142857142857	0.857142857142857	1
2	185801221	185801222	30	5	2	1	1	1	NA	NA	NA	unphased	0.714285714285714	0.714285714285714	1
2	187626437	187626438	51	5	2	1	1	1	NA	NA	NA	unphased	0.446428571428571	0.446428571428571	1
2	190719013	190719014	30	4	2	1	1	1	NA	NA	NA	unphased	0.588235294117647	0.588235294117647	1
2	220251412	220251413	34	5	2	1	1	1	NA	NA	NA	unphased	0.641025641025641	0.641025641025641	1
2	220354240	220354241	168	43	2	1	1	1	NA	NA	NA	unphased	1.01895734597156	1.01895734597156	1
2	228243814	228243815	86	16	2	1	1	1	NA	NA	NA	unphased	0.784313725490196	0.784313725490196	1
2	230861623	230861624	211	36	2	1	1	1	NA	NA	NA	unphased	0.728744939271255	0.728744939271255	1
2	233834988	233834989	150	26	2	1	1	1	NA	NA	NA	unphased	0.738636363636364	0.738636363636364	1
2	241079773	241079774	6	4	2	1	1	1	NA	NA	NA	unphased	2	2	1
20	1617102	1617103	104	32	2	1	1	1	NA	NA	NA	unphased	1.17647058823529	1.17647058823529	1
20	3655229	3655230	255	63	2	1	1	1	NA	NA	NA	unphased	0.990566037735849	0.990566037735849	1
20	20177419	20177420	71	14	2	1	1	1	NA	NA	NA	unphased	0.823529411764706	0.823529411764706	1
20	31608183	31608184	88	18	2	1	1	1	NA	NA	NA	unphased	0.849056603773585	0.849056603773585	1
20	33001614	33001615	82	17	2	1	1	1	NA	NA	NA	unphased	0.858585858585859	0.858585858585859	1
20	46311846	46311847	76	27	2	1	1	1	NA	NA	NA	unphased	1.31067961165049	1.31067961165049	1
20	47292734	47292735	214	32	2	1	1	1	NA	NA	NA	unphased	0.650406504065041	0.650406504065041	1
20	47990013	47990014	101	19	2	1	1	1	NA	NA	NA	unphased	0.791666666666667	0.791666666666667	1
21	37518590	37518591	79	16	1.03	1	1	0.03	0	1	0.97	unphased	0.678736842105263	0.678736842105263	1
21	37617640	37617641	130	32	1.03	1	1	0.03	0	1	0.97	unphased	0.796049382716049	0.796049382716049	1
21	45825877	45825878	360	88	1.03	1	1	0.03	0	1	0.97	unphased	0.791607142857143	0.791607142857143	1
21	47570096	47570097	22	4	1.03	1	1	0.03	0	1	0.97	unphased	0.62	0.62	1
22	17072676	17072677	191	58	NA	NA	NA	NA	NA	NA	NA	unphased	NA	NA	1
22	17669244	17669245	66	16	1	1	0	0	0	1	1	unphased	0.780487804878049	0.780487804878049	1
22	31534743	31534744	148	44	1	1	0	0	0	1	1	unphased	0.916666666666667	0.916666666666667	1
22	38229003	38229004	92	33	1	1	0	1	NA	NA	NA	unphased	1.056	1.056	1
3	383703	383704	28	5	NA	NA	NA	NA	NA	NA	NA	unphased	NA	NA	1
3	7620534	7620535	207	13	2	1	1	1	NA	NA	NA	unphased	0.295454545454545	0.295454545454545	1
3	9055136	9055137	81	19	2	1	1	1	NA	NA	NA	unphased	0.95	0.95	1
3	10140744	10140745	24	3	2	1	1	1	NA	NA	NA	unphased	0.555555555555555	0.555555555555555	1
3	21552500	21552501	60	13	2	1	1	1	NA	NA	NA	unphased	0.890410958904109	0.890410958904109	1
3	46400067	46400068	11	7	1	1	0	1	NA	NA	NA	unphased	1.55555555555556	1.55555555555556	1
3	53531423	53531424	147	50	1	1	0	1	NA	NA	NA	unphased	1.01522842639594	1.01522842639594	1
3	72890282	72890283	155	40	2	1	1	1	NA	NA	NA	unphased	1.02564102564103	1.02564102564103	1
3	73433090	73433091	154	30	2	1	1	1	NA	NA	NA	unphased	0.815217391304348	0.815217391304348	1
3	98002177	98002178	41	10	2	1	1	1	NA	NA	NA	unphased	0.980392156862745	0.980392156862745	1
3	121411081	121411082	88	21	2	1	1	1	NA	NA	NA	unphased	0.963302752293578	0.963302752293578	1
3	122060407	122060408	118	30	2	1	1	1	NA	NA	NA	unphased	1.01351351351351	1.01351351351351	1
3	131293941	131293942	94	32	2	1	1	1	NA	NA	NA	unphased	1.26984126984127	1.26984126984127	1
3	157815835	157815836	843	43	2	1	1	1	NA	NA	NA	unphased	0.242663656884876	0.242663656884876	1
3	167183286	167183287	34	8	2	1	1	1	NA	NA	NA	unphased	0.952380952380952	0.952380952380952	1
3	186953529	186953530	122	8	2	1	1	1	NA	NA	NA	unphased	0.307692307692308	0.307692307692308	1
4	6086640	6086641	419	103	1.02	1	1	0.02	0	1	0.98	unphased	0.793218390804598	0.793218390804598	1
4	39439586	39439587	49	11	1.02	1	1	0.02	0	1	0.98	unphased	0.737	0.737	1
4	46390662	46390663	111	13	1.02	1	1	0.02	0	1	0.98	unphased	0.421451612903226	0.421451612903226	1
4	56878094	56878095	78	11	1.02	1	1	0.02	0	1	0.98	unphased	0.49685393258427	0.49685393258427	1
4	68699041	68699042	189	24	1.02	1	1	0.02	0	1	0.98	unphased	0.452957746478873	0.452957746478873	1
4	70156377	70156378	87	11	1.02	1	1	0.02	0	1	0.98	unphased	0.451224489795918	0.451224489795918	1
4	75246764	75246765	120	33	1.02	1	1	0.02	0	1	0.98	unphased	0.867058823529412	0.867058823529412	1
4	79343065	79343066	286	45	1.02	1	1	0.02	0	1	0.98	unphased	0.546525679758308	0.546525679758308	1
4	88767695	88767696	27	13	1.02	1	1	0.02	0	1	0.98	unphased	1.3065	1.3065	1
4	113541278	113541279	78	11	1.02	1	1	0.02	0	1	0.98	unphased	0.49685393258427	0.49685393258427	1
4	123850194	123850195	37	10	1.02	1	1	0.02	0	1	0.98	unphased	0.85531914893617	0.85531914893617	1
4	128637581	128637582	36	11	1.02	1	1	0.02	0	1	0.98	unphased	0.940851063829787	0.940851063829787	1
4	134073606	134073607	32	3	1.02	1	1	0.02	0	1	0.98	unphased	0.344571428571429	0.344571428571429	1
4	165961742	165961743	79	12	1.02	1	1	0.02	0	1	0.98	unphased	0.53010989010989	0.53010989010989	1
5	458041	458042	25	6	NA	NA	NA	NA	NA	NA	NA	unphased	NA	NA	1
5	7709406	7709407	55	6	2.46	2	1	0.73	1	0	0.27	unphased	0.537049180327869	0.537049180327869	1
5	13885123	13885124	211	26	2.46	2	1	0.73	1	0	0.27	unphased	0.598987341772152	0.820530605167331	0.73
5	32739116	32739117	114	20	2.16	2	1	0.58	1	0	0.42	unphased	0.770149253731343	0.770149253731343	1
5	33936759	33936760	24	5	2.16	2	1	0.58	1	0	0.42	unphased	0.889655172413793	0.889655172413793	1
5	43509409	43509410	62	13	2.16	2	1	0.58	1	0	0.42	unphased	0.8944	0.8944	1
5	121413407	121413408	17	4	1	1	0	1	NA	NA	NA	unphased	0.761904761904762	0.761904761904762	1
5	140581683	140581684	133	41	3	3	0	1	NA	NA	NA	unphased	1.41379310344828	0.706896551724138	2
5	140590615	140590616	208	148	3	3	0	1	NA	NA	NA	unphased	2.49438202247191	0.831460674157304	3
5	147261641	147261642	32	5	1	1	0	1	NA	NA	NA	unphased	0.540540540540541	0.540540540540541	1
5	150946773	150946774	100	42	1	1	0	1	NA	NA	NA	unphased	1.1830985915493	1.1830985915493	1
5	155935667	155935668	22	9	1	1	0	1	NA	NA	NA	unphased	1.16129032258065	1.16129032258065	1
5	156469689	156469690	100	36	1	1	0	1	NA	NA	NA	unphased	1.05882352941176	1.05882352941176	1
5	175933971	175933972	79	28	1	1	0	1	NA	NA	NA	unphased	1.04672897196262	1.04672897196262	1
6	394899	394900	223	32	NA	NA	NA	NA	NA	NA	NA	unphased	NA	NA	1
6	656683	656684	19	5	NA	NA	NA	NA	NA	NA	NA	unphased	NA	NA	1
6	10430113	10430114	166	48	2	1	1	0.1	1	1	0.9	unphased	1.1214953271028	1.1214953271028	1
6	17817464	17817465	121	30	2	1	1	0.1	1	1	0.9	unphased	0.993377483443708	0.993377483443708	1
6	47846408	47846409	37	14	2	1	1	0.1	1	1	0.9	unphased	1.37254901960784	1.37254901960784	1
6	66205085	66205086	101	31	1	1	0	1	NA	NA	NA	unphased	0.939393939393939	0.939393939393939	1
6	110714105	110714106	115	26	1	1	0	1	NA	NA	NA	unphased	0.737588652482269	0.737588652482269	1
6	128134713	128134714	91	22	1	1	0	1	NA	NA	NA	unphased	0.778761061946903	0.778761061946903	1
6	132910428	132910429	69	30	1	1	0	1	NA	NA	NA	unphased	1.21212121212121	1.21212121212121	1
6	165715669	165715670	137	51	1	1	0	1	NA	NA	NA	unphased	1.08510638297872	1.08510638297872	1
6	165808672	165808673	28	5	1	1	0	1	NA	NA	NA	unphased	0.606060606060606	0.606060606060606	1
7	5360179	5360180	30	8	3	2	1	1	0	1	0	unphased	1.26315789473684	1.26315789473684	1
7	14216295	14216296	10	3	3	2	1	1	0	1	0	unphased	1.38461538461538	1.38461538461538	1
7	16900154	16900155	88	12	3	2	1	1	0	1	0	unphased	0.72	0.72	1
7	18705967	18705968	94	13	3	2	1	1	0	1	0	unphased	0.728971962616823	0.728971962616823	1
7	21470205	21470206	359	40	3	2	1	1	0	1	0	unphased	0.601503759398496	0.601503759398496	1
7	44156542	44156543	47	8	3	2	1	1	0	1	0	unphased	0.872727272727273	0.872727272727273	1
7	45005449	45005450	59	18	3	2	1	1	0	1	0	unphased	1.4025974025974	1.4025974025974	1
7	70853321	70853322	99	35	3	2	1	1	0	1	0	unphased	1.56716417910448	0.783582089552239	2
7	76112258	76112259	817	62	3	2	1	1	0	1	0	unphased	0.42320819112628	0.42320819112628	1
7	76610371	76610372	103	61	3	2	1	1	0	1	0	unphased	2.23170731707317	1.11585365853659	2
7	83016313	83016314	27	4	3	2	1	1	0	1	0	unphased	0.774193548387097	0.774193548387097	1
7	90895970	90895971	49	36	3	2	1	1	0	1	0	unphased	2.54117647058824	1.27058823529412	2
7	92921084	92921085	23	6	3	2	1	1	0	1	0	unphased	1.24137931034483	1.24137931034483	1
7	97821046	97821047	58	30	3	2	1	1	0	1	0	unphased	2.04545454545455	1.02272727272727	2
7	99110111	99110112	225	32	3	2	1	1	0	1	0	unphased	0.747081712062257	0.747081712062257	1
7	99773221	99773222	33	6	3	2	1	1	0	1	0	unphased	0.923076923076923	0.923076923076923	1
7	100464249	100464250	9	3	3	2	1	1	0	1	0	unphased	1.5	1.5	1
7	103193922	103193923	82	27	3	2	1	1	0	1	0	unphased	1.48623853211009	0.743119266055046	2
7	104767463	104767464	178	23	3	2	1	1	0	1	0	unphased	0.686567164179105	0.686567164179105	1
7	110764807	110764808	89	37	3	2	1	1	0	1	0	unphased	1.76190476190476	0.880952380952381	2
7	128116782	128116783	17	13	3	2	1	1	0	1	0	unphased	2.6	1.3	2
7	131908294	131908295	36	8	3	2	1	1	0	1	0	unphased	1.09090909090909	1.09090909090909	1
7	136700629	136700630	127	9	3	2	1	1	0	1	0	unphased	0.397058823529412	0.397058823529412	1
7	142510406	142510407	28	5	3	2	1	1	0	1	0	unphased	0.909090909090909	0.909090909090909	1
7	142563341	142563342	75	7	3	2	1	1	0	1	0	unphased	0.51219512195122	0.51219512195122	1
7	149475979	149475980	211	39	3	2	1	1	0	1	0	unphased	0.936	0.936	1
7	155100177	155100178	51	13	3	2	1	1	0	1	0	unphased	1.21875	1.21875	1
8	2057239	2057240	42	27	1	1	0	1	NA	NA	NA	unphased	1.56521739130435	1.56521739130435	1
8	43211931	43211932	77	9	2.78	2	1	0.89	0	1	0.11	unphased	0.604883720930233	0.604883720930233	1
8	77765130	77765131	36	12	2.78	2	1	0.89	0	1	0.11	unphased	1.445	1.445	1
8	77766326	77766327	109	28	2.78	2	1	0.89	0	1	0.11	unphased	1.18131386861314	1.18131386861314	1
8	89053847	89053848	77	47	2.78	2	1	0.89	0	1	0.11	unphased	2.1908064516129	1.15915685270524	1.89
8	94935756	94935757	148	58	2.78	2	1	0.89	0	1	0.11	unphased	1.6273786407767	0.914257663357696	1.78
8	94935757	94935758	149	58	2.78	2	1	0.89	0	1	0.11	unphased	1.61951690821256	0.909840959669978	1.78
8	95188776	95188777	142	50	2.78	2	1	0.89	0	1	0.11	unphased	1.50520833333333	0.84562265917603	1.78
8	110457420	110457421	57	5	2.78	2	1	0.89	0	1	0.11	unphased	0.466129032258064	0.523740485683219	0.89
8	116427218	116427219	111	55	2	2	0	1	NA	NA	NA	unphased	1.6566265060241	0.828313253012048	2
8	124998415	124998416	92	15	2.66	2	1	0.83	1	0	0.17	unphased	0.793457943925233	0.793457943925233	1
8	145690321	145690322	15	18	NA	NA	NA	NA	NA	NA	NA	unphased	NA	NA	1
9	7049119	7049120	54	10	2	1	1	1	NA	NA	NA	unphased	0.78125	0.78125	1
9	14859285	14859286	106	18	2	1	1	1	NA	NA	NA	unphased	0.725806451612903	0.725806451612903	1
9	14859286	14859287	105	18	2	1	1	1	NA	NA	NA	unphased	0.731707317073171	0.731707317073171	1
9	33073724	33073725	118	17	2	1	1	1	NA	NA	NA	unphased	0.62962962962963	0.62962962962963	1
9	37516062	37516063	74	21	2	1	1	1	NA	NA	NA	unphased	1.10526315789474	1.10526315789474	1
9	37733494	37733495	127	13	2	1	1	1	NA	NA	NA	unphased	0.464285714285714	0.464285714285714	1
9	101807040	101807041	45	7	2	1	1	1	NA	NA	NA	unphased	0.673076923076923	0.673076923076923	1
9	107367586	107367587	118	12	2	1	1	1	NA	NA	NA	unphased	0.461538461538462	0.461538461538462	1
9	117139108	117139109	31	7	2	1	1	1	NA	NA	NA	unphased	0.921052631578947	0.921052631578947	1
9	129851285	129851286	258	75	2	1	1	1	NA	NA	NA	unphased	1.12612612612613	1.12612612612613	1
9	136501596	136501597	119	10	2	1	1	1	NA	NA	NA	unphased	0.387596899224806	0.387596899224806	1
9	138714661	138714662	137	7	2	1	1	1	NA	NA	NA	unphased	0.243055555555556	0.243055555555556	1
X	2947340	2947341	78	24	NA	NA	NA	NA	NA	NA	NA	unphased	NA	NA	1
X	3002329	3002330	44	26	NA	NA	NA	NA	NA	NA	NA	unphased	NA	NA	1
X	39933725	39933726	26	4	NA	NA	NA	NA	NA	NA	NA	unphased	NA	NA	1
X	64139198	64139199	8	8	NA	NA	NA	NA	NA	NA	NA	unphased	NA	NA	1
X	77254173	77254174	59	18	NA	NA	NA	NA	NA	NA	NA	unphased	NA	NA	1
X	115582709	115582710	47	12	NA	NA	NA	NA	NA	NA	NA	unphased	NA	NA	1
X	122319799	122319800	67	12	NA	NA	NA	NA	NA	NA	NA	unphased	NA	NA	1
X	150348519	150348520	85	67	NA	NA	NA	NA	NA	NA	NA	unphased	NA	NA	1
X	151997691	151997692	72	40	NA	NA	NA	NA	NA	NA	NA	unphased	NA	NA	1
X	151997692	151997693	72	40	NA	NA	NA	NA	NA	NA	NA	unphased	NA	NA	1
