chr	start	end	WT.count	mut.count	subclonal.CN	nMaj1	nMin1	frac1	nMaj2	nMin2	frac2	phase	mutation.copy.number	subclonal.fraction	no.chrs.bearing.mut
1	11333870	11333871	51	38	1	1	0	0.01	0	1	0.99	unphased	0.682037064059536	0.682037064059536	1
1	19501490	19501491	38	39	1	1	0	0.01	0	1	0.99	unphased	0.809074042840276	0.817246507919471	0.99
1	41101648	41101649	50	6	1.01	1	1	0.01	0	1	0.99	unphased	0.172221706864564	0.172221706864564	1
1	61869784	61869785	130	27	1.01	1	1	0.01	0	1	0.99	unphased	0.276432293820829	0.276432293820829	1
1	65851412	65851413	50	7	1.01	1	1	0.01	0	1	0.99	unphased	0.197400318979266	0.197400318979266	1
1	65851413	65851414	52	7	1.01	1	1	0.01	0	1	0.99	unphased	0.190708782742681	0.190708782742681	1
1	75037334	75037335	70	56	1.01	1	1	0.01	0	1	0.99	unphased	0.714401154401154	0.714401154401154	1
1	85487753	85487754	78	15	1.01	1	1	0.01	0	1	0.99	unphased	0.259258483452032	0.259258483452032	1
1	110019461	110019462	34	6	1.01	1	1	0.01	0	1	0.99	unphased	0.24111038961039	0.24111038961039	1
1	150259059	150259060	120	86	2.88	2	1	0.94	0	1	0.0600000000000001	unphased	1.45173118143992	0.772197436936127	1.88
1	152785210	152785211	48	54	2.88	2	1	0.94	0	1	0.0600000000000001	unphased	1.84097784568373	0.979243534938153	1.88
1	156255079	156255080	49	39	2.88	2	1	0.94	0	1	0.0600000000000001	unphased	1.54112160566706	0.819745534929287	1.88
1	156628464	156628465	101	54	2.88	2	1	0.94	0	1	0.0600000000000001	unphased	1.21148219522413	1.21148219522413	1
1	156628465	156628466	100	53	2.88	2	1	0.94	0	1	0.0600000000000001	unphased	1.2045904422375	1.2045904422375	1
1	156946816	156946817	139	133	2.88	2	1	0.94	0	1	0.0600000000000001	unphased	1.70034759358289	0.9044402093526	1.88
1	176738759	176738760	50	34	1.56	1	0	0.44	1	1	0.56	unphased	0.873234384662956	0.873234384662956	1
1	237787113	237787114	28	26	1.56	1	0	0.44	1	1	0.56	unphased	1.0387493987494	1.0387493987494	1
1	237791168	237791169	8	10	1.56	1	0	0.44	1	1	0.56	unphased	1.198556998557	1.198556998557	1
1	238053779	238053780	26	8	1.56	1	0	0.44	1	1	0.56	unphased	0.507624140565317	0.906471679580923	0.56
1	248737470	248737471	91	46	NA	NA	NA	NA	NA	NA	NA	unphased	NA	NA	1
10	35320242	35320243	19	14	1	1	0	0	0	1	1	unphased	0.677685950413223	0.677685950413223	1
10	70645812	70645813	31	40	1	1	0	0	0	1	1	unphased	0.899945125297238	0.899945125297238	1
10	124896849	124896850	5	4	1	1	0	0	0	1	1	unphased	0.70995670995671	0.70995670995671	1
11	9215163	9215164	29	23	1	1	0	0.01	0	1	0.99	unphased	0.706543456543457	0.706543456543457	1
11	57947392	57947393	40	16	1.01	1	1	0.01	0	1	0.99	unphased	0.459257884972171	0.459257884972171	1
11	58190388	58190389	41	17	1.01	1	1	0.01	0	1	0.99	unphased	0.471135244066278	0.471135244066278	1
11	65652446	65652447	37	10	1.01	1	1	0.01	0	1	0.99	unphased	0.34200055263885	0.34200055263885	1
11	66113530	66113531	119	39	1.01	1	1	0.01	0	1	0.99	unphased	0.396763932270261	0.396763932270261	1
11	71146413	71146414	74	6	1.01	1	1	0.01	0	1	0.99	unphased	0.120555194805195	0.120555194805195	1
11	113288791	113288792	30	9	1.01	1	1	0.01	0	1	0.99	unphased	0.370939060939061	0.370939060939061	1
11	113813797	113813798	22	12	1.01	1	1	0.01	0	1	0.99	unphased	0.567318563789152	0.567318563789152	1
11	123810320	123810321	79	32	1.01	1	1	0.01	0	1	0.99	unphased	0.463395343395343	0.463395343395343	1
12	62996807	62996808	8	5	1	1	0	0.01	0	1	0.99	unphased	0.614385614385614	0.614385614385614	1
12	70794042	70794043	74	54	1	1	0	0.01	0	1	0.99	unphased	0.673904220779221	0.673904220779221	1
14	19553771	19553772	269	20	NA	NA	NA	NA	NA	NA	NA	unphased	NA	NA	1
14	21109019	21109020	60	44	1	1	0	0.02	0	1	0.98	unphased	0.675824175824176	0.675824175824176	1
14	36159050	36159051	27	41	1	1	0	0.05	0	1	0.95	unphased	0.963139801375095	0.963139801375095	1
14	47600917	47600918	10	17	1	1	0	0	0	1	1	unphased	1.00577200577201	1.00577200577201	1
14	64449506	64449507	22	22	1	1	0	0	0	1	1	unphased	0.798701298701299	0.798701298701299	1
14	95578530	95578531	57	3	1	1	0	0	0	1	1	unphased	0.0798701298701299	0.0798701298701299	1
15	43069414	43069415	14	20	1	1	0	0	0	1	1	unphased	0.93964858670741	0.93964858670741	1
15	89417107	89417108	18	12	1	1	0	0	0	1	1	unphased	0.638961038961039	0.638961038961039	1
16	53358589	53358590	12	10	1	1	0	0	0	1	1	unphased	0.726092089728453	0.726092089728453	1
16	77775668	77775669	29	19	1	1	0	0	0	1	1	unphased	0.632305194805195	0.632305194805195	1
16	89775333	89775334	5	6	NA	NA	NA	NA	NA	NA	NA	unphased	NA	NA	1
17	7578402	7578403	16	31	1.92	1	0	0.08	1	1	0.92	unphased	1.66041447913788	1.66041447913788	1
17	28512754	28512755	44	3	1.92	1	0	0.08	1	1	0.92	unphased	0.160685272174634	0.160685272174634	1
17	38787101	38787102	55	87	2	2	0	0.9	1	1	0.1	unphased	1.59136638009877	0.837561252683565	1.9
17	46940220	46940221	28	81	2	2	0	0.9	1	1	0.1	unphased	1.93017991183129	1.01588416412173	1.9
17	72846772	72846773	37	37	2.87	2	1	0.87	1	1	0.13	unphased	1.7337012987013	0.927112993957914	1.87
19	9237499	9237500	20	15	1	1	0	0.01	0	1	0.99	unphased	0.684601113172542	0.684601113172542	1
19	10602334	10602335	9	8	1	1	0	0.01	0	1	0.99	unphased	0.751718869365928	0.751718869365928	1
2	24432686	24432687	63	23	1.03	1	1	0.03	0	1	0.97	unphased	0.435235578375113	0.435235578375113	1
2	37208592	37208593	15	5	1.03	1	1	0.03	0	1	0.97	unphased	0.406850649350649	0.406850649350649	1
2	42552611	42552612	11	3	1.03	1	1	0.03	0	1	0.97	unphased	0.348729128014842	0.348729128014842	1
2	46411985	46411986	43	24	1.03	1	1	0.03	0	1	0.97	unphased	0.582950184144214	0.582950184144214	1
2	79314688	79314689	28	9	1.03	1	1	0.03	0	1	0.97	unphased	0.395854685854686	0.395854685854686	1
2	89987067	89987068	58	28	1.03	1	1	0.03	0	1	0.97	unphased	0.52985200845666	0.52985200845666	1
2	95715323	95715324	36	23	1	1	0	0	0	1	1	unphased	0.622716266784063	0.622716266784063	1
2	105883920	105883921	53	44	1	1	0	0	0	1	1	unphased	0.72459499263623	0.72459499263623	1
2	215862421	215862422	17	26	1.79	1	0	0.21	1	1	0.79	unphased	1.44354575656901	1.44354575656901	1
2	224462880	224462881	42	42	1.79	1	0	0.21	1	1	0.79	unphased	1.1937012987013	1.1937012987013	1
2	234394526	234394527	2	8	1.79	1	0	0.21	1	1	0.79	unphased	1.90992207792208	1.90992207792208	1
20	4705262	4705263	22	21	1	1	0	0.01	0	1	0.99	unphased	0.780126849894292	0.788006919085143	0.99
20	58514505	58514506	11	3	1	1	0	0.01	0	1	0.99	unphased	0.342300556586271	0.342300556586271	1
20	60907677	60907678	4	6	1	1	0	0.01	0	1	0.99	unphased	0.958441558441558	0.958441558441558	1
21	38997455	38997456	85	30	1	1	0	0.02	0	1	0.98	unphased	0.416713721061547	0.416713721061547	1
22	18073120	18073121	9	11	1	1	0	0	0	1	1	unphased	0.878571428571429	0.878571428571429	1
22	26892779	26892780	84	11	1	1	0	0	0	1	1	unphased	0.184962406015038	0.184962406015038	1
22	50961503	50961504	6	8	NA	NA	NA	NA	NA	NA	NA	unphased	NA	NA	1
3	47158224	47158225	26	17	1	1	0	0.01	0	1	0.99	unphased	0.631531259438236	0.631531259438236	1
4	86491835	86491836	25	23	1	1	0	0.02	0	1	0.98	unphased	0.765422077922078	0.781042936655182	0.98
4	101953469	101953470	14	10	1	1	0	0.02	0	1	0.98	unphased	0.665584415584416	0.679167771004506	0.98
4	114209547	114209548	36	33	1	1	0	0.02	0	1	0.98	unphased	0.763975155279503	0.763975155279503	1
4	164247322	164247323	63	11	1.89	1	0	0.11	1	1	0.89	unphased	0.369749034749035	0.369749034749035	1
4	165962547	165962548	29	32	1.89	1	0	0.11	1	1	0.89	unphased	1.30486693634235	1.30486693634235	1
5	144976	144977	40	16	NA	NA	NA	NA	NA	NA	NA	unphased	NA	NA	1
5	35670181	35670182	68	25	2	1	1	1	NA	NA	NA	unphased	0.698226504678118	0.698226504678118	1
5	107700655	107700656	29	19	1	1	0	0.01	0	1	0.99	unphased	0.632305194805195	0.632305194805195	1
5	112228538	112228539	11	6	1	1	0	0.01	0	1	0.99	unphased	0.563789152024446	0.563789152024446	1
6	28253401	28253402	26	19	1	1	0	0.03	0	1	0.97	unphased	0.674458874458874	0.674458874458874	1
6	34802532	34802533	64	53	1	1	0	0.03	0	1	0.97	unphased	0.723609723609724	0.723609723609724	1
6	44250205	44250206	18	22	1	1	0	0.03	0	1	0.97	unphased	0.878571428571429	0.878571428571429	1
6	84862733	84862734	19	16	1	1	0	0.03	0	1	0.97	unphased	0.730241187384045	0.752825966375304	0.97
6	161162364	161162365	20	28	1	1	0	0.03	0	1	0.97	unphased	0.931818181818182	0.931818181818182	1
7	101266290	101266291	25	13	2	1	1	1	NA	NA	NA	unphased	0.888585099111415	0.888585099111415	1
7	121942892	121942893	133	52	2	1	1	1	NA	NA	NA	unphased	0.73008073008073	0.73008073008073	1
7	138554408	138554409	24	7	2	1	1	1	NA	NA	NA	unphased	0.586510263929619	0.586510263929619	1
7	142605735	142605736	48	29	2	1	1	1	NA	NA	NA	unphased	0.978242536684095	0.978242536684095	1
7	142659419	142659420	8	9	2	1	1	1	NA	NA	NA	unphased	1.37509549274255	1.37509549274255	1
8	27255116	27255117	56	20	2	1	1	1	NA	NA	NA	unphased	0.683526999316473	0.683526999316473	1
8	30890169	30890170	17	6	2	1	1	1	NA	NA	NA	unphased	0.677583286278938	0.677583286278938	1
8	94747221	94747222	183	103	2	1	1	1	NA	NA	NA	unphased	0.935428208155481	0.935428208155481	1
8	95680477	95680478	29	16	2	1	1	1	NA	NA	NA	unphased	0.923520923520924	0.923520923520924	1
8	113347697	113347698	19	16	2	1	1	1	NA	NA	NA	unphased	1.1873840445269	1.1873840445269	1
8	113347698	113347699	22	15	2	1	1	1	NA	NA	NA	unphased	1.05300105300105	1.05300105300105	1
8	123964399	123964400	80	28	2	1	1	1	NA	NA	NA	unphased	0.673400673400673	0.673400673400673	1
8	130764121	130764122	231	95	2	1	1	1	NA	NA	NA	unphased	0.756911799856585	0.756911799856585	1
9	2056746	2056747	13	11	1	1	0	0.01	0	1	0.99	unphased	0.732142857142857	0.732142857142857	1
9	14848693	14848694	33	34	1	1	0	0.01	0	1	0.99	unphased	0.810622213607288	0.818810316775039	0.99
9	17415872	17415873	25	25	1	1	0	0.01	0	1	0.99	unphased	0.798701298701299	0.80676898858717	0.99
9	101068493	101068494	9	7	1	1	0	0.01	0	1	0.99	unphased	0.698863636363636	0.698863636363636	1
9	103207490	103207491	18	11	1	1	0	0.01	0	1	0.99	unphased	0.605911330049261	0.605911330049261	1
X	3239234	3239235	33	51	NA	NA	NA	NA	NA	NA	NA	unphased	NA	NA	1
X	32613909	32613910	16	21	NA	NA	NA	NA	NA	NA	NA	unphased	NA	NA	1
X	53409547	53409548	19	4	NA	NA	NA	NA	NA	NA	NA	unphased	NA	NA	1
X	70443553	70443554	39	8	NA	NA	NA	NA	NA	NA	NA	unphased	NA	NA	1
X	118771104	118771105	20	13	NA	NA	NA	NA	NA	NA	NA	unphased	NA	NA	1
X	128877984	128877985	92	9	NA	NA	NA	NA	NA	NA	NA	unphased	NA	NA	1
X	134990730	134990731	62	78	NA	NA	NA	NA	NA	NA	NA	unphased	NA	NA	1
X	135430518	135430519	48	72	NA	NA	NA	NA	NA	NA	NA	unphased	NA	NA	1
X	142716784	142716785	41	62	NA	NA	NA	NA	NA	NA	NA	unphased	NA	NA	1
