chr	start	end	WT.count	mut.count	subclonal.CN	nMaj1	nMin1	frac1	nMaj2	nMin2	frac2	phase	mutation.copy.number	subclonal.fraction	no.chrs.bearing.mut
1	9714444	9714445	62	17	4	2	2	1	NA	NA	NA	unphased	2.15189873417722	1.07594936708861	2
1	12785398	12785399	158	42	4	2	2	1	NA	NA	NA	unphased	2.1	1.05	2
1	19644152	19644153	93	25	4	2	2	1	NA	NA	NA	unphased	2.11864406779661	1.0593220338983	2
1	24418669	24418670	63	15	4	2	2	1	NA	NA	NA	unphased	1.92307692307692	0.961538461538462	2
1	33330311	33330312	49	17	4	2	2	1	NA	NA	NA	unphased	2.57575757575758	1.28787878787879	2
1	39322630	39322631	177	49	4	2	2	1	NA	NA	NA	unphased	2.16814159292035	1.08407079646018	2
1	47685324	47685325	8	9	4	2	2	1	NA	NA	NA	unphased	5.29411764705882	2.64705882352941	2
1	52849095	52849096	81	11	4	2	2	1	NA	NA	NA	unphased	1.19565217391304	1.19565217391304	1
1	55273637	55273638	68	27	4	2	2	1	NA	NA	NA	unphased	2.84210526315789	1.42105263157895	2
1	62713181	62713182	58	14	4	2	2	1	NA	NA	NA	unphased	1.94444444444444	0.972222222222222	2
1	62713182	62713183	59	15	4	2	2	1	NA	NA	NA	unphased	2.02702702702703	1.01351351351351	2
1	76190402	76190403	24	7	4	2	2	1	NA	NA	NA	unphased	2.25806451612903	1.12903225806452	2
1	78546431	78546432	125	49	6	4	2	1	NA	NA	NA	unphased	3.37931034482759	1.1264367816092	3
1	94337786	94337787	155	28	4	2	2	1	NA	NA	NA	unphased	1.53005464480874	0.765027322404372	2
1	101705385	101705386	192	52	4	2	2	1	NA	NA	NA	unphased	2.13114754098361	1.0655737704918	2
1	104166579	104166580	14	4	4	2	2	1	NA	NA	NA	unphased	2.22222222222222	2.22222222222222	1
1	108309105	108309106	44	7	4	2	2	1	NA	NA	NA	unphased	1.37254901960784	1.37254901960784	1
1	142713462	142713463	76	15	6	4	2	1	NA	NA	NA	unphased	1.97802197802198	0.989010989010989	2
1	145555760	145555761	46	24	6	4	2	1	NA	NA	NA	unphased	4.11428571428571	1.02857142857143	4
1	151079675	151079676	51	12	3.66	6	2	0.38	1	0	0.62	unphased	1.84	1.04545454545455	1.76
1	151108131	151108132	135	20	3.66	6	2	0.38	1	0	0.62	unphased	1.24645161290323	1.24645161290323	1
1	152127700	152127701	245	38	6	4	2	1	NA	NA	NA	unphased	1.6113074204947	0.80565371024735	2
1	153409691	153409692	90	18	6	4	2	1	NA	NA	NA	unphased	2	1	2
1	155327418	155327419	230	28	6	4	2	1	NA	NA	NA	unphased	1.30232558139535	1.30232558139535	1
1	156815555	156815556	55	8	6	4	2	1	NA	NA	NA	unphased	1.52380952380952	1.52380952380952	1
1	156873708	156873709	74	52	6	4	2	1	NA	NA	NA	unphased	4.95238095238095	1.23809523809524	4
1	158604366	158604367	143	33	6	4	2	1	NA	NA	NA	unphased	2.25	1.125	2
1	158614123	158614124	96	20	6	4	2	1	NA	NA	NA	unphased	2.06896551724138	1.03448275862069	2
1	159558124	159558125	102	18	6	4	2	1	NA	NA	NA	unphased	1.8	0.9	2
1	160582309	160582310	39	15	6	4	2	1	NA	NA	NA	unphased	3.33333333333333	1.11111111111111	3
1	161487774	161487775	62	21	6	4	2	1	NA	NA	NA	unphased	3.03614457831325	1.01204819277108	3
1	162335085	162335086	14	5	6	4	2	1	NA	NA	NA	unphased	3.15789473684211	1.05263157894737	3
1	171300843	171300844	175	30	6	4	2	1	NA	NA	NA	unphased	1.75609756097561	0.878048780487805	2
1	181708383	181708384	157	91	6	4	2	1	NA	NA	NA	unphased	4.40322580645161	1.1008064516129	4
1	184764062	184764063	98	23	6	4	2	1	NA	NA	NA	unphased	2.28099173553719	1.1404958677686	2
1	186062757	186062758	144	21	6	4	2	1	NA	NA	NA	unphased	1.52727272727273	0.763636363636364	2
1	186367532	186367533	104	53	6	4	2	1	NA	NA	NA	unphased	4.05095541401274	1.01273885350318	4
1	196971785	196971786	47	12	6	4	2	1	NA	NA	NA	unphased	2.4406779661017	0.813559322033898	3
1	214478534	214478535	200	43	6	4	2	1	NA	NA	NA	unphased	2.12345679012346	1.06172839506173	2
1	216040408	216040409	80	18	6	4	2	1	NA	NA	NA	unphased	2.20408163265306	1.10204081632653	2
1	222800921	222800922	252	32	6	4	2	1	NA	NA	NA	unphased	1.35211267605634	0.676056338028169	2
1	236911056	236911057	40	8	4	2	2	1	NA	NA	NA	unphased	1.66666666666667	1.66666666666667	1
1	237729890	237729891	45	14	4	2	2	1	NA	NA	NA	unphased	2.3728813559322	1.1864406779661	2
1	237777446	237777447	55	16	4	2	2	1	NA	NA	NA	unphased	2.25352112676056	1.12676056338028	2
1	237780584	237780585	18	7	4	2	2	1	NA	NA	NA	unphased	2.8	1.4	2
1	238045793	238045794	93	19	4	2	2	1	NA	NA	NA	unphased	1.69642857142857	0.848214285714286	2
1	240072215	240072216	92	37	6	4	2	1	NA	NA	NA	unphased	3.44186046511628	0.86046511627907	4
1	241798122	241798123	120	30	4	2	2	1	NA	NA	NA	unphased	2	1	2
1	248039438	248039439	100	34	NA	NA	NA	NA	NA	NA	NA	unphased	NA	NA	1
1	248513009	248513010	110	20	NA	NA	NA	NA	NA	NA	NA	unphased	NA	NA	1
1	248616998	248616999	58	12	NA	NA	NA	NA	NA	NA	NA	unphased	NA	NA	1
1	248813993	248813994	55	8	NA	NA	NA	NA	NA	NA	NA	unphased	NA	NA	1
1	248845145	248845146	46	10	NA	NA	NA	NA	NA	NA	NA	unphased	NA	NA	1
10	7786868	7786869	76	22	4	2	2	1	NA	NA	NA	unphased	2.24489795918367	1.12244897959184	2
10	13541839	13541840	92	28	4	2	2	1	NA	NA	NA	unphased	2.33333333333333	1.16666666666667	2
10	14996038	14996039	34	6	4	2	2	1	NA	NA	NA	unphased	1.5	1.5	1
10	16975226	16975227	52	18	4	2	2	1	NA	NA	NA	unphased	2.57142857142857	1.28571428571429	2
10	16975227	16975228	51	17	4	2	2	1	NA	NA	NA	unphased	2.5	1.25	2
10	24959145	24959146	35	12	3	2	1	1	NA	NA	NA	unphased	2.29787234042553	1.14893617021277	2
10	24959146	24959147	35	12	3	2	1	1	NA	NA	NA	unphased	2.29787234042553	1.14893617021277	2
10	35894511	35894512	89	10	3	2	1	1	NA	NA	NA	unphased	0.909090909090909	0.909090909090909	1
10	48389677	48389678	40	14	3	2	1	1	NA	NA	NA	unphased	2.33333333333333	1.16666666666667	2
10	50945851	50945852	56	13	3	2	1	1	NA	NA	NA	unphased	1.69565217391304	0.847826086956522	2
10	51464848	51464849	162	107	3	2	1	1	NA	NA	NA	unphased	3.57992565055762	1.78996282527881	2
10	55566771	55566772	63	10	3	2	1	1	NA	NA	NA	unphased	1.23287671232877	1.23287671232877	1
10	64968928	64968929	68	5	3	2	1	1	NA	NA	NA	unphased	0.616438356164384	0.616438356164384	1
10	70143610	70143611	100	31	3	2	1	1	NA	NA	NA	unphased	2.12977099236641	1.06488549618321	2
10	72490000	72490001	26	4	3	2	1	1	NA	NA	NA	unphased	1.2	1.2	1
10	73766982	73766983	26	16	3	2	1	1	NA	NA	NA	unphased	3.42857142857143	1.71428571428571	2
10	74660153	74660154	27	5	3	2	1	1	NA	NA	NA	unphased	1.40625	1.40625	1
10	93000257	93000258	112	24	3	2	1	1	NA	NA	NA	unphased	1.58823529411765	0.794117647058824	2
10	95720011	95720012	142	13	3	2	1	1	NA	NA	NA	unphased	0.754838709677419	0.754838709677419	1
10	95931001	95931002	128	21	3	2	1	1	NA	NA	NA	unphased	1.26845637583893	1.26845637583893	1
10	99968843	99968844	91	25	3	2	1	1	NA	NA	NA	unphased	1.93965517241379	0.969827586206896	2
10	101464342	101464343	59	12	3	2	1	1	NA	NA	NA	unphased	1.52112676056338	1.52112676056338	1
10	102753054	102753055	140	22	3	2	1	1	NA	NA	NA	unphased	1.22222222222222	1.22222222222222	1
10	112360869	112360870	145	36	3	2	1	1	NA	NA	NA	unphased	1.79005524861878	0.895027624309392	2
10	118196353	118196354	74	29	3	2	1	1	NA	NA	NA	unphased	2.53398058252427	1.26699029126214	2
10	135106638	135106639	48	17	5	3	2	1	NA	NA	NA	unphased	2.87692307692308	0.958974358974359	3
11	5809775	5809776	128	11	4	2	2	1	NA	NA	NA	unphased	0.79136690647482	0.79136690647482	1
11	6024012	6024013	94	20	4	2	2	1	NA	NA	NA	unphased	1.75438596491228	0.87719298245614	2
11	6024013	6024014	95	20	4	2	2	1	NA	NA	NA	unphased	1.73913043478261	0.869565217391304	2
11	6129808	6129809	123	27	4	2	2	1	NA	NA	NA	unphased	1.8	0.9	2
11	6815837	6815838	25	6	4	2	2	1	NA	NA	NA	unphased	1.93548387096774	1.93548387096774	1
11	6866977	6866978	248	72	4	2	2	1	NA	NA	NA	unphased	2.25	1.125	2
11	7111235	7111236	25	7	4	2	2	1	NA	NA	NA	unphased	2.1875	1.09375	2
11	11292686	11292687	47	12	4	2	2	1	NA	NA	NA	unphased	2.03389830508475	1.01694915254237	2
11	13427329	13427330	108	38	4	2	2	1	NA	NA	NA	unphased	2.6027397260274	1.3013698630137	2
11	16760378	16760379	45	13	4	2	2	1	NA	NA	NA	unphased	2.24137931034483	1.12068965517241	2
11	17035739	17035740	24	12	4	2	2	1	NA	NA	NA	unphased	3.33333333333333	1.66666666666667	2
11	18750444	18750445	29	11	4	2	2	1	NA	NA	NA	unphased	2.75	1.375	2
11	22364895	22364896	88	26	4	2	2	1	NA	NA	NA	unphased	2.28070175438596	1.14035087719298	2
11	22391655	22391656	61	14	4	2	2	1	NA	NA	NA	unphased	1.86666666666667	0.933333333333333	2
11	26353815	26353816	63	19	4	2	2	1	NA	NA	NA	unphased	2.31707317073171	1.15853658536585	2
11	27016133	27016134	76	34	4	2	2	1	NA	NA	NA	unphased	3.09090909090909	1.54545454545455	2
11	30032965	30032966	64	11	4	2	2	1	NA	NA	NA	unphased	1.46666666666667	1.46666666666667	1
11	31312314	31312315	64	20	4	2	2	1	NA	NA	NA	unphased	2.38095238095238	1.19047619047619	2
11	46905468	46905469	101	23	4	2	2	1	NA	NA	NA	unphased	1.85483870967742	0.92741935483871	2
11	55606871	55606872	107	33	4	2	2	1	NA	NA	NA	unphased	2.35714285714286	1.17857142857143	2
11	55798480	55798481	365	80	4	2	2	1	NA	NA	NA	unphased	1.79775280898876	0.898876404494382	2
11	56344789	56344790	106	24	4	2	2	1	NA	NA	NA	unphased	1.84615384615385	0.923076923076923	2
11	57137379	57137380	17	5	4	2	2	1	NA	NA	NA	unphased	2.27272727272727	2.27272727272727	1
11	58207549	58207550	134	42	4	2	2	1	NA	NA	NA	unphased	2.38636363636364	1.19318181818182	2
11	59132200	59132201	180	36	4	2	2	1	NA	NA	NA	unphased	1.66666666666667	0.833333333333333	2
11	61725727	61725728	93	11	4	2	2	1	NA	NA	NA	unphased	1.05769230769231	1.05769230769231	1
11	66033335	66033336	53	6	4	2	2	1	NA	NA	NA	unphased	1.01694915254237	1.01694915254237	1
11	68315604	68315605	88	27	4	2	2	1	NA	NA	NA	unphased	2.34782608695652	1.17391304347826	2
11	69933977	69933978	24	5	4	2	2	1	NA	NA	NA	unphased	1.72413793103448	1.72413793103448	1
11	70279781	70279782	65	15	4	2	2	1	NA	NA	NA	unphased	1.875	0.9375	2
11	92535024	92535025	91	16	4	2	2	1	NA	NA	NA	unphased	1.49532710280374	1.49532710280374	1
11	93808457	93808458	38	15	4	2	2	1	NA	NA	NA	unphased	2.83018867924528	1.41509433962264	2
11	108383288	108383289	136	22	4	2	2	1	NA	NA	NA	unphased	1.39240506329114	1.39240506329114	1
11	110327729	110327730	105	37	4	2	2	1	NA	NA	NA	unphased	2.6056338028169	1.30281690140845	2
11	110327730	110327731	103	36	4	2	2	1	NA	NA	NA	unphased	2.58992805755396	1.29496402877698	2
11	123471175	123471176	40	8	4	2	2	1	NA	NA	NA	unphased	1.66666666666667	1.66666666666667	1
11	125617678	125617679	105	33	4	2	2	1	NA	NA	NA	unphased	2.39130434782609	1.19565217391304	2
11	133790842	133790843	77	20	4	2	2	1	NA	NA	NA	unphased	2.06185567010309	1.03092783505155	2
11	134239727	134239728	97	30	NA	NA	NA	NA	NA	NA	NA	unphased	NA	NA	1
12	1943773	1943774	42	19	3	2	1	1	NA	NA	NA	unphased	2.80327868852459	1.4016393442623	2
12	6435619	6435620	51	5	3	2	1	1	NA	NA	NA	unphased	0.803571428571429	0.803571428571429	1
12	8813484	8813485	79	29	3	2	1	1	NA	NA	NA	unphased	2.41666666666667	1.20833333333333	2
12	18552629	18552630	70	15	1	1	0	1	NA	NA	NA	unphased	1.23529411764706	1.23529411764706	1
12	24048925	24048926	169	20	3	2	1	1	NA	NA	NA	unphased	0.952380952380952	0.952380952380952	1
12	33532766	33532767	85	20	3	2	1	1	NA	NA	NA	unphased	1.71428571428571	0.857142857142857	2
12	39947895	39947896	73	11	3	2	1	1	NA	NA	NA	unphased	1.17857142857143	1.17857142857143	1
12	43823526	43823527	7	2	3	2	1	1	NA	NA	NA	unphased	2	2	1
12	44193197	44193198	22	7	3	2	1	1	NA	NA	NA	unphased	2.17241379310345	1.08620689655172	2
12	50190675	50190676	11	7	3	2	1	1	NA	NA	NA	unphased	3.5	1.75	2
12	57603848	57603849	69	7	4	3	1	1	NA	NA	NA	unphased	0.921052631578947	0.921052631578947	1
12	70980898	70980899	102	10	4	3	1	1	NA	NA	NA	unphased	0.892857142857143	0.892857142857143	1
12	98938260	98938261	47	7	4	3	1	1	NA	NA	NA	unphased	1.2962962962963	1.2962962962963	1
12	101005822	101005823	92	42	4	3	1	1	NA	NA	NA	unphased	3.13432835820896	1.04477611940299	3
13	21217672	21217673	41	14	2	2	0	1	NA	NA	NA	unphased	2.03636363636364	1.01818181818182	2
13	25914356	25914357	10	4	2	2	0	1	NA	NA	NA	unphased	2.28571428571429	2.28571428571429	1
14	33147593	33147594	50	11	4	2	2	1	NA	NA	NA	unphased	1.80327868852459	0.901639344262295	2
14	35253076	35253077	72	21	4	2	2	1	NA	NA	NA	unphased	2.25806451612903	1.12903225806452	2
14	44974009	44974010	50	8	4	2	2	1	NA	NA	NA	unphased	1.37931034482759	1.37931034482759	1
14	45711634	45711635	115	20	4	2	2	1	NA	NA	NA	unphased	1.48148148148148	0.740740740740741	2
14	57684696	57684697	84	10	4	2	2	1	NA	NA	NA	unphased	1.06382978723404	1.06382978723404	1
14	58056109	58056110	53	9	4	2	2	1	NA	NA	NA	unphased	1.45161290322581	1.45161290322581	1
14	58772782	58772783	109	22	4	2	2	1	NA	NA	NA	unphased	1.6793893129771	0.83969465648855	2
14	63920522	63920523	71	15	4	2	2	1	NA	NA	NA	unphased	1.74418604651163	0.872093023255814	2
14	86088697	86088698	284	67	4	2	2	1	NA	NA	NA	unphased	1.90883190883191	0.954415954415955	2
14	101193397	101193398	21	7	4	2	2	1	NA	NA	NA	unphased	2.5	1.25	2
14	105407064	105407065	63	10	4	2	2	1	NA	NA	NA	unphased	1.36986301369863	1.36986301369863	1
14	106369487	106369488	140	49	NA	NA	NA	NA	NA	NA	NA	unphased	NA	NA	1
14	106926343	106926344	495	36	NA	NA	NA	NA	NA	NA	NA	unphased	NA	NA	1
15	24922706	24922707	97	39	2	2	0	1	NA	NA	NA	unphased	2.29411764705882	1.14705882352941	2
15	25465661	25465662	135	49	2	2	0	1	NA	NA	NA	unphased	2.1304347826087	1.06521739130435	2
15	41794613	41794614	41	15	2	2	0	1	NA	NA	NA	unphased	2.14285714285714	1.07142857142857	2
15	49917564	49917565	32	6	2	2	0	1	NA	NA	NA	unphased	1.26315789473684	1.26315789473684	1
15	51975474	51975475	200	84	2	2	0	1	NA	NA	NA	unphased	2.36619718309859	1.1830985915493	2
15	55724737	55724738	39	14	2	2	0	1	NA	NA	NA	unphased	2.11320754716981	1.05660377358491	2
15	66777400	66777401	97	24	2	2	0	1	NA	NA	NA	unphased	1.58677685950413	0.793388429752066	2
15	73615893	73615894	83	18	2	2	0	1	NA	NA	NA	unphased	1.42574257425743	1.42574257425743	1
15	81224241	81224242	90	44	2	2	0	1	NA	NA	NA	unphased	2.62686567164179	1.3134328358209	2
16	2203210	2203211	26	14	2	2	0	1	NA	NA	NA	unphased	2.8	1.4	2
16	19884009	19884010	24	18	2	2	0	1	NA	NA	NA	unphased	3.42857142857143	1.71428571428571	2
16	20043414	20043415	44	24	2	2	0	1	NA	NA	NA	unphased	2.82352941176471	1.41176470588235	2
16	20448611	20448612	66	15	2	2	0	1	NA	NA	NA	unphased	1.48148148148148	1.48148148148148	1
16	23360172	23360173	40	11	4	2	2	1	NA	NA	NA	unphased	2.15686274509804	1.07843137254902	2
16	28926031	28926032	130	37	4	2	2	1	NA	NA	NA	unphased	2.21556886227545	1.10778443113772	2
16	47622832	47622833	77	23	4	2	2	1	NA	NA	NA	unphased	2.3	1.15	2
16	66969549	66969550	124	34	4	2	2	1	NA	NA	NA	unphased	2.15189873417722	1.07594936708861	2
16	67006841	67006842	73	23	4	2	2	1	NA	NA	NA	unphased	2.39583333333333	1.19791666666667	2
16	71713314	71713315	44	9	4	2	2	1	NA	NA	NA	unphased	1.69811320754717	1.69811320754717	1
16	72829023	72829024	100	23	4	2	2	1	NA	NA	NA	unphased	1.86991869918699	0.934959349593496	2
16	77317918	77317919	122	12	4	2	2	1	NA	NA	NA	unphased	0.895522388059701	0.895522388059701	1
16	81171056	81171057	13	3	4	2	2	1	NA	NA	NA	unphased	1.875	1.875	1
16	85101002	85101003	31	3	4	2	2	1	NA	NA	NA	unphased	0.882352941176471	0.882352941176471	1
16	89661868	89661869	36	9	NA	NA	NA	NA	NA	NA	NA	unphased	NA	NA	1
17	1631424	1631425	4	8	2	2	0	1	NA	NA	NA	unphased	5.33333333333333	2.66666666666667	2
17	3119639	3119640	117	51	2	2	0	1	NA	NA	NA	unphased	2.42857142857143	1.21428571428571	2
17	7230116	7230117	47	18	2	2	0	1	NA	NA	NA	unphased	2.21538461538462	1.10769230769231	2
17	7324682	7324683	23	7	2	2	0	1	NA	NA	NA	unphased	1.86666666666667	1.86666666666667	1
17	7577586	7577587	55	16	2	2	0	1	NA	NA	NA	unphased	1.80281690140845	0.901408450704225	2
17	7696321	7696322	49	19	2	2	0	1	NA	NA	NA	unphased	2.23529411764706	1.11764705882353	2
17	9737165	9737166	38	13	1.05	2	0	0.05	0	1	0.95	unphased	1.79705882352941	1.71148459383753	1.05
17	10299914	10299915	37	18	1.05	2	0	0.05	0	1	0.95	unphased	2.30727272727273	2.1974025974026	1.05
17	10356558	10356559	279	96	1.05	2	0	0.05	0	1	0.95	unphased	1.8048	1.71885714285714	1.05
17	10400384	10400385	75	16	1.05	2	0	0.05	0	1	0.95	unphased	1.23956043956044	1.23956043956044	1
17	10430372	10430373	70	8	1.05	2	0	0.05	0	1	0.95	unphased	0.723076923076923	0.723076923076923	1
17	27041709	27041710	84	7	3	2	1	1	NA	NA	NA	unphased	0.692307692307692	0.692307692307692	1
17	33491120	33491121	177	18	3	2	1	1	NA	NA	NA	unphased	0.830769230769231	0.830769230769231	1
17	37093350	37093351	8	3	3	2	1	1	NA	NA	NA	unphased	2.45454545454545	2.45454545454545	1
17	41738612	41738613	106	14	3	2	1	1	NA	NA	NA	unphased	1.05	1.05	1
17	48267221	48267222	22	6	2.66	4	1	0.22	1	1	0.78	unphased	1.85571428571429	1.85571428571429	1
17	55962797	55962798	40	31	5	4	1	1	NA	NA	NA	unphased	4.80281690140845	1.20070422535211	4
17	60088406	60088407	71	12	3	2	1	1	NA	NA	NA	unphased	1.30120481927711	1.30120481927711	1
17	60348810	60348811	87	11	3	2	1	1	NA	NA	NA	unphased	1.01020408163265	1.01020408163265	1
17	61988469	61988470	32	11	3	2	1	1	NA	NA	NA	unphased	2.30232558139535	1.15116279069767	2
17	62018119	62018120	49	10	3	2	1	1	NA	NA	NA	unphased	1.52542372881356	1.52542372881356	1
17	73096183	73096184	16	5	3	2	1	1	NA	NA	NA	unphased	2.14285714285714	2.14285714285714	1
17	73774910	73774911	47	11	3	2	1	1	NA	NA	NA	unphased	1.70689655172414	0.853448275862069	2
17	74900402	74900403	18	4	5	3	2	1	NA	NA	NA	unphased	2	2	1
17	76203014	76203015	132	36	5	3	2	1	NA	NA	NA	unphased	2.35714285714286	1.17857142857143	2
17	79425853	79425854	24	17	5	3	2	1	NA	NA	NA	unphased	4.5609756097561	1.52032520325203	3
18	2945803	2945804	46	11	2	2	0	1	NA	NA	NA	unphased	1.54385964912281	1.54385964912281	1
18	19995629	19995630	95	44	10	6	4	1	NA	NA	NA	unphased	5.06474820143885	1.01294964028777	5
18	19996300	19996301	243	79	10	6	4	1	NA	NA	NA	unphased	3.92546583850932	0.981366459627329	4
18	23713961	23713962	123	36	6	4	2	1	NA	NA	NA	unphased	2.71698113207547	0.905660377358491	3
18	28574439	28574440	54	24	6	4	2	1	NA	NA	NA	unphased	3.69230769230769	0.923076923076923	4
18	32886651	32886652	54	21	6	4	2	1	NA	NA	NA	unphased	3.36	1.12	3
18	33706669	33706670	42	7	6	4	2	1	NA	NA	NA	unphased	1.71428571428571	1.71428571428571	1
18	43204690	43204691	98	20	6	4	2	1	NA	NA	NA	unphased	2.03389830508475	1.01694915254237	2
18	44555055	44555056	2496	52	6	4	2	1	NA	NA	NA	unphased	0.244897959183673	0.244897959183673	1
18	66504560	66504561	143	72	6	4	2	1	NA	NA	NA	unphased	4.01860465116279	1.0046511627907	4
18	67563047	67563048	159	25	6	4	2	1	NA	NA	NA	unphased	1.6304347826087	0.815217391304348	2
18	67563048	67563049	158	26	6	4	2	1	NA	NA	NA	unphased	1.69565217391304	0.847826086956522	2
18	72998999	72999000	136	12	6	4	2	1	NA	NA	NA	unphased	0.972972972972973	0.972972972972973	1
18	77805851	77805852	102	49	NA	NA	NA	NA	NA	NA	NA	unphased	NA	NA	1
19	2834216	2834217	58	23	1	2	0	0	0	1	1	unphased	1.98765432098765	1.98765432098765	1
19	9361943	9361944	55	17	1	2	0	0	0	1	1	unphased	1.65277777777778	1.65277777777778	1
19	10610381	10610382	21	11	1	2	0	0	0	1	1	unphased	2.40625	2.40625	1
19	10692295	10692296	12	5	1	2	0	0	0	1	1	unphased	2.05882352941176	2.05882352941176	1
19	15752357	15752358	77	33	1	2	0	0	0	1	1	unphased	2.1	2.1	1
19	16339012	16339013	16	4	1	2	0	0	0	1	1	unphased	1.4	1.4	1
19	19369597	19369598	10	4	1	2	0	0	0	1	1	unphased	2	2	1
19	19371852	19371853	41	13	1	2	0	0	0	1	1	unphased	1.68518518518519	1.68518518518519	1
19	19375399	19375400	8	4	1	2	0	0	0	1	1	unphased	2.33333333333333	2.33333333333333	1
19	20591772	20591773	30	8	1	2	0	0	0	1	1	unphased	1.47368421052632	1.47368421052632	1
19	23927159	23927160	72	18	1	2	0	0	0	1	1	unphased	1.4	1.4	1
19	31039382	31039383	187	14	1	2	0	0	0	1	1	unphased	0.487562189054726	0.487562189054726	1
19	33602646	33602647	110	19	1	2	0	0	0	1	1	unphased	1.03100775193798	1.03100775193798	1
19	35790539	35790540	11	3	1	2	0	0	0	1	1	unphased	1.5	1.5	1
19	35850706	35850707	45	8	1	2	0	0	0	1	1	unphased	1.05660377358491	1.05660377358491	1
19	38931503	38931504	32	14	1	2	0	0	0	1	1	unphased	2.1304347826087	2.1304347826087	1
19	38937346	38937347	60	9	1	2	0	0	0	1	1	unphased	0.91304347826087	0.91304347826087	1
19	46733630	46733631	133	37	1	2	0	0	0	1	1	unphased	1.52352941176471	1.52352941176471	1
19	46973122	46973123	102	10	1	2	0	0	0	1	1	unphased	0.625	0.625	1
19	47856579	47856580	111	17	1	2	0	0	0	1	1	unphased	0.9296875	0.9296875	1
19	47935570	47935571	69	18	1	2	0	0	0	1	1	unphased	1.44827586206897	1.44827586206897	1
19	49147767	49147768	28	3	1	2	0	0	0	1	1	unphased	0.67741935483871	0.67741935483871	1
19	49573356	49573357	63	20	1	2	0	0	0	1	1	unphased	1.68674698795181	1.68674698795181	1
19	50412100	50412101	56	5	1	2	0	0	0	1	1	unphased	0.573770491803279	0.573770491803279	1
19	52130746	52130747	85	22	1	2	0	0	0	1	1	unphased	1.4392523364486	1.4392523364486	1
19	54760089	54760090	75	28	3	2	1	1	NA	NA	NA	unphased	2.44660194174757	1.22330097087379	2
19	54802511	54802512	24	8	3	2	1	1	NA	NA	NA	unphased	2.25	1.125	2
19	55107720	55107721	72	21	3	2	1	1	NA	NA	NA	unphased	2.03225806451613	1.01612903225806	2
19	55445880	55445881	87	27	3	2	1	1	NA	NA	NA	unphased	2.13157894736842	1.06578947368421	2
19	57325949	57325950	44	17	3	2	1	1	NA	NA	NA	unphased	2.50819672131148	1.25409836065574	2
19	57328653	57328654	97	31	3	2	1	1	NA	NA	NA	unphased	2.1796875	1.08984375	2
19	57985283	57985284	95	26	3	2	1	1	NA	NA	NA	unphased	1.93388429752066	0.966942148760331	2
19	58945488	58945489	111	33	NA	NA	NA	NA	NA	NA	NA	unphased	NA	NA	1
2	15307191	15307192	52	15	3	2	1	1	NA	NA	NA	unphased	2.01492537313433	1.00746268656716	2
2	26203667	26203668	67	12	3	2	1	1	NA	NA	NA	unphased	1.36708860759494	1.36708860759494	1
2	33572547	33572548	89	10	3	2	1	1	NA	NA	NA	unphased	0.909090909090909	0.909090909090909	1
2	63217870	63217871	62	12	3	2	1	1	NA	NA	NA	unphased	1.45945945945946	1.45945945945946	1
2	69092864	69092865	182	20	3	2	1	1	NA	NA	NA	unphased	0.891089108910891	0.891089108910891	1
2	71838609	71838610	58	10	3	2	1	1	NA	NA	NA	unphased	1.32352941176471	1.32352941176471	1
2	77745780	77745781	70	29	3	2	1	1	NA	NA	NA	unphased	2.63636363636364	1.31818181818182	2
2	89084303	89084304	25	7	1.04	2	0	0.04	0	1	0.96	unphased	1.54	1.54	1
2	106690423	106690424	117	34	1.04	2	0	0.04	0	1	0.96	unphased	1.58516556291391	1.52419765664799	1.04
2	108489101	108489102	238	37	1.04	2	0	0.04	0	1	0.96	unphased	0.9472	0.9472	1
2	114257836	114257837	114	33	1.04	2	0	0.04	0	1	0.96	unphased	1.58040816326531	1.51962323390895	1.04
2	128324348	128324349	24	10	1.04	2	0	0.04	0	1	0.96	unphased	2.07058823529412	1.99095022624434	1.04
2	141299375	141299376	114	50	2	2	0	1	NA	NA	NA	unphased	2.4390243902439	1.21951219512195	2
2	159389748	159389749	24	7	4	2	2	1	NA	NA	NA	unphased	2.25806451612903	1.12903225806452	2
2	166179947	166179948	23	7	4	2	2	1	NA	NA	NA	unphased	2.33333333333333	1.16666666666667	2
2	168104771	168104772	58	24	4	2	2	1	NA	NA	NA	unphased	2.92682926829268	1.46341463414634	2
2	176973883	176973884	65	24	4	2	2	1	NA	NA	NA	unphased	2.69662921348315	1.34831460674157	2
2	178417115	178417116	159	57	4	2	2	1	NA	NA	NA	unphased	2.63888888888889	1.31944444444444	2
2	179418667	179418668	63	16	4	2	2	1	NA	NA	NA	unphased	2.0253164556962	1.0126582278481	2
2	179701636	179701637	59	16	4	2	2	1	NA	NA	NA	unphased	2.13333333333333	1.06666666666667	2
2	182543135	182543136	82	21	4	2	2	1	NA	NA	NA	unphased	2.03883495145631	1.01941747572816	2
2	185802211	185802212	89	20	4	2	2	1	NA	NA	NA	unphased	1.8348623853211	0.917431192660551	2
2	192821011	192821012	36	11	4	2	2	1	NA	NA	NA	unphased	2.34042553191489	1.17021276595745	2
2	196681687	196681688	37	10	4	2	2	1	NA	NA	NA	unphased	2.12765957446809	1.06382978723404	2
2	198571260	198571261	343	73	4	2	2	1	NA	NA	NA	unphased	1.75480769230769	0.877403846153846	2
2	206992578	206992579	130	14	4	2	2	1	NA	NA	NA	unphased	0.972222222222222	0.972222222222222	1
2	212522552	212522553	101	34	4	2	2	1	NA	NA	NA	unphased	2.51851851851852	1.25925925925926	2
2	215855533	215855534	63	10	4	2	2	1	NA	NA	NA	unphased	1.36986301369863	1.36986301369863	1
2	231090571	231090572	47	8	4	2	2	1	NA	NA	NA	unphased	1.45454545454545	1.45454545454545	1
2	232389862	232389863	41	12	4	2	2	1	NA	NA	NA	unphased	2.26415094339623	1.13207547169811	2
2	234652076	234652077	14	4	4	2	2	1	NA	NA	NA	unphased	2.22222222222222	2.22222222222222	1
20	376887	376888	40	18	NA	NA	NA	NA	NA	NA	NA	unphased	NA	NA	1
20	3527984	3527985	85	5	4	2	2	1	NA	NA	NA	unphased	0.555555555555556	0.555555555555556	1
20	3674160	3674161	48	13	4	2	2	1	NA	NA	NA	unphased	2.13114754098361	1.0655737704918	2
20	9543539	9543540	142	39	4	2	2	1	NA	NA	NA	unphased	2.15469613259669	1.07734806629834	2
20	9543571	9543572	147	37	4	2	2	1	NA	NA	NA	unphased	2.01086956521739	1.0054347826087	2
20	10025082	10025083	144	32	4	2	2	1	NA	NA	NA	unphased	1.81818181818182	0.909090909090909	2
20	23545529	23545530	67	6	4	2	2	1	NA	NA	NA	unphased	0.821917808219178	0.821917808219178	1
20	40739069	40739070	49	14	4	2	2	1	NA	NA	NA	unphased	2.22222222222222	1.11111111111111	2
20	42984470	42984471	29	4	4	2	2	1	NA	NA	NA	unphased	1.21212121212121	1.21212121212121	1
20	43836283	43836284	68	9	4	2	2	1	NA	NA	NA	unphased	1.16883116883117	1.16883116883117	1
20	43836955	43836956	42	5	4	2	2	1	NA	NA	NA	unphased	1.06382978723404	1.06382978723404	1
20	47865913	47865914	116	71	4	2	2	1	NA	NA	NA	unphased	3.79679144385027	1.89839572192513	2
21	10910350	10910351	120	32	NA	NA	NA	NA	NA	NA	NA	unphased	NA	NA	1
21	31744129	31744130	33	16	2	2	0	1	NA	NA	NA	unphased	2.61224489795918	1.30612244897959	2
21	31802963	31802964	46	13	2	2	0	1	NA	NA	NA	unphased	1.76271186440678	0.88135593220339	2
21	31933445	31933446	113	48	2	2	0	1	NA	NA	NA	unphased	2.38509316770186	1.19254658385093	2
21	33346919	33346920	57	38	2	2	0	1	NA	NA	NA	unphased	3.2	1.6	2
22	24718089	24718090	38	5	2	1	1	1	NA	NA	NA	unphased	0.930232558139535	0.930232558139535	1
22	26164977	26164978	8	3	2	1	1	1	NA	NA	NA	unphased	2.18181818181818	2.18181818181818	1
22	28193498	28193499	30	5	2	1	1	1	NA	NA	NA	unphased	1.14285714285714	1.14285714285714	1
22	28193499	28193500	30	5	2	1	1	1	NA	NA	NA	unphased	1.14285714285714	1.14285714285714	1
22	29837554	29837555	80	10	2	1	1	1	NA	NA	NA	unphased	0.888888888888889	0.888888888888889	1
22	38321896	38321897	17	5	2	1	1	1	NA	NA	NA	unphased	1.81818181818182	1.81818181818182	1
22	43870646	43870647	81	14	2	1	1	1	NA	NA	NA	unphased	1.17894736842105	1.17894736842105	1
22	46655393	46655394	80	21	2	1	1	1	NA	NA	NA	unphased	1.66336633663366	1.66336633663366	1
3	3143465	3143466	42	17	2	2	0	1	NA	NA	NA	unphased	2.30508474576271	1.15254237288136	2
3	11301760	11301761	44	24	2	2	0	1	NA	NA	NA	unphased	2.82352941176471	1.41176470588235	2
3	48726008	48726009	33	18	2	2	0	1	NA	NA	NA	unphased	2.82352941176471	1.41176470588235	2
3	49935560	49935561	45	18	2	2	0	1	NA	NA	NA	unphased	2.28571428571429	1.14285714285714	2
3	51274917	51274918	17	14	2	2	0	1	NA	NA	NA	unphased	3.61290322580645	1.80645161290323	2
3	54676190	54676191	17	11	2	2	0	1	NA	NA	NA	unphased	3.14285714285714	1.57142857142857	2
3	74384004	74384005	29	16	2	2	0	1	NA	NA	NA	unphased	2.84444444444444	1.42222222222222	2
3	96963121	96963122	102	30	1.24	2	1	0.12	0	1	0.88	unphased	1.64545454545455	1.46915584415584	1.12
3	97983302	97983303	277	98	1.24	2	1	0.12	0	1	0.88	unphased	1.89205333333333	1.68933333333333	1.12
3	98216576	98216577	119	35	1.24	2	1	0.12	0	1	0.88	unphased	1.64545454545455	1.46915584415584	1.12
3	98307564	98307565	53	13	1.24	2	1	0.12	0	1	0.88	unphased	1.42606060606061	1.42606060606061	1
3	113376160	113376161	35	6	1.24	2	1	0.12	0	1	0.88	unphased	1.05951219512195	1.05951219512195	1
3	113804842	113804843	7	4	1.24	2	1	0.12	0	1	0.88	unphased	2.63272727272727	2.35064935064935	1.12
3	119445028	119445029	28	7	3	2	1	1	NA	NA	NA	unphased	1.8	1.8	1
3	120973915	120973916	53	6	3	2	1	1	NA	NA	NA	unphased	0.915254237288136	0.915254237288136	1
3	121822486	121822487	75	34	3	2	1	1	NA	NA	NA	unphased	2.80733944954128	1.40366972477064	2
3	122645243	122645244	24	6	3	2	1	1	NA	NA	NA	unphased	1.8	1.8	1
3	132345610	132345611	39	10	3	2	1	1	NA	NA	NA	unphased	1.83673469387755	0.918367346938776	2
3	138474810	138474811	53	9	3	2	1	1	NA	NA	NA	unphased	1.30645161290323	1.30645161290323	1
3	142542438	142542439	128	17	3	2	1	1	NA	NA	NA	unphased	1.0551724137931	1.0551724137931	1
3	157131721	157131722	134	55	3	2	1	1	NA	NA	NA	unphased	2.61904761904762	1.30952380952381	2
3	170858262	170858263	183	22	3	2	1	1	NA	NA	NA	unphased	0.965853658536585	0.965853658536585	1
3	184428788	184428789	48	8	3	2	1	1	NA	NA	NA	unphased	1.28571428571429	1.28571428571429	1
3	185774901	185774902	49	9	3	2	1	1	NA	NA	NA	unphased	1.39655172413793	1.39655172413793	1
3	186954282	186954283	88	23	3	2	1	1	NA	NA	NA	unphased	1.86486486486486	0.932432432432432	2
4	2321974	2321975	33	6	2	2	0	1	NA	NA	NA	unphased	1.23076923076923	1.23076923076923	1
4	6325018	6325019	20	11	2	2	0	1	NA	NA	NA	unphased	2.83870967741935	1.41935483870968	2
4	10117831	10117832	23	11	2	2	0	1	NA	NA	NA	unphased	2.58823529411765	1.29411764705882	2
4	69536219	69536220	519	134	4	2	2	1	NA	NA	NA	unphased	2.052067381317	1.0260336906585	2
4	70080231	70080232	163	24	4	2	2	1	NA	NA	NA	unphased	1.28342245989305	1.28342245989305	1
4	70596263	70596264	62	19	4	2	2	1	NA	NA	NA	unphased	2.34567901234568	1.17283950617284	2
4	71346810	71346811	84	16	4	2	2	1	NA	NA	NA	unphased	1.6	0.8	2
4	73013163	73013164	93	26	4	2	2	1	NA	NA	NA	unphased	2.18487394957983	1.09243697478992	2
4	73956469	73956470	124	38	4	2	2	1	NA	NA	NA	unphased	2.34567901234568	1.17283950617284	2
4	86916249	86916250	80	24	4	2	2	1	NA	NA	NA	unphased	2.30769230769231	1.15384615384615	2
4	104577452	104577453	78	32	2	2	0	1	NA	NA	NA	unphased	2.32727272727273	1.16363636363636	2
4	106157610	106157611	36	13	2	2	0	1	NA	NA	NA	unphased	2.12244897959184	1.06122448979592	2
4	114278124	114278125	42	21	2	2	0	1	NA	NA	NA	unphased	2.66666666666667	1.33333333333333	2
4	120085546	120085547	24	10	2	2	0	1	NA	NA	NA	unphased	2.35294117647059	1.17647058823529	2
4	122682831	122682832	37	9	2	2	0	1	NA	NA	NA	unphased	1.56521739130435	1.56521739130435	1
4	155489561	155489562	74	27	2	2	0	1	NA	NA	NA	unphased	2.13861386138614	1.06930693069307	2
4	159568062	159568063	69	18	2	2	0	1	NA	NA	NA	unphased	1.6551724137931	0.827586206896552	2
5	488522	488523	32	11	NA	NA	NA	NA	NA	NA	NA	unphased	NA	NA	1
5	9197320	9197321	140	17	5	3	2	1	NA	NA	NA	unphased	1.19108280254777	1.19108280254777	1
5	16067754	16067755	109	12	5	3	2	1	NA	NA	NA	unphased	1.09090909090909	1.09090909090909	1
5	19612582	19612583	69	11	5	3	2	1	NA	NA	NA	unphased	1.5125	1.5125	1
5	21752326	21752327	84	20	5	3	2	1	NA	NA	NA	unphased	2.11538461538462	1.05769230769231	2
5	26915771	26915772	114	31	5	3	2	1	NA	NA	NA	unphased	2.35172413793103	1.17586206896552	2
5	41381997	41381998	126	34	5	3	2	1	NA	NA	NA	unphased	2.3375	1.16875	2
5	43280355	43280356	79	4	5	3	2	1	NA	NA	NA	unphased	0.530120481927711	0.530120481927711	1
5	64883125	64883126	57	20	2	2	0	1	NA	NA	NA	unphased	2.07792207792208	1.03896103896104	2
5	96503331	96503332	81	26	2	2	0	1	NA	NA	NA	unphased	1.94392523364486	0.97196261682243	2
5	118835178	118835179	128	55	2	2	0	1	NA	NA	NA	unphased	2.40437158469945	1.20218579234973	2
5	127866323	127866324	33	12	2	2	0	1	NA	NA	NA	unphased	2.13333333333333	1.06666666666667	2
5	127873058	127873059	23	12	2	2	0	1	NA	NA	NA	unphased	2.74285714285714	1.37142857142857	2
5	140474749	140474750	52	16	2	2	0	1	NA	NA	NA	unphased	1.88235294117647	0.941176470588235	2
5	140736645	140736646	23	14	2	2	0	1	NA	NA	NA	unphased	3.02702702702703	1.51351351351351	2
5	147862720	147862721	13	8	2	2	0	1	NA	NA	NA	unphased	3.04761904761905	1.52380952380952	2
5	156565908	156565909	82	21	2	2	0	1	NA	NA	NA	unphased	1.63106796116505	0.815533980582524	2
5	169435717	169435718	113	30	2	2	0	1	NA	NA	NA	unphased	1.67832167832168	0.839160839160839	2
5	178417661	178417662	15	3	2	2	0	1	NA	NA	NA	unphased	1.33333333333333	1.33333333333333	1
5	178506348	178506349	127	63	2	2	0	1	NA	NA	NA	unphased	2.65263157894737	1.32631578947368	2
6	25861851	25861852	75	7	4	3	1	1	NA	NA	NA	unphased	0.853658536585366	0.853658536585366	1
6	26373141	26373142	82	79	10	7	3	1	NA	NA	NA	unphased	7.85093167701863	1.12156166814552	7
6	27418996	27418997	28	12	1.82	2	1	0.41	1	0	0.59	unphased	2.346	1.66382978723404	1.41
6	29142240	29142241	120	50	1.82	2	1	0.41	1	0	0.59	unphased	2.3	1.63120567375887	1.41
6	29365228	29365229	203	27	1.82	2	1	0.41	1	0	0.59	unphased	0.918	0.918	1
6	29640679	29640680	272	114	1.82	2	1	0.41	1	0	0.59	unphased	2.30953367875648	1.63796714805424	1.41
6	30164346	30164347	105	5	1.82	2	1	0.41	1	0	0.59	unphased	0.355454545454545	0.866962305986696	0.41
6	31911042	31911043	56	12	1.82	2	1	0.41	1	0	0.59	unphased	1.38	1.38	1
6	39073160	39073161	161	24	8	7	1	1	NA	NA	NA	unphased	1.81621621621622	0.908108108108108	2
6	40400623	40400624	42	14	3	2	1	1	NA	NA	NA	unphased	2.25	1.125	2
6	40400624	40400625	42	14	3	2	1	1	NA	NA	NA	unphased	2.25	1.125	2
6	42185577	42185578	17	6	3	2	1	1	NA	NA	NA	unphased	2.34782608695652	1.17391304347826	2
6	47976770	47976771	40	4	3	2	1	1	NA	NA	NA	unphased	0.818181818181818	0.818181818181818	1
6	49754262	49754263	132	12	3	2	1	1	NA	NA	NA	unphased	0.75	0.75	1
6	51619625	51619626	84	15	3	2	1	1	NA	NA	NA	unphased	1.36363636363636	1.36363636363636	1
6	53519010	53519011	80	5	1.79	1	1	0.79	1	0	0.21	unphased	0.458235294117647	0.580044676098287	0.79
6	56481509	56481510	136	23	1.79	1	1	0.79	1	0	0.21	unphased	1.12685534591195	1.12685534591195	1
6	74072849	74072850	81	18	1.79	1	1	0.79	1	0	0.21	unphased	1.41636363636364	1.41636363636364	1
6	76660392	76660393	54	14	1.79	1	1	0.79	1	0	0.21	unphased	1.60382352941176	1.60382352941176	1
6	84930829	84930830	132	21	1.79	1	1	0.79	1	0	0.21	unphased	1.06921568627451	1.06921568627451	1
6	101847267	101847268	55	13	1.79	1	1	0.79	1	0	0.21	unphased	1.48926470588235	1.48926470588235	1
6	105405134	105405135	63	8	2	1	1	1	NA	NA	NA	unphased	0.901408450704225	0.901408450704225	1
6	111694417	111694418	92	17	2	1	1	1	NA	NA	NA	unphased	1.24770642201835	1.24770642201835	1
6	128294962	128294963	60	6	2	1	1	1	NA	NA	NA	unphased	0.727272727272727	0.727272727272727	1
6	129714271	129714272	45	8	2	1	1	1	NA	NA	NA	unphased	1.20754716981132	1.20754716981132	1
6	129714293	129714294	49	8	2	1	1	1	NA	NA	NA	unphased	1.12280701754386	1.12280701754386	1
6	130761690	130761691	162	13	2	1	1	1	NA	NA	NA	unphased	0.594285714285714	0.594285714285714	1
6	136599262	136599263	138	12	2	1	1	1	NA	NA	NA	unphased	0.64	0.64	1
6	152443810	152443811	97	13	2	1	1	1	NA	NA	NA	unphased	0.945454545454545	0.945454545454545	1
6	155485653	155485654	166	20	2	1	1	1	NA	NA	NA	unphased	0.860215053763441	0.860215053763441	1
7	1520046	1520047	25	4	1.44	2	1	0.22	1	0	0.78	unphased	1.02620689655172	1.02620689655172	1
7	20449350	20449351	93	33	3	2	1	1	NA	NA	NA	unphased	2.35714285714286	1.17857142857143	2
7	21840845	21840846	31	3	3	2	1	1	NA	NA	NA	unphased	0.794117647058824	0.794117647058824	1
7	43483855	43483856	47	11	3	2	1	1	NA	NA	NA	unphased	1.70689655172414	0.853448275862069	2
7	44150525	44150526	49	5	3	2	1	1	NA	NA	NA	unphased	0.833333333333333	0.833333333333333	1
7	45141437	45141438	73	6	3	2	1	1	NA	NA	NA	unphased	0.683544303797468	0.683544303797468	1
7	71177027	71177028	100	15	4	2	2	1	NA	NA	NA	unphased	1.30434782608696	1.30434782608696	1
7	72657498	72657499	251	56	4	2	2	1	NA	NA	NA	unphased	1.82410423452769	0.912052117263844	2
7	72683036	72683037	11	5	4	2	2	1	NA	NA	NA	unphased	3.125	1.5625	2
7	72683037	72683038	10	5	4	2	2	1	NA	NA	NA	unphased	3.33333333333333	1.66666666666667	2
7	73588722	73588723	33	7	4	2	2	1	NA	NA	NA	unphased	1.75	1.75	1
7	82764220	82764221	375	181	2.3	4	2	0.26	1	0	0.74	unphased	2.70197841726619	1.07221365764531	2.52
7	86468552	86468553	77	13	4	2	2	1	NA	NA	NA	unphased	1.44444444444444	1.44444444444444	1
7	91980362	91980363	13	4	4	2	2	1	NA	NA	NA	unphased	2.35294117647059	2.35294117647059	1
7	94540563	94540564	55	7	4	2	2	1	NA	NA	NA	unphased	1.12903225806452	1.12903225806452	1
7	94540576	94540577	48	5	4	2	2	1	NA	NA	NA	unphased	0.943396226415094	0.943396226415094	1
7	95045524	95045525	35	14	4	2	2	1	NA	NA	NA	unphased	2.85714285714286	1.42857142857143	2
7	100552895	100552896	142	11	4	2	2	1	NA	NA	NA	unphased	0.718954248366013	0.718954248366013	1
7	100682137	100682138	576	145	4	2	2	1	NA	NA	NA	unphased	2.01109570041609	1.00554785020804	2
7	103143605	103143606	56	13	4	2	2	1	NA	NA	NA	unphased	1.88405797101449	0.942028985507246	2
7	104782777	104782778	178	46	4	2	2	1	NA	NA	NA	unphased	2.05357142857143	1.02678571428571	2
7	107314661	107314662	133	28	4	2	2	1	NA	NA	NA	unphased	1.73913043478261	0.869565217391304	2
7	107642143	107642144	18	4	4	2	2	1	NA	NA	NA	unphased	1.81818181818182	1.81818181818182	1
7	107824973	107824974	40	15	4	2	2	1	NA	NA	NA	unphased	2.72727272727273	1.36363636363636	2
7	116918432	116918433	14	4	4	2	2	1	NA	NA	NA	unphased	2.22222222222222	2.22222222222222	1
7	129986301	129986302	64	15	4	2	2	1	NA	NA	NA	unphased	1.89873417721519	0.949367088607595	2
7	137801496	137801497	38	19	4	2	2	1	NA	NA	NA	unphased	3.33333333333333	1.66666666666667	2
7	141429402	141429403	61	23	4	2	2	1	NA	NA	NA	unphased	2.73809523809524	1.36904761904762	2
7	142176337	142176338	55	12	4	2	2	1	NA	NA	NA	unphased	1.7910447761194	0.895522388059701	2
7	142223902	142223903	168	18	4	2	2	1	NA	NA	NA	unphased	0.967741935483871	0.967741935483871	1
7	142562204	142562205	180	49	4	2	2	1	NA	NA	NA	unphased	2.13973799126638	1.06986899563319	2
7	143792514	143792515	111	29	4	2	2	1	NA	NA	NA	unphased	2.07142857142857	1.03571428571429	2
7	148112698	148112699	68	21	4	2	2	1	NA	NA	NA	unphased	2.35955056179775	1.17977528089888	2
7	149485869	149485870	38	18	6	4	2	1	NA	NA	NA	unphased	3.85714285714286	0.964285714285714	4
7	150324720	150324721	21	9	4	2	2	1	NA	NA	NA	unphased	3	1.5	2
7	154585870	154585871	27	5	6.32	4	4	0.72	1	1	0.28	unphased	1.925	1.925	1
8	10383192	10383193	19	8	4	2	2	1	NA	NA	NA	unphased	2.96296296296296	1.48148148148148	2
8	10467246	10467247	163	36	4	2	2	1	NA	NA	NA	unphased	1.80904522613065	0.904522613065327	2
8	12586806	12586807	47	13	4	2	2	1	NA	NA	NA	unphased	2.16666666666667	1.08333333333333	2
8	13357524	13357525	118	19	4	2	2	1	NA	NA	NA	unphased	1.38686131386861	1.38686131386861	1
8	19805736	19805737	103	18	2.48	2	2	0.24	1	1	0.76	unphased	1.26148760330579	1.26148760330579	1
8	27320795	27320796	66	13	2.48	2	2	0.24	1	1	0.76	unphased	1.39544303797468	1.39544303797468	1
8	27462493	27462494	95	39	2.48	2	2	0.24	1	1	0.76	unphased	2.46805970149254	1.99037072701011	1.24
8	37691585	37691586	59	14	2.48	2	2	0.24	1	1	0.76	unphased	1.62630136986301	1.31153336279275	1.24
8	39442794	39442795	34	9	2.48	2	2	0.24	1	1	0.76	unphased	1.77488372093023	1.77488372093023	1
8	41122770	41122771	62	16	2.48	2	2	0.24	1	1	0.76	unphased	1.73948717948718	1.40281224152192	1.24
8	41571698	41571699	37	7	2.48	2	2	0.24	1	1	0.76	unphased	1.34909090909091	1.34909090909091	1
8	42038128	42038129	79	11	2.48	2	2	0.24	1	1	0.76	unphased	1.03644444444444	1.03644444444444	1
8	53852565	53852566	29	6	2.48	2	2	0.24	1	1	0.76	unphased	1.45371428571429	1.45371428571429	1
8	57025762	57025763	71	11	2.48	2	2	0.24	1	1	0.76	unphased	1.13756097560976	1.13756097560976	1
8	57358363	57358364	69	8	2.48	2	2	0.24	1	1	0.76	unphased	0.881038961038961	0.881038961038961	1
8	61707559	61707560	99	20	2.48	2	2	0.24	1	1	0.76	unphased	1.42521008403361	1.42521008403361	1
8	67786808	67786809	28	4	2.48	2	2	0.24	1	1	0.76	unphased	1.06	1.06	1
8	68658311	68658312	49	7	2.48	2	2	0.24	1	1	0.76	unphased	1.06	1.06	1
8	75927085	75927086	36	6	2.48	2	2	0.24	1	1	0.76	unphased	1.21142857142857	1.21142857142857	1
8	92998378	92998379	193	37	2.48	2	2	0.24	1	1	0.76	unphased	1.36417391304348	1.10014025245442	1.24
8	105105697	105105698	152	68	2.48	2	2	0.24	1	1	0.76	unphased	2.62109090909091	2.11378299120235	1.24
8	106815426	106815427	38	19	2.48	2	2	0.24	1	1	0.76	unphased	2.82666666666667	2.27956989247312	1.24
8	110413725	110413726	64	12	2.48	2	2	0.24	1	1	0.76	unphased	1.33894736842105	1.33894736842105	1
8	114111137	114111138	52	22	2.48	2	2	0.24	1	1	0.76	unphased	2.52108108108108	2.03312990409765	1.24
8	119123234	119123235	24	5	2.48	2	2	0.24	1	1	0.76	unphased	1.46206896551724	1.46206896551724	1
8	139165276	139165277	91	31	5	3	2	1	NA	NA	NA	unphased	2.79508196721311	0.931693989071038	3
8	144124595	144124596	49	8	5	3	2	1	NA	NA	NA	unphased	1.54385964912281	1.54385964912281	1
9	6328911	6328912	58	27	2	2	0	1	NA	NA	NA	unphased	2.54117647058824	1.27058823529412	2
9	19063029	19063030	101	41	2	2	0	1	NA	NA	NA	unphased	2.30985915492958	1.15492957746479	2
9	21216930	21216931	220	66	2	2	0	1	NA	NA	NA	unphased	1.84615384615385	0.923076923076923	2
9	43627174	43627175	654	168	2	2	0	1	NA	NA	NA	unphased	1.63503649635036	0.817518248175182	2
9	69420353	69420354	216	12	2	2	0	1	NA	NA	NA	unphased	0.421052631578947	0.421052631578947	1
9	79635400	79635401	45	10	2	2	0	1	NA	NA	NA	unphased	1.45454545454545	1.45454545454545	1
9	79980488	79980489	33	8	2	2	0	1	NA	NA	NA	unphased	1.5609756097561	1.5609756097561	1
9	86284186	86284187	33	6	2	2	0	1	NA	NA	NA	unphased	1.23076923076923	1.23076923076923	1
9	90388094	90388095	39	9	2	2	0	1	NA	NA	NA	unphased	1.5	1.5	1
9	101824293	101824294	118	32	2	2	0	1	NA	NA	NA	unphased	1.70666666666667	0.853333333333333	2
9	123731376	123731377	95	25	4	2	2	1	NA	NA	NA	unphased	2.08333333333333	1.04166666666667	2
9	124329405	124329406	130	37	4	2	2	1	NA	NA	NA	unphased	2.21556886227545	1.10778443113772	2
9	125377739	125377740	124	31	4	2	2	1	NA	NA	NA	unphased	2	1	2
9	125797552	125797553	150	56	4	2	2	1	NA	NA	NA	unphased	2.71844660194175	1.35922330097087	2
9	130536631	130536632	51	17	4	2	2	1	NA	NA	NA	unphased	2.5	1.25	2
9	132586259	132586260	19	6	4	2	2	1	NA	NA	NA	unphased	2.4	1.2	2
9	134077032	134077033	83	19	4	2	2	1	NA	NA	NA	unphased	1.86274509803922	0.931372549019608	2
9	135173663	135173664	57	14	4	2	2	1	NA	NA	NA	unphased	1.97183098591549	0.985915492957746	2
9	135374959	135374960	58	21	4	2	2	1	NA	NA	NA	unphased	2.65822784810127	1.32911392405063	2
9	140354832	140354833	18	6	4	2	2	1	NA	NA	NA	unphased	2.5	1.25	2
X	1584525	1584526	65	12	NA	NA	NA	NA	NA	NA	NA	unphased	NA	NA	1
X	50350570	50350571	16	13	NA	NA	NA	NA	NA	NA	NA	unphased	NA	NA	1
X	54359976	54359977	62	38	NA	NA	NA	NA	NA	NA	NA	unphased	NA	NA	1
X	65242610	65242611	22	6	NA	NA	NA	NA	NA	NA	NA	unphased	NA	NA	1
X	88009302	88009303	19	6	NA	NA	NA	NA	NA	NA	NA	unphased	NA	NA	1
X	110574145	110574146	77	46	NA	NA	NA	NA	NA	NA	NA	unphased	NA	NA	1
X	135301624	135301625	57	7	NA	NA	NA	NA	NA	NA	NA	unphased	NA	NA	1
X	151899633	151899634	3	10	NA	NA	NA	NA	NA	NA	NA	unphased	NA	NA	1
X	153689938	153689939	59	173	NA	NA	NA	NA	NA	NA	NA	unphased	NA	NA	1
X	154158603	154158604	37	61	NA	NA	NA	NA	NA	NA	NA	unphased	NA	NA	1
Y	4967790	4967791	51	15	NA	NA	NA	NA	NA	NA	NA	unphased	NA	NA	1
Y	4968235	4968236	44	13	NA	NA	NA	NA	NA	NA	NA	unphased	NA	NA	1
