chr	start	end	WT.count	mut.count	subclonal.CN	nMaj1	nMin1	frac1	nMaj2	nMin2	frac2	phase	mutation.copy.number	subclonal.fraction	no.chrs.bearing.mut
1	1119298	1119299	129	21	3	2	1	1	NA	NA	NA	unphased	0.723333333333333	0.723333333333333	1
1	16462238	16462239	39	14	1.44	2	1	0.22	1	0	0.78	unphased	0.952704402515723	0.952704402515723	1
1	28203207	28203208	19	24	2	2	0	1	NA	NA	NA	unphased	2.32558139534884	1.16279069767442	2
1	28203208	28203209	19	24	2	2	0	1	NA	NA	NA	unphased	2.32558139534884	1.16279069767442	2
1	31907079	31907080	51	16	2	2	0	1	NA	NA	NA	unphased	0.995024875621891	0.995024875621891	1
1	41483565	41483566	19	27	2	2	0	1	NA	NA	NA	unphased	2.44565217391304	1.22282608695652	2
1	52255040	52255041	33	13	1.03	2	2	0.01	0	1	0.99	unphased	0.903405797101449	0.903405797101449	1
1	53362112	53362113	14	10	1.03	2	2	0.01	0	1	0.99	unphased	1.33194444444444	1.33194444444444	1
1	100634080	100634081	11	9	2	2	0	1	NA	NA	NA	unphased	1.875	0.9375	2
1	103540305	103540306	6	4	2	2	0	1	NA	NA	NA	unphased	1.66666666666667	1.66666666666667	1
1	150940346	150940347	38	13	3	2	1	1	NA	NA	NA	unphased	1.31699346405229	1.31699346405229	1
1	151260636	151260637	42	7	3	2	1	1	NA	NA	NA	unphased	0.738095238095238	0.738095238095238	1
1	154471658	154471659	25	16	3	2	1	1	NA	NA	NA	unphased	2.01626016260163	1.00813008130081	2
1	155912595	155912596	32	6	3	2	1	1	NA	NA	NA	unphased	0.81578947368421	0.81578947368421	1
1	156911177	156911178	41	22	3	2	1	1	NA	NA	NA	unphased	1.8042328042328	0.902116402116402	2
1	157666123	157666124	47	24	3	2	1	1	NA	NA	NA	unphased	1.74647887323944	0.873239436619718	2
1	158581148	158581149	45	5	3	2	1	1	NA	NA	NA	unphased	0.516666666666667	0.516666666666667	1
1	159176167	159176168	302	58	3	2	1	1	NA	NA	NA	unphased	0.832407407407407	0.832407407407407	1
1	168250308	168250309	30	3	3	2	1	1	NA	NA	NA	unphased	0.46969696969697	0.46969696969697	1
1	173569276	173569277	20	10	3	2	1	1	NA	NA	NA	unphased	1.72222222222222	0.861111111111111	2
1	175113679	175113680	33	6	3	2	1	1	NA	NA	NA	unphased	0.794871794871795	0.794871794871795	1
1	177247797	177247798	110	74	3	2	1	1	NA	NA	NA	unphased	2.07789855072464	1.03894927536232	2
1	196946712	196946713	17	10	2.11	2	1	0.11	1	1	0.89	unphased	1.58395061728395	1.58395061728395	1
1	196946713	196946714	18	10	2.11	2	1	0.11	1	1	0.89	unphased	1.52738095238095	1.52738095238095	1
1	196973832	196973833	82	8	2.11	2	1	0.11	1	1	0.89	unphased	0.380148148148148	0.380148148148148	1
1	198677297	198677298	20	11	2.11	2	1	0.11	1	1	0.89	unphased	1.51752688172043	1.51752688172043	1
1	201845275	201845276	11	7	2.11	2	1	0.11	1	1	0.89	unphased	1.66314814814815	1.66314814814815	1
1	203155725	203155726	110	37	2.11	2	1	0.11	1	1	0.89	unphased	1.07643990929705	1.07643990929705	1
1	214170805	214170806	42	19	4	2	2	1	NA	NA	NA	unphased	1.9207650273224	0.960382513661202	2
1	235403668	235403669	25	8	2.2	2	2	0.1	1	1	0.9	unphased	1.05858585858586	1.05858585858586	1
1	237955437	237955438	8	5	2.2	2	2	0.1	1	1	0.9	unphased	1.67948717948718	1.67948717948718	1
1	247654536	247654537	30	10	4	2	2	1	NA	NA	NA	unphased	1.54166666666667	1.54166666666667	1
1	247654669	247654670	51	21	4	2	2	1	NA	NA	NA	unphased	1.79861111111111	0.899305555555556	2
1	247752247	247752248	68	32	4	2	2	1	NA	NA	NA	unphased	1.97333333333333	0.986666666666667	2
1	247902475	247902476	155	63	4	2	2	1	NA	NA	NA	unphased	1.78211009174312	0.89105504587156	2
1	248224554	248224555	67	26	1.21	2	2	0.07	0	1	0.93	unphased	0.944014336917563	0.944014336917563	1
1	248756729	248756730	7	22	NA	NA	NA	NA	NA	NA	NA	unphased	NA	NA	1
10	17632411	17632412	38	22	3	2	1	1	NA	NA	NA	unphased	1.89444444444444	0.947222222222222	2
10	22676870	22676871	15	7	3	2	1	1	NA	NA	NA	unphased	1.64393939393939	1.64393939393939	1
10	24885807	24885808	18	7	3	2	1	1	NA	NA	NA	unphased	1.44666666666667	1.44666666666667	1
10	26513568	26513569	20	13	3	2	1	1	NA	NA	NA	unphased	2.03535353535354	1.01767676767677	2
10	26589800	26589801	55	31	3	2	1	1	NA	NA	NA	unphased	1.86240310077519	0.931201550387597	2
10	26781326	26781327	30	25	3	2	1	1	NA	NA	NA	unphased	2.34848484848485	1.17424242424242	2
10	81146183	81146184	24	6	3	2	1	1	NA	NA	NA	unphased	1.03333333333333	1.03333333333333	1
10	101802193	101802194	43	16	3	2	1	1	NA	NA	NA	unphased	1.40112994350282	1.40112994350282	1
10	102748022	102748023	43	26	3	2	1	1	NA	NA	NA	unphased	1.94685990338164	0.973429951690821	2
10	112839248	112839249	13	5	3	2	1	1	NA	NA	NA	unphased	1.43518518518519	1.43518518518519	1
10	129845667	129845668	12	14	3	2	1	1	NA	NA	NA	unphased	2.78205128205128	1.39102564102564	2
10	135165984	135165985	24	4	3	2	1	1	NA	NA	NA	unphased	0.738095238095238	0.738095238095238	1
11	14825508	14825509	22	8	1.26	2	1	0.13	1	0	0.87	unphased	0.913777777777778	0.913777777777778	1
11	14825509	14825510	22	8	1.26	2	1	0.13	1	0	0.87	unphased	0.913777777777778	0.913777777777778	1
11	15197550	15197551	10	3	1.26	2	1	0.13	1	0	0.87	unphased	0.790769230769231	0.790769230769231	1
11	20065628	20065629	51	20	3	2	1	1	NA	NA	NA	unphased	1.45539906103286	0.727699530516432	2
11	22398164	22398165	43	7	3	2	1	1	NA	NA	NA	unphased	0.723333333333333	0.723333333333333	1
11	36614912	36614913	33	10	3	2	1	1	NA	NA	NA	unphased	1.2015503875969	1.2015503875969	1
11	44639752	44639753	97	24	7.44	6	2	0.92	0	1	0.08	unphased	1.90545454545455	0.992424242424243	1.92
11	46419109	46419110	37	18	2.32	2	2	0.16	1	1	0.84	unphased	1.46836363636364	1.26583072100313	1.16
11	48328132	48328133	36	21	2.32	2	2	0.16	1	1	0.84	unphased	1.65298245614035	1.42498487598306	1.16
11	55587725	55587726	31	28	3	2	1	1	NA	NA	NA	unphased	2.45197740112994	1.22598870056497	2
11	55606918	55606919	50	6	3	2	1	1	NA	NA	NA	unphased	0.553571428571428	0.553571428571428	1
11	55927594	55927595	78	7	3	2	1	1	NA	NA	NA	unphased	0.425490196078431	0.425490196078431	1
11	56086138	56086139	30	19	3	2	1	1	NA	NA	NA	unphased	2.00340136054422	1.00170068027211	2
11	56128026	56128027	80	24	3	2	1	1	NA	NA	NA	unphased	1.19230769230769	1.19230769230769	1
11	56258687	56258688	63	18	3	2	1	1	NA	NA	NA	unphased	1.14814814814815	1.14814814814815	1
11	56344632	56344633	31	15	3	2	1	1	NA	NA	NA	unphased	1.68478260869565	0.842391304347826	2
11	66626527	66626528	125	32	1.12	2	1	0.06	0	1	0.94	unphased	0.669893842887473	0.669893842887473	1
11	71249542	71249543	307	20	1.12	2	1	0.06	0	1	0.94	unphased	0.201019367991845	0.201019367991845	1
11	82868482	82868483	49	12	1.12	2	1	0.06	0	1	0.94	unphased	0.64655737704918	0.64655737704918	1
11	88781083	88781084	14	6	2.24	2	2	0.12	1	1	0.88	unphased	1.322	1.322	1
11	89224491	89224492	3	10	2.24	2	2	0.12	1	1	0.88	unphased	3.38974358974359	3.02655677655678	1.12
11	120099840	120099841	24	26	2	2	0	1	NA	NA	NA	unphased	2.16666666666667	1.08333333333333	2
11	123900633	123900634	41	21	2	2	0	1	NA	NA	NA	unphased	1.41129032258065	0.705645161290323	2
12	19506923	19506924	16	17	2	2	0	1	NA	NA	NA	unphased	2.14646464646465	1.07323232323232	2
12	21919139	21919140	17	6	2	2	0	1	NA	NA	NA	unphased	1.08695652173913	1.08695652173913	1
12	22680691	22680692	38	22	1.21	2	2	0.07	0	1	0.93	unphased	1.23811111111111	1.23811111111111	1
12	29446299	29446300	63	8	4	2	2	1	NA	NA	NA	unphased	0.694835680751174	0.694835680751174	1
12	29596309	29596310	74	28	4	2	2	1	NA	NA	NA	unphased	1.69281045751634	0.84640522875817	2
12	32755212	32755213	74	18	4	2	2	1	NA	NA	NA	unphased	1.20652173913043	1.20652173913043	1
12	49374975	49374976	20	14	2	2	0	1	NA	NA	NA	unphased	1.7156862745098	0.857843137254902	2
12	57629557	57629558	52	18	2.44	2	2	0.22	1	1	0.78	unphased	1.18457142857143	1.18457142857143	1
12	78452821	78452822	25	19	2.34	2	2	0.17	1	1	0.83	unphased	1.94606060606061	1.66329966329966	1.17
12	99640550	99640551	110	38	4	2	2	1	NA	NA	NA	unphased	1.58333333333333	0.791666666666667	2
12	106831556	106831557	13	8	4	2	2	1	NA	NA	NA	unphased	2.34920634920635	1.17460317460317	2
12	115120816	115120817	21	8	4	2	2	1	NA	NA	NA	unphased	1.70114942528736	1.70114942528736	1
12	130892284	130892285	247	93	2.38	2	2	0.19	1	1	0.81	unphased	1.24364705882353	1.04508156203658	1.19
13	39263873	39263874	29	18	2	2	0	1	NA	NA	NA	unphased	1.59574468085106	0.797872340425532	2
13	97638924	97638925	10	3	2	2	0	1	NA	NA	NA	unphased	0.961538461538462	0.961538461538462	1
13	109459147	109459148	9	11	2	2	0	1	NA	NA	NA	unphased	2.29166666666667	1.14583333333333	2
13	113516812	113516813	18	8	2	2	0	1	NA	NA	NA	unphased	1.28205128205128	1.28205128205128	1
14	20216369	20216370	44	19	NA	NA	NA	NA	NA	NA	NA	unphased	NA	NA	1
14	20216370	20216371	44	19	NA	NA	NA	NA	NA	NA	NA	unphased	NA	NA	1
14	21490239	21490240	24	32	2	2	0	1	NA	NA	NA	unphased	2.38095238095238	1.19047619047619	2
14	30046595	30046596	32	22	2	2	0	1	NA	NA	NA	unphased	1.69753086419753	0.848765432098765	2
14	39787162	39787163	12	15	2	2	0	1	NA	NA	NA	unphased	2.31481481481481	1.15740740740741	2
14	45700437	45700438	31	11	2	2	0	1	NA	NA	NA	unphased	1.09126984126984	1.09126984126984	1
14	53570511	53570512	10	9	2	2	0	1	NA	NA	NA	unphased	1.97368421052632	0.986842105263158	2
14	69387835	69387836	32	14	2	2	0	1	NA	NA	NA	unphased	1.26811594202899	1.26811594202899	1
14	70883737	70883738	39	30	2	2	0	1	NA	NA	NA	unphased	1.81159420289855	0.905797101449275	2
14	101200562	101200563	44	66	3	3	0	1	NA	NA	NA	unphased	3.1	1.03333333333333	3
14	105207567	105207568	18	22	3	3	0	1	NA	NA	NA	unphased	2.84166666666667	0.947222222222222	3
14	107083244	107083245	87	69	3	3	0	1	NA	NA	NA	unphased	2.28525641025641	1.14262820512821	2
15	43552430	43552431	38	5	2	1	1	1	NA	NA	NA	unphased	0.484496124031008	0.484496124031008	1
15	50535060	50535061	26	4	2	1	1	1	NA	NA	NA	unphased	0.555555555555556	0.555555555555556	1
15	63031669	63031670	35	16	2	1	1	1	NA	NA	NA	unphased	1.30718954248366	1.30718954248366	1
15	65157588	65157589	38	5	2	1	1	1	NA	NA	NA	unphased	0.484496124031008	0.484496124031008	1
15	72302778	72302779	34	9	2	1	1	1	NA	NA	NA	unphased	0.872093023255814	0.872093023255814	1
15	72668247	72668248	89	22	2	1	1	1	NA	NA	NA	unphased	0.825825825825826	0.825825825825826	1
15	84373179	84373180	102	39	2	1	1	1	NA	NA	NA	unphased	1.15248226950355	1.15248226950355	1
16	1818872	1818873	15	8	3	3	0	1	NA	NA	NA	unphased	1.79710144927536	1.79710144927536	1
16	28596271	28596272	20	9	2	2	0	1	NA	NA	NA	unphased	1.29310344827586	1.29310344827586	1
16	28948615	28948616	23	4	4.2	3	3	0.55	1	1	0.45	unphased	0.94320987654321	0.94320987654321	1
16	28975063	28975064	64	9	4.2	3	3	0.55	1	1	0.45	unphased	0.784931506849315	0.784931506849315	1
16	30409114	30409115	63	40	4.2	3	3	0.55	1	1	0.45	unphased	2.47249190938511	0.969604670347104	2.55
16	31422475	31422476	151	17	4.2	3	3	0.55	1	1	0.45	unphased	0.644246031746032	1.17135642135642	0.55
16	31926704	31926705	82	10	4.2	3	3	0.55	1	1	0.45	unphased	0.692028985507246	0.692028985507246	1
16	89256788	89256789	13	12	3	3	0	1	NA	NA	NA	unphased	2.48	0.826666666666667	3
17	7578279	7578280	28	21	2	2	0	1	NA	NA	NA	unphased	1.78571428571429	0.892857142857143	2
17	10351331	10351332	46	40	2	2	0	1	NA	NA	NA	unphased	1.93798449612403	0.968992248062016	2
17	10408216	10408217	49	22	2	2	0	1	NA	NA	NA	unphased	1.29107981220657	1.29107981220657	1
17	33807115	33807116	9	9	2	2	0	1	NA	NA	NA	unphased	2.08333333333333	1.04166666666667	2
17	38928280	38928281	105	42	2	2	0	1	NA	NA	NA	unphased	1.19047619047619	1.19047619047619	1
17	60043992	60043993	21	12	6	6	0	1	NA	NA	NA	unphased	2.96969696969697	0.98989898989899	3
17	61611620	61611621	41	89	6	6	0	1	NA	NA	NA	unphased	5.59102564102564	0.931837606837607	6
17	66871485	66871486	31	23	3	3	0	1	NA	NA	NA	unphased	2.20061728395062	1.10030864197531	2
18	7949265	7949266	26	24	3	2	1	1	NA	NA	NA	unphased	2.48	1.24	2
18	14542745	14542746	120	14	3	2	1	1	NA	NA	NA	unphased	0.539800995024876	0.539800995024876	1
18	14851783	14851784	20	10	3	2	1	1	NA	NA	NA	unphased	1.72222222222222	0.861111111111111	2
19	5229331	5229332	5	5	2	2	0	1	NA	NA	NA	unphased	2.08333333333333	2.08333333333333	1
19	11448112	11448113	23	20	2	2	0	1	NA	NA	NA	unphased	1.93798449612403	0.968992248062016	2
19	13084373	13084374	36	32	2	2	0	1	NA	NA	NA	unphased	1.96078431372549	0.980392156862745	2
19	15490604	15490605	8	3	2	2	0	1	NA	NA	NA	unphased	1.13636363636364	1.13636363636364	1
19	21607742	21607743	15	6	2	2	0	1	NA	NA	NA	unphased	1.19047619047619	1.19047619047619	1
19	22154508	22154509	29	19	2	2	0	1	NA	NA	NA	unphased	1.64930555555556	0.824652777777778	2
19	35802829	35802830	5	5	2	2	0	1	NA	NA	NA	unphased	2.08333333333333	2.08333333333333	1
19	42482332	42482333	14	22	2	2	0	1	NA	NA	NA	unphased	2.5462962962963	1.27314814814815	2
19	43349429	43349430	194	16	2	2	0	1	NA	NA	NA	unphased	0.317460317460317	0.317460317460317	1
19	45574113	45574114	29	5	2	2	0	1	NA	NA	NA	unphased	0.612745098039216	0.612745098039216	1
19	48636294	48636295	123	37	2	2	0	1	NA	NA	NA	unphased	0.963541666666667	0.963541666666667	1
19	49174176	49174177	10	4	2	2	0	1	NA	NA	NA	unphased	1.19047619047619	1.19047619047619	1
19	51729308	51729309	11	9	2	2	0	1	NA	NA	NA	unphased	1.875	0.9375	2
19	55142961	55142962	42	41	2	2	0	1	NA	NA	NA	unphased	2.05823293172691	1.02911646586345	2
19	55693191	55693192	41	36	2	2	0	1	NA	NA	NA	unphased	1.94805194805195	0.974025974025974	2
19	56410188	56410189	25	35	2	2	0	1	NA	NA	NA	unphased	2.43055555555556	1.21527777777778	2
19	56443475	56443476	46	25	2	2	0	1	NA	NA	NA	unphased	1.46713615023474	0.733568075117371	2
2	44036862	44036863	25	3	6	6	0	1	NA	NA	NA	unphased	0.875	0.875	1
2	44101079	44101080	86	224	6	6	0	1	NA	NA	NA	unphased	5.9010752688172	0.983512544802867	6
2	85578125	85578126	35	36	4	4	0	1	NA	NA	NA	unphased	3.12676056338028	1.04225352112676	3
2	89399562	89399563	70	111	3.2	4	0	0.6	1	1	0.4	unphased	3.29116022099448	1.02848756906077	3.2
2	113940954	113940955	46	15	2.44	2	2	0.22	1	1	0.78	unphased	1.1327868852459	1.1327868852459	1
2	120223372	120223373	61	30	1.3	2	2	0.1	0	1	0.9	unphased	1.14285714285714	1.14285714285714	1
2	125547636	125547637	37	17	1.3	2	2	0.1	0	1	0.9	unphased	1.09135802469136	1.09135802469136	1
2	131803679	131803680	41	15	4	2	2	1	NA	NA	NA	unphased	1.65178571428571	0.825892857142857	2
2	137928322	137928323	30	3	4	2	2	1	NA	NA	NA	unphased	0.560606060606061	0.560606060606061	1
2	149868146	149868147	43	8	4	2	2	1	NA	NA	NA	unphased	0.967320261437909	0.967320261437909	1
2	150427597	150427598	38	23	4	2	2	1	NA	NA	NA	unphased	2.32513661202186	1.16256830601093	2
2	152512925	152512926	81	29	4	2	2	1	NA	NA	NA	unphased	1.62575757575758	0.812878787878788	2
2	157332719	157332720	43	18	4	2	2	1	NA	NA	NA	unphased	1.81967213114754	0.909836065573771	2
2	163256778	163256779	56	26	4	2	2	1	NA	NA	NA	unphased	1.95528455284553	0.977642276422764	2
2	179424576	179424577	79	44	4	2	2	1	NA	NA	NA	unphased	2.2059620596206	1.1029810298103	2
2	179467274	179467275	6	3	4	2	2	1	NA	NA	NA	unphased	2.05555555555556	2.05555555555556	1
2	179640235	179640236	25	12	4	2	2	1	NA	NA	NA	unphased	2	1	2
2	185803246	185803247	70	17	4	2	2	1	NA	NA	NA	unphased	1.20498084291188	1.20498084291188	1
2	196834813	196834814	28	6	4	2	2	1	NA	NA	NA	unphased	1.08823529411765	1.08823529411765	1
2	207174508	207174509	21	4	1	1	0	1	NA	NA	NA	unphased	0.506666666666667	0.506666666666667	1
2	208576828	208576829	23	8	1.48	2	1	0.24	1	0	0.76	unphased	0.941075268817204	0.941075268817204	1
2	208631652	208631653	83	18	1.48	2	1	0.24	1	0	0.76	unphased	0.64990099009901	0.64990099009901	1
2	211471459	211471460	35	10	1.48	2	1	0.24	1	0	0.76	unphased	0.81037037037037	0.81037037037037	1
2	212652837	212652838	18	6	1.48	2	1	0.24	1	0	0.76	unphased	0.911666666666667	0.911666666666667	1
2	220494018	220494019	31	7	3	2	1	1	NA	NA	NA	unphased	0.951754385964912	0.951754385964912	1
2	224746697	224746698	164	87	3	2	1	1	NA	NA	NA	unphased	1.79083665338645	0.895418326693227	2
2	231282311	231282312	39	26	3	2	1	1	NA	NA	NA	unphased	2.06666666666667	1.03333333333333	2
2	233273235	233273236	103	37	3	2	1	1	NA	NA	NA	unphased	1.36547619047619	0.682738095238095	2
2	235950262	235950263	44	23	3	2	1	1	NA	NA	NA	unphased	1.77363184079602	0.88681592039801	2
2	238249679	238249680	190	25	3	2	1	1	NA	NA	NA	unphased	0.60077519379845	0.60077519379845	1
20	398483	398484	51	9	6	5	1	1	NA	NA	NA	unphased	1.225	1.225	1
20	3804834	3804835	40	20	4.15	5	1	0.63	1	0	0.37	unphased	2.10555555555556	0.931661750245821	2.26
20	21143022	21143023	19	12	5	3	2	1	NA	NA	NA	unphased	2.7741935483871	0.924731182795699	3
20	29966176	29966177	217	13	8	7	1	1	NA	NA	NA	unphased	0.57463768115942	0.57463768115942	1
20	52192595	52192596	27	24	3	3	0	1	NA	NA	NA	unphased	2.43137254901961	0.810457516339869	3
20	57244412	57244413	20	19	3	3	0	1	NA	NA	NA	unphased	2.51709401709402	0.839031339031339	3
21	10914403	10914404	13	3	NA	NA	NA	NA	NA	NA	NA	unphased	NA	NA	1
21	11047551	11047552	233	14	NA	NA	NA	NA	NA	NA	NA	unphased	NA	NA	1
21	16338354	16338355	15	4	2	2	0	1	NA	NA	NA	unphased	0.87719298245614	0.87719298245614	1
21	31768891	31768892	36	5	3	2	1	1	NA	NA	NA	unphased	0.630081300813008	0.630081300813008	1
21	46086449	46086450	37	30	2	2	0	1	NA	NA	NA	unphased	1.86567164179104	0.932835820895522	2
22	19965504	19965505	138	18	10	7	3	1	NA	NA	NA	unphased	1.40384615384615	1.40384615384615	1
22	19967666	19967667	108	14	10	7	3	1	NA	NA	NA	unphased	1.39617486338798	1.39617486338798	1
22	22162118	22162119	23	38	3	3	0	1	NA	NA	NA	unphased	3.21857923497268	1.07285974499089	3
22	35659849	35659850	20	29	3	3	0	1	NA	NA	NA	unphased	3.0578231292517	1.01927437641723	3
22	46688736	46688737	42	47	3	3	0	1	NA	NA	NA	unphased	2.72846441947565	0.909488139825218	3
3	2908598	2908599	12	36	5	5	0	1	NA	NA	NA	unphased	5.375	1.075	5
3	11348488	11348489	55	125	5	5	0	1	NA	NA	NA	unphased	4.97685185185185	0.99537037037037	5
3	44491112	44491113	9	12	2	2	0	1	NA	NA	NA	unphased	2.38095238095238	1.19047619047619	2
3	73112084	73112085	28	11	1	1	0	1	NA	NA	NA	unphased	0.893162393162393	0.893162393162393	1
3	89259534	89259535	159	40	1.5	5	1	0.1	0	1	0.9	unphased	0.737018425460637	0.737018425460637	1
3	96706756	96706757	63	22	4	2	2	1	NA	NA	NA	unphased	1.59607843137255	0.798039215686275	2
3	97888300	97888301	39	31	4	2	2	1	NA	NA	NA	unphased	2.73095238095238	1.36547619047619	2
3	102189310	102189311	29	7	4	2	2	1	NA	NA	NA	unphased	1.19907407407407	1.19907407407407	1
3	122964765	122964766	157	28	4	2	2	1	NA	NA	NA	unphased	0.933333333333333	0.933333333333333	1
3	134670861	134670862	125	78	4.28	3	2	0.82	1	0	0.18	unphased	2.47704433497537	0.938274369308852	2.64
3	147113932	147113933	69	51	4.28	3	2	0.82	1	0	0.18	unphased	2.73983333333333	0.971572104018912	2.82
3	160285799	160285800	15	6	1.52	3	2	0.13	1	0	0.87	unphased	1.05333333333333	1.05333333333333	1
3	164906084	164906085	127	31	5	3	2	1	NA	NA	NA	unphased	1.40611814345992	0.703059071729958	2
3	167033540	167033541	30	3	5	3	2	1	NA	NA	NA	unphased	0.651515151515152	0.651515151515152	1
3	171320997	171320998	36	25	5	3	2	1	NA	NA	NA	unphased	2.93715846994536	0.979052823315118	3
3	180381775	180381776	31	8	1.68	3	2	0.17	1	0	0.83	unphased	0.789059829059829	0.789059829059829	1
3	183996304	183996305	83	43	1.68	3	2	0.17	1	0	0.83	unphased	1.31275132275132	0.979665166232331	1.34
4	2082708	2082709	56	39	2	2	0	1	NA	NA	NA	unphased	1.71052631578947	0.855263157894737	2
4	4199504	4199505	25	22	2	2	0	1	NA	NA	NA	unphased	1.95035460992908	0.975177304964539	2
4	49040135	49040136	49	34	2	2	0	1	NA	NA	NA	unphased	1.70682730923695	0.853413654618474	2
4	52861803	52861804	33	32	2	2	0	1	NA	NA	NA	unphased	2.05128205128205	1.02564102564103	2
4	67142578	67142579	36	21	2	2	0	1	NA	NA	NA	unphased	1.53508771929825	0.767543859649123	2
4	70921227	70921228	9	10	2	2	0	1	NA	NA	NA	unphased	2.19298245614035	1.09649122807018	2
5	881281	881282	34	42	5.75	6	1	0.75	1	1	0.25	unphased	4.375	0.972222222222222	4.5
5	5473840	5473841	31	3	5.75	6	1	0.75	1	1	0.25	unphased	0.698529411764706	0.698529411764706	1
5	9052082	9052083	31	3	2.62	6	1	0.27	1	0	0.73	unphased	0.422352941176471	0.422352941176471	1
5	21975474	21975475	65	18	1.18	6	1	0.03	0	1	0.97	unphased	0.72578313253012	0.72578313253012	1
5	24487975	24487976	116	20	1.18	6	1	0.03	0	1	0.97	unphased	0.492156862745098	0.492156862745098	1
5	24498606	24498607	85	21	1.18	6	1	0.03	0	1	0.97	unphased	0.663018867924528	0.663018867924528	1
5	33448823	33448824	49	129	8	7	1	1	NA	NA	NA	unphased	7.36797752808989	1.05256821829856	7
5	35965974	35965975	24	36	8	7	1	1	NA	NA	NA	unphased	6.1	1.01666666666667	6
5	36039682	36039683	47	115	8	7	1	1	NA	NA	NA	unphased	7.21707818930041	1.03101116990006	7
5	36039683	36039684	47	115	8	7	1	1	NA	NA	NA	unphased	7.21707818930041	1.03101116990006	7
5	36117855	36117856	50	4	8	7	1	1	NA	NA	NA	unphased	0.753086419753086	0.753086419753086	1
5	37063930	37063931	10	31	8	7	1	1	NA	NA	NA	unphased	7.6869918699187	1.09814169570267	7
5	41051088	41051089	8	14	8	7	1	1	NA	NA	NA	unphased	6.46969696969697	0.924242424242424	7
5	41159326	41159327	16	54	8	7	1	1	NA	NA	NA	unphased	7.84285714285714	1.12040816326531	7
5	41159327	41159328	15	53	8	7	1	1	NA	NA	NA	unphased	7.92401960784314	1.13200280112045	7
5	140188208	140188209	45	30	2	2	0	1	NA	NA	NA	unphased	1.66666666666667	0.833333333333333	2
5	140188519	140188520	45	28	2	2	0	1	NA	NA	NA	unphased	1.59817351598174	0.799086757990868	2
5	140203139	140203140	42	42	2	2	0	1	NA	NA	NA	unphased	2.08333333333333	1.04166666666667	2
5	140347988	140347989	29	22	2	2	0	1	NA	NA	NA	unphased	1.79738562091503	0.898692810457516	2
5	153181951	153181952	51	37	2	2	0	1	NA	NA	NA	unphased	1.75189393939394	0.87594696969697	2
5	153181952	153181953	53	37	2	2	0	1	NA	NA	NA	unphased	1.71296296296296	0.856481481481482	2
5	155935613	155935614	11	5	2	2	0	1	NA	NA	NA	unphased	1.30208333333333	1.30208333333333	1
5	155935614	155935615	11	5	2	2	0	1	NA	NA	NA	unphased	1.30208333333333	1.30208333333333	1
5	158585614	158585615	32	3	2	2	0	1	NA	NA	NA	unphased	0.357142857142857	0.357142857142857	1
6	2678581	2678582	71	22	5	3	2	1	NA	NA	NA	unphased	1.69534050179211	0.847670250896057	2
6	26104299	26104300	63	25	5	3	2	1	NA	NA	NA	unphased	2.03598484848485	1.01799242424242	2
6	28293922	28293923	307	94	2.4	3	2	0.35	1	0	0.65	unphased	1.07049044056525	1.07049044056525	1
6	31742376	31742377	31	38	4.4	4	2	0.6	1	1	0.4	unphased	3.61642512077295	1.00456253354804	3.6
6	33423598	33423599	63	22	2.08	3	2	0.27	1	0	0.73	unphased	1.09913725490196	1.09913725490196	1
6	46656398	46656399	113	46	5	3	2	1	NA	NA	NA	unphased	2.07337526205451	1.03668763102725	2
6	47846557	47846558	65	13	5	3	2	1	NA	NA	NA	unphased	1.19444444444444	1.19444444444444	1
6	51913355	51913356	46	34	5	3	2	1	NA	NA	NA	unphased	3.04583333333333	1.01527777777778	3
6	56880083	56880084	97	41	4.28	3	2	0.82	1	0	0.18	unphased	1.91531400966184	1.05237033497903	1.82
6	56880085	56880086	100	42	4.28	3	2	0.82	1	0	0.18	unphased	1.90676056338028	1.04767063921994	1.82
6	66063360	66063361	18	10	2.26	2	1	0.26	1	1	0.74	unphased	1.58095238095238	1.58095238095238	1
6	70639409	70639410	36	9	1.36	2	1	0.18	1	0	0.82	unphased	0.705333333333333	0.705333333333333	1
6	74123417	74123418	23	11	1.36	2	1	0.18	1	0	0.82	unphased	1.14098039215686	1.14098039215686	1
6	89388068	89388069	12	5	3	2	1	1	NA	NA	NA	unphased	1.51960784313726	1.51960784313726	1
6	94120851	94120852	45	11	3	2	1	1	NA	NA	NA	unphased	1.01488095238095	1.01488095238095	1
6	102503292	102503293	36	15	3	2	1	1	NA	NA	NA	unphased	1.51960784313726	1.51960784313726	1
6	108224073	108224074	71	33	3	2	1	1	NA	NA	NA	unphased	1.63942307692308	0.819711538461538	2
6	137113261	137113262	8	4	3	2	1	1	NA	NA	NA	unphased	1.72222222222222	1.72222222222222	1
6	144811280	144811281	39	12	3	2	1	1	NA	NA	NA	unphased	1.2156862745098	1.2156862745098	1
6	146126096	146126097	99	6	3	2	1	1	NA	NA	NA	unphased	0.295238095238095	0.295238095238095	1
6	157529018	157529019	77	20	2	1	1	1	NA	NA	NA	unphased	0.859106529209622	0.859106529209622	1
6	167786675	167786676	19	8	2	1	1	1	NA	NA	NA	unphased	1.23456790123457	1.23456790123457	1
7	2472343	2472344	30	34	2	2	0	1	NA	NA	NA	unphased	2.21354166666667	1.10677083333333	2
7	73008188	73008189	39	23	3	2	1	1	NA	NA	NA	unphased	1.91666666666667	0.958333333333333	2
7	82545738	82545739	185	33	2.15	2	1	0.15	1	1	0.85	unphased	0.653440366972477	0.653440366972477	1
7	82579852	82579853	30	5	2.15	2	1	0.15	1	1	0.85	unphased	0.616666666666667	0.616666666666667	1
7	86415914	86415915	50	31	2.15	2	1	0.15	1	1	0.85	unphased	1.65205761316872	1.43657183753802	1.15
7	86468702	86468703	82	42	2.15	2	1	0.15	1	1	0.85	unphased	1.46209677419355	1.27138849929874	1.15
7	88963413	88963414	22	4	3	2	1	1	NA	NA	NA	unphased	0.794871794871795	0.794871794871795	1
7	91727433	91727434	11	3	3	2	1	1	NA	NA	NA	unphased	1.10714285714286	1.10714285714286	1
7	100452309	100452310	67	21	3	2	1	1	NA	NA	NA	unphased	1.23295454545455	1.23295454545455	1
7	100482441	100482442	43	15	3	2	1	1	NA	NA	NA	unphased	1.33620689655172	1.33620689655172	1
7	107571929	107571930	56	10	3	2	1	1	NA	NA	NA	unphased	0.782828282828283	0.782828282828283	1
7	117385899	117385900	34	13	2.21	2	1	0.21	1	1	0.79	unphased	1.21056737588652	1.21056737588652	1
7	123092900	123092901	25	5	2.21	2	1	0.21	1	1	0.79	unphased	0.729444444444444	0.729444444444444	1
7	131825547	131825548	82	16	3	2	1	1	NA	NA	NA	unphased	0.843537414965986	0.843537414965986	1
7	138601960	138601961	27	3	1.1	2	1	0.05	0	1	0.95	unphased	0.326666666666667	0.326666666666667	1
7	140301582	140301583	50	20	1.1	2	1	0.05	0	1	0.95	unphased	0.933333333333333	0.933333333333333	1
7	142448531	142448532	20	23	1.1	2	1	0.05	0	1	0.95	unphased	1.74728682170543	1.6640826873385	1.05
7	151944984	151944985	95	9	2	2	0	1	NA	NA	NA	unphased	0.360576923076923	0.360576923076923	1
8	3265439	3265440	9	6	3.61	3	1	0.87	0	1	0.13	unphased	2.31066666666667	0.885312899106003	2.61
8	15588183	15588184	11	4	1.3	3	1	0.1	1	0	0.9	unphased	0.924444444444445	0.924444444444445	1
8	17920727	17920728	362	58	1.69	3	1	0.23	1	0	0.77	unphased	0.532587301587302	0.532587301587302	1
8	39626934	39626935	55	7	5	5	0	1	NA	NA	NA	unphased	0.809139784946237	0.809139784946237	1
8	70515468	70515469	144	26	1.18	2	1	0.09	0	1	0.91	unphased	0.511843137254902	0.511843137254902	1
8	88296947	88296948	11	3	1.18	2	1	0.09	0	1	0.91	unphased	0.717142857142857	0.717142857142857	1
8	95547197	95547198	71	32	1.18	2	1	0.09	0	1	0.91	unphased	1.03974110032362	1.03974110032362	1
8	95547199	95547200	72	32	1.18	2	1	0.09	0	1	0.91	unphased	1.02974358974359	1.02974358974359	1
8	95655622	95655623	27	15	1.18	2	1	0.09	0	1	0.91	unphased	1.1952380952381	1.1952380952381	1
8	109796621	109796622	50	17	2.2	2	2	0.1	1	1	0.9	unphased	1.10796019900498	1.10796019900498	1
8	109796952	109796953	53	25	2.2	2	2	0.1	1	1	0.9	unphased	1.39957264957265	1.27233877233877	1.1
8	132956991	132956992	11	3	2.2	2	2	0.1	1	1	0.9	unphased	0.935714285714286	0.935714285714286	1
8	139163572	139163573	38	15	4	2	2	1	NA	NA	NA	unphased	1.74528301886792	0.872641509433962	2
8	139163769	139163770	43	17	4	2	2	1	NA	NA	NA	unphased	1.74722222222222	0.873611111111111	2
8	140743262	140743263	22	6	4	2	2	1	NA	NA	NA	unphased	1.32142857142857	1.32142857142857	1
8	144992920	144992921	31	17	2.46	2	2	0.23	1	1	0.77	unphased	1.63861111111111	1.33220415537489	1.23
8	144992921	144992922	32	17	2.46	2	2	0.23	1	1	0.77	unphased	1.60517006802721	1.30501631546928	1.23
8	145557218	145557219	15	10	2.46	2	2	0.23	1	1	0.77	unphased	1.85066666666667	1.50460704607046	1.23
9	21971059	21971060	37	33	NA	NA	NA	NA	NA	NA	NA	unphased	NA	NA	1
9	33366711	33366712	22	11	2	2	0	1	NA	NA	NA	unphased	1.38888888888889	1.38888888888889	1
9	82333772	82333773	66	26	2	2	0	1	NA	NA	NA	unphased	1.17753623188406	1.17753623188406	1
9	84532879	84532880	10	4	2	2	0	1	NA	NA	NA	unphased	1.19047619047619	1.19047619047619	1
9	115805071	115805072	33	7	3	3	0	1	NA	NA	NA	unphased	0.904166666666667	0.904166666666667	1
9	117240877	117240878	13	17	3	3	0	1	NA	NA	NA	unphased	2.92777777777778	0.975925925925926	3
X	322148	322149	37	11	NA	NA	NA	NA	NA	NA	NA	unphased	NA	NA	1
X	6069333	6069334	77	27	NA	NA	NA	NA	NA	NA	NA	unphased	NA	NA	1
X	13618151	13618152	55	15	NA	NA	NA	NA	NA	NA	NA	unphased	NA	NA	1
X	21675969	21675970	16	14	NA	NA	NA	NA	NA	NA	NA	unphased	NA	NA	1
X	26157792	26157793	11	8	NA	NA	NA	NA	NA	NA	NA	unphased	NA	NA	1
X	35974274	35974275	44	8	NA	NA	NA	NA	NA	NA	NA	unphased	NA	NA	1
X	40540075	40540076	43	4	NA	NA	NA	NA	NA	NA	NA	unphased	NA	NA	1
X	41555088	41555089	78	11	NA	NA	NA	NA	NA	NA	NA	unphased	NA	NA	1
X	48340849	48340850	28	6	NA	NA	NA	NA	NA	NA	NA	unphased	NA	NA	1
X	48370804	48370805	19	8	NA	NA	NA	NA	NA	NA	NA	unphased	NA	NA	1
X	55514859	55514860	22	6	NA	NA	NA	NA	NA	NA	NA	unphased	NA	NA	1
X	63615262	63615263	72	26	NA	NA	NA	NA	NA	NA	NA	unphased	NA	NA	1
X	65825030	65825031	18	5	NA	NA	NA	NA	NA	NA	NA	unphased	NA	NA	1
X	67741254	67741255	33	12	NA	NA	NA	NA	NA	NA	NA	unphased	NA	NA	1
X	70468161	70468162	18	5	NA	NA	NA	NA	NA	NA	NA	unphased	NA	NA	1
X	70683832	70683833	8	5	NA	NA	NA	NA	NA	NA	NA	unphased	NA	NA	1
X	73045731	73045732	21	8	NA	NA	NA	NA	NA	NA	NA	unphased	NA	NA	1
X	73046344	73046345	40	10	NA	NA	NA	NA	NA	NA	NA	unphased	NA	NA	1
X	73065180	73065181	175	14	NA	NA	NA	NA	NA	NA	NA	unphased	NA	NA	1
X	73065305	73065306	100	14	NA	NA	NA	NA	NA	NA	NA	unphased	NA	NA	1
X	79277786	79277787	43	9	NA	NA	NA	NA	NA	NA	NA	unphased	NA	NA	1
X	84362793	84362794	45	7	NA	NA	NA	NA	NA	NA	NA	unphased	NA	NA	1
X	91131968	91131969	105	22	NA	NA	NA	NA	NA	NA	NA	unphased	NA	NA	1
X	95990762	95990763	95	16	NA	NA	NA	NA	NA	NA	NA	unphased	NA	NA	1
X	101909011	101909012	122	15	NA	NA	NA	NA	NA	NA	NA	unphased	NA	NA	1
X	102884975	102884976	12	4	NA	NA	NA	NA	NA	NA	NA	unphased	NA	NA	1
X	118223659	118223660	69	44	NA	NA	NA	NA	NA	NA	NA	unphased	NA	NA	1
X	118540485	118540486	61	8	NA	NA	NA	NA	NA	NA	NA	unphased	NA	NA	1
X	122866856	122866857	78	9	NA	NA	NA	NA	NA	NA	NA	unphased	NA	NA	1
X	123205165	123205166	32	8	NA	NA	NA	NA	NA	NA	NA	unphased	NA	NA	1
X	123480427	123480428	34	4	NA	NA	NA	NA	NA	NA	NA	unphased	NA	NA	1
X	123514856	123514857	68	28	NA	NA	NA	NA	NA	NA	NA	unphased	NA	NA	1
X	127185574	127185575	101	13	NA	NA	NA	NA	NA	NA	NA	unphased	NA	NA	1
X	129148016	129148017	29	10	NA	NA	NA	NA	NA	NA	NA	unphased	NA	NA	1
X	133700315	133700316	100	13	NA	NA	NA	NA	NA	NA	NA	unphased	NA	NA	1
X	137714870	137714871	33	4	NA	NA	NA	NA	NA	NA	NA	unphased	NA	NA	1
X	138880893	138880894	39	5	NA	NA	NA	NA	NA	NA	NA	unphased	NA	NA	1
X	140996475	140996476	116	18	NA	NA	NA	NA	NA	NA	NA	unphased	NA	NA	1
X	141291112	141291113	89	19	NA	NA	NA	NA	NA	NA	NA	unphased	NA	NA	1
X	154489916	154489917	6	4	NA	NA	NA	NA	NA	NA	NA	unphased	NA	NA	1
X	154493607	154493608	49	9	NA	NA	NA	NA	NA	NA	NA	unphased	NA	NA	1
