chr	start	end	WT.count	mut.count	subclonal.CN	nMaj1	nMin1	frac1	nMaj2	nMin2	frac2	phase	mutation.copy.number	subclonal.fraction	no.chrs.bearing.mut
1	7913404	7913405	35	21	2	1	1	0.49	1	1	0.51	unphased	0.833333333333333	0.833333333333333	1
1	12921336	12921337	199	50	2	1	1	0.49	1	1	0.51	unphased	0.446229361892012	0.874959533121593	0.51
1	17991035	17991036	11	16	2	1	1	0.49	1	1	0.51	unphased	1.31687242798354	1.31687242798354	1
1	19180802	19180803	29	10	2	1	1	0.49	1	1	0.51	unphased	0.56980056980057	1.1172560192168	0.51
1	26801130	26801131	18	5	2	1	1	0.49	1	1	0.51	unphased	0.483091787439614	0.947238798901203	0.51
1	38483403	38483404	28	18	2	1	1	0.49	1	1	0.51	unphased	0.869565217391304	0.869565217391304	1
1	44435859	44435860	37	22	2	1	1	0.49	1	1	0.51	unphased	0.828625235404896	0.828625235404896	1
1	71318490	71318491	109	65	2	1	1	0.49	1	1	0.51	unphased	0.830140485312899	0.830140485312899	1
1	89845988	89845989	55	37	2	1	1	0.49	1	1	0.51	unphased	0.893719806763285	0.893719806763285	1
1	98293700	98293701	38	23	2	1	1	0.49	1	1	0.51	unphased	0.837887067395264	0.837887067395264	1
1	111857927	111857928	147	67	2	1	1	0.49	1	1	0.51	unphased	0.695742471443406	0.695742471443406	1
1	142713881	142713882	52	9	2	1	1	0.49	1	1	0.51	unphased	0.327868852459016	0.642880102860816	0.51
1	151732534	151732535	35	35	1.02	1	1	0.02	0	1	0.98	unphased	0.621111111111111	0.621111111111111	1
1	152129211	152129212	236	106	1.02	1	1	0.02	0	1	0.98	unphased	0.38501624431449	0.38501624431449	1
1	152283416	152283417	231	95	1.02	1	1	0.02	0	1	0.98	unphased	0.361997273346967	0.361997273346967	1
1	152287907	152287908	81	13	1.02	1	1	0.02	0	1	0.98	unphased	0.171796690307329	0.171796690307329	1
1	155921324	155921325	107	112	1.02	1	1	0.02	0	1	0.98	unphased	0.635291730086251	0.635291730086251	1
1	160465905	160465906	118	138	1.02	1	1	0.02	0	1	0.98	unphased	0.669635416666667	0.669635416666667	1
1	171548568	171548569	55	14	1.02	1	1	0.02	0	1	0.98	unphased	0.252045088566828	0.252045088566828	1
1	171548569	171548570	53	14	1.02	1	1	0.02	0	1	0.98	unphased	0.259568822553897	0.259568822553897	1
1	176740253	176740254	80	30	1.02	1	1	0.02	0	1	0.98	unphased	0.338787878787879	0.338787878787879	1
1	177915541	177915542	2	11	1.02	1	1	0.02	0	1	0.98	unphased	1.05111111111111	1.05111111111111	1
1	178442278	178442279	86	28	1.02	1	1	0.02	0	1	0.98	unphased	0.305107212475633	0.305107212475633	1
1	206634571	206634572	15	23	1.02	1	1	0.02	0	1	0.98	unphased	0.75187134502924	0.75187134502924	1
1	214501017	214501018	124	35	1.02	1	1	0.02	0	1	0.98	unphased	0.273445143256464	0.273445143256464	1
1	221053500	221053501	18	4	1.02	1	1	0.02	0	1	0.98	unphased	0.225858585858586	0.225858585858586	1
1	226567671	226567672	122	54	1.02	1	1	0.02	0	1	0.98	unphased	0.381136363636364	0.381136363636364	1
1	228363318	228363319	9	15	1.02	1	1	0.02	0	1	0.98	unphased	0.776388888888889	0.776388888888889	1
1	229770892	229770893	81	27	1.02	1	1	0.02	0	1	0.98	unphased	0.310555555555556	0.310555555555556	1
1	236154190	236154191	116	26	1.02	1	1	0.02	0	1	0.98	unphased	0.227449139280125	0.227449139280125	1
1	237777616	237777617	54	13	1.02	1	1	0.02	0	1	0.98	unphased	0.241028192371476	0.241028192371476	1
1	240497230	240497231	19	17	1.02	1	1	0.02	0	1	0.98	unphased	0.586604938271605	0.586604938271605	1
1	247695526	247695527	21	34	1.02	1	1	0.02	0	1	0.98	unphased	0.767919191919192	0.767919191919192	1
1	247875411	247875412	67	89	NA	NA	NA	NA	NA	NA	NA	unphased	NA	NA	1
1	247921567	247921568	30	14	NA	NA	NA	NA	NA	NA	NA	unphased	NA	NA	1
1	248201673	248201674	110	173	NA	NA	NA	NA	NA	NA	NA	unphased	NA	NA	1
1	248224523	248224524	130	107	NA	NA	NA	NA	NA	NA	NA	unphased	NA	NA	1
1	248616557	248616558	209	50	NA	NA	NA	NA	NA	NA	NA	unphased	NA	NA	1
10	323151	323152	3	16	NA	NA	NA	NA	NA	NA	NA	unphased	NA	NA	1
10	1230901	1230902	8	26	1	1	0	1	NA	NA	NA	unphased	0.934640522875817	0.934640522875817	1
10	11060023	11060024	12	12	2	1	1	1	NA	NA	NA	unphased	1.11111111111111	1.11111111111111	1
10	27703065	27703066	147	108	2	1	1	1	NA	NA	NA	unphased	0.941176470588235	0.941176470588235	1
10	45486408	45486409	22	56	1	1	0	1	NA	NA	NA	unphased	0.877492877492878	0.877492877492878	1
10	49381128	49381129	6	8	1	1	0	1	NA	NA	NA	unphased	0.698412698412698	0.698412698412698	1
10	88835728	88835729	14	76	1	1	0	1	NA	NA	NA	unphased	1.0320987654321	1.0320987654321	1
10	135438758	135438759	21	45	NA	NA	NA	NA	NA	NA	NA	unphased	NA	NA	1
11	1253772	1253773	5	11	1	1	0	1	NA	NA	NA	unphased	0.840277777777778	0.840277777777778	1
11	4967982	4967983	126	146	1	1	0	1	NA	NA	NA	unphased	0.656045751633987	0.656045751633987	1
11	18194625	18194626	45	17	4.24	6	1	0.54	1	0	0.46	unphased	1.22351254480287	1.22351254480287	1
11	18497180	18497181	84	289	4.24	6	1	0.54	1	0	0.46	unphased	3.45732499255287	0.976645478122281	3.54
11	31113000	31113001	14	13	1.05	1	1	0.05	0	1	0.95	unphased	0.612551440329218	0.612551440329218	1
11	48188970	48188971	31	26	1.05	1	1	0.05	0	1	0.95	unphased	0.580311890838207	0.580311890838207	1
11	49179537	49179538	93	82	1.05	1	1	0.05	0	1	0.95	unphased	0.596126984126984	0.596126984126984	1
11	55563597	55563598	220	165	1.05	1	1	0.05	0	1	0.95	unphased	0.545238095238095	0.545238095238095	1
11	55655538	55655539	47	29	1.05	1	1	0.05	0	1	0.95	unphased	0.485453216374269	0.485453216374269	1
11	55926907	55926908	59	33	1.05	1	1	0.05	0	1	0.95	unphased	0.456340579710145	0.456340579710145	1
11	56019794	56019795	99	66	1.05	1	1	0.05	0	1	0.95	unphased	0.508888888888889	0.508888888888889	1
11	57885968	57885969	184	57	1.05	1	1	0.05	0	1	0.95	unphased	0.300899031811895	0.300899031811895	1
11	57958902	57958903	51	12	1.05	1	1	0.05	0	1	0.95	unphased	0.242328042328042	0.242328042328042	1
11	57958903	57958904	49	12	1.05	1	1	0.05	0	1	0.95	unphased	0.250273224043716	0.250273224043716	1
11	58714637	58714638	34	9	1.05	1	1	0.05	0	1	0.95	unphased	0.266279069767442	0.266279069767442	1
11	61730082	61730083	42	58	1.05	1	1	0.05	0	1	0.95	unphased	0.737888888888889	0.737888888888889	1
11	64726894	64726895	28	41	1.05	1	1	0.05	0	1	0.95	unphased	0.755958132045089	0.755958132045089	1
11	65793909	65793910	37	16	1.05	1	1	0.05	0	1	0.95	unphased	0.384067085953878	0.384067085953878	1
11	89531514	89531515	109	30	1.05	1	1	0.05	0	1	0.95	unphased	0.274580335731415	0.274580335731415	1
11	100863461	100863462	83	24	1.05	1	1	0.05	0	1	0.95	unphased	0.285358255451713	0.285358255451713	1
11	100863462	100863463	80	24	1.05	1	1	0.05	0	1	0.95	unphased	0.293589743589744	0.293589743589744	1
11	118451965	118451966	83	42	1.05	1	1	0.05	0	1	0.95	unphased	0.427466666666667	0.427466666666667	1
11	126145235	126145236	156	45	1.05	1	1	0.05	0	1	0.95	unphased	0.284825870646766	0.284825870646766	1
12	176410	176411	19	6	NA	NA	NA	NA	NA	NA	NA	unphased	NA	NA	1
12	6458147	6458148	462	477	2.12	2	1	0.56	1	0	0.44	unphased	1.18981895633653	1.18981895633653	1
12	8630136	8630137	30	14	2.12	2	1	0.56	1	0	0.44	unphased	0.745252525252525	0.745252525252525	1
12	11546008	11546009	628	112	2.12	2	1	0.56	1	0	0.44	unphased	0.354498498498499	0.354498498498499	1
12	15822598	15822599	79	49	2.12	2	1	0.56	1	0	0.44	unphased	0.896631944444444	0.896631944444444	1
12	29649180	29649181	18	7	2.16	2	1	0.58	1	0	0.42	unphased	0.667022222222222	0.667022222222222	1
12	40757298	40757299	13	90	2	2	0	1	NA	NA	NA	unphased	1.94174757281553	0.970873786407767	2
12	65461473	65461474	56	64	2.16	2	1	0.58	1	0	0.42	unphased	1.27051851851852	0.804125644631973	1.58
12	70986092	70986093	107	86	2.16	2	1	0.58	1	0	0.42	unphased	1.06150834772596	1.06150834772596	1
12	96292355	96292356	9	78	1	1	0	1	NA	NA	NA	unphased	1.09578544061303	1.09578544061303	1
12	96661012	96661013	3	16	1	1	0	1	NA	NA	NA	unphased	1.02923976608187	1.02923976608187	1
12	105582188	105582189	7	65	1	1	0	1	NA	NA	NA	unphased	1.1033950617284	1.1033950617284	1
12	114397944	114397945	10	49	1	1	0	1	NA	NA	NA	unphased	1.015065913371	1.015065913371	1
12	122658482	122658483	14	80	1	1	0	1	NA	NA	NA	unphased	1.04018912529551	1.04018912529551	1
13	32783210	32783211	11	62	1	1	0	1	NA	NA	NA	unphased	1.03805175038052	1.03805175038052	1
13	35692565	35692566	3	10	1	1	0	1	NA	NA	NA	unphased	0.94017094017094	0.94017094017094	1
13	46725137	46725138	17	97	1	1	0	1	NA	NA	NA	unphased	1.03996101364522	1.03996101364522	1
13	48953747	48953748	28	4	1	1	0	1	NA	NA	NA	unphased	0.152777777777778	0.152777777777778	1
13	60566227	60566228	10	55	1	1	0	1	NA	NA	NA	unphased	1.03418803418803	1.03418803418803	1
13	70514309	70514310	28	14	1	1	0	1	NA	NA	NA	unphased	0.407407407407407	0.407407407407407	1
13	110818650	110818651	13	74	1	1	0	1	NA	NA	NA	unphased	1.03959131545338	1.03959131545338	1
14	52520918	52520919	38	25	2	1	1	1	NA	NA	NA	unphased	0.881834215167548	0.881834215167548	1
14	95054020	95054021	40	33	2	1	1	1	NA	NA	NA	unphased	1.00456621004566	1.00456621004566	1
14	100375747	100375748	140	103	2	1	1	1	NA	NA	NA	unphased	0.941929583904893	0.941929583904893	1
14	104202519	104202520	142	66	2	1	1	1	NA	NA	NA	unphased	0.705128205128205	0.705128205128205	1
15	20876571	20876572	93	8	NA	NA	NA	NA	NA	NA	NA	unphased	NA	NA	1
15	22473339	22473340	60	18	NA	NA	NA	NA	NA	NA	NA	unphased	NA	NA	1
15	28459023	28459024	10	30	1	1	0	1	NA	NA	NA	unphased	0.916666666666667	0.916666666666667	1
15	30000932	30000933	40	184	1	1	0	1	NA	NA	NA	unphased	1.00396825396825	1.00396825396825	1
15	35044962	35044963	5	33	1	1	0	1	NA	NA	NA	unphased	1.06140350877193	1.06140350877193	1
15	48460928	48460929	138	51	1	1	0	0.01	0	1	0.99	unphased	0.329805996472663	0.329805996472663	1
15	51828998	51828999	64	22	1	1	0	0.01	0	1	0.99	unphased	0.31266149870801	0.31266149870801	1
15	54916020	54916021	23	30	1	1	0	0.01	0	1	0.99	unphased	0.691823899371069	0.691823899371069	1
15	63883008	63883009	154	46	1	1	0	0.01	0	1	0.99	unphased	0.281111111111111	0.281111111111111	1
15	68605180	68605181	41	12	1	1	0	0.01	0	1	0.99	unphased	0.276729559748428	0.276729559748428	1
15	102346016	102346017	260	96	NA	NA	NA	NA	NA	NA	NA	unphased	NA	NA	1
16	2150201	2150202	9	32	1	1	0	1	NA	NA	NA	unphased	0.953929539295393	0.953929539295393	1
16	4407254	4407255	6	45	1	1	0	1	NA	NA	NA	unphased	1.07843137254902	1.07843137254902	1
16	20373795	20373796	75	58	2	1	1	1	NA	NA	NA	unphased	0.969089390142022	0.969089390142022	1
16	26147025	26147026	102	86	2	1	1	1	NA	NA	NA	unphased	1.01654846335697	1.01654846335697	1
16	48121986	48121987	26	27	2	1	1	1	NA	NA	NA	unphased	1.13207547169811	1.13207547169811	1
16	55539401	55539402	39	30	2	1	1	1	NA	NA	NA	unphased	0.966183574879227	0.966183574879227	1
16	57918053	57918054	98	74	2	1	1	1	NA	NA	NA	unphased	0.956072351421189	0.956072351421189	1
16	61689505	61689506	108	67	2	1	1	1	NA	NA	NA	unphased	0.850793650793651	0.850793650793651	1
16	65038623	65038624	33	41	2	1	1	1	NA	NA	NA	unphased	1.23123123123123	1.23123123123123	1
16	70293018	70293019	190	110	2	1	1	1	NA	NA	NA	unphased	0.814814814814815	0.814814814814815	1
16	81161403	81161404	41	29	2	1	1	1	NA	NA	NA	unphased	0.920634920634921	0.920634920634921	1
17	7574016	7574017	8	28	1	1	0	1	NA	NA	NA	unphased	0.950617283950617	0.950617283950617	1
17	10214457	10214458	12	64	1	1	0	1	NA	NA	NA	unphased	1.02923976608187	1.02923976608187	1
17	10447294	10447295	22	66	1	1	0	1	NA	NA	NA	unphased	0.916666666666667	0.916666666666667	1
17	35921347	35921348	107	57	2	1	1	0.24	1	1	0.76	unphased	0.772357723577236	1.01626016260163	0.76
17	44110444	44110445	6	6	2	1	1	0.24	1	1	0.76	unphased	1.11111111111111	1.11111111111111	1
17	49708873	49708874	94	88	2	1	1	0.24	1	1	0.76	unphased	1.07448107448107	1.07448107448107	1
17	61949453	61949454	37	19	2	1	1	0.24	1	1	0.76	unphased	0.753968253968254	0.753968253968254	1
17	72305581	72305582	32	22	2	1	1	0.24	1	1	0.76	unphased	0.905349794238683	0.905349794238683	1
17	72443114	72443115	124	82	2	1	1	0.24	1	1	0.76	unphased	0.884573894282632	0.884573894282632	1
17	73702488	73702489	213	113	2	1	1	0.24	1	1	0.76	unphased	0.770279481935924	1.01352563412622	0.76
17	76435202	76435203	33	41	2	1	1	0.24	1	1	0.76	unphased	1.23123123123123	1.23123123123123	1
18	8825137	8825138	13	35	1	1	0	1	NA	NA	NA	unphased	0.891203703703704	0.891203703703704	1
18	30672774	30672775	12	69	1	1	0	1	NA	NA	NA	unphased	1.04115226337449	1.04115226337449	1
18	34850746	34850747	15	64	1	1	0	1	NA	NA	NA	unphased	0.990154711673699	0.990154711673699	1
18	47808817	47808818	0	33	1	1	0	1	NA	NA	NA	unphased	1.22222222222222	1.22222222222222	1
18	59195328	59195329	25	89	1	1	0	1	NA	NA	NA	unphased	0.954191033138402	0.954191033138402	1
18	67563043	67563044	19	76	1	1	0	1	NA	NA	NA	unphased	0.977777777777778	0.977777777777778	1
19	6854070	6854071	48	61	1	1	0	0.03	0	1	0.97	unphased	0.683995922528033	0.683995922528033	1
19	9061508	9061509	86	17	1	1	0	0.03	0	1	0.97	unphased	0.201725997842503	0.201725997842503	1
19	10572295	10572296	65	26	1	1	0	0.03	0	1	0.97	unphased	0.349206349206349	0.349206349206349	1
19	12256965	12256966	47	45	1	1	0	0.03	0	1	0.97	unphased	0.597826086956522	0.597826086956522	1
19	13988532	13988533	10	3	1	1	0	0.03	0	1	0.97	unphased	0.282051282051282	0.282051282051282	1
19	20728585	20728586	33	13	1	1	0	0.03	0	1	0.97	unphased	0.345410628019324	0.345410628019324	1
19	38942421	38942422	114	51	2	1	1	0.27	1	1	0.73	unphased	0.686868686868687	0.94091600940916	0.73
19	39805145	39805146	7	3	2	1	1	0.27	1	1	0.73	unphased	0.666666666666667	0.666666666666667	1
19	44661165	44661166	62	40	2	1	1	0.27	1	1	0.73	unphased	0.871459694989107	0.871459694989107	1
19	48878903	48878904	89	97	2	1	1	0.27	1	1	0.73	unphased	1.15890083632019	1.15890083632019	1
2	30998885	30998886	11	39	1	1	0	1	NA	NA	NA	unphased	0.953333333333333	0.953333333333333	1
2	69172654	69172655	5	3	2	1	1	1	NA	NA	NA	unphased	0.833333333333333	0.833333333333333	1
2	71060080	71060081	51	52	2	1	1	1	NA	NA	NA	unphased	1.12189859762675	1.12189859762675	1
2	74597354	74597355	87	53	2	1	1	1	NA	NA	NA	unphased	0.841269841269841	0.841269841269841	1
2	79385836	79385837	61	24	2	1	1	1	NA	NA	NA	unphased	0.627450980392157	0.627450980392157	1
2	102460598	102460599	25	18	2	1	1	1	NA	NA	NA	unphased	0.930232558139535	0.930232558139535	1
2	109398837	109398838	127	69	2	1	1	1	NA	NA	NA	unphased	0.782312925170068	0.782312925170068	1
2	112566542	112566543	62	51	2	1	1	1	NA	NA	NA	unphased	1.00294985250737	1.00294985250737	1
2	120221812	120221813	47	46	2	1	1	1	NA	NA	NA	unphased	1.09916367980884	1.09916367980884	1
2	120723182	120723183	117	57	2	1	1	1	NA	NA	NA	unphased	0.727969348659004	0.727969348659004	1
2	162762166	162762167	124	96	2	1	1	1	NA	NA	NA	unphased	0.96969696969697	0.96969696969697	1
2	166870301	166870302	61	52	2	1	1	1	NA	NA	NA	unphased	1.02261553588987	1.02261553588987	1
2	166870302	166870303	63	52	2	1	1	1	NA	NA	NA	unphased	1.0048309178744	1.0048309178744	1
2	176829139	176829140	95	47	2	1	1	1	NA	NA	NA	unphased	0.735524256651017	0.735524256651017	1
2	179456979	179456980	24	16	2	1	1	1	NA	NA	NA	unphased	0.888888888888889	0.888888888888889	1
2	179612490	179612491	44	49	2	1	1	1	NA	NA	NA	unphased	1.17084826762246	1.17084826762246	1
2	182780262	182780263	71	40	2	1	1	1	NA	NA	NA	unphased	0.800800800800801	0.800800800800801	1
2	189859284	189859285	63	33	2	1	1	1	NA	NA	NA	unphased	0.763888888888889	0.763888888888889	1
2	190921797	190921798	5	3	2	1	1	1	NA	NA	NA	unphased	0.833333333333333	0.833333333333333	1
2	191792046	191792047	51	31	2	1	1	1	NA	NA	NA	unphased	0.840108401084011	0.840108401084011	1
2	202547599	202547600	100	74	2	1	1	1	NA	NA	NA	unphased	0.945083014048531	0.945083014048531	1
2	206165255	206165256	159	90	2	1	1	1	NA	NA	NA	unphased	0.803212851405622	0.803212851405622	1
2	219507361	219507362	77	52	2	1	1	1	NA	NA	NA	unphased	0.895779500430663	0.895779500430663	1
2	241468617	241468618	57	45	2	1	1	1	NA	NA	NA	unphased	0.980392156862745	0.980392156862745	1
20	2843946	2843947	106	95	2.06	2	1	0.53	1	0	0.47	unphased	1.07866224433389	1.07866224433389	1
20	7980435	7980436	37	65	2.06	2	1	0.53	1	0	0.47	unphased	1.45435729847495	0.950560325800618	1.53
20	29623210	29623211	1041	23	2.06	2	1	0.53	1	0	0.47	unphased	0.0493337510442774	0.0493337510442774	1
20	42683147	42683148	23	29	2.06	2	1	0.53	1	0	0.47	unphased	1.27277777777778	1.27277777777778	1
20	44640920	44640921	106	91	2.06	2	1	0.53	1	0	0.47	unphased	1.05422447828539	1.05422447828539	1
20	61386238	61386239	24	9	2.06	2	1	0.53	1	0	0.47	unphased	0.622424242424242	1.17438536306461	0.53
20	61869311	61869312	28	36	2.06	2	1	0.53	1	0	0.47	unphased	1.28375	0.839052287581699	1.53
20	61981225	61981226	19	7	2.06	2	1	0.53	1	0	0.47	unphased	0.614444444444444	0.614444444444444	1
20	62337708	62337709	231	126	NA	NA	NA	NA	NA	NA	NA	unphased	NA	NA	1
21	10908859	10908860	46	10	NA	NA	NA	NA	NA	NA	NA	unphased	NA	NA	1
21	11049530	11049531	210	19	NA	NA	NA	NA	NA	NA	NA	unphased	NA	NA	1
21	15554170	15554171	80	37	3.76	3	1	0.92	0	1	0.08	unphased	1.25933523266857	1.25933523266857	1
21	19737473	19737474	201	140	3.76	3	1	0.92	0	1	0.08	unphased	1.63492994460736	0.888548882938785	1.84
21	33678948	33678949	63	89	3	3	0	1	NA	NA	NA	unphased	1.88669590643275	0.943347953216374	2
21	38115752	38115753	23	136	1	1	0	1	NA	NA	NA	unphased	1.04542278127184	1.04542278127184	1
21	39671447	39671448	148	11	1	1	0	1	NA	NA	NA	unphased	0.0845562543675751	0.0845562543675751	1
22	29538034	29538035	151	77	3	2	1	1	NA	NA	NA	unphased	1.08820662768031	1.08820662768031	1
22	40825652	40825653	123	46	3	2	1	1	NA	NA	NA	unphased	0.877054569362262	0.877054569362262	1
22	41565526	41565527	218	145	3	2	1	1	NA	NA	NA	unphased	1.28711355984083	1.28711355984083	1
22	51160644	51160645	30	20	NA	NA	NA	NA	NA	NA	NA	unphased	NA	NA	1
3	19492674	19492675	29	142	1	1	0	1	NA	NA	NA	unphased	1.01494476933073	1.01494476933073	1
3	38805050	38805051	12	75	1	1	0	1	NA	NA	NA	unphased	1.0536398467433	1.0536398467433	1
3	40498833	40498834	2	7	1	1	0	1	NA	NA	NA	unphased	0.950617283950617	0.950617283950617	1
3	93779796	93779797	13	53	1	1	0	1	NA	NA	NA	unphased	0.981481481481482	0.981481481481482	1
3	105377808	105377809	22	67	1	1	0	1	NA	NA	NA	unphased	0.920099875156055	0.920099875156055	1
3	113955304	113955305	16	70	1	1	0	1	NA	NA	NA	unphased	0.994832041343669	0.994832041343669	1
3	128757706	128757707	14	110	1	1	0	1	NA	NA	NA	unphased	1.084229390681	1.084229390681	1
3	143551031	143551032	44	20	1	1	0	1	NA	NA	NA	unphased	0.381944444444444	0.381944444444444	1
3	154802011	154802012	29	150	1	1	0	1	NA	NA	NA	unphased	1.02420856610801	1.02420856610801	1
3	185184615	185184616	428	32	8	7	1	1	NA	NA	NA	unphased	0.571980676328502	0.571980676328502	1
4	435560	435561	27	6	NA	NA	NA	NA	NA	NA	NA	unphased	NA	NA	1
4	16504483	16504484	120	14	1	1	0	0.01	0	1	0.99	unphased	0.127694859038143	0.127694859038143	1
4	20852180	20852181	66	125	1	1	0	0.01	0	1	0.99	unphased	0.799883653286795	0.799883653286795	1
4	22389780	22389781	85	16	1	1	0	0.01	0	1	0.99	unphased	0.193619361936194	0.193619361936194	1
4	47428169	47428170	10	11	1.02	1	1	0.02	0	1	0.98	unphased	0.650687830687831	0.650687830687831	1
4	47605630	47605631	46	45	1.02	1	1	0.02	0	1	0.98	unphased	0.614285714285714	0.614285714285714	1
4	78695838	78695839	22	25	1.02	1	1	0.02	0	1	0.98	unphased	0.660756501182033	0.660756501182033	1
4	106359126	106359127	11	33	1	1	0	1	NA	NA	NA	unphased	0.916666666666667	0.916666666666667	1
4	120474845	120474846	103	69	1	1	1	0	0	1	1	unphased	0.49031007751938	0.49031007751938	1
4	151509199	151509200	286	165	1	1	1	0	0	1	1	unphased	0.447154471544715	0.447154471544715	1
4	156847098	156847099	14	16	1	1	1	0	0	1	1	unphased	0.651851851851852	0.651851851851852	1
5	10290791	10290792	401	165	1.48	2	1	0.24	1	0	0.76	unphased	0.4962308598351	0.4962308598351	1
5	10450185	10450186	205	85	1.48	2	1	0.24	1	0	0.76	unphased	0.498927203065134	0.498927203065134	1
5	19483654	19483655	89	40	1.48	2	1	0.24	1	0	0.76	unphased	0.527820844099914	0.527820844099914	1
5	24535923	24535924	58	37	2	1	1	1	NA	NA	NA	unphased	0.865497076023392	0.865497076023392	1
5	35921086	35921087	93	57	2	1	1	1	NA	NA	NA	unphased	0.844444444444444	0.844444444444444	1
5	36114582	36114583	104	77	2	1	1	1	NA	NA	NA	unphased	0.94536525475752	0.94536525475752	1
5	41052594	41052595	76	60	2	1	1	1	NA	NA	NA	unphased	0.980392156862745	0.980392156862745	1
5	70931169	70931170	2	11	1	1	0	1	NA	NA	NA	unphased	1.03418803418803	1.03418803418803	1
5	136961564	136961565	18	49	1	1	0	1	NA	NA	NA	unphased	0.893864013266998	0.893864013266998	1
5	140475751	140475752	152	43	1	1	0	1	NA	NA	NA	unphased	0.26951566951567	0.26951566951567	1
5	140573496	140573497	23	53	1	1	0	1	NA	NA	NA	unphased	0.85233918128655	0.85233918128655	1
5	156378593	156378594	18	74	1	1	0	1	NA	NA	NA	unphased	0.983091787439614	0.983091787439614	1
6	26056541	26056542	90	42	1.03	1	1	0.03	0	1	0.97	unphased	0.398434343434343	0.398434343434343	1
6	26056542	26056543	89	42	1.03	1	1	0.03	0	1	0.97	unphased	0.40147582697201	0.40147582697201	1
6	26446184	26446185	90	98	1.03	1	1	0.03	0	1	0.97	unphased	0.652754137115839	0.652754137115839	1
6	27835193	27835194	69	89	1.03	1	1	0.03	0	1	0.97	unphased	0.705365682137834	0.705365682137834	1
6	29640507	29640508	89	45	1.03	1	1	0.03	0	1	0.97	unphased	0.420522388059701	0.420522388059701	1
6	30619232	30619233	177	188	1.03	1	1	0.03	0	1	0.97	unphased	0.644980213089802	0.644980213089802	1
6	32372965	32372966	114	79	1.03	1	1	0.03	0	1	0.97	unphased	0.512567645365573	0.512567645365573	1
6	39881097	39881098	82	20	1.03	1	1	0.03	0	1	0.97	unphased	0.245533769063181	0.245533769063181	1
6	45405762	45405763	152	92	1.03	1	1	0.03	0	1	0.97	unphased	0.472149362477231	0.472149362477231	1
6	46135372	46135373	76	82	1.03	1	1	0.03	0	1	0.97	unphased	0.649887482419128	0.649887482419128	1
6	56468739	56468740	40	24	1.03	1	1	0.03	0	1	0.97	unphased	0.469583333333333	0.469583333333333	1
6	70386016	70386017	23	20	1.03	1	1	0.03	0	1	0.97	unphased	0.582428940568475	0.582428940568475	1
6	100895280	100895281	39	32	1.01	1	1	0.01	0	1	0.99	unphased	0.555367762128326	0.555367762128326	1
6	135811851	135811852	130	113	1.01	1	1	0.01	0	1	0.99	unphased	0.573008687700046	0.573008687700046	1
6	152718076	152718077	69	83	1.01	1	1	0.01	0	1	0.99	unphased	0.672858187134503	0.672858187134503	1
7	6836358	6836359	54	127	1	1	0	1	NA	NA	NA	unphased	0.857581338244322	0.857581338244322	1
7	21469179	21469180	13	50	1	1	0	1	NA	NA	NA	unphased	0.970017636684303	0.970017636684303	1
7	24789413	24789414	16	68	1	1	0	1	NA	NA	NA	unphased	0.989417989417989	0.989417989417989	1
7	29966072	29966073	21	106	1	1	0	1	NA	NA	NA	unphased	1.02012248468941	1.02012248468941	1
7	48285533	48285534	5	42	1	1	0	1	NA	NA	NA	unphased	1.09219858156028	1.09219858156028	1
7	57188388	57188389	17	28	1	1	0	1	NA	NA	NA	unphased	0.760493827160494	0.760493827160494	1
7	71130454	71130455	121	83	2	1	1	1	NA	NA	NA	unphased	0.904139433551198	0.904139433551198	1
7	72683345	72683346	276	163	2	1	1	1	NA	NA	NA	unphased	0.825107567704379	0.825107567704379	1
7	73246310	73246311	15	8	2	1	1	1	NA	NA	NA	unphased	0.772946859903382	0.772946859903382	1
7	76058685	76058686	29	18	2	1	1	1	NA	NA	NA	unphased	0.851063829787234	0.851063829787234	1
7	82455954	82455955	104	47	2	1	1	1	NA	NA	NA	unphased	0.69168506254599	0.69168506254599	1
7	86509716	86509717	25	18	2	1	1	1	NA	NA	NA	unphased	0.930232558139535	0.930232558139535	1
7	88965802	88965803	70	41	2	1	1	1	NA	NA	NA	unphased	0.820820820820821	0.820820820820821	1
7	88965803	88965804	67	40	2	1	1	1	NA	NA	NA	unphased	0.83073727933541	0.83073727933541	1
7	99063779	99063780	63	55	2	1	1	1	NA	NA	NA	unphased	1.03578154425612	1.03578154425612	1
7	99457595	99457596	79	62	2	1	1	1	NA	NA	NA	unphased	0.977147360126084	0.977147360126084	1
7	148801239	148801240	52	32	1	1	0	1	NA	NA	NA	unphased	0.465608465608466	0.465608465608466	1
7	151962203	151962204	556	41	1	1	0	1	NA	NA	NA	unphased	0.0839382095663503	0.0839382095663503	1
7	155301604	155301605	6	37	1	1	0	1	NA	NA	NA	unphased	1.05167958656331	1.05167958656331	1
8	19362937	19362938	11	65	1	1	0	1	NA	NA	NA	unphased	1.0453216374269	1.0453216374269	1
8	39627069	39627070	57	28	3	2	1	1	NA	NA	NA	unphased	1.06143790849673	1.06143790849673	1
8	86193699	86193700	17	8	3	3	0	1	NA	NA	NA	unphased	1.03111111111111	1.03111111111111	1
8	96070045	96070046	109	45	3	3	0	1	NA	NA	NA	unphased	0.941558441558442	0.941558441558442	1
8	105393523	105393524	15	177	3	3	0	1	NA	NA	NA	unphased	2.97048611111111	0.990162037037037	3
8	116631872	116631873	158	82	3	3	0	1	NA	NA	NA	unphased	1.10092592592593	1.10092592592593	1
8	116631873	116631874	157	82	3	3	0	1	NA	NA	NA	unphased	1.10553231055323	1.10553231055323	1
8	125551426	125551427	84	66	3	3	0	1	NA	NA	NA	unphased	1.41777777777778	0.708888888888889	2
8	139164913	139164914	42	520	4	4	0	1	NA	NA	NA	unphased	3.90668248319494	0.976670620798735	4
8	139164914	139164915	39	524	4	4	0	1	NA	NA	NA	unphased	3.92974146437734	0.982435366094336	4
8	139165093	139165094	10	245	4	4	0	1	NA	NA	NA	unphased	4.05664488017429	1.01416122004357	4
8	139610958	139610959	16	334	4	4	0	1	NA	NA	NA	unphased	4.02920634920635	1.00730158730159	4
9	21186935	21186936	44	137	1	1	0	1	NA	NA	NA	unphased	0.925107427869859	0.925107427869859	1
9	35295835	35295836	6	23	1	1	0	1	NA	NA	NA	unphased	0.969348659003831	0.969348659003831	1
9	35825344	35825345	28	68	1	1	0	1	NA	NA	NA	unphased	0.865740740740741	0.865740740740741	1
9	107535352	107535353	16	58	1	1	0	1	NA	NA	NA	unphased	0.957957957957958	0.957957957957958	1
9	107560765	107560766	14	91	1	1	0	1	NA	NA	NA	unphased	1.05925925925926	1.05925925925926	1
9	116082636	116082637	18	81	1	1	0	1	NA	NA	NA	unphased	1	1	1
9	123903706	123903707	10	78	1	1	0	1	NA	NA	NA	unphased	1.08333333333333	1.08333333333333	1
9	125240092	125240093	189	12	1	1	0	1	NA	NA	NA	unphased	0.0729684908789387	0.0729684908789387	1
9	130106615	130106616	26	150	1	1	0	1	NA	NA	NA	unphased	1.04166666666667	1.04166666666667	1
9	131337067	131337068	9	59	1	1	0	1	NA	NA	NA	unphased	1.06045751633987	1.06045751633987	1
X	1325341	1325342	150	87	NA	NA	NA	NA	NA	NA	NA	unphased	NA	NA	1
X	17745611	17745612	18	127	NA	NA	NA	NA	NA	NA	NA	unphased	NA	NA	1
X	37642780	37642781	13	63	NA	NA	NA	NA	NA	NA	NA	unphased	NA	NA	1
X	44703623	44703624	11	73	NA	NA	NA	NA	NA	NA	NA	unphased	NA	NA	1
X	54784797	54784798	3	37	NA	NA	NA	NA	NA	NA	NA	unphased	NA	NA	1
X	67938351	67938352	0	47	NA	NA	NA	NA	NA	NA	NA	unphased	NA	NA	1
X	91873457	91873458	22	124	NA	NA	NA	NA	NA	NA	NA	unphased	NA	NA	1
X	107225169	107225170	12	126	NA	NA	NA	NA	NA	NA	NA	unphased	NA	NA	1
X	119760818	119760819	11	91	NA	NA	NA	NA	NA	NA	NA	unphased	NA	NA	1
X	144905785	144905786	6	100	NA	NA	NA	NA	NA	NA	NA	unphased	NA	NA	1
X	155003825	155003826	129	79	NA	NA	NA	NA	NA	NA	NA	unphased	NA	NA	1
