chr	start	end	WT.count	mut.count	subclonal.CN	nMaj1	nMin1	frac1	nMaj2	nMin2	frac2	phase	mutation.copy.number	subclonal.fraction	no.chrs.bearing.mut
1	1565855	1565856	17	4	NA	NA	NA	NA	NA	NA	NA	unphased	NA	NA	1
1	19168268	19168269	132	8	1.05	1	1	0.05	0	1	0.95	unphased	0.465194805194805	0.465194805194805	1
1	19549165	19549166	68	6	1.05	1	1	0.05	0	1	0.95	unphased	0.66007371007371	0.66007371007371	1
1	21097566	21097567	61	8	1.05	1	1	0.05	0	1	0.95	unphased	0.943873517786561	0.943873517786561	1
1	28816291	28816292	77	7	1.05	1	1	0.05	0	1	0.95	unphased	0.678409090909091	0.678409090909091	1
1	29618464	29618465	79	6	1.05	1	1	0.05	0	1	0.95	unphased	0.574652406417112	0.574652406417112	1
1	31426667	31426668	344	50	1.05	1	1	0.05	0	1	0.95	unphased	1.0331102907245	1.0331102907245	1
1	34330002	34330003	222	42	1.05	1	1	0.05	0	1	0.95	unphased	1.29514462809917	1.29514462809917	1
1	50642824	50642825	59	8	1.05	1	1	0.05	0	1	0.95	unphased	0.972048846675712	0.972048846675712	1
1	59158587	59158588	198	18	1.05	1	1	0.05	0	1	0.95	unphased	0.678409090909091	0.678409090909091	1
1	66833486	66833487	89	12	1.05	1	1	0.05	0	1	0.95	unphased	0.967236723672367	0.967236723672367	1
1	67292645	67292646	165	24	1.05	1	1	0.05	0	1	0.95	unphased	1.03376623376623	1.03376623376623	1
1	75038999	75039000	139	13	1.05	1	1	0.05	0	1	0.95	unphased	0.696261961722488	0.696261961722488	1
1	75681502	75681503	77	13	1.05	1	1	0.05	0	1	0.95	unphased	1.17590909090909	1.17590909090909	1
1	101190257	101190258	53	9	1.05	1	1	0.05	0	1	0.95	unphased	1.18174486803519	1.18174486803519	1
1	153430295	153430296	111	14	1.05	1	1	0.05	0	1	0.95	unphased	0.911781818181818	0.911781818181818	1
1	155014270	155014271	82	9	1.05	1	1	0.05	0	1	0.95	unphased	0.805144855144855	0.805144855144855	1
1	156354613	156354614	21	4	1.05	1	1	0.05	0	1	0.95	unphased	1.30254545454545	1.30254545454545	1
1	158517450	158517451	33	4	1.05	1	1	0.05	0	1	0.95	unphased	0.88009828009828	0.88009828009828	1
1	179620181	179620182	75	6	1.05	1	1	0.05	0	1	0.95	unphased	0.603030303030303	0.603030303030303	1
1	234510075	234510076	92	13	1.05	1	1	0.05	0	1	0.95	unphased	1.00792207792208	1.00792207792208	1
1	237957223	237957224	33	4	1.05	1	1	0.05	0	1	0.95	unphased	0.88009828009828	0.88009828009828	1
1	248569541	248569542	158	17	NA	NA	NA	NA	NA	NA	NA	unphased	NA	NA	1
1	248789734	248789735	99	11	NA	NA	NA	NA	NA	NA	NA	unphased	NA	NA	1
10	3143643	3143644	27	4	2	1	1	0.17	1	1	0.83	unphased	1.17302052785924	1.17302052785924	1
10	7825116	7825117	36	4	2	1	1	0.17	1	1	0.83	unphased	0.909090909090909	0.909090909090909	1
10	17865369	17865370	90	14	2	1	1	0.17	1	1	0.83	unphased	1.22377622377622	1.22377622377622	1
10	27324583	27324584	35	9	2	1	1	0.17	1	1	0.83	unphased	1.8595041322314	1.8595041322314	1
10	38241690	38241691	128	18	2	1	1	0.17	1	1	0.83	unphased	1.12079701120797	1.12079701120797	1
10	43662510	43662511	68	7	2	1	1	0.17	1	1	0.83	unphased	0.848484848484849	0.848484848484849	1
10	51464674	51464675	32	9	2	1	1	0.17	1	1	0.83	unphased	1.99556541019956	1.99556541019956	1
10	52566581	52566582	119	12	2	1	1	0.17	1	1	0.83	unphased	0.832755031228314	0.832755031228314	1
10	55755370	55755371	66	11	2	1	1	0.17	1	1	0.83	unphased	1.2987012987013	1.2987012987013	1
10	61012613	61012614	98	37	2.64	4	1	0.41	1	0	0.59	unphased	2.6669898989899	0.945741098932588	2.82
10	61424014	61424015	110	5	2.64	4	1	0.41	1	0	0.59	unphased	0.423083003952569	1.03190976573797	0.41
10	61844533	61844534	113	9	2.64	4	1	0.41	1	0	0.59	unphased	0.717853949329359	0.717853949329359	1
10	61898788	61898789	185	17	2.64	4	1	0.41	1	0	0.59	unphased	0.818937893789379	0.818937893789379	1
10	88702991	88702992	55	8	2	1	1	0.45	1	1	0.55	unphased	1.15440115440115	1.15440115440115	1
11	5080686	5080687	62	10	2	1	1	1	NA	NA	NA	unphased	1.26262626262626	1.26262626262626	1
11	5080701	5080702	67	10	2	1	1	1	NA	NA	NA	unphased	1.18063754427391	1.18063754427391	1
11	7669626	7669627	64	7	2	1	1	1	NA	NA	NA	unphased	0.896286811779769	0.896286811779769	1
11	57995796	57995797	53	7	2	1	1	1	NA	NA	NA	unphased	1.06060606060606	1.06060606060606	1
11	59612955	59612956	182	15	2	1	1	1	NA	NA	NA	unphased	0.692201199815413	0.692201199815413	1
11	62747231	62747232	57	5	2	1	1	1	NA	NA	NA	unphased	0.733137829912023	0.733137829912023	1
11	62782155	62782156	245	43	2	1	1	1	NA	NA	NA	unphased	1.35732323232323	1.35732323232323	1
11	65319782	65319783	132	15	2	1	1	1	NA	NA	NA	unphased	0.927643784786642	0.927643784786642	1
11	65998275	65998276	90	15	2	1	1	1	NA	NA	NA	unphased	1.2987012987013	1.2987012987013	1
11	82642806	82642807	76	15	2	1	1	1	NA	NA	NA	unphased	1.4985014985015	1.4985014985015	1
11	92523167	92523168	128	21	2	1	1	1	NA	NA	NA	unphased	1.28126906650397	1.28126906650397	1
11	102220699	102220700	97	12	2	1	1	1	NA	NA	NA	unphased	1.00083402835696	1.00083402835696	1
11	102593281	102593282	194	22	2	1	1	1	NA	NA	NA	unphased	0.925925925925926	0.925925925925926	1
11	124310043	124310044	47	7	2	1	1	1	NA	NA	NA	unphased	1.17845117845118	1.17845117845118	1
11	124412839	124412840	51	8	2	1	1	1	NA	NA	NA	unphased	1.2326656394453	1.2326656394453	1
11	129802103	129802104	67	11	2	1	1	1	NA	NA	NA	unphased	1.28205128205128	1.28205128205128	1
12	4479939	4479940	156	21	2	1	1	1	NA	NA	NA	unphased	1.07858243451464	1.07858243451464	1
12	10588587	10588588	185	18	2	1	1	1	NA	NA	NA	unphased	0.806090461262875	0.806090461262875	1
12	11461683	11461684	1014	75	2	1	1	1	NA	NA	NA	unphased	0.626095667417982	0.626095667417982	1
12	12491380	12491381	97	10	2	1	1	1	NA	NA	NA	unphased	0.849617672047579	0.849617672047579	1
12	22069982	22069983	201	25	2	1	1	1	NA	NA	NA	unphased	1.00563153660499	1.00563153660499	1
12	49444761	49444762	126	16	2	1	1	1	NA	NA	NA	unphased	1.02432778489117	1.02432778489117	1
12	53233021	53233022	55	8	2	1	1	1	NA	NA	NA	unphased	1.15440115440115	1.15440115440115	1
12	57968990	57968991	41	3	2	1	1	1	NA	NA	NA	unphased	0.619834710743802	0.619834710743802	1
12	68646416	68646417	46	6	2	1	1	1	NA	NA	NA	unphased	1.04895104895105	1.04895104895105	1
12	88420827	88420828	30	4	2	1	1	1	NA	NA	NA	unphased	1.06951871657754	1.06951871657754	1
12	96260954	96260955	60	9	2	1	1	1	NA	NA	NA	unphased	1.18577075098814	1.18577075098814	1
12	112691886	112691887	98	19	2	1	1	1	NA	NA	NA	unphased	1.47630147630148	1.47630147630148	1
12	129569226	129569227	53	6	2	1	1	1	NA	NA	NA	unphased	0.924499229583975	0.924499229583975	1
13	108882358	108882359	79	11	2	1	1	0.43	1	1	0.57	unphased	1.11111111111111	1.11111111111111	1
13	108882359	108882360	77	13	2	1	1	0.43	1	1	0.57	unphased	1.31313131313131	1.31313131313131	1
13	111132618	111132619	101	9	2	1	1	0.43	1	1	0.57	unphased	0.743801652892562	0.743801652892562	1
14	20825759	20825760	111	17	2	1	1	0.31	1	1	0.69	unphased	1.20738636363636	1.20738636363636	1
14	42356878	42356879	72	16	2	1	1	0.31	1	1	0.69	unphased	1.65289256198347	1.65289256198347	1
14	42356879	42356880	69	16	2	1	1	0.31	1	1	0.69	unphased	1.71122994652406	1.71122994652406	1
14	62547947	62547948	42	4	2	1	1	0.31	1	1	0.69	unphased	0.790513833992095	0.790513833992095	1
14	68256211	68256212	137	18	2	1	1	0.31	1	1	0.69	unphased	1.05571847507331	1.05571847507331	1
14	70925481	70925482	95	10	2	1	1	0.31	1	1	0.69	unphased	0.865800865800866	0.865800865800866	1
14	94935607	94935608	237	13	2	1	1	0.31	1	1	0.69	unphased	0.472727272727273	0.685111989459816	0.69
14	101005331	101005332	30	5	2	1	1	0.31	1	1	0.69	unphased	1.2987012987013	1.2987012987013	1
14	105478235	105478236	117	20	2	1	1	0.31	1	1	0.69	unphased	1.3271400132714	1.3271400132714	1
14	106667637	106667638	369	46	NA	NA	NA	NA	NA	NA	NA	unphased	NA	NA	1
14	106667638	106667639	367	45	NA	NA	NA	NA	NA	NA	NA	unphased	NA	NA	1
14	106733558	106733559	119	10	NA	NA	NA	NA	NA	NA	NA	unphased	NA	NA	1
15	25230281	25230282	124	17	2	1	1	0.27	1	1	0.73	unphased	1.09606705351386	1.09606705351386	1
15	25339117	25339118	33	4	2	1	1	0.27	1	1	0.73	unphased	0.982800982800983	0.982800982800983	1
15	32972077	32972078	159	8	2	1	1	0.27	1	1	0.73	unphased	0.435492651061513	0.596565275426731	0.73
15	40764026	40764027	82	8	2	1	1	0.27	1	1	0.73	unphased	0.808080808080808	0.808080808080808	1
15	54919267	54919268	52	11	2	1	1	0.27	1	1	0.73	unphased	1.58730158730159	1.58730158730159	1
15	66007849	66007850	31	3	2	1	1	0.27	1	1	0.73	unphased	0.802139037433155	0.802139037433155	1
15	67879199	67879200	209	16	2	1	1	0.27	1	1	0.73	unphased	0.646464646464646	0.88556800885568	0.73
15	69324008	69324009	38	7	2	1	1	0.27	1	1	0.73	unphased	1.41414141414141	1.41414141414141	1
15	76494558	76494559	88	5	2	1	1	0.27	1	1	0.73	unphased	0.488758553274682	0.488758553274682	1
15	89169831	89169832	180	23	2	1	1	0.27	1	1	0.73	unphased	1.03000447828034	1.03000447828034	1
15	89870414	89870415	146	19	2	1	1	0.27	1	1	0.73	unphased	1.04683195592287	1.04683195592287	1
16	11071229	11071230	21	6	2	1	1	1	NA	NA	NA	unphased	2.02020202020202	2.02020202020202	1
16	12618660	12618661	134	14	2	1	1	1	NA	NA	NA	unphased	0.85995085995086	0.85995085995086	1
16	28847783	28847784	47	3	2	1	1	1	NA	NA	NA	unphased	0.545454545454545	0.545454545454545	1
16	28943863	28943864	65	13	2	1	1	1	NA	NA	NA	unphased	1.51515151515152	1.51515151515152	1
16	30518083	30518084	350	40	2	1	1	1	NA	NA	NA	unphased	0.932400932400932	0.932400932400932	1
16	50745594	50745595	26	6	2	1	1	1	NA	NA	NA	unphased	1.70454545454545	1.70454545454545	1
16	53692790	53692791	27	3	2	1	1	1	NA	NA	NA	unphased	0.909090909090909	0.909090909090909	1
16	56864519	56864520	167	10	2	1	1	1	NA	NA	NA	unphased	0.513610683102208	0.513610683102208	1
16	66426401	66426402	30	5	2	1	1	1	NA	NA	NA	unphased	1.2987012987013	1.2987012987013	1
16	72166630	72166631	94	12	2	1	1	1	NA	NA	NA	unphased	1.02915951972556	1.02915951972556	1
16	72166631	72166632	95	12	2	1	1	1	NA	NA	NA	unphased	1.01954120645709	1.01954120645709	1
16	90160459	90160460	9	4	NA	NA	NA	NA	NA	NA	NA	unphased	NA	NA	1
17	7577105	7577106	26	4	1	1	0	1	NA	NA	NA	unphased	1.07878787878788	1.07878787878788	1
17	7662389	7662390	47	9	1	1	0	1	NA	NA	NA	unphased	1.30032467532468	1.30032467532468	1
17	51901870	51901871	44	11	1	1	0	1	NA	NA	NA	unphased	1.61818181818182	1.61818181818182	1
17	61684717	61684718	65	23	1	1	0	1	NA	NA	NA	unphased	2.1146694214876	2.1146694214876	1
17	76459146	76459147	61	6	4	4	0	1	NA	NA	NA	unphased	0.993215739484396	0.993215739484396	1
18	42531659	42531660	70	11	2	1	1	0.21	1	1	0.79	unphased	1.23456790123457	1.23456790123457	1
18	43685317	43685318	58	13	2	1	1	0.21	1	1	0.79	unphased	1.66453265044814	1.66453265044814	1
18	56203843	56203844	130	19	2	1	1	0.16	1	1	0.84	unphased	1.15924344112264	1.15924344112264	1
18	67406315	67406316	134	15	2	1	1	0.16	1	1	0.84	unphased	0.915192190359976	0.915192190359976	1
19	1036163	1036164	51	6	2	1	1	0.28	1	1	0.72	unphased	0.956937799043062	0.956937799043062	1
19	4516652	4516653	10	3	2	1	1	0.28	1	1	0.72	unphased	2.0979020979021	2.0979020979021	1
19	6312268	6312269	130	10	2	1	1	0.28	1	1	0.72	unphased	0.649350649350649	0.649350649350649	1
19	10464889	10464890	90	13	2	1	1	0.28	1	1	0.72	unphased	1.14739629302736	1.14739629302736	1
19	14951856	14951857	78	9	2	1	1	0.28	1	1	0.72	unphased	0.940438871473354	0.940438871473354	1
19	16472566	16472567	20	3	2	1	1	0.28	1	1	0.72	unphased	1.18577075098814	1.18577075098814	1
19	22155402	22155403	83	9	2	1	1	0.28	1	1	0.72	unphased	0.889328063241107	0.889328063241107	1
19	30193828	30193829	148	32	2	1	1	0.28	1	1	0.72	unphased	1.61616161616162	1.61616161616162	1
19	39037099	39037100	85	5	2	1	1	0.28	1	1	0.72	unphased	0.505050505050505	0.505050505050505	1
19	42132036	42132037	221	18	2	1	1	0.28	1	1	0.72	unphased	0.684670977558007	0.684670977558007	1
19	46915206	46915207	183	48	2	1	1	0.28	1	1	0.72	unphased	1.88902007083825	1.88902007083825	1
19	51650495	51650496	71	22	2	1	1	0.28	1	1	0.72	unphased	2.1505376344086	2.1505376344086	1
19	51986516	51986517	81	35	2	1	1	0.28	1	1	0.72	unphased	2.74294670846395	2.74294670846395	1
19	52658721	52658722	69	14	2	1	1	0.28	1	1	0.72	unphased	1.53340635268346	1.53340635268346	1
19	55175831	55175832	145	16	2	1	1	0.28	1	1	0.72	unphased	0.903444381705251	0.903444381705251	1
19	58929117	58929118	138	13	NA	NA	NA	NA	NA	NA	NA	unphased	NA	NA	1
2	9650195	9650196	95	20	2	2	0	1	NA	NA	NA	unphased	1.58102766798419	0.790513833992095	2
2	26569011	26569012	15	5	2	2	0	1	NA	NA	NA	unphased	2.27272727272727	2.27272727272727	1
2	37580015	37580016	54	10	2	2	0	1	NA	NA	NA	unphased	1.42045454545455	1.42045454545455	1
2	56419918	56419919	90	9	2	2	0	1	NA	NA	NA	unphased	0.826446280991736	0.826446280991736	1
2	67637077	67637078	233	14	2	2	0	1	NA	NA	NA	unphased	0.515274199484726	0.515274199484726	1
2	79349988	79349989	157	57	2	2	0	1	NA	NA	NA	unphased	2.4214103653356	1.2107051826678	2
2	79384725	79384726	164	44	2	2	0	1	NA	NA	NA	unphased	1.92307692307692	0.961538461538462	2
2	99012480	99012481	48	13	2	2	0	1	NA	NA	NA	unphased	1.93740685543964	0.968703427719821	2
2	116572499	116572500	84	11	2	2	0	1	NA	NA	NA	unphased	1.05263157894737	1.05263157894737	1
2	141272314	141272315	30	5	2	2	0	1	NA	NA	NA	unphased	1.2987012987013	1.2987012987013	1
2	145162582	145162583	35	4	2	2	0	1	NA	NA	NA	unphased	0.932400932400932	0.932400932400932	1
2	171704222	171704223	175	19	2	2	0	1	NA	NA	NA	unphased	0.890346766635426	0.890346766635426	1
2	179639037	179639038	158	9	2	2	0	1	NA	NA	NA	unphased	0.489929232444203	0.489929232444203	1
2	182430238	182430239	55	14	2	2	0	1	NA	NA	NA	unphased	1.84453227931489	0.922266139657444	2
2	215609883	215609884	30	7	2	2	0	1	NA	NA	NA	unphased	1.71990171990172	1.71990171990172	1
2	220432455	220432456	78	9	2	2	0	1	NA	NA	NA	unphased	0.940438871473354	0.940438871473354	1
2	225729741	225729742	157	27	2	2	0	1	NA	NA	NA	unphased	1.33399209486166	1.33399209486166	1
2	238285526	238285527	224	20	2	2	0	1	NA	NA	NA	unphased	0.745156482861401	0.745156482861401	1
20	2796026	2796027	177	34	2	1	1	1	NA	NA	NA	unphased	1.4648858250754	1.4648858250754	1
20	2843946	2843947	105	10	2	1	1	1	NA	NA	NA	unphased	0.790513833992095	0.790513833992095	1
20	34262982	34262983	111	8	2	1	1	1	NA	NA	NA	unphased	0.611153552330023	0.611153552330023	1
20	43955953	43955954	104	10	2	1	1	1	NA	NA	NA	unphased	0.797448165869218	0.797448165869218	1
20	62121898	62121899	126	13	2	1	1	1	NA	NA	NA	unphased	0.850228907782865	0.850228907782865	1
21	22804428	22804429	58	9	2	1	1	1	NA	NA	NA	unphased	1.22116689280868	1.22116689280868	1
21	30909640	30909641	53	5	2	1	1	1	NA	NA	NA	unphased	0.783699059561129	0.783699059561129	1
21	34924900	34924901	144	21	2	1	1	1	NA	NA	NA	unphased	1.15702479338843	1.15702479338843	1
21	43702439	43702440	69	11	2	1	1	1	NA	NA	NA	unphased	1.25	1.25	1
22	44022540	44022541	101	11	2	1	1	1	NA	NA	NA	unphased	0.892857142857143	0.892857142857143	1
22	45210621	45210622	97	11	2	1	1	1	NA	NA	NA	unphased	0.925925925925926	0.925925925925926	1
3	6903490	6903491	84	13	2	1	1	0.4	1	1	0.6	unphased	1.21836925960637	1.21836925960637	1
3	51897388	51897389	125	9	2	1	1	0.4	1	1	0.6	unphased	0.610583446404342	0.610583446404342	1
3	64527542	64527543	107	21	2	1	1	0.4	1	1	0.6	unphased	1.49147727272727	1.49147727272727	1
3	89528554	89528555	64	5	4	2	2	1	NA	NA	NA	unphased	0.80368906455863	0.80368906455863	1
3	108216933	108216934	151	16	4	2	2	1	NA	NA	NA	unphased	1.06260206859009	1.06260206859009	1
3	111312480	111312481	103	16	4	2	2	1	NA	NA	NA	unphased	1.49121466768526	1.49121466768526	1
3	123359259	123359260	139	10	4	2	2	1	NA	NA	NA	unphased	0.744356314826114	0.744356314826114	1
3	142116237	142116238	52	12	4	2	2	1	NA	NA	NA	unphased	2.07954545454545	1.03977272727273	2
3	142681675	142681676	42	9	4	2	2	1	NA	NA	NA	unphased	1.9572192513369	0.978609625668449	2
3	160232914	160232915	61	17	4	2	2	1	NA	NA	NA	unphased	2.41724941724942	1.20862470862471	2
3	176755950	176755951	49	4	4	2	2	1	NA	NA	NA	unphased	0.83704974271012	0.83704974271012	1
3	186769038	186769039	126	16	4	2	2	1	NA	NA	NA	unphased	1.24967989756722	1.24967989756722	1
4	42505497	42505498	48	6	2	1	1	0.25	1	1	0.75	unphased	1.01010101010101	1.01010101010101	1
4	55971105	55971106	92	10	2	1	1	0.25	1	1	0.75	unphased	0.89126559714795	0.89126559714795	1
4	69344608	69344609	201	44	2	1	1	0.25	1	1	0.75	unphased	1.63265306122449	1.63265306122449	1
4	70152595	70152596	75	12	2	1	1	0.25	1	1	0.75	unphased	1.25391849529781	1.25391849529781	1
4	110791270	110791271	78	8	1.06	1	1	0.06	0	1	0.94	unphased	0.758224101479915	0.758224101479915	1
4	151835368	151835369	179	6	2	1	1	1	NA	NA	NA	unphased	0.294840294840295	0.294840294840295	1
5	1221841	1221842	117	10	4	2	2	1	NA	NA	NA	unphased	0.873299928418039	0.873299928418039	1
5	7820799	7820800	84	8	4	2	2	1	NA	NA	NA	unphased	0.964426877470356	0.964426877470356	1
5	24487750	24487751	158	33	4	2	2	1	NA	NA	NA	unphased	1.91623036649215	0.958115183246073	2
5	37170407	37170408	118	10	4	2	2	1	NA	NA	NA	unphased	0.866477272727273	0.866477272727273	1
5	127670909	127670910	96	11	2	1	1	0.42	1	1	0.58	unphased	0.934579439252336	0.934579439252336	1
5	127670910	127670911	96	11	2	1	1	0.42	1	1	0.58	unphased	0.934579439252336	0.934579439252336	1
5	154395625	154395626	44	6	2	1	1	0.42	1	1	0.58	unphased	1.09090909090909	1.09090909090909	1
6	24596846	24596847	103	5	2	2	0	1	NA	NA	NA	unphased	0.420875420875421	0.420875420875421	1
6	29323429	29323430	100	26	2	2	0	1	NA	NA	NA	unphased	1.87590187590188	0.937950937950938	2
6	36287267	36287268	152	13	2	2	0	1	NA	NA	NA	unphased	0.716253443526171	0.716253443526171	1
6	90421911	90421912	211	11	2	2	0	1	NA	NA	NA	unphased	0.45045045045045	0.45045045045045	1
6	96651294	96651295	127	8	2	2	0	1	NA	NA	NA	unphased	0.538720538720539	0.538720538720539	1
6	96651622	96651623	37	4	2	2	0	1	NA	NA	NA	unphased	0.886917960088692	0.886917960088692	1
6	112451232	112451233	72	4	2	2	0	1	NA	NA	NA	unphased	0.478468899521531	0.478468899521531	1
6	123588854	123588855	9	3	2	2	0	1	NA	NA	NA	unphased	2.27272727272727	2.27272727272727	1
6	145021252	145021253	53	8	2	2	0	1	NA	NA	NA	unphased	1.19225037257824	1.19225037257824	1
6	152529280	152529281	102	15	2	2	0	1	NA	NA	NA	unphased	1.16550116550117	1.16550116550117	1
6	152529281	152529282	104	14	2	2	0	1	NA	NA	NA	unphased	1.07858243451464	1.07858243451464	1
6	152655248	152655249	189	37	2	2	0	1	NA	NA	NA	unphased	1.48833467417538	0.744167337087691	2
6	152757196	152757197	75	9	2	2	0	1	NA	NA	NA	unphased	0.974025974025974	0.974025974025974	1
6	160109236	160109237	123	7	2	2	0	1	NA	NA	NA	unphased	0.48951048951049	0.48951048951049	1
6	160500662	160500663	41	9	2	2	0	1	NA	NA	NA	unphased	1.63636363636364	1.63636363636364	1
6	160501267	160501268	83	19	2	2	0	1	NA	NA	NA	unphased	1.69340463458111	0.846702317290553	2
6	170013690	170013691	71	16	2	2	0	1	NA	NA	NA	unphased	1.67189132706374	0.83594566353187	2
7	899955	899956	83	18	2	1	1	1	NA	NA	NA	unphased	1.62016201620162	1.62016201620162	1
7	7612315	7612316	89	16	2	1	1	1	NA	NA	NA	unphased	1.38528138528139	1.38528138528139	1
7	37989829	37989830	53	8	2	1	1	1	NA	NA	NA	unphased	1.19225037257824	1.19225037257824	1
7	73008535	73008536	63	12	2	1	1	1	NA	NA	NA	unphased	1.45454545454545	1.45454545454545	1
7	87183193	87183194	121	17	2	1	1	1	NA	NA	NA	unphased	1.11989459815547	1.11989459815547	1
7	87838750	87838751	99	12	2	1	1	1	NA	NA	NA	unphased	0.982800982800983	0.982800982800983	1
7	91641768	91641769	62	17	2	1	1	1	NA	NA	NA	unphased	1.95627157652474	1.95627157652474	1
7	100679354	100679355	385	62	2	1	1	1	NA	NA	NA	unphased	1.26093146227374	1.26093146227374	1
7	103969266	103969267	20	6	2	1	1	1	NA	NA	NA	unphased	2.0979020979021	2.0979020979021	1
8	23159659	23159660	61	4	2	1	1	0.17	1	1	0.83	unphased	0.559440559440559	0.559440559440559	1
8	92090772	92090773	24	3	2	1	1	0.31	1	1	0.69	unphased	1.01010101010101	1.01010101010101	1
8	106814800	106814801	26	4	2	1	1	0.31	1	1	0.69	unphased	1.21212121212121	1.21212121212121	1
8	113246679	113246680	156	15	2	1	1	0.31	1	1	0.69	unphased	0.797448165869218	0.797448165869218	1
8	139165339	139165340	70	10	2	1	1	0.31	1	1	0.69	unphased	1.13636363636364	1.13636363636364	1
9	17787398	17787399	129	17	2	1	1	0.34	1	1	0.66	unphased	1.05853051058531	1.05853051058531	1
9	88880947	88880948	160	25	1.65	1	0	0.35	1	1	0.65	unphased	1.18120393120393	1.18120393120393	1
9	123770747	123770748	71	10	1.65	1	0	0.35	1	1	0.65	unphased	1.07912457912458	1.07912457912458	1
9	124522668	124522669	32	5	1.65	1	0	0.35	1	1	0.65	unphased	1.18120393120393	1.18120393120393	1
9	131271188	131271189	109	16	1.65	1	0	0.35	1	1	0.65	unphased	1.11883636363636	1.11883636363636	1
9	139301689	139301690	24	5	1.65	1	0	0.35	1	1	0.65	unphased	1.50705329153605	1.50705329153605	1
X	15568085	15568086	233	37	NA	NA	NA	NA	NA	NA	NA	unphased	NA	NA	1
X	18660084	18660085	76	11	NA	NA	NA	NA	NA	NA	NA	unphased	NA	NA	1
X	27998439	27998440	86	11	NA	NA	NA	NA	NA	NA	NA	unphased	NA	NA	1
X	30269595	30269596	114	10	NA	NA	NA	NA	NA	NA	NA	unphased	NA	NA	1
X	34961082	34961083	76	11	NA	NA	NA	NA	NA	NA	NA	unphased	NA	NA	1
X	77913548	77913549	64	7	NA	NA	NA	NA	NA	NA	NA	unphased	NA	NA	1
X	79960238	79960239	72	19	NA	NA	NA	NA	NA	NA	NA	unphased	NA	NA	1
X	100241816	100241817	48	4	NA	NA	NA	NA	NA	NA	NA	unphased	NA	NA	1
X	100541615	100541616	67	8	NA	NA	NA	NA	NA	NA	NA	unphased	NA	NA	1
X	101909527	101909528	315	25	NA	NA	NA	NA	NA	NA	NA	unphased	NA	NA	1
X	107449773	107449774	122	14	NA	NA	NA	NA	NA	NA	NA	unphased	NA	NA	1
X	120181652	120181653	33	8	NA	NA	NA	NA	NA	NA	NA	unphased	NA	NA	1
X	129146551	129146552	208	19	NA	NA	NA	NA	NA	NA	NA	unphased	NA	NA	1
X	135956446	135956447	224	18	NA	NA	NA	NA	NA	NA	NA	unphased	NA	NA	1
X	153207469	153207470	169	14	NA	NA	NA	NA	NA	NA	NA	unphased	NA	NA	1
X	153217303	153217304	47	5	NA	NA	NA	NA	NA	NA	NA	unphased	NA	NA	1
X	153281526	153281527	71	11	NA	NA	NA	NA	NA	NA	NA	unphased	NA	NA	1
X	153670089	153670090	169	12	NA	NA	NA	NA	NA	NA	NA	unphased	NA	NA	1
