chr	start	end	WT.count	mut.count	subclonal.CN	nMaj1	nMin1	frac1	nMaj2	nMin2	frac2	phase	mutation.copy.number	subclonal.fraction	no.chrs.bearing.mut
1	1159232	1159233	15	3	2	1	1	0.54	1	1	0.46	unphased	0.606060606060606	0.606060606060606	1
1	3432078	3432079	39	14	2	1	1	0.54	1	1	0.46	unphased	0.960548885077187	0.960548885077187	1
1	6208914	6208915	34	20	2	1	1	0.54	1	1	0.46	unphased	1.34680134680135	1.34680134680135	1
1	11126714	11126715	36	13	2.45	2	1	0.45	1	1	0.55	unphased	1.08413729128015	1.08413729128015	1
1	12884855	12884856	238	48	2.45	2	1	0.45	1	1	0.55	unphased	0.685823267641449	0.685823267641449	1
1	18809042	18809043	55	30	2.45	2	1	0.45	1	1	0.55	unphased	1.44224598930481	0.994652406417112	1.45
1	21797139	21797140	61	11	2.45	2	1	0.45	1	1	0.55	unphased	0.624305555555556	0.624305555555556	1
1	25717279	25717280	125	45	2.45	2	1	0.45	1	1	0.55	unphased	1.08168449197861	1.08168449197861	1
1	29018098	29018099	75	17	2.41	2	1	0.41	1	1	0.59	unphased	0.747697628458498	0.747697628458498	1
1	32154670	32154671	88	18	2.41	2	1	0.41	1	1	0.59	unphased	0.687118353344768	0.687118353344768	1
1	32196545	32196546	40	11	2.41	2	1	0.41	1	1	0.59	unphased	0.872745098039216	0.872745098039216	1
1	32636566	32636567	11	5	2.41	2	1	0.41	1	1	0.59	unphased	1.26448863636364	1.26448863636364	1
1	36752725	36752726	68	22	2.41	2	1	0.41	1	1	0.59	unphased	0.989111111111111	0.989111111111111	1
1	39340730	39340731	46	38	2.41	2	1	0.41	1	1	0.59	unphased	1.83049783549784	1.29822541524669	1.41
1	39800893	39800894	81	6	2.41	2	1	0.41	1	1	0.59	unphased	0.279059561128527	0.680633075923236	0.41
1	44257802	44257803	130	52	2.41	2	1	0.41	1	1	0.59	unphased	1.1561038961039	1.1561038961039	1
1	44450670	44450671	23	9	2.41	2	1	0.41	1	1	0.59	unphased	1.13803977272727	1.13803977272727	1
1	54423865	54423866	62	20	1.52	2	1	0.26	1	0	0.74	unphased	0.769844789356984	0.769844789356984	1
1	55277778	55277779	112	5	1.52	2	1	0.26	1	0	0.74	unphased	0.134887334887335	0.518797441874365	0.26
1	66102071	66102072	103	50	1.44	2	1	0.22	1	0	0.78	unphased	1.00534759358289	1.00534759358289	1
1	70385463	70385464	7	7	1.44	2	1	0.22	1	0	0.78	unphased	1.53818181818182	1.53818181818182	1
1	71538210	71538211	69	31	1.4	2	1	0.2	1	0	0.8	unphased	0.941272727272727	0.941272727272727	1
1	75108770	75108771	60	13	3	2	1	1	NA	NA	NA	unphased	0.825653798256538	0.825653798256538	1
1	75693543	75693544	38	10	3	2	1	1	NA	NA	NA	unphased	0.965909090909091	0.965909090909091	1
1	85397143	85397144	101	26	3	2	1	1	NA	NA	NA	unphased	0.949176807444524	0.949176807444524	1
1	101004808	101004809	4	5	3	2	1	1	NA	NA	NA	unphased	2.57575757575758	1.28787878787879	2
1	102312543	102312544	66	4	3	2	1	1	NA	NA	NA	unphased	0.264935064935065	0.264935064935065	1
1	104114789	104114790	198	50	3	2	1	1	NA	NA	NA	unphased	0.93475073313783	0.93475073313783	1
1	110295755	110295756	47	11	1.56	2	1	0.28	1	0	0.72	unphased	0.606206896551724	0.606206896551724	1
1	110302414	110302415	49	20	1.56	2	1	0.28	1	0	0.72	unphased	0.926482213438735	0.926482213438735	1
1	111146621	111146622	74	22	1.56	2	1	0.28	1	0	0.72	unphased	0.7325	0.7325	1
1	112319768	112319769	104	28	1.56	2	1	0.28	1	0	0.72	unphased	0.67801652892562	0.67801652892562	1
1	117509803	117509804	87	59	1.56	2	1	0.28	1	0	0.72	unphased	1.29168119551681	1.00912593399751	1.28
1	143767399	143767400	502	57	NA	NA	NA	NA	NA	NA	NA	unphased	NA	NA	1
1	144882555	144882556	196	72	1.08	3	2	0.02	0	1	0.98	unphased	0.729769335142469	0.729769335142469	1
1	146747130	146747131	93	35	1.08	3	2	0.02	0	1	0.98	unphased	0.742755681818182	0.742755681818182	1
1	147381149	147381150	11	14	1.08	3	2	0.02	0	1	0.98	unphased	1.52116363636364	0.753051305130513	2.02
1	152060627	152060628	76	76	5	3	2	1	NA	NA	NA	unphased	3.31818181818182	1.10606060606061	3
1	152188169	152188170	2422	122	5	3	2	1	NA	NA	NA	unphased	0.31825328759291	0.31825328759291	1
1	152188357	152188358	3805	242	5	3	2	1	NA	NA	NA	unphased	0.396837163330862	0.396837163330862	1
1	152285803	152285804	505	427	5	3	2	1	NA	NA	NA	unphased	3.04047990635973	1.01349330211991	3
1	152285985	152285986	316	227	5	3	2	1	NA	NA	NA	unphased	2.77431776326804	0.924772587756013	3
1	152286900	152286901	182	27	5	3	2	1	NA	NA	NA	unphased	0.857329273597216	0.857329273597216	1
1	152760299	152760300	8	5	4.56	3	2	0.89	0	1	0.11	unphased	2.38321678321678	0.892590555511904	2.67
1	152777345	152777346	11	3	4.56	3	2	0.89	0	1	0.11	unphased	1.32779220779221	1.32779220779221	1
1	153012807	153012808	125	42	1.28	3	2	0.07	0	1	0.93	unphased	0.733456722917801	0.733456722917801	1
1	155922484	155922485	63	37	4.6	3	2	0.9	0	1	0.1	unphased	2.30745454545454	0.854612794612794	2.7
1	157493955	157493956	14	3	4.6	3	2	0.9	0	1	0.1	unphased	1.10053475935829	1.10053475935829	1
1	157771820	157771821	85	59	4.6	3	2	0.9	0	1	0.1	unphased	2.55517676767677	0.94636176580621	2.7
1	158324316	158324317	70	32	4.6	3	2	0.9	0	1	0.1	unphased	1.95650623885918	1.02974012571536	1.9
1	158517184	158517185	132	58	4.6	3	2	0.9	0	1	0.1	unphased	1.90373205741627	1.0019642407454	1.9
1	158670282	158670283	69	55	4.6	3	2	0.9	0	1	0.1	unphased	2.76612903225806	0.987903225806451	2.8
1	159175407	159175408	88	67	4.6	3	2	0.9	0	1	0.1	unphased	2.69571847507331	0.998414250027153	2.7
1	160389255	160389256	114	20	4.6	3	2	0.9	0	1	0.1	unphased	0.930800542740841	0.930800542740841	1
1	161200594	161200595	33	34	4.6	3	2	0.9	0	1	0.1	unphased	3.16472184531886	1.09128339493754	2.9
1	162335207	162335208	102	39	4.6	3	2	0.9	0	1	0.1	unphased	1.72495164410058	0.958306468944767	1.8
1	162569179	162569180	35	8	4.6	3	2	0.9	0	1	0.1	unphased	1.16025369978858	1.16025369978858	1
1	172634967	172634968	108	43	4	2	2	1	NA	NA	NA	unphased	1.60505719446117	0.802528597230584	2
1	176833355	176833356	107	24	2.4	2	2	0.2	1	1	0.8	unphased	0.739486467730743	0.739486467730743	1
1	182874671	182874672	92	28	4	2	2	1	NA	NA	NA	unphased	1.31515151515151	1.31515151515151	1
1	183908085	183908086	71	23	4	2	2	1	NA	NA	NA	unphased	1.37911025145068	1.37911025145068	1
1	186276831	186276832	39	11	4	2	2	1	NA	NA	NA	unphased	1.24	1.24	1
1	186281521	186281522	116	57	4	2	2	1	NA	NA	NA	unphased	1.85706778770363	0.928533893851813	2
1	186957589	186957590	111	61	4	2	2	1	NA	NA	NA	unphased	1.99894291754757	0.999471458773784	2
1	190068180	190068181	58	11	2.22	2	2	0.11	1	1	0.89	unphased	0.614782608695652	0.614782608695652	1
1	190250786	190250787	112	47	2.22	2	2	0.11	1	1	0.89	unphased	1.13993138936535	1.13993138936535	1
1	192153732	192153733	28	13	2.22	2	2	0.11	1	1	0.89	unphased	1.22274944567628	1.22274944567628	1
1	196963357	196963358	131	78	2.22	2	2	0.11	1	1	0.89	unphased	1.43921705089169	1.29659193774026	1.11
1	197168762	197168763	110	41	2.22	2	2	0.11	1	1	0.89	unphased	1.04709211318483	1.04709211318483	1
1	197297790	197297791	55	17	2.22	2	2	0.11	1	1	0.89	unphased	0.910530303030303	0.910530303030303	1
1	197391014	197391015	86	44	2.22	2	2	0.11	1	1	0.89	unphased	1.30523076923077	1.17588357588358	1.11
1	197552326	197552327	112	21	2.22	2	2	0.11	1	1	0.89	unphased	0.6088995215311	0.6088995215311	1
1	200558401	200558402	77	44	2.22	2	2	0.11	1	1	0.89	unphased	1.40231404958678	1.26334599061872	1.11
1	200811141	200811142	115	13	2.22	2	2	0.11	1	1	0.89	unphased	0.391661931818182	0.391661931818182	1
1	204412696	204412697	162	69	2.22	2	2	0.11	1	1	0.89	unphased	1.15190082644628	1.15190082644628	1
1	205210775	205210776	32	10	2.22	2	2	0.11	1	1	0.89	unphased	0.918181818181818	0.918181818181818	1
1	207751382	207751383	225	43	2.12	2	1	0.12	1	1	0.88	unphased	0.60270013568521	0.60270013568521	1
1	207751383	207751384	225	43	2.12	2	1	0.12	1	1	0.88	unphased	0.60270013568521	0.60270013568521	1
1	210334346	210334347	103	49	2.12	2	1	0.12	1	1	0.88	unphased	1.21093301435407	1.21093301435407	1
1	216380619	216380620	82	13	2.12	2	1	0.12	1	1	0.88	unphased	0.514028708133971	0.514028708133971	1
1	216538377	216538378	75	22	2.12	2	1	0.12	1	1	0.88	unphased	0.851958762886598	0.851958762886598	1
1	222923345	222923346	66	43	2.12	2	1	0.12	1	1	0.88	unphased	1.4818682235196	1.3230966281425	1.12
1	228522211	228522212	14	3	2.12	2	1	0.12	1	1	0.88	unphased	0.662887700534759	0.662887700534759	1
1	229637783	229637784	144	130	3.48	3	1	0.74	1	1	0.26	unphased	2.42747179827472	0.97881927349787	2.48
1	231830368	231830369	58	30	2.08	3	1	0.36	1	0	0.64	unphased	1.26694214876033	1.26694214876033	1
1	233134989	233134990	27	13	2.08	3	1	0.36	1	0	0.64	unphased	1.20781818181818	1.20781818181818	1
1	236208833	236208834	66	61	2.08	3	1	0.36	1	0	0.64	unphased	1.78502505368647	1.0378052637712	1.72
1	237604715	237604716	102	43	2.08	3	1	0.36	1	0	0.64	unphased	1.10209404388715	1.10209404388715	1
1	237880512	237880513	22	32	2.08	3	1	0.36	1	0	0.64	unphased	2.20228956228956	0.933173543343035	2.36
1	237897041	237897042	68	11	2.08	3	1	0.36	1	0	0.64	unphased	0.51746835443038	1.43741209563994	0.36
1	237951286	237951287	6	7	2.08	3	1	0.36	1	0	0.64	unphased	2.00111888111888	0.847931729287661	2.36
1	238090194	238090195	11	15	2.08	3	1	0.36	1	0	0.64	unphased	2.14405594405594	0.908498281379637	2.36
1	238090304	238090305	65	9	2.08	3	1	0.36	1	0	0.64	unphased	0.451990171990172	1.25552825552826	0.36
1	247607988	247607989	77	12	2.08	3	1	0.36	1	0	0.64	unphased	0.501082737487232	1.39189649302009	0.36
1	248112390	248112391	614	116	2.08	3	1	0.36	1	0	0.64	unphased	0.590545454545454	0.590545454545454	1
1	248112391	248112392	619	117	2.08	3	1	0.36	1	0	0.64	unphased	0.590780632411067	0.590780632411067	1
1	248129574	248129575	143	18	2.08	3	1	0.36	1	0	0.64	unphased	0.415494071146245	1.15415019762846	0.36
1	248201570	248201571	189	21	2.08	3	1	0.36	1	0	0.64	unphased	0.371636363636364	1.03232323232323	0.36
1	248367068	248367069	422	46	2.08	3	1	0.36	1	0	0.64	unphased	0.365283605283605	1.01467668134335	0.36
1	248402327	248402328	219	28	2.08	3	1	0.36	1	0	0.64	unphased	0.421288185498712	1.17024495971864	0.36
1	248814082	248814083	102	9	2.08	3	1	0.36	1	0	0.64	unphased	0.301326781326781	0.837018837018837	0.36
10	15614352	15614353	90	81	1.32	4	1	0.08	0	1	0.92	unphased	1.40038277511962	1.12934094767711	1.24
10	17362942	17362943	188	245	1.32	4	1	0.08	0	1	0.92	unphased	1.67276926306949	0.804215991860333	2.08
10	17432530	17432531	219	22	1.32	4	1	0.08	0	1	0.92	unphased	0.269875518672199	0.269875518672199	1
10	22678194	22678195	45	64	1.32	4	1	0.08	0	1	0.92	unphased	1.73584653878232	0.834541605183807	2.08
10	30318173	30318174	147	31	4.46	4	1	0.82	1	1	0.18	unphased	1.06172625127681	1.06172625127681	1
10	45799231	45799232	115	19	4.46	4	1	0.82	1	1	0.18	unphased	0.864409769335142	0.864409769335142	1
10	47158849	47158850	6	4	3	2	1	1	NA	NA	NA	unphased	1.85454545454545	1.85454545454545	1
10	55566770	55566771	27	31	2	2	0	1	NA	NA	NA	unphased	1.9435736677116	0.971786833855799	2
10	55582222	55582223	22	7	2	2	0	1	NA	NA	NA	unphased	0.877742946708464	0.877742946708464	1
10	71176136	71176137	15	14	2	2	0	1	NA	NA	NA	unphased	1.75548589341693	0.877742946708464	2
10	74167777	74167778	18	19	2	2	0	1	NA	NA	NA	unphased	1.86732186732187	0.933660933660934	2
10	79753001	79753002	93	115	2	2	0	1	NA	NA	NA	unphased	2.01048951048951	1.00524475524476	2
10	85992158	85992159	14	18	2	2	0	1	NA	NA	NA	unphased	2.04545454545455	1.02272727272727	2
10	87379740	87379741	23	27	2	2	0	1	NA	NA	NA	unphased	1.96363636363636	0.981818181818182	2
10	88213071	88213072	90	18	3	3	0	1	NA	NA	NA	unphased	0.772727272727273	0.772727272727273	1
10	94264644	94264645	40	15	2	2	0	1	NA	NA	NA	unphased	0.991735537190082	0.991735537190082	1
10	95720269	95720270	52	9	2	2	0	1	NA	NA	NA	unphased	0.536512667660209	0.536512667660209	1
10	102566189	102566190	100	32	2	2	0	1	NA	NA	NA	unphased	0.881542699724518	0.881542699724518	1
10	116919878	116919879	286	43	3.8	6	0	0.56	1	0	0.44	unphased	0.710527770102238	1.26879958946828	0.56
10	124092010	124092011	28	54	2	2	0	1	NA	NA	NA	unphased	2.39467849223947	1.19733924611973	2
11	5364532	5364533	38	16	2	2	0	1	NA	NA	NA	unphased	1.07744107744108	1.07744107744108	1
11	5776438	5776439	99	35	2	2	0	1	NA	NA	NA	unphased	0.949796472184532	0.949796472184532	1
11	6411874	6411875	9	8	2	2	0	1	NA	NA	NA	unphased	1.71122994652406	1.71122994652406	1
11	7530965	7530966	28	19	2	2	0	1	NA	NA	NA	unphased	1.47001934235977	0.735009671179884	2
11	26682112	26682113	14	5	4	2	2	1	NA	NA	NA	unphased	1.48325358851675	1.48325358851675	1
11	30032621	30032622	82	16	4	2	2	1	NA	NA	NA	unphased	0.920222634508349	0.920222634508349	1
11	34473747	34473748	53	10	2	1	1	1	NA	NA	NA	unphased	0.577200577200577	0.577200577200577	1
11	44080171	44080172	71	52	3	2	1	1	NA	NA	NA	unphased	1.96008869179601	0.980044345898004	2
11	45948931	45948932	39	13	2.32	2	1	0.32	1	1	0.68	unphased	0.989090909090909	0.989090909090909	1
11	46916281	46916282	56	5	2.32	2	1	0.32	1	1	0.68	unphased	0.324292101341282	1.01341281669151	0.32
11	47772742	47772743	103	33	3	2	1	1	NA	NA	NA	unphased	1.125	1.125	1
11	55607147	55607148	41	9	3	2	1	1	NA	NA	NA	unphased	0.834545454545454	0.834545454545454	1
11	55927255	55927256	104	22	3	2	1	1	NA	NA	NA	unphased	0.809523809523809	0.809523809523809	1
11	55944497	55944498	112	19	3	2	1	1	NA	NA	NA	unphased	0.672449687716863	0.672449687716863	1
11	56020578	56020579	126	25	3	2	1	1	NA	NA	NA	unphased	0.767609873570138	0.767609873570138	1
11	56043472	56043473	251	49	3	2	1	1	NA	NA	NA	unphased	0.757272727272727	0.757272727272727	1
11	56086249	56086250	89	19	3	2	1	1	NA	NA	NA	unphased	0.815656565656566	0.815656565656566	1
11	56086337	56086338	101	17	3	2	1	1	NA	NA	NA	unphased	0.667950693374422	0.667950693374422	1
11	56143840	56143841	96	68	3	2	1	1	NA	NA	NA	unphased	1.92239467849224	0.96119733924612	2
11	56258427	56258428	66	48	3	2	1	1	NA	NA	NA	unphased	1.95215311004785	0.976076555023923	2
11	58390245	58390246	24	10	3	2	1	1	NA	NA	NA	unphased	1.36363636363636	1.36363636363636	1
11	59224472	59224473	119	98	3	2	1	1	NA	NA	NA	unphased	2.09384164222874	1.04692082111437	2
11	60665646	60665647	69	33	2.52	2	2	0.26	1	1	0.74	unphased	1.34470588235294	1.0672268907563	1.26
11	60785757	60785758	8	5	2.52	2	2	0.26	1	1	0.74	unphased	1.5986013986014	1.5986013986014	1
11	62933634	62933635	87	14	2.52	2	2	0.26	1	1	0.74	unphased	0.576129612961296	0.576129612961296	1
11	64361182	64361183	55	22	2.52	2	2	0.26	1	1	0.74	unphased	1.18753246753247	1.18753246753247	1
11	65108945	65108946	59	14	2.52	2	2	0.26	1	1	0.74	unphased	0.797110834371108	0.797110834371108	1
11	65687862	65687863	116	22	2.52	2	2	0.26	1	1	0.74	unphased	0.662608695652174	0.662608695652174	1
11	65687871	65687872	115	23	2.52	2	2	0.26	1	1	0.74	unphased	0.692727272727273	0.692727272727273	1
11	71276696	71276697	89	60	2.52	2	2	0.26	1	1	0.74	unphased	1.67370347773032	1.32833609343676	1.26
11	75902628	75902629	53	49	4.32	3	2	0.83	1	0	0.17	unphased	2.86139037433155	1.01109200506415	2.83
11	82868422	82868423	26	4	5	3	2	1	NA	NA	NA	unphased	0.884848484848485	0.884848484848485	1
11	89936556	89936557	171	46	8	6	2	1	NA	NA	NA	unphased	2.0427314620863	1.02136573104315	2
11	92087816	92087817	67	61	6	4	2	1	NA	NA	NA	unphased	3.63920454545455	0.909801136363636	4
11	92495067	92495068	182	186	6	4	2	1	NA	NA	NA	unphased	3.8596837944664	0.964920948616601	4
11	92532695	92532696	58	7	6	4	2	1	NA	NA	NA	unphased	0.822377622377622	0.822377622377622	1
11	92613976	92613977	334	54	6	4	2	1	NA	NA	NA	unphased	1.06279287722587	1.06279287722587	1
11	94862628	94862629	142	63	4	2	2	1	NA	NA	NA	unphased	1.73215077605322	0.866075388026608	2
11	95712166	95712167	81	7	4	2	2	1	NA	NA	NA	unphased	0.448347107438017	0.448347107438017	1
11	99690496	99690497	5	3	3.64	3	2	0.66	1	0	0.34	unphased	1.97863636363636	1.97863636363636	1
11	99942488	99942489	15	8	3.64	3	2	0.66	1	0	0.34	unphased	1.83525691699605	1.10557645602172	1.66
11	100169999	100170000	95	12	3.64	3	2	0.66	1	0	0.34	unphased	0.591741716227698	0.896578357920754	0.66
11	102269560	102269561	63	54	3.64	3	2	0.66	1	0	0.34	unphased	2.43524475524476	1.04967446346757	2.32
11	103907789	103907790	210	81	3.64	3	2	0.66	1	0	0.34	unphased	1.46867853795689	0.884746107202945	1.66
11	105924080	105924081	80	35	3.98	3	2	0.66	1	1	0.34	unphased	1.70932806324111	1.02971570074765	1.66
11	108547964	108547965	137	79	5	3	2	1	NA	NA	NA	unphased	2.42718855218855	0.809062850729517	3
11	113803666	113803667	27	28	2	2	0	1	NA	NA	NA	unphased	1.85123966942149	0.925619834710744	2
11	116633487	116633488	91	193	4	4	0	1	NA	NA	NA	unphased	3.8303457106274	0.95758642765685	4
11	128677123	128677124	8	3	1	1	0	1	NA	NA	NA	unphased	0.71900826446281	0.71900826446281	1
11	130286091	130286092	5	7	2	2	0	1	NA	NA	NA	unphased	2.12121212121212	1.06060606060606	2
12	8800680	8800681	27	12	1.05	1	1	0.05	0	1	0.95	unphased	0.826573426573427	0.826573426573427	1
12	8904554	8904555	100	25	1.05	1	1	0.05	0	1	0.95	unphased	0.537272727272727	0.537272727272727	1
12	10145682	10145683	149	52	2	1	1	1	NA	NA	NA	unphased	0.94075079149706	0.94075079149706	1
12	10750681	10750682	177	61	2	1	1	1	NA	NA	NA	unphased	0.932009167303285	0.932009167303285	1
12	10782262	10782263	35	13	2	1	1	1	NA	NA	NA	unphased	0.984848484848485	0.984848484848485	1
12	13715932	13715933	41	9	2	1	1	1	NA	NA	NA	unphased	0.654545454545454	0.654545454545454	1
12	14577245	14577246	43	18	2	1	1	1	NA	NA	NA	unphased	1.07302533532042	1.07302533532042	1
12	21450338	21450339	50	23	2	1	1	1	NA	NA	NA	unphased	1.14570361145704	1.14570361145704	1
12	25147217	25147218	9	9	4	3	1	1	NA	NA	NA	unphased	2.81818181818182	0.939393939393939	3
12	26775301	26775302	35	30	4	3	1	1	NA	NA	NA	unphased	2.6013986013986	0.867132867132867	3
12	33559773	33559774	83	65	4	3	1	1	NA	NA	NA	unphased	2.47542997542998	0.825143325143325	3
12	40013510	40013511	12	3	4	3	1	1	NA	NA	NA	unphased	1.12727272727273	1.12727272727273	1
12	45209898	45209899	212	44	4	3	1	1	NA	NA	NA	unphased	0.96875	0.96875	1
12	49229928	49229929	232	40	4	3	1	1	NA	NA	NA	unphased	0.828877005347594	0.828877005347594	1
12	50369476	50369477	16	5	4	3	1	1	NA	NA	NA	unphased	1.34199134199134	1.34199134199134	1
12	51511499	51511500	32	20	4	3	1	1	NA	NA	NA	unphased	2.16783216783217	1.08391608391608	2
12	52845736	52845737	117	26	4	3	1	1	NA	NA	NA	unphased	1.02479338842975	1.02479338842975	1
12	52886531	52886532	175	43	4	3	1	1	NA	NA	NA	unphased	1.11175979983319	1.11175979983319	1
12	53215565	53215566	8	4	4	3	1	1	NA	NA	NA	unphased	1.87878787878788	1.87878787878788	1
12	55614830	55614831	134	38	2	1	1	1	NA	NA	NA	unphased	0.80338266384778	0.80338266384778	1
12	56559101	56559102	56	11	2	1	1	1	NA	NA	NA	unphased	0.597014925373134	0.597014925373134	1
12	57437114	57437115	47	21	2	1	1	1	NA	NA	NA	unphased	1.12299465240642	1.12299465240642	1
12	57881751	57881752	18	9	2	1	1	1	NA	NA	NA	unphased	1.21212121212121	1.21212121212121	1
12	70974915	70974916	150	38	2	1	1	1	NA	NA	NA	unphased	0.735009671179884	0.735009671179884	1
12	71158551	71158552	62	15	2	1	1	1	NA	NA	NA	unphased	0.708382526564345	0.708382526564345	1
12	71918238	71918239	57	19	2	1	1	1	NA	NA	NA	unphased	0.909090909090909	0.909090909090909	1
12	93881321	93881322	69	23	2	1	1	1	NA	NA	NA	unphased	0.909090909090909	0.909090909090909	1
12	100433438	100433439	68	26	2	1	1	1	NA	NA	NA	unphased	1.00580270793037	1.00580270793037	1
12	100887061	100887062	6	4	2	1	1	1	NA	NA	NA	unphased	1.45454545454545	1.45454545454545	1
12	101477479	101477480	100	23	2	1	1	1	NA	NA	NA	unphased	0.679970436067997	0.679970436067997	1
12	101490386	101490387	75	22	2	1	1	1	NA	NA	NA	unphased	0.824742268041237	0.824742268041237	1
12	102057293	102057294	51	19	2	1	1	1	NA	NA	NA	unphased	0.987012987012987	0.987012987012987	1
12	104408806	104408807	22	6	2	1	1	1	NA	NA	NA	unphased	0.779220779220779	0.779220779220779	1
12	109577485	109577486	155	20	3.61	3	1	0.87	1	0	0.13	unphased	0.599584415584416	0.689177489177489	0.87
12	111776136	111776137	37	49	3.61	3	1	0.87	1	0	0.13	unphased	2.98920718816068	1.0415356056309	2.87
12	112673515	112673516	46	7	3.61	3	1	0.87	1	0	0.13	unphased	0.692915951972556	0.692915951972556	1
12	113830709	113830710	238	37	3.55	3	1	0.85	1	0	0.15	unphased	0.697801652892562	0.820943121050073	0.85
12	117701724	117701725	82	94	3.55	3	1	0.85	1	0	0.15	unphased	2.76998966942149	1.02592209978574	2.7
12	118457467	118457468	88	84	3.64	3	1	0.88	1	0	0.12	unphased	2.57682875264271	0.933633606029966	2.76
12	123476313	123476314	9	16	3.64	3	1	0.88	1	0	0.12	unphased	3.37687272727273	1.17252525252525	2.88
12	125834576	125834577	32	53	3.64	3	1	0.88	1	0	0.12	unphased	3.2899679144385	1.14234997029115	2.88
13	21557820	21557821	64	23	2	2	0	1	NA	NA	NA	unphased	0.961337513061651	0.961337513061651	1
13	24465992	24465993	23	6	2	2	0	1	NA	NA	NA	unphased	0.752351097178683	0.752351097178683	1
13	25264848	25264849	165	53	2	2	0	1	NA	NA	NA	unphased	0.884070058381985	0.884070058381985	1
13	26621046	26621047	30	23	2	2	0	1	NA	NA	NA	unphased	1.57804459691252	0.789022298456261	2
13	28537262	28537263	19	23	2	2	0	1	NA	NA	NA	unphased	1.99134199134199	0.995670995670996	2
13	35683456	35683457	35	27	2	2	0	1	NA	NA	NA	unphased	1.58357771260997	0.791788856304985	2
13	36348789	36348790	10	7	2	2	0	1	NA	NA	NA	unphased	1.49732620320856	1.49732620320856	1
13	38229377	38229378	26	8	2	2	0	1	NA	NA	NA	unphased	0.855614973262032	0.855614973262032	1
13	41517142	41517143	69	15	2	2	0	1	NA	NA	NA	unphased	0.649350649350649	0.649350649350649	1
13	50489122	50489123	4	9	2	2	0	1	NA	NA	NA	unphased	2.51748251748252	1.25874125874126	2
13	58299070	58299071	56	21	2	2	0	1	NA	NA	NA	unphased	0.991735537190082	0.991735537190082	1
13	58299166	58299167	83	31	2	2	0	1	NA	NA	NA	unphased	0.988835725677831	0.988835725677831	1
13	77692589	77692590	15	12	2	2	0	1	NA	NA	NA	unphased	1.61616161616162	0.808080808080808	2
13	107187327	107187328	22	14	2	2	0	1	NA	NA	NA	unphased	1.41414141414141	1.41414141414141	1
14	19378003	19378004	108	114	NA	NA	NA	NA	NA	NA	NA	unphased	NA	NA	1
14	22966686	22966687	15	32	3	3	0	1	NA	NA	NA	unphased	3.15667311411992	1.05222437137331	3
14	24542888	24542889	13	20	3	3	0	1	NA	NA	NA	unphased	2.8099173553719	0.9366391184573	3
14	24567861	24567862	20	13	3	3	0	1	NA	NA	NA	unphased	1.82644628099174	0.913223140495868	2
14	32328413	32328414	20	49	3.64	4	0	0.88	1	0	0.12	unphased	3.74698287220026	0.996537997925602	3.76
14	47311200	47311201	24	22	2	2	0	1	NA	NA	NA	unphased	1.73913043478261	0.869565217391304	2
14	47311201	47311202	24	22	2	2	0	1	NA	NA	NA	unphased	1.73913043478261	0.869565217391304	2
14	60585184	60585185	18	16	2	2	0	1	NA	NA	NA	unphased	1.71122994652406	0.855614973262032	2
14	63417105	63417106	49	57	2	2	0	1	NA	NA	NA	unphased	1.95540308747856	0.97770154373928	2
14	76107309	76107310	40	31	2	2	0	1	NA	NA	NA	unphased	1.58770806658131	0.793854033290653	2
14	80164007	80164008	27	32	2	2	0	1	NA	NA	NA	unphased	1.97226502311248	0.98613251155624	2
14	99641427	99641428	10	17	3	3	0	1	NA	NA	NA	unphased	2.91919191919192	0.973063973063973	3
14	100118960	100118961	15	32	3	3	0	1	NA	NA	NA	unphased	3.15667311411992	1.05222437137331	3
15	26806202	26806203	67	29	2	2	0	1	NA	NA	NA	unphased	1.09848484848485	1.09848484848485	1
15	27571988	27571989	69	79	2	2	0	1	NA	NA	NA	unphased	1.94103194103194	0.97051597051597	2
15	27571990	27571991	70	80	2	2	0	1	NA	NA	NA	unphased	1.93939393939394	0.96969696969697	2
15	27765269	27765270	14	10	2	2	0	1	NA	NA	NA	unphased	1.51515151515152	1.51515151515152	1
15	31334278	31334279	25	22	3	3	0	1	NA	NA	NA	unphased	2.17021276595745	1.08510638297872	2
15	31362159	31362160	133	114	3	3	0	1	NA	NA	NA	unphased	2.13986013986014	1.06993006993007	2
15	40949551	40949552	90	25	2	2	0	1	NA	NA	NA	unphased	0.790513833992095	0.790513833992095	1
15	42568591	42568592	42	6	2	2	0	1	NA	NA	NA	unphased	0.454545454545455	0.454545454545455	1
15	43818675	43818676	13	9	2	2	0	1	NA	NA	NA	unphased	1.48760330578512	1.48760330578512	1
15	48063678	48063679	147	36	2.44	3	0	0.72	1	0	0.28	unphased	0.801907600596125	0.801907600596125	1
15	50171571	50171572	15	39	2.44	3	0	0.72	1	0	0.28	unphased	2.9440404040404	1.08236779560309	2.72
15	53081195	53081196	77	29	2.44	3	0	0.72	1	0	0.28	unphased	1.11523156089194	1.11523156089194	1
15	58247212	58247213	9	6	3	3	0	1	NA	NA	NA	unphased	1.85454545454545	1.85454545454545	1
15	58933071	58933072	36	47	3	3	0	1	NA	NA	NA	unphased	2.62541073384447	0.87513691128149	3
15	76496118	76496119	141	39	2	2	0	1	NA	NA	NA	unphased	0.787878787878788	0.787878787878788	1
15	83221239	83221240	36	15	3	3	0	1	NA	NA	NA	unphased	1.36363636363636	1.36363636363636	1
15	89056201	89056202	23	28	3	3	0	1	NA	NA	NA	unphased	2.54545454545454	0.848484848484848	3
15	93510662	93510663	92	30	3	3	0	1	NA	NA	NA	unphased	1.14008941877794	1.14008941877794	1
16	15818105	15818106	56	20	2	2	0	1	NA	NA	NA	unphased	0.956937799043062	0.956937799043062	1
16	15818106	15818107	57	21	2	2	0	1	NA	NA	NA	unphased	0.979020979020979	0.979020979020979	1
16	20986732	20986733	53	68	2	2	0	1	NA	NA	NA	unphased	2.04357625845229	1.02178812922615	2
16	20986733	20986734	52	65	2	2	0	1	NA	NA	NA	unphased	2.02020202020202	1.01010101010101	2
16	23119381	23119382	105	26	4.5	4	2	0.7	0	1	0.3	unphased	1.21790423317141	1.21790423317141	1
16	23360113	23360114	41	20	2.7	2	2	0.35	1	1	0.65	unphased	1.42175856929955	1.05315449577745	1.35
16	27448889	27448890	99	41	3.02	3	2	0.34	1	1	0.66	unphased	1.36364935064935	1.01764876914131	1.34
16	29891308	29891309	96	72	1.3	2	2	0.1	0	1	0.9	unphased	1.25844155844156	1.14403778040142	1.1
16	30734385	30734386	95	55	1.3	2	2	0.1	0	1	0.9	unphased	1.07666666666667	1.07666666666667	1
16	30774446	30774447	72	17	1.3	2	2	0.1	0	1	0.9	unphased	0.560878447395301	0.560878447395301	1
16	49670580	49670581	45	6	4	2	2	1	NA	NA	NA	unphased	0.663101604278075	0.663101604278075	1
16	55806373	55806374	22	6	4	2	2	1	NA	NA	NA	unphased	1.20779220779221	1.20779220779221	1
16	57718060	57718061	98	45	4	2	2	1	NA	NA	NA	unphased	1.77368086458996	0.886840432294978	2
16	57722428	57722429	45	5	4	2	2	1	NA	NA	NA	unphased	0.563636363636364	0.563636363636364	1
16	64981903	64981904	91	38	3	2	1	1	NA	NA	NA	unphased	1.36575052854123	0.682875264270613	2
16	67210804	67210805	128	30	3	2	1	1	NA	NA	NA	unphased	0.880322209436133	0.880322209436133	1
16	67719641	67719642	59	38	3	2	1	1	NA	NA	NA	unphased	1.81630740393627	0.908153701968135	2
16	70363205	70363206	64	42	3	2	1	1	NA	NA	NA	unphased	1.83704974271012	0.91852487135506	2
16	71606526	71606527	48	36	3	2	1	1	NA	NA	NA	unphased	1.98701298701299	0.993506493506493	2
16	75681550	75681551	21	14	3	2	1	1	NA	NA	NA	unphased	1.85454545454545	0.927272727272727	2
16	81944139	81944140	77	53	2.24	2	1	0.24	1	1	0.76	unphased	1.58036363636364	1.27448680351906	1.24
16	89789066	89789067	83	15	2.28	2	1	0.28	1	1	0.72	unphased	0.599443413729128	0.599443413729128	1
17	5329318	5329319	14	4	2	2	0	1	NA	NA	NA	unphased	0.808080808080808	0.808080808080808	1
17	6979159	6979160	37	42	2	2	0	1	NA	NA	NA	unphased	1.93325661680092	0.96662830840046	2
17	7578256	7578257	14	18	2	2	0	1	NA	NA	NA	unphased	2.04545454545455	1.02272727272727	2
17	8480656	8480657	39	50	2	2	0	1	NA	NA	NA	unphased	2.04290091930541	1.02145045965271	2
17	10356594	10356595	156	43	2	2	0	1	NA	NA	NA	unphased	0.785746916400183	0.785746916400183	1
17	10404446	10404447	63	84	2	2	0	1	NA	NA	NA	unphased	2.07792207792208	1.03896103896104	2
17	11865292	11865293	77	19	2	2	0	1	NA	NA	NA	unphased	0.71969696969697	0.71969696969697	1
17	26818828	26818829	59	18	2.16	2	1	0.16	1	1	0.84	unphased	0.887461629279811	0.887461629279811	1
17	31355321	31355322	62	18	2.16	2	1	0.16	1	1	0.84	unphased	0.854181818181818	0.854181818181818	1
17	32955580	32955581	23	18	2.16	2	1	0.16	1	1	0.84	unphased	1.66669623059867	1.43680709534368	1.16
17	33513715	33513716	11	4	2.16	2	1	0.16	1	1	0.84	unphased	1.01236363636364	1.01236363636364	1
17	36874125	36874126	112	52	2.72	2	2	0.36	1	1	0.64	unphased	1.38128603104213	1.01565149341333	1.36
17	36909005	36909006	31	32	2.72	2	2	0.36	1	1	0.64	unphased	2.21275613275613	1.62702656820304	1.36
17	38937464	38937465	16	4	3	2	1	1	NA	NA	NA	unphased	0.927272727272727	0.927272727272727	1
17	39538460	39538461	121	17	2.27	2	1	0.27	1	1	0.73	unphased	0.481218708827405	0.481218708827405	1
17	39981743	39981744	11	12	2.27	2	1	0.27	1	1	0.73	unphased	2.03810276679842	1.60480532818773	1.27
17	41245428	41245429	87	19	2.27	2	1	0.27	1	1	0.73	unphased	0.700197255574614	0.700197255574614	1
17	42476574	42476575	40	35	2.36	2	1	0.36	1	1	0.64	unphased	1.8649696969697	1.37130124777184	1.36
17	42928636	42928637	132	26	2.36	2	1	0.36	1	1	0.64	unphased	0.657629459148447	0.657629459148447	1
17	46055223	46055224	52	9	3	2	1	1	NA	NA	NA	unphased	0.684053651266766	0.684053651266766	1
17	48557271	48557272	57	29	3	2	1	1	NA	NA	NA	unphased	1.56342494714588	0.781712473572939	2
17	48680524	48680525	30	26	3	2	1	1	NA	NA	NA	unphased	2.1525974025974	1.0762987012987	2
17	55083531	55083532	74	51	3	2	1	1	NA	NA	NA	unphased	1.89163636363636	0.945818181818182	2
17	55478756	55478757	115	10	3	2	1	1	NA	NA	NA	unphased	0.370909090909091	0.370909090909091	1
17	55962794	55962795	29	31	3	2	1	1	NA	NA	NA	unphased	2.39545454545455	1.19772727272727	2
17	64683266	64683267	112	33	1.28	2	1	0.14	1	0	0.86	unphased	0.663724137931034	0.663724137931034	1
17	66938151	66938152	93	35	1.28	2	1	0.14	1	0	0.86	unphased	0.797443181818182	0.797443181818182	1
17	67132164	67132165	16	5	1.28	2	1	0.14	1	0	0.86	unphased	0.694372294372294	0.694372294372294	1
17	68128528	68128529	80	26	1.28	2	1	0.14	1	0	0.86	unphased	0.715334476843911	0.715334476843911	1
17	68171519	68171520	127	37	1.28	2	1	0.14	1	0	0.86	unphased	0.657960088691796	0.657960088691796	1
17	74469805	74469806	19	7	1.99	3	1	0.33	1	0	0.67	unphased	0.976328671328671	0.976328671328671	1
17	74469807	74469808	18	7	1.99	3	1	0.33	1	0	0.67	unphased	1.01538181818182	1.01538181818182	1
17	78268763	78268764	45	24	2.27	2	1	0.27	1	1	0.73	unphased	1.35873517786561	1.35873517786561	1
17	79650910	79650911	31	8	1.03	2	2	0.01	0	1	0.99	unphased	0.546946386946387	0.546946386946387	1
18	12427070	12427071	57	34	3	3	2	0.5	1	0	0.5	unphased	1.73226773226773	0.866133866133866	2
18	14543152	14543153	76	21	3	3	2	0.5	1	0	0.5	unphased	1.0037488284911	1.0037488284911	1
18	14543155	14543156	70	22	3	3	2	0.5	1	0	0.5	unphased	1.10869565217391	1.10869565217391	1
18	25570185	25570186	102	83	1.48	3	2	0.12	0	1	0.88	unphased	1.39815233415233	1.12754220496156	1.24
18	34191968	34191969	48	29	2.42	2	2	0.21	1	1	0.79	unphased	1.52772136953955	1.26257964424756	1.21
18	40854025	40854026	131	34	1.06	2	0	0.06	0	1	0.94	unphased	0.555614325068871	0.555614325068871	1
18	50918211	50918212	56	32	2	2	0	1	NA	NA	NA	unphased	1.32231404958678	1.32231404958678	1
18	52937194	52937195	75	24	2	2	0	1	NA	NA	NA	unphased	0.881542699724518	0.881542699724518	1
18	54339880	54339881	27	27	2	2	0	1	NA	NA	NA	unphased	1.81818181818182	0.909090909090909	2
18	56204258	56204259	49	60	2	2	0	1	NA	NA	NA	unphased	2.00166805671393	1.00083402835696	2
18	61309071	61309072	136	47	2	2	0	1	NA	NA	NA	unphased	0.933929458519622	0.933929458519622	1
19	1220706	1220707	15	32	NA	NA	NA	NA	NA	NA	NA	unphased	NA	NA	1
19	9056772	9056773	37	33	2	2	0	1	NA	NA	NA	unphased	1.71428571428571	0.857142857142857	2
19	9087200	9087201	90	112	2	2	0	1	NA	NA	NA	unphased	2.01620162016202	1.00810081008101	2
19	9089550	9089551	93	32	2	2	0	1	NA	NA	NA	unphased	0.930909090909091	0.930909090909091	1
19	10158049	10158050	67	59	2	2	0	1	NA	NA	NA	unphased	1.7027417027417	0.851370851370851	2
19	10450345	10450346	12	5	2	2	0	1	NA	NA	NA	unphased	1.06951871657754	1.06951871657754	1
19	12902818	12902819	3	13	2	2	0	1	NA	NA	NA	unphased	2.95454545454545	1.47727272727273	2
19	14247227	14247228	27	14	2	2	0	1	NA	NA	NA	unphased	1.24168514412417	1.24168514412417	1
19	15052370	15052371	46	56	2	2	0	1	NA	NA	NA	unphased	1.99643493761141	0.998217468805704	2
19	19740855	19740856	9	8	2	2	0	1	NA	NA	NA	unphased	1.71122994652406	1.71122994652406	1
19	22154426	22154427	47	43	2	2	0	1	NA	NA	NA	unphased	1.73737373737374	0.868686868686869	2
19	37677024	37677025	80	117	3	3	0	1	NA	NA	NA	unphased	2.75357637286571	0.917858790955237	3
19	38956791	38956792	4	22	3	3	0	1	NA	NA	NA	unphased	3.92307692307692	1.30769230769231	3
19	41019264	41019265	4	9	3	3	0	1	NA	NA	NA	unphased	3.20979020979021	1.06993006993007	3
19	45024561	45024562	24	23	2	2	0	1	NA	NA	NA	unphased	1.77949709864603	0.889748549323017	2
19	49259513	49259514	15	10	2	2	0	1	NA	NA	NA	unphased	1.45454545454545	1.45454545454545	1
19	52003341	52003342	68	69	2	2	0	1	NA	NA	NA	unphased	1.83145321831453	0.915726609157266	2
19	52443466	52443467	76	89	2	2	0	1	NA	NA	NA	unphased	1.96143250688705	0.980716253443526	2
19	54198474	54198475	72	107	3	3	0	1	NA	NA	NA	unphased	2.77145759268664	0.923819197562214	3
19	54754647	54754648	33	44	3	3	0	1	NA	NA	NA	unphased	2.64935064935065	0.883116883116883	3
19	55085978	55085979	44	74	3	3	0	1	NA	NA	NA	unphased	2.9075500770416	0.969183359013867	3
19	55451187	55451188	25	29	3	3	0	1	NA	NA	NA	unphased	2.48989898989899	0.82996632996633	3
19	55494169	55494170	36	3	3	3	0	1	NA	NA	NA	unphased	0.356643356643357	0.356643356643357	1
2	1544420	1544421	72	18	3	3	0	1	NA	NA	NA	unphased	0.927272727272727	0.927272727272727	1
2	24345375	24345376	50	93	3	3	0	1	NA	NA	NA	unphased	3.01525746980292	1.00508582326764	3
2	24929830	24929831	55	72	3	3	0	1	NA	NA	NA	unphased	2.6284896206156	0.876163206871868	3
2	27706462	27706463	67	18	3	3	0	1	NA	NA	NA	unphased	0.981818181818182	0.981818181818182	1
2	29011672	29011673	59	9	3	3	0	1	NA	NA	NA	unphased	0.613636363636364	0.613636363636364	1
2	43571344	43571345	10	17	3	3	0	1	NA	NA	NA	unphased	2.91919191919192	0.973063973063973	3
2	79347993	79347994	30	23	2	2	0	1	NA	NA	NA	unphased	1.57804459691252	0.789022298456261	2
2	80835440	80835441	40	9	2	2	0	1	NA	NA	NA	unphased	0.667903525046382	0.667903525046382	1
2	89521288	89521289	6	19	2	2	0	1	NA	NA	NA	unphased	2.76363636363636	1.38181818181818	2
2	89999460	89999461	11	13	2	2	0	1	NA	NA	NA	unphased	1.96969696969697	0.984848484848485	2
2	90108970	90108971	33	51	2	2	0	1	NA	NA	NA	unphased	2.20779220779221	1.1038961038961	2
2	90122044	90122045	127	52	2	2	0	1	NA	NA	NA	unphased	1.05637379380396	1.05637379380396	1
2	91843513	91843514	40	8	NA	NA	NA	NA	NA	NA	NA	unphased	NA	NA	1
2	98458306	98458307	8	7	2	2	0	1	NA	NA	NA	unphased	1.6969696969697	1.6969696969697	1
2	99977665	99977666	67	15	2	2	0	1	NA	NA	NA	unphased	0.665188470066519	0.665188470066519	1
2	102448263	102448264	8	11	2	2	0	1	NA	NA	NA	unphased	2.10526315789474	1.05263157894737	2
2	106497817	106497818	21	11	2	2	0	1	NA	NA	NA	unphased	1.25	1.25	1
2	106497818	106497819	21	11	2	2	0	1	NA	NA	NA	unphased	1.25	1.25	1
2	128409267	128409268	89	15	3	3	0	1	NA	NA	NA	unphased	0.668706293706294	0.668706293706294	1
2	137814206	137814207	61	12	3	3	0	1	NA	NA	NA	unphased	0.76214196762142	0.76214196762142	1
2	141128283	141128284	198	124	3	3	0	1	NA	NA	NA	unphased	1.785431959345	0.892715979672501	2
2	141283849	141283850	29	29	3	3	0	1	NA	NA	NA	unphased	2.31818181818182	1.15909090909091	2
2	141283879	141283880	38	17	3	3	0	1	NA	NA	NA	unphased	1.43305785123967	1.43305785123967	1
2	141680701	141680702	31	38	3	3	0	1	NA	NA	NA	unphased	2.55335968379447	0.851119894598155	3
2	152314447	152314448	39	54	3	3	0	1	NA	NA	NA	unphased	2.69208211143695	0.897360703812317	3
2	152320732	152320733	65	18	3	3	0	1	NA	NA	NA	unphased	1.00547645125958	1.00547645125958	1
2	152507231	152507232	182	335	3	3	0	1	NA	NA	NA	unphased	3.00422015122209	1.00140671707403	3
2	162799313	162799314	6	12	3	3	0	1	NA	NA	NA	unphased	3.09090909090909	1.03030303030303	3
2	166183487	166183488	54	87	3	3	0	1	NA	NA	NA	unphased	2.86073500967118	0.95357833655706	3
2	166740436	166740437	52	71	3	3	0	1	NA	NA	NA	unphased	2.67627494456763	0.892091648189209	3
2	168100031	168100032	38	67	3	3	0	1	NA	NA	NA	unphased	2.95844155844156	0.986147186147186	3
2	171260811	171260812	59	75	3	3	0	1	NA	NA	NA	unphased	2.59497964721845	0.864993215739484	3
2	179594870	179594871	28	17	3	3	0	1	NA	NA	NA	unphased	1.75151515151515	0.875757575757576	2
2	186670280	186670281	79	61	3	3	0	1	NA	NA	NA	unphased	2.02012987012987	1.01006493506493	2
2	188228228	188228229	86	9	3	3	0	1	NA	NA	NA	unphased	0.439234449760765	0.439234449760765	1
2	189875079	189875080	69	73	3	3	0	1	NA	NA	NA	unphased	2.38348271446863	1.19174135723431	2
2	197674166	197674167	17	38	4	4	0	1	NA	NA	NA	unphased	3.89421487603306	0.973553719008264	4
2	202698677	202698678	35	57	3	3	0	1	NA	NA	NA	unphased	2.87252964426877	0.957509881422925	3
2	204735474	204735475	90	57	3	3	0	1	NA	NA	NA	unphased	1.79777365491651	0.898886827458256	2
2	205986660	205986661	45	12	3	3	0	1	NA	NA	NA	unphased	0.976076555023923	0.976076555023923	1
2	206023587	206023588	36	88	3	3	0	1	NA	NA	NA	unphased	3.29032258064516	1.09677419354839	3
2	215843577	215843578	56	99	3	3	0	1	NA	NA	NA	unphased	2.96129032258064	0.987096774193548	3
2	219267781	219267782	19	37	3	3	0	1	NA	NA	NA	unphased	3.06331168831169	1.0211038961039	3
2	219301286	219301287	135	67	3	3	0	1	NA	NA	NA	unphased	1.53780378037804	0.768901890189019	2
2	219886552	219886553	173	31	3	3	0	1	NA	NA	NA	unphased	0.704545454545454	0.704545454545454	1
2	220161724	220161725	46	69	3	3	0	1	NA	NA	NA	unphased	2.78181818181818	0.927272727272727	3
2	222301266	222301267	39	52	3	3	0	1	NA	NA	NA	unphased	2.64935064935065	0.883116883116883	3
2	225266486	225266487	21	24	3	3	0	1	NA	NA	NA	unphased	2.47272727272727	0.824242424242424	3
2	232263210	232263211	44	14	3	3	0	1	NA	NA	NA	unphased	1.11912225705329	1.11912225705329	1
2	233246360	233246361	14	19	3	3	0	1	NA	NA	NA	unphased	2.66942148760331	0.889807162534435	3
2	234862639	234862640	26	3	3	3	0	1	NA	NA	NA	unphased	0.479623824451411	0.479623824451411	1
2	242140751	242140752	21	15	3	3	0	1	NA	NA	NA	unphased	1.93181818181818	0.965909090909091	2
20	2321196	2321197	33	32	2	2	0	1	NA	NA	NA	unphased	1.79020979020979	0.895104895104895	2
20	9496667	9496668	3	8	2	2	0	1	NA	NA	NA	unphased	2.64462809917355	1.32231404958678	2
20	33570325	33570326	17	34	4	4	0	1	NA	NA	NA	unphased	3.75757575757576	0.939393939393939	4
20	36694588	36694589	166	92	6	6	0	1	NA	NA	NA	unphased	2.723044397463	0.907681465821001	3
20	39791174	39791175	27	47	4	4	0	1	NA	NA	NA	unphased	3.57985257985258	0.894963144963145	4
20	41101109	41101110	35	41	4	4	0	1	NA	NA	NA	unphased	3.04066985645933	1.01355661881978	3
20	41419996	41419997	26	69	4	4	0	1	NA	NA	NA	unphased	4.09377990430622	1.02344497607656	4
20	44036991	44036992	10	19	4	4	0	1	NA	NA	NA	unphased	3.69278996865204	0.923197492163009	4
20	44168072	44168073	19	37	4	4	0	1	NA	NA	NA	unphased	3.72402597402597	0.931006493506493	4
20	48744630	48744631	78	33	3.35	6	0	0.47	1	0	0.53	unphased	1.48243243243243	1.00845743702887	1.47
20	50713956	50713957	496	71	3.35	6	0	0.47	1	0	0.53	unphased	0.624394741061408	0.624394741061408	1
20	50769803	50769804	141	17	3.35	6	0	0.47	1	0	0.53	unphased	0.53650747986191	1.14150527630194	0.47
20	54579030	54579031	246	27	7	7	0	1	NA	NA	NA	unphased	0.854145854145854	0.854145854145854	1
20	55088421	55088422	18	5	7	7	0	1	NA	NA	NA	unphased	1.87747035573123	1.87747035573123	1
20	56136536	56136537	237	53	4.12	7	0	0.52	1	0	0.48	unphased	1.05202507836991	1.05202507836991	1
20	60793636	60793637	53	5	4.12	7	0	0.52	1	0	0.48	unphased	0.496238244514107	0.496238244514107	1
20	62172679	62172680	73	264	7	7	0	1	NA	NA	NA	unphased	6.76557863501484	0.966511233573548	7
20	62836947	62836948	105	12	2.35	6	0	0.27	1	0	0.73	unphased	0.408857808857809	1.51428818095485	0.27
21	11038822	11038823	377	132	NA	NA	NA	NA	NA	NA	NA	unphased	NA	NA	1
21	19713828	19713829	102	43	1.22	2	1	0.11	1	0	0.89	unphased	0.847059561128527	0.847059561128527	1
21	27945231	27945232	76	17	3	2	1	1	NA	NA	NA	unphased	0.847507331378299	0.847507331378299	1
21	27945325	27945326	24	5	3	2	1	1	NA	NA	NA	unphased	0.799373040752351	0.799373040752351	1
21	32185288	32185289	34	25	3	2	1	1	NA	NA	NA	unphased	1.96456086286595	0.982280431432974	2
21	35742927	35742928	79	20	1.54	2	1	0.27	1	0	0.73	unphased	0.641689623507805	0.641689623507805	1
21	38538594	38538595	142	30	1.54	2	1	0.27	1	0	0.73	unphased	0.554016913319239	0.554016913319239	1
21	40552325	40552326	107	28	1.62	2	1	0.31	1	0	0.69	unphased	0.675393939393939	0.675393939393939	1
21	43309133	43309134	7	3	1.62	2	1	0.31	1	0	0.69	unphased	0.976909090909091	0.976909090909091	1
21	45994211	45994212	74	28	2	1	1	0.55	1	1	0.45	unphased	0.998217468805704	0.998217468805704	1
21	47556893	47556894	32	4	2.44	2	1	0.44	1	1	0.56	unphased	0.452929292929293	1.02938475665748	0.44
22	17443638	17443639	45	12	2.21	2	1	0.21	1	1	0.79	unphased	0.809760765550239	0.809760765550239	1
22	18846095	18846096	41	4	2.21	2	1	0.21	1	1	0.79	unphased	0.34189898989899	1.62809042809043	0.21
22	20080403	20080404	80	70	2.21	2	1	0.21	1	1	0.79	unphased	1.7949696969697	1.48344603055347	1.21
22	21363242	21363243	75	33	2.21	2	1	0.21	1	1	0.79	unphased	1.17527777777778	1.17527777777778	1
22	22842222	22842223	95	91	2.21	2	1	0.21	1	1	0.79	unphased	1.88182306940371	1.55522567719315	1.21
22	22868751	22868752	176	39	2.21	2	1	0.21	1	1	0.79	unphased	0.697712473572939	0.697712473572939	1
22	23603637	23603638	116	25	2.21	2	1	0.21	1	1	0.79	unphased	0.681979368149581	0.681979368149581	1
22	26164179	26164180	99	26	2.2	2	1	0.2	1	1	0.8	unphased	0.797963636363636	0.797963636363636	1
22	40696556	40696557	18	13	2	2	0	1	NA	NA	NA	unphased	1.52492668621701	1.52492668621701	1
22	42322153	42322154	21	7	2	2	0	1	NA	NA	NA	unphased	0.909090909090909	0.909090909090909	1
3	11348450	11348451	86	102	2	2	0	1	NA	NA	NA	unphased	1.97292069632495	0.986460348162476	2
3	38645253	38645254	42	22	2	2	0	1	NA	NA	NA	unphased	1.25	1.25	1
3	45837888	45837889	12	5	2	2	0	1	NA	NA	NA	unphased	1.06951871657754	1.06951871657754	1
3	45972731	45972732	24	20	2	2	0	1	NA	NA	NA	unphased	1.65289256198347	0.826446280991735	2
3	58728173	58728174	18	21	2	2	0	1	NA	NA	NA	unphased	1.95804195804196	0.979020979020979	2
3	65342343	65342344	33	29	2	2	0	1	NA	NA	NA	unphased	1.70087976539589	0.850439882697947	2
3	69990454	69990455	48	13	2	2	0	1	NA	NA	NA	unphased	0.774962742175857	0.774962742175857	1
3	97198179	97198180	26	17	2.34	2	2	0.17	1	1	0.83	unphased	1.57205073995772	1.34363311107497	1.17
3	108189629	108189630	55	29	4	2	2	1	NA	NA	NA	unphased	1.94588744588745	0.972943722943723	2
3	108476055	108476056	39	24	4	2	2	1	NA	NA	NA	unphased	2.14718614718615	1.07359307359307	2
3	112357059	112357060	53	27	4	2	2	1	NA	NA	NA	unphased	1.90227272727273	0.951136363636364	2
3	113850214	113850215	115	46	4	2	2	1	NA	NA	NA	unphased	1.61038961038961	0.805194805194805	2
3	119367339	119367340	82	37	4	2	2	1	NA	NA	NA	unphased	1.75248281130634	0.87624140565317	2
3	120121656	120121657	86	40	4	2	2	1	NA	NA	NA	unphased	1.78932178932179	0.894660894660895	2
3	121305340	121305341	105	36	4	2	2	1	NA	NA	NA	unphased	1.43907156673114	0.71953578336557	2
3	121395774	121395775	74	17	4	2	2	1	NA	NA	NA	unphased	1.05294705294705	1.05294705294705	1
3	121435855	121435856	116	52	4	2	2	1	NA	NA	NA	unphased	1.74458874458874	0.872294372294372	2
3	124207161	124207162	33	18	4	2	2	1	NA	NA	NA	unphased	1.98930481283422	0.994652406417112	2
3	124378303	124378304	91	22	4	2	2	1	NA	NA	NA	unphased	1.09734513274336	1.09734513274336	1
3	127327829	127327830	97	56	4	2	2	1	NA	NA	NA	unphased	2.06298276886512	1.03149138443256	2
3	127327830	127327831	95	56	4	2	2	1	NA	NA	NA	unphased	2.09030704394943	1.04515352197471	2
3	130799424	130799425	47	7	4	2	2	1	NA	NA	NA	unphased	0.730639730639731	0.730639730639731	1
3	134851772	134851773	41	15	4	2	2	1	NA	NA	NA	unphased	1.50974025974026	1.50974025974026	1
3	140401977	140401978	70	11	4	2	2	1	NA	NA	NA	unphased	0.765432098765432	0.765432098765432	1
3	146173137	146173138	138	74	4	2	2	1	NA	NA	NA	unphased	1.96740994854202	0.983704974271012	2
3	146307518	146307519	88	58	4	2	2	1	NA	NA	NA	unphased	2.23910336239103	1.11955168119552	2
3	148727065	148727066	102	47	4	2	2	1	NA	NA	NA	unphased	1.77791336180598	0.88895668090299	2
3	151475551	151475552	12	6	4	2	2	1	NA	NA	NA	unphased	1.87878787878788	1.87878787878788	1
3	164766971	164766972	71	16	1.2	3	2	0.05	0	1	0.95	unphased	0.521630094043887	0.521630094043887	1
3	169540379	169540380	86	54	1.2	3	2	0.05	0	1	0.95	unphased	1.09402597402597	1.09402597402597	1
3	169540380	169540381	81	52	1.2	3	2	0.05	0	1	0.95	unphased	1.10895420369105	1.10895420369105	1
3	170201229	170201230	149	71	1.2	3	2	0.05	0	1	0.95	unphased	0.915371900826446	0.915371900826446	1
3	172065049	172065050	191	20	1.2	3	2	0.05	0	1	0.95	unphased	0.268849633778544	0.268849633778544	1
3	179615951	179615952	123	50	5	3	2	1	NA	NA	NA	unphased	1.91802417235943	0.959012086179716	2
3	184040238	184040239	27	22	5	3	2	1	NA	NA	NA	unphased	2.97959183673469	0.993197278911565	3
3	184801029	184801030	94	22	5	3	2	1	NA	NA	NA	unphased	1.25862068965517	1.25862068965517	1
3	185212433	185212434	218	83	5	3	2	1	NA	NA	NA	unphased	1.82996073693748	0.91498036846874	2
3	186395250	186395251	18	12	5	3	2	1	NA	NA	NA	unphased	2.65454545454545	0.884848484848485	3
3	186395472	186395473	90	73	5	3	2	1	NA	NA	NA	unphased	2.97211377579476	0.990704591931586	3
3	197427823	197427824	76	61	5	3	2	1	NA	NA	NA	unphased	2.95487723954877	0.984959079849591	3
4	1165769	1165770	50	22	2.76	2	2	0.38	1	1	0.62	unphased	1.34333333333333	1.34333333333333	1
4	5624281	5624282	32	5	2.76	2	2	0.38	1	1	0.62	unphased	0.594103194103194	0.594103194103194	1
4	6087183	6087184	74	13	2.76	2	2	0.38	1	1	0.62	unphased	0.65692789968652	0.65692789968652	1
4	7435455	7435456	62	36	2.76	2	2	0.38	1	1	0.62	unphased	1.61499072356215	1.17028313301605	1.38
4	8582789	8582790	18	6	2.76	2	2	0.38	1	1	0.62	unphased	1.09909090909091	1.09909090909091	1
4	39448102	39448103	112	25	2.28	2	2	0.14	1	1	0.86	unphased	0.714664897146649	0.714664897146649	1
4	47667249	47667250	137	37	5	3	2	1	NA	NA	NA	unphased	1.41118077324974	0.705590386624869	2
4	47850168	47850169	71	34	5	3	2	1	NA	NA	NA	unphased	2.14891774891775	1.07445887445887	2
4	54232061	54232062	89	31	2.8	3	3	0.2	1	1	0.8	unphased	1.14606060606061	1.14606060606061	1
4	62849273	62849274	126	30	2	1	1	1	NA	NA	NA	unphased	0.699300699300699	0.699300699300699	1
4	65147231	65147232	45	21	2	1	1	1	NA	NA	NA	unphased	1.15702479338843	1.15702479338843	1
4	69313179	69313180	156	49	NA	NA	NA	NA	NA	NA	NA	unphased	NA	NA	1
4	70346449	70346450	135	36	2	1	1	1	NA	NA	NA	unphased	0.76555023923445	0.76555023923445	1
4	71232546	71232547	146	35	2	1	1	1	NA	NA	NA	unphased	0.703164239075841	0.703164239075841	1
4	71255617	71255618	68	32	2	1	1	1	NA	NA	NA	unphased	1.16363636363636	1.16363636363636	1
4	71508512	71508513	27	12	2	1	1	1	NA	NA	NA	unphased	1.11888111888112	1.11888111888112	1
4	74719785	74719786	55	16	2	1	1	1	NA	NA	NA	unphased	0.819462227912932	0.819462227912932	1
4	77274332	77274333	43	15	2	1	1	1	NA	NA	NA	unphased	0.940438871473354	0.940438871473354	1
4	84457652	84457653	15	19	4	4	0	1	NA	NA	NA	unphased	3.14973262032086	1.04991087344029	3
4	87680205	87680206	38	8	2	1	1	1	NA	NA	NA	unphased	0.632411067193676	0.632411067193676	1
4	88989136	88989137	113	23	2	1	1	1	NA	NA	NA	unphased	0.614973262032086	0.614973262032086	1
4	94750371	94750372	18	6	2	1	1	1	NA	NA	NA	unphased	0.909090909090909	0.909090909090909	1
4	100341939	100341940	23	17	2	1	1	1	NA	NA	NA	unphased	1.54545454545455	1.54545454545455	1
4	102750972	102750973	24	12	2	1	1	1	NA	NA	NA	unphased	1.21212121212121	1.21212121212121	1
4	106157959	106157960	37	19	2	1	1	1	NA	NA	NA	unphased	1.23376623376623	1.23376623376623	1
4	114386722	114386723	79	24	2	1	1	1	NA	NA	NA	unphased	0.847308031774051	0.847308031774051	1
4	119444509	119444510	15	4	2	1	1	1	NA	NA	NA	unphased	0.76555023923445	0.76555023923445	1
4	145567969	145567970	40	11	2	1	1	1	NA	NA	NA	unphased	0.784313725490196	0.784313725490196	1
4	146696968	146696969	72	24	2	1	1	1	NA	NA	NA	unphased	0.909090909090909	0.909090909090909	1
4	155505262	155505263	85	19	2	1	1	1	NA	NA	NA	unphased	0.664335664335664	0.664335664335664	1
4	178355547	178355548	112	35	2	1	1	1	NA	NA	NA	unphased	0.865800865800866	0.865800865800866	1
4	178358559	178358560	30	11	2	1	1	1	NA	NA	NA	unphased	0.975609756097561	0.975609756097561	1
4	184240488	184240489	10	6	2	1	1	1	NA	NA	NA	unphased	1.36363636363636	1.36363636363636	1
4	186508723	186508724	8	5	2	1	1	1	NA	NA	NA	unphased	1.3986013986014	1.3986013986014	1
5	6337372	6337373	53	27	4.31	3	2	0.77	1	1	0.23	unphased	2.00689772727273	1.1338405238829	1.77
5	7520935	7520936	127	27	4.31	3	2	0.77	1	1	0.23	unphased	1.04254427390791	1.04254427390791	1
5	11159741	11159742	175	23	4.36	3	2	0.84	1	0	0.16	unphased	0.696547291092746	0.829222965586602	0.84
5	16067502	16067503	74	60	5	3	2	1	NA	NA	NA	unphased	2.97150610583446	0.990502035278155	3
5	16465447	16465448	153	21	5	3	2	1	NA	NA	NA	unphased	0.800940438871473	0.800940438871473	1
5	19839106	19839107	68	13	4.32	4	2	0.58	1	1	0.42	unphased	0.955959595959596	0.955959595959596	1
5	22078633	22078634	194	82	5	3	2	1	NA	NA	NA	unphased	1.97167325428195	0.985836627140975	2
5	33461298	33461299	80	52	5	3	2	1	NA	NA	NA	unphased	2.61432506887052	0.871441689623508	3
5	33944928	33944929	17	25	5	3	2	1	NA	NA	NA	unphased	3.95021645021645	1.31673881673882	3
5	38463031	38463032	59	40	1.12	3	2	0.03	0	1	0.97	unphased	1.11368227731864	1.11368227731864	1
5	41004913	41004914	95	11	1.12	3	2	0.03	0	1	0.97	unphased	0.286037735849057	0.286037735849057	1
5	63256859	63256860	58	51	2	2	0	1	NA	NA	NA	unphased	1.70141784820684	0.850708924103419	2
5	63803676	63803677	14	22	2	2	0	1	NA	NA	NA	unphased	2.22222222222222	1.11111111111111	2
5	71479621	71479622	42	56	2	2	0	1	NA	NA	NA	unphased	2.07792207792208	1.03896103896104	2
5	79616056	79616057	160	65	2	2	0	1	NA	NA	NA	unphased	1.05050505050505	1.05050505050505	1
5	80369231	80369232	61	15	2	2	0	1	NA	NA	NA	unphased	0.717703349282297	0.717703349282297	1
5	82816595	82816596	69	37	2	2	0	1	NA	NA	NA	unphased	1.26929674099485	1.26929674099485	1
5	106762990	106762991	88	19	2	2	0	1	NA	NA	NA	unphased	0.64570943075616	0.64570943075616	1
5	118506225	118506226	99	38	1	1	0	1	NA	NA	NA	unphased	0.731254147312541	0.731254147312541	1
5	132232264	132232265	65	26	1	1	0	1	NA	NA	NA	unphased	0.753246753246753	0.753246753246753	1
5	140024737	140024738	45	12	3.66	3	1	0.83	1	1	0.17	unphased	1.11502392344498	1.11502392344498	1
5	140202956	140202957	130	51	3.66	3	1	0.83	1	1	0.17	unphased	1.49234555499749	0.815489374315568	1.83
5	140590112	140590113	82	29	3.66	3	1	0.83	1	1	0.17	unphased	1.38373464373464	0.756139149581772	1.83
5	140735381	140735382	28	10	3.66	3	1	0.83	1	1	0.17	unphased	1.39377990430622	1.39377990430622	1
5	140751465	140751466	60	92	3.66	3	1	0.83	1	1	0.17	unphased	3.20569377990431	1.13275398583191	2.83
5	140768417	140768418	52	15	3.66	3	1	0.83	1	1	0.17	unphased	1.18575305291723	1.18575305291723	1
5	147020381	147020382	114	19	3.52	3	1	0.84	1	0	0.16	unphased	0.736623376623377	0.736623376623377	1
5	149751646	149751647	55	6	3.52	3	1	0.84	1	0	0.16	unphased	0.507183308494784	0.603789652969981	0.84
5	150704957	150704958	64	10	3.52	3	1	0.84	1	0	0.16	unphased	0.696805896805897	0.696805896805897	1
5	150924310	150924311	199	36	3.52	3	1	0.84	1	0	0.16	unphased	0.789911025145068	0.789911025145068	1
5	159830425	159830426	263	104	3.07	3	1	0.69	1	0	0.31	unphased	1.33368342828833	0.789161791886587	1.69
5	167553867	167553868	14	3	3.07	3	1	0.69	1	0	0.31	unphased	0.830534759358289	0.830534759358289	1
5	177690214	177690215	67	14	3.02	3	1	0.51	1	1	0.49	unphased	0.804803591470258	0.804803591470258	1
5	178559280	178559281	40	35	3.02	3	1	0.51	1	1	0.49	unphased	2.1729696969697	1.07572757275728	2.02
6	6175038	6175039	54	32	3	2	1	1	NA	NA	NA	unphased	1.72515856236786	0.862579281183932	2
6	6175040	6175041	55	32	3	2	1	1	NA	NA	NA	unphased	1.70532915360502	0.852664576802508	2
6	20131384	20131385	98	22	3	2	1	1	NA	NA	NA	unphased	0.85	0.85	1
6	26250503	26250504	78	56	3	2	1	1	NA	NA	NA	unphased	1.93758480325644	0.968792401628222	2
6	26598246	26598247	59	11	3	2	1	1	NA	NA	NA	unphased	0.728571428571428	0.728571428571428	1
6	27222622	27222623	128	23	3	2	1	1	NA	NA	NA	unphased	0.706201083684527	0.706201083684527	1
6	27835111	27835112	109	77	3	2	1	1	NA	NA	NA	unphased	1.91935483870968	0.959677419354839	2
6	29639149	29639150	43	13	3	2	1	1	NA	NA	NA	unphased	1.0762987012987	1.0762987012987	1
6	30121520	30121521	33	7	3	2	1	1	NA	NA	NA	unphased	0.811363636363636	0.811363636363636	1
6	31112827	31112828	29	21	1.32	2	1	0.16	1	0	0.84	unphased	1.24167272727273	1.24167272727273	1
6	31827582	31827583	175	10	1.1	2	1	0.05	0	1	0.95	unphased	0.147911547911548	0.147911547911548	1
6	35704939	35704940	43	21	2.14	2	1	0.14	1	1	0.86	unphased	1.23911931818182	1.23911931818182	1
6	36076331	36076332	10	5	2.14	2	1	0.14	1	1	0.86	unphased	1.25878787878788	1.25878787878788	1
6	43222303	43222304	72	16	2.18	2	1	0.18	1	1	0.82	unphased	0.693884297520661	0.693884297520661	1
6	47649820	47649821	70	11	3	2	1	1	NA	NA	NA	unphased	0.629629629629629	0.629629629629629	1
6	49580202	49580203	70	12	3	2	1	1	NA	NA	NA	unphased	0.678492239467849	0.678492239467849	1
6	49753710	49753711	89	53	3	2	1	1	NA	NA	NA	unphased	1.73047375160051	0.865236875800256	2
6	51875188	51875189	87	17	3	2	1	1	NA	NA	NA	unphased	0.757867132867133	0.757867132867133	1
6	51890055	51890056	60	42	3	2	1	1	NA	NA	NA	unphased	1.90909090909091	0.954545454545454	2
6	52052534	52052535	164	30	3	2	1	1	NA	NA	NA	unphased	0.716963448922212	0.716963448922212	1
6	53883829	53883830	37	4	3	2	1	1	NA	NA	NA	unphased	0.452328159645233	0.452328159645233	1
6	56471395	56471396	71	57	3	2	1	1	NA	NA	NA	unphased	2.06463068181818	1.03231534090909	2
6	73023341	73023342	13	20	2	2	0	1	NA	NA	NA	unphased	2.20385674931129	1.10192837465565	2
6	74407140	74407141	63	55	3	3	0	1	NA	NA	NA	unphased	2.16101694915254	1.08050847457627	2
6	76376475	76376476	67	19	2	2	0	1	NA	NA	NA	unphased	0.80338266384778	0.80338266384778	1
6	78172175	78172176	147	41	2	2	0	1	NA	NA	NA	unphased	0.793036750483559	0.793036750483559	1
6	89890144	89890145	33	37	2	2	0	1	NA	NA	NA	unphased	1.92207792207792	0.961038961038961	2
6	110429811	110429812	34	59	2	2	0	1	NA	NA	NA	unphased	2.3069403714565	1.15347018572825	2
6	130762061	130762062	75	27	2	2	0	1	NA	NA	NA	unphased	0.962566844919786	0.962566844919786	1
6	131944586	131944587	73	24	2	2	0	1	NA	NA	NA	unphased	0.899718837863168	0.899718837863168	1
6	132195452	132195453	100	94	2	2	0	1	NA	NA	NA	unphased	1.76194939081537	0.880974695407685	2
6	133091300	133091301	16	17	2	2	0	1	NA	NA	NA	unphased	1.8732782369146	0.9366391184573	2
6	152671407	152671408	32	30	2	2	0	1	NA	NA	NA	unphased	1.75953079178886	0.879765395894428	2
6	155743912	155743913	65	53	2	2	0	1	NA	NA	NA	unphased	1.63328197226502	0.816640986132512	2
6	157528209	157528210	58	58	2	2	0	1	NA	NA	NA	unphased	1.81818181818182	0.909090909090909	2
6	161010583	161010584	49	34	2	2	0	1	NA	NA	NA	unphased	1.48959474260679	0.744797371303395	2
6	161032715	161032716	438	111	2	2	0	1	NA	NA	NA	unphased	0.735221063089916	0.735221063089916	1
6	163510297	163510298	51	44	2	2	0	1	NA	NA	NA	unphased	1.68421052631579	0.842105263157895	2
6	167550922	167550923	12	3	2	2	0	1	NA	NA	NA	unphased	0.727272727272727	0.727272727272727	1
7	2577950	2577951	69	20	3.4	3	2	0.6	1	0	0.4	unphased	1.1317671092952	1.1317671092952	1
7	2946220	2946221	69	28	3.4	3	2	0.6	1	0	0.4	unphased	1.45379568884723	0.908622305529522	1.6
7	2959199	2959200	40	6	3.4	3	2	0.6	1	0	0.4	unphased	0.656916996047431	0.656916996047431	1
7	4091283	4091284	100	31	2.22	2	2	0.11	1	1	0.89	unphased	0.912574600971548	0.912574600971548	1
7	4169603	4169604	70	18	2.22	2	2	0.11	1	1	0.89	unphased	0.788801652892562	0.788801652892562	1
7	20682813	20682814	21	4	2.22	2	2	0.11	1	1	0.89	unphased	0.617018181818182	0.617018181818182	1
7	23823248	23823249	156	38	2.22	2	2	0.11	1	1	0.89	unphased	0.755370196813496	0.755370196813496	1
7	27150146	27150147	23	11	2.24	2	2	0.12	1	1	0.88	unphased	1.25411764705882	1.25411764705882	1
7	27194647	27194648	143	31	2.24	2	2	0.12	1	1	0.88	unphased	0.690616509926855	0.690616509926855	1
7	32209466	32209467	131	19	2.24	2	2	0.12	1	1	0.88	unphased	0.491006060606061	0.491006060606061	1
7	36438781	36438782	82	20	2.42	2	2	0.21	1	1	0.79	unphased	0.79536541889483	0.79536541889483	1
7	37780136	37780137	99	41	2.42	2	2	0.21	1	1	0.79	unphased	1.18793506493506	1.18793506493506	1
7	37896882	37896883	63	18	2.42	2	2	0.21	1	1	0.79	unphased	0.901414141414141	0.901414141414141	1
7	43590048	43590049	26	10	2.42	2	2	0.21	1	1	0.79	unphased	1.12676767676768	1.12676767676768	1
7	44838862	44838863	75	35	2.42	2	2	0.21	1	1	0.79	unphased	1.29066115702479	1.29066115702479	1
7	48015208	48015209	31	9	2.42	2	2	0.21	1	1	0.79	unphased	0.912681818181818	0.912681818181818	1
7	48312682	48312683	71	20	2.42	2	2	0.21	1	1	0.79	unphased	0.891508491508491	0.891508491508491	1
7	49842390	49842391	57	38	2.42	2	2	0.21	1	1	0.79	unphased	1.62254545454545	1.34094665664914	1.21
7	57188111	57188112	57	14	2.42	2	2	0.21	1	1	0.79	unphased	0.799846350832266	0.799846350832266	1
7	57509911	57509912	19	6	2.42	2	2	0.21	1	1	0.79	unphased	0.973527272727272	0.973527272727272	1
7	57529239	57529240	29	16	2.42	2	2	0.21	1	1	0.79	unphased	1.44226262626263	1.44226262626263	1
7	75185333	75185334	183	70	2.7	2	2	0.35	1	1	0.65	unphased	1.199784405318	0.888729189124446	1.35
7	78636411	78636412	113	11	2.7	2	2	0.35	1	1	0.65	unphased	0.384677419354839	1.09907834101382	0.35
7	81334787	81334788	70	28	2.7	2	2	0.35	1	1	0.65	unphased	1.23896103896104	1.23896103896104	1
7	81381530	81381531	74	29	2.7	2	2	0.35	1	1	0.65	unphased	1.22091791703442	1.22091791703442	1
7	82476510	82476511	18	11	2.7	2	2	0.35	1	1	0.65	unphased	1.6448275862069	1.2183908045977	1.35
7	89906609	89906610	81	26	2.7	2	2	0.35	1	1	0.65	unphased	1.05369583687341	1.05369583687341	1
7	94937376	94937377	83	32	2.8	2	2	0.4	1	1	0.6	unphased	1.23446640316206	1.23446640316206	1
7	99097647	99097648	68	11	2.48	2	1	0.48	1	1	0.52	unphased	0.573164556962025	1.19409282700422	0.48
7	100365575	100365576	33	7	2.9	2	2	0.45	1	1	0.55	unphased	0.793863636363636	0.793863636363636	1
7	100771830	100771831	43	22	2.9	2	2	0.45	1	1	0.55	unphased	1.53538461538462	1.05888594164456	1.45
7	103206687	103206688	78	7	2.9	2	2	0.45	1	1	0.55	unphased	0.373582887700535	0.830184194890077	0.45
7	105182915	105182916	81	17	2.9	2	2	0.45	1	1	0.55	unphased	0.786920222634508	0.786920222634508	1
7	120773889	120773890	138	7	2.84	2	2	0.42	1	1	0.58	unphased	0.216100313479624	0.514524555903866	0.42
7	122338114	122338115	109	52	2.84	2	2	0.42	1	1	0.58	unphased	1.44578204404291	1.01815636904431	1.42
7	126746691	126746692	56	7	2.84	2	2	0.42	1	1	0.58	unphased	0.497373737373737	1.18422318422318	0.42
7	128488645	128488646	196	91	2.84	2	2	0.42	1	1	0.58	unphased	1.41933481152993	0.999531557415446	1.42
7	136700531	136700532	122	23	2.84	2	2	0.42	1	1	0.58	unphased	0.710043887147335	0.710043887147335	1
7	138440502	138440503	48	5	2.84	2	2	0.42	1	1	0.58	unphased	0.42229845626072	1.00547251490648	0.42
7	141443383	141443384	128	11	2	1	1	0.53	1	1	0.47	unphased	0.287769784172662	0.612276136537578	0.47
7	141954910	141954911	206	44	2	1	1	0.51	1	1	0.49	unphased	0.64	1.30612244897959	0.49
7	142099639	142099640	61	13	2	1	1	0.51	1	1	0.49	unphased	0.638820638820639	1.30371558942988	0.49
7	142104538	142104539	71	26	2	1	1	0.51	1	1	0.49	unphased	0.974695407685098	0.974695407685098	1
7	142168480	142168481	102	32	2	1	1	0.51	1	1	0.49	unphased	0.868385345997286	0.868385345997286	1
7	142168481	142168482	103	31	2	1	1	0.51	1	1	0.49	unphased	0.841248303934871	0.841248303934871	1
7	142334655	142334656	99	33	2	1	1	0.51	1	1	0.49	unphased	0.909090909090909	0.909090909090909	1
7	142480035	142480036	146	28	2	1	1	0.51	1	1	0.49	unphased	0.585161964472309	1.19420809075981	0.49
7	142498875	142498876	107	15	2	1	1	0.51	1	1	0.49	unphased	0.44709388971684	0.912436509626205	0.49
7	142499064	142499065	128	17	2	1	1	0.51	1	1	0.49	unphased	0.426332288401254	0.870065894696436	0.49
7	142658954	142658955	159	96	2	1	1	0.51	1	1	0.49	unphased	1.36898395721925	1.36898395721925	1
7	143701142	143701143	59	33	2	1	1	0.51	1	1	0.49	unphased	1.30434782608696	1.30434782608696	1
7	143807626	143807627	122	17	2	1	1	0.51	1	1	0.49	unphased	0.444735120994114	0.907622695906355	0.49
7	149129868	149129869	35	4	2.86	2	2	0.43	1	1	0.57	unphased	0.461165501165501	0.461165501165501	1
7	149423123	149423124	12	4	2.86	2	2	0.43	1	1	0.57	unphased	1.12409090909091	1.12409090909091	1
7	157926563	157926564	107	48	2	1	1	0.66	1	1	0.34	unphased	1.12609970674487	1.12609970674487	1
8	2910052	2910053	9	5	2	2	0	1	NA	NA	NA	unphased	1.2987012987013	1.2987012987013	1
8	10470494	10470495	38	40	2	2	0	1	NA	NA	NA	unphased	1.86480186480186	0.932400932400932	2
8	16921648	16921649	58	61	2	2	0	1	NA	NA	NA	unphased	1.86401833460657	0.932009167303285	2
8	30550565	30550566	28	9	2	2	0	1	NA	NA	NA	unphased	0.884520884520885	0.884520884520885	1
8	32621289	32621290	70	25	2	2	0	1	NA	NA	NA	unphased	0.956937799043062	0.956937799043062	1
8	37730440	37730441	167	41	7	5	2	1	NA	NA	NA	unphased	1.70236013986014	0.85118006993007	2
8	39645619	39645620	155	28	7	5	2	1	NA	NA	NA	unphased	1.32141082960755	1.32141082960755	1
8	41585446	41585447	112	35	7	5	2	1	NA	NA	NA	unphased	2.05627705627706	1.02813852813853	2
8	51465653	51465654	133	60	9	7	2	1	0	1	0	unphased	3.30664154498351	1.10221384832784	3
8	62212502	62212503	176	21	9	7	2	1	NA	NA	NA	unphased	1.13382556529765	1.13382556529765	1
8	65291726	65291727	96	10	9	7	2	1	NA	NA	NA	unphased	1.00343053173242	1.00343053173242	1
8	67047231	67047232	142	12	9	7	2	1	NA	NA	NA	unphased	0.828807556080283	0.828807556080283	1
8	67476836	67476837	9	3	9	7	2	1	NA	NA	NA	unphased	2.65909090909091	2.65909090909091	1
8	70981641	70981642	135	7	6.2	7	2	0.6	1	1	0.4	unphased	0.386299615877081	0.643832693128468	0.6
8	72951099	72951100	156	15	6.2	7	2	0.6	1	1	0.4	unphased	0.687400318979266	0.687400318979266	1
8	72987566	72987567	289	31	6.2	7	2	0.6	1	1	0.4	unphased	0.759147727272727	0.759147727272727	1
8	75898351	75898352	181	87	6.69	7	2	0.67	1	1	0.33	unphased	2.70296132971506	1.01234506730901	2.67
8	77617550	77617551	89	5	6.69	7	2	0.67	1	1	0.33	unphased	0.4428916827853	0.661032362366119	0.67
8	77762480	77762481	38	7	6.69	7	2	0.67	1	1	0.33	unphased	1.29521212121212	1.29521212121212	1
8	77767854	77767855	95	15	6.69	7	2	0.67	1	1	0.33	unphased	1.1354132231405	1.1354132231405	1
8	87437523	87437524	190	17	6.69	7	2	0.67	1	1	0.33	unphased	0.683807641633729	0.683807641633729	1
8	91962041	91962042	33	7	2.26	6	2	0.18	1	0	0.82	unphased	0.681863636363636	0.681863636363636	1
8	92401652	92401653	508	45	2.26	6	2	0.18	1	0	0.82	unphased	0.317063948709518	0.317063948709518	1
8	94767280	94767281	290	87	4.88	6	2	0.48	1	1	0.52	unphased	1.50377622377622	1.01606501606502	1.48
8	94934694	94934695	233	34	4.88	6	2	0.48	1	1	0.52	unphased	0.829799114742935	0.829799114742935	1
8	95188809	95188810	226	56	4.88	6	2	0.48	1	1	0.52	unphased	1.29402965828498	0.874344363706066	1.48
8	96060746	96060747	186	29	3.98	6	2	0.33	1	1	0.67	unphased	0.757556025369979	0.757556025369979	1
8	99169903	99169904	176	39	3.98	6	2	0.33	1	1	0.67	unphased	1.0187822410148	1.0187822410148	1
8	100515176	100515177	288	35	3.98	6	2	0.33	1	1	0.67	unphased	0.608584294962004	0.608584294962004	1
8	103357640	103357641	41	8	3.66	6	2	0.38	1	0	0.62	unphased	0.864712430426716	0.864712430426716	1
8	104897682	104897683	174	62	3.66	6	2	0.38	1	0	0.62	unphased	1.39141756548536	1.0082735981778	1.38
8	105367345	105367346	223	21	3.66	6	2	0.38	1	0	0.62	unphased	0.455834575260805	1.19956467173896	0.38
8	106814593	106814594	56	24	3.66	6	2	0.38	1	0	0.62	unphased	1.58890909090909	0.902789256198347	1.76
8	110476588	110476589	72	10	4.82	6	2	0.47	1	1	0.53	unphased	0.787361419068736	0.787361419068736	1
8	110980454	110980455	162	24	4.82	6	2	0.47	1	1	0.53	unphased	0.83307917888563	0.83307917888563	1
8	113317027	113317028	173	45	4.58	6	2	0.43	1	1	0.57	unphased	1.28319432860717	0.897338691333687	1.43
8	113484886	113484887	213	25	4.58	6	2	0.43	1	1	0.57	unphased	0.652979373567609	0.652979373567609	1
8	113504764	113504765	248	46	4.58	6	2	0.43	1	1	0.57	unphased	0.972628324056895	0.972628324056895	1
8	113702181	113702182	452	50	4.58	6	2	0.43	1	1	0.57	unphased	0.619159724737414	0.619159724737414	1
8	113988349	113988350	217	88	4.58	6	2	0.43	1	1	0.57	unphased	1.7935737704918	0.96428697338269	1.86
8	121239569	121239570	199	27	3.38	6	2	0.34	1	0	0.66	unphased	0.599300080450523	0.599300080450523	1
8	124265954	124265955	267	70	3.38	6	2	0.34	1	0	0.66	unphased	1.04197464256811	1.04197464256811	1
8	125025886	125025887	27	6	3.38	6	2	0.34	1	0	0.66	unphased	0.912066115702479	0.912066115702479	1
8	125061920	125061921	155	14	3.38	6	2	0.34	1	0	0.66	unphased	0.415556750941366	1.22222573806284	0.34
8	128429068	128429069	23	10	3.38	6	2	0.34	1	0	0.66	unphased	1.52011019283747	1.52011019283747	1
8	131128983	131128984	242	18	3.38	6	2	0.34	1	0	0.66	unphased	0.347286713286713	1.0214315096668	0.34
8	131200411	131200412	272	68	3.38	6	2	0.34	1	0	0.66	unphased	1.00327272727273	1.00327272727273	1
8	139155315	139155316	121	10	2.75	6	2	0.25	1	0	0.75	unphased	0.334836918806384	1.33934767522554	0.25
8	140630539	140630540	146	83	6	6	0	1	NA	NA	NA	unphased	2.7677649861056	0.922588328701866	3
8	142160994	142160995	205	20	6	6	0	1	NA	NA	NA	unphased	0.678787878787879	0.678787878787879	1
8	145110062	145110063	47	10	5	5	0	1	NA	NA	NA	unphased	1.16427432216906	1.16427432216906	1
9	990876	990877	46	16	2	1	1	1	NA	NA	NA	unphased	0.93841642228739	0.93841642228739	1
9	2811431	2811432	124	28	2	1	1	1	NA	NA	NA	unphased	0.669856459330143	0.669856459330143	1
9	6329059	6329060	18	9	2	1	1	1	NA	NA	NA	unphased	1.21212121212121	1.21212121212121	1
9	8492931	8492932	88	35	2	1	1	1	NA	NA	NA	unphased	1.03473762010347	1.03473762010347	1
9	8521486	8521487	68	27	2	1	1	1	NA	NA	NA	unphased	1.03349282296651	1.03349282296651	1
9	8526625	8526626	65	20	2	1	1	1	NA	NA	NA	unphased	0.855614973262032	0.855614973262032	1
9	19785953	19785954	114	34	3	2	1	1	NA	NA	NA	unphased	1.06511056511057	1.06511056511057	1
9	32633491	32633492	132	78	3	2	1	1	NA	NA	NA	unphased	1.72207792207792	0.861038961038961	2
9	33384950	33384951	174	50	3	2	1	1	NA	NA	NA	unphased	1.0349025974026	1.0349025974026	1
9	33386973	33386974	157	16	3	2	1	1	NA	NA	NA	unphased	0.428796636889122	0.428796636889122	1
9	36669320	36669321	67	44	3	2	1	1	NA	NA	NA	unphased	1.83783783783784	0.918918918918919	2
9	37015149	37015150	284	42	3	2	1	1	NA	NA	NA	unphased	0.597322922476297	0.597322922476297	1
9	37737134	37737135	66	45	3	2	1	1	NA	NA	NA	unphased	1.87960687960688	0.93980343980344	2
9	73736140	73736141	60	15	2	1	1	1	NA	NA	NA	unphased	0.727272727272727	0.727272727272727	1
9	73736141	73736142	60	14	2	1	1	1	NA	NA	NA	unphased	0.687960687960688	0.687960687960688	1
9	75773354	75773355	16	3	2	1	1	0.13	1	1	0.87	unphased	0.574162679425837	0.574162679425837	1
9	79259793	79259794	22	3	2	1	1	0.13	1	1	0.87	unphased	0.436363636363636	0.436363636363636	1
9	79320555	79320556	76	34	2	1	1	0.13	1	1	0.87	unphased	1.12396694214876	1.12396694214876	1
9	84605749	84605750	19	7	2	1	1	0.13	1	1	0.87	unphased	0.979020979020979	0.979020979020979	1
9	86530331	86530332	77	11	2	1	1	0.13	1	1	0.87	unphased	0.454545454545455	0.454545454545455	1
9	89771701	89771702	28	12	2	1	1	0.13	1	1	0.87	unphased	1.09090909090909	1.09090909090909	1
9	89771702	89771703	28	14	2	1	1	0.13	1	1	0.87	unphased	1.21212121212121	1.21212121212121	1
9	90263780	90263781	62	22	2	1	1	0.13	1	1	0.87	unphased	0.952380952380952	0.952380952380952	1
9	95055750	95055751	33	10	2	1	1	0.13	1	1	0.87	unphased	0.845665961945032	0.845665961945032	1
9	96392311	96392312	63	12	2	1	1	0.13	1	1	0.87	unphased	0.581818181818182	0.668756530825496	0.87
9	96392312	96392313	62	12	2	1	1	0.13	1	1	0.87	unphased	0.58968058968059	0.677793781242057	0.87
9	104303158	104303159	77	13	2	1	1	0.18	1	1	0.82	unphased	0.525252525252525	0.640551860064055	0.82
9	104335418	104335419	50	21	2	1	1	0.18	1	1	0.82	unphased	1.07554417413572	1.07554417413572	1
9	106864429	106864430	39	19	2	1	1	0.18	1	1	0.82	unphased	1.19122257053292	1.19122257053292	1
9	107457516	107457517	93	23	2	1	1	0.18	1	1	0.82	unphased	0.721003134796238	0.879272115605168	0.82
9	108468020	108468021	71	33	2	1	1	0.18	1	1	0.82	unphased	1.15384615384615	1.15384615384615	1
9	111617914	111617915	200	17	8	7	1	1	NA	NA	NA	unphased	0.754922496857981	0.754922496857981	1
9	112900793	112900794	41	17	1.25	4	2	0.05	0	1	0.95	unphased	0.846003134796238	0.846003134796238	1
9	112963076	112963077	9	19	1.25	4	2	0.05	0	1	0.95	unphased	1.9586038961039	0.955416534684827	2.05
9	120053685	120053686	76	81	7	5	2	1	NA	NA	NA	unphased	4.45570353213665	0.891140706427331	5
9	120475912	120475913	137	41	7	5	2	1	NA	NA	NA	unphased	1.98927477017365	0.994637385086823	2
9	121929238	121929239	20	33	7	5	2	1	NA	NA	NA	unphased	5.37735849056604	1.07547169811321	5
9	123367347	123367348	32	4	7	5	2	1	NA	NA	NA	unphased	0.959595959595959	0.959595959595959	1
9	124329404	124329405	87	36	2.17	2	1	0.17	1	1	0.83	unphased	1.11405764966741	1.11405764966741	1
9	125140710	125140711	194	22	2.17	2	1	0.17	1	1	0.83	unphased	0.387685185185185	0.387685185185185	1
9	125315896	125315897	133	41	2.17	2	1	0.17	1	1	0.83	unphased	0.896901776384535	0.896901776384535	1
9	133779473	133779474	27	8	2	1	1	0.39	1	1	0.61	unphased	0.831168831168831	0.831168831168831	1
9	133779621	133779622	59	13	2	1	1	0.39	1	1	0.61	unphased	0.656565656565656	1.07633714191091	0.61
9	135139861	135139862	90	42	2	1	1	0.39	1	1	0.61	unphased	1.15702479338843	1.15702479338843	1
9	136234179	136234180	26	26	2	2	0	0.45	1	1	0.55	unphased	1.81818181818182	1.25391849529781	1.45
9	136918439	136918440	64	13	1	0	0	0.5	1	1	0.5	unphased	0.445100354191263	0.890200708382526	0.5
9	138457653	138457654	155	31	1	0	0	0.5	1	1	0.5	unphased	0.439393939393939	0.878787878787879	0.5
9	138671203	138671204	87	27	1	0	0	0.5	1	1	0.5	unphased	0.624401913875598	1.2488038277512	0.5
9	139265006	139265007	15	3	1	0	0	0.5	1	1	0.5	unphased	0.439393939393939	0.439393939393939	1
9	139874451	139874452	173	12	2.34	3	1	0.17	1	1	0.83	unphased	0.25792628992629	1.51721347015465	0.17
9	140051460	140051461	22	32	2.34	3	1	0.17	1	1	0.83	unphased	2.35636363636364	1.08588186007541	2.17
X	11316745	11316746	69	66	NA	NA	NA	NA	NA	NA	NA	unphased	NA	NA	1
X	13061294	13061295	106	110	NA	NA	NA	NA	NA	NA	NA	unphased	NA	NA	1
X	14882880	14882881	96	39	NA	NA	NA	NA	NA	NA	NA	unphased	NA	NA	1
X	18183168	18183169	133	47	NA	NA	NA	NA	NA	NA	NA	unphased	NA	NA	1
X	26157192	26157193	24	30	NA	NA	NA	NA	NA	NA	NA	unphased	NA	NA	1
X	32459412	32459413	101	28	NA	NA	NA	NA	NA	NA	NA	unphased	NA	NA	1
X	34149546	34149547	16	31	NA	NA	NA	NA	NA	NA	NA	unphased	NA	NA	1
X	35820798	35820799	64	25	NA	NA	NA	NA	NA	NA	NA	unphased	NA	NA	1
X	35820937	35820938	42	46	NA	NA	NA	NA	NA	NA	NA	unphased	NA	NA	1
X	37312722	37312723	39	40	NA	NA	NA	NA	NA	NA	NA	unphased	NA	NA	1
X	41010267	41010268	5	15	NA	NA	NA	NA	NA	NA	NA	unphased	NA	NA	1
X	68749623	68749624	34	17	NA	NA	NA	NA	NA	NA	NA	unphased	NA	NA	1
X	70145694	70145695	35	66	NA	NA	NA	NA	NA	NA	NA	unphased	NA	NA	1
X	71360652	71360653	15	10	NA	NA	NA	NA	NA	NA	NA	unphased	NA	NA	1
X	72674377	72674378	26	23	NA	NA	NA	NA	NA	NA	NA	unphased	NA	NA	1
X	73043430	73043431	76	26	NA	NA	NA	NA	NA	NA	NA	unphased	NA	NA	1
X	73062533	73062534	37	11	NA	NA	NA	NA	NA	NA	NA	unphased	NA	NA	1
X	77112882	77112883	73	124	NA	NA	NA	NA	NA	NA	NA	unphased	NA	NA	1
X	84349179	84349180	50	46	NA	NA	NA	NA	NA	NA	NA	unphased	NA	NA	1
X	91132932	91132933	55	76	NA	NA	NA	NA	NA	NA	NA	unphased	NA	NA	1
X	96197083	96197084	126	28	NA	NA	NA	NA	NA	NA	NA	unphased	NA	NA	1
X	96354698	96354699	22	14	NA	NA	NA	NA	NA	NA	NA	unphased	NA	NA	1
X	96354700	96354701	23	14	NA	NA	NA	NA	NA	NA	NA	unphased	NA	NA	1
X	99663434	99663435	22	7	NA	NA	NA	NA	NA	NA	NA	unphased	NA	NA	1
X	101821915	101821916	20	9	NA	NA	NA	NA	NA	NA	NA	unphased	NA	NA	1
X	101826498	101826499	4	7	NA	NA	NA	NA	NA	NA	NA	unphased	NA	NA	1
X	106884133	106884134	78	68	NA	NA	NA	NA	NA	NA	NA	unphased	NA	NA	1
X	107977502	107977503	152	159	NA	NA	NA	NA	NA	NA	NA	unphased	NA	NA	1
X	123615741	123615742	113	36	NA	NA	NA	NA	NA	NA	NA	unphased	NA	NA	1
X	123615742	123615743	113	35	NA	NA	NA	NA	NA	NA	NA	unphased	NA	NA	1
X	127185198	127185199	49	67	NA	NA	NA	NA	NA	NA	NA	unphased	NA	NA	1
X	127185217	127185218	50	62	NA	NA	NA	NA	NA	NA	NA	unphased	NA	NA	1
X	131219732	131219733	86	28	NA	NA	NA	NA	NA	NA	NA	unphased	NA	NA	1
X	131234702	131234703	48	60	NA	NA	NA	NA	NA	NA	NA	unphased	NA	NA	1
X	133087158	133087159	185	68	NA	NA	NA	NA	NA	NA	NA	unphased	NA	NA	1
X	134856895	134856896	361	15	NA	NA	NA	NA	NA	NA	NA	unphased	NA	NA	1
X	149639080	149639081	90	155	NA	NA	NA	NA	NA	NA	NA	unphased	NA	NA	1
X	151093103	151093104	35	45	NA	NA	NA	NA	NA	NA	NA	unphased	NA	NA	1
X	153461469	153461470	19	10	NA	NA	NA	NA	NA	NA	NA	unphased	NA	NA	1
