chr	start	end	WT.count	mut.count	subclonal.CN	nMaj1	nMin1	frac1	nMaj2	nMin2	frac2	phase	mutation.copy.number	subclonal.fraction	no.chrs.bearing.mut
1	4772618	4772619	40	10	2	1	1	0.38	1	1	0.62	unphased	0.869565217391304	0.869565217391304	1
1	6880309	6880310	65	5	2.98	3	1	0.66	1	0	0.34	unphased	0.38055900621118	0.576604554865424	0.66
1	17690070	17690071	35	4	1.48	1	1	0.48	1	0	0.52	unphased	0.392597547380156	0.817911557041992	0.48
1	22176602	22176603	140	22	1.48	1	1	0.48	1	0	0.52	unphased	0.519828234031133	1.08297548756486	0.48
1	27216425	27216426	29	6	1.48	1	1	0.48	1	0	0.52	unphased	0.656198757763975	0.656198757763975	1
1	55148430	55148431	81	8	1.48	1	1	0.48	1	0	0.52	unphased	0.344074255007328	0.7168213645986	0.48
1	110051192	110051193	56	13	1	1	0	1	NA	NA	NA	unphased	0.630749842470069	0.630749842470069	1
1	145328377	145328378	50	7	1.54	1	0	0.46	1	1	0.54	unphased	0.477452326468345	0.884170974941379	0.54
1	150549904	150549905	243	32	2	1	1	0.1	1	1	0.9	unphased	0.505928853754941	0.505928853754941	1
1	176668715	176668716	164	14	1.09	1	1	0.09	1	0	0.91	unphased	0.270390815828041	0.270390815828041	1
1	178411962	178411963	120	6	1.09	1	1	0.09	1	0	0.91	unphased	0.163706004140787	1.8189556015643	0.09
1	181741328	181741329	132	18	1.09	1	1	0.09	1	0	0.91	unphased	0.412539130434783	0.412539130434783	1
1	223994606	223994607	101	34	1.09	1	1	0.09	1	0	0.91	unphased	0.865822866344605	0.865822866344605	1
1	247737761	247737762	40	3	2	1	1	0.08	1	1	0.92	unphased	0.303336703741153	0.303336703741153	1
1	248458807	248458808	152	10	2	1	1	0.08	1	1	0.92	unphased	0.268384326355341	0.268384326355341	1
10	5567195	5567196	33	4	2	1	1	1	NA	NA	NA	unphased	0.470035252643948	0.470035252643948	1
10	124345673	124345674	475	54	2	1	1	1	NA	NA	NA	unphased	0.443823456891592	0.443823456891592	1
11	16068084	16068085	68	12	2	1	1	1	NA	NA	NA	unphased	0.652173913043478	0.652173913043478	1
11	47311439	47311440	33	13	2	1	1	1	NA	NA	NA	unphased	1.22873345935728	1.22873345935728	1
12	1022617	1022618	280	40	6	5	1	1	NA	NA	NA	unphased	1.04347826086957	1.04347826086957	1
12	6103064	6103065	52	20	2	1	1	1	NA	NA	NA	unphased	1.20772946859903	1.20772946859903	1
12	11286341	11286342	164	11	2	1	1	0.12	1	1	0.88	unphased	0.273291925465839	0.273291925465839	1
12	13716482	13716483	89	5	2	1	1	0.12	1	1	0.88	unphased	0.231267345050879	0.231267345050879	1
12	52775273	52775274	182	30	2	1	1	1	NA	NA	NA	unphased	0.615258408531583	0.615258408531583	1
12	53427590	53427591	25	11	2	1	1	1	NA	NA	NA	unphased	1.32850241545894	1.32850241545894	1
12	120650260	120650261	51	11	1.04	1	1	0.04	0	1	0.96	unphased	0.601065918653577	0.601065918653577	1
13	42748263	42748264	93	20	3	2	1	1	NA	NA	NA	unphased	0.946517891496729	0.946517891496729	1
13	107145364	107145365	75	10	3	2	1	1	NA	NA	NA	unphased	0.629156010230179	0.629156010230179	1
14	21798404	21798405	74	42	2	2	0	1	NA	NA	NA	unphased	1.57421289355322	0.787106446776612	2
14	76906055	76906056	30	10	2	2	0	1	NA	NA	NA	unphased	1.08695652173913	1.08695652173913	1
14	106208461	106208462	126	31	2	2	0	1	NA	NA	NA	unphased	0.858487953475492	0.858487953475492	1
15	35222463	35222464	103	10	1	1	0	1	NA	NA	NA	unphased	0.296267795305887	0.296267795305887	1
15	58285001	58285002	69	32	1	1	0	1	NA	NA	NA	unphased	1.06069737408523	1.06069737408523	1
16	31012887	31012888	76	9	3.34	3	1	0.78	1	0	0.22	unphased	0.602240409207161	0.602240409207161	1
16	31072955	31072956	181	35	3.34	3	1	0.78	1	0	0.22	unphased	0.921638486312399	0.921638486312399	1
16	31230732	31230733	92	9	3.34	3	1	0.78	1	0	0.22	unphased	0.506835987946621	0.649789728136693	0.78
17	4500519	4500520	67	16	2	1	1	0.25	1	1	0.75	unphased	0.838135149292824	0.838135149292824	1
17	4849176	4849177	41	7	2	1	1	0.25	1	1	0.75	unphased	0.634057971014493	0.634057971014493	1
18	6992566	6992567	78	17	1	1	0	1	NA	NA	NA	unphased	0.59908466819222	0.59908466819222	1
19	9067666	9067667	136	31	2	1	1	0.12	1	1	0.88	unphased	0.807081489195522	0.807081489195522	1
19	14862340	14862341	123	12	2	1	1	0.19	1	1	0.81	unphased	0.386473429951691	0.386473429951691	1
19	18710389	18710390	40	3	2	1	1	0.19	1	1	0.81	unphased	0.303336703741153	0.374489757705127	0.81
19	52537029	52537030	182	18	1.72	1	0	0.28	1	1	0.72	unphased	0.366104347826087	0.366104347826087	1
19	52715981	52715982	66	36	1.72	1	0	0.28	1	1	0.72	unphased	1.43570332480818	1.43570332480818	1
19	58371287	58371288	118	17	1.56	1	0	0.44	1	1	0.56	unphased	0.492096618357488	0.878743961352657	0.56
2	11332816	11332817	35	8	2	1	1	1	NA	NA	NA	unphased	0.808897876643074	0.808897876643074	1
2	179589177	179589178	40	6	2	1	1	0.1	1	1	0.9	unphased	0.56710775047259	0.56710775047259	1
2	210557456	210557457	72	7	2	1	1	0.13	1	1	0.87	unphased	0.385250412768299	0.385250412768299	1
2	234173587	234173588	118	20	2	1	1	1	NA	NA	NA	unphased	0.630119722747322	0.630119722747322	1
20	32369122	32369123	224	19	2	1	1	0.11	1	1	0.89	unphased	0.339953480050098	0.339953480050098	1
21	10952924	10952925	92	13	NA	NA	NA	NA	NA	NA	NA	unphased	NA	NA	1
22	21989499	21989500	35	6	1.26	1	1	0.26	1	0	0.74	unphased	0.527974549310711	0.527974549310711	1
22	26422428	26422429	203	48	1.2	1	1	0.2	1	0	0.8	unphased	0.67846873376061	0.67846873376061	1
22	50720742	50720743	63	13	2	1	1	0.1	1	1	0.9	unphased	0.74370709382151	0.74370709382151	1
3	48605321	48605322	37	20	1	1	0	1	NA	NA	NA	unphased	1.17467581998474	1.17467581998474	1
3	109049514	109049515	75	27	2	1	1	1	NA	NA	NA	unphased	1.15089514066496	1.15089514066496	1
3	142402844	142402845	67	7	2	1	1	1	NA	NA	NA	unphased	0.411280846063455	0.411280846063455	1
4	1956923	1956924	47	7	2.69	2	1	0.69	1	1	0.31	unphased	0.65305152979066	0.65305152979066	1
4	2831499	2831500	69	7	2.69	2	1	0.69	1	1	0.31	unphased	0.464010297482838	0.672478692004112	0.69
4	44682820	44682821	54	6	2.7	2	1	0.7	1	1	0.3	unphased	0.504782608695652	0.72111801242236	0.7
4	104640634	104640635	53	7	2	1	1	1	NA	NA	NA	unphased	0.507246376811594	0.507246376811594	1
4	113436003	113436004	13	3	2	1	1	1	NA	NA	NA	unphased	0.815217391304348	0.815217391304348	1
4	154216474	154216475	13	8	1	1	0	1	NA	NA	NA	unphased	1.27536231884058	1.27536231884058	1
4	158254021	158254022	111	24	2	1	1	1	NA	NA	NA	unphased	0.772946859903382	0.772946859903382	1
4	169340495	169340496	13	3	2	1	1	1	NA	NA	NA	unphased	0.815217391304348	0.815217391304348	1
5	40771890	40771891	142	16	3.34	3	1	0.67	1	1	0.33	unphased	0.575982388552559	0.859675206794864	0.67
5	65054568	65054569	109	6	1	1	0	0.34	1	0	0.66	unphased	0.174669187145558	0.174669187145558	1
5	140626788	140626789	70	21	2	1	1	0.3	1	1	0.7	unphased	1.00334448160535	1.00334448160535	1
5	158140135	158140136	35	13	2	1	1	0.3	1	1	0.7	unphased	1.17753623188406	1.17753623188406	1
6	27799292	27799293	76	18	2	1	1	1	NA	NA	NA	unphased	0.832562442183164	0.832562442183164	1
6	85446666	85446667	154	6	2	1	1	0.13	1	1	0.87	unphased	0.16304347826087	0.16304347826087	1
7	24718859	24718860	71	21	2	1	1	1	NA	NA	NA	unphased	0.992438563327032	0.992438563327032	1
7	45954500	45954501	50	16	2	1	1	1	NA	NA	NA	unphased	1.05401844532279	1.05401844532279	1
7	55259514	55259515	114	150	5.26	6	1	0.71	1	0	0.29	unphased	4.32262845849802	0.977970239479191	4.42
7	57194318	57194319	114	25	1.04	1	1	0.04	0	1	0.96	unphased	0.609321238661245	0.609321238661245	1
7	82538283	82538284	62	11	2	1	1	1	NA	NA	NA	unphased	0.655151876116736	0.655151876116736	1
7	157370782	157370783	74	8	2	1	1	0.09	1	1	0.91	unphased	0.424178154825027	0.424178154825027	1
8	68074104	68074105	173	8	2.2	2	1	0.2	1	1	0.8	unphased	0.201008887821283	1.00504443910641	0.2
8	146278516	146278517	133	8	3.95	4	1	0.65	1	1	0.35	unphased	0.357323465926611	0.549728409117863	0.65
9	33026882	33026883	72	4	1	1	0	1	NA	NA	NA	unphased	0.176201372997712	0.176201372997712	1
9	101014135	101014136	91	5	2	1	1	0.19	1	1	0.81	unphased	0.226449275362319	0.226449275362319	1
X	23397974	23397975	119	8	NA	NA	NA	NA	NA	NA	NA	unphased	NA	NA	1
X	47045186	47045187	10	5	NA	NA	NA	NA	NA	NA	NA	unphased	NA	NA	1
X	130419263	130419264	99	5	NA	NA	NA	NA	NA	NA	NA	unphased	NA	NA	1
X	131573567	131573568	147	13	NA	NA	NA	NA	NA	NA	NA	unphased	NA	NA	1
