chr	start	end	WT.count	mut.count	subclonal.CN	nMaj1	nMin1	frac1	nMaj2	nMin2	frac2	phase	mutation.copy.number	subclonal.fraction	no.chrs.bearing.mut
1	6206323	6206324	51	20	2	1	1	1	NA	NA	NA	unphased	1.00603621730382	1.00603621730382	1
1	7880541	7880542	14	5	2	1	1	1	NA	NA	NA	unphased	0.93984962406015	0.93984962406015	1
1	51829574	51829575	59	7	2	1	1	1	NA	NA	NA	unphased	0.378787878787879	0.378787878787879	1
1	57537265	57537266	17	5	2	1	1	1	NA	NA	NA	unphased	0.811688311688312	0.811688311688312	1
1	70493863	70493864	47	3	2	1	1	1	NA	NA	NA	unphased	0.214285714285714	0.214285714285714	1
1	70505430	70505431	81	10	2	1	1	1	NA	NA	NA	unphased	0.392464678178964	0.392464678178964	1
1	75036930	75036931	96	29	2	1	1	1	NA	NA	NA	unphased	0.828571428571429	0.828571428571429	1
1	78959091	78959092	17	9	2	1	1	1	NA	NA	NA	unphased	1.23626373626374	1.23626373626374	1
1	87031095	87031096	70	4	2	1	1	1	NA	NA	NA	unphased	0.193050193050193	0.193050193050193	1
1	90179619	90179620	18	6	2	1	1	1	NA	NA	NA	unphased	0.892857142857143	0.892857142857143	1
1	93687223	93687224	74	26	2	1	1	1	NA	NA	NA	unphased	0.928571428571428	0.928571428571428	1
1	99771529	99771530	48	5	2	1	1	1	NA	NA	NA	unphased	0.336927223719677	0.336927223719677	1
1	147380680	147380681	74	16	2	1	1	1	NA	NA	NA	unphased	0.634920634920635	0.634920634920635	1
1	149884959	149884960	45	3	2	1	1	1	NA	NA	NA	unphased	0.223214285714286	0.223214285714286	1
1	158435909	158435910	154	122	2.92	2	1	0.96	0	1	0.04	unphased	1.98534161490683	1.01292939536063	1.96
1	165514003	165514004	127	13	2.92	2	1	0.96	0	1	0.04	unphased	0.417061224489796	0.417061224489796	1
1	182787813	182787814	32	12	2.92	2	1	0.96	0	1	0.04	unphased	1.22493506493506	1.22493506493506	1
1	182827741	182827742	47	6	2.92	2	1	0.96	0	1	0.04	unphased	0.508463611859838	0.529649595687331	0.96
1	186147871	186147872	76	4	2.92	2	1	0.96	0	1	0.04	unphased	0.224571428571429	0.224571428571429	1
1	202287920	202287921	271	31	3.76	3	1	0.92	0	1	0.08	unphased	0.547265846736045	0.547265846736045	1
1	202843335	202843336	10	3	2.98	2	1	0.99	0	1	0.01	unphased	1.05032967032967	1.05032967032967	1
1	208224760	208224761	31	4	2.98	2	1	0.99	0	1	0.01	unphased	0.520163265306122	0.520163265306122	1
1	216370037	216370038	23	11	2.98	2	1	0.99	0	1	0.01	unphased	1.47252100840336	1.47252100840336	1
1	228401920	228401921	131	11	2.98	2	1	0.99	0	1	0.01	unphased	0.352575452716298	0.352575452716298	1
1	231155690	231155691	53	17	2.98	2	1	0.99	0	1	0.01	unphased	1.10534693877551	1.10534693877551	1
1	232650056	232650057	74	8	2.98	2	1	0.99	0	1	0.01	unphased	0.44404181184669	0.44404181184669	1
1	237777587	237777588	37	7	2.98	2	1	0.99	0	1	0.01	unphased	0.724090909090909	0.724090909090909	1
1	247695306	247695307	21	8	2.98	2	1	0.99	0	1	0.01	unphased	1.25556650246305	1.25556650246305	1
1	247769699	247769700	22	19	2.98	2	1	0.99	0	1	0.01	unphased	2.10919860627178	1.0598987971215	1.99
1	247921357	247921358	54	6	NA	NA	NA	NA	NA	NA	NA	unphased	NA	NA	1
1	248551521	248551522	69	41	NA	NA	NA	NA	NA	NA	NA	unphased	NA	NA	1
10	5468683	5468684	35	15	2	1	1	0.19	1	1	0.81	unphased	1.07142857142857	1.07142857142857	1
10	5468684	5468685	35	15	2	1	1	0.19	1	1	0.81	unphased	1.07142857142857	1.07142857142857	1
10	12209787	12209788	81	10	2	1	1	1	NA	NA	NA	unphased	0.392464678178964	0.392464678178964	1
10	13672264	13672265	61	25	2	1	1	1	NA	NA	NA	unphased	1.03820598006645	1.03820598006645	1
10	18689961	18689962	34	3	2	1	1	1	NA	NA	NA	unphased	0.28957528957529	0.28957528957529	1
10	25885718	25885719	80	13	2	1	1	1	NA	NA	NA	unphased	0.499231950844854	0.499231950844854	1
10	27368064	27368065	60	19	2	1	1	1	NA	NA	NA	unphased	0.858951175406871	0.858951175406871	1
10	38658917	38658918	22	3	2	1	1	1	NA	NA	NA	unphased	0.428571428571428	0.428571428571428	1
10	38658927	38658928	22	3	2	1	1	1	NA	NA	NA	unphased	0.428571428571428	0.428571428571428	1
10	55700714	55700715	26	16	2	1	1	1	NA	NA	NA	unphased	1.36054421768707	1.36054421768707	1
10	55892661	55892662	14	12	2	1	1	1	NA	NA	NA	unphased	1.64835164835165	1.64835164835165	1
10	64573781	64573782	80	20	2	1	1	1	NA	NA	NA	unphased	0.714285714285714	0.714285714285714	1
10	69961616	69961617	49	18	2	1	1	1	NA	NA	NA	unphased	0.959488272921109	0.959488272921109	1
10	70056700	70056701	82	31	2	1	1	1	NA	NA	NA	unphased	0.979772439949431	0.979772439949431	1
10	71144668	71144669	82	4	2	1	1	1	NA	NA	NA	unphased	0.166112956810631	0.166112956810631	1
10	98412586	98412587	82	30	2	1	1	1	NA	NA	NA	unphased	0.956632653061224	0.956632653061224	1
10	101458400	101458401	45	11	2	1	1	1	NA	NA	NA	unphased	0.701530612244898	0.701530612244898	1
10	105194594	105194595	26	4	2	1	1	1	NA	NA	NA	unphased	0.476190476190476	0.476190476190476	1
10	116919925	116919926	79	20	2	1	1	1	NA	NA	NA	unphased	0.721500721500721	0.721500721500721	1
10	124914502	124914503	130	28	2	1	1	1	NA	NA	NA	unphased	0.632911392405063	0.632911392405063	1
10	129902973	129902974	196	68	2	1	1	1	NA	NA	NA	unphased	0.91991341991342	0.91991341991342	1
11	17464291	17464292	48	4	2	1	1	0.1	1	1	0.9	unphased	0.274725274725275	0.274725274725275	1
11	18731127	18731128	37	3	2	1	1	0.1	1	1	0.9	unphased	0.267857142857143	0.267857142857143	1
11	30974033	30974034	17	5	2	1	1	0.1	1	1	0.9	unphased	0.811688311688312	0.811688311688312	1
11	40136707	40136708	65	17	2	1	1	0.1	1	1	0.9	unphased	0.740418118466899	0.740418118466899	1
11	55110796	55110797	67	15	2	1	1	0.1	1	1	0.9	unphased	0.653310104529617	0.725900116144019	0.9
11	55761299	55761300	54	22	2	1	1	0.1	1	1	0.9	unphased	1.03383458646617	1.03383458646617	1
11	62437221	62437222	76	4	2	1	1	0.1	1	1	0.9	unphased	0.178571428571429	0.178571428571429	1
11	64136102	64136103	12	3	2	1	1	0.1	1	1	0.9	unphased	0.714285714285714	0.714285714285714	1
11	64850854	64850855	50	4	2	1	1	0.1	1	1	0.9	unphased	0.264550264550265	0.264550264550265	1
11	65055232	65055233	56	7	2	1	1	0.1	1	1	0.9	unphased	0.396825396825397	0.396825396825397	1
11	77705650	77705651	100	13	2	1	1	0.16	1	1	0.84	unphased	0.410872313527181	0.410872313527181	1
11	89088168	89088169	12	5	2	1	1	0.16	1	1	0.84	unphased	1.05042016806723	1.05042016806723	1
11	89885503	89885504	41	7	2	1	1	0.16	1	1	0.84	unphased	0.520833333333333	0.620039682539683	0.84
11	100211913	100211914	70	23	2	1	1	0.16	1	1	0.84	unphased	0.883256528417819	0.883256528417819	1
11	100999576	100999577	21	8	2	1	1	0.16	1	1	0.84	unphased	0.985221674876847	0.985221674876847	1
11	113103042	113103043	62	13	2	1	1	0.16	1	1	0.84	unphased	0.619047619047619	0.736961451247165	0.84
11	116633453	116633454	76	10	2	1	1	0.16	1	1	0.84	unphased	0.415282392026578	0.415282392026578	1
11	123601408	123601409	39	7	2	1	1	0.16	1	1	0.84	unphased	0.543478260869565	0.646997929606625	0.84
11	123625180	123625181	82	14	2	1	1	0.16	1	1	0.84	unphased	0.520833333333333	0.620039682539683	0.84
12	2659745	2659746	17	7	1	1	0	0.03	0	1	0.97	unphased	0.75	0.75	1
12	7249396	7249397	32	4	1	1	0	0.03	0	1	0.97	unphased	0.285714285714286	0.285714285714286	1
12	9074262	9074263	46	4	1	1	0	0.03	0	1	0.97	unphased	0.205714285714286	0.205714285714286	1
12	10150952	10150953	71	38	1	1	0	0.03	0	1	0.97	unphased	0.896461336828309	0.896461336828309	1
12	15095500	15095501	101	13	1	1	0	0.03	0	1	0.97	unphased	0.293233082706767	0.293233082706767	1
12	21919148	21919149	9	7	1	1	0	0.03	0	1	0.97	unphased	1.125	1.125	1
12	49742928	49742929	83	33	1	1	0	0.03	0	1	0.97	unphased	0.731527093596059	0.731527093596059	1
12	55688658	55688659	19	11	1	1	0	0.03	0	1	0.97	unphased	0.942857142857143	0.942857142857143	1
12	57648585	57648586	34	6	1	1	0	0.03	0	1	0.97	unphased	0.385714285714286	0.385714285714286	1
12	69050961	69050962	43	23	1	1	0	0.03	0	1	0.97	unphased	0.896103896103896	0.896103896103896	1
12	69962836	69962837	28	10	1	1	0	0.03	0	1	0.97	unphased	0.676691729323308	0.676691729323308	1
12	78388618	78388619	30	15	1	1	0	0.03	0	1	0.97	unphased	0.857142857142857	0.857142857142857	1
12	100723038	100723039	29	20	1	1	0	0.03	0	1	0.97	unphased	1.04956268221574	1.04956268221574	1
12	109614006	109614007	160	84	1	1	0	0.03	0	1	0.97	unphased	0.885245901639344	0.885245901639344	1
12	122992964	122992965	12	3	1	1	0	0.03	0	1	0.97	unphased	0.514285714285714	0.514285714285714	1
13	33703374	33703375	37	28	1	1	0	0.02	0	1	0.98	unphased	1.10769230769231	1.10769230769231	1
13	35615153	35615154	48	26	1	1	0	0.02	0	1	0.98	unphased	0.903474903474903	0.903474903474903	1
13	58207157	58207158	11	8	2	1	1	1	NA	NA	NA	unphased	1.50375939849624	1.50375939849624	1
13	101717762	101717763	73	31	2	1	1	1	NA	NA	NA	unphased	1.06456043956044	1.06456043956044	1
13	113907458	113907459	49	16	2	1	1	1	NA	NA	NA	unphased	0.879120879120879	0.879120879120879	1
14	21359989	21359990	103	5	2	1	1	1	NA	NA	NA	unphased	0.165343915343915	0.165343915343915	1
14	23344586	23344587	87	16	2	1	1	1	NA	NA	NA	unphased	0.554785020804438	0.554785020804438	1
14	24785491	24785492	15	4	2	1	1	1	NA	NA	NA	unphased	0.75187969924812	0.75187969924812	1
14	30194844	30194845	83	17	3.16	3	1	0.72	1	0	0.28	unphased	0.804342857142857	0.804342857142857	1
14	31771572	31771573	16	5	3	3	1	0.5	1	1	0.5	unphased	1.08843537414966	1.08843537414966	1
14	51101896	51101897	24	6	1	1	0	0	0	1	1	unphased	0.514285714285714	0.514285714285714	1
14	70991354	70991355	24	5	1	1	0	0	0	1	1	unphased	0.443349753694581	0.443349753694581	1
14	76452126	76452127	39	6	1	1	0	0	0	1	1	unphased	0.342857142857143	0.342857142857143	1
14	77844487	77844488	24	7	1	1	0	0	0	1	1	unphased	0.580645161290323	0.580645161290323	1
15	27777757	27777758	20	7	1	1	0	0.01	0	1	0.99	unphased	0.666666666666667	0.666666666666667	1
15	40855214	40855215	60	28	1	1	0	0.01	0	1	0.99	unphased	0.818181818181818	0.818181818181818	1
15	41870190	41870191	29	6	1	1	0	0.01	0	1	0.99	unphased	0.440816326530612	0.440816326530612	1
15	45803357	45803358	182	10	1	1	0	0.01	0	1	0.99	unphased	0.133928571428571	0.133928571428571	1
15	70976695	70976696	76	32	1	1	0	0	0	1	1	unphased	0.761904761904762	0.761904761904762	1
16	633138	633139	90	11	NA	NA	NA	NA	NA	NA	NA	unphased	NA	NA	1
16	1261983	1261984	279	15	1	1	0	0.02	0	1	0.98	unphased	0.131195335276968	0.131195335276968	1
16	2282275	2282276	18	18	1	1	0	0.02	0	1	0.98	unphased	1.28571428571429	1.28571428571429	1
16	20492236	20492237	37	13	1	1	0	0.02	0	1	0.98	unphased	0.668571428571428	0.682215743440233	0.98
16	21213301	21213302	71	8	1	1	0	0.02	0	1	0.98	unphased	0.260397830018083	0.260397830018083	1
16	28128692	28128693	124	16	1	1	0	0.02	0	1	0.98	unphased	0.293877551020408	0.293877551020408	1
16	30723181	30723182	37	5	1	1	0	0.02	0	1	0.98	unphased	0.306122448979592	0.306122448979592	1
16	56226257	56226258	37	6	1	1	0	0.02	0	1	0.98	unphased	0.358803986710963	0.358803986710963	1
16	57073729	57073730	91	17	1	1	0	0.02	0	1	0.98	unphased	0.404761904761905	0.404761904761905	1
16	76482780	76482781	23	4	1	1	0	0.02	0	1	0.98	unphased	0.380952380952381	0.380952380952381	1
16	80577178	80577179	48	15	1	1	0	0.02	0	1	0.98	unphased	0.612244897959184	0.612244897959184	1
16	81183334	81183335	18	5	1	1	0	0.02	0	1	0.98	unphased	0.559006211180124	0.559006211180124	1
16	81214827	81214828	69	15	1	1	0	0.02	0	1	0.98	unphased	0.459183673469388	0.459183673469388	1
16	90130097	90130098	21	18	NA	NA	NA	NA	NA	NA	NA	unphased	NA	NA	1
17	1686380	1686381	25	13	1	1	0	1	NA	NA	NA	unphased	0.879699248120301	0.879699248120301	1
17	7579532	7579533	115	72	1	1	0	1	NA	NA	NA	unphased	0.990068754774637	0.990068754774637	1
17	21217497	21217498	449	72	2.53	2	1	0.53	1	1	0.47	unphased	0.566800109679188	1.06943416920602	0.53
17	21730905	21730906	44	19	2.53	2	1	0.53	1	1	0.47	unphased	1.2369387755102	1.2369387755102	1
17	40070110	40070111	138	16	2.53	2	1	0.53	1	1	0.47	unphased	0.426122448979592	0.804004620716211	0.53
17	42228408	42228409	22	7	2.53	2	1	0.53	1	1	0.47	unphased	0.99	0.99	1
17	42427842	42427843	222	24	2.53	2	1	0.53	1	1	0.47	unphased	0.4001393728223	0.75497994872132	0.53
17	51902312	51902313	31	22	2.53	2	1	0.53	1	1	0.47	unphased	1.70247978436658	1.11273188520691	1.53
17	56621497	56621498	104	14	2.53	2	1	0.53	1	1	0.47	unphased	0.486610169491525	0.918132395267029	0.53
17	59972720	59972721	9	2	2.53	2	1	0.53	1	1	0.47	unphased	0.745714285714286	0.745714285714286	1
17	79246347	79246348	94	15	2.53	2	1	0.53	1	1	0.47	unphased	0.564416775884666	1.06493731298994	0.53
17	80041264	80041265	25	12	2.53	2	1	0.53	1	1	0.47	unphased	1.33019305019305	1.33019305019305	1
18	14848861	14848862	6	4	2	1	1	1	NA	NA	NA	unphased	1.42857142857143	1.42857142857143	1
18	23772385	23772386	11	5	2	1	1	1	NA	NA	NA	unphased	1.11607142857143	1.11607142857143	1
18	30873178	30873179	23	8	2	1	1	1	NA	NA	NA	unphased	0.921658986175115	0.921658986175115	1
18	42530276	42530277	28	9	1.82	1	0	0.18	1	1	0.82	unphased	0.824942084942085	0.824942084942085	1
18	47809013	47809014	67	9	1.82	1	0	0.18	1	1	0.82	unphased	0.401616541353383	0.401616541353383	1
18	60985346	60985347	44	11	1.82	1	0	0.18	1	1	0.82	unphased	0.678285714285714	0.678285714285714	1
18	61463529	61463530	11	4	1.82	1	0	0.18	1	1	0.82	unphased	0.904380952380952	0.904380952380952	1
18	76755178	76755179	28	11	1.82	1	0	0.18	1	1	0.82	unphased	0.956556776556777	0.956556776556777	1
19	1612269	1612270	51	15	1.66	1	0	0.34	1	1	0.66	unphased	0.734415584415584	0.734415584415584	1
19	2191015	2191016	9	3	1.66	1	0	0.34	1	1	0.66	unphased	0.807857142857143	0.807857142857143	1
19	9061941	9061942	138	28	1.66	1	0	0.34	1	1	0.66	unphased	0.545060240963855	0.825848849945236	0.66
19	9069682	9069683	27	12	1.66	1	0	0.34	1	1	0.66	unphased	0.994285714285714	0.994285714285714	1
19	11665066	11665067	81	23	1.66	1	0	0.34	1	1	0.66	unphased	0.714642857142857	1.08279220779221	0.66
19	13930172	13930173	15	3	1.66	1	0	0.34	1	1	0.66	unphased	0.538571428571428	0.538571428571428	1
19	15483983	15483984	28	3	1.66	1	0	0.34	1	1	0.66	unphased	0.312718894009217	0.473816506074571	0.66
19	17644448	17644449	39	15	1.66	1	0	0.34	1	1	0.66	unphased	0.897619047619048	0.897619047619048	1
19	17650002	17650003	6	5	1.66	1	0	0.34	1	1	0.66	unphased	1.46883116883117	1.46883116883117	1
19	19349096	19349097	52	31	1.66	1	0	0.34	1	1	0.66	unphased	1.20691910499139	1.20691910499139	1
19	36398369	36398370	113	27	1.66	1	0	0.34	1	1	0.66	unphased	0.623204081632653	0.944248608534323	0.66
19	42224082	42224083	158	13	1.66	1	0	0.34	1	1	0.66	unphased	0.245664160401003	0.245664160401003	1
19	43262415	43262416	82	55	1.66	1	0	0.34	1	1	0.66	unphased	1.29728884254432	1.29728884254432	1
19	43262416	43262417	81	55	1.66	1	0	0.34	1	1	0.66	unphased	1.30682773109244	1.30682773109244	1
19	44934283	44934284	26	40	1.66	1	0	0.34	1	1	0.66	unphased	1.95844155844156	1.95844155844156	1
19	49253876	49253877	46	30	1.66	1	0	0.34	1	1	0.66	unphased	1.27556390977444	1.27556390977444	1
19	50463828	50463829	41	8	1.66	1	0	0.34	1	1	0.66	unphased	0.527580174927114	0.799363901404718	0.66
2	17962334	17962335	30	10	2	1	1	0.35	1	1	0.65	unphased	0.892857142857143	0.892857142857143	1
2	24929669	24929670	118	14	2	1	1	0.35	1	1	0.65	unphased	0.378787878787879	0.378787878787879	1
2	54081890	54081891	127	20	2	1	1	0.35	1	1	0.65	unphased	0.485908649173955	0.747551767959931	0.65
2	74489279	74489280	44	15	2	1	1	0.36	1	1	0.64	unphased	0.907990314769976	0.907990314769976	1
2	96934239	96934240	107	6	1.46	1	1	0.46	1	0	0.54	unphased	0.160960809102402	0.160960809102402	1
2	113788651	113788652	46	17	2	1	1	1	NA	NA	NA	unphased	0.963718820861678	0.963718820861678	1
2	128479466	128479467	44	23	2	1	1	1	NA	NA	NA	unphased	1.22601279317697	1.22601279317697	1
2	179422609	179422610	127	12	2	1	1	1	NA	NA	NA	unphased	0.308324768756423	0.308324768756423	1
2	179736232	179736233	85	6	2	1	1	1	NA	NA	NA	unphased	0.235478806907378	0.235478806907378	1
2	185803548	185803549	50	22	2	1	1	1	NA	NA	NA	unphased	1.09126984126984	1.09126984126984	1
2	190445209	190445210	46	4	2	1	1	1	NA	NA	NA	unphased	0.285714285714286	0.285714285714286	1
2	198570891	198570892	58	35	2	1	1	1	NA	NA	NA	unphased	1.34408602150538	1.34408602150538	1
2	202900671	202900672	43	4	2	1	1	1	NA	NA	NA	unphased	0.303951367781155	0.303951367781155	1
2	216965203	216965204	36	13	2	1	1	1	NA	NA	NA	unphased	0.947521865889213	0.947521865889213	1
2	242690755	242690756	35	4	NA	NA	NA	NA	NA	NA	NA	unphased	NA	NA	1
20	3127631	3127632	84	7	2	1	1	0.12	1	1	0.88	unphased	0.274725274725275	0.274725274725275	1
20	3571953	3571954	101	17	2	1	1	0.12	1	1	0.88	unphased	0.51452784503632	0.51452784503632	1
20	3730745	3730746	15	4	2	1	1	0.12	1	1	0.88	unphased	0.75187969924812	0.75187969924812	1
20	9496745	9496746	21	8	2	1	1	0.12	1	1	0.88	unphased	0.985221674876847	0.985221674876847	1
20	9546590	9546591	123	12	2	1	1	0.12	1	1	0.88	unphased	0.317460317460317	0.317460317460317	1
20	21327174	21327175	69	18	2	1	1	0.12	1	1	0.88	unphased	0.738916256157635	0.738916256157635	1
20	43959122	43959123	25	13	2	1	1	0.36	1	1	0.64	unphased	1.2218045112782	1.2218045112782	1
20	44671915	44671916	255	127	2	1	1	0.36	1	1	0.64	unphased	1.18735976065819	1.18735976065819	1
20	62737561	62737562	14	5	NA	NA	NA	NA	NA	NA	NA	unphased	NA	NA	1
21	10862881	10862882	139	27	NA	NA	NA	NA	NA	NA	NA	unphased	NA	NA	1
21	11039083	11039084	189	18	NA	NA	NA	NA	NA	NA	NA	unphased	NA	NA	1
21	18919366	18919367	82	6	2.73	2	1	0.73	1	1	0.27	unphased	0.293279220779221	0.293279220779221	1
21	38380470	38380471	46	5	2.73	2	1	0.73	1	1	0.27	unphased	0.421708683473389	0.577683128045739	0.73
21	43529806	43529807	28	17	2.73	2	1	0.73	1	1	0.27	unphased	1.62498412698413	0.939297183227819	1.73
21	44524455	44524456	36	7	2.73	2	1	0.73	1	1	0.27	unphased	0.700232558139535	0.700232558139535	1
21	44589360	44589361	215	11	2.73	2	1	0.73	1	1	0.27	unphased	0.209361567635904	0.209361567635904	1
22	16266927	16266928	39	7	NA	NA	NA	NA	NA	NA	NA	unphased	NA	NA	1
22	21336851	21336852	20	3	2	1	1	0.29	1	1	0.71	unphased	0.46583850931677	0.46583850931677	1
22	22712541	22712542	111	72	2	1	1	0.29	1	1	0.71	unphased	1.40515222482436	1.40515222482436	1
22	23438056	23438057	140	16	2	1	1	0.29	1	1	0.71	unphased	0.366300366300366	0.366300366300366	1
22	32647852	32647853	22	30	2.53	2	1	0.53	1	1	0.47	unphased	2.36620879120879	1.54654169360052	1.53
22	33960944	33960945	49	22	2.53	2	1	0.53	1	1	0.47	unphased	1.27086519114688	1.27086519114688	1
3	14768448	14768449	47	5	2	1	1	0.15	1	1	0.85	unphased	0.343406593406593	0.343406593406593	1
3	32932776	32932777	21	4	2	1	1	0.15	1	1	0.85	unphased	0.571428571428571	0.571428571428571	1
3	38595896	38595897	98	10	2	1	1	0.15	1	1	0.85	unphased	0.330687830687831	0.330687830687831	1
3	45868856	45868857	48	5	2	1	1	0.15	1	1	0.85	unphased	0.336927223719677	0.336927223719677	1
3	49395017	49395018	25	13	2	1	1	0.15	1	1	0.85	unphased	1.2218045112782	1.2218045112782	1
3	50232210	50232211	26	3	2	1	1	0.15	1	1	0.85	unphased	0.369458128078818	0.434656621269197	0.85
3	50385967	50385968	68	7	2	1	1	0.15	1	1	0.85	unphased	0.333333333333333	0.333333333333333	1
3	52726884	52726885	100	10	2	1	1	0.15	1	1	0.85	unphased	0.324675324675325	0.324675324675325	1
3	101311479	101311480	34	16	2	1	1	0.17	1	1	0.83	unphased	1.14285714285714	1.14285714285714	1
3	107096473	107096474	59	15	2	1	1	0.17	1	1	0.83	unphased	0.723938223938224	0.723938223938224	1
3	129291745	129291746	37	4	2	1	1	0.17	1	1	0.83	unphased	0.348432055749129	0.419797657529071	0.83
3	133467265	133467266	25	18	2	1	1	0.17	1	1	0.83	unphased	1.49501661129568	1.49501661129568	1
3	138023809	138023810	174	13	2	1	1	0.17	1	1	0.83	unphased	0.248281130634072	0.248281130634072	1
3	142083990	142083991	39	4	2	1	1	0.17	1	1	0.83	unphased	0.332225913621262	0.332225913621262	1
3	160804157	160804158	61	6	2	1	1	0.17	1	1	0.83	unphased	0.319829424307036	0.319829424307036	1
3	169501309	169501310	86	26	2	1	1	0.17	1	1	0.83	unphased	0.829081632653061	0.829081632653061	1
3	184024550	184024551	99	41	2	1	1	0.17	1	1	0.83	unphased	1.04591836734694	1.04591836734694	1
3	184100662	184100663	11	4	2	1	1	0.17	1	1	0.83	unphased	0.952380952380952	0.952380952380952	1
3	186793406	186793407	48	14	2	1	1	0.17	1	1	0.83	unphased	0.806451612903226	0.806451612903226	1
4	154779	154780	21	6	NA	NA	NA	NA	NA	NA	NA	unphased	NA	NA	1
4	25005380	25005381	256	29	3	2	1	1	NA	NA	NA	unphased	0.46516290726817	0.46516290726817	1
4	46067490	46067491	17	9	2	1	1	1	NA	NA	NA	unphased	1.23626373626374	1.23626373626374	1
4	47765547	47765548	112	22	2	1	1	1	NA	NA	NA	unphased	0.5863539445629	0.5863539445629	1
4	55161413	55161414	108	13	2	1	1	1	NA	NA	NA	unphased	0.38370720188902	0.38370720188902	1
4	66509082	66509083	26	8	2	1	1	1	NA	NA	NA	unphased	0.840336134453781	0.840336134453781	1
4	69362522	69362523	104	20	2	1	1	1	NA	NA	NA	unphased	0.576036866359447	0.576036866359447	1
4	96761280	96761281	9	4	2	1	1	1	NA	NA	NA	unphased	1.0989010989011	1.0989010989011	1
4	170477146	170477147	14	3	2	1	1	1	NA	NA	NA	unphased	0.630252100840336	0.630252100840336	1
5	5239859	5239860	113	7	1.81	3	1	0.27	1	0	0.73	unphased	0.19725	0.730555555555555	0.27
5	7863071	7863072	227	14	1.81	3	1	0.27	1	0	0.73	unphased	0.19643153526971	0.727524204702628	0.27
5	13809156	13809157	92	11	1.81	3	1	0.27	1	0	0.73	unphased	0.361123439667129	1.33749422098937	0.27
5	24487755	24487756	114	83	2.08	3	1	0.36	1	0	0.64	unphased	1.53841914430747	0.894429735062482	1.72
5	26906067	26906068	167	52	2.08	3	1	0.36	1	0	0.64	unphased	0.867005870841487	0.867005870841487	1
5	41004594	41004595	13	21	2.05	3	1	0.35	1	0	0.65	unphased	2.23676470588235	0.951814768460576	2.35
5	41176733	41176734	71	6	2.05	3	1	0.35	1	0	0.65	unphased	0.282189239332096	0.806254969520275	0.35
5	88018597	88018598	46	15	1.01	1	1	0.01	0	1	0.99	unphased	0.634777517564403	0.634777517564403	1
5	140216126	140216127	49	30	1.03	1	1	0.03	0	1	0.97	unphased	0.987884267631103	0.987884267631103	1
5	140531623	140531624	63	10	1.03	1	1	0.03	0	1	0.97	unphased	0.356360078277886	0.356360078277886	1
5	140754647	140754648	124	56	1.03	1	1	0.03	0	1	0.97	unphased	0.809333333333333	0.809333333333333	1
5	140812656	140812657	136	11	1.03	1	1	0.03	0	1	0.97	unphased	0.19466472303207	0.19466472303207	1
5	149513571	149513572	87	14	1.02	1	1	0.02	0	1	0.98	unphased	0.359207920792079	0.359207920792079	1
5	156589684	156589685	21	3	1.02	1	1	0.02	0	1	0.98	unphased	0.323928571428571	0.323928571428571	1
5	156670709	156670710	80	21	1.02	1	1	0.02	0	1	0.98	unphased	0.538811881188119	0.538811881188119	1
5	156712414	156712415	11	5	1.02	1	1	0.02	0	1	0.98	unphased	0.809821428571428	0.809821428571428	1
5	176300974	176300975	53	10	2.96	2	1	0.98	0	1	0.02	unphased	0.719274376417233	0.719274376417233	1
5	178140562	178140563	41	7	2.96	2	1	0.98	0	1	0.02	unphased	0.660833333333333	0.660833333333333	1
6	7568678	7568679	52	3	2	1	1	1	NA	NA	NA	unphased	0.194805194805195	0.194805194805195	1
6	10902948	10902949	26	12	2	1	1	1	NA	NA	NA	unphased	1.12781954887218	1.12781954887218	1
6	15511563	15511564	115	15	2	1	1	1	NA	NA	NA	unphased	0.412087912087912	0.412087912087912	1
6	30078326	30078327	121	11	2	1	1	1	NA	NA	NA	unphased	0.297619047619048	0.297619047619048	1
6	31855432	31855433	91	5	2	1	1	1	NA	NA	NA	unphased	0.186011904761905	0.186011904761905	1
6	46659780	46659781	11	8	2	1	1	1	NA	NA	NA	unphased	1.50375939849624	1.50375939849624	1
6	47675034	47675035	57	18	2	1	1	1	NA	NA	NA	unphased	0.857142857142857	0.857142857142857	1
6	70993462	70993463	16	6	1	1	0	0.01	0	1	0.99	unphased	0.701298701298701	0.701298701298701	1
6	80383465	80383466	73	7	1	1	0	0.01	0	1	0.99	unphased	0.225	0.225	1
6	117113820	117113821	26	11	2	2	0	0.73	1	1	0.27	unphased	1.06177606177606	1.06177606177606	1
6	151130290	151130291	60	9	2	2	0	0.73	1	1	0.27	unphased	0.46583850931677	0.46583850931677	1
6	158358491	158358492	108	10	2	2	0	0.73	1	1	0.27	unphased	0.302663438256659	1.12097569724688	0.27
6	167549754	167549755	59	43	2	2	0	0.73	1	1	0.27	unphased	1.50560224089636	0.870290312656855	1.73
6	169620302	169620303	70	70	2	2	0	0.73	1	1	0.27	unphased	1.78571428571429	1.03220478943022	1.73
7	16900124	16900125	61	20	2	1	1	0.17	1	1	0.83	unphased	0.881834215167548	0.881834215167548	1
7	17369592	17369593	13	4	2	1	1	0.17	1	1	0.83	unphased	0.840336134453781	0.840336134453781	1
7	35289600	35289601	74	19	2	1	1	0.17	1	1	0.83	unphased	0.729646697388633	0.729646697388633	1
7	36396956	36396957	15	14	2	1	1	0.17	1	1	0.83	unphased	1.72413793103448	1.72413793103448	1
7	49815690	49815691	10	3	2	1	1	0.17	1	1	0.83	unphased	0.824175824175824	0.824175824175824	1
7	49815691	49815692	10	3	2	1	1	0.17	1	1	0.83	unphased	0.824175824175824	0.824175824175824	1
7	100682584	100682585	214	26	1.05	1	1	0.05	0	1	0.95	unphased	0.283988095238095	0.283988095238095	1
7	100684762	100684763	360	14	1.05	1	1	0.05	0	1	0.95	unphased	0.0981283422459893	0.0981283422459893	1
7	101926395	101926396	37	6	1.05	1	1	0.05	0	1	0.95	unphased	0.36578073089701	0.36578073089701	1
7	126410031	126410032	42	6	1.05	1	1	0.05	0	1	0.95	unphased	0.327678571428571	0.327678571428571	1
7	134216763	134216764	98	5	1.05	1	1	0.05	0	1	0.95	unphased	0.127253814147018	0.127253814147018	1
7	137172407	137172408	131	49	2	1	1	1	NA	NA	NA	unphased	0.972222222222222	0.972222222222222	1
7	142232033	142232034	38	4	2	1	1	1	NA	NA	NA	unphased	0.340136054421769	0.340136054421769	1
7	143096796	143096797	59	17	2	1	1	1	NA	NA	NA	unphased	0.798872180451128	0.798872180451128	1
7	143175697	143175698	65	7	2	1	1	1	NA	NA	NA	unphased	0.347222222222222	0.347222222222222	1
7	149482753	149482754	8	3	2	1	1	1	NA	NA	NA	unphased	0.974025974025974	0.974025974025974	1
7	149557594	149557595	66	28	2	1	1	1	NA	NA	NA	unphased	1.06382978723404	1.06382978723404	1
7	150643966	150643967	69	7	2	1	1	1	NA	NA	NA	unphased	0.328947368421053	0.328947368421053	1
8	10470720	10470721	52	14	1	1	0	1	NA	NA	NA	unphased	0.545454545454545	0.545454545454545	1
8	39695721	39695722	23	12	2	1	1	0.09	1	1	0.91	unphased	1.22448979591837	1.22448979591837	1
8	41584848	41584849	17	5	2	1	1	0.09	1	1	0.91	unphased	0.811688311688312	0.811688311688312	1
8	42841830	42841831	36	4	2	1	1	0.09	1	1	0.91	unphased	0.357142857142857	0.357142857142857	1
8	49832848	49832849	67	6	2	1	1	0.09	1	1	0.91	unphased	0.293542074363992	0.293542074363992	1
8	52320896	52320897	36	12	2	1	1	0.09	1	1	0.91	unphased	0.892857142857143	0.892857142857143	1
8	62371092	62371093	8	7	2	1	1	0.09	1	1	0.91	unphased	1.66666666666667	1.66666666666667	1
8	94746551	94746552	166	53	2	1	1	0.09	1	1	0.91	unphased	0.864318330071755	0.864318330071755	1
8	94807656	94807657	82	33	2	1	1	0.09	1	1	0.91	unphased	1.02484472049689	1.02484472049689	1
8	97270788	97270789	101	8	2	1	1	0.09	1	1	0.91	unphased	0.262123197903014	0.262123197903014	1
8	124663830	124663831	68	42	2	1	1	0.09	1	1	0.91	unphased	1.36363636363636	1.36363636363636	1
8	125520866	125520867	16	4	2	1	1	0.09	1	1	0.91	unphased	0.714285714285714	0.714285714285714	1
8	125562070	125562071	48	8	2	1	1	0.09	1	1	0.91	unphased	0.510204081632653	0.560663825969948	0.91
8	125565304	125565305	166	12	2	1	1	0.09	1	1	0.91	unphased	0.240770465489567	0.240770465489567	1
8	125565317	125565318	189	12	2	1	1	0.09	1	1	0.91	unphased	0.213219616204691	0.213219616204691	1
8	131072882	131072883	76	44	2	1	1	0.09	1	1	0.91	unphased	1.30952380952381	1.30952380952381	1
8	131130782	131130783	44	41	2	1	1	0.09	1	1	0.91	unphased	1.72268907563025	1.72268907563025	1
9	5044416	5044417	49	15	2	1	1	1	NA	NA	NA	unphased	0.837053571428571	0.837053571428571	1
9	8341726	8341727	106	37	2	1	1	1	NA	NA	NA	unphased	0.924075924075924	0.924075924075924	1
9	13109985	13109986	15	5	2	1	1	1	NA	NA	NA	unphased	0.892857142857143	0.892857142857143	1
9	18777149	18777150	48	4	2	1	1	1	NA	NA	NA	unphased	0.274725274725275	0.274725274725275	1
9	18929018	18929019	49	8	2	1	1	1	NA	NA	NA	unphased	0.50125313283208	0.50125313283208	1
9	19050307	19050308	86	10	2	1	1	1	NA	NA	NA	unphased	0.372023809523809	0.372023809523809	1
9	33385096	33385097	278	19	3	2	1	1	NA	NA	NA	unphased	0.292448292448292	0.292448292448292	1
9	35799659	35799660	73	15	2	1	1	1	NA	NA	NA	unphased	0.608766233766234	0.608766233766234	1
9	84608346	84608347	119	35	2	1	1	1	NA	NA	NA	unphased	0.811688311688312	0.811688311688312	1
9	98685568	98685569	66	5	2	1	1	1	NA	NA	NA	unphased	0.251509054325956	0.251509054325956	1
9	119738457	119738458	21	3	2	1	1	1	NA	NA	NA	unphased	0.446428571428571	0.446428571428571	1
9	119770394	119770395	66	5	2	1	1	1	NA	NA	NA	unphased	0.251509054325956	0.251509054325956	1
9	125377475	125377476	75	26	2	1	1	1	NA	NA	NA	unphased	0.919377652050919	0.919377652050919	1
9	135211745	135211746	29	12	2	1	1	1	NA	NA	NA	unphased	1.04529616724739	1.04529616724739	1
9	139107067	139107068	30	4	2	1	1	1	NA	NA	NA	unphased	0.420168067226891	0.420168067226891	1
9	140811714	140811715	38	8	2	1	1	1	NA	NA	NA	unphased	0.62111801242236	0.62111801242236	1
X	1584265	1584266	5	5	NA	NA	NA	NA	NA	NA	NA	unphased	NA	NA	1
X	16717202	16717203	17	23	NA	NA	NA	NA	NA	NA	NA	unphased	NA	NA	1
X	47039903	47039904	9	5	NA	NA	NA	NA	NA	NA	NA	unphased	NA	NA	1
X	47426120	47426121	4	6	NA	NA	NA	NA	NA	NA	NA	unphased	NA	NA	1
X	47426121	47426122	4	6	NA	NA	NA	NA	NA	NA	NA	unphased	NA	NA	1
X	55513510	55513511	8	9	NA	NA	NA	NA	NA	NA	NA	unphased	NA	NA	1
X	86888883	86888884	19	9	NA	NA	NA	NA	NA	NA	NA	unphased	NA	NA	1
X	88008984	88008985	4	14	NA	NA	NA	NA	NA	NA	NA	unphased	NA	NA	1
X	99662621	99662622	35	3	NA	NA	NA	NA	NA	NA	NA	unphased	NA	NA	1
X	101818922	101818923	11	4	NA	NA	NA	NA	NA	NA	NA	unphased	NA	NA	1
X	120182248	120182249	28	32	NA	NA	NA	NA	NA	NA	NA	unphased	NA	NA	1
X	140996369	140996370	56	4	NA	NA	NA	NA	NA	NA	NA	unphased	NA	NA	1
X	151821219	151821220	51	13	NA	NA	NA	NA	NA	NA	NA	unphased	NA	NA	1
