chr	start	end	WT.count	mut.count	subclonal.CN	nMaj1	nMin1	frac1	nMaj2	nMin2	frac2	phase	mutation.copy.number	subclonal.fraction	no.chrs.bearing.mut
1	7848194	7848195	112	48	2.57	2	1	0.57	1	1	0.43	unphased	1.93570588235294	1.23293368302735	1.57
1	11199667	11199668	190	19	2.57	2	1	0.57	1	1	0.43	unphased	0.586577540106952	1.02908340369641	0.57
1	17316432	17316433	11	5	2.64	2	1	0.64	1	1	0.36	unphased	2.03823529411765	2.03823529411765	1
1	19166914	19166915	74	5	2.64	2	1	0.64	1	1	0.36	unphased	0.412807148175726	0.645011169024572	0.64
1	19184091	19184092	33	18	2.64	2	1	0.64	1	1	0.36	unphased	2.30200692041522	1.40366275635075	1.64
1	24113773	24113774	66	12	2.64	2	1	0.64	1	1	0.36	unphased	1.00343891402715	1.00343891402715	1
1	38227597	38227598	126	52	2.71	2	1	0.71	1	1	0.29	unphased	1.92585591539987	1.12623152947361	1.71
1	38344084	38344085	20	3	2.71	2	1	0.71	1	1	0.29	unphased	0.859872122762148	0.859872122762148	1
1	40148234	40148235	68	9	2.71	2	1	0.71	1	1	0.29	unphased	0.770534759358289	0.770534759358289	1
1	53535773	53535774	48	19	2.71	2	1	0.71	1	1	0.29	unphased	1.86947322212467	1.09325919422495	1.71
1	57411515	57411516	79	6	2.71	2	1	0.71	1	1	0.29	unphased	0.465342560553633	0.655412057117793	0.71
1	64644309	64644310	36	10	2.71	2	1	0.71	1	1	0.29	unphased	1.43312020460358	1.43312020460358	1
1	67155936	67155937	150	39	2.71	2	1	0.71	1	1	0.29	unphased	1.36032679738562	0.795512747009135	1.71
1	68947888	68947889	148	62	2.71	2	1	0.71	1	1	0.29	unphased	1.9463137254902	1.13819516110538	1.71
1	75055639	75055640	87	11	2.6	2	1	0.6	1	1	0.4	unphased	0.727611044417767	0.727611044417767	1
1	89237232	89237233	38	4	2	1	1	0.34	1	1	0.66	unphased	0.560224089635854	0.560224089635854	1
1	102290642	102290643	51	8	2	1	1	1	NA	NA	NA	unphased	0.797607178464606	0.797607178464606	1
1	103400021	103400022	54	6	2	1	1	1	NA	NA	NA	unphased	0.588235294117647	0.588235294117647	1
1	107979308	107979309	23	3	2	1	1	0.15	1	1	0.85	unphased	0.678733031674208	0.678733031674208	1
1	115576768	115576769	146	24	2	1	1	1	NA	NA	NA	unphased	0.830449826989619	0.830449826989619	1
1	118439529	118439530	103	13	2	1	1	1	NA	NA	NA	unphased	0.659229208924949	0.659229208924949	1
1	118479396	118479397	42	6	2	1	1	1	NA	NA	NA	unphased	0.735294117647059	0.735294117647059	1
1	147381022	147381023	25	10	3.68	3	2	0.56	1	1	0.44	unphased	2.16067226890756	1.01918503250357	2.12
1	152957925	152957926	127	19	2.52	2	1	0.76	1	0	0.24	unphased	0.833182917002417	0.833182917002417	1
1	156012594	156012595	56	7	2.52	2	1	0.76	1	0	0.24	unphased	0.711372549019608	0.711372549019608	1
1	156220780	156220781	92	8	2.52	2	1	0.76	1	0	0.24	unphased	0.512188235294118	0.673931888544892	0.76
1	156821691	156821692	19	11	2.52	2	1	0.76	1	0	0.24	unphased	2.34752941176471	1.33382352941176	1.76
1	160385650	160385651	25	3	2.52	2	1	0.76	1	0	0.24	unphased	0.685966386554622	0.685966386554622	1
1	160915033	160915034	39	10	2.52	2	1	0.76	1	0	0.24	unphased	1.30660264105642	1.30660264105642	1
1	170940946	170940947	280	41	2.48	2	1	0.74	1	0	0.26	unphased	0.812636980025655	0.812636980025655	1
1	170967427	170967428	135	7	2.48	2	1	0.74	1	0	0.26	unphased	0.313637116818558	0.313637116818558	1
1	170967592	170967593	33	7	2.48	2	1	0.74	1	0	0.26	unphased	1.11341176470588	1.11341176470588	1
1	170967595	170967596	33	7	2.48	2	1	0.74	1	0	0.26	unphased	1.11341176470588	1.11341176470588	1
1	171605352	171605353	134	33	2.48	2	1	0.74	1	0	0.26	unphased	1.25723141951391	1.25723141951391	1
1	175048773	175048774	15	5	2.5	2	1	0.75	1	0	0.25	unphased	1.59558823529412	1.59558823529412	1
1	176563659	176563660	31	3	2.5	2	1	0.75	1	0	0.25	unphased	0.563148788927336	0.563148788927336	1
1	179520368	179520369	95	8	2.5	2	1	0.75	1	0	0.25	unphased	0.49571673329526	0.66095564439368	0.75
1	181453015	181453016	123	26	2.5	2	1	0.75	1	0	0.25	unphased	1.11369917094355	1.11369917094355	1
1	197890470	197890471	52	11	2.42	2	1	0.71	1	0	0.29	unphased	1.10041083099907	1.10041083099907	1
1	198721721	198721722	37	4	2.42	2	1	0.71	1	0	0.29	unphased	0.614863701578192	0.614863701578192	1
1	201027589	201027590	51	10	2.42	2	1	0.71	1	0	0.29	unphased	1.03317261330762	1.03317261330762	1
1	203276425	203276426	81	6	2.42	2	1	0.71	1	0	0.29	unphased	0.434645030425963	0.612176099191498	0.71
1	203465315	203465316	69	7	2.42	2	1	0.71	1	0	0.29	unphased	0.580479876160991	0.580479876160991	1
1	215987157	215987158	80	10	2.5	2	1	0.75	1	0	0.25	unphased	0.709150326797385	0.709150326797385	1
1	216062137	216062138	80	8	2.5	2	1	0.75	1	0	0.25	unphased	0.580213903743315	0.580213903743315	1
1	216062138	216062139	81	8	2.5	2	1	0.75	1	0	0.25	unphased	0.573694646397885	0.573694646397885	1
1	216462735	216462736	69	17	2.5	2	1	0.75	1	0	0.25	unphased	1.26162790697674	1.26162790697674	1
1	223164060	223164061	122	26	2.5	2	1	0.75	1	0	0.25	unphased	1.12122416534181	1.12122416534181	1
1	228248099	228248100	32	4	2.5	2	1	0.75	1	0	0.25	unphased	0.709150326797385	0.709150326797385	1
1	235577897	235577898	68	12	2.5	2	1	0.75	1	0	0.25	unphased	0.95735294117647	0.95735294117647	1
1	236759144	236759145	71	11	2.5	2	1	0.75	1	0	0.25	unphased	0.856169296987087	0.856169296987087	1
1	236759171	236759172	78	12	2.5	2	1	0.75	1	0	0.25	unphased	0.850980392156863	0.850980392156863	1
1	240071140	240071141	55	8	2.5	2	1	0.75	1	0	0.25	unphased	0.810457516339869	0.810457516339869	1
1	247875338	247875339	102	34	2.44	2	1	0.72	1	0	0.28	unphased	1.58058823529412	0.918946648426813	1.72
1	248059388	248059389	66	14	2.44	2	1	0.72	1	0	0.28	unphased	1.10641176470588	1.10641176470588	1
1	249142775	249142776	8	3	2.44	2	1	0.72	1	0	0.28	unphased	1.72427807486631	1.72427807486631	1
10	25888008	25888009	48	10	2	2	0	1	NA	NA	NA	unphased	1.01419878296146	1.01419878296146	1
10	48371218	48371219	68	13	1	2	0	0	0	1	1	unphased	0.783587509077705	0.783587509077705	1
10	64960396	64960397	48	6	2	2	0	1	NA	NA	NA	unphased	0.65359477124183	0.65359477124183	1
10	65225294	65225295	8	9	2	2	0	1	NA	NA	NA	unphased	3.11418685121107	1.55709342560554	2
10	68280386	68280387	69	10	2	2	0	1	NA	NA	NA	unphased	0.744601638123604	0.744601638123604	1
10	68280387	68280388	70	10	2	2	0	1	NA	NA	NA	unphased	0.735294117647059	0.735294117647059	1
10	73828003	73828004	19	8	2	2	0	1	NA	NA	NA	unphased	1.74291938997821	1.74291938997821	1
10	90707081	90707082	125	22	2	2	0	1	NA	NA	NA	unphased	0.880352140856343	0.880352140856343	1
10	101590191	101590192	87	17	2	2	0	1	NA	NA	NA	unphased	0.961538461538461	0.961538461538461	1
10	102746372	102746373	28	7	2	2	0	1	NA	NA	NA	unphased	1.17647058823529	1.17647058823529	1
10	104128005	104128006	97	16	2	2	0	1	NA	NA	NA	unphased	0.832899531494013	0.832899531494013	1
10	118969032	118969033	198	75	2	2	0	1	NA	NA	NA	unphased	1.61603102779573	0.808015513897867	2
11	4976805	4976806	63	9	NA	NA	NA	NA	NA	NA	NA	unphased	NA	NA	1
11	5862375	5862376	44	5	2	1	1	1	NA	NA	NA	unphased	0.600240096038415	0.600240096038415	1
11	5862663	5862664	167	29	2	1	1	1	NA	NA	NA	unphased	0.870348139255702	0.870348139255702	1
11	6649859	6649860	53	8	2	1	1	1	NA	NA	NA	unphased	0.77145612343298	0.77145612343298	1
11	6953461	6953462	60	6	2	1	1	1	NA	NA	NA	unphased	0.53475935828877	0.53475935828877	1
11	30928086	30928087	22	3	2.94	2	2	0.47	1	1	0.53	unphased	0.818682352941176	0.818682352941176	1
11	33880934	33880935	73	4	2.94	2	2	0.47	1	1	0.53	unphased	0.35440794499618	0.754059457438682	0.47
11	45246542	45246543	16	3	2.38	2	2	0.19	1	1	0.81	unphased	0.988792569659443	0.988792569659443	1
11	46785063	46785064	58	10	2.38	2	2	0.19	1	1	0.81	unphased	0.920934256055363	0.920934256055363	1
11	55595439	55595440	168	17	2.4	2	2	0.2	1	1	0.8	unphased	0.577297297297297	0.577297297297297	1
11	55798440	55798441	373	32	2.4	2	2	0.2	1	1	0.8	unphased	0.496383442265795	0.496383442265795	1
11	56143855	56143856	139	43	2.4	2	2	0.2	1	1	0.8	unphased	1.48429217840983	1.23691014867485	1.2
11	56185159	56185160	114	26	2.4	2	2	0.2	1	1	0.8	unphased	1.16672268907563	1.16672268907563	1
11	56258732	56258733	168	19	2.4	2	2	0.2	1	1	0.8	unphased	0.638313935199748	0.638313935199748	1
11	57996175	57996176	139	30	2.4	2	2	0.2	1	1	0.8	unphased	1.11521058127393	1.11521058127393	1
11	59271543	59271544	187	35	2.98	2	1	0.99	0	1	0.01	unphased	1.08190249072602	1.08190249072602	1
11	59860899	59860900	75	11	2.98	2	1	0.99	0	1	0.01	unphased	0.877742818057455	0.877742818057455	1
11	59939612	59939613	69	18	2.98	2	1	0.99	0	1	0.01	unphased	1.41979716024341	1.41979716024341	1
11	59943064	59943065	60	9	2.98	2	1	0.99	0	1	0.01	unphased	0.895089514066496	0.895089514066496	1
11	61015980	61015981	218	22	2.98	2	1	0.99	0	1	0.01	unphased	0.629049019607843	0.629049019607843	1
11	61300517	61300518	85	10	2.98	2	1	0.99	0	1	0.01	unphased	0.72235294117647	0.72235294117647	1
11	62415197	62415198	111	14	2.98	2	1	0.99	0	1	0.01	unphased	0.768583529411765	0.768583529411765	1
11	64359295	64359296	46	9	2.98	2	1	0.99	0	1	0.01	unphased	1.12293048128342	1.12293048128342	1
11	66325224	66325225	19	4	2.98	2	1	0.99	0	1	0.01	unphased	1.19345268542199	1.19345268542199	1
11	68777341	68777342	35	4	2.98	2	1	0.99	0	1	0.01	unphased	0.703831070889894	0.703831070889894	1
11	73849815	73849816	109	11	1.06	2	1	0.03	0	1	0.97	unphased	0.453049019607843	0.453049019607843	1
11	77991883	77991884	131	14	1.06	2	1	0.03	0	1	0.97	unphased	0.477192697768763	0.477192697768763	1
11	77991884	77991885	132	14	1.06	2	1	0.03	0	1	0.97	unphased	0.47392425463336	0.47392425463336	1
11	87013414	87013415	87	10	2	2	0	0.17	1	1	0.83	unphased	0.606428138265615	0.606428138265615	1
11	92523185	92523186	131	43	2	2	0	0.17	1	1	0.83	unphased	1.45368492224476	1.24246574550834	1.17
11	100922227	100922228	83	11	2	2	0	0.17	1	1	0.83	unphased	0.688360450563204	0.688360450563204	1
11	121461781	121461782	129	78	2	2	0	1	NA	NA	NA	unphased	2.21653878942882	1.10826939471441	2
12	5154533	5154534	34	8	2	2	0	1	NA	NA	NA	unphased	1.12044817927171	1.12044817927171	1
12	10218302	10218303	30	11	1.27	2	0	0.27	1	0	0.73	unphased	1.38233859397417	1.38233859397417	1
12	13717188	13717189	55	31	2	2	0	0.17	1	1	0.83	unphased	2.1203830369357	1.81229319396214	1.17
12	25398283	25398284	21	13	2.87	4	1	0.29	1	1	0.71	unphased	2.58178200692041	1.00069070035675	2.58
12	27152466	27152467	76	7	2.87	4	1	0.29	1	1	0.71	unphased	0.569475549255847	0.569475549255847	1
12	33003755	33003756	53	38	5	4	1	1	NA	NA	NA	unphased	3.70911441499677	0.927278603749192	4
12	41961623	41961624	43	13	2	1	1	1	NA	NA	NA	unphased	1.36554621848739	1.36554621848739	1
12	43822161	43822162	46	9	2	1	1	1	NA	NA	NA	unphased	0.962566844919786	0.962566844919786	1
12	43945010	43945011	53	10	2	1	1	1	NA	NA	NA	unphased	0.933706816059757	0.933706816059757	1
12	48272779	48272780	60	8	2	1	1	1	NA	NA	NA	unphased	0.692041522491349	0.692041522491349	1
12	48383569	48383570	115	11	2	1	1	1	NA	NA	NA	unphased	0.513538748832866	0.513538748832866	1
12	48386710	48386711	21	5	2	1	1	1	NA	NA	NA	unphased	1.13122171945701	1.13122171945701	1
12	49422658	49422659	132	25	2	1	1	1	NA	NA	NA	unphased	0.936680404645935	0.936680404645935	1
12	51733745	51733746	21	4	2	1	1	1	NA	NA	NA	unphased	0.941176470588235	0.941176470588235	1
12	52080979	52080980	47	11	2	1	1	1	NA	NA	NA	unphased	1.11561866125761	1.11561866125761	1
12	56536481	56536482	81	13	2	1	1	1	NA	NA	NA	unphased	0.81351689612015	0.81351689612015	1
12	57009106	57009107	71	13	2	1	1	1	NA	NA	NA	unphased	0.910364145658263	0.910364145658263	1
12	57971860	57971861	414	19	8	7	1	1	NA	NA	NA	unphased	0.521396549381877	0.521396549381877	1
12	57987806	57987807	128	7	8	7	1	1	NA	NA	NA	unphased	0.616122004357298	0.616122004357298	1
12	69965130	69965131	205	8	8	7	1	1	0	1	0	unphased	0.446285556476112	0.446285556476112	1
12	85285609	85285610	54	8	2	1	1	1	NA	NA	NA	unphased	0.759013282732448	0.759013282732448	1
12	101442177	101442178	42	6	2	1	1	1	NA	NA	NA	unphased	0.735294117647059	0.735294117647059	1
12	108105910	108105911	111	8	2	1	1	1	NA	NA	NA	unphased	0.395452298566485	0.395452298566485	1
12	108620909	108620910	50	8	2	1	1	1	NA	NA	NA	unphased	0.811359026369168	0.811359026369168	1
12	115120680	115120681	58	17	2	1	1	1	NA	NA	NA	unphased	1.33333333333333	1.33333333333333	1
12	124332537	124332538	115	23	2	1	1	1	NA	NA	NA	unphased	0.980392156862745	0.980392156862745	1
12	125834064	125834065	139	16	2	1	1	1	NA	NA	NA	unphased	0.607210626185958	0.607210626185958	1
12	133324507	133324508	74	12	2	1	1	1	NA	NA	NA	unphased	0.820793433652531	0.820793433652531	1
13	26621083	26621084	37	7	2	1	1	1	NA	NA	NA	unphased	0.935828877005348	0.935828877005348	1
13	27246095	27246096	45	9	2	1	1	1	NA	NA	NA	unphased	0.980392156862745	0.980392156862745	1
13	37014301	37014302	81	12	2	1	1	1	NA	NA	NA	unphased	0.759013282732448	0.759013282732448	1
13	41345276	41345277	53	11	2	1	1	1	NA	NA	NA	unphased	1.01102941176471	1.01102941176471	1
13	46946332	46946333	66	11	2	1	1	1	NA	NA	NA	unphased	0.840336134453781	0.840336134453781	1
13	46946508	46946509	29	4	2	1	1	1	NA	NA	NA	unphased	0.71301247771836	0.71301247771836	1
13	70456626	70456627	32	10	2	1	1	1	NA	NA	NA	unphased	1.40056022408964	1.40056022408964	1
13	70456627	70456628	34	10	2	1	1	1	NA	NA	NA	unphased	1.33689839572192	1.33689839572192	1
13	78143519	78143520	55	10	2	1	1	1	NA	NA	NA	unphased	0.904977375565611	0.904977375565611	1
13	88329491	88329492	127	28	2	1	1	1	NA	NA	NA	unphased	1.06261859582543	1.06261859582543	1
13	113563573	113563574	161	18	2	1	1	1	NA	NA	NA	unphased	0.591521524811042	0.591521524811042	1
14	20248863	20248864	507	72	6	4	2	1	NA	NA	NA	unphased	1.22889362999086	1.22889362999086	1
14	20585872	20585873	426	45	7	5	2	1	NA	NA	NA	unphased	1.03971524915699	1.03971524915699	1
14	20767577	20767578	94	13	3.6	3	1	0.8	1	1	0.2	unphased	0.909070918086861	0.909070918086861	1
14	23940126	23940127	89	23	2	1	1	0.37	1	1	0.63	unphased	1.20798319327731	1.20798319327731	1
14	39721950	39721951	79	11	3.65	4	2	0.53	1	0	0.47	unphased	0.92062091503268	0.92062091503268	1
14	45374604	45374605	124	16	2.86	2	1	0.93	0	1	0.07	unphased	0.770554621848739	0.770554621848739	1
14	47342681	47342682	119	16	2.86	2	1	0.93	0	1	0.07	unphased	0.799093681917211	0.799093681917211	1
14	51081229	51081230	41	4	1	1	0	0.04	0	1	0.96	unphased	0.433986928104575	0.452069716775599	0.96
14	55241778	55241779	92	12	3.68	3	1	0.84	1	1	0.16	unphased	0.872579185520362	0.872579185520362	1
14	59930847	59930848	39	7	3.68	3	1	0.84	1	1	0.16	unphased	1.15079283887468	1.15079283887468	1
14	61446173	61446174	188	22	4.44	3	2	0.86	0	1	0.14	unphased	0.871865546218487	0.871865546218487	1
14	70477594	70477595	56	6	1.03	1	1	0.03	0	1	0.97	unphased	0.4753889943074	0.4753889943074	1
14	73140962	73140963	12	3	1.03	1	1	0.03	0	1	0.97	unphased	0.982470588235294	0.982470588235294	1
14	74969970	74969971	45	5	1.33	1	1	0.33	1	0	0.67	unphased	0.521235294117647	0.521235294117647	1
14	81609460	81609461	75	13	1	1	0	0.04	0	1	0.96	unphased	0.721256684491979	0.721256684491979	1
14	100184455	100184456	49	6	1	1	0	1	NA	NA	NA	unphased	0.532620320855615	0.532620320855615	1
14	104643499	104643500	12	4	1	1	0	1	NA	NA	NA	unphased	1.22058823529412	1.22058823529412	1
14	105861128	105861129	16	5	1	1	0	1	NA	NA	NA	unphased	1.1624649859944	1.1624649859944	1
15	22382498	22382499	186	31	NA	NA	NA	NA	NA	NA	NA	unphased	NA	NA	1
15	25616589	25616590	152	20	2	2	0	1	NA	NA	NA	unphased	0.683994528043776	0.683994528043776	1
15	52879353	52879354	78	11	2	2	0	1	NA	NA	NA	unphased	0.727032385988103	0.727032385988103	1
15	83328231	83328232	17	11	2	2	0	1	NA	NA	NA	unphased	2.3109243697479	1.15546218487395	2
15	85164418	85164419	100	24	2	2	0	1	NA	NA	NA	unphased	1.13851992409867	1.13851992409867	1
15	101605870	101605871	40	19	2	2	0	1	NA	NA	NA	unphased	1.89431704885344	0.94715852442672	2
16	418327	418328	64	19	2	2	0	0.82	1	1	0.18	unphased	1.34656272147413	1.34656272147413	1
16	1891922	1891923	45	8	2	2	0	0.82	1	1	0.18	unphased	0.887902330743618	0.887902330743618	1
16	3119035	3119036	49	5	2	2	0	0.82	1	1	0.18	unphased	0.544662309368192	0.544662309368192	1
16	20432683	20432684	35	5	1.9	2	0	0.9	0	1	0.1	unphased	0.722794117647059	0.722794117647059	1
16	28840732	28840733	21	17	1.9	2	0	0.9	0	1	0.1	unphased	2.58684210526316	1.36149584487535	1.9
16	30364771	30364772	61	15	1.9	2	0	0.9	0	1	0.1	unphased	1.14125386996904	1.14125386996904	1
16	31503522	31503523	50	15	1.9	2	0	0.9	0	1	0.1	unphased	1.33438914027149	1.33438914027149	1
16	58438667	58438668	16	9	2.64	2	1	0.82	1	0	0.18	unphased	2.34804705882353	1.29013574660633	1.82
16	66430074	66430075	92	14	2.54	2	1	0.77	1	0	0.23	unphased	0.848235294117647	0.848235294117647	1
16	68156119	68156120	92	15	2.54	2	1	0.77	1	0	0.23	unphased	0.900329851566795	0.900329851566795	1
16	68598073	68598074	164	58	2.54	2	1	0.77	1	0	0.23	unphased	1.67791202967674	0.947972898122449	1.77
16	70292120	70292121	10	3	2.64	2	1	0.82	1	0	0.18	unphased	1.50515837104072	1.50515837104072	1
16	71007820	71007821	88	9	2.64	2	1	0.82	1	0	0.18	unphased	0.605166767738023	0.605166767738023	1
16	72137631	72137632	33	9	2.64	2	1	0.82	1	0	0.18	unphased	1.39764705882353	1.39764705882353	1
16	81385210	81385211	62	17	2.64	2	1	0.82	1	0	0.18	unphased	1.40354430379747	1.40354430379747	1
16	87678007	87678008	65	22	2.64	2	1	0.82	1	0	0.18	unphased	1.64933062880325	0.906225620221564	1.82
17	4688617	4688618	12	14	2	2	0	1	NA	NA	NA	unphased	3.16742081447964	1.58371040723982	2
17	7318355	7318356	35	20	2	2	0	1	NA	NA	NA	unphased	2.13903743315508	1.06951871657754	2
17	7577555	7577556	37	28	2	2	0	1	NA	NA	NA	unphased	2.53393665158371	1.26696832579186	2
17	7797465	7797466	91	12	2	2	0	1	NA	NA	NA	unphased	0.685322672758424	0.685322672758424	1
17	8784262	8784263	70	6	1	1	0	1	NA	NA	NA	unphased	0.385448916408669	0.385448916408669	1
17	10219062	10219063	38	8	2	2	0	1	NA	NA	NA	unphased	1.0230179028133	1.0230179028133	1
17	10358512	10358513	56	15	2	2	0	1	NA	NA	NA	unphased	1.24275062137531	1.24275062137531	1
17	11872847	11872848	18	3	2	2	0	1	NA	NA	NA	unphased	0.840336134453781	0.840336134453781	1
17	16005056	16005057	43	26	3	3	0	1	NA	NA	NA	unphased	2.59335038363171	0.864450127877238	3
17	19186415	19186416	22	21	1.66	3	0	0.33	1	0	0.67	unphased	2.70673050615595	1.16168691251328	2.33
17	25972375	25972376	241	48	2.14	2	1	0.57	1	0	0.43	unphased	1.00025239161409	1.00025239161409	1
17	26976079	26976080	104	21	2.14	2	1	0.57	1	0	0.43	unphased	1.01175529411765	1.01175529411765	1
17	27010350	27010351	71	7	2.14	2	1	0.57	1	0	0.43	unphased	0.540467571644042	0.94818872218253	0.57
17	30190433	30190434	210	15	2.14	2	1	0.57	1	0	0.43	unphased	0.401490196078431	0.70436876504988	0.57
17	33680457	33680458	97	22	2.14	2	1	0.57	1	0	0.43	unphased	1.11337617399901	1.11337617399901	1
17	34308429	34308430	24	4	2.14	2	1	0.57	1	0	0.43	unphased	0.860336134453781	0.860336134453781	1
17	37441766	37441767	51	8	2.14	2	1	0.57	1	0	0.43	unphased	0.816590229312064	0.816590229312064	1
17	38447374	38447375	127	15	2.14	2	1	0.57	1	0	0.43	unphased	0.636164043082021	1.11607726856495	0.57
17	38457221	38457222	129	26	2.14	2	1	0.57	1	0	0.43	unphased	1.01020113851992	1.01020113851992	1
17	39521051	39521052	129	22	2.14	2	1	0.57	1	0	0.43	unphased	0.877428905336969	0.877428905336969	1
17	41222995	41222996	117	17	2.14	2	1	0.57	1	0	0.43	unphased	0.764029850746269	0.764029850746269	1
17	44060901	44060902	31	8	2.14	2	1	0.57	1	0	0.43	unphased	1.2353544494721	1.2353544494721	1
17	46606854	46606855	20	4	2.32	2	1	0.66	1	0	0.34	unphased	1.03372549019608	1.03372549019608	1
17	48615484	48615485	43	6	2.32	2	1	0.66	1	0	0.34	unphased	0.759471788715486	0.759471788715486	1
17	62135178	62135179	26	4	2.32	2	1	0.66	1	0	0.34	unphased	0.826980392156863	0.826980392156863	1
17	64875123	64875124	96	17	2.32	2	1	0.66	1	0	0.34	unphased	0.933097345132743	0.933097345132743	1
17	66982402	66982403	81	24	2.32	2	1	0.66	1	0	0.34	unphased	1.41768067226891	0.854024501366812	1.66
17	73238913	73238914	146	15	2.32	2	1	0.66	1	0	0.34	unphased	0.577858969674826	0.875543893446707	0.66
17	74077468	74077469	202	17	2.32	2	1	0.66	1	0	0.34	unphased	0.481461187214612	0.729486647294866	0.66
17	76499138	76499139	17	3	2.32	2	1	0.66	1	0	0.34	unphased	0.93035294117647	0.93035294117647	1
17	77758758	77758759	51	7	2.32	2	1	0.66	1	0	0.34	unphased	0.748559837728195	0.748559837728195	1
18	214837	214838	72	41	3	3	0	1	NA	NA	NA	unphased	2.49713690786049	0.83237896928683	3
18	3187487	3187488	105	10	3	3	0	1	NA	NA	NA	unphased	0.59846547314578	0.59846547314578	1
18	10468555	10468556	123	12	3	3	0	1	NA	NA	NA	unphased	0.611764705882353	0.611764705882353	1
18	14478926	14478927	43	11	2	2	0	1	NA	NA	NA	unphased	1.19825708061002	1.19825708061002	1
18	34205488	34205489	45	13	2	2	0	1	NA	NA	NA	unphased	1.3184584178499	1.3184584178499	1
18	42533107	42533108	36	20	2	2	0	1	NA	NA	NA	unphased	2.10084033613445	1.05042016806723	2
18	43262415	43262416	105	52	2	2	0	1	NA	NA	NA	unphased	1.94829524166354	0.974147620831772	2
18	47405326	47405327	47	22	2	2	0	1	NA	NA	NA	unphased	1.87553282182438	0.937766410912191	2
18	67614117	67614118	58	10	2	2	0	1	NA	NA	NA	unphased	0.865051903114187	0.865051903114187	1
18	77891035	77891036	44	24	2	2	0	1	NA	NA	NA	unphased	2.07612456747405	1.03806228373702	2
19	2229802	2229803	104	19	2	2	0	1	NA	NA	NA	unphased	0.908656145384983	0.908656145384983	1
19	5746052	5746053	137	67	2	2	0	1	NA	NA	NA	unphased	1.93194925028835	0.965974625144175	2
19	6496095	6496096	59	29	2	2	0	1	NA	NA	NA	unphased	1.93850267379679	0.969251336898396	2
19	12060270	12060271	50	20	2	2	0	1	NA	NA	NA	unphased	1.68067226890756	0.840336134453781	2
19	39589282	39589283	24	8	2	2	0	1	NA	NA	NA	unphased	1.47058823529412	1.47058823529412	1
19	42583221	42583222	77	38	2	2	0	1	NA	NA	NA	unphased	1.94373401534527	0.971867007672634	2
19	48789059	48789060	109	25	2	2	0	1	NA	NA	NA	unphased	1.09745390693591	1.09745390693591	1
19	49674890	49674891	57	19	2	2	0	1	NA	NA	NA	unphased	1.47058823529412	0.735294117647059	2
19	52722944	52722945	34	19	2	2	0	1	NA	NA	NA	unphased	2.10876803551609	1.05438401775805	2
19	55815432	55815433	9	9	2	2	0	1	NA	NA	NA	unphased	2.94117647058824	1.47058823529412	2
19	56204342	56204343	72	29	2	2	0	1	NA	NA	NA	unphased	1.68899242865463	0.844496214327315	2
19	56953400	56953401	90	41	2	2	0	1	NA	NA	NA	unphased	1.84104176021554	0.920520880107768	2
19	57953308	57953309	181	7	2	2	0	1	NA	NA	NA	unphased	0.219023779724656	0.219023779724656	1
2	9568904	9568905	31	3	3	3	0	1	NA	NA	NA	unphased	0.607266435986159	0.607266435986159	1
2	26505905	26505906	91	11	3	3	0	1	NA	NA	NA	unphased	0.742214532871972	0.742214532871972	1
2	27715270	27715271	114	9	3	3	0	1	NA	NA	NA	unphased	0.503586800573888	0.503586800573888	1
2	46739286	46739287	125	32	2.59	4	0	0.53	1	0	0.47	unphased	1.31920569501686	1.31920569501686	1
2	54871599	54871600	95	16	2.59	4	0	0.53	1	0	0.47	unphased	0.932951775304716	0.932951775304716	1
2	56611471	56611472	38	26	2.59	4	0	0.53	1	0	0.47	unphased	2.62939338235294	1.01520980013627	2.59
2	62065757	62065758	109	12	2.59	4	0	0.53	1	0	0.47	unphased	0.641886242100146	0.641886242100146	1
2	73441462	73441463	151	18	2.59	4	0	0.53	1	0	0.47	unphased	0.68936303515489	0.68936303515489	1
2	89326850	89326851	96	23	2.3	3	0	0.3	1	1	0.7	unphased	1.19490855165596	1.19490855165596	1
2	96262150	96262151	31	8	2.3	3	0	0.3	1	1	0.7	unphased	1.26817496229261	1.26817496229261	1
2	96873970	96873971	41	12	2.3	3	0	0.3	1	1	0.7	unphased	1.39977802441731	1.39977802441731	1
2	99438648	99438649	13	5	3.46	2	2	0.82	0	1	0.18	unphased	2.03954248366013	2.03954248366013	1
2	106498289	106498290	71	12	2	2	0	0.86	1	1	0.14	unphased	0.850460666194188	0.850460666194188	1
2	114004415	114004416	60	6	2	2	0	0.86	1	1	0.14	unphased	0.53475935828877	0.53475935828877	1
2	130877937	130877938	322	13	1.88	2	0	0.88	0	1	0.12	unphased	0.223613696224759	0.223613696224759	1
2	152222681	152222682	98	8	1.98	2	0	0.98	0	1	0.02	unphased	0.442441731409545	0.442441731409545	1
2	154800961	154800962	82	11	1.98	2	0	0.98	0	1	0.02	unphased	0.693396584440228	0.693396584440228	1
2	159196812	159196813	60	15	1.08	2	0	0.08	0	1	0.92	unphased	0.992470588235294	0.992470588235294	1
2	160289279	160289280	38	5	1.08	2	0	0.08	0	1	0.92	unphased	0.577017783857729	0.577017783857729	1
2	179613088	179613089	191	11	4	2	2	1	NA	NA	NA	unphased	0.429237041351194	0.429237041351194	1
2	179636115	179636116	66	25	4	2	2	1	NA	NA	NA	unphased	2.16548157724628	1.08274078862314	2
2	196883969	196883970	47	26	1.97	2	0	0.97	0	1	0.03	unphased	2.08439967767929	1.05807090237527	1.97
2	202469338	202469339	105	11	1.97	2	0	0.97	0	1	0.03	unphased	0.554964503042596	0.572128353652161	0.97
2	225661685	225661686	113	16	1.97	2	0	0.97	0	1	0.03	unphased	0.725873233014136	0.725873233014136	1
2	228881126	228881127	160	6	1.97	2	0	0.97	0	1	0.03	unphased	0.21153082919915	0.21153082919915	1
2	239160388	239160389	62	5	1.97	2	0	0.97	0	1	0.03	unphased	0.436742756804214	0.450250264746613	0.97
20	2384051	2384052	32	6	2	2	0	1	NA	NA	NA	unphased	0.928792569659443	0.928792569659443	1
20	2955859	2955860	19	8	2	2	0	1	NA	NA	NA	unphased	1.74291938997821	1.74291938997821	1
20	9561435	9561436	128	59	2	2	0	1	NA	NA	NA	unphased	1.85592953759044	0.927964768795218	2
20	13107246	13107247	184	36	2	2	0	1	NA	NA	NA	unphased	0.962566844919786	0.962566844919786	1
20	21695212	21695213	8	5	2	2	0	1	NA	NA	NA	unphased	2.26244343891403	1.13122171945701	2
20	31671269	31671270	74	16	3	2	1	1	NA	NA	NA	unphased	1.22352941176471	1.22352941176471	1
20	33981904	33981905	107	30	3	2	1	1	NA	NA	NA	unphased	1.50708458565908	0.753542292829541	2
20	35689506	35689507	33	9	3	2	1	1	NA	NA	NA	unphased	1.47478991596639	1.47478991596639	1
20	40739000	40739001	45	6	3	2	1	1	NA	NA	NA	unphased	0.809688581314879	0.809688581314879	1
20	44429748	44429749	184	26	3	2	1	1	NA	NA	NA	unphased	0.852100840336134	0.852100840336134	1
20	57611529	57611530	63	14	2	1	1	1	NA	NA	NA	unphased	1.06951871657754	1.06951871657754	1
20	61340910	61340911	46	6	2	1	1	0.16	1	1	0.84	unphased	0.678733031674208	0.678733031674208	1
21	19737502	19737503	86	13	2.32	2	1	0.66	1	0	0.34	unphased	0.814450386215092	0.814450386215092	1
21	31692203	31692204	157	22	2	1	1	1	NA	NA	NA	unphased	0.722970752546829	0.722970752546829	1
21	31863939	31863940	60	11	2	1	1	1	NA	NA	NA	unphased	0.911350455675228	0.911350455675228	1
21	32554780	32554781	43	6	2	1	1	1	NA	NA	NA	unphased	0.720288115246098	0.720288115246098	1
21	43706064	43706065	171	27	2	1	1	1	NA	NA	NA	unphased	0.802139037433155	0.802139037433155	1
22	26743755	26743756	81	21	4	2	2	1	NA	NA	NA	unphased	1.62283737024221	0.811418685121107	2
22	41513608	41513609	97	18	7	5	2	1	NA	NA	NA	unphased	1.70332480818414	0.851662404092072	2
22	44564600	44564601	26	12	2	2	0	1	NA	NA	NA	unphased	1.85758513931889	0.928792569659443	2
3	9880790	9880791	49	23	1.99	2	0	0.99	0	1	0.01	unphased	1.87589052287582	0.947419455997887	1.98
3	10188295	10188296	188	16	1.99	2	0	0.99	0	1	0.01	unphased	0.460576701268743	0.460576701268743	1
3	10320660	10320661	62	6	1.99	2	0	0.99	0	1	0.01	unphased	0.518148788927336	0.518148788927336	1
3	19575165	19575166	146	24	1.02	2	0	0.02	0	1	0.98	unphased	0.692096885813149	0.692096885813149	1
3	21478500	21478501	96	11	1.02	2	0	0.02	0	1	0.98	unphased	0.503980208905992	0.503980208905992	1
3	31661243	31661244	80	6	1.18	2	1	0.09	0	1	0.91	unphased	0.353187414500684	0.353187414500684	1
3	31661313	31661314	70	4	1.18	2	1	0.09	0	1	0.91	unphased	0.273640699523052	0.273640699523052	1
3	36880146	36880147	24	3	1.99	2	0	0.99	0	1	0.01	unphased	0.652483660130719	0.652483660130719	1
3	38938617	38938618	61	4	2.68	2	1	0.84	0	1	0.16	unphased	0.403837104072398	0.480758457229045	0.84
3	40299766	40299767	36	5	2.54	2	1	0.77	0	1	0.23	unphased	0.783213773314204	0.783213773314204	1
3	47894832	47894833	20	4	2	2	0	1	NA	NA	NA	unphased	0.980392156862745	0.980392156862745	1
3	48611942	48611943	42	9	2	2	0	1	NA	NA	NA	unphased	1.03806228373702	1.03806228373702	1
3	49155486	49155487	30	4	2	2	0	1	NA	NA	NA	unphased	0.692041522491349	0.692041522491349	1
3	52825632	52825633	67	11	2	2	0	1	NA	NA	NA	unphased	0.829562594268477	0.829562594268477	1
3	88205655	88205656	52	17	2	2	0	1	NA	NA	NA	unphased	1.44927536231884	1.44927536231884	1
3	123512532	123512533	30	8	1	1	0	1	NA	NA	NA	unphased	1.02786377708978	1.02786377708978	1
3	147128842	147128843	88	8	1.3	2	1	0.15	1	0	0.85	unphased	0.431862745098039	0.431862745098039	1
3	148760061	148760062	39	12	1.3	2	1	0.15	1	0	0.85	unphased	1.21937716262976	1.21937716262976	1
3	148927138	148927139	73	7	1.3	2	1	0.15	1	0	0.85	unphased	0.453455882352941	0.453455882352941	1
3	148927162	148927163	45	10	1.3	2	1	0.15	1	0	0.85	unphased	0.942245989304813	0.942245989304813	1
3	167506946	167506947	82	8	3	2	1	1	NA	NA	NA	unphased	0.611764705882353	0.611764705882353	1
3	182941209	182941210	53	11	1.36	2	1	0.18	1	0	0.82	unphased	0.901029411764706	0.901029411764706	1
3	186449340	186449341	34	13	1.36	2	1	0.18	1	0	0.82	unphased	1.45001251564456	1.45001251564456	1
3	195960060	195960061	151	20	3	2	1	1	NA	NA	NA	unphased	0.804953560371517	0.804953560371517	1
4	8584334	8584335	85	18	1.32	1	1	0.32	1	0	0.68	unphased	0.909149057681325	0.909149057681325	1
4	24534677	24534678	128	37	1.49	1	1	0.49	1	0	0.51	unphased	1.20470944741533	1.20470944741533	1
4	37848596	37848597	133	33	3.56	2	2	0.78	1	1	0.22	unphased	1.47950389794472	0.831181965137483	1.78
4	38798661	38798662	145	86	5.26	5	2	0.71	1	0	0.29	unphased	3.4036465495289	0.995218289335936	3.42
4	39851195	39851196	48	5	1.08	2	1	0.04	0	1	0.96	unphased	0.468146503884573	0.468146503884573	1
4	46930559	46930560	140	9	4	2	2	1	NA	NA	NA	unphased	0.476115278326095	0.476115278326095	1
4	47685830	47685831	62	13	4	2	2	1	NA	NA	NA	unphased	1.36627450980392	1.36627450980392	1
4	66509146	66509147	45	11	2.81	2	1	0.81	1	1	0.19	unphased	1.31456932773109	1.31456932773109	1
4	69343204	69343205	398	56	2.81	2	1	0.81	1	1	0.19	unphased	0.825488468515159	0.825488468515159	1
4	88532073	88532074	60	7	2.81	2	1	0.81	1	1	0.19	unphased	0.699201053555751	0.699201053555751	1
4	88532074	88532075	60	7	2.81	2	1	0.81	1	1	0.19	unphased	0.699201053555751	0.699201053555751	1
4	90816138	90816139	82	24	2.81	2	1	0.81	1	1	0.19	unphased	1.51524972253052	0.837154542834542	1.81
4	94693372	94693373	111	25	2.81	2	1	0.81	1	1	0.19	unphased	1.23021193771626	1.23021193771626	1
4	96123959	96123960	56	8	2.81	2	1	0.81	1	1	0.19	unphased	0.836544117647059	0.836544117647059	1
4	98480125	98480126	21	3	2.81	2	1	0.81	1	1	0.19	unphased	0.836544117647059	0.836544117647059	1
4	104116267	104116268	89	9	2.81	2	1	0.81	1	1	0.19	unphased	0.614603841536615	0.614603841536615	1
4	109783672	109783673	216	78	2.81	2	1	0.81	1	1	0.19	unphased	1.77552220888355	0.980951496620748	1.81
4	114203952	114203953	60	7	2.81	2	1	0.81	1	1	0.19	unphased	0.699201053555751	0.699201053555751	1
4	114286285	114286286	113	9	2.81	2	1	0.81	1	1	0.19	unphased	0.493698167791707	0.609503910853959	0.81
4	123225986	123225987	67	8	2.78	2	1	0.78	1	1	0.22	unphased	0.710650980392157	0.710650980392157	1
4	156784794	156784795	81	13	2.81	2	1	0.81	1	1	0.19	unphased	0.925538172715895	0.925538172715895	1
4	162306971	162306972	151	9	2.81	2	1	0.81	1	1	0.19	unphased	0.376444852941176	0.376444852941176	1
4	164393387	164393388	122	34	2.81	2	1	0.81	1	1	0.19	unphased	1.45858974358974	0.805850687066157	1.81
4	166976288	166976289	75	6	2.81	2	1	0.81	1	1	0.19	unphased	0.495729847494553	0.612012157400683	0.81
5	5186341	5186342	55	36	5	3	2	1	NA	NA	NA	unphased	3.51389786683904	1.17129928894635	3
5	11098762	11098763	91	10	5	3	2	1	NA	NA	NA	unphased	0.879440885264997	0.879440885264997	1
5	15937168	15937169	36	9	5	3	2	1	NA	NA	NA	unphased	1.77647058823529	1.77647058823529	1
5	19839115	19839116	56	10	5	3	2	1	NA	NA	NA	unphased	1.3458110516934	1.3458110516934	1
5	24537551	24537552	168	39	3	2	1	1	NA	NA	NA	unphased	1.29667519181586	1.29667519181586	1
5	54646806	54646807	48	4	2.84	2	1	0.92	0	1	0.08	unphased	0.51710407239819	0.51710407239819	1
5	73072467	73072468	175	23	2	1	1	1	NA	NA	NA	unphased	0.683303624480095	0.683303624480095	1
5	82808081	82808082	34	5	2	1	1	1	NA	NA	NA	unphased	0.754147812971342	0.754147812971342	1
5	108714366	108714367	103	25	2.58	2	1	0.79	1	0	0.21	unphased	1.26217830882353	1.26217830882353	1
5	108714368	108714369	99	26	2.58	2	1	0.79	1	0	0.21	unphased	1.34416941176471	1.34416941176471	1
5	128302194	128302195	47	7	2	1	1	1	NA	NA	NA	unphased	0.762527233115468	0.762527233115468	1
5	140188116	140188117	135	23	2	1	1	1	NA	NA	NA	unphased	0.856291883842144	0.856291883842144	1
5	140222981	140222982	44	25	NA	NA	NA	NA	NA	NA	NA	unphased	NA	NA	1
5	140250220	140250221	147	23	1.36	1	1	0.36	1	0	0.64	unphased	0.709259515570934	0.709259515570934	1
5	140573163	140573164	75	12	1.36	1	1	0.36	1	0	0.64	unphased	0.723083164300203	0.723083164300203	1
5	140616046	140616047	101	13	2	1	1	1	NA	NA	NA	unphased	0.670794633642931	0.670794633642931	1
5	140794244	140794245	155	32	2	1	1	1	NA	NA	NA	unphased	1.00660585089651	1.00660585089651	1
5	148712378	148712379	10	4	2	1	1	1	NA	NA	NA	unphased	1.68067226890756	1.68067226890756	1
5	150701673	150701674	70	12	2	1	1	1	NA	NA	NA	unphased	0.860832137733142	0.860832137733142	1
5	154393369	154393370	43	15	2	1	1	1	NA	NA	NA	unphased	1.52129817444219	1.52129817444219	1
5	154393370	154393371	43	15	2	1	1	1	NA	NA	NA	unphased	1.52129817444219	1.52129817444219	1
5	156997939	156997940	76	8	2	1	1	1	NA	NA	NA	unphased	0.560224089635854	0.560224089635854	1
5	161522539	161522540	23	5	2	1	1	1	NA	NA	NA	unphased	1.05042016806723	1.05042016806723	1
5	161576110	161576111	62	16	2	1	1	1	NA	NA	NA	unphased	1.20663650075415	1.20663650075415	1
5	169724619	169724620	13	3	2	1	1	1	NA	NA	NA	unphased	1.10294117647059	1.10294117647059	1
5	175525554	175525555	136	11	2	1	1	1	NA	NA	NA	unphased	0.440176070428171	0.440176070428171	1
5	176079833	176079834	159	23	2	1	1	1	NA	NA	NA	unphased	0.743374272786037	0.743374272786037	1
5	179201688	179201689	34	7	2	1	1	1	NA	NA	NA	unphased	1.00430416068867	1.00430416068867	1
6	25770377	25770378	122	35	2.22	2	1	0.61	1	0	0.39	unphased	1.36039715249157	0.844967175460602	1.61
6	42236005	42236006	53	23	2.69	2	1	0.69	1	1	0.31	unphased	1.98900154798762	1.17692399289208	1.69
6	42986280	42986281	125	60	2.69	2	1	0.69	1	1	0.31	unphased	2.13157392686804	1.2612863472592	1.69
6	43484792	43484793	55	4	2.69	2	1	0.69	1	1	0.31	unphased	0.445583250249252	0.445583250249252	1
6	47976435	47976436	28	5	2.69	2	1	0.69	1	1	0.31	unphased	0.995811051693405	0.995811051693405	1
6	51524391	51524392	68	9	2.69	2	1	0.69	1	1	0.31	unphased	0.768197097020626	0.768197097020626	1
6	51947263	51947264	128	35	2.69	2	1	0.69	1	1	0.31	unphased	1.41124142908697	0.835054100051463	1.69
6	52103566	52103567	36	20	2.69	2	1	0.69	1	1	0.31	unphased	2.34726890756303	1.3889165133509	1.69
6	52878677	52878678	70	5	2.69	2	1	0.69	1	1	0.31	unphased	0.438156862745098	0.635009946007388	0.69
6	54254844	54254845	29	8	3.22	2	2	0.61	1	1	0.39	unphased	1.53564387917329	1.53564387917329	1
6	54805497	54805498	68	19	3.22	2	2	0.61	1	1	0.39	unphased	1.55108857336038	0.963409051776633	1.61
6	55119942	55119943	50	10	3.22	2	2	0.61	1	1	0.39	unphased	1.18372549019608	1.18372549019608	1
6	74183371	74183372	49	10	3.38	2	2	0.69	1	1	0.31	unphased	1.2309072781655	1.2309072781655	1
6	75848593	75848594	85	28	3.28	2	2	0.64	1	1	0.36	unphased	1.77474232170744	1.08215995226064	1.64
6	88855025	88855026	65	8	3	2	2	0.5	1	1	0.5	unphased	0.75423045930701	0.75423045930701	1
6	94120700	94120701	133	15	3.2	2	2	0.6	1	1	0.4	unphased	0.717806041335453	0.717806041335453	1
6	100368857	100368858	133	16	2	2	0	1	NA	NA	NA	unphased	0.631662060797473	0.631662060797473	1
6	100838763	100838764	74	20	3.38	2	2	0.69	1	1	0.31	unphased	1.54518147684606	0.914308566181099	1.69
7	1535124	1535125	24	9	2.41	2	2	0.47	1	0	0.53	unphased	1.71609625668449	1.71609625668449	1
7	11022325	11022326	19	5	2.41	2	2	0.47	1	0	0.53	unphased	1.3109068627451	1.3109068627451	1
7	28997264	28997265	18	6	2.41	2	2	0.47	1	0	0.53	unphased	1.57308823529412	1.57308823529412	1
7	42949553	42949554	128	20	2.78	2	2	0.39	1	1	0.61	unphased	0.900317965023847	0.900317965023847	1
7	50512968	50512969	36	10	2.78	2	2	0.39	1	1	0.61	unphased	1.44833759590793	1.44833759590793	1
7	70853280	70853281	74	10	3.38	2	2	0.69	1	1	0.31	unphased	0.864565826330532	0.864565826330532	1
7	75511471	75511472	44	12	3.38	2	2	0.69	1	1	0.31	unphased	1.55621848739496	1.55621848739496	1
7	94185026	94185027	104	8	3.38	2	2	0.69	1	1	0.31	unphased	0.518739495798319	0.751796370722202	0.69
7	96747028	96747029	71	35	3.38	2	2	0.69	1	1	0.31	unphased	2.39794672586015	1.41890338808293	1.69
7	99521171	99521172	51	5	3.24	2	2	0.62	1	1	0.38	unphased	0.635924369747899	0.635924369747899	1
7	99630946	99630947	39	6	3.24	2	2	0.62	1	1	0.38	unphased	0.949647058823529	0.949647058823529	1
7	100682445	100682446	567	58	3.24	2	2	0.62	1	1	0.38	unphased	0.660954352941176	1.06605540796964	0.62
7	123516862	123516863	121	23	3.24	2	2	0.62	1	1	0.38	unphased	1.13759803921569	1.13759803921569	1
7	127014981	127014982	106	10	3.24	2	2	0.62	1	1	0.38	unphased	0.613995943204868	0.613995943204868	1
7	129962561	129962562	65	14	3.24	2	2	0.62	1	1	0.38	unphased	1.26218912881608	1.26218912881608	1
7	136699974	136699975	126	28	3.14	2	2	0.57	1	1	0.43	unphased	1.27679144385027	1.27679144385027	1
7	138601706	138601707	26	8	3.14	2	2	0.57	1	1	0.43	unphased	1.65231833910035	1.65231833910035	1
7	138764581	138764582	142	30	3.14	2	2	0.57	1	1	0.43	unphased	1.22482900136799	1.22482900136799	1
7	139756776	139756777	152	29	3.14	2	2	0.57	1	1	0.43	unphased	1.12512837179071	1.12512837179071	1
7	142566380	142566381	31	8	3.14	2	2	0.57	1	1	0.43	unphased	1.4404826546003	1.4404826546003	1
7	144097380	144097381	69	13	3.14	2	2	0.57	1	1	0.43	unphased	1.11329985652798	1.11329985652798	1
7	156743079	156743080	165	16	2.52	2	1	0.52	1	1	0.48	unphased	0.565953851153721	1.08837279068023	0.52
8	2886889	2886890	17	14	2	2	0	1	NA	NA	NA	unphased	2.65654648956357	1.32827324478178	2
8	20067029	20067030	41	5	1	1	0	1	NA	NA	NA	unphased	0.530690537084399	0.530690537084399	1
8	37602260	37602261	31	5	1	1	0	1	NA	NA	NA	unphased	0.678104575163399	0.678104575163399	1
8	41470439	41470440	41	15	1.2	2	1	0.1	0	1	0.9	unphased	1.36134453781513	1.36134453781513	1
8	72755859	72755860	39	8	2	2	0	0.17	1	1	0.83	unphased	1.00125156445557	1.00125156445557	1
8	77763746	77763747	27	14	2	2	0	0.17	1	1	0.83	unphased	2.00860832137733	1.71675924904045	1.17
8	82607047	82607048	131	32	1.72	2	2	0.24	1	0	0.76	unphased	1.09984843016961	1.09984843016961	1
8	93003868	93003869	133	43	1.32	2	1	0.16	1	0	0.84	unphased	1.27102941176471	1.09571501014199	1.16
8	94722017	94722018	21	3	1.32	2	1	0.16	1	0	0.84	unphased	0.650294117647059	0.650294117647059	1
8	113304770	113304771	102	21	2.3	2	2	0.15	1	1	0.85	unphased	1.05552367288379	1.05552367288379	1
8	125343016	125343017	59	18	2.3	2	2	0.15	1	1	0.85	unphased	1.44522536287242	1.44522536287242	1
8	145095505	145095506	92	22	3.52	2	2	0.76	1	1	0.24	unphased	1.42852425180599	0.811661506707946	1.76
8	145737668	145737669	64	8	3.52	2	2	0.76	1	1	0.24	unphased	0.822483660130719	0.822483660130719	1
9	35092167	35092168	61	8	1.12	1	1	0.12	0	1	0.88	unphased	0.57998294970162	0.57998294970162	1
9	43624584	43624585	51	11	1	1	0	1	NA	NA	NA	unphased	0.866223908918406	0.866223908918406	1
9	74360075	74360076	90	13	3	2	1	1	NA	NA	NA	unphased	0.868646487721302	0.868646487721302	1
9	79321350	79321351	112	11	2.5	2	2	0.25	1	1	0.75	unphased	0.570779531324725	0.570779531324725	1
9	79441494	79441495	241	13	2.5	2	2	0.25	1	1	0.75	unphased	0.326655859194071	1.30662343677629	0.25
9	95236998	95236999	36	14	2.72	2	1	0.72	1	1	0.28	unphased	1.84865882352941	1.07480164158687	1.72
9	125289253	125289254	46	5	2.72	2	1	0.72	1	1	0.28	unphased	0.647289504036909	0.647289504036909	1
9	129928386	129928387	40	6	2.72	2	1	0.72	1	1	0.28	unphased	0.861176470588235	0.861176470588235	1
9	133498162	133498163	99	12	2.72	2	1	0.72	1	1	0.28	unphased	0.713767885532592	0.713767885532592	1
9	140082024	140082025	97	15	2.72	2	1	0.72	1	1	0.28	unphased	0.884243697478991	0.884243697478991	1
X	3240524	3240525	84	17	NA	NA	NA	NA	NA	NA	NA	unphased	NA	NA	1
X	23018371	23018372	67	10	NA	NA	NA	NA	NA	NA	NA	unphased	NA	NA	1
X	53457658	53457659	20	4	NA	NA	NA	NA	NA	NA	NA	unphased	NA	NA	1
X	54012258	54012259	44	12	NA	NA	NA	NA	NA	NA	NA	unphased	NA	NA	1
X	57146451	57146452	83	19	NA	NA	NA	NA	NA	NA	NA	unphased	NA	NA	1
X	65413396	65413397	39	4	NA	NA	NA	NA	NA	NA	NA	unphased	NA	NA	1
X	69478546	69478547	26	4	NA	NA	NA	NA	NA	NA	NA	unphased	NA	NA	1
X	77912896	77912897	39	12	NA	NA	NA	NA	NA	NA	NA	unphased	NA	NA	1
X	83599265	83599266	65	9	NA	NA	NA	NA	NA	NA	NA	unphased	NA	NA	1
X	90691532	90691533	70	8	NA	NA	NA	NA	NA	NA	NA	unphased	NA	NA	1
X	108631805	108631806	147	27	NA	NA	NA	NA	NA	NA	NA	unphased	NA	NA	1
X	117043633	117043634	121	19	NA	NA	NA	NA	NA	NA	NA	unphased	NA	NA	1
X	118540464	118540465	124	13	NA	NA	NA	NA	NA	NA	NA	unphased	NA	NA	1
X	127185277	127185278	153	9	NA	NA	NA	NA	NA	NA	NA	unphased	NA	NA	1
X	127185278	127185279	152	9	NA	NA	NA	NA	NA	NA	NA	unphased	NA	NA	1
X	129546814	129546815	70	12	NA	NA	NA	NA	NA	NA	NA	unphased	NA	NA	1
X	134683589	134683590	217	33	NA	NA	NA	NA	NA	NA	NA	unphased	NA	NA	1
X	135292128	135292129	195	28	NA	NA	NA	NA	NA	NA	NA	unphased	NA	NA	1
X	135427726	135427727	95	6	NA	NA	NA	NA	NA	NA	NA	unphased	NA	NA	1
X	139587103	139587104	9	5	NA	NA	NA	NA	NA	NA	NA	unphased	NA	NA	1
X	140786600	140786601	209	19	NA	NA	NA	NA	NA	NA	NA	unphased	NA	NA	1
X	145078766	145078767	15	4	NA	NA	NA	NA	NA	NA	NA	unphased	NA	NA	1
X	148048600	148048601	230	17	NA	NA	NA	NA	NA	NA	NA	unphased	NA	NA	1
X	150348991	150348992	192	31	NA	NA	NA	NA	NA	NA	NA	unphased	NA	NA	1
