chr	start	end	WT.count	mut.count	subclonal.CN	nMaj1	nMin1	frac1	nMaj2	nMin2	frac2	phase	mutation.copy.number	subclonal.fraction	no.chrs.bearing.mut
1	10713524	10713525	43	4	2	2	0	1	NA	NA	NA	unphased	0.586940572267058	0.586940572267058	1
1	12941946	12941947	240	25	2	2	0	1	NA	NA	NA	unphased	0.650618087182824	0.650618087182824	1
1	16945568	16945569	449	36	2	2	0	1	NA	NA	NA	unphased	0.51190899395663	0.51190899395663	1
1	34102070	34102071	31	4	2	2	0	1	NA	NA	NA	unphased	0.788177339901478	0.788177339901478	1
1	82417721	82417722	31	4	2	2	0	1	NA	NA	NA	unphased	0.788177339901478	0.788177339901478	1
1	103468347	103468348	40	8	2	2	0	1	NA	NA	NA	unphased	1.14942528735632	1.14942528735632	1
1	152777444	152777445	17	3	6	5	1	1	NA	NA	NA	unphased	1.63448275862069	1.63448275862069	1
1	154919176	154919177	13	16	6	5	1	1	NA	NA	NA	unphased	6.01189060642093	1.20237812128419	5
1	155240628	155240629	159	61	6	5	1	1	NA	NA	NA	unphased	3.02131661442006	1.00710553814002	3
1	171679943	171679944	108	7	3.16	3	1	0.72	1	0	0.28	unphased	0.4903988005997	0.681109445277361	0.72
1	176563940	176563941	98	14	3.16	3	1	0.72	1	0	0.28	unphased	1.00706896551724	1.00706896551724	1
1	183190036	183190037	60	4	3.16	3	1	0.72	1	0	0.28	unphased	0.503534482758621	0.503534482758621	1
1	200817372	200817373	78	38	3.16	3	1	0.72	1	0	0.28	unphased	2.63921521997622	0.970299713226551	2.72
1	247836181	247836182	35	9	NA	NA	NA	NA	NA	NA	NA	unphased	NA	NA	1
10	93319	93320	111	42	NA	NA	NA	NA	NA	NA	NA	unphased	NA	NA	1
10	1405828	1405829	26	4	3	2	1	1	NA	NA	NA	unphased	1.05287356321839	1.05287356321839	1
10	1405829	1405830	26	4	3	2	1	1	NA	NA	NA	unphased	1.05287356321839	1.05287356321839	1
10	25887906	25887907	96	10	3	2	1	1	NA	NA	NA	unphased	0.744957709824333	0.744957709824333	1
10	26414395	26414396	94	9	3	2	1	1	NA	NA	NA	unphased	0.689989956478072	0.689989956478072	1
10	27060002	27060003	34	7	3	2	1	1	NA	NA	NA	unphased	1.34819175777965	1.34819175777965	1
10	30615548	30615549	99	15	3	2	1	1	NA	NA	NA	unphased	1.03901996370236	1.03901996370236	1
10	55755519	55755520	22	10	3	2	1	1	NA	NA	NA	unphased	2.4676724137931	1.23383620689655	2
10	70641844	70641845	80	14	3	2	1	1	NA	NA	NA	unphased	1.17608217168012	1.17608217168012	1
10	70706251	70706252	42	5	3	2	1	1	NA	NA	NA	unphased	0.840058694057227	0.840058694057227	1
10	76910336	76910337	64	20	3	2	1	1	NA	NA	NA	unphased	1.88013136288998	0.940065681444992	2
10	79553772	79553773	89	12	3	2	1	1	NA	NA	NA	unphased	0.938204165244111	0.938204165244111	1
10	84744861	84744862	190	66	3	2	1	1	NA	NA	NA	unphased	2.03582974137931	1.01791487068966	2
10	105349408	105349409	81	8	3	2	1	1	NA	NA	NA	unphased	0.709802402169702	0.709802402169702	1
10	115922597	115922598	102	13	3	2	1	1	NA	NA	NA	unphased	0.892653673163418	0.892653673163418	1
10	118306877	118306878	56	5	3	2	1	1	NA	NA	NA	unphased	0.647258338044093	0.647258338044093	1
11	16863239	16863240	45	3	1	2	1	0	0	1	1	unphased	0.368534482758621	0.368534482758621	1
11	18110876	18110877	58	14	1	2	1	0	0	1	1	unphased	1.14655172413793	1.14655172413793	1
11	32610278	32610279	75	24	1	2	1	0	0	1	1	unphased	1.4294670846395	1.4294670846395	1
11	47754217	47754218	37	5	1	2	1	0	0	1	1	unphased	0.701970443349754	0.701970443349754	1
11	55339899	55339900	217	33	1	2	1	0	0	1	1	unphased	0.778344827586207	0.778344827586207	1
11	62591938	62591939	92	10	1	2	1	0	0	1	1	unphased	0.578093306288032	0.578093306288032	1
11	65113186	65113187	54	6	1	2	1	0	0	1	1	unphased	0.589655172413793	0.589655172413793	1
11	66460087	66460088	38	5	1	2	1	0	0	1	1	unphased	0.685645549318364	0.685645549318364	1
11	70332187	70332188	67	10	1	2	1	0	0	1	1	unphased	0.765785938199731	0.765785938199731	1
11	101786026	101786027	56	6	1	2	1	0	0	1	1	unphased	0.5706340378198	0.5706340378198	1
12	541094	541095	58	9	NA	NA	NA	NA	NA	NA	NA	unphased	NA	NA	1
12	52314549	52314550	29	4	1.06	2	1	0.03	0	1	0.97	unphased	0.722006269592476	0.722006269592476	1
12	52565270	52565271	76	12	1.06	2	1	0.03	0	1	0.97	unphased	0.812257053291536	0.812257053291536	1
12	56712093	56712094	119	26	1.06	2	1	0.03	0	1	0.97	unphased	1.06807134363853	1.06807134363853	1
12	69783950	69783951	31	5	1.06	2	1	0.03	0	1	0.97	unphased	0.827298850574713	0.827298850574713	1
12	69784075	69784076	35	4	1.06	2	1	0.03	0	1	0.97	unphased	0.610928381962865	0.610928381962865	1
12	71978332	71978333	104	6	1.06	2	1	0.03	0	1	0.97	unphased	0.324902821316614	0.324902821316614	1
12	76763509	76763510	53	7	1.06	2	1	0.03	0	1	0.97	unphased	0.694931034482759	0.694931034482759	1
12	78388648	78388649	35	17	1.06	2	1	0.03	0	1	0.97	unphased	1.94733421750663	1.89061574515207	1.03
12	88928467	88928468	21	5	1.06	2	1	0.03	0	1	0.97	unphased	1.14549071618037	1.14549071618037	1
12	106853101	106853102	61	7	1.06	2	1	0.03	0	1	0.97	unphased	0.613174442190669	0.613174442190669	1
12	111742082	111742083	24	9	1.06	2	1	0.03	0	1	0.97	unphased	1.62451410658307	1.62451410658307	1
12	123900277	123900278	43	9	1.06	2	1	0.03	0	1	0.97	unphased	1.03094164456233	1.03094164456233	1
12	124274574	124274575	159	21	1.06	2	1	0.03	0	1	0.97	unphased	0.694931034482759	0.694931034482759	1
13	109540773	109540774	78	8	2	2	0	1	NA	NA	NA	unphased	0.641539695268645	0.641539695268645	1
14	33014498	33014499	178	13	8	7	1	1	NA	NA	NA	unphased	0.877775771799964	0.877775771799964	1
14	60749756	60749757	58	11	1.66	2	1	0.33	1	0	0.67	unphased	1.04524737631184	1.04524737631184	1
14	64469511	64469512	68	8	1.66	2	1	0.33	1	0	0.67	unphased	0.69016333938294	0.69016333938294	1
14	73029186	73029187	37	6	1.66	2	1	0.33	1	0	0.67	unphased	0.914867682437851	0.914867682437851	1
14	78189586	78189587	96	36	1.66	2	1	0.33	1	0	0.67	unphased	1.78815047021944	1.34447403775897	1.33
14	101201288	101201289	35	4	1.66	2	1	0.33	1	0	0.67	unphased	0.672466843501326	0.672466843501326	1
14	105418166	105418167	171	21	1.66	2	1	0.33	1	0	0.67	unphased	0.717122844827586	0.717122844827586	1
14	106667784	106667785	172	19	NA	NA	NA	NA	NA	NA	NA	unphased	NA	NA	1
15	25599500	25599501	31	5	2	2	0	1	NA	NA	NA	unphased	0.957854406130268	0.957854406130268	1
15	38643582	38643583	83	8	2	2	0	1	NA	NA	NA	unphased	0.606290261462675	0.606290261462675	1
15	43621553	43621554	41	19	2	2	0	1	NA	NA	NA	unphased	2.18390804597701	1.09195402298851	2
15	59144099	59144100	59	11	2	2	0	1	NA	NA	NA	unphased	1.08374384236453	1.08374384236453	1
15	71256258	71256259	63	7	2	2	0	1	NA	NA	NA	unphased	0.689655172413793	0.689655172413793	1
16	7645644	7645645	107	6	1	2	0	0	0	1	1	unphased	0.313091241989625	0.313091241989625	1
16	20494499	20494500	132	21	1	2	0	0	0	1	1	unphased	0.809330628803245	0.809330628803245	1
16	23360084	23360085	30	5	1	2	0	0	0	1	1	unphased	0.842364532019704	0.842364532019704	1
16	30490754	30490755	37	5	1	2	0	0	0	1	1	unphased	0.701970443349754	0.701970443349754	1
16	31477720	31477721	20	3	1	2	0	0	0	1	1	unphased	0.769115442278861	0.769115442278861	1
16	49671868	49671869	45	6	1	2	0	0	0	1	1	unphased	0.693711967545639	0.693711967545639	1
16	57473208	57473209	129	61	1	2	0	0	0	1	1	unphased	1.89310344827586	1.89310344827586	1
16	65345332	65345333	89	22	1	2	0	0	0	1	1	unphased	1.16868592730662	1.16868592730662	1
17	4463035	4463036	17	6	2	2	0	0.4	1	1	0.6	unphased	1.79910044977511	1.79910044977511	1
17	10429035	10429036	85	13	2	2	0	0.4	1	1	0.6	unphased	0.91484869809993	0.91484869809993	1
17	11631180	11631181	46	9	2	2	0	0.4	1	1	0.6	unphased	1.12852664576803	1.12852664576803	1
17	19470428	19470429	176	25	2	2	0	0.4	1	1	0.6	unphased	0.857780065191285	0.857780065191285	1
17	21206515	21206516	21	4	2	2	0	0.4	1	1	0.6	unphased	1.10344827586207	1.10344827586207	1
17	34923615	34923616	23	5	2	2	0	0.4	1	1	0.6	unphased	1.23152709359606	1.23152709359606	1
17	53014709	53014710	23	4	4	3	1	1	NA	NA	NA	unphased	1.31800766283525	1.31800766283525	1
17	56247648	56247649	68	28	4	3	1	1	NA	NA	NA	unphased	2.5948275862069	0.864942528735632	3
17	63186340	63186341	245	132	4	3	1	1	NA	NA	NA	unphased	3.11497301747005	1.03832433915668	3
17	72588971	72588972	21	6	4	3	1	1	NA	NA	NA	unphased	1.97701149425287	1.97701149425287	1
17	73262753	73262754	13	10	4	3	1	1	NA	NA	NA	unphased	3.86806596701649	1.28935532233883	3
18	14132280	14132281	133	16	5	4	1	1	NA	NA	NA	unphased	1.06271696366582	1.06271696366582	1
18	31318480	31318481	27	12	5	4	1	1	NA	NA	NA	unphased	3.04509283819629	1.01503094606543	3
18	67687923	67687924	113	12	2	1	1	1	NA	NA	NA	unphased	0.662068965517241	0.662068965517241	1
19	873485	873486	42	20	3	2	1	1	NA	NA	NA	unphased	2.54727474972191	1.27363737486096	2
19	1113546	1113547	11	5	3	2	1	1	NA	NA	NA	unphased	2.4676724137931	1.23383620689655	2
19	3586647	3586648	90	25	3	2	1	1	NA	NA	NA	unphased	1.71664167916042	0.85832083958021	2
19	4499588	4499589	16	4	3	2	1	1	NA	NA	NA	unphased	1.57931034482759	1.57931034482759	1
19	14065429	14065430	60	9	3	2	1	1	NA	NA	NA	unphased	1.02998500749625	1.02998500749625	1
19	16633868	16633869	55	7	3	2	1	1	NA	NA	NA	unphased	0.89154616240267	0.89154616240267	1
19	22363503	22363504	70	20	3	2	1	1	NA	NA	NA	unphased	1.75478927203065	0.877394636015326	2
19	36883907	36883908	72	9	3	2	1	1	NA	NA	NA	unphased	0.877394636015326	0.877394636015326	1
19	40366479	40366480	69	7	3	2	1	1	NA	NA	NA	unphased	0.727313974591652	0.727313974591652	1
19	41594950	41594951	46	9	3	2	1	1	NA	NA	NA	unphased	1.29216300940439	1.29216300940439	1
19	43679468	43679469	388	30	3	2	1	1	NA	NA	NA	unphased	0.566738162019469	0.566738162019469	1
19	43679556	43679557	333	59	3	2	1	1	NA	NA	NA	unphased	1.18851161154117	1.18851161154117	1
19	49934331	49934332	30	6	3	2	1	1	NA	NA	NA	unphased	1.31609195402299	1.31609195402299	1
19	50655817	50655818	133	22	3	2	1	1	NA	NA	NA	unphased	1.12080088987764	1.12080088987764	1
19	53952851	53952852	39	9	3	2	1	1	NA	NA	NA	unphased	1.48060344827586	1.48060344827586	1
19	53959376	53959377	99	20	3	2	1	1	NA	NA	NA	unphased	1.32715155027528	1.32715155027528	1
19	54778621	54778622	88	8	3	2	1	1	NA	NA	NA	unphased	0.658045977011494	0.658045977011494	1
19	58945292	58945293	52	9	NA	NA	NA	NA	NA	NA	NA	unphased	NA	NA	1
2	3596228	3596229	39	3	3	2	1	1	NA	NA	NA	unphased	0.564039408866995	0.564039408866995	1
2	19553421	19553422	19	4	3	2	1	1	NA	NA	NA	unphased	1.37331334332834	1.37331334332834	1
2	30985979	30985980	20	5	3	2	1	1	NA	NA	NA	unphased	1.57931034482759	1.57931034482759	1
2	32339712	32339713	47	6	3	2	1	1	NA	NA	NA	unphased	0.8939492517892	0.8939492517892	1
2	43797536	43797537	48	7	3	2	1	1	NA	NA	NA	unphased	1.00501567398119	1.00501567398119	1
2	68270096	68270097	24	3	3	2	1	1	NA	NA	NA	unphased	0.877394636015326	0.877394636015326	1
2	72360360	72360361	21	4	3	2	1	1	NA	NA	NA	unphased	1.26344827586207	1.26344827586207	1
2	73830383	73830384	38	8	3	2	1	1	NA	NA	NA	unphased	1.37331334332834	1.37331334332834	1
2	74604791	74604792	99	10	3	2	1	1	NA	NA	NA	unphased	0.724454286618159	0.724454286618159	1
2	79254243	79254244	99	20	3	2	1	1	NA	NA	NA	unphased	1.32715155027528	1.32715155027528	1
2	125405344	125405345	23	4	3	2	1	1	NA	NA	NA	unphased	1.1698595146871	1.1698595146871	1
2	138320891	138320892	31	4	3	2	1	1	NA	NA	NA	unphased	0.902463054187192	0.902463054187192	1
2	141641531	141641532	111	15	3	2	1	1	NA	NA	NA	unphased	0.940065681444992	0.940065681444992	1
2	141773357	141773358	41	8	3	2	1	1	NA	NA	NA	unphased	1.28923293455313	1.28923293455313	1
2	164466756	164466757	40	11	3	2	1	1	NA	NA	NA	unphased	1.70317782285328	0.85158891142664	2
2	164467137	164467138	70	14	3	2	1	1	NA	NA	NA	unphased	1.31609195402299	1.31609195402299	1
2	167760038	167760039	49	5	3	2	1	1	NA	NA	NA	unphased	0.731162196679438	0.731162196679438	1
2	179431322	179431323	228	29	3	2	1	1	NA	NA	NA	unphased	0.891050583657588	0.891050583657588	1
2	179439645	179439646	19	5	3	2	1	1	NA	NA	NA	unphased	1.64511494252874	1.64511494252874	1
2	182767108	182767109	52	4	3	2	1	1	NA	NA	NA	unphased	0.564039408866995	0.564039408866995	1
2	189929353	189929354	55	22	3	2	1	1	NA	NA	NA	unphased	2.25615763546798	1.12807881773399	2
2	202626447	202626448	88	18	3	2	1	1	NA	NA	NA	unphased	1.3409238776838	1.3409238776838	1
20	9376235	9376236	66	9	3	2	1	1	NA	NA	NA	unphased	0.947586206896552	0.947586206896552	1
20	16493526	16493527	55	6	3	2	1	1	NA	NA	NA	unphased	0.776710005652911	0.776710005652911	1
20	40161983	40161984	86	15	3	2	1	1	NA	NA	NA	unphased	1.17275520655514	1.17275520655514	1
20	47768129	47768130	84	16	3	2	1	1	NA	NA	NA	unphased	1.26344827586207	1.26344827586207	1
20	50245519	50245520	132	13	3	2	1	1	NA	NA	NA	unphased	0.707966706302022	0.707966706302022	1
20	60551267	60551268	94	10	3	2	1	1	NA	NA	NA	unphased	0.759283819628647	0.759283819628647	1
21	11047539	11047540	362	11	NA	NA	NA	NA	NA	NA	NA	unphased	NA	NA	1
22	22931142	22931143	176	19	2	1	1	1	NA	NA	NA	unphased	0.671971706454465	0.671971706454465	1
22	35658362	35658363	128	21	2	1	1	1	NA	NA	NA	unphased	0.971997222865078	0.971997222865078	1
22	42610585	42610586	66	10	2	1	1	1	NA	NA	NA	unphased	0.907441016333938	0.907441016333938	1
22	43272320	43272321	42	4	2	1	1	1	NA	NA	NA	unphased	0.599700149925038	0.599700149925038	1
3	13916539	13916540	43	4	3	2	1	1	NA	NA	NA	unphased	0.672046955245781	0.672046955245781	1
3	16237378	16237379	51	6	3	2	1	1	NA	NA	NA	unphased	0.831215970961887	0.831215970961887	1
3	19575177	19575178	70	19	3	2	1	1	NA	NA	NA	unphased	1.68578070515304	0.842890352576521	2
3	28380096	28380097	15	7	3	2	1	1	NA	NA	NA	unphased	2.51253918495298	1.25626959247649	2
3	35763129	35763130	34	4	3	2	1	1	NA	NA	NA	unphased	0.831215970961887	0.831215970961887	1
3	38739976	38739977	61	17	3	2	1	1	NA	NA	NA	unphased	1.7210433244916	0.8605216622458	2
3	38889070	38889071	33	4	3	2	1	1	NA	NA	NA	unphased	0.853681267474371	0.853681267474371	1
3	44488254	44488255	114	37	3	2	1	1	NA	NA	NA	unphased	1.93491664763645	0.967458323818223	2
3	44612781	44612782	96	15	3	2	1	1	NA	NA	NA	unphased	1.06710158434296	1.06710158434296	1
3	64589619	64589620	78	32	3	2	1	1	NA	NA	NA	unphased	2.29717868338558	1.14858934169279	2
3	88199159	88199160	22	7	3	2	1	1	NA	NA	NA	unphased	1.90606420927467	1.90606420927467	1
3	97311538	97311539	21	11	3	2	1	1	NA	NA	NA	unphased	2.71443965517241	1.35721982758621	2
3	108189678	108189679	33	3	3	2	1	1	NA	NA	NA	unphased	0.658045977011494	0.658045977011494	1
3	108211362	108211363	25	10	3	2	1	1	NA	NA	NA	unphased	2.25615763546798	1.12807881773399	2
3	120489622	120489623	158	17	3	2	1	1	NA	NA	NA	unphased	0.767093596059113	0.767093596059113	1
3	120876377	120876378	30	7	3	2	1	1	NA	NA	NA	unphased	1.49394221808015	1.49394221808015	1
3	146246608	146246609	28	9	3	2	1	1	NA	NA	NA	unphased	1.92078285181733	0.960391425908667	2
3	156272858	156272859	51	6	3	2	1	1	NA	NA	NA	unphased	0.831215970961887	0.831215970961887	1
3	195498623	195498624	63	7	3	2	1	1	NA	NA	NA	unphased	0.789655172413793	0.789655172413793	1
3	195498624	195498625	63	7	3	2	1	1	NA	NA	NA	unphased	0.789655172413793	0.789655172413793	1
4	9452084	9452085	12	12	3	3	0	1	NA	NA	NA	unphased	3.94827586206897	1.31609195402299	3
4	10445955	10445956	79	37	3	3	0	1	NA	NA	NA	unphased	2.51872770511296	0.83957590170432	3
4	25674766	25674767	111	10	3	3	0	1	NA	NA	NA	unphased	0.652607580507267	0.652607580507267	1
4	30726044	30726045	44	9	3	3	0	1	NA	NA	NA	unphased	1.3409238776838	1.3409238776838	1
4	65145917	65145918	14	7	3	3	0	1	NA	NA	NA	unphased	2.63218390804598	0.877394636015326	3
4	123269787	123269788	35	13	3	3	0	1	NA	NA	NA	unphased	2.13864942528736	1.06932471264368	2
4	187521446	187521447	20	7	3	3	0	1	NA	NA	NA	unphased	2.04725415070243	1.02362707535121	2
5	13700751	13700752	111	31	3.06	3	1	0.53	1	1	0.47	unphased	1.73699368625546	1.13528999101664	1.53
5	26881161	26881162	29	12	3.06	3	1	0.53	1	1	0.47	unphased	2.32874684608915	0.920453298849466	2.53
5	40958280	40958281	77	37	3.06	3	1	0.53	1	1	0.47	unphased	2.58238959467635	1.02070734967445	2.53
5	41203278	41203279	164	62	3.06	3	1	0.53	1	1	0.47	unphased	2.18277082697589	1.05959748882325	2.06
5	94224612	94224613	83	13	3.06	3	1	0.53	1	1	0.47	unphased	1.07744971264368	1.07744971264368	1
5	108203571	108203572	25	7	3.06	3	1	0.53	1	1	0.47	unphased	1.74049568965517	1.74049568965517	1
5	109124721	109124722	75	8	3.06	3	1	0.53	1	1	0.47	unphased	0.766896551724138	0.766896551724138	1
5	118440886	118440887	32	3	3.06	3	1	0.53	1	1	0.47	unphased	0.681990147783251	0.681990147783251	1
5	130797725	130797726	36	5	3.06	3	1	0.53	1	1	0.47	unphased	0.970311185870479	0.970311185870479	1
5	140182123	140182124	145	15	3.06	3	1	0.53	1	1	0.47	unphased	0.745926724137931	0.745926724137931	1
5	140230155	140230156	79	9	3.06	3	1	0.53	1	1	0.47	unphased	0.813738244514107	0.813738244514107	1
5	140564075	140564076	53	18	3.06	3	1	0.53	1	1	0.47	unphased	2.01715395823215	0.979200950598132	2.06
5	156186414	156186415	81	11	3.06	3	1	0.53	1	1	0.47	unphased	0.951326836581709	0.951326836581709	1
5	156186416	156186417	83	10	3.06	3	1	0.53	1	1	0.47	unphased	0.855543196143864	0.855543196143864	1
5	159992642	159992643	107	14	3.06	3	1	0.53	1	1	0.47	unphased	0.920592761470505	0.920592761470505	1
6	6267033	6267034	83	21	4	2	2	1	NA	NA	NA	unphased	1.79641909814324	0.898209549071618	2
6	10529656	10529657	49	10	4	2	2	1	NA	NA	NA	unphased	1.50789012273524	1.50789012273524	1
6	17834251	17834252	33	5	4	2	2	1	NA	NA	NA	unphased	1.17059891107078	1.17059891107078	1
6	24843499	24843500	45	8	4	2	2	1	NA	NA	NA	unphased	1.34287573194535	1.34287573194535	1
6	26444522	26444523	87	11	4	2	2	1	NA	NA	NA	unphased	0.998592540464462	0.998592540464462	1
6	28227574	28227575	184	21	4	2	2	1	NA	NA	NA	unphased	0.911354079058032	0.911354079058032	1
6	31608188	31608189	131	31	4	2	2	1	NA	NA	NA	unphased	1.70242656449553	0.851213282247765	2
6	43146096	43146097	53	7	4	2	2	1	NA	NA	NA	unphased	1.03793103448276	1.03793103448276	1
6	43648834	43648835	31	5	4	2	2	1	NA	NA	NA	unphased	1.23563218390805	1.23563218390805	1
6	66205195	66205196	89	25	2	2	0	1	NA	NA	NA	unphased	1.5124016938899	0.756200846944949	2
6	69703680	69703681	205	75	2	2	0	1	NA	NA	NA	unphased	1.84729064039409	0.923645320197044	2
6	70071369	70071370	48	13	2	2	0	1	NA	NA	NA	unphased	1.46975692481628	1.46975692481628	1
6	73905252	73905253	7	3	2	2	0	1	NA	NA	NA	unphased	2.06896551724138	2.06896551724138	1
6	87994641	87994642	25	9	2	2	0	1	NA	NA	NA	unphased	1.82555780933063	0.912778904665315	2
6	100403871	100403872	40	10	2	2	0	1	NA	NA	NA	unphased	1.37931034482759	1.37931034482759	1
6	130530742	130530743	40	6	2	2	0	1	NA	NA	NA	unphased	0.899550224887556	0.899550224887556	1
6	135784320	135784321	73	7	2	2	0	1	NA	NA	NA	unphased	0.603448275862069	0.603448275862069	1
6	155095169	155095170	83	34	2	2	0	1	NA	NA	NA	unphased	2.00412614205718	1.00206307102859	2
6	159206351	159206352	54	10	2	2	0	1	NA	NA	NA	unphased	1.07758620689655	1.07758620689655	1
7	5760665	5760666	180	10	8	6	2	1	NA	NA	NA	unphased	0.678765880217786	0.678765880217786	1
7	7472293	7472294	99	64	8	6	2	1	NA	NA	NA	unphased	5.06367675058176	1.01273535011635	5
7	24749971	24749972	125	14	8	6	2	1	NA	NA	NA	unphased	1.29893326717936	1.29893326717936	1
7	44009451	44009452	34	8	8	6	2	1	NA	NA	NA	unphased	2.45648604269294	0.818828680897646	3
7	56122153	56122154	186	17	8	6	2	1	NA	NA	NA	unphased	1.08000679463224	1.08000679463224	1
7	64452439	64452440	51	5	3	2	1	1	NA	NA	NA	unphased	0.705049261083744	0.705049261083744	1
7	82785428	82785429	55	7	3	2	1	1	NA	NA	NA	unphased	0.89154616240267	0.89154616240267	1
7	84628880	84628881	67	5	3	2	1	1	NA	NA	NA	unphased	0.548371647509579	0.548371647509579	1
7	92761371	92761372	76	9	3	2	1	1	NA	NA	NA	unphased	0.836105476673428	0.836105476673428	1
7	94053706	94053707	88	13	3	2	1	1	NA	NA	NA	unphased	1.01638784568112	1.01638784568112	1
7	111368634	111368635	66	11	3	2	1	1	NA	NA	NA	unphased	1.12807881773399	1.12807881773399	1
7	116371842	116371843	51	6	3	2	1	1	NA	NA	NA	unphased	0.831215970961887	0.831215970961887	1
7	136700367	136700368	33	3	3	2	1	1	NA	NA	NA	unphased	0.658045977011494	0.658045977011494	1
7	144098961	144098962	16	5	3	2	1	1	NA	NA	NA	unphased	1.88013136288998	1.88013136288998	1
8	4851883	4851884	31	4	1	1	0	1	NA	NA	NA	unphased	0.673891625615764	0.673891625615764	1
8	10469298	10469299	47	9	1	1	0	1	NA	NA	NA	unphased	0.947660098522168	0.947660098522168	1
8	27277479	27277480	31	11	1	1	0	1	NA	NA	NA	unphased	1.54433497536946	1.54433497536946	1
8	39142393	39142394	15	4	1	1	0	1	NA	NA	NA	unphased	1.24137931034483	1.24137931034483	1
8	55371726	55371727	40	4	4.95	5	2	0.59	1	1	0.41	unphased	0.895141065830721	0.895141065830721	1
8	62577794	62577795	137	63	4.95	5	2	0.59	1	1	0.41	unphased	3.10166379310345	0.97536597267404	3.18
8	82441815	82441816	49	40	4.95	5	2	0.59	1	1	0.41	unphased	4.42541650523053	0.964143029461989	4.59
8	86193716	86193717	9	5	4.95	5	2	0.59	1	1	0.41	unphased	3.51662561576355	0.979561452858927	3.59
8	108348417	108348418	41	15	4.95	5	2	0.59	1	1	0.41	unphased	2.63746921182266	1.01832788101261	2.59
8	113504871	113504872	78	39	4.95	5	2	0.59	1	1	0.41	unphased	3.28218390804598	0.976840448823207	3.36
8	120569903	120569904	188	10	4.95	5	2	0.59	1	1	0.41	unphased	0.497300592128178	0.842882359539285	0.59
8	143996465	143996466	24	10	4.95	5	2	0.59	1	1	0.41	unphased	2.89604462474645	1.04550347463771	2.77
8	144941386	144941387	32	18	4.95	5	2	0.59	1	1	0.41	unphased	3.54475862068966	0.987397944481798	3.59
9	118075	118076	219	17	NA	NA	NA	NA	NA	NA	NA	unphased	NA	NA	1
9	14720259	14720260	64	19	3	2	1	1	NA	NA	NA	unphased	1.80764437058579	0.903822185292896	2
9	23693455	23693456	94	12	3	2	1	1	NA	NA	NA	unphased	0.8939492517892	0.8939492517892	1
9	78722188	78722189	46	11	3	2	1	1	NA	NA	NA	unphased	1.52389594676346	1.52389594676346	1
9	84531645	84531646	63	6	3	2	1	1	NA	NA	NA	unphased	0.686656671664168	0.686656671664168	1
9	101812150	101812151	107	12	3	2	1	1	NA	NA	NA	unphased	0.79629093016517	0.79629093016517	1
9	104356918	104356919	93	16	3	2	1	1	NA	NA	NA	unphased	1.15912685858905	1.15912685858905	1
X	9660218	9660219	101	18	NA	NA	NA	NA	NA	NA	NA	unphased	NA	NA	1
X	29414548	29414549	67	13	NA	NA	NA	NA	NA	NA	NA	unphased	NA	NA	1
X	35820399	35820400	27	6	NA	NA	NA	NA	NA	NA	NA	unphased	NA	NA	1
X	50133387	50133388	130	24	NA	NA	NA	NA	NA	NA	NA	unphased	NA	NA	1
X	79932260	79932261	60	12	NA	NA	NA	NA	NA	NA	NA	unphased	NA	NA	1
X	110654192	110654193	85	12	NA	NA	NA	NA	NA	NA	NA	unphased	NA	NA	1
X	125298800	125298801	85	14	NA	NA	NA	NA	NA	NA	NA	unphased	NA	NA	1
X	142795253	142795254	359	93	NA	NA	NA	NA	NA	NA	NA	unphased	NA	NA	1
X	144905487	144905488	112	13	NA	NA	NA	NA	NA	NA	NA	unphased	NA	NA	1
X	150912289	150912290	83	12	NA	NA	NA	NA	NA	NA	NA	unphased	NA	NA	1
