chr	start	end	WT.count	mut.count	subclonal.CN	nMaj1	nMin1	frac1	nMaj2	nMin2	frac2	phase	mutation.copy.number	subclonal.fraction	no.chrs.bearing.mut
1	10197175	10197176	95	9	2	1	1	1	NA	NA	NA	unphased	0.384615384615385	0.384615384615385	1
1	39877930	39877931	146	8	2	1	1	1	NA	NA	NA	unphased	0.230880230880231	0.230880230880231	1
1	103355111	103355112	45	3	1	1	0	0.03	0	1	0.97	unphased	0.215277777777778	0.215277777777778	1
1	107937933	107937934	87	20	1	1	0	0.03	0	1	0.97	unphased	0.643821391484943	0.643821391484943	1
1	145534171	145534172	188	11	2.79	2	1	0.79	1	1	0.21	unphased	0.289341150195422	0.289341150195422	1
1	152282873	152282874	511	232	2.79	2	1	0.79	1	1	0.21	unphased	1.63444294900553	0.913096619556164	1.79
1	204953226	204953227	71	5	2.76	2	1	0.76	1	1	0.24	unphased	0.342397660818714	0.45052323791936	0.76
1	216251436	216251437	91	6	2.76	2	1	0.76	1	1	0.24	unphased	0.32192439862543	0.32192439862543	1
1	222715377	222715378	57	21	2.76	2	1	0.76	1	1	0.24	unphased	1.40119658119658	1.40119658119658	1
1	246810485	246810486	97	22	2.76	2	1	0.76	1	1	0.24	unphased	0.962166199813259	0.962166199813259	1
10	15256139	15256140	84	14	2	1	1	0.3	1	1	0.7	unphased	0.634920634920635	0.90702947845805	0.7
10	35842026	35842027	85	8	2	1	1	0.3	1	1	0.7	unphased	0.38231780167264	0.546168288103772	0.7
10	105350045	105350046	40	7	2	1	1	0.3	1	1	0.7	unphased	0.66193853427896	0.66193853427896	1
10	106121911	106121912	8	3	2	1	1	0.3	1	1	0.7	unphased	1.21212121212121	1.21212121212121	1
10	135125251	135125252	64	10	2	1	1	0.3	1	1	0.7	unphased	0.600600600600601	0.858000858000858	0.7
11	2189732	2189733	29	3	2	1	1	0.07	1	1	0.93	unphased	0.416666666666667	0.416666666666667	1
11	5758466	5758467	87	21	2	1	1	0.07	1	1	0.93	unphased	0.864197530864197	0.864197530864197	1
11	21592367	21592368	88	16	2	1	1	0.07	1	1	0.93	unphased	0.683760683760684	0.683760683760684	1
11	36596427	36596428	80	20	2	1	1	0.07	1	1	0.93	unphased	0.888888888888889	0.888888888888889	1
11	44289168	44289169	74	21	2	1	1	0.07	1	1	0.93	unphased	0.982456140350877	0.982456140350877	1
11	47712125	47712126	106	24	2	1	1	0.07	1	1	0.93	unphased	0.82051282051282	0.82051282051282	1
11	51412272	51412273	32	12	2	1	1	0.07	1	1	0.93	unphased	1.21212121212121	1.21212121212121	1
11	55999947	55999948	89	14	2	1	1	0.07	1	1	0.93	unphased	0.604099244875944	0.649569080511768	0.93
11	59807770	59807771	15	4	2	1	1	0.07	1	1	0.93	unphased	0.935672514619883	0.935672514619883	1
11	62554926	62554927	18	3	2	1	1	0.07	1	1	0.93	unphased	0.634920634920635	0.634920634920635	1
11	63990559	63990560	59	13	2	1	1	0.07	1	1	0.93	unphased	0.802469135802469	0.802469135802469	1
11	77918629	77918630	111	17	2	1	1	0.07	1	1	0.93	unphased	0.590277777777778	0.590277777777778	1
11	92615963	92615964	12	5	2	1	1	0.07	1	1	0.93	unphased	1.30718954248366	1.30718954248366	1
11	123676437	123676438	44	3	2	1	1	0.07	1	1	0.93	unphased	0.283687943262411	0.283687943262411	1
12	26810658	26810659	79	13	2	1	1	1	NA	NA	NA	unphased	0.628019323671497	0.628019323671497	1
12	32908427	32908428	40	5	2	1	1	1	NA	NA	NA	unphased	0.493827160493827	0.493827160493827	1
12	43944881	43944882	76	7	2	1	1	1	NA	NA	NA	unphased	0.37483266398929	0.37483266398929	1
12	52845436	52845437	168	12	2	1	1	1	NA	NA	NA	unphased	0.296296296296296	0.296296296296296	1
12	54801968	54801969	46	14	2	1	1	1	NA	NA	NA	unphased	1.03703703703704	1.03703703703704	1
12	110783810	110783811	74	13	1	1	0	0	0	1	1	unphased	0.514687100893997	0.514687100893997	1
13	21205211	21205212	76	11	2	1	1	0.12	1	1	0.88	unphased	0.561941251596424	0.638569604086845	0.88
13	29600082	29600083	42	9	2	1	1	0.12	1	1	0.88	unphased	0.784313725490196	0.784313725490196	1
13	46632453	46632454	90	6	2	1	1	0.12	1	1	0.88	unphased	0.277777777777778	0.277777777777778	1
13	96416144	96416145	75	10	2	1	1	0.12	1	1	0.88	unphased	0.522875816993464	0.5941770647653	0.88
13	100511245	100511246	30	9	2	1	1	0.12	1	1	0.88	unphased	1.02564102564103	1.02564102564103	1
14	68264918	68264919	53	9	2	1	1	1	NA	NA	NA	unphased	0.645161290322581	0.645161290322581	1
14	88857733	88857734	17	3	2	1	1	1	NA	NA	NA	unphased	0.666666666666667	0.666666666666667	1
14	101521020	101521021	26	5	2	1	1	1	NA	NA	NA	unphased	0.716845878136201	0.716845878136201	1
15	55613536	55613537	10	6	1	1	0	0.04	0	1	0.96	unphased	1.29166666666667	1.29166666666667	1
15	91548984	91548985	87	9	1	1	0	0.04	0	1	0.96	unphased	0.322916666666667	0.322916666666667	1
16	19514834	19514835	81	11	2.66	2	1	0.83	1	0	0.17	unphased	0.610314009661836	0.735318083929923	0.83
16	20430746	20430747	38	13	2.66	2	1	0.83	1	0	0.17	unphased	1.30113289760349	1.30113289760349	1
16	31498839	31498840	109	10	2.66	2	1	0.83	1	0	0.17	unphased	0.428944911297852	0.428944911297852	1
17	10537452	10537453	107	5	2	1	1	0.12	1	1	0.88	unphased	0.198412698412698	0.198412698412698	1
17	46607755	46607756	41	7	2	1	1	1	NA	NA	NA	unphased	0.648148148148148	0.648148148148148	1
17	48051137	48051138	126	37	2	1	1	1	NA	NA	NA	unphased	1.00886162235855	1.00886162235855	1
18	31803074	31803075	73	9	2	1	1	0.28	1	1	0.72	unphased	0.48780487804878	0.677506775067751	0.72
18	77895839	77895840	86	14	NA	NA	NA	NA	NA	NA	NA	unphased	NA	NA	1
19	3736269	3736270	31	3	2	1	1	1	NA	NA	NA	unphased	0.392156862745098	0.392156862745098	1
19	38983276	38983277	11	3	2	1	1	1	NA	NA	NA	unphased	0.952380952380952	0.952380952380952	1
19	39871696	39871697	74	5	2	1	1	1	NA	NA	NA	unphased	0.281293952180028	0.281293952180028	1
19	43523107	43523108	347	26	2	1	1	1	NA	NA	NA	unphased	0.309800417039023	0.309800417039023	1
19	51228603	51228604	16	6	2	1	1	1	NA	NA	NA	unphased	1.21212121212121	1.21212121212121	1
19	53854727	53854728	63	7	2	1	1	1	NA	NA	NA	unphased	0.444444444444444	0.444444444444444	1
19	53989967	53989968	169	22	2	1	1	1	NA	NA	NA	unphased	0.511925538103549	0.511925538103549	1
2	17699681	17699682	100	15	2	1	1	0.09	1	1	0.91	unphased	0.579710144927536	0.637044115304985	0.91
2	37594375	37594376	79	12	2	1	1	0.09	1	1	0.91	unphased	0.586080586080586	0.644044600088556	0.91
2	55646179	55646180	37	12	2	1	1	0.09	1	1	0.91	unphased	1.08843537414966	1.08843537414966	1
2	74834324	74834325	73	6	2	1	1	0.09	1	1	0.91	unphased	0.337552742616034	0.337552742616034	1
2	89278493	89278494	102	19	2	1	1	0.09	1	1	0.91	unphased	0.697887970615243	0.766909857818949	0.91
2	100019434	100019435	69	8	2	1	1	0.09	1	1	0.91	unphased	0.461760461760462	0.461760461760462	1
2	109292447	109292448	36	7	2	1	1	0.09	1	1	0.91	unphased	0.723514211886305	0.723514211886305	1
2	130832519	130832520	454	42	2	1	1	0.09	1	1	0.91	unphased	0.376344086021505	0.376344086021505	1
2	225635032	225635033	12	4	2	1	1	0.09	1	1	0.91	unphased	1.11111111111111	1.11111111111111	1
2	226446707	226446708	165	31	2	1	1	0.09	1	1	0.91	unphased	0.702947845804989	0.772470160225262	0.91
2	234669636	234669637	161	9	2	1	1	0.09	1	1	0.91	unphased	0.235294117647059	0.235294117647059	1
2	234871955	234871956	47	3	2	1	1	0.09	1	1	0.91	unphased	0.266666666666667	0.266666666666667	1
20	2293604	2293605	80	11	2	1	1	1	NA	NA	NA	unphased	0.537240537240537	0.537240537240537	1
20	9546634	9546635	151	6	2	1	1	1	NA	NA	NA	unphased	0.169851380042463	0.169851380042463	1
20	43034754	43034755	137	38	2	1	1	1	NA	NA	NA	unphased	0.965079365079365	0.965079365079365	1
20	43681810	43681811	42	4	2	1	1	1	NA	NA	NA	unphased	0.386473429951691	0.386473429951691	1
20	50407054	50407055	68	5	2	1	1	1	NA	NA	NA	unphased	0.30441400304414	0.30441400304414	1
20	57766573	57766574	169	8	2	1	1	1	NA	NA	NA	unphased	0.200878844946642	0.200878844946642	1
20	61513082	61513083	112	13	2	1	1	1	NA	NA	NA	unphased	0.462222222222222	0.462222222222222	1
22	37707057	37707058	136	12	2	1	1	1	NA	NA	NA	unphased	0.36036036036036	0.36036036036036	1
3	19575247	19575248	116	19	1.84	1	0	0.16	1	1	0.84	unphased	0.602995884773663	0.71785224377817	0.84
3	123337497	123337498	95	10	1.84	1	0	0.16	1	1	0.84	unphased	0.408042328042328	0.408042328042328	1
3	178936081	178936082	30	10	1.84	1	0	0.16	1	1	0.84	unphased	1.07111111111111	1.07111111111111	1
3	195515884	195515885	44	6	2	1	1	0.16	1	1	0.84	unphased	0.533333333333333	0.533333333333333	1
4	75673267	75673268	56	3	2	1	1	1	NA	NA	NA	unphased	0.225988700564972	0.225988700564972	1
4	91230498	91230499	55	16	2	1	1	1	NA	NA	NA	unphased	1.00156494522692	1.00156494522692	1
4	108578068	108578069	48	16	2	1	1	1	NA	NA	NA	unphased	1.11111111111111	1.11111111111111	1
5	33964048	33964049	47	14	3	2	1	1	NA	NA	NA	unphased	1.24954462659381	1.24954462659381	1
5	64960079	64960080	127	25	1	1	0	0.01	0	1	0.99	unphased	0.566520467836257	0.566520467836257	1
5	128301722	128301723	7	4	1	1	0	0.01	0	1	0.99	unphased	1.25252525252525	1.25252525252525	1
5	140249936	140249937	185	12	1	1	0	0.01	0	1	0.99	unphased	0.209813874788494	0.209813874788494	1
5	176301079	176301080	40	8	2.52	2	1	0.76	1	0	0.24	unphased	0.827407407407407	0.827407407407407	1
5	176304985	176304986	35	14	2.52	2	1	0.76	1	0	0.24	unphased	1.4184126984127	1.4184126984127	1
5	177571093	177571094	68	5	2.52	2	1	0.76	1	0	0.24	unphased	0.340030441400304	0.447408475526716	0.76
6	34029799	34029800	54	6	1	1	0	0.03	0	1	0.97	unphased	0.344444444444444	0.344444444444444	1
6	55196547	55196548	34	3	1	1	0	0.03	0	1	0.97	unphased	0.279279279279279	0.279279279279279	1
6	66204722	66204723	18	5	1	1	0	0.03	0	1	0.97	unphased	0.748792270531401	0.748792270531401	1
6	147581749	147581750	34	7	1	1	0	0.03	0	1	0.97	unphased	0.588075880758808	0.588075880758808	1
7	31862711	31862712	145	13	2.62	2	1	0.62	1	1	0.38	unphased	0.416694796061885	0.672088380744975	0.62
7	34125510	34125511	73	17	2.62	2	1	0.62	1	1	0.38	unphased	0.956617283950617	0.956617283950617	1
7	44298522	44298523	13	8	2.62	2	1	0.62	1	1	0.38	unphased	1.92931216931217	1.19093343784702	1.62
7	72658036	72658037	69	8	2.62	2	1	0.62	1	1	0.38	unphased	0.526176046176046	0.848671042219429	0.62
7	116412043	116412044	24	8	2.62	2	1	0.62	1	1	0.38	unphased	1.26611111111111	1.26611111111111	1
7	141672763	141672764	51	16	2.62	2	1	0.62	1	1	0.38	unphased	1.20941956882255	1.20941956882255	1
7	142180779	142180780	182	49	2.62	2	1	0.62	1	1	0.38	unphased	1.07427609427609	1.07427609427609	1
7	142364701	142364702	64	12	2.62	2	1	0.62	1	1	0.38	unphased	0.799649122807017	0.799649122807017	1
7	143657662	143657663	78	20	2.62	2	1	0.62	1	1	0.38	unphased	1.03356009070295	1.03356009070295	1
8	6793541	6793542	97	14	2	1	1	0.09	1	1	0.91	unphased	0.56056056056056	0.616000616000616	0.91
8	30938526	30938527	38	6	2	1	1	0.09	1	1	0.91	unphased	0.606060606060606	0.606060606060606	1
8	69021836	69021837	40	12	2	1	1	0.09	1	1	0.91	unphased	1.02564102564103	1.02564102564103	1
8	69351790	69351791	28	4	2	1	1	0.09	1	1	0.91	unphased	0.555555555555556	0.555555555555556	1
8	106814551	106814552	23	3	2	1	1	0.09	1	1	0.91	unphased	0.512820512820513	0.512820512820513	1
8	126445583	126445584	260	33	2	1	1	0.09	1	1	0.91	unphased	0.500568828213879	0.500568828213879	1
8	135817174	135817175	56	3	2	1	1	0.09	1	1	0.91	unphased	0.225988700564972	0.225988700564972	1
9	101787220	101787221	46	10	1	1	0	0.01	0	1	0.99	unphased	0.615079365079365	0.621292287958955	0.99
9	103338910	103338911	52	12	1	1	0	0.01	0	1	0.99	unphased	0.645833333333333	0.652356902356902	0.99
9	107618282	107618283	42	8	1	1	0	0.01	0	1	0.99	unphased	0.551111111111111	0.556677890011223	0.99
9	125562994	125562995	80	13	1	1	0	0.01	0	1	0.99	unphased	0.481481481481481	0.481481481481481	1
9	138391684	138391685	13	2	1	1	0	0.01	0	1	0.99	unphased	0.459259259259259	0.459259259259259	1
X	1746613	1746614	163	15	NA	NA	NA	NA	NA	NA	NA	unphased	NA	NA	1
X	8759375	8759376	26	4	NA	NA	NA	NA	NA	NA	NA	unphased	NA	NA	1
X	38020260	38020261	53	8	NA	NA	NA	NA	NA	NA	NA	unphased	NA	NA	1
X	50213489	50213490	139	12	NA	NA	NA	NA	NA	NA	NA	unphased	NA	NA	1
X	50213490	50213491	134	12	NA	NA	NA	NA	NA	NA	NA	unphased	NA	NA	1
X	71424944	71424945	45	4	NA	NA	NA	NA	NA	NA	NA	unphased	NA	NA	1
X	89177187	89177188	48	10	NA	NA	NA	NA	NA	NA	NA	unphased	NA	NA	1
X	111195484	111195485	96	7	NA	NA	NA	NA	NA	NA	NA	unphased	NA	NA	1
X	141290802	141290803	107	27	NA	NA	NA	NA	NA	NA	NA	unphased	NA	NA	1
X	141293065	141293066	9	3	NA	NA	NA	NA	NA	NA	NA	unphased	NA	NA	1
X	149638204	149638205	107	14	NA	NA	NA	NA	NA	NA	NA	unphased	NA	NA	1
X	151303720	151303721	152	18	NA	NA	NA	NA	NA	NA	NA	unphased	NA	NA	1
X	151815620	151815621	48	5	NA	NA	NA	NA	NA	NA	NA	unphased	NA	NA	1
X	151900385	151900386	183	16	NA	NA	NA	NA	NA	NA	NA	unphased	NA	NA	1
