chr	start	end	WT.count	mut.count	subclonal.CN	nMaj1	nMin1	frac1	nMaj2	nMin2	frac2	phase	mutation.copy.number	subclonal.fraction	no.chrs.bearing.mut
1	874710	874711	13	12	4	2	2	1	NA	NA	NA	unphased	3.04695652173913	1.52347826086957	2
1	7798297	7798298	26	19	4	2	2	1	NA	NA	NA	unphased	2.68019323671498	1.34009661835749	2
1	12337071	12337072	51	45	4	2	2	1	NA	NA	NA	unphased	2.97554347826087	1.48777173913043	2
1	12639421	12639422	67	19	4	2	2	1	NA	NA	NA	unphased	1.40242669362993	1.40242669362993	1
1	16902936	16902937	732	75	4	2	2	1	NA	NA	NA	unphased	0.589946662356554	0.589946662356554	1
1	22188329	22188330	34	11	4	2	2	1	NA	NA	NA	unphased	1.55169082125604	1.55169082125604	1
1	24105930	24105931	78	37	4	2	2	1	NA	NA	NA	unphased	2.04234404536862	1.02117202268431	2
1	26888047	26888048	135	60	4	2	2	1	NA	NA	NA	unphased	1.95317725752508	0.976588628762542	2
1	27190143	27190144	77	28	4	2	2	1	NA	NA	NA	unphased	1.69275362318841	0.846376811594203	2
1	28282787	28282788	19	12	4	2	2	1	NA	NA	NA	unphased	2.45722300140252	1.22861150070126	2
1	28527580	28527581	7	3	4	2	2	1	NA	NA	NA	unphased	1.90434782608696	1.90434782608696	1
1	31409486	31409487	23	13	4	2	2	1	NA	NA	NA	unphased	2.29227053140097	1.14613526570048	2
1	32207453	32207454	84	20	4	2	2	1	NA	NA	NA	unphased	1.22073578595318	1.22073578595318	1
1	34208996	34208997	68	28	4	2	2	1	NA	NA	NA	unphased	1.85144927536232	0.925724637681159	2
1	39550027	39550028	53	33	4	2	2	1	NA	NA	NA	unphased	2.43579373104146	1.21789686552073	2
1	46978129	46978130	90	23	4	2	2	1	NA	NA	NA	unphased	1.29203539823009	1.29203539823009	1
1	53444007	53444008	47	17	4	2	2	1	NA	NA	NA	unphased	1.68614130434783	0.843070652173913	2
1	54607035	54607036	50	11	4	2	2	1	NA	NA	NA	unphased	1.14468995010691	1.14468995010691	1
1	74715180	74715181	50	12	4	2	2	1	NA	NA	NA	unphased	1.22861150070126	1.22861150070126	1
1	76363684	76363685	51	30	4	2	2	1	NA	NA	NA	unphased	2.35104669887279	1.17552334943639	2
1	109270438	109270439	134	56	4	2	2	1	NA	NA	NA	unphased	1.87093821510297	0.935469107551487	2
1	152285492	152285493	364	119	4	2	2	1	NA	NA	NA	unphased	1.56395715185885	0.781978575929427	2
1	152286265	152286266	435	181	4	2	2	1	NA	NA	NA	unphased	1.86518915866742	0.93259457933371	2
1	153122356	153122357	53	19	4	2	2	1	NA	NA	NA	unphased	1.67512077294686	0.83756038647343	2
1	153122384	153122385	79	19	4	2	2	1	NA	NA	NA	unphased	1.23070097604259	1.23070097604259	1
1	156235945	156235946	98	50	4	2	2	1	NA	NA	NA	unphased	2.14453584018801	1.07226792009401	2
1	156926310	156926311	135	59	4	2	2	1	NA	NA	NA	unphased	1.9305244285074	0.965262214253698	2
1	158226574	158226575	62	34	4	2	2	1	NA	NA	NA	unphased	2.2481884057971	1.12409420289855	2
1	158450416	158450417	62	25	4	2	2	1	NA	NA	NA	unphased	1.82408795602199	0.912043978010994	2
1	159273923	159273924	70	32	4	2	2	1	NA	NA	NA	unphased	1.99147485080989	0.995737425404945	2
1	160105688	160105689	100	33	4	2	2	1	NA	NA	NA	unphased	1.57502451781628	0.78751225890814	2
1	160105689	160105690	102	32	4	2	2	1	NA	NA	NA	unphased	1.51589876703439	0.757949383517197	2
1	160141078	160141079	104	36	4	2	2	1	NA	NA	NA	unphased	1.63229813664596	0.816149068322981	2
1	162824502	162824503	34	10	4	2	2	1	NA	NA	NA	unphased	1.44268774703557	1.44268774703557	1
1	167798527	167798528	61	36	4	2	2	1	NA	NA	NA	unphased	2.35589421783953	1.17794710891977	2
1	175096130	175096131	80	25	4	2	2	1	NA	NA	NA	unphased	1.51138716356108	0.755693581780538	2
1	175334303	175334304	57	19	4	2	2	1	NA	NA	NA	unphased	1.58695652173913	0.793478260869565	2
1	176998856	176998857	4	5	4	2	2	1	NA	NA	NA	unphased	3.52657004830918	1.76328502415459	2
1	180145117	180145118	14	5	4	2	2	1	NA	NA	NA	unphased	1.67048054919908	1.67048054919908	1
1	182550473	182550474	113	47	4	2	2	1	NA	NA	NA	unphased	1.86467391304348	0.932336956521739	2
1	182551339	182551340	143	46	4	2	2	1	NA	NA	NA	unphased	1.54497354497354	0.772486772486772	2
1	186277192	186277193	178	59	4	2	2	1	NA	NA	NA	unphased	1.58026050266006	0.790130251330031	2
1	196927037	196927038	80	30	4	2	2	1	NA	NA	NA	unphased	1.73122529644269	0.865612648221344	2
1	196927038	196927039	80	30	4	2	2	1	NA	NA	NA	unphased	1.73122529644269	0.865612648221344	2
1	197032013	197032014	180	71	4	2	2	1	NA	NA	NA	unphased	1.7956002078642	0.897800103932098	2
1	197390962	197390963	87	40	4	2	2	1	NA	NA	NA	unphased	1.99931530297843	0.999657651489216	2
1	200567393	200567394	62	30	4	2	2	1	NA	NA	NA	unphased	2.06994328922495	1.03497164461248	2
1	201193987	201193988	24	12	4	2	2	1	NA	NA	NA	unphased	2.11594202898551	1.05797101449275	2
1	203134442	203134443	38	24	4	2	2	1	NA	NA	NA	unphased	2.45722300140252	1.22861150070126	2
1	204199695	204199696	18	3	4	2	2	1	NA	NA	NA	unphased	0.906832298136646	0.906832298136646	1
1	204588122	204588123	49	17	4	2	2	1	NA	NA	NA	unphased	1.63504611330698	0.817523056653491	2
1	207273260	207273261	64	27	4	2	2	1	NA	NA	NA	unphased	1.88342092689919	0.941710463449594	2
1	214576297	214576298	98	46	4	2	2	1	NA	NA	NA	unphased	2.02777777777778	1.01388888888889	2
1	220088822	220088823	193	49	4	2	2	1	NA	NA	NA	unphased	1.28530362917715	1.28530362917715	1
1	221057920	221057921	16	7	4	2	2	1	NA	NA	NA	unphased	1.93194706994329	0.965973534971645	2
1	225685388	225685389	15	5	4	2	2	1	NA	NA	NA	unphased	1.58695652173913	1.58695652173913	1
1	236911004	236911005	24	17	4	2	2	1	NA	NA	NA	unphased	2.63202545068929	1.31601272534464	2
1	241797005	241797006	36	14	4	2	2	1	NA	NA	NA	unphased	1.77739130434783	0.888695652173913	2
1	245530375	245530376	9	4	4	2	2	1	NA	NA	NA	unphased	1.95317725752508	1.95317725752508	1
1	248005178	248005179	71	19	4	2	2	1	NA	NA	NA	unphased	1.34009661835749	1.34009661835749	1
1	248201708	248201709	237	83	4	2	2	1	NA	NA	NA	unphased	1.64646739130435	0.823233695652174	2
1	248403139	248403140	38	12	4	2	2	1	NA	NA	NA	unphased	1.52347826086957	1.52347826086957	1
1	248458494	248458495	52	19	4	2	2	1	NA	NA	NA	unphased	1.69871402327005	0.849357011635027	2
1	248512154	248512155	70	26	4	2	2	1	NA	NA	NA	unphased	1.71920289855072	0.859601449275362	2
1	248722765	248722766	59	8	4	2	2	1	NA	NA	NA	unphased	0.757949383517197	0.757949383517197	1
1	248789716	248789717	48	18	4	2	2	1	NA	NA	NA	unphased	1.73122529644269	0.865612648221344	2
1	248814052	248814053	45	7	4	2	2	1	NA	NA	NA	unphased	0.854515050167224	0.854515050167224	1
10	7798018	7798019	49	20	3	2	1	1	NA	NA	NA	unphased	1.55009451795841	0.775047258979206	2
10	17083111	17083112	96	63	3	2	1	1	NA	NA	NA	unphased	2.11894995898277	1.05947497949139	2
10	31138271	31138272	50	27	3	2	1	1	NA	NA	NA	unphased	1.87521174477696	0.937605872388481	2
10	32306105	32306106	227	56	3	2	1	1	NA	NA	NA	unphased	1.05822707021048	1.05822707021048	1
10	37508428	37508429	39	4	3	2	1	1	NA	NA	NA	unphased	0.49747219413549	0.49747219413549	1
10	43650738	43650739	40	16	3	2	1	1	NA	NA	NA	unphased	1.52795031055901	0.763975155279503	2
10	50863257	50863258	73	36	3	2	1	1	NA	NA	NA	unphased	1.76625448743518	0.883127243717591	2
10	51814454	51814455	18	6	3	2	1	1	NA	NA	NA	unphased	1.33695652173913	1.33695652173913	1
10	55568463	55568464	20	12	3	2	1	1	NA	NA	NA	unphased	2.0054347826087	1.00271739130435	2
10	55912945	55912946	69	17	3	2	1	1	NA	NA	NA	unphased	1.05712841253792	1.05712841253792	1
10	55912946	55912947	67	17	3	2	1	1	NA	NA	NA	unphased	1.08229813664596	1.08229813664596	1
10	55973721	55973722	40	13	3	2	1	1	NA	NA	NA	unphased	1.31173092698934	1.31173092698934	1
10	70406253	70406254	71	10	3	2	1	1	NA	NA	NA	unphased	0.660225442834138	0.660225442834138	1
10	97779432	97779433	228	51	3	2	1	1	NA	NA	NA	unphased	0.977559607293128	0.977559607293128	1
10	98146802	98146803	49	27	3	2	1	1	NA	NA	NA	unphased	1.89988558352403	0.949942791762014	2
10	101841397	101841398	35	6	3	2	1	1	NA	NA	NA	unphased	0.782608695652174	0.782608695652174	1
10	107012593	107012594	64	4	3	2	1	1	NA	NA	NA	unphased	0.314578005115089	0.314578005115089	1
10	116930945	116930946	72	57	3	2	1	1	NA	NA	NA	unphased	2.36299292214358	1.18149646107179	2
10	118396378	118396379	9	5	3	2	1	1	NA	NA	NA	unphased	1.90993788819876	1.90993788819876	1
10	118396379	118396380	9	5	3	2	1	1	NA	NA	NA	unphased	1.90993788819876	1.90993788819876	1
11	4976602	4976603	118	83	3	2	1	1	NA	NA	NA	unphased	2.20830629461389	1.10415314730694	2
11	5625827	5625828	63	29	3	2	1	1	NA	NA	NA	unphased	1.68572778827977	0.842863894139887	2
11	6048664	6048665	67	29	3	2	1	1	NA	NA	NA	unphased	1.61548913043478	0.807744565217391	2
11	6541048	6541049	96	17	3	2	1	1	NA	NA	NA	unphased	0.80454020777222	0.80454020777222	1
11	6653632	6653633	37	7	3	2	1	1	NA	NA	NA	unphased	0.850790513833992	0.850790513833992	1
11	9549255	9549256	9	3	3	2	1	1	NA	NA	NA	unphased	1.33695652173913	1.33695652173913	1
11	14810785	14810786	43	19	3	2	1	1	NA	NA	NA	unphased	1.63884992987377	0.819424964936886	2
11	17126714	17126715	15	5	3	2	1	1	NA	NA	NA	unphased	1.33695652173913	1.33695652173913	1
11	21594950	21594951	114	23	3	2	1	1	NA	NA	NA	unphased	0.897810218978102	0.897810218978102	1
11	26484636	26484637	16	14	3	2	1	1	NA	NA	NA	unphased	2.49565217391304	1.24782608695652	2
11	26586946	26586947	123	25	3	2	1	1	NA	NA	NA	unphased	0.903349001175088	0.903349001175088	1
11	30925171	30925172	19	3	3	2	1	1	NA	NA	NA	unphased	0.729249011857707	0.729249011857707	1
11	34904212	34904213	21	15	3	2	1	1	NA	NA	NA	unphased	2.22826086956522	1.11413043478261	2
11	36596318	36596319	71	37	3	2	1	1	NA	NA	NA	unphased	1.83212560386473	0.916062801932367	2
11	46564891	46564892	30	31	3	2	1	1	NA	NA	NA	unphased	2.71774768353528	1.35887384176764	2
11	47303240	47303241	35	5	3	2	1	1	NA	NA	NA	unphased	0.668478260869565	0.668478260869565	1
11	51515757	51515758	83	49	3	2	1	1	NA	NA	NA	unphased	1.98517786561265	0.992588932806324	2
11	55587792	55587793	63	13	3	2	1	1	NA	NA	NA	unphased	0.914759725400458	0.914759725400458	1
11	55873172	55873173	64	42	3	2	1	1	NA	NA	NA	unphased	2.11894995898277	1.05947497949139	2
11	58125941	58125942	46	8	3	2	1	1	NA	NA	NA	unphased	0.792270531400966	0.792270531400966	1
11	58170596	58170597	100	57	3	2	1	1	NA	NA	NA	unphased	1.94156743284409	0.970783716422044	2
11	58601855	58601856	17	4	3	2	1	1	NA	NA	NA	unphased	1.01863354037267	1.01863354037267	1
11	59132155	59132156	114	77	3	2	1	1	NA	NA	NA	unphased	2.15592988845891	1.07796494422946	2
11	60274236	60274237	33	22	3	2	1	1	NA	NA	NA	unphased	2.13913043478261	1.0695652173913	2
11	64360959	64360960	98	14	5	3	2	1	NA	NA	NA	unphased	0.918478260869565	0.918478260869565	1
11	64368271	64368272	137	58	5	3	2	1	NA	NA	NA	unphased	2.18550724637681	1.09275362318841	2
11	64514260	64514261	132	41	5	3	2	1	NA	NA	NA	unphased	1.74139230962553	0.870696154812767	2
11	66633710	66633711	105	25	5	3	2	1	NA	NA	NA	unphased	1.41304347826087	0.706521739130435	2
11	67072241	67072242	17	7	5	3	2	1	NA	NA	NA	unphased	2.14311594202899	1.07155797101449	2
11	76814256	76814257	73	22	5	3	2	1	NA	NA	NA	unphased	1.70160183066362	0.850800915331808	2
11	89891318	89891319	105	21	5	3	2	1	NA	NA	NA	unphased	1.22463768115942	1.22463768115942	1
11	92569868	92569869	43	9	5	3	2	1	NA	NA	NA	unphased	1.27173913043478	1.27173913043478	1
11	92599935	92599936	39	5	5	3	2	1	NA	NA	NA	unphased	0.83498023715415	0.83498023715415	1
11	92599936	92599937	40	5	5	3	2	1	NA	NA	NA	unphased	0.816425120772947	0.816425120772947	1
11	93754681	93754682	183	53	5	3	2	1	NA	NA	NA	unphased	1.65014738393515	0.825073691967576	2
11	96074984	96074985	8	6	5	3	2	1	NA	NA	NA	unphased	3.14906832298137	1.04968944099379	3
11	100169962	100169963	43	22	5	3	2	1	NA	NA	NA	unphased	2.48695652173913	0.828985507246377	3
11	113860328	113860329	102	63	5	3	2	1	NA	NA	NA	unphased	2.80553359683794	0.935177865612648	3
11	117299051	117299052	122	20	5	3	2	1	NA	NA	NA	unphased	1.03490508266993	1.03490508266993	1
11	118981302	118981303	27	3	5	3	2	1	NA	NA	NA	unphased	0.734782608695652	0.734782608695652	1
11	121060481	121060482	95	15	5	3	2	1	NA	NA	NA	unphased	1.00197628458498	1.00197628458498	1
11	123484182	123484183	14	5	5	3	2	1	NA	NA	NA	unphased	1.93363844393593	1.93363844393593	1
11	123484183	123484184	15	5	5	3	2	1	NA	NA	NA	unphased	1.83695652173913	1.83695652173913	1
11	124135712	124135713	61	18	5	3	2	1	NA	NA	NA	unphased	1.67418822234452	0.837094111172262	2
11	124252871	124252872	53	17	5	3	2	1	NA	NA	NA	unphased	1.78447204968944	0.892236024844721	2
11	124412946	124412947	55	33	5	3	2	1	NA	NA	NA	unphased	2.7554347826087	0.918478260869565	3
11	124413439	124413440	102	28	5	3	2	1	NA	NA	NA	unphased	1.58260869565217	0.791304347826087	2
11	124543629	124543630	19	6	5	3	2	1	NA	NA	NA	unphased	1.76347826086957	1.76347826086957	1
11	124756479	124756480	67	19	5	3	2	1	NA	NA	NA	unphased	1.62335692618807	0.811678463094034	2
11	134253660	134253661	13	8	5	3	2	1	NA	NA	NA	unphased	2.7991718426501	0.933057280883368	3
12	313781	313782	40	19	4	2	2	1	NA	NA	NA	unphased	2.04421518054532	1.02210759027266	2
12	4543410	4543411	48	21	4	2	2	1	NA	NA	NA	unphased	1.93194706994329	0.965973534971645	2
12	6635284	6635285	51	17	4	2	2	1	NA	NA	NA	unphased	1.58695652173913	0.793478260869565	2
12	6960121	6960122	16	8	4	2	2	1	NA	NA	NA	unphased	2.11594202898551	1.05797101449275	2
12	6960122	6960123	16	9	4	2	2	1	NA	NA	NA	unphased	2.28521739130435	1.14260869565217	2
12	7966965	7966966	112	59	4	2	2	1	NA	NA	NA	unphased	2.19018560894991	1.09509280447496	2
12	8234840	8234841	21	9	4	2	2	1	NA	NA	NA	unphased	1.90434782608696	0.952173913043478	2
12	9317732	9317733	77	35	4	2	2	1	NA	NA	NA	unphased	1.98369565217391	0.991847826086957	2
12	13716366	13716367	75	31	4	2	2	1	NA	NA	NA	unphased	1.85643970467596	0.928219852337982	2
12	21030853	21030854	44	7	4	2	2	1	NA	NA	NA	unphased	0.871270247229327	0.871270247229327	1
12	24736497	24736498	55	20	4	2	2	1	NA	NA	NA	unphased	1.69275362318841	0.846376811594203	2
12	40076885	40076886	52	25	4	2	2	1	NA	NA	NA	unphased	2.0609824957651	1.03049124788255	2
12	40696639	40696640	88	40	4	2	2	1	NA	NA	NA	unphased	1.98369565217391	0.991847826086957	2
12	41418967	41418968	148	78	4	2	2	1	NA	NA	NA	unphased	2.19084263178145	1.09542131589073	2
12	45170834	45170835	53	18	4	2	2	1	NA	NA	NA	unphased	1.60930802204532	0.804654011022658	2
12	46244923	46244924	79	33	4	2	2	1	NA	NA	NA	unphased	1.87034161490683	0.935170807453416	2
12	53232984	53232985	32	11	4	2	2	1	NA	NA	NA	unphased	1.62386248736097	1.62386248736097	1
12	56031000	56031001	63	33	4	2	2	1	NA	NA	NA	unphased	2.1820652173913	1.09103260869565	2
12	64178852	64178853	50	12	4	2	2	1	NA	NA	NA	unphased	1.22861150070126	1.22861150070126	1
12	70980932	70980933	48	26	4	2	2	1	NA	NA	NA	unphased	2.23031727379553	1.11515863689777	2
12	78388651	78388652	42	11	4	2	2	1	NA	NA	NA	unphased	1.3174733388023	1.3174733388023	1
12	78604220	78604221	55	13	4	2	2	1	NA	NA	NA	unphased	1.21355498721228	1.21355498721228	1
12	85492653	85492654	29	11	4	2	2	1	NA	NA	NA	unphased	1.74565217391304	0.872826086956522	2
12	86199477	86199478	122	44	4	2	2	1	NA	NA	NA	unphased	1.68255631220534	0.841278156102672	2
12	93793166	93793167	120	7	4	2	2	1	NA	NA	NA	unphased	0.349880178021226	0.349880178021226	1
12	99109285	99109286	53	20	4	2	2	1	NA	NA	NA	unphased	1.73913043478261	0.869565217391304	2
12	101490352	101490353	93	26	4	2	2	1	NA	NA	NA	unphased	1.38691998538546	0.693459992692729	2
12	104390606	104390607	73	31	4	2	2	1	NA	NA	NA	unphased	1.89214046822742	0.946070234113712	2
12	109016968	109016969	23	14	4	2	2	1	NA	NA	NA	unphased	2.40188014101058	1.20094007050529	2
12	117672483	117672484	41	13	4	2	2	1	NA	NA	NA	unphased	1.52818035426731	1.52818035426731	1
12	120204904	120204905	116	45	4	2	2	1	NA	NA	NA	unphased	1.77423710504996	0.88711855252498	2
12	122734569	122734570	30	8	4	2	2	1	NA	NA	NA	unphased	1.33638443935927	1.33638443935927	1
12	125509741	125509742	114	30	4	2	2	1	NA	NA	NA	unphased	1.32246376811594	1.32246376811594	1
12	125834677	125834678	95	28	4	2	2	1	NA	NA	NA	unphased	1.44503358077059	0.722516790385295	2
12	132250836	132250837	196	87	4	2	2	1	NA	NA	NA	unphased	1.9514518359195	0.975725917959748	2
13	19753630	19753631	60	57	2	2	0	1	NA	NA	NA	unphased	2.11817168338907	1.05908584169454	2
13	19753631	19753632	60	57	2	2	0	1	NA	NA	NA	unphased	2.11817168338907	1.05908584169454	2
13	41946340	41946341	15	16	2	2	0	1	NA	NA	NA	unphased	2.24403927068724	1.12201963534362	2
13	58299254	58299255	153	59	4	2	2	1	NA	NA	NA	unphased	1.76661197703035	0.883305988515176	2
13	79176019	79176020	13	3	4	2	2	1	NA	NA	NA	unphased	1.19021739130435	1.19021739130435	1
13	84454818	84454819	51	24	4	2	2	1	NA	NA	NA	unphased	2.03130434782609	1.01565217391304	2
13	110822110	110822111	84	42	4	2	2	1	NA	NA	NA	unphased	2.11594202898551	1.05797101449275	2
13	111117778	111117779	94	26	4	2	2	1	NA	NA	NA	unphased	1.37536231884058	0.68768115942029	2
13	111158802	111158803	22	18	4	2	2	1	NA	NA	NA	unphased	2.85652173913043	1.42826086956522	2
14	20215921	20215922	131	19	NA	NA	NA	NA	NA	NA	NA	unphased	NA	NA	1
14	20249215	20249216	328	40	6	4	2	1	NA	NA	NA	unphased	0.907372400756144	0.907372400756144	1
14	20389205	20389206	627	67	6	4	2	1	NA	NA	NA	unphased	0.805914045858915	0.805914045858915	1
14	20502655	20502656	61	25	4	2	2	1	NA	NA	NA	unphased	1.84529828109201	0.922649140546006	2
14	23587861	23587862	40	16	4	2	2	1	NA	NA	NA	unphased	1.81366459627329	0.906832298136646	2
14	23608688	23608689	116	35	4	2	2	1	NA	NA	NA	unphased	1.47135041750648	0.735675208753239	2
14	31348103	31348104	79	41	4	2	2	1	NA	NA	NA	unphased	2.16884057971014	1.08442028985507	2
14	39534184	39534185	50	26	4	2	2	1	NA	NA	NA	unphased	2.17162471395881	1.0858123569794	2
14	70883624	70883625	184	83	4	2	2	1	NA	NA	NA	unphased	1.97329425175053	0.986647125875264	2
14	70883625	70883626	184	85	4	2	2	1	NA	NA	NA	unphased	2.00581865201228	1.00290932600614	2
14	73238529	73238530	69	18	4	2	2	1	NA	NA	NA	unphased	1.31334332833583	1.31334332833583	1
14	94577984	94577985	30	16	4	2	2	1	NA	NA	NA	unphased	2.20793950850662	1.10396975425331	2
14	103410462	103410463	66	30	4	2	2	1	NA	NA	NA	unphased	1.98369565217391	0.991847826086957	2
14	106791191	106791192	347	44	4	2	2	1	NA	NA	NA	unphased	0.714333370399199	0.714333370399199	1
14	107083321	107083322	171	65	4	2	2	1	NA	NA	NA	unphased	1.74834193072955	0.874170965364775	2
14	107113834	107113835	418	105	4	2	2	1	NA	NA	NA	unphased	1.27442015130102	1.27442015130102	1
15	25227130	25227131	268	102	4	2	2	1	NA	NA	NA	unphased	1.74994124559342	0.87497062279671	2
15	25335121	25335122	140	55	4	2	2	1	NA	NA	NA	unphased	1.79041248606466	0.89520624303233	2
15	31197738	31197739	44	19	4	2	2	1	NA	NA	NA	unphased	1.9144237405107	0.957211870255348	2
15	33872299	33872300	27	10	4	2	2	1	NA	NA	NA	unphased	1.71562867215041	0.857814336075206	2
15	34080659	34080660	46	15	4	2	2	1	NA	NA	NA	unphased	1.56094084105488	0.780470420527441	2
15	35087009	35087010	165	70	4	2	2	1	NA	NA	NA	unphased	1.89084181313598	0.945420906567992	2
15	45047474	45047475	56	25	4	2	2	1	NA	NA	NA	unphased	1.95920558239399	0.979602791196994	2
15	59499843	59499844	56	26	4	2	2	1	NA	NA	NA	unphased	2.01272534464475	1.00636267232238	2
15	62950041	62950042	111	51	4	2	2	1	NA	NA	NA	unphased	1.99838969404187	0.999194847020934	2
15	69325520	69325521	7	6	4	2	2	1	NA	NA	NA	unphased	2.92976588628763	1.46488294314381	2
15	75974756	75974757	66	21	4	2	2	1	NA	NA	NA	unphased	1.53223388305847	0.766116941529235	2
15	75974757	75974758	66	21	4	2	2	1	NA	NA	NA	unphased	1.53223388305847	0.766116941529235	2
15	91503598	91503599	64	26	4	2	2	1	NA	NA	NA	unphased	1.83381642512077	0.916908212560386	2
15	99696234	99696235	9	6	4	2	2	1	NA	NA	NA	unphased	2.53913043478261	1.2695652173913	2
15	101562063	101562064	36	16	4	2	2	1	NA	NA	NA	unphased	1.95317725752508	0.976588628762542	2
16	3140484	3140485	67	74	2	2	0	1	NA	NA	NA	unphased	2.281837804502	1.140918902251	2
16	4700391	4700392	76	52	2	2	0	1	NA	NA	NA	unphased	1.76630434782609	0.883152173913043	2
16	9012949	9012950	128	105	6	4	2	1	NA	NA	NA	unphased	3.76189587609629	0.940473969024072	4
16	24104116	24104117	106	34	4	2	2	1	NA	NA	NA	unphased	1.5416149068323	0.770807453416149	2
16	27784449	27784450	19	4	4	2	2	1	NA	NA	NA	unphased	1.10396975425331	1.10396975425331	1
16	31342536	31342537	69	14	4	2	2	1	NA	NA	NA	unphased	1.07071765322158	1.07071765322158	1
16	46708280	46708281	19	10	4	2	2	1	NA	NA	NA	unphased	2.18890554722639	1.09445277361319	2
16	49823419	49823420	48	8	4	2	2	1	NA	NA	NA	unphased	0.906832298136646	0.906832298136646	1
16	55734154	55734155	67	32	4	2	2	1	NA	NA	NA	unphased	2.0518225735617	1.02591128678085	2
16	71098735	71098736	24	11	4	2	2	1	NA	NA	NA	unphased	1.99503105590062	0.997515527950311	2
16	83520240	83520241	40	29	2	2	0	1	NA	NA	NA	unphased	1.82734719596723	0.913673597983617	2
16	85813997	85813998	12	16	2	2	0	1	NA	NA	NA	unphased	2.48447204968944	1.24223602484472	2
17	293171	293172	68	56	2	2	0	1	NA	NA	NA	unphased	1.96353436185133	0.981767180925666	2
17	1945112	1945113	6	10	2	2	0	1	NA	NA	NA	unphased	2.71739130434783	1.35869565217391	2
17	2239807	2239808	13	10	2	2	0	1	NA	NA	NA	unphased	1.89035916824197	0.945179584120983	2
17	7097797	7097798	1	9	2	2	0	1	NA	NA	NA	unphased	3.91304347826087	1.95652173913043	2
17	7577533	7577534	33	21	2	2	0	1	NA	NA	NA	unphased	1.69082125603865	0.845410628019324	2
17	9590132	9590133	20	16	2	2	0	1	NA	NA	NA	unphased	1.93236714975845	0.966183574879227	2
17	15234535	15234536	77	54	2	2	0	1	NA	NA	NA	unphased	1.79223365416528	0.896116827082642	2
17	15234536	15234537	78	54	2	2	0	1	NA	NA	NA	unphased	1.77865612648221	0.889328063241107	2
17	16012198	16012199	54	43	2	2	0	1	NA	NA	NA	unphased	1.92738682205289	0.963693411026445	2
17	29533389	29533390	36	25	2	2	0	1	NA	NA	NA	unphased	1.78189593727726	0.890947968638631	2
17	33520806	33520807	137	120	2	2	0	1	NA	NA	NA	unphased	2.03011334799526	1.01505667399763	2
17	33520807	33520808	135	120	2	2	0	1	NA	NA	NA	unphased	2.0460358056266	1.0230179028133	2
17	34264911	34264912	15	12	2	2	0	1	NA	NA	NA	unphased	1.93236714975845	0.966183574879227	2
17	38933349	38933350	27	59	4	4	0	1	NA	NA	NA	unphased	4.35490394337715	1.08872598584429	4
17	39190636	39190637	27	32	4	4	0	1	NA	NA	NA	unphased	3.44288872512896	0.86072218128224	4
17	42194952	42194953	25	46	4	4	0	1	NA	NA	NA	unphased	4.11267605633803	1.02816901408451	4
17	42335472	42335473	131	34	4	4	0	1	NA	NA	NA	unphased	1.30803689064559	1.30803689064559	1
17	45776823	45776824	12	13	4	4	0	1	NA	NA	NA	unphased	3.30086956521739	1.10028985507246	3
17	57287940	57287941	21	42	4	4	0	1	NA	NA	NA	unphased	4.23188405797101	1.05797101449275	4
17	67016608	67016609	65	59	4	4	0	1	NA	NA	NA	unphased	3.0203366058906	1.0067788686302	3
17	78444706	78444707	107	28	4	4	0	1	NA	NA	NA	unphased	1.31658615136876	1.31658615136876	1
18	31803248	31803249	32	12	2	2	0	1	NA	NA	NA	unphased	1.18577075098814	1.18577075098814	1
18	31803249	31803250	32	12	2	2	0	1	NA	NA	NA	unphased	1.18577075098814	1.18577075098814	1
18	61322964	61322965	82	71	2	2	0	1	NA	NA	NA	unphased	2.01761864165956	1.00880932082978	2
18	66344221	66344222	30	36	2	2	0	1	NA	NA	NA	unphased	2.37154150197628	1.18577075098814	2
18	72589285	72589286	53	56	2	2	0	1	NA	NA	NA	unphased	2.23374551256482	1.11687275628241	2
18	76754333	76754334	29	16	2	2	0	1	NA	NA	NA	unphased	1.54589371980676	0.772946859903382	2
19	2276350	2276351	25	4	3	2	1	1	NA	NA	NA	unphased	0.737631184407796	0.737631184407796	1
19	7809016	7809017	50	29	3	2	1	1	NA	NA	NA	unphased	1.96312603192075	0.981563015960374	2
19	8150364	8150365	10	5	3	2	1	1	NA	NA	NA	unphased	1.78260869565217	1.78260869565217	1
19	8586479	8586480	44	6	3	2	1	1	NA	NA	NA	unphased	0.641739130434783	0.641739130434783	1
19	9021077	9021078	98	36	3	2	1	1	NA	NA	NA	unphased	1.43672939649578	0.718364698247891	2
19	9058881	9058882	57	37	3	2	1	1	NA	NA	NA	unphased	2.1049953746531	1.05249768732655	2
19	9068870	9068871	76	17	3	2	1	1	NA	NA	NA	unphased	0.977559607293128	0.977559607293128	1
19	9213337	9213338	73	33	3	2	1	1	NA	NA	NA	unphased	1.66488925348646	0.832444626743232	2
19	11408888	11408889	51	10	3	2	1	1	NA	NA	NA	unphased	0.876692801140413	0.876692801140413	1
19	11408889	11408890	52	10	3	2	1	1	NA	NA	NA	unphased	0.862552594670407	0.862552594670407	1
19	11408890	11408891	52	9	3	2	1	1	NA	NA	NA	unphased	0.789023521026372	0.789023521026372	1
19	12076014	12076015	21	11	3	2	1	1	NA	NA	NA	unphased	1.8383152173913	0.919157608695652	2
19	16772123	16772124	20	16	3	2	1	1	NA	NA	NA	unphased	2.3768115942029	1.18840579710145	2
19	18981411	18981412	12	5	3	2	1	1	NA	NA	NA	unphased	1.57289002557545	1.57289002557545	1
19	19166729	19166730	29	11	3	2	1	1	NA	NA	NA	unphased	1.47065217391304	1.47065217391304	1
19	21990600	21990601	22	14	3	2	1	1	NA	NA	NA	unphased	2.07971014492754	1.03985507246377	2
19	34263334	34263335	77	27	3	2	1	1	NA	NA	NA	unphased	1.3883779264214	0.694188963210702	2
19	34263335	34263336	75	27	3	2	1	1	NA	NA	NA	unphased	1.4156010230179	0.707800511508951	2
19	35506792	35506793	53	12	3	2	1	1	NA	NA	NA	unphased	0.987290969899666	0.987290969899666	1
19	36277753	36277754	11	3	3	2	1	1	NA	NA	NA	unphased	1.14596273291925	1.14596273291925	1
19	36279065	36279066	62	33	3	2	1	1	NA	NA	NA	unphased	1.85766590389016	0.92883295194508	2
19	36611661	36611662	70	4	3	2	1	1	NA	NA	NA	unphased	0.289071680376028	0.289071680376028	1
19	38230410	38230411	65	10	3	2	1	1	NA	NA	NA	unphased	0.71304347826087	0.71304347826087	1
19	39408376	39408377	61	25	3	2	1	1	NA	NA	NA	unphased	1.55460060667341	0.777300303336704	2
19	39408377	39408378	62	25	3	2	1	1	NA	NA	NA	unphased	1.53673163418291	0.768365817091454	2
19	40318980	40318981	31	8	3	2	1	1	NA	NA	NA	unphased	1.09698996655518	1.09698996655518	1
19	42599465	42599466	20	18	3	2	1	1	NA	NA	NA	unphased	2.53318077803204	1.26659038901602	2
19	45315481	45315482	18	14	3	2	1	1	NA	NA	NA	unphased	2.33967391304348	1.16983695652174	2
19	45899642	45899643	58	34	3	2	1	1	NA	NA	NA	unphased	1.97637051039698	0.988185255198488	2
19	49539029	49539030	139	14	3	2	1	1	NA	NA	NA	unphased	0.489343563512361	0.489343563512361	1
19	49813337	49813338	47	26	3	2	1	1	NA	NA	NA	unphased	1.90470518165575	0.952352590827874	2
19	51165231	51165232	90	22	3	2	1	1	NA	NA	NA	unphased	1.05046583850932	1.05046583850932	1
19	51190295	51190296	7	3	3	2	1	1	NA	NA	NA	unphased	1.60434782608696	1.60434782608696	1
19	51961386	51961387	93	60	3	2	1	1	NA	NA	NA	unphased	2.09718670076726	1.04859335038363	2
19	52272069	52272070	85	40	3	2	1	1	NA	NA	NA	unphased	1.71130434782609	0.855652173913043	2
19	52658516	52658517	172	42	3	2	1	1	NA	NA	NA	unphased	1.04957334416904	1.04957334416904	1
19	53015155	53015156	60	15	3	2	1	1	NA	NA	NA	unphased	1.0695652173913	1.0695652173913	1
19	54544159	54544160	29	6	3	2	1	1	NA	NA	NA	unphased	0.916770186335404	0.916770186335404	1
19	54849708	54849709	51	36	3	2	1	1	NA	NA	NA	unphased	2.21289355322339	1.10644677661169	2
19	56515417	56515418	51	24	3	2	1	1	NA	NA	NA	unphased	1.71130434782609	0.855652173913043	2
2	233222	233223	22	9	4	2	2	1	NA	NA	NA	unphased	1.84291725105189	0.921458625525947	2
2	7179898	7179899	37	17	4	2	2	1	NA	NA	NA	unphased	1.99838969404187	0.999194847020934	2
2	26689674	26689675	95	32	4	2	2	1	NA	NA	NA	unphased	1.59945224238275	0.799726121191373	2
2	27353265	27353266	182	86	4	2	2	1	NA	NA	NA	unphased	2.03698896820247	1.01849448410123	2
2	27802783	27802784	129	58	4	2	2	1	NA	NA	NA	unphased	1.96884445477796	0.984422227388979	2
2	32117148	32117149	85	14	4	2	2	1	NA	NA	NA	unphased	0.897672375933245	0.897672375933245	1
2	32667444	32667445	20	7	4	2	2	1	NA	NA	NA	unphased	1.64573268921095	1.64573268921095	1
2	37571894	37571895	18	11	4	2	2	1	NA	NA	NA	unphased	2.40779610194903	1.20389805097451	2
2	38178700	38178701	88	32	4	2	2	1	NA	NA	NA	unphased	1.69275362318841	0.846376811594203	2
2	44078772	44078773	62	13	4	2	2	1	NA	NA	NA	unphased	1.10028985507246	1.10028985507246	1
2	48807814	48807815	68	30	4	2	2	1	NA	NA	NA	unphased	1.94321206743567	0.971606033717835	2
2	50280483	50280484	91	43	4	2	2	1	NA	NA	NA	unphased	2.03698896820247	1.01849448410123	2
2	54080317	54080318	79	47	4	2	2	1	NA	NA	NA	unphased	2.36783988957902	1.18391994478951	2
2	71592770	71592771	54	24	4	2	2	1	NA	NA	NA	unphased	1.95317725752508	0.976588628762542	2
2	74386355	74386356	35	19	4	2	2	1	NA	NA	NA	unphased	2.23349436392915	1.11674718196457	2
2	75426141	75426142	6	6	4	2	2	1	NA	NA	NA	unphased	3.17391304347826	1.58695652173913	2
2	80801342	80801343	107	49	4	2	2	1	NA	NA	NA	unphased	1.99386845039019	0.996934225195095	2
2	85782635	85782636	48	14	4	2	2	1	NA	NA	NA	unphased	1.43338008415147	1.43338008415147	1
2	87201206	87201207	135	23	4	2	2	1	NA	NA	NA	unphased	0.924050632911392	0.924050632911392	1
2	88423975	88423976	37	12	4	2	2	1	NA	NA	NA	unphased	1.55456965394854	1.55456965394854	1
2	89416849	89416850	145	58	4	2	2	1	NA	NA	NA	unphased	1.81366459627329	0.906832298136646	2
2	89513166	89513167	86	34	4	2	2	1	NA	NA	NA	unphased	1.79855072463768	0.899275362318841	2
2	95540592	95540593	16	7	4	2	2	1	NA	NA	NA	unphased	1.93194706994329	0.965973534971645	2
2	96698060	96698061	21	6	4	2	2	1	NA	NA	NA	unphased	1.41062801932367	1.41062801932367	1
2	98846669	98846670	52	21	4	2	2	1	NA	NA	NA	unphased	1.82608695652174	0.913043478260869	2
2	119729103	119729104	88	38	4	2	2	1	NA	NA	NA	unphased	1.9144237405107	0.957211870255348	2
2	119735446	119735447	18	8	4	2	2	1	NA	NA	NA	unphased	1.95317725752508	0.976588628762542	2
2	120219427	120219428	64	21	4	2	2	1	NA	NA	NA	unphased	1.56828644501279	0.784143222506394	2
2	120219428	120219429	64	21	4	2	2	1	NA	NA	NA	unphased	1.56828644501279	0.784143222506394	2
2	127827663	127827664	39	21	4	2	2	1	NA	NA	NA	unphased	2.22173913043478	1.11086956521739	2
2	128334186	128334187	46	13	4	2	2	1	NA	NA	NA	unphased	1.39867354458364	1.39867354458364	1
2	128384658	128384659	17	4	4	2	2	1	NA	NA	NA	unphased	1.20910973084886	1.20910973084886	1
2	131976058	131976059	208	103	4	2	2	1	NA	NA	NA	unphased	2.10233468474766	1.05116734237383	2
2	138030224	138030225	30	5	4	2	2	1	NA	NA	NA	unphased	0.906832298136646	0.906832298136646	1
2	141215151	141215152	107	35	4	2	2	1	NA	NA	NA	unphased	1.56460502143295	0.782302510716473	2
2	145156974	145156975	99	42	4	2	2	1	NA	NA	NA	unphased	1.89084181313598	0.945420906567992	2
2	158390439	158390440	50	17	4	2	2	1	NA	NA	NA	unphased	1.61064243997404	0.805321219987021	2
2	159196852	159196853	48	25	4	2	2	1	NA	NA	NA	unphased	2.17391304347826	1.08695652173913	2
2	166152477	166152478	30	16	4	2	2	1	NA	NA	NA	unphased	2.20793950850662	1.10396975425331	2
2	166848543	166848544	217	96	4	2	2	1	NA	NA	NA	unphased	1.94693707459369	0.973468537296847	2
2	178982780	178982781	37	11	4	2	2	1	NA	NA	NA	unphased	1.45471014492754	1.45471014492754	1
2	179427875	179427876	185	68	4	2	2	1	NA	NA	NA	unphased	1.70613507475511	0.853067537377556	2
2	179580491	179580492	7	5	4	2	2	1	NA	NA	NA	unphased	2.64492753623188	1.32246376811594	2
2	179632824	179632825	41	18	4	2	2	1	NA	NA	NA	unphased	1.93662490788504	0.96831245394252	2
2	186672508	186672509	64	27	4	2	2	1	NA	NA	NA	unphased	1.88342092689919	0.941710463449594	2
2	187608237	187608238	59	15	4	2	2	1	NA	NA	NA	unphased	1.28672150411281	1.28672150411281	1
2	187627195	187627196	56	21	4	2	2	1	NA	NA	NA	unphased	1.73122529644269	0.865612648221344	2
2	192701080	192701081	187	77	4	2	2	1	NA	NA	NA	unphased	1.85144927536232	0.925724637681159	2
2	193044267	193044268	7	5	4	2	2	1	NA	NA	NA	unphased	2.64492753623188	1.32246376811594	2
2	196545560	196545561	45	25	4	2	2	1	NA	NA	NA	unphased	2.26708074534162	1.13354037267081	2
2	196741290	196741291	83	27	4	2	2	1	NA	NA	NA	unphased	1.55810276679842	0.77905138339921	2
2	198285233	198285234	90	33	4	2	2	1	NA	NA	NA	unphased	1.70307529162248	0.851537645811241	2
2	201363683	201363684	79	28	4	2	2	1	NA	NA	NA	unphased	1.66111336854937	0.830556684274685	2
2	210559944	210559945	84	40	4	2	2	1	NA	NA	NA	unphased	2.0476858345021	1.02384291725105	2
2	210642094	210642095	71	32	4	2	2	1	NA	NA	NA	unphased	1.97214014352047	0.986070071760236	2
2	227906936	227906937	67	15	4	2	2	1	NA	NA	NA	unphased	1.16118769883351	1.16118769883351	1
2	227906937	227906938	65	14	4	2	2	1	NA	NA	NA	unphased	1.12493120528343	1.12493120528343	1
2	238267224	238267225	78	17	4	2	2	1	NA	NA	NA	unphased	1.13592677345538	1.13592677345538	1
2	238267225	238267226	80	19	4	2	2	1	NA	NA	NA	unphased	1.21826965305226	1.21826965305226	1
2	238285462	238285463	211	105	4	2	2	1	NA	NA	NA	unphased	2.10924600990644	1.05462300495322	2
2	241463636	241463637	57	29	4	2	2	1	NA	NA	NA	unphased	2.14054600606673	1.07027300303337	2
20	126120	126121	78	37	4	2	2	1	NA	NA	NA	unphased	2.04234404536862	1.02117202268431	2
20	334122	334123	93	40	4	2	2	1	NA	NA	NA	unphased	1.9091206276561	0.954560313828048	2
20	2375146	2375147	44	12	4	2	2	1	NA	NA	NA	unphased	1.36024844720497	1.36024844720497	1
20	3686453	3686454	88	22	4	2	2	1	NA	NA	NA	unphased	1.2695652173913	1.2695652173913	1
20	3686454	3686455	88	23	4	2	2	1	NA	NA	NA	unphased	1.31531531531532	1.31531531531532	1
20	11898847	11898848	120	38	4	2	2	1	NA	NA	NA	unphased	1.52669235002752	0.763346175013759	2
20	18794736	18794737	49	23	4	2	2	1	NA	NA	NA	unphased	2.02777777777778	1.01388888888889	2
20	21493076	21493077	19	6	4	2	2	1	NA	NA	NA	unphased	1.52347826086957	1.52347826086957	1
20	31598890	31598891	85	17	4	2	2	1	NA	NA	NA	unphased	1.05797101449275	1.05797101449275	1
20	31598891	31598892	83	16	4	2	2	1	NA	NA	NA	unphased	1.02591128678085	1.02591128678085	1
20	37209963	37209964	55	19	4	2	2	1	NA	NA	NA	unphased	1.62984723854289	0.814923619271445	2
20	43726407	43726408	17	12	4	2	2	1	NA	NA	NA	unphased	2.62668665667166	1.31334332833583	2
20	43961710	43961711	79	26	4	2	2	1	NA	NA	NA	unphased	1.57184265010352	0.78592132505176	2
20	45867442	45867443	7	5	4	2	2	1	NA	NA	NA	unphased	2.64492753623188	1.32246376811594	2
20	50139684	50139685	180	76	4	2	2	1	NA	NA	NA	unphased	1.88451086956522	0.942255434782609	2
20	56730531	56730532	53	21	4	2	2	1	NA	NA	NA	unphased	1.80141010575793	0.900705052878966	2
20	57829560	57829561	74	54	4	2	2	1	NA	NA	NA	unphased	2.67798913043478	1.33899456521739	2
20	61340691	61340692	39	20	4	2	2	1	NA	NA	NA	unphased	2.1518054532056	1.0759027266028	2
20	61952405	61952406	14	6	4	2	2	1	NA	NA	NA	unphased	1.90434782608696	1.90434782608696	1
21	11058291	11058292	183	6	2	2	0	1	NA	NA	NA	unphased	0.138026224982747	0.138026224982747	1
21	32127479	32127480	77	60	2	2	0	1	NA	NA	NA	unphased	1.90415741034592	0.952078705172961	2
21	43176965	43176966	11	13	2	2	0	1	NA	NA	NA	unphased	2.35507246376812	1.17753623188406	2
21	45817641	45817642	17	14	2	2	0	1	NA	NA	NA	unphased	1.96353436185133	0.981767180925666	2
22	17690424	17690425	35	38	4.2	4	1	0.8	1	0	0.2	unphased	3.40845741512805	1.00248747503766	3.4
22	22892436	22892437	75	68	5	4	1	1	NA	NA	NA	unphased	3.49407114624506	0.873517786561265	4
22	30977566	30977567	44	10	4.04	4	1	0.76	1	0	0.24	unphased	1.1829307568438	1.1829307568438	1
22	35948128	35948129	20	23	4.04	4	1	0.76	1	0	0.24	unphased	3.41674418604651	0.970665961945032	3.52
22	36691755	36691756	28	5	4.04	4	1	0.76	1	0	0.24	unphased	0.967852437417655	0.967852437417655	1
22	38369769	38369770	42	46	4.04	4	1	0.76	1	0	0.24	unphased	3.33909090909091	1.0180155210643	3.28
22	45258299	45258300	56	9	4.04	4	1	0.76	1	0	0.24	unphased	0.884468227424749	0.884468227424749	1
3	30891527	30891528	35	16	2	2	0	1	NA	NA	NA	unphased	1.36402387041773	1.36402387041773	1
3	38597235	38597236	43	12	2	2	0	1	NA	NA	NA	unphased	0.948616600790514	0.948616600790514	1
3	50255425	50255426	16	9	2	2	0	1	NA	NA	NA	unphased	1.56521739130435	1.56521739130435	1
3	50255426	50255427	16	9	2	2	0	1	NA	NA	NA	unphased	1.56521739130435	1.56521739130435	1
3	52812461	52812462	76	37	2	2	0	1	NA	NA	NA	unphased	1.42362447095037	0.711812235475183	2
3	78766562	78766563	28	31	2	2	0	1	NA	NA	NA	unphased	2.28445099484156	1.14222549742078	2
3	88039854	88039855	14	10	2	2	0	1	NA	NA	NA	unphased	1.81159420289855	0.905797101449275	2
3	89391084	89391085	43	29	2	2	0	1	NA	NA	NA	unphased	1.7512077294686	0.8756038647343	2
3	89478287	89478288	33	14	2	2	0	1	NA	NA	NA	unphased	1.29509713228492	1.29509713228492	1
3	97705667	97705668	27	5	6	4	2	1	NA	NA	NA	unphased	1.30434782608696	1.30434782608696	1
3	100053564	100053565	19	3	6	4	2	1	NA	NA	NA	unphased	1.13833992094862	1.13833992094862	1
3	100951741	100951742	99	31	6	4	2	1	NA	NA	NA	unphased	1.99063545150502	0.995317725752508	2
3	101520452	101520453	74	30	6	4	2	1	NA	NA	NA	unphased	2.40802675585284	0.802675585284281	3
3	108324264	108324265	119	20	6	4	2	1	NA	NA	NA	unphased	1.2011260556772	1.2011260556772	1
3	108474562	108474563	63	9	6	4	2	1	NA	NA	NA	unphased	1.04347826086957	1.04347826086957	1
3	108474563	108474564	63	9	6	4	2	1	NA	NA	NA	unphased	1.04347826086957	1.04347826086957	1
3	108672477	108672478	129	32	6	4	2	1	NA	NA	NA	unphased	1.65919524709695	0.829597623548474	2
3	108677806	108677807	23	3	6	4	2	1	NA	NA	NA	unphased	0.963210702341137	0.963210702341137	1
3	111426935	111426936	105	37	6	4	2	1	NA	NA	NA	unphased	2.17513778322107	1.08756889161053	2
3	113955117	113955118	113	27	6	4	2	1	NA	NA	NA	unphased	1.60993788819876	0.804968944099379	2
3	122641115	122641116	38	12	6	4	2	1	NA	NA	NA	unphased	2.00347826086957	1.00173913043478	2
3	122944040	122944041	180	57	6	4	2	1	NA	NA	NA	unphased	2.00770500825537	1.00385250412768	2
3	124413322	124413323	142	46	6	4	2	1	NA	NA	NA	unphased	2.04255319148936	1.02127659574468	2
3	126137544	126137545	11	5	6	4	2	1	NA	NA	NA	unphased	2.60869565217391	0.869565217391305	3
3	128199889	128199890	54	15	6	4	2	1	NA	NA	NA	unphased	1.81474480151229	0.907372400756144	2
3	131254130	131254131	98	26	6	4	2	1	NA	NA	NA	unphased	1.75035063113605	0.875175315568023	2
3	133374188	133374189	100	19	6	4	2	1	NA	NA	NA	unphased	1.33284618195104	1.33284618195104	1
3	133485203	133485204	245	74	6	4	2	1	NA	NA	NA	unphased	1.93648630230339	0.968243151151697	2
3	138478074	138478075	74	31	6	4	2	1	NA	NA	NA	unphased	2.46459627329193	0.821532091097309	3
3	148601542	148601543	107	32	6	4	2	1	NA	NA	NA	unphased	1.92180168908352	0.960900844541758	2
3	158787166	158787167	64	16	6	4	2	1	NA	NA	NA	unphased	1.6695652173913	0.834782608695652	2
3	164712101	164712102	56	12	6	4	2	1	NA	NA	NA	unphased	1.47314578005115	1.47314578005115	1
3	172165866	172165867	78	19	6	4	2	1	NA	NA	NA	unphased	1.63514119229045	0.817570596145226	2
3	182605438	182605439	113	40	6	4	2	1	NA	NA	NA	unphased	2.18243819266837	1.09121909633419	2
3	184049298	184049299	226	72	6	4	2	1	NA	NA	NA	unphased	2.01692442369419	1.0084622118471	2
3	193175253	193175254	125	38	6	4	2	1	NA	NA	NA	unphased	1.94611896505735	0.973059482528674	2
3	194061977	194061978	100	36	6	4	2	1	NA	NA	NA	unphased	2.20971867007673	1.10485933503836	2
4	5692992	5692993	49	24	3	2	1	1	NA	NA	NA	unphased	1.75818939845146	0.879094699225729	2
4	7725568	7725569	46	24	3	2	1	1	NA	NA	NA	unphased	1.83354037267081	0.916770186335404	2
4	17887769	17887770	106	15	3	2	1	1	NA	NA	NA	unphased	0.66295364714337	0.66295364714337	1
4	30921839	30921840	54	11	3	2	1	1	NA	NA	NA	unphased	0.905016722408027	0.905016722408027	1
4	37839232	37839233	87	43	3	2	1	1	NA	NA	NA	unphased	1.76889632107023	0.884448160535117	2
4	40122119	40122120	44	10	3	2	1	1	NA	NA	NA	unphased	0.990338164251208	0.990338164251208	1
4	41015832	41015833	224	141	3	2	1	1	NA	NA	NA	unphased	2.06587254318046	1.03293627159023	2
4	48173466	48173467	27	17	3	2	1	1	NA	NA	NA	unphased	2.06620553359684	1.03310276679842	2
4	48994036	48994037	54	9	3	2	1	1	NA	NA	NA	unphased	0.763975155279503	0.763975155279503	1
4	57204598	57204599	46	16	3	2	1	1	NA	NA	NA	unphased	1.38008415147265	1.38008415147265	1
4	62845490	62845491	89	45	3	2	1	1	NA	NA	NA	unphased	1.79591174561973	0.897955872809864	2
4	68784911	68784912	79	24	3	2	1	1	NA	NA	NA	unphased	1.24609539890249	1.24609539890249	1
4	70361523	70361524	183	39	3	2	1	1	NA	NA	NA	unphased	0.939482961222092	0.939482961222092	1
4	71508881	71508882	147	81	3	2	1	1	NA	NA	NA	unphased	1.89988558352403	0.949942791762014	2
4	73990686	73990687	106	45	3	2	1	1	NA	NA	NA	unphased	1.59372300604665	0.796861503023323	2
4	77817644	77817645	120	56	3	2	1	1	NA	NA	NA	unphased	1.70158102766798	0.850790513833992	2
4	94376962	94376963	81	48	3	2	1	1	NA	NA	NA	unphased	1.98988877654196	0.994944388270981	2
4	102020875	102020876	20	9	3	2	1	1	NA	NA	NA	unphased	1.65967016491754	1.65967016491754	1
4	109000660	109000661	58	23	3	2	1	1	NA	NA	NA	unphased	1.51851851851852	0.759259259259259	2
4	111539322	111539323	64	6	3	2	1	1	NA	NA	NA	unphased	0.458385093167702	0.458385093167702	1
4	123949368	123949369	86	63	3	2	1	1	NA	NA	NA	unphased	2.26116136562591	1.13058068281296	2
4	123949421	123949422	104	26	3	2	1	1	NA	NA	NA	unphased	1.0695652173913	1.0695652173913	1
4	134072505	134072506	195	50	3	2	1	1	NA	NA	NA	unphased	1.09139307897072	1.09139307897072	1
4	134073773	134073774	40	5	3	2	1	1	NA	NA	NA	unphased	0.594202898550725	0.594202898550725	1
4	134073774	134073775	41	6	3	2	1	1	NA	NA	NA	unphased	0.682701202590194	0.682701202590194	1
4	152096250	152096251	93	21	3	2	1	1	NA	NA	NA	unphased	0.98512585812357	0.98512585812357	1
4	155156853	155156854	59	17	3	2	1	1	NA	NA	NA	unphased	1.19622425629291	1.19622425629291	1
4	155157650	155157651	55	35	3	2	1	1	NA	NA	NA	unphased	2.07971014492754	1.03985507246377	2
4	155461746	155461747	28	19	3	2	1	1	NA	NA	NA	unphased	2.16188714153561	1.08094357076781	2
4	155491704	155491705	73	11	3	2	1	1	NA	NA	NA	unphased	0.700310559006211	0.700310559006211	1
4	160262772	160262773	39	24	3	2	1	1	NA	NA	NA	unphased	2.03726708074534	1.01863354037267	2
4	164246785	164246786	21	16	3	2	1	1	NA	NA	NA	unphased	2.31257344300823	1.15628672150411	2
4	164435240	164435241	45	9	3	2	1	1	NA	NA	NA	unphased	0.891304347826087	0.891304347826087	1
4	164435241	164435242	45	9	3	2	1	1	NA	NA	NA	unphased	0.891304347826087	0.891304347826087	1
4	169195164	169195165	99	27	3	2	1	1	NA	NA	NA	unphased	1.14596273291925	1.14596273291925	1
4	169227792	169227793	70	23	3	2	1	1	NA	NA	NA	unphased	1.32258064516129	1.32258064516129	1
4	177071084	177071085	89	35	3	2	1	1	NA	NA	NA	unphased	1.50946704067321	0.754733520336606	2
4	177098791	177098792	32	9	3	2	1	1	NA	NA	NA	unphased	1.17391304347826	1.17391304347826	1
4	177605068	177605069	62	21	3	2	1	1	NA	NA	NA	unphased	1.3530644316396	1.3530644316396	1
4	183674683	183674684	54	13	3	2	1	1	NA	NA	NA	unphased	1.03763789746918	1.03763789746918	1
5	251212	251213	202	17	8	4	4	1	NA	NA	NA	unphased	0.803255906293429	0.803255906293429	1
5	446428	446429	54	13	8	4	4	1	NA	NA	NA	unphased	2.00778715120052	1.00389357560026	2
5	5223018	5223019	97	18	8	4	4	1	NA	NA	NA	unphased	1.61965973534972	0.809829867674858	2
5	9337882	9337883	120	24	8	4	4	1	NA	NA	NA	unphased	1.72463768115942	0.86231884057971	2
5	23526572	23526573	53	27	3.72	4	2	0.43	1	1	0.57	unphased	2.04789130434783	1.10101683029453	1.86
5	31799688	31799689	146	36	3.72	4	2	0.43	1	1	0.57	unphased	1.20022933588151	1.20022933588151	1
5	36986094	36986095	152	36	3.72	4	2	0.43	1	1	0.57	unphased	1.16192414431082	1.16192414431082	1
5	45262158	45262159	127	50	3.72	4	2	0.43	1	1	0.57	unphased	1.71407516580693	0.92154578806824	1.86
5	45303918	45303919	157	39	3.72	4	2	0.43	1	1	0.57	unphased	1.2073735581189	1.2073735581189	1
5	49695091	49695092	57	10	6	4	2	1	NA	NA	NA	unphased	1.24594419208306	1.24594419208306	1
5	55407565	55407566	46	34	2	2	0	1	NA	NA	NA	unphased	1.84782608695652	0.923913043478261	2
5	55407566	55407567	46	35	2	2	0	1	NA	NA	NA	unphased	1.87869028448739	0.939345142243693	2
5	71492947	71492948	41	33	2	2	0	1	NA	NA	NA	unphased	1.93889541715629	0.969447708578143	2
5	118824963	118824964	50	38	2	2	0	1	NA	NA	NA	unphased	1.87747035573123	0.938735177865613	2
5	121758813	121758814	21	20	2	2	0	1	NA	NA	NA	unphased	2.12089077412513	1.06044538706257	2
5	131549732	131549733	27	38	2	2	0	1	NA	NA	NA	unphased	2.54180602006689	1.27090301003344	2
5	140769787	140769788	95	96	2	2	0	1	NA	NA	NA	unphased	2.18529478716139	1.0926473935807	2
5	140787864	140787865	14	10	2	2	0	1	NA	NA	NA	unphased	1.81159420289855	0.905797101449275	2
5	147862819	147862820	17	8	2	2	0	1	NA	NA	NA	unphased	1.39130434782609	1.39130434782609	1
5	169127138	169127139	78	55	2	2	0	1	NA	NA	NA	unphased	1.7979731938542	0.8989865969271	2
5	169494600	169494601	42	40	2	2	0	1	NA	NA	NA	unphased	2.12089077412513	1.06044538706257	2
5	171326921	171326922	76	62	2	2	0	1	NA	NA	NA	unphased	1.9533711405167	0.976685570258349	2
6	3012774	3012775	52	21	3	2	1	1	NA	NA	NA	unphased	1.53841572364503	0.769207861822513	2
6	10400822	10400823	36	24	3	2	1	1	NA	NA	NA	unphased	2.13913043478261	1.0695652173913	2
6	26104259	26104260	88	9	3	2	1	1	NA	NA	NA	unphased	0.496190049305244	0.496190049305244	1
6	26104260	26104261	87	8	3	2	1	1	NA	NA	NA	unphased	0.450343249427918	0.450343249427918	1
6	28473536	28473537	48	35	3	2	1	1	NA	NA	NA	unphased	2.255107386066	1.127553693033	2
6	28829475	28829476	3	5	3	2	1	1	NA	NA	NA	unphased	3.34239130434783	1.67119565217391	2
6	29012946	29012947	37	19	3	2	1	1	NA	NA	NA	unphased	1.81444099378882	0.90722049689441	2
6	29640809	29640810	190	107	3	2	1	1	NA	NA	NA	unphased	1.92665788317962	0.963328941589811	2
6	30954782	30954783	265	60	3	2	1	1	NA	NA	NA	unphased	0.987290969899666	0.987290969899666	1
6	37186681	37186682	169	27	3	2	1	1	NA	NA	NA	unphased	0.736690328305235	0.736690328305235	1
6	41060822	41060823	27	17	3	2	1	1	NA	NA	NA	unphased	2.06620553359684	1.03310276679842	2
6	45909349	45909350	66	15	3	2	1	1	NA	NA	NA	unphased	0.990338164251208	0.990338164251208	1
6	50683215	50683216	93	28	3	2	1	1	NA	NA	NA	unphased	1.23751347466762	1.23751347466762	1
6	73787592	73787593	27	9	3	2	1	1	NA	NA	NA	unphased	1.33695652173913	1.33695652173913	1
6	80721185	80721186	66	21	3	2	1	1	NA	NA	NA	unphased	1.29085457271364	1.29085457271364	1
6	80912906	80912907	70	17	3	2	1	1	NA	NA	NA	unphased	1.04497751124438	1.04497751124438	1
6	82933185	82933186	52	26	3	2	1	1	NA	NA	NA	unphased	1.78260869565217	0.891304347826087	2
6	90562928	90562929	9	3	3	2	1	1	NA	NA	NA	unphased	1.33695652173913	1.33695652173913	1
6	97677200	97677201	27	14	3	2	1	1	NA	NA	NA	unphased	1.82608695652174	0.91304347826087	2
6	99322112	99322113	31	11	3	2	1	1	NA	NA	NA	unphased	1.40062111801242	1.40062111801242	1
6	101296052	101296053	35	20	3	2	1	1	NA	NA	NA	unphased	1.94466403162055	0.972332015810277	2
6	116442506	116442507	58	16	3	2	1	1	NA	NA	NA	unphased	1.15628672150411	1.15628672150411	1
6	118596724	118596725	62	25	3	2	1	1	NA	NA	NA	unphased	1.53673163418291	0.768365817091454	2
6	126805850	126805851	9	3	3	2	1	1	NA	NA	NA	unphased	1.33695652173913	1.33695652173913	1
6	126805851	126805852	9	4	3	2	1	1	NA	NA	NA	unphased	1.64548494983278	1.64548494983278	1
6	129419483	129419484	52	26	3	2	1	1	NA	NA	NA	unphased	1.78260869565217	0.891304347826087	2
6	130762770	130762771	64	5	3	2	1	1	NA	NA	NA	unphased	0.387523629489603	0.387523629489603	1
6	131913564	131913565	63	21	3	2	1	1	NA	NA	NA	unphased	1.33695652173913	1.33695652173913	1
6	132171182	132171183	77	17	3	2	1	1	NA	NA	NA	unphased	0.967160037002775	0.967160037002775	1
6	132270639	132270640	319	145	3	2	1	1	NA	NA	NA	unphased	1.67119565217391	0.835597826086957	2
6	132892240	132892241	62	5	3	2	1	1	NA	NA	NA	unphased	0.399091499026606	0.399091499026606	1
6	133044945	133044946	20	4	3	2	1	1	NA	NA	NA	unphased	0.891304347826087	0.891304347826087	1
6	134495953	134495954	76	52	3	2	1	1	NA	NA	NA	unphased	2.17255434782609	1.08627717391304	2
6	148865373	148865374	83	24	3	2	1	1	NA	NA	NA	unphased	1.19951239333604	1.19951239333604	1
6	152129454	152129455	6	6	3	2	1	1	NA	NA	NA	unphased	2.67391304347826	1.33695652173913	2
6	152599240	152599241	144	28	3	2	1	1	NA	NA	NA	unphased	0.870576339737108	0.870576339737108	1
6	152755037	152755038	37	6	3	2	1	1	NA	NA	NA	unphased	0.746208291203236	0.746208291203236	1
6	165712934	165712935	42	18	3	2	1	1	NA	NA	NA	unphased	1.60434782608696	0.802173913043478	2
6	166581076	166581077	6	3	3	2	1	1	NA	NA	NA	unphased	1.78260869565217	1.78260869565217	1
6	168299085	168299086	39	15	3	2	1	1	NA	NA	NA	unphased	1.48550724637681	1.48550724637681	1
6	170697423	170697424	39	16	3	2	1	1	NA	NA	NA	unphased	1.55573122529644	0.777865612648221	2
7	4901389	4901390	12	5	3	2	1	1	NA	NA	NA	unphased	1.57289002557545	1.57289002557545	1
7	5922180	5922181	160	29	3	2	1	1	NA	NA	NA	unphased	0.820565907522429	0.820565907522429	1
7	30538491	30538492	79	27	3	2	1	1	NA	NA	NA	unphased	1.36218211648893	0.681091058244463	2
7	30538492	30538493	82	27	3	2	1	1	NA	NA	NA	unphased	1.32469086557639	1.32469086557639	1
7	34867213	34867214	41	31	3	2	1	1	NA	NA	NA	unphased	2.30253623188406	1.15126811594203	2
7	44119223	44119224	66	47	3	2	1	1	NA	NA	NA	unphased	2.22431704501731	1.11215852250866	2
7	44251952	44251953	73	15	3	2	1	1	NA	NA	NA	unphased	0.911561264822134	0.911561264822134	1
7	44425721	44425722	23	20	3	2	1	1	NA	NA	NA	unphased	2.48736097067745	1.24368048533873	2
7	55863650	55863651	93	20	3	2	1	1	NA	NA	NA	unphased	0.946517891496729	0.946517891496729	1
7	72722805	72722806	44	9	3	2	1	1	NA	NA	NA	unphased	0.908121410992617	0.908121410992617	1
7	82595770	82595771	72	12	3	2	1	1	NA	NA	NA	unphased	0.763975155279503	0.763975155279503	1
7	91708479	91708480	36	19	3	2	1	1	NA	NA	NA	unphased	1.84743083003953	0.923715415019763	2
7	96747064	96747065	112	10	3	2	1	1	NA	NA	NA	unphased	0.438346400570207	0.438346400570207	1
7	100151086	100151087	90	17	3	2	1	1	NA	NA	NA	unphased	0.849654611946363	0.849654611946363	1
7	100482590	100482591	308	62	3	2	1	1	NA	NA	NA	unphased	0.896122209165687	0.896122209165687	1
7	100608877	100608878	49	6	3	2	1	1	NA	NA	NA	unphased	0.583399209486166	0.583399209486166	1
7	100732315	100732316	144	32	3	2	1	1	NA	NA	NA	unphased	0.972332015810277	0.972332015810277	1
7	103841213	103841214	8	6	3	2	1	1	NA	NA	NA	unphased	2.29192546583851	1.14596273291925	2
7	107710209	107710210	70	47	3	2	1	1	NA	NA	NA	unphased	2.14827201783724	1.07413600891862	2
7	108137966	108137967	29	14	3	2	1	1	NA	NA	NA	unphased	1.74115267947422	0.870576339737108	2
7	117171057	117171058	20	9	3	2	1	1	NA	NA	NA	unphased	1.65967016491754	1.65967016491754	1
7	127544870	127544871	29	10	3	2	1	1	NA	NA	NA	unphased	1.37123745819398	1.37123745819398	1
7	127725795	127725796	95	24	3	2	1	1	NA	NA	NA	unphased	1.07855316039459	1.07855316039459	1
7	127892112	127892113	163	33	3	2	1	1	NA	NA	NA	unphased	0.900399290150843	0.900399290150843	1
7	128455922	128455923	30	6	3	2	1	1	NA	NA	NA	unphased	0.891304347826087	0.891304347826087	1
7	135263498	135263499	39	26	3	2	1	1	NA	NA	NA	unphased	2.13913043478261	1.0695652173913	2
7	135276232	135276233	41	8	3	2	1	1	NA	NA	NA	unphased	0.873114463176575	0.873114463176575	1
7	136938311	136938312	51	9	3	2	1	1	NA	NA	NA	unphased	0.802173913043478	0.802173913043478	1
7	138441231	138441232	193	44	3	2	1	1	NA	NA	NA	unphased	0.99284534947716	0.99284534947716	1
7	138763388	138763389	25	15	3	2	1	1	NA	NA	NA	unphased	2.0054347826087	1.00271739130435	2
7	141758009	141758010	210	107	3	2	1	1	NA	NA	NA	unphased	1.80510218077081	0.902551090385407	2
7	142919757	142919758	87	38	3	2	1	1	NA	NA	NA	unphased	1.62573913043478	0.812869565217391	2
7	143140665	143140666	103	42	3	2	1	1	NA	NA	NA	unphased	1.54902548725637	0.774512743628186	2
7	143792882	143792883	143	88	3	2	1	1	NA	NA	NA	unphased	2.03726708074534	1.01863354037267	2
8	25340941	25340942	28	17	2	2	0	1	NA	NA	NA	unphased	1.64251207729469	0.821256038647343	2
8	38700910	38700911	221	22	9	7	2	1	NA	NA	NA	unphased	1.02737520128824	1.02737520128824	1
8	39624693	39624694	125	61	4	2	2	1	NA	NA	NA	unphased	2.08181393174381	1.0409069658719	2
8	39836621	39836622	14	3	4	2	2	1	NA	NA	NA	unphased	1.12020460358056	1.12020460358056	1
8	39836622	39836623	15	3	4	2	2	1	NA	NA	NA	unphased	1.05797101449275	1.05797101449275	1
8	56270265	56270266	60	30	4	2	2	1	NA	NA	NA	unphased	2.11594202898551	1.05797101449275	2
8	61765953	61765954	43	21	4	2	2	1	NA	NA	NA	unphased	2.08288043478261	1.0414402173913	2
8	70744556	70744557	47	31	4	2	2	1	NA	NA	NA	unphased	2.52285395763657	1.26142697881828	2
8	72935316	72935317	31	8	4	2	2	1	NA	NA	NA	unphased	1.30211817168339	1.30211817168339	1
8	77616314	77616315	19	15	4	2	2	1	NA	NA	NA	unphased	2.80051150895141	1.4002557544757	2
8	77618036	77618037	51	14	4	2	2	1	NA	NA	NA	unphased	1.36722408026756	1.36722408026756	1
8	77618619	77618620	37	12	4	2	2	1	NA	NA	NA	unphased	1.55456965394854	1.55456965394854	1
8	77766231	77766232	189	72	4	2	2	1	NA	NA	NA	unphased	1.75112443778111	0.875562218890555	2
8	80915350	80915351	47	8	4	2	2	1	NA	NA	NA	unphased	0.923320158102767	0.923320158102767	1
8	87235200	87235201	85	29	4	2	2	1	NA	NA	NA	unphased	1.61479786422578	0.807398932112891	2
8	95877879	95877880	172	64	4	2	2	1	NA	NA	NA	unphased	1.72144436256448	0.86072218128224	2
8	105361741	105361742	205	104	4	2	2	1	NA	NA	NA	unphased	2.13648515548051	1.06824257774026	2
8	105368412	105368413	27	6	4	2	2	1	NA	NA	NA	unphased	1.15415019762846	1.15415019762846	1
8	110346325	110346326	28	6	4	2	2	1	NA	NA	NA	unphased	1.12020460358056	1.12020460358056	1
8	131964181	131964182	45	21	4	2	2	1	NA	NA	NA	unphased	2.0197628458498	1.0098814229249	2
8	133650214	133650215	55	26	4	2	2	1	NA	NA	NA	unphased	2.03757380568975	1.01878690284487	2
8	139890219	139890220	9	5	4	2	2	1	NA	NA	NA	unphased	2.26708074534162	1.13354037267081	2
8	141828977	141828978	114	33	4	2	2	1	NA	NA	NA	unphased	1.42502218278616	0.712511091393079	2
8	145582992	145582993	43	25	4	2	2	1	NA	NA	NA	unphased	2.33375959079284	1.16687979539642	2
8	145698582	145698583	7	4	4	2	2	1	NA	NA	NA	unphased	2.30830039525692	2.30830039525692	1
9	311993	311994	126	90	2	2	0	1	NA	NA	NA	unphased	1.81159420289855	0.905797101449275	2
9	21187363	21187364	64	55	2	2	0	1	NA	NA	NA	unphased	2.00949945195469	1.00474972597735	2
9	21974729	21974730	49	42	2	2	0	1	NA	NA	NA	unphased	2.0066889632107	1.00334448160535	2
9	21974730	21974731	49	41	2	2	0	1	NA	NA	NA	unphased	1.98067632850242	0.990338164251208	2
9	23692675	23692676	60	24	2	2	0	1	NA	NA	NA	unphased	1.24223602484472	1.24223602484472	1
9	67951954	67951955	196	46	2	2	0	1	NA	NA	NA	unphased	0.826446280991736	0.826446280991736	1
9	94486777	94486778	9	20	2	2	0	1	NA	NA	NA	unphased	2.99850074962519	1.49925037481259	2
9	100692664	100692665	84	68	2	2	0	1	NA	NA	NA	unphased	1.94508009153318	0.97254004576659	2
9	104449076	104449077	19	10	2	2	0	1	NA	NA	NA	unphased	1.49925037481259	1.49925037481259	1
9	115652736	115652737	102	61	2	2	0	1	NA	NA	NA	unphased	1.62710056014937	0.813550280074687	2
9	125437498	125437499	68	55	2	2	0	1	NA	NA	NA	unphased	1.94414987628137	0.972074938140686	2
9	127549515	127549516	22	17	2	2	0	1	NA	NA	NA	unphased	1.89520624303233	0.947603121516165	2
X	1522107	1522108	9	3	NA	NA	NA	NA	NA	NA	NA	unphased	NA	NA	1
X	34962454	34962455	18	62	NA	NA	NA	NA	NA	NA	NA	unphased	NA	NA	1
X	44703852	44703853	16	32	NA	NA	NA	NA	NA	NA	NA	unphased	NA	NA	1
X	47918669	47918670	15	18	NA	NA	NA	NA	NA	NA	NA	unphased	NA	NA	1
X	48419120	48419121	28	50	NA	NA	NA	NA	NA	NA	NA	unphased	NA	NA	1
X	54335678	54335679	13	12	NA	NA	NA	NA	NA	NA	NA	unphased	NA	NA	1
X	69282451	69282452	3	12	NA	NA	NA	NA	NA	NA	NA	unphased	NA	NA	1
X	71886091	71886092	10	16	NA	NA	NA	NA	NA	NA	NA	unphased	NA	NA	1
X	73065168	73065169	37	71	NA	NA	NA	NA	NA	NA	NA	unphased	NA	NA	1
X	73068383	73068384	10	8	NA	NA	NA	NA	NA	NA	NA	unphased	NA	NA	1
X	73071130	73071131	40	56	NA	NA	NA	NA	NA	NA	NA	unphased	NA	NA	1
X	73962269	73962270	24	22	NA	NA	NA	NA	NA	NA	NA	unphased	NA	NA	1
X	78616939	78616940	13	25	NA	NA	NA	NA	NA	NA	NA	unphased	NA	NA	1
X	85119750	85119751	9	7	NA	NA	NA	NA	NA	NA	NA	unphased	NA	NA	1
X	91132519	91132520	38	41	NA	NA	NA	NA	NA	NA	NA	unphased	NA	NA	1
X	110463695	110463696	6	11	NA	NA	NA	NA	NA	NA	NA	unphased	NA	NA	1
X	119562257	119562258	6	6	NA	NA	NA	NA	NA	NA	NA	unphased	NA	NA	1
X	122616654	122616655	52	68	NA	NA	NA	NA	NA	NA	NA	unphased	NA	NA	1
X	148038098	148038099	15	29	NA	NA	NA	NA	NA	NA	NA	unphased	NA	NA	1
X	150828234	150828235	21	30	NA	NA	NA	NA	NA	NA	NA	unphased	NA	NA	1
X	151284173	151284174	17	23	NA	NA	NA	NA	NA	NA	NA	unphased	NA	NA	1
