chr	start	end	WT.count	mut.count	subclonal.CN	nMaj1	nMin1	frac1	nMaj2	nMin2	frac2	phase	mutation.copy.number	subclonal.fraction	no.chrs.bearing.mut
1	228459864	228459865	36	5	3	2	1	1	NA	NA	NA	unphased	0.689166193987521	0.689166193987521	1
11	65660406	65660407	44	3	3	2	1	1	NA	NA	NA	unphased	0.360712518555171	0.360712518555171	1
11	117784511	117784512	60	14	3	2	1	1	NA	NA	NA	unphased	1.06913890634821	1.06913890634821	1
14	63784451	63784452	47	5	1.09	4	0	0.03	0	1	0.97	unphased	0.359727191413238	0.359727191413238	1
16	50667218	50667219	102	17	1.1	2	1	0.05	0	1	0.95	unphased	0.535880398671096	0.535880398671096	1
19	6919678	6919679	87	19	2	1	1	1	NA	NA	NA	unphased	0.833698990785432	0.833698990785432	1
19	37619246	37619247	43	8	2	1	1	1	NA	NA	NA	unphased	0.729594163246694	0.729594163246694	1
2	231222645	231222646	240	40	3	2	1	1	NA	NA	NA	unphased	0.807308970099668	0.807308970099668	1
2	232458073	232458074	84	5	3	2	1	1	NA	NA	NA	unphased	0.317481055657173	0.317481055657173	1
20	23016702	23016703	34	11	2	1	1	1	NA	NA	NA	unphased	1.13695090439276	1.13695090439276	1
21	26965142	26965143	59	19	4	2	2	1	NA	NA	NA	unphased	1.62015503875969	0.810077519379845	2
22	45309827	45309828	100	19	2.52	3	1	0.26	1	1	0.74	unphased	0.825647840531562	0.825647840531562	1
3	47288870	47288871	65	11	3	2	1	1	NA	NA	NA	unphased	0.817931456548348	0.817931456548348	1
4	87968333	87968334	109	19	3	2	1	1	NA	NA	NA	unphased	0.838844476744186	0.838844476744186	1
4	155508069	155508070	52	14	3	2	1	1	NA	NA	NA	unphased	1.19873150105708	1.19873150105708	1
5	68616340	68616341	60	16	3	2	1	1	NA	NA	NA	unphased	1.18971848225214	1.18971848225214	1
6	108042096	108042097	69	12	3	2	1	1	NA	NA	NA	unphased	0.837209302325581	0.837209302325581	1
8	100836131	100836132	115	29	2	1	1	1	NA	NA	NA	unphased	0.936692506459948	0.936692506459948	1
X	9661223	9661224	109	16	NA	NA	NA	NA	NA	NA	NA	unphased	NA	NA	1
X	85219007	85219008	62	12	NA	NA	NA	NA	NA	NA	NA	unphased	NA	NA	1
X	153132163	153132164	85	10	NA	NA	NA	NA	NA	NA	NA	unphased	NA	NA	1
