chr	start	end	WT.count	mut.count	subclonal.CN	nMaj1	nMin1	frac1	nMaj2	nMin2	frac2	phase	mutation.copy.number	subclonal.fraction	no.chrs.bearing.mut
1	11561390	11561391	48	9	2	1	1	0.52	1	1	0.48	unphased	1.43540669856459	1.43540669856459	1
1	11561391	11561392	48	9	2	1	1	0.52	1	1	0.48	unphased	1.43540669856459	1.43540669856459	1
1	12443052	12443053	132	15	2	1	1	0.52	1	1	0.48	unphased	0.927643784786642	0.927643784786642	1
1	33237843	33237844	37	9	2	1	1	0.52	1	1	0.48	unphased	1.77865612648221	1.77865612648221	1
1	44878021	44878022	269	43	2	1	1	0.52	1	1	0.48	unphased	1.25291375291375	1.25291375291375	1
1	52824793	52824794	35	3	2	1	1	0.52	1	1	0.48	unphased	0.717703349282297	0.717703349282297	1
1	66067233	66067234	57	7	2	1	1	0.52	1	1	0.48	unphased	0.994318181818182	0.994318181818182	1
1	82447610	82447611	82	5	2	1	1	0.52	1	1	0.48	unphased	0.522466039707419	0.522466039707419	1
1	147230432	147230433	103	23	NA	NA	NA	NA	NA	NA	NA	unphased	NA	NA	1
1	152975884	152975885	28	25	2.2	4	2	0.24	1	0	0.76	unphased	4.38250428816467	1.35262478029774	3.24
1	154842107	154842108	24	3	2.2	4	2	0.24	1	0	0.76	unphased	1.03232323232323	1.03232323232323	1
1	158607901	158607902	69	35	2.2	4	2	0.24	1	0	0.76	unphased	3.12674825174825	0.965045756712423	3.24
1	158646019	158646020	172	68	2.2	4	2	0.24	1	0	0.76	unphased	2.63242424242424	1.06146138807429	2.48
1	176659499	176659500	75	15	2.48	2	2	0.24	1	1	0.76	unphased	1.59515151515151	1.28641251221896	1.24
1	196395118	196395119	48	4	2.48	2	2	0.24	1	1	0.76	unphased	0.736223776223776	0.736223776223776	1
1	196715038	196715039	154	17	5.06	6	2	0.58	1	0	0.42	unphased	1.2079851143009	1.2079851143009	1
1	197070671	197070672	44	19	5.06	6	2	0.58	1	0	0.42	unphased	3.66455988455988	0.979828846139007	3.74
1	213415129	213415130	126	13	2.32	2	2	0.16	1	1	0.84	unphased	0.880156965336822	0.880156965336822	1
1	235826160	235826161	75	9	2.32	2	2	0.16	1	1	0.84	unphased	1.00831168831169	1.00831168831169	1
1	235826161	235826162	74	9	2.32	2	2	0.16	1	1	0.84	unphased	1.02046002190581	1.02046002190581	1
1	240370210	240370211	46	6	2.32	2	2	0.16	1	1	0.84	unphased	1.08587412587413	1.08587412587413	1
1	247875752	247875753	52	7	NA	NA	NA	NA	NA	NA	NA	unphased	NA	NA	1
1	248223998	248223999	193	35	NA	NA	NA	NA	NA	NA	NA	unphased	NA	NA	1
1	248224549	248224550	85	19	NA	NA	NA	NA	NA	NA	NA	unphased	NA	NA	1
10	12130994	12130995	126	21	3.65	3	2	0.55	1	1	0.45	unphased	1.53441558441558	0.989945538332635	1.55
10	16949576	16949577	40	12	3.65	3	2	0.55	1	1	0.45	unphased	2.47867132867133	0.972027972027972	2.55
10	18937490	18937491	45	14	3.65	3	2	0.55	1	1	0.45	unphased	2.54869029275809	0.999486389316898	2.55
10	18963064	18963065	37	8	3.65	3	2	0.55	1	1	0.45	unphased	1.90949494949495	0.909283309283309	2.1
10	85964304	85964305	60	20	2.82	2	2	0.41	1	1	0.59	unphased	2.47772727272727	1.75725338491296	1.41
10	85992402	85992403	33	9	2.82	2	2	0.41	1	1	0.59	unphased	2.12376623376623	1.50621718706825	1.41
10	85992403	85992404	32	9	2.82	2	2	0.41	1	1	0.59	unphased	2.17556541019956	1.54295419163089	1.41
10	97919613	97919614	53	18	2.82	2	2	0.41	1	1	0.59	unphased	2.51262483994878	1.78200343258779	1.41
10	99330224	99330225	48	17	2.82	2	2	0.41	1	1	0.59	unphased	2.59208391608392	1.83835738729356	1.41
10	135183536	135183537	37	10	2.82	2	2	0.41	1	1	0.59	unphased	2.10870406189555	1.4955347956706	1.41
11	5906326	5906327	81	7	4	3	1	1	NA	NA	NA	unphased	0.882231404958678	0.882231404958678	1
11	6789714	6789715	39	9	4	3	1	1	NA	NA	NA	unphased	2.07954545454545	1.03977272727273	2
11	8704753	8704754	78	6	4	3	1	1	NA	NA	NA	unphased	0.792207792207792	0.792207792207792	1
11	19914046	19914047	54	6	4	3	1	1	NA	NA	NA	unphased	1.10909090909091	1.10909090909091	1
11	30033447	30033448	104	9	4	3	1	1	NA	NA	NA	unphased	0.883346741753821	0.883346741753821	1
11	47359002	47359003	47	6	4	3	1	1	NA	NA	NA	unphased	1.25557461406518	1.25557461406518	1
11	55406504	55406505	49	11	4	3	1	1	NA	NA	NA	unphased	2.03333333333333	1.01666666666667	2
11	55944766	55944767	85	8	4	3	1	1	NA	NA	NA	unphased	0.95405669599218	0.95405669599218	1
11	60201282	60201283	74	22	4	3	1	1	NA	NA	NA	unphased	2.54166666666667	0.847222222222222	3
11	62656020	62656021	82	49	4	3	1	1	NA	NA	NA	unphased	4.14850798056905	1.38283599352302	3
11	67267218	67267219	66	11	4	3	1	1	NA	NA	NA	unphased	1.58441558441558	1.58441558441558	1
11	124748266	124748267	35	6	4	3	1	1	NA	NA	NA	unphased	1.62305986696231	1.62305986696231	1
12	4735676	4735677	64	18	5.24	4	4	0.54	1	1	0.46	unphased	2.70678492239468	1.03312401618117	2.62
12	26568391	26568392	104	27	5.24	4	4	0.54	1	1	0.46	unphased	2.54148507980569	1.00058467708885	2.54
12	53005043	53005044	76	8	3.2	4	0	0.6	1	1	0.4	unphased	0.98008658008658	0.98008658008658	1
12	57441542	57441543	11	4	3.2	4	0	0.6	1	1	0.4	unphased	2.74424242424242	0.98008658008658	2.8
12	64879782	64879783	155	32	NA	NA	NA	NA	NA	NA	NA	unphased	NA	NA	1
12	67696362	67696363	65	70	7	7	0	1	NA	NA	NA	unphased	7.30639730639731	1.04377104377104	7
12	119568592	119568593	26	11	4	4	0	1	NA	NA	NA	unphased	3.2972972972973	1.0990990990991	3
13	29600717	29600718	16	6	2.52	2	2	0.26	1	1	0.74	unphased	2.62115702479339	2.08028335301063	1.26
13	53422446	53422447	95	20	2.52	2	2	0.26	1	1	0.74	unphased	1.67146245059289	1.32655750047054	1.26
13	53422451	53422452	93	19	2.52	2	2	0.26	1	1	0.74	unphased	1.63042207792208	1.29398577612863	1.26
13	70456541	70456542	53	9	2.52	2	2	0.26	1	1	0.74	unphased	1.39513196480938	1.39513196480938	1
13	101707586	101707587	23	3	2.52	2	2	0.26	1	1	0.74	unphased	1.10895104895105	1.10895104895105	1
14	22204979	22204980	78	11	6	4	2	1	NA	NA	NA	unphased	1.61797752808989	1.61797752808989	1
14	23793473	23793474	113	9	6	4	2	1	NA	NA	NA	unphased	0.965722801788376	0.965722801788376	1
14	63483652	63483653	68	7	6	4	2	1	NA	NA	NA	unphased	1.22181818181818	1.22181818181818	1
14	77895402	77895403	71	26	6	4	2	1	NA	NA	NA	unphased	3.50890346766635	0.877225866916588	4
14	96757169	96757170	77	37	6	4	2	1	NA	NA	NA	unphased	4.2488038277512	1.0622009569378	4
14	105478168	105478169	70	30	8	4	4	1	NA	NA	NA	unphased	4.52727272727273	1.13181818181818	4
14	106518557	106518558	266	14	NA	NA	NA	NA	NA	NA	NA	unphased	NA	NA	1
14	106805363	106805364	241	31	NA	NA	NA	NA	NA	NA	NA	unphased	NA	NA	1
15	79294127	79294128	76	7	4	3	1	1	NA	NA	NA	unphased	0.935377875136911	0.935377875136911	1
15	88679740	88679741	18	6	4	3	1	1	NA	NA	NA	unphased	2.77272727272727	0.924242424242424	3
16	3640749	3640750	87	14	2.82	2	2	0.41	1	1	0.59	unphased	1.37378937893789	1.37378937893789	1
16	15719527	15719528	100	15	2.82	2	2	0.41	1	1	0.59	unphased	1.29272727272727	1.29272727272727	1
16	19067991	19067992	88	8	2.82	2	2	0.41	1	1	0.59	unphased	0.825909090909091	0.825909090909091	1
16	24166100	24166101	30	7	4.85	4	2	0.77	1	0	0.23	unphased	2.25909090909091	0.88940586972083	2.54
16	24202418	24202419	74	18	4.85	4	2	0.77	1	0	0.23	unphased	2.33626482213439	0.919789300052908	2.54
16	48117655	48117656	191	75	4.85	4	2	0.77	1	0	0.23	unphased	3.3667976760082	1.0171594187336	3.31
16	51174518	51174519	54	19	4.85	4	2	0.77	1	0	0.23	unphased	3.10790784557908	0.938944968452894	3.31
16	57722282	57722283	124	56	4.85	4	2	0.77	1	0	0.23	unphased	3.71494949494949	0.985397744018434	3.77
16	75146416	75146417	28	6	4.85	4	2	0.77	1	0	0.23	unphased	2.1072192513369	2.1072192513369	1
17	10298649	10298650	45	30	4	4	0	1	NA	NA	NA	unphased	4.43636363636364	1.10909090909091	4
17	10298650	10298651	45	30	4	4	0	1	NA	NA	NA	unphased	4.43636363636364	1.10909090909091	4
17	39780826	39780827	6	3	4	4	0	1	NA	NA	NA	unphased	3.6969696969697	0.924242424242424	4
17	40738092	40738093	136	7	4	4	0	1	NA	NA	NA	unphased	0.542911633820725	0.542911633820725	1
17	47041684	47041685	62	25	4	4	0	1	NA	NA	NA	unphased	3.18704284221526	1.06234761407175	3
17	47041685	47041686	64	24	4	4	0	1	NA	NA	NA	unphased	3.02479338842975	1.00826446280992	3
17	48918273	48918274	22	17	4	4	0	1	NA	NA	NA	unphased	4.83449883449883	1.20862470862471	4
17	51900825	51900826	57	21	4	4	0	1	NA	NA	NA	unphased	2.98601398601399	0.995337995337995	3
17	53853442	53853443	41	4	4	4	0	1	NA	NA	NA	unphased	0.985858585858586	0.985858585858586	1
17	62533848	62533849	3	7	4	4	0	1	NA	NA	NA	unphased	7.76363636363636	1.94090909090909	4
18	5395143	5395144	55	13	2.92	2	2	0.46	1	1	0.54	unphased	1.91385026737968	1.31085634752033	1.46
18	14763930	14763931	17	8	2.92	2	2	0.46	1	1	0.54	unphased	3.20349090909091	2.19417185554172	1.46
18	18547016	18547017	76	19	2.92	2	2	0.46	1	1	0.54	unphased	2.00218181818182	1.37135740971357	1.46
18	19378177	19378178	78	28	2.92	2	2	0.46	1	1	0.54	unphased	2.6443910806175	1.81122676754623	1.46
18	60998936	60998937	40	3	2.92	2	2	0.46	1	1	0.54	unphased	0.698435517970402	0.698435517970402	1
19	7809892	7809893	57	6	3	3	0	1	NA	NA	NA	unphased	0.961038961038961	0.961038961038961	1
19	9050192	9050193	208	103	3	3	0	1	NA	NA	NA	unphased	3.34200526161941	1.11400175387314	3
19	9721786	9721787	55	5	3	3	0	1	NA	NA	NA	unphased	0.840909090909091	0.840909090909091	1
19	15838949	15838950	155	50	3	3	0	1	NA	NA	NA	unphased	2.46119733924612	0.82039911308204	3
19	18329811	18329812	25	16	3	3	0	1	NA	NA	NA	unphased	3.93791574279379	1.31263858093126	3
19	55045149	55045150	17	19	5	5	0	1	NA	NA	NA	unphased	6.38131313131313	1.27626262626263	5
19	57889205	57889206	54	60	5	5	0	1	NA	NA	NA	unphased	6.36363636363636	1.27272727272727	5
19	58772315	58772316	50	3	5	5	0	1	NA	NA	NA	unphased	0.684391080617496	0.684391080617496	1
2	26532897	26532898	69	12	4.68	3	3	0.67	1	1	0.33	unphased	1.74383838383838	1.04421460110083	1.67
2	29259480	29259481	54	13	4.68	3	3	0.67	1	1	0.33	unphased	2.28390773405699	0.9760289461782	2.34
2	48037547	48037548	40	3	4.68	3	3	0.67	1	1	0.33	unphased	0.82122621564482	0.82122621564482	1
2	54114518	54114519	37	17	4.68	3	3	0.67	1	1	0.33	unphased	3.70565656565657	1.38788635417849	2.67
2	77748798	77748799	194	27	4.68	3	3	0.67	1	1	0.33	unphased	1.43807486631016	0.861122674437222	1.67
2	90229432	90229433	43	15	4.68	3	3	0.67	1	1	0.33	unphased	3.04420062695925	1.14015004755028	2.67
2	120439106	120439107	57	20	4.68	3	3	0.67	1	1	0.33	unphased	3.05737898465171	1.14508576204184	2.67
2	155115592	155115593	100	41	4.68	3	3	0.67	1	1	0.33	unphased	3.42274661508704	1.28192757119365	2.67
2	179407583	179407584	149	47	4.68	3	3	0.67	1	1	0.33	unphased	2.8226159554731	1.05715953388506	2.67
2	179426297	179426298	38	10	4.68	3	3	0.67	1	1	0.33	unphased	2.45227272727273	1.0479797979798	2.34
2	179631300	179631301	47	15	4.68	3	3	0.67	1	1	0.33	unphased	2.84780058651026	1.06659197996639	2.67
2	192012858	192012859	85	26	4.68	3	3	0.67	1	1	0.33	unphased	2.75714987714988	1.03264040342692	2.67
2	220026730	220026731	28	10	3	3	0	1	NA	NA	NA	unphased	2.6555023923445	0.885167464114833	3
2	223096896	223096897	127	23	3	3	0	1	NA	NA	NA	unphased	1.54727272727273	0.773636363636364	2
2	227953482	227953483	57	24	3	3	0	1	NA	NA	NA	unphased	2.98989898989899	0.996632996632997	3
2	234890477	234890478	53	31	3	3	0	1	NA	NA	NA	unphased	3.72402597402597	1.24134199134199	3
2	238726614	238726615	66	19	6	3	3	1	NA	NA	NA	unphased	2.92620320855615	0.975401069518717	3
20	139472	139473	44	11	NA	NA	NA	NA	NA	NA	NA	unphased	NA	NA	1
20	42204950	42204951	73	5	2.98	2	2	0.49	1	1	0.51	unphased	0.645571095571096	0.645571095571096	1
20	44979049	44979050	81	13	2.98	2	2	0.49	1	1	0.51	unphased	1.39278529980658	1.39278529980658	1
20	50290723	50290724	39	11	2.98	2	2	0.49	1	1	0.51	unphased	2.2156	1.48697986577181	1.49
21	40762733	40762734	29	12	5	5	0	1	NA	NA	NA	unphased	3.53880266075388	0.88470066518847	4
21	45563216	45563217	32	3	5	5	0	1	NA	NA	NA	unphased	1.03636363636364	1.03636363636364	1
22	26164738	26164739	8	3	2.86	2	2	0.43	1	1	0.57	unphased	2.71388429752066	2.71388429752066	1
22	37770410	37770411	49	10	2.86	2	2	0.43	1	1	0.57	unphased	1.68659476117103	1.68659476117103	1
3	38640516	38640517	24	7	3	3	0	1	NA	NA	NA	unphased	2.27859237536657	1.13929618768328	2
3	69026891	69026892	17	8	3	3	0	1	NA	NA	NA	unphased	3.22909090909091	1.07636363636364	3
3	123036928	123036929	27	11	3	3	0	1	NA	NA	NA	unphased	2.92105263157895	0.973684210526316	3
3	138738822	138738823	42	6	5.06	4	4	0.51	1	1	0.49	unphased	1.51886363636364	1.51886363636364	1
3	158991559	158991560	16	7	5.06	4	4	0.51	1	1	0.49	unphased	3.69810276679842	1.0535905318514	3.51
3	158991560	158991561	16	7	5.06	4	4	0.51	1	1	0.49	unphased	3.69810276679842	1.0535905318514	3.51
3	178952084	178952085	67	22	5.06	4	4	0.51	1	1	0.49	unphased	3.00359550561798	0.994568048217873	3.02
4	52861507	52861508	78	17	1.06	2	1	0.03	0	1	0.97	unphased	1.45858373205742	1.45858373205742	1
4	83602031	83602032	88	9	1.06	2	1	0.03	0	1	0.97	unphased	0.756269915651359	0.756269915651359	1
4	89599124	89599125	39	15	1.06	2	1	0.03	0	1	0.97	unphased	2.26414141414141	2.19819554771011	1.03
4	189012800	189012801	113	28	NA	NA	NA	NA	NA	NA	NA	unphased	NA	NA	1
5	2752843	2752844	92	16	8	5	3	1	NA	NA	NA	unphased	2.23569023569024	1.11784511784512	2
5	21751975	21751976	110	23	8	5	3	1	NA	NA	NA	unphased	2.60970608339029	0.869902027796765	3
5	33588702	33588703	204	22	8	5	3	1	NA	NA	NA	unphased	1.46902654867257	0.734513274336283	2
5	34020795	34020796	117	12	8	5	3	1	NA	NA	NA	unphased	1.40380549682875	1.40380549682875	1
5	50680504	50680505	104	45	3	3	0	1	NA	NA	NA	unphased	3.04758999389872	1.01586333129957	3
5	87564597	87564598	23	11	3	3	0	1	NA	NA	NA	unphased	3.26470588235294	1.08823529411765	3
5	102309952	102309953	43	23	3	3	0	1	NA	NA	NA	unphased	3.51652892561984	1.17217630853995	3
5	140475893	140475894	125	46	3	3	0	1	NA	NA	NA	unphased	2.71451355661882	0.904837852206273	3
6	26217558	26217559	44	6	4	4	0	1	NA	NA	NA	unphased	1.33090909090909	1.33090909090909	1
6	32021353	32021354	30	16	4	4	0	1	NA	NA	NA	unphased	3.85770750988142	0.964426877470356	4
6	33245230	33245231	56	17	4	4	0	1	NA	NA	NA	unphased	2.58281444582814	0.860938148609382	3
6	38897295	38897296	101	24	4	4	0	1	NA	NA	NA	unphased	2.12945454545455	1.06472727272727	2
6	41908775	41908776	32	14	4	4	0	1	NA	NA	NA	unphased	3.37549407114625	1.12516469038208	3
6	111346722	111346723	69	5	5	4	1	1	NA	NA	NA	unphased	0.816953316953317	0.816953316953317	1
6	117683784	117683785	29	19	5	4	1	1	NA	NA	NA	unphased	4.78598484848485	1.19649621212121	4
6	117923407	117923408	13	10	5	4	1	1	NA	NA	NA	unphased	5.25691699604743	1.31422924901186	4
7	11457165	11457166	51	5	4	2	2	1	NA	NA	NA	unphased	0.99025974025974	0.99025974025974	1
7	11676399	11676400	52	5	4	2	2	1	NA	NA	NA	unphased	0.972886762360446	0.972886762360446	1
7	14620559	14620560	37	6	4	2	2	1	NA	NA	NA	unphased	1.54756871035941	1.54756871035941	1
7	14724984	14724985	47	11	4	2	2	1	NA	NA	NA	unphased	2.10344827586207	1.05172413793103	2
7	51092900	51092901	46	5	4	2	2	1	NA	NA	NA	unphased	1.0873440285205	1.0873440285205	1
7	94750046	94750047	109	23	4	2	2	1	NA	NA	NA	unphased	1.93250688705234	0.966253443526171	2
7	100680211	100680212	204	45	4	2	2	1	NA	NA	NA	unphased	2.00438116100767	1.00219058050383	2
7	100773722	100773723	115	11	4	2	2	1	NA	NA	NA	unphased	0.968253968253968	0.968253968253968	1
7	139876584	139876585	23	6	4	2	2	1	NA	NA	NA	unphased	2.29467084639498	1.14733542319749	2
7	143092267	143092268	91	23	4	2	2	1	NA	NA	NA	unphased	2.23763955342903	1.11881977671451	2
7	143807410	143807411	115	33	4	2	2	1	NA	NA	NA	unphased	2.47297297297297	1.23648648648649	2
7	147844700	147844701	79	20	4	2	2	1	NA	NA	NA	unphased	2.24058769513315	1.12029384756657	2
8	6914204	6914205	66	9	4	3	1	1	NA	NA	NA	unphased	1.33090909090909	1.33090909090909	1
8	35406951	35406952	51	8	3.72	3	3	0.43	1	1	0.57	unphased	1.46588597842835	1.46588597842835	1
8	40554779	40554780	150	36	3.72	3	3	0.43	1	1	0.57	unphased	2.09243401759531	1.12496452558888	1.86
8	68931878	68931879	36	11	3.72	3	3	0.43	1	1	0.57	unphased	2.53021276595745	1.04123982138167	2.43
8	98943206	98943207	27	11	3.72	3	3	0.43	1	1	0.57	unphased	3.12947368421053	1.28784925276153	2.43
8	110456117	110456118	72	23	3.72	3	3	0.43	1	1	0.57	unphased	2.61737799043062	1.07711028412783	2.43
8	113933911	113933912	67	26	3.72	3	3	0.43	1	1	0.57	unphased	3.02240469208211	1.24378793912844	2.43
8	117868520	117868521	69	27	3.72	3	3	0.43	1	1	0.57	unphased	3.04056818181818	1.25126262626263	2.43
8	117868521	117868522	68	27	3.72	3	3	0.43	1	1	0.57	unphased	3.07257416267943	1.26443381180223	2.43
8	125083826	125083827	71	12	3.72	3	3	0.43	1	1	0.57	unphased	1.56302300109529	1.56302300109529	1
8	144993154	144993155	51	18	3.72	3	3	0.43	1	1	0.57	unphased	2.8202371541502	1.16059142146099	2.43
9	72755168	72755169	102	15	4	3	1	1	NA	NA	NA	unphased	1.42191142191142	1.42191142191142	1
9	79320663	79320664	72	12	4	3	1	1	NA	NA	NA	unphased	1.58441558441558	1.58441558441558	1
9	84607107	84607108	77	19	4	3	1	1	NA	NA	NA	unphased	2.19507575757576	1.09753787878788	2
9	90313605	90313606	74	8	4	3	1	1	NA	NA	NA	unphased	1.0820399113082	1.0820399113082	1
9	104048457	104048458	73	13	4	3	1	1	NA	NA	NA	unphased	1.67653276955603	0.838266384778013	2
9	104499804	104499805	45	5	4	3	1	1	NA	NA	NA	unphased	1.10909090909091	1.10909090909091	1
9	104499805	104499806	45	6	4	3	1	1	NA	NA	NA	unphased	1.3048128342246	1.3048128342246	1
X	9673125	9673126	23	9	NA	NA	NA	NA	NA	NA	NA	unphased	NA	NA	1
X	23018670	23018671	26	21	NA	NA	NA	NA	NA	NA	NA	unphased	NA	NA	1
X	24839676	24839677	14	7	NA	NA	NA	NA	NA	NA	NA	unphased	NA	NA	1
X	78216580	78216581	21	7	NA	NA	NA	NA	NA	NA	NA	unphased	NA	NA	1
X	123637471	123637472	72	40	NA	NA	NA	NA	NA	NA	NA	unphased	NA	NA	1
