chr	start	end	WT.count	mut.count	subclonal.CN	nMaj1	nMin1	frac1	nMaj2	nMin2	frac2	phase	mutation.copy.number	subclonal.fraction	no.chrs.bearing.mut
1	3511959	3511960	115	18	2	2	0	0.62	1	1	0.38	unphased	1.12781954887218	1.12781954887218	1
1	6525226	6525227	72	11	2	2	0	0.62	1	1	0.38	unphased	1.10441767068273	1.10441767068273	1
1	7724187	7724188	115	18	2	2	0	0.62	1	1	0.38	unphased	1.12781954887218	1.12781954887218	1
1	12820862	12820863	118	34	2	2	0	0.62	1	1	0.38	unphased	1.8640350877193	1.1506389430366	1.62
1	17668512	17668513	88	9	2	2	0	0.62	1	1	0.38	unphased	0.77319587628866	0.77319587628866	1
1	27101328	27101329	122	13	2	2	0	0.62	1	1	0.38	unphased	0.802469135802469	0.802469135802469	1
1	27268056	27268057	27	6	2	2	0	0.62	1	1	0.38	unphased	1.51515151515152	1.51515151515152	1
1	32745314	32745315	426	27	2	2	0	0.62	1	1	0.38	unphased	0.496688741721854	1.30707563611014	0.38
1	33234318	33234319	62	12	2	2	0	0.62	1	1	0.38	unphased	1.35135135135135	1.35135135135135	1
1	33234320	33234321	61	11	2	2	0	0.62	1	1	0.38	unphased	1.27314814814815	1.27314814814815	1
1	38397579	38397580	274	20	2	2	0	0.62	1	1	0.38	unphased	0.566893424036281	0.566893424036281	1
1	40030415	40030416	151	28	2	2	0	0.62	1	1	0.38	unphased	1.30353817504655	1.30353817504655	1
1	55136509	55136510	76	5	2	2	0	0.62	1	1	0.38	unphased	0.51440329218107	0.51440329218107	1
1	57169914	57169915	124	21	2	2	0	0.62	1	1	0.38	unphased	1.20689655172414	1.20689655172414	1
1	57499218	57499219	69	4	2	2	0	0.62	1	1	0.38	unphased	0.45662100456621	0.45662100456621	1
1	75622663	75622664	270	23	2	2	0	0.62	1	1	0.38	unphased	0.65415244596132	0.65415244596132	1
1	107691375	107691376	205	24	2	2	0	0.62	1	1	0.38	unphased	0.873362445414847	0.873362445414847	1
1	152329423	152329424	417	18	4	2	2	1	NA	NA	NA	unphased	0.427586206896552	0.427586206896552	1
1	155630679	155630680	156	16	4	2	2	1	NA	NA	NA	unphased	0.961240310077519	0.961240310077519	1
1	155747499	155747500	153	22	4	2	2	1	NA	NA	NA	unphased	1.29904761904762	1.29904761904762	1
1	156618410	156618411	247	33	4	2	2	1	NA	NA	NA	unphased	1.21785714285714	1.21785714285714	1
1	157666150	157666151	99	7	4	2	2	1	NA	NA	NA	unphased	0.682389937106918	0.682389937106918	1
1	158449977	158449978	492	27	4	2	2	1	NA	NA	NA	unphased	0.53757225433526	0.53757225433526	1
1	158943455	158943456	206	8	4	2	2	1	NA	NA	NA	unphased	0.386292834890966	0.386292834890966	1
1	160261812	160261813	224	43	4	2	2	1	NA	NA	NA	unphased	1.66416978776529	0.832084893882647	2
1	160854632	160854633	538	66	4	2	2	1	NA	NA	NA	unphased	1.12913907284768	1.12913907284768	1
1	167865892	167865893	463	33	4	2	2	1	NA	NA	NA	unphased	0.6875	0.6875	1
1	169519160	169519161	228	26	4	2	2	1	NA	NA	NA	unphased	1.05774278215223	1.05774278215223	1
1	169566258	169566259	166	11	4	2	2	1	NA	NA	NA	unphased	0.642184557438795	0.642184557438795	1
1	173930919	173930920	306	17	4	2	2	1	NA	NA	NA	unphased	0.543859649122807	0.543859649122807	1
1	181680124	181680125	186	21	2	1	1	1	NA	NA	NA	unphased	0.845410628019324	0.845410628019324	1
1	183519057	183519058	136	12	2	1	1	1	NA	NA	NA	unphased	0.675675675675676	0.675675675675676	1
1	185191113	185191114	517	17	2	1	1	1	NA	NA	NA	unphased	0.265293383270911	0.265293383270911	1
1	186051995	186051996	49	6	2	1	1	1	NA	NA	NA	unphased	0.909090909090909	0.909090909090909	1
1	216243536	216243537	127	12	2	1	1	1	NA	NA	NA	unphased	0.719424460431655	0.719424460431655	1
1	221913079	221913080	105	7	2	1	1	1	NA	NA	NA	unphased	0.520833333333333	0.520833333333333	1
1	223947006	223947007	96	12	2	1	1	1	NA	NA	NA	unphased	0.925925925925926	0.925925925925926	1
1	228346301	228346302	90	6	2	1	1	1	NA	NA	NA	unphased	0.520833333333333	0.520833333333333	1
1	232943586	232943587	77	6	2	1	1	1	NA	NA	NA	unphased	0.602409638554217	0.602409638554217	1
1	236925948	236925949	29	4	2	1	1	1	NA	NA	NA	unphased	1.01010101010101	1.01010101010101	1
1	237870401	237870402	121	15	2	1	1	1	NA	NA	NA	unphased	0.919117647058823	0.919117647058823	1
10	5768868	5768869	165	12	2	1	1	1	NA	NA	NA	unphased	0.564971751412429	0.564971751412429	1
10	11963175	11963176	80	5	2	1	1	1	NA	NA	NA	unphased	0.490196078431373	0.490196078431373	1
10	18828581	18828582	129	14	2	1	1	1	NA	NA	NA	unphased	0.815850815850816	0.815850815850816	1
10	26359043	26359044	102	11	2	1	1	1	NA	NA	NA	unphased	0.811209439528024	0.811209439528024	1
10	26359084	26359085	173	14	2	1	1	1	NA	NA	NA	unphased	0.623885918003565	0.623885918003565	1
10	26851277	26851278	836	47	2	1	1	1	NA	NA	NA	unphased	0.443563608909022	0.443563608909022	1
10	26851279	26851280	845	47	2	1	1	1	NA	NA	NA	unphased	0.439088191330344	0.439088191330344	1
10	27687274	27687275	61	7	2	1	1	1	NA	NA	NA	unphased	0.857843137254902	0.857843137254902	1
10	33211644	33211645	99	5	2	1	1	1	NA	NA	NA	unphased	0.400641025641026	0.400641025641026	1
10	49459739	49459740	96	6	2	1	1	1	NA	NA	NA	unphased	0.490196078431373	0.490196078431373	1
10	55582709	55582710	150	11	2	1	1	1	NA	NA	NA	unphased	0.56935817805383	0.56935817805383	1
10	55755333	55755334	55	6	2	1	1	1	NA	NA	NA	unphased	0.819672131147541	0.819672131147541	1
10	60936715	60936716	44	5	2	1	1	1	NA	NA	NA	unphased	0.850340136054422	0.850340136054422	1
10	79743982	79743983	116	6	2	1	1	1	NA	NA	NA	unphased	0.409836065573771	0.409836065573771	1
10	88767429	88767430	253	8	2	1	1	1	NA	NA	NA	unphased	0.255427841634738	0.255427841634738	1
10	98743955	98743956	175	18	2	1	1	1	NA	NA	NA	unphased	0.77720207253886	0.77720207253886	1
10	103921998	103921999	500	36	2	1	1	1	NA	NA	NA	unphased	0.559701492537313	0.559701492537313	1
10	104572968	104572969	115	5	2	1	1	1	NA	NA	NA	unphased	0.347222222222222	0.347222222222222	1
10	111872567	111872568	170	9	2	1	1	1	NA	NA	NA	unphased	0.418994413407821	0.418994413407821	1
10	120354354	120354355	33	4	2	1	1	1	NA	NA	NA	unphased	0.900900900900901	0.900900900900901	1
10	125521546	125521547	158	13	2	1	1	1	NA	NA	NA	unphased	0.633528265107212	0.633528265107212	1
10	131676091	131676092	68	4	2	1	1	1	NA	NA	NA	unphased	0.462962962962963	0.462962962962963	1
11	4661078	4661079	203	10	2	1	1	1	NA	NA	NA	unphased	0.391236306729264	0.391236306729264	1
11	4825822	4825823	41	8	2	1	1	1	NA	NA	NA	unphased	1.36054421768707	1.36054421768707	1
11	4843323	4843324	138	6	2	1	1	1	NA	NA	NA	unphased	0.347222222222222	0.347222222222222	1
11	5444305	5444306	118	17	2	1	1	1	NA	NA	NA	unphased	1.04938271604938	1.04938271604938	1
11	6912904	6912905	81	7	2	1	1	1	NA	NA	NA	unphased	0.662878787878788	0.662878787878788	1
11	20473679	20473680	102	17	2	1	1	1	NA	NA	NA	unphased	1.19047619047619	1.19047619047619	1
11	34101263	34101264	157	8	2	1	1	1	NA	NA	NA	unphased	0.404040404040404	0.404040404040404	1
11	51412364	51412365	75	11	2	1	1	1	NA	NA	NA	unphased	1.06589147286822	1.06589147286822	1
11	55111634	55111635	59	9	2	1	1	1	NA	NA	NA	unphased	1.10294117647059	1.10294117647059	1
11	55322313	55322314	128	10	2	1	1	1	NA	NA	NA	unphased	0.603864734299517	0.603864734299517	1
11	56949393	56949394	96	5	2	1	1	1	NA	NA	NA	unphased	0.412541254125413	0.412541254125413	1
11	57235267	57235268	284	22	2	1	1	1	NA	NA	NA	unphased	0.599128540305011	0.599128540305011	1
11	59344451	59344452	326	30	2	1	1	1	NA	NA	NA	unphased	0.702247191011236	0.702247191011236	1
11	60183716	60183717	134	15	2	1	1	1	NA	NA	NA	unphased	0.838926174496644	0.838926174496644	1
11	62763219	62763220	254	11	2	1	1	1	NA	NA	NA	unphased	0.345911949685535	0.345911949685535	1
11	63426327	63426328	413	50	2	1	1	1	NA	NA	NA	unphased	0.899928005759539	0.899928005759539	1
11	64507578	64507579	142	13	2	1	1	1	NA	NA	NA	unphased	0.698924731182796	0.698924731182796	1
11	65482190	65482191	450	14	2	1	1	1	NA	NA	NA	unphased	0.251436781609195	0.251436781609195	1
11	72408100	72408101	80	5	2	1	1	1	NA	NA	NA	unphased	0.490196078431373	0.490196078431373	1
11	73681172	73681173	180	11	2	1	1	1	NA	NA	NA	unphased	0.479930191972077	0.479930191972077	1
11	112088543	112088544	99	12	2	1	1	1	NA	NA	NA	unphased	0.900900900900901	0.900900900900901	1
11	119996440	119996441	97	6	2	1	1	1	NA	NA	NA	unphased	0.485436893203884	0.485436893203884	1
12	4919285	4919286	140	17	2.77	2	1	0.77	1	1	0.23	unphased	0.985711252653928	0.985711252653928	1
12	9020588	9020589	195	30	2.77	2	1	0.77	1	1	0.23	unphased	1.21377777777778	1.21377777777778	1
12	11506200	11506201	544	65	2.77	2	1	0.77	1	1	0.23	unphased	0.971620142309798	0.971620142309798	1
12	18499597	18499598	266	21	2.77	2	1	0.77	1	1	0.23	unphased	0.66609756097561	0.865061767500792	0.77
12	28458677	28458678	356	43	2.77	2	1	0.77	1	1	0.23	unphased	0.981060985797828	0.981060985797828	1
12	43819415	43819416	48	7	2.77	2	1	0.77	1	1	0.23	unphased	1.15860606060606	1.15860606060606	1
12	50471816	50471817	308	13	2.77	2	1	0.77	1	1	0.23	unphased	0.368670820353063	0.368670820353063	1
12	52939377	52939378	72	6	2.77	2	1	0.77	1	1	0.23	unphased	0.70025641025641	0.70025641025641	1
12	54396361	54396362	118	21	2.77	2	1	0.77	1	1	0.23	unphased	1.37532374100719	1.37532374100719	1
12	54731085	54731086	156	6	2.77	2	1	0.77	1	1	0.23	unphased	0.337160493827161	0.337160493827161	1
12	63083556	63083557	59	5	2.77	2	1	0.77	1	1	0.23	unphased	0.711197916666667	0.711197916666667	1
12	67696341	67696342	223	9	2.77	2	1	0.77	1	1	0.23	unphased	0.353146551724138	0.353146551724138	1
12	69964131	69964132	196	22	2.77	2	1	0.77	1	1	0.23	unphased	0.91868501529052	0.91868501529052	1
12	70824292	70824293	398	12	2.77	2	1	0.77	1	1	0.23	unphased	0.266439024390244	0.266439024390244	1
12	71531832	71531833	177	15	2.77	2	1	0.77	1	1	0.23	unphased	0.711197916666667	0.711197916666667	1
12	89745768	89745769	170	9	2.77	2	1	0.77	1	1	0.23	unphased	0.457709497206704	0.594427918450265	0.77
12	97328841	97328842	324	16	2.77	2	1	0.77	1	1	0.23	unphased	0.428392156862745	0.428392156862745	1
12	97330536	97330537	202	12	2.77	2	1	0.77	1	1	0.23	unphased	0.510467289719626	0.662944532103411	0.77
12	109292525	109292526	71	15	2.77	2	1	0.77	1	1	0.23	unphased	1.58779069767442	0.897056891341479	1.77
12	112622516	112622517	200	32	2.77	2	1	0.77	1	1	0.23	unphased	1.25563218390805	1.25563218390805	1
12	113834979	113834980	67	14	2.77	2	1	0.77	1	1	0.23	unphased	1.57341563786008	1.57341563786008	1
12	121098585	121098586	452	22	2.77	2	1	0.77	1	1	0.23	unphased	0.422517580872011	0.422517580872011	1
12	123782570	123782571	305	14	2.77	2	1	0.77	1	1	0.23	unphased	0.399519331243469	0.399519331243469	1
13	31232519	31232520	199	18	2.69	2	1	0.69	1	1	0.31	unphased	0.748479262672811	0.748479262672811	1
13	36362407	36362408	195	12	2.69	2	1	0.69	1	1	0.31	unphased	0.523091787439614	0.758104039767556	0.69
13	42390886	42390887	165	8	2.69	2	1	0.69	1	1	0.31	unphased	0.417263969171484	0.6047303901036	0.69
13	48919289	48919290	168	27	2.69	2	1	0.69	1	1	0.31	unphased	1.24938461538462	1.24938461538462	1
13	67800211	67800212	194	7	2.69	2	1	0.69	1	1	0.31	unphased	0.31424543946932	0.31424543946932	1
13	73409402	73409403	143	14	2.69	2	1	0.69	1	1	0.31	unphased	0.804628450106157	0.804628450106157	1
13	110826256	110826257	151	12	2.69	2	1	0.69	1	1	0.31	unphased	0.664294478527607	0.664294478527607	1
14	20295984	20295985	460	43	NA	NA	NA	NA	NA	NA	NA	unphased	NA	NA	1
14	45398319	45398320	275	34	2.56	2	1	0.56	1	1	0.44	unphased	0.978554476806904	0.978554476806904	1
14	57858383	57858384	614	26	2.56	2	1	0.56	1	1	0.44	unphased	0.361291666666667	0.361291666666667	1
14	64599066	64599067	156	8	2.56	2	1	0.56	1	1	0.44	unphased	0.433821138211382	0.774680603948897	0.56
14	75373784	75373785	383	126	2.56	2	1	0.56	1	1	0.44	unphased	2.2014931237721	1.41121354087955	1.56
14	75475932	75475933	136	32	2.56	2	1	0.56	1	1	0.44	unphased	1.69396825396825	1.08587708587709	1.56
14	88904618	88904619	196	7	2.56	2	1	0.56	1	1	0.44	unphased	0.306666666666667	0.547619047619048	0.56
14	91875057	91875058	94	5	2.56	2	1	0.56	1	1	0.44	unphased	0.449158249158249	0.802068302068302	0.56
14	93182533	93182534	284	15	2.56	2	1	0.56	1	1	0.44	unphased	0.446153846153846	0.796703296703297	0.56
14	93673189	93673190	49	3	2.56	2	1	0.56	1	1	0.44	unphased	0.513076923076923	0.513076923076923	1
14	95670156	95670157	79	10	2.56	2	1	0.56	1	1	0.44	unphased	0.999250936329588	0.999250936329588	1
14	99183551	99183552	123	5	2.56	2	1	0.56	1	1	0.44	unphased	0.347395833333333	0.620349702380952	0.56
14	105407932	105407933	124	12	2.56	2	1	0.56	1	1	0.44	unphased	0.784705882352941	0.784705882352941	1
14	106307353	106307354	8	3	NA	NA	NA	NA	NA	NA	NA	unphased	NA	NA	1
15	25213118	25213119	244	14	2	1	1	0.21	1	1	0.79	unphased	0.452196382428941	0.452196382428941	1
15	41799415	41799416	90	7	2	1	1	0.21	1	1	0.79	unphased	0.601374570446735	0.601374570446735	1
15	41991341	41991342	40	3	2	1	1	0.21	1	1	0.79	unphased	0.581395348837209	0.581395348837209	1
15	42108777	42108778	86	5	2	1	1	0.21	1	1	0.79	unphased	0.457875457875458	0.579589187184124	0.79
15	44903129	44903130	183	12	2	1	1	0.21	1	1	0.79	unphased	0.512820512820513	0.649139889646219	0.79
15	52901539	52901540	190	12	2	1	1	0.21	1	1	0.79	unphased	0.495049504950495	0.62664494297531	0.79
15	53081700	53081701	34	4	2	1	1	0.21	1	1	0.79	unphased	0.87719298245614	0.87719298245614	1
15	63102158	63102159	116	7	2	1	1	0.21	1	1	0.79	unphased	0.474254742547425	0.600322458920792	0.79
15	76430072	76430073	260	8	2	1	1	0.21	1	1	0.79	unphased	0.248756218905473	0.248756218905473	1
15	84651180	84651181	228	8	2	1	1	0.21	1	1	0.79	unphased	0.282485875706215	0.282485875706215	1
15	85486725	85486726	110	6	2	1	1	0.21	1	1	0.79	unphased	0.431034482758621	0.54561326931471	0.79
15	89008019	89008020	238	9	2	1	1	0.21	1	1	0.79	unphased	0.303643724696356	0.303643724696356	1
15	89401531	89401532	141	9	2	1	1	0.21	1	1	0.79	unphased	0.5	0.632911392405063	0.79
15	102215835	102215836	208	12	NA	NA	NA	NA	NA	NA	NA	unphased	NA	NA	1
16	720760	720761	75	7	2	1	1	0.22	1	1	0.78	unphased	0.711382113821138	0.711382113821138	1
16	1889351	1889352	69	8	2	1	1	0.22	1	1	0.78	unphased	0.865800865800866	0.865800865800866	1
16	20347977	20347978	114	14	2	1	1	0.22	1	1	0.78	unphased	0.911458333333333	0.911458333333333	1
16	20435255	20435256	287	24	2	1	1	0.22	1	1	0.78	unphased	0.643086816720257	0.824470277846484	0.78
16	20635537	20635538	138	14	2	1	1	0.22	1	1	0.78	unphased	0.767543859649123	0.767543859649123	1
16	23491169	23491170	66	8	2	1	1	0.22	1	1	0.78	unphased	0.900900900900901	0.900900900900901	1
16	27506629	27506630	68	4	2	1	1	0.22	1	1	0.78	unphased	0.462962962962963	0.462962962962963	1
16	30537358	30537359	207	12	2	1	1	0.22	1	1	0.78	unphased	0.45662100456621	0.585411544315654	0.78
16	30735391	30735392	63	7	2	1	1	0.22	1	1	0.78	unphased	0.833333333333333	0.833333333333333	1
16	31141421	31141422	633	46	2	1	1	0.22	1	1	0.78	unphased	0.564555719194894	0.564555719194894	1
16	50750867	50750868	232	8	2	1	1	0.22	1	1	0.78	unphased	0.277777777777778	0.277777777777778	1
16	57935285	57935286	343	17	2	1	1	0.22	1	1	0.78	unphased	0.393518518518519	0.393518518518519	1
16	67188569	67188570	46	6	2	1	1	0.22	1	1	0.78	unphased	0.961538461538462	0.961538461538462	1
16	69143831	69143832	42	4	2	1	1	0.22	1	1	0.78	unphased	0.72463768115942	0.72463768115942	1
16	71610238	71610239	116	6	2	1	1	0.22	1	1	0.78	unphased	0.409836065573771	0.525430853299706	0.78
16	84872230	84872231	191	23	2	1	1	0.22	1	1	0.78	unphased	0.895638629283489	0.895638629283489	1
16	89620292	89620293	143	14	NA	NA	NA	NA	NA	NA	NA	unphased	NA	NA	1
17	5264820	5264821	78	5	2	1	1	0.2	1	1	0.8	unphased	0.502008032128514	0.502008032128514	1
17	6351053	6351054	87	5	2	1	1	0.2	1	1	0.8	unphased	0.452898550724638	0.566123188405797	0.8
17	7577113	7577114	26	6	2	1	1	0.2	1	1	0.8	unphased	1.5625	1.5625	1
17	7907384	7907385	108	20	2	1	1	0.2	1	1	0.8	unphased	1.30208333333333	1.30208333333333	1
17	10323412	10323413	453	52	2	1	1	0.2	1	1	0.8	unphased	0.858085808580858	0.858085808580858	1
17	16701741	16701742	224	8	2	1	1	0.2	1	1	0.8	unphased	0.28735632183908	0.28735632183908	1
17	30349419	30349420	270	19	2	1	1	0.2	1	1	0.8	unphased	0.547866205305652	0.684832756632065	0.8
17	33521119	33521120	300	45	2	1	1	0.2	1	1	0.8	unphased	1.08695652173913	1.08695652173913	1
17	35614760	35614761	229	10	2	1	1	0.2	1	1	0.8	unphased	0.348675034867504	0.348675034867504	1
17	40962837	40962838	254	11	2	1	1	0.2	1	1	0.8	unphased	0.345911949685535	0.345911949685535	1
17	41141481	41141482	137	15	2	1	1	0.2	1	1	0.8	unphased	0.822368421052632	0.822368421052632	1
17	42458361	42458362	117	8	2	1	1	0.2	1	1	0.8	unphased	0.533333333333333	0.666666666666667	0.8
17	43226680	43226681	99	9	2	1	1	0.2	1	1	0.8	unphased	0.694444444444444	0.694444444444444	1
17	43309812	43309813	119	7	2	1	1	0.2	1	1	0.8	unphased	0.462962962962963	0.578703703703704	0.8
17	45777035	45777036	421	12	2	1	1	0.2	1	1	0.8	unphased	0.23094688221709	0.23094688221709	1
17	49340700	49340701	115	9	2	1	1	0.2	1	1	0.8	unphased	0.604838709677419	0.604838709677419	1
17	64800139	64800140	170	23	2	1	1	0.2	1	1	0.8	unphased	0.993091537132988	0.993091537132988	1
17	65174829	65174830	124	11	2	1	1	0.2	1	1	0.8	unphased	0.679012345679012	0.679012345679012	1
17	65889559	65889560	129	7	2	1	1	0.2	1	1	0.8	unphased	0.428921568627451	0.536151960784314	0.8
17	67266780	67266781	518	26	2	1	1	0.2	1	1	0.8	unphased	0.39828431372549	0.39828431372549	1
17	74681172	74681173	481	17	2	1	1	0.2	1	1	0.8	unphased	0.284471218206158	0.284471218206158	1
17	77984536	77984537	19	4	2	1	1	0.2	1	1	0.8	unphased	1.44927536231884	1.44927536231884	1
17	78280205	78280206	104	9	2	1	1	0.2	1	1	0.8	unphased	0.663716814159292	0.663716814159292	1
17	78318929	78318930	180	9	2	1	1	0.2	1	1	0.8	unphased	0.396825396825397	0.396825396825397	1
18	21735968	21735969	163	21	2	1	1	1	NA	NA	NA	unphased	0.951086956521739	0.951086956521739	1
18	21739820	21739821	196	17	2	1	1	1	NA	NA	NA	unphased	0.66510172143975	0.66510172143975	1
18	47796067	47796068	19	3	2	1	1	1	NA	NA	NA	unphased	1.13636363636364	1.13636363636364	1
18	56205399	56205400	103	9	2	1	1	1	NA	NA	NA	unphased	0.669642857142857	0.669642857142857	1
18	61232713	61232714	159	9	2	1	1	1	NA	NA	NA	unphased	0.446428571428571	0.446428571428571	1
18	74639994	74639995	139	14	2	1	1	1	NA	NA	NA	unphased	0.762527233115468	0.762527233115468	1
18	76757062	76757063	229	17	2	1	1	1	NA	NA	NA	unphased	0.575880758807588	0.575880758807588	1
19	3005720	3005721	105	5	1.8	2	0	0.8	1	0	0.2	unphased	0.36969696969697	0.462121212121212	0.8
19	3731983	3731984	96	4	1.8	2	0	0.8	1	0	0.2	unphased	0.325333333333333	0.406666666666667	0.8
19	4430545	4430546	95	11	1.8	2	0	0.8	1	0	0.2	unphased	0.844025157232704	0.844025157232704	1
19	6750591	6750592	106	16	1.8	2	0	0.8	1	0	0.2	unphased	1.06666666666667	1.06666666666667	1
19	7741978	7741979	27	4	1.8	2	0	0.8	1	0	0.2	unphased	1.0494623655914	1.0494623655914	1
19	8196638	8196639	40	4	1.8	2	0	0.8	1	0	0.2	unphased	0.739393939393939	0.739393939393939	1
19	9087175	9087176	294	72	1.8	2	0	0.8	1	0	0.2	unphased	1.6	0.888888888888889	1.8
19	9204760	9204761	134	37	1.8	2	0	0.8	1	0	0.2	unphased	1.7598440545809	0.977691141433831	1.8
19	10129491	10129492	125	36	1.8	2	0	0.8	1	0	0.2	unphased	1.81863354037267	1.01035196687371	1.8
19	10226702	10226703	46	10	1.8	2	0	0.8	1	0	0.2	unphased	1.45238095238095	1.45238095238095	1
19	10691953	10691954	99	5	1.8	2	0	0.8	1	0	0.2	unphased	0.391025641025641	0.488782051282051	0.8
19	17337953	17337954	168	15	1.8	2	0	0.8	1	0	0.2	unphased	0.666666666666667	0.666666666666667	1
19	18331239	18331240	90	20	1.8	2	0	0.8	1	0	0.2	unphased	1.47878787878788	0.821548821548822	1.8
19	19458138	19458139	157	22	1.8	2	0	0.8	1	0	0.2	unphased	0.999627560521415	0.999627560521415	1
19	19746324	19746325	81	15	1.8	2	0	0.8	1	0	0.2	unphased	1.27083333333333	1.27083333333333	1
19	23845920	23845921	289	27	1.8	2	0	0.8	1	0	0.2	unphased	0.69493670886076	0.868670886075949	0.8
19	36380880	36380881	66	5	1.8	2	0	0.8	1	0	0.2	unphased	0.572769953051643	0.572769953051643	1
19	38055906	38055907	119	18	1.8	2	0	0.8	1	0	0.2	unphased	1.06861313868613	1.06861313868613	1
19	41285994	41285995	108	17	1.8	2	0	0.8	1	0	0.2	unphased	1.10613333333333	1.10613333333333	1
19	41931471	41931472	55	13	1.8	2	0	0.8	1	0	0.2	unphased	1.55490196078431	1.55490196078431	1
19	42388503	42388504	36	3	1.8	2	0	0.8	1	0	0.2	unphased	0.625641025641026	0.625641025641026	1
19	42853693	42853694	43	3	1.8	2	0	0.8	1	0	0.2	unphased	0.530434782608696	0.530434782608696	1
19	47987337	47987338	59	5	1.8	2	0	0.8	1	0	0.2	unphased	0.635416666666667	0.635416666666667	1
19	48922950	48922951	319	38	1.8	2	0	0.8	1	0	0.2	unphased	0.865732959850607	0.865732959850607	1
19	48981330	48981331	133	15	1.8	2	0	0.8	1	0	0.2	unphased	0.824324324324324	0.824324324324324	1
19	55294936	55294937	110	10	1.8	2	0	0.8	1	0	0.2	unphased	0.677777777777778	0.677777777777778	1
19	55344185	55344186	163	42	1.8	2	0	0.8	1	0	0.2	unphased	1.66634146341463	0.925745257452574	1.8
19	56539822	56539823	397	64	1.8	2	0	0.8	1	0	0.2	unphased	1.1291395516992	1.1291395516992	1
19	56600278	56600279	32	9	1.8	2	0	0.8	1	0	0.2	unphased	1.78536585365854	0.991869918699187	1.8
19	58966464	58966465	32	5	NA	NA	NA	NA	NA	NA	NA	unphased	NA	NA	1
2	9725421	9725422	189	37	2	1	1	0.28	1	1	0.72	unphased	1.36430678466077	1.36430678466077	1
2	26696275	26696276	79	20	2	1	1	0.28	1	1	0.72	unphased	1.68350168350168	1.68350168350168	1
2	27715646	27715647	191	9	2	1	1	0.28	1	1	0.72	unphased	0.375	0.520833333333333	0.72
2	32875248	32875249	336	36	2	1	1	0.28	1	1	0.72	unphased	0.806451612903226	0.806451612903226	1
2	33468817	33468818	223	32	2	1	1	0.28	1	1	0.72	unphased	1.04575163398693	1.04575163398693	1
2	37217921	37217922	158	8	2	1	1	0.28	1	1	0.72	unphased	0.401606425702811	0.557786702365016	0.72
2	46211688	46211689	281	37	2	1	1	0.28	1	1	0.72	unphased	0.969601677148847	0.969601677148847	1
2	46211689	46211690	284	37	2	1	1	0.28	1	1	0.72	unphased	0.960539979231568	0.960539979231568	1
2	68384647	68384648	74	8	2	1	1	0.28	1	1	0.72	unphased	0.813008130081301	0.813008130081301	1
2	69204665	69204666	219	16	2	1	1	0.28	1	1	0.72	unphased	0.567375886524823	0.788022064617809	0.72
2	90121976	90121977	294	53	2	1	1	0.28	1	1	0.72	unphased	1.27281460134486	1.27281460134486	1
2	96947609	96947610	198	11	2	1	1	0.28	1	1	0.72	unphased	0.43859649122807	0.60916179337232	0.72
2	109382285	109382286	151	7	2	1	1	0.28	1	1	0.72	unphased	0.369198312236287	0.51277543366151	0.72
2	112786014	112786015	137	14	2	1	1	0.28	1	1	0.72	unphased	0.772626931567329	0.772626931567329	1
2	128367448	128367449	35	3	2	1	1	0.33	1	1	0.67	unphased	0.657894736842105	0.657894736842105	1
2	128466268	128466269	259	10	2	1	1	0.33	1	1	0.67	unphased	0.309789343246592	0.309789343246592	1
2	130952700	130952701	311	20	2	1	1	0.33	1	1	0.67	unphased	0.503524672708963	0.751529362252183	0.67
2	136566231	136566232	186	9	2	1	1	0.33	1	1	0.67	unphased	0.384615384615385	0.574052812858783	0.67
2	155555732	155555733	122	6	2	1	1	0.33	1	1	0.67	unphased	0.390625	0.583022388059702	0.67
2	157183424	157183425	192	8	2	1	1	0.33	1	1	0.67	unphased	0.333333333333333	0.333333333333333	1
2	160027276	160027277	205	16	2	1	1	0.33	1	1	0.67	unphased	0.603318250377074	0.900475000562797	0.67
2	162895680	162895681	71	4	2	1	1	0.33	1	1	0.67	unphased	0.444444444444444	0.444444444444444	1
2	163292017	163292018	105	9	2	1	1	0.33	1	1	0.67	unphased	0.657894736842105	0.657894736842105	1
2	166897830	166897831	151	6	2	1	1	0.33	1	1	0.67	unphased	0.318471337579618	0.475330354596445	0.67
2	168099958	168099959	190	14	2	1	1	0.33	1	1	0.67	unphased	0.571895424836601	0.853575260950151	0.67
2	179597670	179597671	61	5	2	1	1	0.33	1	1	0.67	unphased	0.631313131313131	0.631313131313131	1
2	179616221	179616222	230	15	2	1	1	0.33	1	1	0.67	unphased	0.510204081632653	0.761498629302467	0.67
2	179989092	179989093	114	13	2	1	1	0.33	1	1	0.67	unphased	0.853018372703412	0.853018372703412	1
2	180308036	180308037	75	8	2	1	1	0.33	1	1	0.67	unphased	0.803212851405623	0.803212851405623	1
2	190606094	190606095	165	18	1.42	1	1	0.42	1	0	0.58	unphased	0.762622950819672	0.762622950819672	1
2	197184550	197184551	126	15	1.42	1	1	0.42	1	0	0.58	unphased	0.824822695035461	0.824822695035461	1
2	216191700	216191701	218	20	1.42	1	1	0.42	1	0	0.58	unphased	0.651540616246499	0.651540616246499	1
2	216903993	216903994	104	5	1.42	1	1	0.42	1	0	0.58	unphased	0.35565749235474	0.846803553225572	0.42
2	219549950	219549951	152	7	1.42	1	1	0.42	1	0	0.58	unphased	0.341341719077568	0.812718378756115	0.42
2	230723590	230723591	105	11	1.42	1	1	0.42	1	0	0.58	unphased	0.735229885057471	0.735229885057471	1
2	231367813	231367814	127	10	1.42	1	1	0.42	1	0	0.58	unphased	0.565936739659367	1.3474684277604	0.42
20	1905434	1905435	128	6	2	1	1	0.25	1	1	0.75	unphased	0.373134328358209	0.497512437810945	0.75
20	25596907	25596908	129	7	2	1	1	0.25	1	1	0.75	unphased	0.428921568627451	0.571895424836601	0.75
20	32848258	32848259	335	14	2	1	1	0.25	1	1	0.75	unphased	0.334288443170965	0.334288443170965	1
20	35060108	35060109	54	5	2	1	1	0.25	1	1	0.75	unphased	0.706214689265537	0.706214689265537	1
20	36937421	36937422	147	24	2	1	1	0.25	1	1	0.75	unphased	1.16959064327485	1.16959064327485	1
20	37356873	37356874	95	15	2	1	1	0.25	1	1	0.75	unphased	1.13636363636364	1.13636363636364	1
20	43739333	43739334	62	9	2	1	1	0.25	1	1	0.75	unphased	1.05633802816901	1.05633802816901	1
20	43739334	43739335	63	10	2	1	1	0.25	1	1	0.75	unphased	1.14155251141553	1.14155251141553	1
20	43752759	43752760	88	6	2	1	1	0.25	1	1	0.75	unphased	0.531914893617021	0.531914893617021	1
20	45131249	45131250	139	12	2	1	1	0.25	1	1	0.75	unphased	0.662251655629139	0.662251655629139	1
20	47989809	47989810	550	19	2	1	1	0.25	1	1	0.75	unphased	0.278265963678969	0.278265963678969	1
20	57767498	57767499	108	10	2	1	1	0.25	1	1	0.75	unphased	0.706214689265537	0.706214689265537	1
20	61528307	61528308	42	3	2	1	1	0.25	1	1	0.75	unphased	0.555555555555556	0.555555555555556	1
20	61528309	61528310	44	3	2	1	1	0.25	1	1	0.75	unphased	0.531914893617021	0.531914893617021	1
21	28305262	28305263	68	6	1.39	1	1	0.39	1	0	0.61	unphased	0.626216216216216	0.626216216216216	1
21	45950974	45950975	111	6	1.39	1	1	0.39	1	0	0.61	unphased	0.396068376068376	1.01555993863686	0.39
22	16287422	16287423	460	43	NA	NA	NA	NA	NA	NA	NA	unphased	NA	NA	1
22	18171844	18171845	115	6	2	2	0	0.82	1	1	0.18	unphased	0.413223140495868	0.413223140495868	1
22	19035955	19035956	288	48	2	2	0	0.82	1	1	0.18	unphased	1.19047619047619	1.19047619047619	1
22	22277490	22277491	138	26	2	2	0	0.82	1	1	0.18	unphased	1.32113821138211	1.32113821138211	1
22	22890897	22890898	182	46	2	2	0	0.82	1	1	0.18	unphased	1.6812865497076	0.923783818520661	1.82
22	23974229	23974230	65	5	2	2	0	0.82	1	1	0.18	unphased	0.595238095238095	0.595238095238095	1
22	27008032	27008033	253	23	2	2	0	0.82	1	1	0.18	unphased	0.694444444444444	0.694444444444444	1
22	30953304	30953305	150	15	2	2	0	0.82	1	1	0.18	unphased	0.757575757575758	0.757575757575758	1
22	39427765	39427766	277	34	2	2	0	0.82	1	1	0.18	unphased	0.911039657020364	0.911039657020364	1
22	42150014	42150015	156	11	2	2	0	0.82	1	1	0.18	unphased	0.548902195608783	0.548902195608783	1
3	11350490	11350491	401	17	1.56	1	0	0.44	1	1	0.56	unphased	0.321020733652313	0.321020733652313	1
3	19974936	19974937	110	19	1.56	1	0	0.44	1	1	0.56	unphased	1.16258397932817	1.16258397932817	1
3	32031417	32031418	175	8	1.56	1	0	0.44	1	1	0.56	unphased	0.345063752276867	0.616185271922977	0.56
3	33905577	33905578	86	4	1.56	1	0	0.44	1	1	0.56	unphased	0.350814814814815	0.626455026455026	0.56
3	58870329	58870330	356	13	1.56	1	0	0.44	1	1	0.56	unphased	0.278084914182475	0.278084914182475	1
3	98216888	98216889	124	16	3.79	2	2	0.93	0	1	0.07	unphased	1.15695238095238	1.15695238095238	1
3	98217376	98217377	67	6	3.79	2	2	0.93	0	1	0.07	unphased	0.832054794520548	0.832054794520548	1
3	108474668	108474669	229	8	2	1	1	0.31	1	1	0.69	unphased	0.281293952180028	0.281293952180028	1
3	108474669	108474670	227	8	2	1	1	0.31	1	1	0.69	unphased	0.283687943262411	0.283687943262411	1
3	119156626	119156627	174	11	2	1	1	0.31	1	1	0.69	unphased	0.495495495495496	0.718109413761588	0.69
3	120673849	120673850	104	26	2	1	1	0.31	1	1	0.69	unphased	1.66666666666667	1.66666666666667	1
3	132360853	132360854	372	26	1.16	2	1	0.08	0	1	0.92	unphased	0.489514237855946	0.489514237855946	1
3	132416115	132416116	282	14	1.16	2	1	0.08	0	1	0.92	unphased	0.354414414414414	0.354414414414414	1
3	133667449	133667450	304	15	1.16	2	1	0.08	0	1	0.92	unphased	0.352351097178683	0.352351097178683	1
3	134278065	134278066	410	31	1.16	2	1	0.08	0	1	0.92	unphased	0.526742252456538	0.526742252456538	1
3	134960098	134960099	524	74	1.16	2	1	0.08	0	1	0.92	unphased	0.92726867335563	0.92726867335563	1
3	136196146	136196147	118	12	1.16	2	1	0.08	0	1	0.92	unphased	0.691692307692308	0.691692307692308	1
3	139069845	139069846	247	15	1.16	2	1	0.08	0	1	0.92	unphased	0.429007633587786	0.429007633587786	1
3	148552383	148552384	152	10	1.16	2	1	0.08	0	1	0.92	unphased	0.462551440329218	0.462551440329218	1
3	167277908	167277909	238	48	1.16	2	1	0.08	0	1	0.92	unphased	1.25762237762238	1.25762237762238	1
3	169802439	169802440	95	12	1.16	2	1	0.08	0	1	0.92	unphased	0.840373831775701	0.840373831775701	1
3	171330201	171330202	188	16	1.16	2	1	0.08	0	1	0.92	unphased	0.587712418300654	0.587712418300654	1
3	183818337	183818338	552	27	1.16	2	1	0.08	0	1	0.92	unphased	0.349430051813471	0.349430051813471	1
3	184633200	184633201	113	16	1.16	2	1	0.08	0	1	0.92	unphased	0.929405684754522	0.929405684754522	1
3	194080497	194080498	79	4	1.16	2	1	0.08	0	1	0.92	unphased	0.361124497991968	0.361124497991968	1
3	194392909	194392910	56	10	1.16	2	1	0.08	0	1	0.92	unphased	1.13535353535354	1.13535353535354	1
3	196678779	196678780	121	15	1.16	2	1	0.08	0	1	0.92	unphased	0.826470588235294	0.826470588235294	1
4	9783790	9783791	28	3	2	1	1	0.22	1	1	0.78	unphased	0.806451612903226	0.806451612903226	1
4	48514580	48514581	82	9	2	1	1	1	NA	NA	NA	unphased	0.824175824175824	0.824175824175824	1
4	89577182	89577183	63	10	2	1	1	1	NA	NA	NA	unphased	1.14155251141553	1.14155251141553	1
4	114279529	114279530	218	22	2	1	1	1	NA	NA	NA	unphased	0.763888888888889	0.763888888888889	1
4	142653989	142653990	171	10	2	1	1	1	NA	NA	NA	unphased	0.460405156537753	0.460405156537753	1
4	151388913	151388914	193	11	2	1	1	1	NA	NA	NA	unphased	0.449346405228758	0.449346405228758	1
4	162307338	162307339	142	13	2	1	1	1	NA	NA	NA	unphased	0.698924731182796	0.698924731182796	1
5	10417473	10417474	186	9	3.22	2	2	0.61	1	1	0.39	unphased	0.440923076923077	0.722824716267339	0.61
5	16463717	16463718	421	13	3.22	2	2	0.61	1	1	0.39	unphased	0.28615975422427	0.28615975422427	1
5	19503100	19503101	130	10	3.22	2	2	0.61	1	1	0.39	unphased	0.682380952380952	0.682380952380952	1
5	39341330	39341331	214	32	3.22	2	2	0.61	1	1	0.39	unphased	1.24271002710027	1.24271002710027	1
5	57790658	57790659	68	8	1.6	1	0	0.4	1	1	0.6	unphased	0.835087719298246	0.835087719298246	1
5	63510303	63510304	107	15	1.6	1	0	0.4	1	1	0.6	unphased	0.975409836065574	0.975409836065574	1
5	66480250	66480251	325	11	1.6	1	0	0.4	1	1	0.6	unphased	0.259722222222222	0.259722222222222	1
5	79732652	79732653	210	10	1.6	1	0	0.4	1	1	0.6	unphased	0.360606060606061	0.601010101010101	0.6
5	90669588	90669589	188	31	1.6	1	0	0.4	1	1	0.6	unphased	1.12298325722983	1.12298325722983	1
5	90669589	90669590	190	32	1.6	1	0	0.4	1	1	0.6	unphased	1.14354354354354	1.14354354354354	1
5	131042116	131042117	153	17	1.6	1	0	0.4	1	1	0.6	unphased	0.793333333333333	0.793333333333333	1
5	137230182	137230183	125	15	1.6	1	0	0.4	1	1	0.6	unphased	0.85	0.85	1
5	140167314	140167315	169	23	1.6	1	0	0.4	1	1	0.6	unphased	0.950347222222222	0.950347222222222	1
5	140516239	140516240	137	19	1.6	1	0	0.4	1	1	0.6	unphased	0.966239316239316	0.966239316239316	1
5	140559008	140559009	1249	36	1.6	1	0	0.4	1	1	0.6	unphased	0.222256809338521	0.222256809338521	1
5	140744135	140744136	184	8	1.6	1	0	0.4	1	1	0.6	unphased	0.330555555555556	0.550925925925926	0.6
5	140753929	140753930	120	8	1.6	1	0	0.4	1	1	0.6	unphased	0.495833333333333	0.826388888888889	0.6
5	142680273	142680274	123	13	1.6	1	0	0.4	1	1	0.6	unphased	0.758333333333333	0.758333333333333	1
5	161324337	161324338	229	25	1.6	1	0	0.4	1	1	0.6	unphased	0.780839895013123	0.780839895013123	1
5	161580355	161580356	383	31	1.6	1	0	0.4	1	1	0.6	unphased	0.594041867954911	0.990069779924852	0.6
5	173376509	173376510	87	11	1.6	1	0	0.4	1	1	0.6	unphased	0.89047619047619	0.89047619047619	1
5	176011606	176011607	117	24	1.6	1	0	0.4	1	1	0.6	unphased	1.35035460992908	1.35035460992908	1
6	3273201	3273202	44	3	2.22	2	1	0.61	1	0	0.39	unphased	0.545957446808511	0.545957446808511	1
6	7601648	7601649	127	11	2.22	2	1	0.61	1	0	0.39	unphased	0.681787439613527	0.681787439613527	1
6	10775563	10775564	525	41	2.22	2	1	0.61	1	0	0.39	unphased	0.619587750294464	1.01571762343355	0.61
6	17626173	17626174	87	6	2.22	2	1	0.61	1	0	0.39	unphased	0.551827956989247	0.551827956989247	1
6	20481575	20481576	456	39	2.22	2	1	0.61	1	0	0.39	unphased	0.67389898989899	1.10475244245736	0.61
6	29141998	29141999	200	12	2.22	2	1	0.61	1	0	0.39	unphased	0.484150943396226	0.793690071141355	0.61
6	33263948	33263949	352	33	2.22	2	1	0.61	1	0	0.39	unphased	0.733142857142857	1.20187353629977	0.61
6	36182092	36182093	96	8	2.22	2	1	0.61	1	0	0.39	unphased	0.657948717948718	0.657948717948718	1
6	36182120	36182121	102	9	2.22	2	1	0.61	1	0	0.39	unphased	0.693513513513514	0.693513513513514	1
6	36182134	36182135	91	9	2.22	2	1	0.61	1	0	0.39	unphased	0.7698	0.7698	1
6	38690879	38690880	165	9	2.22	2	1	0.61	1	0	0.39	unphased	0.442413793103448	0.725268513284341	0.61
6	44226977	44226978	355	24	2.22	2	1	0.61	1	0	0.39	unphased	0.541635883905013	0.887927678532809	0.61
6	44900418	44900419	110	8	2.22	2	1	0.61	1	0	0.39	unphased	0.579887005649718	0.579887005649718	1
6	46659258	46659259	208	10	2	1	1	1	NA	NA	NA	unphased	0.382262996941896	0.382262996941896	1
6	76660472	76660473	88	10	2	1	1	1	NA	NA	NA	unphased	0.850340136054422	0.850340136054422	1
6	88385642	88385643	100	5	2	1	1	1	NA	NA	NA	unphased	0.396825396825397	0.396825396825397	1
6	88854979	88854980	178	24	2	1	1	1	NA	NA	NA	unphased	0.99009900990099	0.99009900990099	1
6	89808332	89808333	147	15	2	1	1	1	NA	NA	NA	unphased	0.771604938271605	0.771604938271605	1
6	90394626	90394627	87	9	2	1	1	1	NA	NA	NA	unphased	0.78125	0.78125	1
6	96985296	96985297	137	18	2	1	1	1	NA	NA	NA	unphased	0.967741935483871	0.967741935483871	1
6	109771172	109771173	732	28	2	1	1	1	NA	NA	NA	unphased	0.307017543859649	0.307017543859649	1
6	116446630	116446631	148	23	2	1	1	1	NA	NA	NA	unphased	1.12085769980507	1.12085769980507	1
6	127611065	127611066	200	27	2	1	1	1	NA	NA	NA	unphased	0.991189427312775	0.991189427312775	1
6	142741158	142741159	266	11	2	1	1	1	NA	NA	NA	unphased	0.330926594464501	0.330926594464501	1
7	24738724	24738725	98	6	2	1	1	0.26	1	1	0.74	unphased	0.480769230769231	0.64968814968815	0.74
7	24738822	24738823	86	8	2	1	1	0.26	1	1	0.74	unphased	0.709219858156028	0.709219858156028	1
7	30085956	30085957	89	7	2	1	1	0.26	1	1	0.74	unphased	0.607638888888889	0.607638888888889	1
7	35872415	35872416	199	9	2	1	1	0.26	1	1	0.74	unphased	0.360576923076923	0.360576923076923	1
7	36423523	36423524	81	4	2	1	1	0.26	1	1	0.74	unphased	0.392156862745098	0.529941706412295	0.74
7	55980380	55980381	47	4	2	1	1	0.26	1	1	0.74	unphased	0.65359477124183	0.65359477124183	1
7	66463093	66463094	194	8	2.6	2	1	0.6	1	1	0.4	unphased	0.353795379537954	0.58965896589659	0.6
7	82544969	82544970	46	4	2.6	2	1	0.6	1	1	0.4	unphased	0.714666666666667	0.714666666666667	1
7	99802329	99802330	74	5	1.68	1	0	0.32	1	1	0.68	unphased	0.507172995780591	0.507172995780591	1
7	100086358	100086359	180	35	1.68	1	0	0.32	1	1	0.68	unphased	1.30449612403101	1.30449612403101	1
7	120767272	120767273	146	10	1.68	1	0	0.32	1	1	0.68	unphased	0.513675213675214	0.755404725992961	0.68
7	122261579	122261580	227	29	1.68	1	0	0.32	1	1	0.68	unphased	0.907760416666667	0.907760416666667	1
7	123256507	123256508	66	11	1.68	1	0	0.32	1	1	0.68	unphased	1.1447619047619	1.1447619047619	1
7	123594166	123594167	84	4	1.68	1	0	0.32	1	1	0.68	unphased	0.364242424242424	0.535650623885918	0.68
7	141756708	141756709	101	4	1.68	1	0	0.32	1	1	0.68	unphased	0.305269841269841	0.448926237161531	0.68
7	154751610	154751611	165	7	1.68	1	0	0.32	1	1	0.68	unphased	0.326124031007752	0.479594163246694	0.68
8	2088662	2088663	153	6	2	1	1	1	NA	NA	NA	unphased	0.314465408805031	0.314465408805031	1
8	9609211	9609212	380	26	2	1	1	1	NA	NA	NA	unphased	0.533661740558292	0.533661740558292	1
8	17731977	17731978	258	9	2	1	1	1	NA	NA	NA	unphased	0.280898876404494	0.280898876404494	1
8	18662352	18662353	271	15	2	1	1	1	NA	NA	NA	unphased	0.437062937062937	0.437062937062937	1
8	30705281	30705282	180	9	2	1	1	1	NA	NA	NA	unphased	0.396825396825397	0.396825396825397	1
8	41545683	41545684	615	26	2	1	1	1	NA	NA	NA	unphased	0.338013520540822	0.338013520540822	1
8	48771476	48771477	201	19	2	1	1	1	NA	NA	NA	unphased	0.71969696969697	0.71969696969697	1
8	86250675	86250676	254	20	2	1	1	1	NA	NA	NA	unphased	0.608272506082725	0.608272506082725	1
8	87241844	87241845	271	22	2	1	1	1	NA	NA	NA	unphased	0.625711035267349	0.625711035267349	1
8	87241845	87241846	275	22	2	1	1	1	NA	NA	NA	unphased	0.617283950617284	0.617283950617284	1
8	95942612	95942613	26	3	2	1	1	1	NA	NA	NA	unphased	0.862068965517241	0.862068965517241	1
8	99019793	99019794	193	10	2	1	1	1	NA	NA	NA	unphased	0.410509031198686	0.410509031198686	1
8	100733167	100733168	128	6	2	1	1	1	NA	NA	NA	unphased	0.373134328358209	0.373134328358209	1
8	101252648	101252649	187	12	2	1	1	1	NA	NA	NA	unphased	0.50251256281407	0.50251256281407	1
8	113304896	113304897	183	6	2	1	1	1	NA	NA	NA	unphased	0.264550264550265	0.264550264550265	1
8	113697913	113697914	232	10	2	1	1	1	NA	NA	NA	unphased	0.34435261707989	0.34435261707989	1
8	139733011	139733012	424	35	2	1	1	1	NA	NA	NA	unphased	0.635439360929557	0.635439360929557	1
8	144241622	144241623	62	5	2	1	1	1	NA	NA	NA	unphased	0.621890547263682	0.621890547263682	1
8	144732009	144732010	55	3	2	1	1	1	NA	NA	NA	unphased	0.431034482758621	0.431034482758621	1
8	146279401	146279402	484	24	NA	NA	NA	NA	NA	NA	NA	unphased	NA	NA	1
9	730148	730149	98	11	NA	NA	NA	NA	NA	NA	NA	unphased	NA	NA	1
9	4663264	4663265	245	20	2.56	2	1	0.56	1	1	0.44	unphased	0.671194968553459	1.19856244384546	0.56
9	8317813	8317814	158	6	2.56	2	1	0.56	1	1	0.44	unphased	0.325365853658537	0.581010452961672	0.56
9	15175032	15175033	182	22	2.56	2	1	0.56	1	1	0.44	unphased	0.959084967320261	0.959084967320261	1
9	15468717	15468718	243	21	2.56	2	1	0.56	1	1	0.44	unphased	0.707424242424242	0.707424242424242	1
9	27202995	27202996	131	8	2.56	2	1	0.56	1	1	0.44	unphased	0.511846522781775	0.914011647824597	0.56
9	72933455	72933456	145	10	2.56	2	1	0.56	1	1	0.44	unphased	0.573763440860215	1.02457757296467	0.56
9	94519634	94519635	257	34	2.56	2	1	0.56	1	1	0.44	unphased	1.03908361970218	1.03908361970218	1
9	95609374	95609375	211	8	2.56	2	1	0.56	1	1	0.44	unphased	0.324870624048706	0.58012611437269	0.56
9	107379941	107379942	214	10	2.56	2	1	0.56	1	1	0.44	unphased	0.39702380952381	0.708971088435374	0.56
9	109689005	109689006	255	16	2.56	2	1	0.56	1	1	0.44	unphased	0.525067650676507	0.937620804779476	0.56
9	127790720	127790721	105	17	1	1	0	1	NA	NA	NA	unphased	1.02185792349727	1.02185792349727	1
9	130502578	130502579	101	11	1	1	0	1	NA	NA	NA	unphased	0.720238095238095	0.720238095238095	1
X	11139772	11139773	240	10	NA	NA	NA	NA	NA	NA	NA	unphased	NA	NA	1
X	11316819	11316820	462	28	NA	NA	NA	NA	NA	NA	NA	unphased	NA	NA	1
X	17768270	17768271	297	15	NA	NA	NA	NA	NA	NA	NA	unphased	NA	NA	1
X	21488893	21488894	157	9	NA	NA	NA	NA	NA	NA	NA	unphased	NA	NA	1
X	31526383	31526384	42	4	NA	NA	NA	NA	NA	NA	NA	unphased	NA	NA	1
X	32235118	32235119	71	5	NA	NA	NA	NA	NA	NA	NA	unphased	NA	NA	1
X	46322196	46322197	138	8	NA	NA	NA	NA	NA	NA	NA	unphased	NA	NA	1
X	48919855	48919856	71	8	NA	NA	NA	NA	NA	NA	NA	unphased	NA	NA	1
X	54020142	54020143	137	14	NA	NA	NA	NA	NA	NA	NA	unphased	NA	NA	1
X	65242163	65242164	87	10	NA	NA	NA	NA	NA	NA	NA	unphased	NA	NA	1
X	70342951	70342952	311	27	NA	NA	NA	NA	NA	NA	NA	unphased	NA	NA	1
X	70357729	70357730	181	24	NA	NA	NA	NA	NA	NA	NA	unphased	NA	NA	1
X	75003735	75003736	290	17	NA	NA	NA	NA	NA	NA	NA	unphased	NA	NA	1
X	77302015	77302016	448	40	NA	NA	NA	NA	NA	NA	NA	unphased	NA	NA	1
X	78426677	78426678	18	3	NA	NA	NA	NA	NA	NA	NA	unphased	NA	NA	1
X	100496766	100496767	86	5	NA	NA	NA	NA	NA	NA	NA	unphased	NA	NA	1
X	100608221	100608222	335	9	NA	NA	NA	NA	NA	NA	NA	unphased	NA	NA	1
X	103041592	103041593	428	15	NA	NA	NA	NA	NA	NA	NA	unphased	NA	NA	1
X	109694074	109694075	564	36	NA	NA	NA	NA	NA	NA	NA	unphased	NA	NA	1
X	109697113	109697114	128	12	NA	NA	NA	NA	NA	NA	NA	unphased	NA	NA	1
X	109697857	109697858	61	4	NA	NA	NA	NA	NA	NA	NA	unphased	NA	NA	1
X	118147112	118147113	170	14	NA	NA	NA	NA	NA	NA	NA	unphased	NA	NA	1
X	119505046	119505047	176	14	NA	NA	NA	NA	NA	NA	NA	unphased	NA	NA	1
X	122760369	122760370	199	13	NA	NA	NA	NA	NA	NA	NA	unphased	NA	NA	1
X	123517901	123517902	359	21	NA	NA	NA	NA	NA	NA	NA	unphased	NA	NA	1
X	125298752	125298753	228	12	NA	NA	NA	NA	NA	NA	NA	unphased	NA	NA	1
X	134030922	134030923	173	6	NA	NA	NA	NA	NA	NA	NA	unphased	NA	NA	1
X	134186108	134186109	155	12	NA	NA	NA	NA	NA	NA	NA	unphased	NA	NA	1
X	140996386	140996387	316	24	NA	NA	NA	NA	NA	NA	NA	unphased	NA	NA	1
X	142718130	142718131	95	19	NA	NA	NA	NA	NA	NA	NA	unphased	NA	NA	1
X	153047239	153047240	148	7	NA	NA	NA	NA	NA	NA	NA	unphased	NA	NA	1
X	153539219	153539220	184	18	NA	NA	NA	NA	NA	NA	NA	unphased	NA	NA	1
