chr	start	end	WT.count	mut.count	subclonal.CN	nMaj1	nMin1	frac1	nMaj2	nMin2	frac2	phase	mutation.copy.number	subclonal.fraction	no.chrs.bearing.mut
1	1250994	1250995	54	24	NA	NA	NA	NA	NA	NA	NA	unphased	NA	NA	1
1	1267267	1267268	50	22	NA	NA	NA	NA	NA	NA	NA	unphased	NA	NA	1
1	1267811	1267812	14	11	NA	NA	NA	NA	NA	NA	NA	unphased	NA	NA	1
1	3410403	3410404	16	3	2	1	1	1	NA	NA	NA	unphased	0.544464609800363	0.544464609800363	1
1	10425164	10425165	50	21	2	1	1	1	NA	NA	NA	unphased	1.01991257892181	1.01991257892181	1
1	11008316	11008317	95	39	2	1	1	1	NA	NA	NA	unphased	1.0036026762738	1.0036026762738	1
1	11298640	11298641	31	15	2	1	1	1	NA	NA	NA	unphased	1.12443778110945	1.12443778110945	1
1	12317131	12317132	60	17	2	1	1	1	NA	NA	NA	unphased	0.761307657859382	0.761307657859382	1
1	18152639	18152640	66	26	2	1	1	1	NA	NA	NA	unphased	0.974512743628186	0.974512743628186	1
1	22924691	22924692	66	24	2	1	1	1	NA	NA	NA	unphased	0.919540229885058	0.919540229885058	1
1	23240344	23240345	16	4	2	1	1	1	NA	NA	NA	unphased	0.689655172413793	0.689655172413793	1
1	24484322	24484323	128	48	2	1	1	1	NA	NA	NA	unphased	0.940438871473354	0.940438871473354	1
1	25824874	25824875	116	40	2	1	1	1	NA	NA	NA	unphased	0.884173297966401	0.884173297966401	1
1	26603161	26603162	30	17	2	1	1	1	NA	NA	NA	unphased	1.2472487160675	1.2472487160675	1
1	32800482	32800483	67	27	2	1	1	1	NA	NA	NA	unphased	0.990462215700661	0.990462215700661	1
1	34003177	34003178	29	11	2	1	1	1	NA	NA	NA	unphased	0.948275862068966	0.948275862068966	1
1	36474338	36474339	65	35	2	1	1	1	NA	NA	NA	unphased	1.20689655172414	1.20689655172414	1
1	36558755	36558756	75	19	2	1	1	1	NA	NA	NA	unphased	0.696991929567131	0.696991929567131	1
1	38411479	38411480	104	30	2	1	1	1	NA	NA	NA	unphased	0.772002058672157	0.772002058672157	1
1	41007297	41007298	17	6	2	1	1	1	NA	NA	NA	unphased	0.899550224887556	0.899550224887556	1
1	44424464	44424465	89	30	2	1	1	1	NA	NA	NA	unphased	0.869313242538395	0.869313242538395	1
1	52926836	52926837	109	40	2	1	1	1	NA	NA	NA	unphased	0.925711640823883	0.925711640823883	1
1	55224730	55224731	29	13	2	1	1	1	NA	NA	NA	unphased	1.06732348111658	1.06732348111658	1
1	68564208	68564209	25	8	2	1	1	1	NA	NA	NA	unphased	0.83594566353187	0.83594566353187	1
1	70504216	70504217	133	38	2	1	1	1	NA	NA	NA	unphased	0.766283524904215	0.766283524904215	1
1	70504750	70504751	29	10	2	1	1	1	NA	NA	NA	unphased	0.884173297966401	0.884173297966401	1
1	74507040	74507041	152	35	2	1	1	1	NA	NA	NA	unphased	0.645399225520929	0.645399225520929	1
1	74670222	74670223	99	39	2	1	1	1	NA	NA	NA	unphased	0.974512743628186	0.974512743628186	1
1	79385866	79385867	44	16	2	1	1	1	NA	NA	NA	unphased	0.919540229885058	0.919540229885058	1
1	82434989	82434990	146	47	2	1	1	1	NA	NA	NA	unphased	0.839735572628194	0.839735572628194	1
1	85412763	85412764	122	32	2	1	1	1	NA	NA	NA	unphased	0.716524854455889	0.716524854455889	1
1	89299083	89299084	61	27	2	1	1	1	NA	NA	NA	unphased	1.05799373040752	1.05799373040752	1
1	91816354	91816355	104	36	2	1	1	1	NA	NA	NA	unphased	0.886699507389163	0.886699507389163	1
1	92185494	92185495	124	38	2	1	1	1	NA	NA	NA	unphased	0.808854831843338	0.808854831843338	1
1	92728458	92728459	33	3	2	1	1	1	NA	NA	NA	unphased	0.28735632183908	0.28735632183908	1
1	94568694	94568695	183	54	2	1	1	1	NA	NA	NA	unphased	0.785683107813182	0.785683107813182	1
1	97771799	97771800	175	85	2	1	1	1	NA	NA	NA	unphased	1.12732095490716	1.12732095490716	1
1	98039314	98039315	120	45	2	1	1	1	NA	NA	NA	unphased	0.940438871473354	0.940438871473354	1
1	98058934	98058935	47	14	2	1	1	1	NA	NA	NA	unphased	0.791407574901074	0.791407574901074	1
1	111495333	111495334	62	21	2	1	1	1	NA	NA	NA	unphased	0.872455338595762	0.872455338595762	1
1	114970453	114970454	79	33	2	1	1	1	NA	NA	NA	unphased	1.01600985221675	1.01600985221675	1
1	118506561	118506562	136	43	2	1	1	1	NA	NA	NA	unphased	0.828356771335003	0.828356771335003	1
1	145109636	145109637	1041	45	3	3	0	1	NA	NA	NA	unphased	0.184320823013907	0.184320823013907	1
1	145748526	145748527	70	24	3	3	0	1	NA	NA	NA	unphased	1.13573000733676	1.13573000733676	1
1	148004659	148004660	222	119	3	3	0	1	NA	NA	NA	unphased	1.55233087268682	0.776165436343412	2
1	149369372	149369373	11	16	3	3	0	1	NA	NA	NA	unphased	2.6360153256705	0.878671775223499	3
1	151108491	151108492	26	48	3	3	0	1	NA	NA	NA	unphased	2.88536812674744	0.961789375582479	3
1	151204163	151204164	99	24	3	3	0	1	NA	NA	NA	unphased	0.867956265769554	0.867956265769554	1
1	152193337	152193338	423	125	3	3	0	1	NA	NA	NA	unphased	1.01466146488799	1.01466146488799	1
1	154091181	154091182	192	39	3	3	0	1	NA	NA	NA	unphased	0.751007613076579	0.751007613076579	1
1	155207243	155207244	76	26	3	3	0	1	NA	NA	NA	unphased	1.13387423935091	1.13387423935091	1
1	156902655	156902656	21	7	3	3	0	1	NA	NA	NA	unphased	1.11206896551724	1.11206896551724	1
1	157804446	157804447	155	34	3	3	0	1	NA	NA	NA	unphased	0.800218938149973	0.800218938149973	1
1	158262124	158262125	169	351	3	3	0	1	NA	NA	NA	unphased	3.00258620689655	1.00086206896552	3
1	158605731	158605732	61	117	3	3	0	1	NA	NA	NA	unphased	2.92386671832623	0.974622239442077	3
1	158655034	158655035	99	25	3	3	0	1	NA	NA	NA	unphased	0.896829810901001	0.896829810901001	1
1	160851011	160851012	44	107	3	3	0	1	NA	NA	NA	unphased	3.15208951815483	1.05069650605161	3
1	169390621	169390622	95	18	3	3	0	1	NA	NA	NA	unphased	0.708574916081782	0.708574916081782	1
1	170931073	170931074	17	15	3	3	0	1	NA	NA	NA	unphased	2.08512931034483	1.04256465517241	2
1	175331871	175331872	96	32	3	3	0	1	NA	NA	NA	unphased	1.11206896551724	1.11206896551724	1
1	176564278	176564279	62	18	3	3	0	1	NA	NA	NA	unphased	1.00086206896552	1.00086206896552	1
1	178490303	178490304	122	45	3	3	0	1	NA	NA	NA	unphased	1.19863720834194	1.19863720834194	1
1	180053186	180053187	19	6	3	3	0	1	NA	NA	NA	unphased	1.06758620689655	1.06758620689655	1
1	182615809	182615810	75	20	3	3	0	1	NA	NA	NA	unphased	0.936479128856624	0.936479128856624	1
1	183200119	183200120	46	81	3	3	0	1	NA	NA	NA	unphased	2.83708932935107	0.945696443117024	3
1	186031076	186031077	52	12	3	3	0	1	NA	NA	NA	unphased	0.834051724137931	0.834051724137931	1
1	186106955	186106956	120	18	3	3	0	1	NA	NA	NA	unphased	0.580209895052474	0.580209895052474	1
1	190067720	190067721	53	144	3	3	0	1	NA	NA	NA	unphased	3.25153159460879	1.0838438648696	3
1	192547470	192547471	229	60	3	3	0	1	NA	NA	NA	unphased	0.923517480014318	0.923517480014318	1
1	192547554	192547555	101	23	3	3	0	1	NA	NA	NA	unphased	0.825083426028921	0.825083426028921	1
1	193074707	193074708	33	8	3	3	0	1	NA	NA	NA	unphased	0.867956265769554	0.867956265769554	1
1	196227411	196227412	41	108	3	3	0	1	NA	NA	NA	unphased	3.22425364498959	1.07475121499653	3
1	197060089	197060090	96	37	3	3	0	1	NA	NA	NA	unphased	1.23749027741768	1.23749027741768	1
1	201751847	201751848	51	29	3	3	0	1	NA	NA	NA	unphased	1.6125	0.80625	2
1	207297616	207297617	104	27	3	3	0	1	NA	NA	NA	unphased	0.916820215846275	0.916820215846275	1
1	210001470	210001471	105	26	3	3	0	1	NA	NA	NA	unphased	0.882863911555673	0.882863911555673	1
1	216246459	216246460	21	41	3	3	0	1	NA	NA	NA	unphased	2.94160177975528	0.980533926585094	3
1	216850615	216850616	115	50	3	3	0	1	NA	NA	NA	unphased	1.34796238244514	0.673981191222571	2
1	216850616	216850617	115	53	3	3	0	1	NA	NA	NA	unphased	1.40332512315271	0.701662561576355	2
1	218520186	218520187	105	46	3	3	0	1	NA	NA	NA	unphased	1.35510390500114	0.677551952500571	2
1	227400838	227400839	79	5	3	3	0	1	NA	NA	NA	unphased	0.264778325123153	0.264778325123153	1
1	228345503	228345504	10	5	3	3	0	1	NA	NA	NA	unphased	1.48275862068966	1.48275862068966	1
1	229422229	229422230	36	10	3	3	0	1	NA	NA	NA	unphased	0.967016491754123	0.967016491754123	1
1	236746417	236746418	348	64	3	3	0	1	NA	NA	NA	unphased	0.690994308670907	0.690994308670907	1
1	237693747	237693748	18	3	3	3	0	1	NA	NA	NA	unphased	0.635467980295567	0.635467980295567	1
1	237758838	237758839	22	41	3	3	0	1	NA	NA	NA	unphased	2.89490968801314	0.964969896004379	3
1	241964595	241964596	28	6	3	3	0	1	NA	NA	NA	unphased	0.78498985801217	0.78498985801217	1
1	242024770	242024771	38	70	3	3	0	1	NA	NA	NA	unphased	2.88314176245211	0.961047254150702	3
1	242383355	242383356	30	58	3	3	0	1	NA	NA	NA	unphased	2.93181818181818	0.977272727272727	3
1	243480084	243480085	42	67	3	3	0	1	NA	NA	NA	unphased	2.73426130971212	0.911420436570705	3
1	245027495	245027496	15	9	3	3	0	1	NA	NA	NA	unphased	1.66810344827586	1.66810344827586	1
1	247013587	247013588	178	67	3	3	0	1	NA	NA	NA	unphased	1.2164672765658	1.2164672765658	1
1	248004561	248004562	87	16	NA	NA	NA	NA	NA	NA	NA	unphased	NA	NA	1
1	248201787	248201788	363	106	NA	NA	NA	NA	NA	NA	NA	unphased	NA	NA	1
1	248262724	248262725	90	130	NA	NA	NA	NA	NA	NA	NA	unphased	NA	NA	1
1	248458197	248458198	87	26	NA	NA	NA	NA	NA	NA	NA	unphased	NA	NA	1
1	248487682	248487683	131	320	NA	NA	NA	NA	NA	NA	NA	unphased	NA	NA	1
1	248685324	248685325	64	25	NA	NA	NA	NA	NA	NA	NA	unphased	NA	NA	1
1	249106515	249106516	21	26	NA	NA	NA	NA	NA	NA	NA	unphased	NA	NA	1
10	930415	930416	110	14	5	5	0	1	NA	NA	NA	unphased	0.728031145717464	0.728031145717464	1
10	8100518	8100519	40	108	5	5	0	1	NA	NA	NA	unphased	4.70549860205033	0.941099720410065	5
10	15089254	15089255	34	6	5	5	0	1	NA	NA	NA	unphased	0.967241379310345	0.967241379310345	1
10	24813692	24813693	19	42	5	5	0	1	NA	NA	NA	unphased	4.43979649519503	1.10994912379876	4
10	26505665	26505666	8	23	5	5	0	1	NA	NA	NA	unphased	4.78420467185762	0.956840934371524	5
10	28527579	28527580	14	59	5	5	0	1	NA	NA	NA	unphased	5.21162021728862	1.04232404345772	5
10	30615385	30615386	236	38	5	5	0	1	NA	NA	NA	unphased	0.894286433425623	0.894286433425623	1
10	30918577	30918578	33	75	5	5	0	1	NA	NA	NA	unphased	4.477969348659	0.895593869731801	5
10	33103370	33103371	246	33	5	5	0	1	NA	NA	NA	unphased	0.762699295513534	0.762699295513534	1
10	37520508	37520509	17	26	5	5	0	1	NA	NA	NA	unphased	3.89895749799519	0.974739374498797	4
10	38654468	38654469	11	64	5	5	0	1	NA	NA	NA	unphased	5.50252873563219	1.10050574712644	5
10	43650711	43650712	163	21	7	7	0	1	NA	NA	NA	unphased	0.964205397301349	0.964205397301349	1
10	43694587	43694588	10	47	7	7	0	1	NA	NA	NA	unphased	6.96612220205687	0.995160314579552	7
10	60566340	60566341	161	59	2	1	1	1	NA	NA	NA	unphased	0.924764890282132	0.924764890282132	1
10	61112200	61112201	27	4	2	1	1	1	NA	NA	NA	unphased	0.444938820912125	0.444938820912125	1
10	62023651	62023652	49	19	2	1	1	1	NA	NA	NA	unphased	0.963488843813388	0.963488843813388	1
10	63212904	63212905	21	9	2	1	1	1	NA	NA	NA	unphased	1.03448275862069	1.03448275862069	1
10	63759928	63759929	56	22	2	1	1	1	NA	NA	NA	unphased	0.972590627763042	0.972590627763042	1
10	68040263	68040264	81	30	2	1	1	1	NA	NA	NA	unphased	0.931966449207829	0.931966449207829	1
10	68686898	68686899	116	38	2	1	1	1	NA	NA	NA	unphased	0.850873264666368	0.850873264666368	1
10	72614557	72614558	184	75	2	1	1	1	NA	NA	NA	unphased	0.998535481294102	0.998535481294102	1
10	73053267	73053268	106	42	2	1	1	1	NA	NA	NA	unphased	0.97856477166822	0.97856477166822	1
10	73544070	73544071	44	23	2	1	1	1	NA	NA	NA	unphased	1.18373648996397	1.18373648996397	1
10	78880777	78880778	50	11	2	1	1	1	NA	NA	NA	unphased	0.621820237422273	0.621820237422273	1
10	86004819	86004820	48	27	2	1	1	1	NA	NA	NA	unphased	1.24137931034483	1.24137931034483	1
10	93252126	93252127	81	45	2	1	1	1	NA	NA	NA	unphased	1.23152709359606	1.23152709359606	1
10	98744487	98744488	43	15	2	1	1	1	NA	NA	NA	unphased	0.89179548156956	0.89179548156956	1
10	100503729	100503730	101	31	2	1	1	1	NA	NA	NA	unphased	0.8098223615465	0.8098223615465	1
10	101578642	101578643	44	25	2	1	1	1	NA	NA	NA	unphased	1.24937531234383	1.24937531234383	1
10	101835788	101835789	74	26	2	1	1	1	NA	NA	NA	unphased	0.896551724137931	0.896551724137931	1
10	101964283	101964284	113	43	2	1	1	1	NA	NA	NA	unphased	0.950486295313882	0.950486295313882	1
10	103531277	103531278	53	20	2	1	1	1	NA	NA	NA	unphased	0.944733112895607	0.944733112895607	1
10	103550820	103550821	65	28	2	1	1	1	NA	NA	NA	unphased	1.03819058212829	1.03819058212829	1
10	105218593	105218594	11	3	2	1	1	1	NA	NA	NA	unphased	0.738916256157635	0.738916256157635	1
10	107005328	107005329	136	48	2	1	1	1	NA	NA	NA	unphased	0.899550224887556	0.899550224887556	1
10	107006976	107006977	36	10	2	1	1	1	NA	NA	NA	unphased	0.749625187406297	0.749625187406297	1
10	114136046	114136047	110	39	2	1	1	1	NA	NA	NA	unphased	0.902568849803286	0.902568849803286	1
10	115348624	115348625	35	7	2	1	1	1	NA	NA	NA	unphased	0.574712643678161	0.574712643678161	1
10	115374674	115374675	77	26	2	1	1	1	NA	NA	NA	unphased	0.870438567124205	0.870438567124205	1
10	116195906	116195907	12	3	2	1	1	1	NA	NA	NA	unphased	0.689655172413793	0.689655172413793	1
10	117075193	117075194	95	34	2	1	1	1	NA	NA	NA	unphased	0.90884790163058	0.90884790163058	1
10	118318782	118318783	59	24	2	1	1	1	NA	NA	NA	unphased	0.997091815538014	0.997091815538014	1
10	118891635	118891636	12	9	2	1	1	1	NA	NA	NA	unphased	1.47783251231527	1.47783251231527	1
10	120353837	120353838	50	17	2	1	1	1	NA	NA	NA	unphased	0.874935666495111	0.874935666495111	1
10	122618250	122618251	42	11	2	1	1	1	NA	NA	NA	unphased	0.715679895901106	0.715679895901106	1
10	122664829	122664830	76	37	2	1	1	1	NA	NA	NA	unphased	1.12908147696063	1.12908147696063	1
10	126660602	126660603	112	45	2	1	1	1	NA	NA	NA	unphased	0.988359323522952	0.988359323522952	1
10	129911826	129911827	97	38	2	1	1	1	NA	NA	NA	unphased	0.970625798212005	0.970625798212005	1
10	131762048	131762049	20	8	2	1	1	1	NA	NA	NA	unphased	0.985221674876847	0.985221674876847	1
10	134006221	134006222	51	37	2	1	1	1	NA	NA	NA	unphased	1.44984326018809	1.44984326018809	1
10	134996994	134996995	10	8	2	1	1	1	NA	NA	NA	unphased	1.53256704980843	1.53256704980843	1
11	428391	428392	39	14	NA	NA	NA	NA	NA	NA	NA	unphased	NA	NA	1
11	1862104	1862105	29	4	2	2	0	1	NA	NA	NA	unphased	0.417972831765935	0.417972831765935	1
11	1959779	1959780	9	6	2	2	0	1	NA	NA	NA	unphased	1.37931034482759	1.37931034482759	1
11	5842404	5842405	46	87	2	2	0	1	NA	NA	NA	unphased	2.25563909774436	1.12781954887218	2
11	5862857	5862858	78	86	2	2	0	1	NA	NA	NA	unphased	1.80824222035324	0.904121110176619	2
11	7067932	7067933	168	58	2	2	0	1	NA	NA	NA	unphased	0.884955752212389	0.884955752212389	1
11	7111392	7111393	20	11	2	2	0	1	NA	NA	NA	unphased	1.22358175750834	1.22358175750834	1
11	9167306	9167307	393	39	2	2	0	1	NA	NA	NA	unphased	0.311302681992337	0.311302681992337	1
11	10052683	10052684	85	136	2	2	0	1	NA	NA	NA	unphased	2.12201591511936	1.06100795755968	2
11	14541905	14541906	40	67	2	2	0	1	NA	NA	NA	unphased	2.15920077344505	1.07960038672253	2
11	20388873	20388874	5	14	2	2	0	1	NA	NA	NA	unphased	2.54083484573503	1.27041742286751	2
11	20676279	20676280	59	69	2	2	0	1	NA	NA	NA	unphased	1.85883620689655	0.929418103448276	2
11	21556040	21556041	38	39	2	2	0	1	NA	NA	NA	unphased	1.74652933273623	0.873264666368115	2
11	22399343	22399344	8	4	2	2	0	1	NA	NA	NA	unphased	1.14942528735632	1.14942528735632	1
11	26663548	26663549	33	75	2	2	0	1	NA	NA	NA	unphased	2.39463601532567	1.19731800766284	2
11	26743233	26743234	119	27	2	2	0	1	NA	NA	NA	unphased	0.637694851204535	0.637694851204535	1
11	32674690	32674691	42	56	2	2	0	1	NA	NA	NA	unphased	1.97044334975369	0.985221674876847	2
11	33566886	33566887	9	11	2	2	0	1	NA	NA	NA	unphased	1.89655172413793	0.948275862068966	2
11	35747494	35747495	35	40	2	2	0	1	NA	NA	NA	unphased	1.83908045977012	0.919540229885058	2
11	40136616	40136617	168	55	2	2	0	1	NA	NA	NA	unphased	0.85047162517396	0.85047162517396	1
11	40136953	40136954	73	72	2	2	0	1	NA	NA	NA	unphased	1.71224732461356	0.856123662306778	2
11	46700549	46700550	15	8	2	2	0	1	NA	NA	NA	unphased	1.19940029985008	1.19940029985008	1
11	55432922	55432923	56	62	2	2	0	1	NA	NA	NA	unphased	1.81180596142607	0.905902980713033	2
11	55433292	55433293	92	33	2	2	0	1	NA	NA	NA	unphased	0.910344827586207	0.910344827586207	1
11	55606569	55606570	150	61	2	2	0	1	NA	NA	NA	unphased	0.996894917470175	0.996894917470175	1
11	55735664	55735665	76	89	2	2	0	1	NA	NA	NA	unphased	1.85997910135841	0.929989550679206	2
11	55999617	55999618	27	48	2	2	0	1	NA	NA	NA	unphased	2.20689655172414	1.10344827586207	2
11	56468027	56468028	129	34	4	4	0	1	NA	NA	NA	unphased	1.13645017981807	1.13645017981807	1
11	57117247	57117248	20	24	3	3	0	1	NA	NA	NA	unphased	2.42633228840125	0.808777429467085	3
11	58979632	58979633	59	15	2	2	0	1	NA	NA	NA	unphased	0.698974836905871	0.698974836905871	1
11	58980143	58980144	80	128	2	2	0	1	NA	NA	NA	unphased	2.12201591511936	1.06100795755968	2
11	60620834	60620835	14	3	2	2	0	1	NA	NA	NA	unphased	0.608519269776876	0.608519269776876	1
11	62910851	62910852	13	15	2	2	0	1	NA	NA	NA	unphased	1.84729064039409	0.923645320197044	2
11	64434751	64434752	74	26	2	2	0	1	NA	NA	NA	unphased	0.896551724137931	0.896551724137931	1
11	64677515	64677516	16	23	2	2	0	1	NA	NA	NA	unphased	2.03359858532272	1.01679929266136	2
11	65107888	65107889	179	69	2	2	0	1	NA	NA	NA	unphased	0.959399332591769	0.959399332591769	1
11	65147352	65147353	48	16	2	2	0	1	NA	NA	NA	unphased	0.862068965517241	0.862068965517241	1
11	66457281	66457282	161	40	2	2	0	1	NA	NA	NA	unphased	0.686224052153028	0.686224052153028	1
11	67177103	67177104	9	5	2	2	0	1	NA	NA	NA	unphased	1.23152709359606	1.23152709359606	1
11	67202552	67202553	27	21	2	2	0	1	NA	NA	NA	unphased	1.50862068965517	0.754310344827586	2
11	68747786	68747787	47	9	2	2	0	1	NA	NA	NA	unphased	0.554187192118227	0.554187192118227	1
11	82443574	82443575	4	11	2	2	0	1	NA	NA	NA	unphased	2.52873563218391	1.26436781609195	2
11	89424639	89424640	33	29	2	2	0	1	NA	NA	NA	unphased	1.61290322580645	0.806451612903226	2
11	94180479	94180480	210	15	2	2	0	1	NA	NA	NA	unphased	0.229885057471264	0.229885057471264	1
11	95826148	95826149	37	40	2	2	0	1	NA	NA	NA	unphased	1.79131213613972	0.895656068069861	2
11	101833365	101833366	25	37	2	2	0	1	NA	NA	NA	unphased	2.05784204671858	1.02892102335929	2
11	102464192	102464193	73	27	2	2	0	1	NA	NA	NA	unphased	0.931034482758621	0.931034482758621	1
11	102991223	102991224	99	156	2	2	0	1	NA	NA	NA	unphased	2.10953346855984	1.05476673427992	2
11	104874002	104874003	107	39	2	2	0	1	NA	NA	NA	unphased	0.921114785073217	0.921114785073217	1
11	104912297	104912298	104	39	2	2	0	1	NA	NA	NA	unphased	0.940438871473354	0.940438871473354	1
11	108098501	108098502	126	26	2	2	0	1	NA	NA	NA	unphased	0.58983666061706	0.58983666061706	1
11	113608311	113608312	148	54	2	2	0	1	NA	NA	NA	unphased	0.921816319562991	0.921816319562991	1
11	113857403	113857404	73	32	2	2	0	1	NA	NA	NA	unphased	1.05090311986864	1.05090311986864	1
11	116729307	116729308	104	55	2	2	0	1	NA	NA	NA	unphased	1.19279982650184	1.19279982650184	1
11	118376002	118376003	239	7	2	2	0	1	NA	NA	NA	unphased	0.0981216708718811	0.0981216708718811	1
11	119045385	119045386	58	77	2	2	0	1	NA	NA	NA	unphased	1.96679438058748	0.983397190293742	2
11	119045386	119045387	58	75	2	2	0	1	NA	NA	NA	unphased	1.94451646357273	0.972258231786363	2
11	120096497	120096498	121	43	2	2	0	1	NA	NA	NA	unphased	0.904121110176619	0.904121110176619	1
11	121028648	121028649	86	4	2	2	0	1	NA	NA	NA	unphased	0.153256704980843	0.153256704980843	1
11	123900988	123900989	98	34	2	2	0	1	NA	NA	NA	unphased	0.888192267502612	0.888192267502612	1
11	124294593	124294594	46	21	2	2	0	1	NA	NA	NA	unphased	1.08080288214102	1.08080288214102	1
11	124294595	124294596	47	20	2	2	0	1	NA	NA	NA	unphased	1.02933607822954	1.02933607822954	1
11	129321281	129321282	26	36	2	2	0	1	NA	NA	NA	unphased	2.00222469410456	1.00111234705228	2
11	130064580	130064581	30	46	2	2	0	1	NA	NA	NA	unphased	2.08711433756806	1.04355716878403	2
12	332340	332341	26	28	NA	NA	NA	NA	NA	NA	NA	unphased	NA	NA	1
12	1949923	1949924	161	18	6	5	1	1	NA	NA	NA	unphased	0.748988634174533	0.748988634174533	1
12	7640015	7640016	49	62	6	5	1	1	NA	NA	NA	unphased	4.16029822926375	1.04007455731594	4
12	7882194	7882195	67	130	6	5	1	1	NA	NA	NA	unphased	4.91510589882724	0.983021179765447	5
12	15103647	15103648	134	23	6	5	1	1	NA	NA	NA	unphased	1.09114869316934	1.09114869316934	1
12	15654882	15654883	168	14	6	5	1	1	NA	NA	NA	unphased	0.572944297082228	0.572944297082228	1
12	20801635	20801636	154	130	6	5	1	1	NA	NA	NA	unphased	3.40942204953861	1.13647401651287	3
12	20854339	20854340	155	143	6	5	1	1	NA	NA	NA	unphased	3.57417264522101	0.893543161305253	4
12	22826546	22826547	232	32	5.95	5	1	0.99	0	1	0.01	unphased	0.896760710553814	0.896760710553814	1
12	30884402	30884403	174	48	3.1	4	2	0.42	1	0	0.58	unphased	0.983410997204101	0.983410997204101	1
12	40153743	40153744	22	11	5	3	2	1	NA	NA	NA	unphased	2.14942528735632	1.07471264367816	2
12	45173517	45173518	112	57	5	3	2	1	NA	NA	NA	unphased	2.17486227300551	1.08743113650275	2
12	45567331	45567332	152	33	5	3	2	1	NA	NA	NA	unphased	1.1502329916123	1.1502329916123	1
12	46123696	46123697	39	6	5	3	2	1	NA	NA	NA	unphased	0.859770114942529	0.859770114942529	1
12	46244949	46244950	95	22	5	3	2	1	NA	NA	NA	unphased	1.21249631594459	1.21249631594459	1
12	48251013	48251014	58	10	3	2	1	1	NA	NA	NA	unphased	0.654158215010142	0.654158215010142	1
12	48251017	48251018	55	11	3	2	1	1	NA	NA	NA	unphased	0.741379310344828	0.741379310344828	1
12	49439859	49439860	17	3	3	2	1	1	NA	NA	NA	unphased	0.667241379310345	0.667241379310345	1
12	49441823	49441824	81	20	3	2	1	1	NA	NA	NA	unphased	0.880846705360191	0.880846705360191	1
12	52115630	52115631	108	4	3	2	1	1	NA	NA	NA	unphased	0.158866995073892	0.158866995073892	1
12	52306282	52306283	71	10	3	2	1	1	NA	NA	NA	unphased	0.549169859514687	0.549169859514687	1
12	52793927	52793928	70	12	3	2	1	1	NA	NA	NA	unphased	0.650967199327166	0.650967199327166	1
12	54905628	54905629	170	45	3	2	1	1	NA	NA	NA	unphased	0.931034482758621	0.931034482758621	1
12	55945427	55945428	188	41	3	2	1	1	NA	NA	NA	unphased	0.79641620237916	0.79641620237916	1
12	57863407	57863408	131	33	3	2	1	1	NA	NA	NA	unphased	0.895079899074853	0.895079899074853	1
12	70918262	70918263	32	8	4	3	1	1	NA	NA	NA	unphased	1.08965517241379	1.08965517241379	1
12	70931978	70931979	135	26	4	3	1	1	NA	NA	NA	unphased	0.879845791390019	0.879845791390019	1
12	70953210	70953211	435	72	4	3	1	1	NA	NA	NA	unphased	0.773719649051214	0.773719649051214	1
12	71898441	71898442	394	76	4	3	1	1	NA	NA	NA	unphased	0.880997798972854	0.880997798972854	1
12	72680711	72680712	67	27	2	1	1	1	NA	NA	NA	unphased	0.990462215700661	0.990462215700661	1
12	78388626	78388627	71	25	2	1	1	1	NA	NA	NA	unphased	0.897988505747127	0.897988505747127	1
12	100796215	100796216	39	18	2	1	1	1	NA	NA	NA	unphased	1.08892921960073	1.08892921960073	1
12	101493390	101493391	83	30	2	1	1	1	NA	NA	NA	unphased	0.91547146780592	0.91547146780592	1
12	101603692	101603693	7	4	2	1	1	1	NA	NA	NA	unphased	1.25391849529781	1.25391849529781	1
12	108589637	108589638	88	47	2	1	1	1	NA	NA	NA	unphased	1.20051085568327	1.20051085568327	1
12	112374619	112374620	64	26	2	1	1	1	NA	NA	NA	unphased	0.996168582375479	0.996168582375479	1
12	112666056	112666057	24	8	2	1	1	1	NA	NA	NA	unphased	0.862068965517241	0.862068965517241	1
12	112670831	112670832	11	14	2	1	1	1	NA	NA	NA	unphased	1.93103448275862	1.93103448275862	1
12	115117423	115117424	152	40	2	1	1	1	NA	NA	NA	unphased	0.718390804597701	0.718390804597701	1
12	117724062	117724063	56	4	2	1	1	1	NA	NA	NA	unphased	0.229885057471264	0.229885057471264	1
12	118298108	118298109	35	14	2	1	1	1	NA	NA	NA	unphased	0.985221674876847	0.985221674876847	1
12	124156112	124156113	61	24	2	1	1	1	NA	NA	NA	unphased	0.973630831643002	0.973630831643002	1
12	124303764	124303765	28	3	2	1	1	1	NA	NA	NA	unphased	0.333704115684093	0.333704115684093	1
12	124846712	124846713	9	15	2	1	1	1	NA	NA	NA	unphased	2.1551724137931	2.1551724137931	1
12	129442086	129442087	24	16	2	1	1	1	NA	NA	NA	unphased	1.37931034482759	1.37931034482759	1
13	21396421	21396422	51	24	2	2	0	1	NA	NA	NA	unphased	1.10344827586207	1.10344827586207	1
13	25285771	25285772	8	8	2	2	0	1	NA	NA	NA	unphased	1.72413793103448	1.72413793103448	1
13	25367444	25367445	184	6	2	2	0	1	NA	NA	NA	unphased	0.108892921960073	0.108892921960073	1
13	25457210	25457211	18	6	2	2	0	1	NA	NA	NA	unphased	0.862068965517241	0.862068965517241	1
13	26145830	26145831	79	50	2	2	0	1	NA	NA	NA	unphased	1.33654103180968	0.668270515904838	2
13	26974587	26974588	124	49	2	2	0	1	NA	NA	NA	unphased	0.976679290412597	0.976679290412597	1
13	38923996	38923997	77	23	2	2	0	1	NA	NA	NA	unphased	0.793103448275862	0.793103448275862	1
13	52951734	52951735	136	7	2	2	0	1	NA	NA	NA	unphased	0.168796720520858	0.168796720520858	1
13	53254241	53254242	115	36	2	2	0	1	NA	NA	NA	unphased	0.822105503539621	0.822105503539621	1
13	58207127	58207128	20	11	2	2	0	1	NA	NA	NA	unphased	1.22358175750834	1.22358175750834	1
13	67799866	67799867	146	53	2	2	0	1	NA	NA	NA	unphased	0.918385028591232	0.918385028591232	1
13	73428245	73428246	72	18	2	2	0	1	NA	NA	NA	unphased	0.689655172413793	0.689655172413793	1
13	74289589	74289590	37	66	2	2	0	1	NA	NA	NA	unphased	2.20957482423837	1.10478741211918	2
13	76415913	76415914	62	32	2	2	0	1	NA	NA	NA	unphased	1.17388114453412	1.17388114453412	1
13	78137970	78137971	43	71	2	2	0	1	NA	NA	NA	unphased	2.14761040532365	1.07380520266183	2
13	84454901	84454902	75	16	2	2	0	1	NA	NA	NA	unphased	0.606290261462675	0.606290261462675	1
13	88330196	88330197	9	10	2	2	0	1	NA	NA	NA	unphased	1.81488203266788	0.907441016333938	2
13	101833625	101833626	43	45	2	2	0	1	NA	NA	NA	unphased	1.76332288401254	0.88166144200627	2
13	102231756	102231757	33	26	2	2	0	1	NA	NA	NA	unphased	1.51957919345412	0.75978959672706	2
14	20389722	20389723	134	22	NA	NA	NA	NA	NA	NA	NA	unphased	NA	NA	1
14	21502088	21502089	142	57	2	1	1	1	NA	NA	NA	unphased	0.987697106220759	0.987697106220759	1
14	21831419	21831420	21	8	2	1	1	1	NA	NA	NA	unphased	0.951248513674197	0.951248513674197	1
14	22363159	22363160	74	18	2	1	1	1	NA	NA	NA	unphased	0.674662668665667	0.674662668665667	1
14	24838737	24838738	276	97	2	1	1	1	NA	NA	NA	unphased	0.896736618286031	0.896736618286031	1
14	33292896	33292897	124	8	2	1	1	1	NA	NA	NA	unphased	0.208986415882968	0.208986415882968	1
14	42360791	42360792	49	22	2	1	1	1	NA	NA	NA	unphased	1.06847984458475	1.06847984458475	1
14	55168859	55168860	52	25	2	1	1	1	NA	NA	NA	unphased	1.11957008508733	1.11957008508733	1
14	58056098	58056099	36	4	2	1	1	1	NA	NA	NA	unphased	0.344827586206897	0.344827586206897	1
14	64467387	64467388	101	41	2	1	1	1	NA	NA	NA	unphased	0.995628946090335	0.995628946090335	1
14	64519521	64519522	48	16	2	1	1	1	NA	NA	NA	unphased	0.862068965517241	0.862068965517241	1
14	68215066	68215067	7	3	2	1	1	1	NA	NA	NA	unphased	1.03448275862069	1.03448275862069	1
14	70713050	70713051	31	11	2	1	1	1	NA	NA	NA	unphased	0.90311986863711	0.90311986863711	1
14	73614705	73614706	37	10	2	1	1	1	NA	NA	NA	unphased	0.733675715333822	0.733675715333822	1
14	73987627	73987628	93	50	2	1	1	1	NA	NA	NA	unphased	1.20569086086327	1.20569086086327	1
14	76429596	76429597	29	8	2	1	1	1	NA	NA	NA	unphased	0.745573159366263	0.745573159366263	1
14	86087828	86087829	45	23	2	1	1	1	NA	NA	NA	unphased	1.16632860040568	1.16632860040568	1
14	89039027	89039028	125	64	2	1	1	1	NA	NA	NA	unphased	1.16767013318737	1.16767013318737	1
14	93118173	93118174	144	14	3	2	1	1	NA	NA	NA	unphased	0.394151025752946	0.394151025752946	1
14	93142917	93142918	65	14	3	2	1	1	NA	NA	NA	unphased	0.788302051505893	0.788302051505893	1
14	94245619	94245620	30	14	4	2	2	1	NA	NA	NA	unphased	1.73354231974922	0.866771159874608	2
14	96178693	96178694	111	38	4	2	2	1	NA	NA	NA	unphased	1.38949317287665	0.694746586438325	2
14	100615442	100615443	141	41	4	2	2	1	NA	NA	NA	unphased	1.2273588480485	1.2273588480485	1
14	106091399	106091400	275	87	NA	NA	NA	NA	NA	NA	NA	unphased	NA	NA	1
14	106235583	106235584	192	19	NA	NA	NA	NA	NA	NA	NA	unphased	NA	NA	1
14	106622045	106622046	308	186	NA	NA	NA	NA	NA	NA	NA	unphased	NA	NA	1
14	106962948	106962949	262	105	NA	NA	NA	NA	NA	NA	NA	unphased	NA	NA	1
14	106963123	106963124	156	29	NA	NA	NA	NA	NA	NA	NA	unphased	NA	NA	1
14	106967342	106967343	133	30	NA	NA	NA	NA	NA	NA	NA	unphased	NA	NA	1
15	20170106	20170107	111	29	NA	NA	NA	NA	NA	NA	NA	unphased	NA	NA	1
15	23811258	23811259	107	31	2.64	2	1	0.64	1	1	0.36	unphased	0.918380809595202	0.918380809595202	1
15	23890783	23890784	17	8	2.64	2	1	0.64	1	1	0.36	unphased	1.30824827586207	1.30824827586207	1
15	25417839	25417840	215	78	2.64	2	1	0.64	1	1	0.36	unphased	1.08834647522655	1.08834647522655	1
15	25446529	25446530	207	90	2.64	2	1	0.64	1	1	0.36	unphased	1.23887147335423	1.23887147335423	1
15	25467535	25467536	155	43	2.64	2	1	0.64	1	1	0.36	unphased	0.8878578892372	0.8878578892372	1
15	25932874	25932875	142	48	2.64	2	1	0.64	1	1	0.36	unphased	1.0328275862069	1.0328275862069	1
15	25958917	25958918	87	29	2.64	2	1	0.64	1	1	0.36	unphased	1.02206896551724	1.02206896551724	1
15	28235789	28235790	88	61	2.64	2	1	0.64	1	1	0.36	unphased	1.67372367507521	1.02056321650928	1.64
15	28902469	28902470	126	31	2.64	2	1	0.64	1	1	0.36	unphased	0.807239182956293	0.807239182956293	1
15	29393880	29393881	25	8	2.64	2	1	0.64	1	1	0.36	unphased	0.991097178683386	0.991097178683386	1
15	31352743	31352744	20	11	2.64	2	1	0.64	1	1	0.36	unphased	1.45067853170189	1.45067853170189	1
15	32926223	32926224	26	10	2.64	2	1	0.64	1	1	0.36	unphased	1.13563218390805	1.13563218390805	1
15	35834709	35834710	189	63	2.64	2	1	0.64	1	1	0.36	unphased	1.02206896551724	1.02206896551724	1
15	40628787	40628788	161	57	2.64	2	1	0.64	1	1	0.36	unphased	1.06895286301803	1.06895286301803	1
15	42695082	42695083	115	50	2.64	2	1	0.64	1	1	0.36	unphased	1.23887147335423	1.23887147335423	1
15	43819298	43819299	35	23	2.64	2	1	0.64	1	1	0.36	unphased	1.62121284185493	0.988544415765204	1.64
15	48719793	48719794	99	51	2.64	2	1	0.64	1	1	0.36	unphased	1.39001379310345	0.847569386038688	1.64
15	48788312	48788313	89	29	2.64	2	1	0.64	1	1	0.36	unphased	1.00474576271186	1.00474576271186	1
15	49048733	49048734	45	26	2.72	2	1	0.72	1	1	0.28	unphased	1.52641087906751	0.887448185504366	1.72
15	51696578	51696579	172	108	2.72	2	1	0.72	1	1	0.28	unphased	1.60776354679803	0.934746248138389	1.72
15	51792044	51792045	55	27	2.72	2	1	0.72	1	1	0.28	unphased	1.3724810765349	0.797954114264479	1.72
15	53908223	53908224	76	27	2.72	2	1	0.72	1	1	0.28	unphased	1.09265483762973	1.09265483762973	1
15	59323141	59323142	42	18	2.72	2	1	0.72	1	1	0.28	unphased	1.25048275862069	1.25048275862069	1
15	65153732	65153733	19	10	2.72	2	1	0.72	1	1	0.28	unphased	1.43733650416171	1.43733650416171	1
15	66044853	66044854	52	15	2.72	2	1	0.72	1	1	0.28	unphased	0.933196088522903	0.933196088522903	1
15	68119421	68119422	45	8	2.72	2	1	0.72	1	1	0.28	unphased	0.629173715029278	0.629173715029278	1
15	74738471	74738472	93	57	2.72	2	1	0.72	1	1	0.28	unphased	1.58394482758621	0.920898155573376	1.72
15	75586126	75586127	23	12	2.72	2	1	0.72	1	1	0.28	unphased	1.42912315270936	1.42912315270936	1
15	75650579	75650580	86	19	2.72	2	1	0.72	1	1	0.28	unphased	0.754259441707718	0.754259441707718	1
15	78393757	78393758	30	11	2.72	2	1	0.72	1	1	0.28	unphased	1.11831791421363	1.11831791421363	1
15	78757686	78757687	86	16	2.72	2	1	0.72	1	1	0.28	unphased	0.653847194050034	0.908121102847269	0.72
15	79341889	79341890	50	25	2.72	2	1	0.72	1	1	0.28	unphased	1.38942528735632	0.807805399625768	1.72
15	80260023	80260024	35	22	2.72	2	1	0.72	1	1	0.28	unphased	1.60880822746521	0.935353620619311	1.72
15	89753508	89753509	104	56	2.72	2	1	0.72	1	1	0.28	unphased	1.45889655172414	0.848195669607057	1.72
15	91037998	91037999	127	64	2.72	2	1	0.72	1	1	0.28	unphased	1.3966997653006	0.812034747267788	1.72
16	2326793	2326794	68	14	3	2	1	1	NA	NA	NA	unphased	0.75946173254836	0.75946173254836	1
16	2349431	2349432	146	30	3	2	1	1	NA	NA	NA	unphased	0.758228840125392	0.758228840125392	1
16	2815054	2815055	213	54	3	2	1	1	NA	NA	NA	unphased	0.899651297946532	0.899651297946532	1
16	3140291	3140292	76	19	3	2	1	1	NA	NA	NA	unphased	0.889655172413793	0.889655172413793	1
16	3641117	3641118	185	9	3	2	1	1	NA	NA	NA	unphased	0.206363313188766	0.206363313188766	1
16	4810573	4810574	106	21	3	2	1	1	NA	NA	NA	unphased	0.735541677979908	0.735541677979908	1
16	4810574	4810575	105	21	3	2	1	1	NA	NA	NA	unphased	0.741379310344828	0.741379310344828	1
16	4852666	4852667	16	4	3	2	1	1	NA	NA	NA	unphased	0.889655172413793	0.889655172413793	1
16	9934638	9934639	36	44	4	3	1	1	NA	NA	NA	unphased	2.99655172413793	0.998850574712644	3
16	10032170	10032171	107	19	4	3	1	1	NA	NA	NA	unphased	0.821565407772304	0.821565407772304	1
16	17211611	17211612	57	15	3	2	1	1	NA	NA	NA	unphased	0.926724137931035	0.926724137931035	1
16	20482471	20482472	81	47	3	2	1	1	NA	NA	NA	unphased	1.63335129310345	0.816675646551724	2
16	20749104	20749105	101	27	3	2	1	1	NA	NA	NA	unphased	0.938308189655172	0.938308189655172	1
16	20976397	20976398	342	104	3	2	1	1	NA	NA	NA	unphased	1.03726612030308	1.03726612030308	1
16	22269836	22269837	67	40	3	2	1	1	NA	NA	NA	unphased	1.66290686432485	0.831453432162424	2
16	25123229	25123230	40	6	3	2	1	1	NA	NA	NA	unphased	0.580209895052474	0.580209895052474	1
16	27786316	27786317	97	31	2	2	0	1	NA	NA	NA	unphased	0.835129310344828	0.835129310344828	1
16	28603087	28603088	28	10	2	2	0	1	NA	NA	NA	unphased	0.907441016333938	0.907441016333938	1
16	28913588	28913589	146	52	2	2	0	1	NA	NA	NA	unphased	0.905607802159526	0.905607802159526	1
16	28914424	28914425	131	47	2	2	0	1	NA	NA	NA	unphased	0.910499806276637	0.910499806276637	1
16	31500569	31500570	81	4	2	2	0	1	NA	NA	NA	unphased	0.162271805273834	0.162271805273834	1
16	47675522	47675523	42	22	2	2	0	1	NA	NA	NA	unphased	1.18534482758621	1.18534482758621	1
16	50783820	50783821	61	84	2	2	0	1	NA	NA	NA	unphased	1.99762187871581	0.998810939357907	2
16	53358336	53358337	40	24	2	2	0	1	NA	NA	NA	unphased	1.29310344827586	1.29310344827586	1
16	67233627	67233628	9	17	2	2	0	1	NA	NA	NA	unphased	2.25464190981432	1.12732095490716	2
16	67316210	67316211	23	13	2	2	0	1	NA	NA	NA	unphased	1.24521072796935	1.24521072796935	1
16	69152222	69152223	21	7	2	2	0	1	NA	NA	NA	unphased	0.862068965517241	0.862068965517241	1
16	69154501	69154502	67	20	2	2	0	1	NA	NA	NA	unphased	0.792707094728498	0.792707094728498	1
16	72821902	72821903	85	22	2	2	0	1	NA	NA	NA	unphased	0.708991298743152	0.708991298743152	1
16	74339344	74339345	12	27	2	2	0	1	NA	NA	NA	unphased	2.38726790450928	1.19363395225464	2
16	74949877	74949878	91	26	2	2	0	1	NA	NA	NA	unphased	0.766283524904215	0.766283524904215	1
16	79632722	79632723	23	16	2	2	0	1	NA	NA	NA	unphased	1.41467727674624	1.41467727674624	1
16	84212911	84212912	12	11	2	2	0	1	NA	NA	NA	unphased	1.64917541229385	0.824587706146927	2
17	729315	729316	41	14	NA	NA	NA	NA	NA	NA	NA	unphased	NA	NA	1
17	2279102	2279103	40	71	2	2	0	1	NA	NA	NA	unphased	2.20565392979186	1.10282696489593	2
17	5418227	5418228	24	34	2	2	0	1	NA	NA	NA	unphased	2.02140309155767	1.01070154577883	2
17	7124369	7124370	34	47	2	2	0	1	NA	NA	NA	unphased	2.00085142613878	1.00042571306939	2
17	7577045	7577046	50	50	2	2	0	1	NA	NA	NA	unphased	1.72413793103448	0.862068965517241	2
17	8166570	8166571	63	59	2	2	0	1	NA	NA	NA	unphased	1.66760881854155	0.833804409270774	2
17	8753097	8753098	9	12	2	2	0	1	NA	NA	NA	unphased	1.97044334975369	0.985221674876847	2
17	10355634	10355635	37	65	2	2	0	1	NA	NA	NA	unphased	2.1974306964165	1.09871534820825	2
17	10411241	10411242	36	55	2	2	0	1	NA	NA	NA	unphased	2.08412277377795	1.04206138688897	2
17	17046939	17046940	47	12	2	2	0	1	NA	NA	NA	unphased	0.701344243132671	0.701344243132671	1
17	18647982	18647983	98	60	2	2	0	1	NA	NA	NA	unphased	1.3094718463553	1.3094718463553	1
17	26708606	26708607	4	4	1.5	2	1	0.25	1	0	0.75	unphased	1.47413793103448	1.47413793103448	1
17	27778619	27778620	94	35	1.5	2	1	0.25	1	0	0.75	unphased	0.799919807538091	0.799919807538091	1
17	29645354	29645355	159	18	1.5	2	1	0.25	1	0	0.75	unphased	0.299824663939217	1.19929865575687	0.25
17	32956199	32956200	71	13	1.5	2	1	0.25	1	0	0.75	unphased	0.45628078817734	0.45628078817734	1
17	36918667	36918668	132	63	1.5	2	1	0.25	1	0	0.75	unphased	0.952519893899204	0.952519893899204	1
17	38974731	38974732	31	41	1.5	2	1	0.25	1	0	0.75	unphased	1.67887931034483	1.34310344827586	1.25
17	39020083	39020084	34	46	1.5	2	1	0.25	1	0	0.75	unphased	1.69525862068966	1.35620689655172	1.25
17	39661683	39661684	59	43	1.5	2	1	0.25	1	0	0.75	unphased	1.24290060851927	0.994320486815416	1.25
17	40371733	40371734	78	10	1.5	2	1	0.25	1	0	0.75	unphased	0.335031347962382	1.34012539184953	0.25
17	40725085	40725086	121	25	1.5	2	1	0.25	1	0	0.75	unphased	0.50484175720359	0.50484175720359	1
17	41895441	41895442	23	6	1.5	2	1	0.25	1	0	0.75	unphased	0.609988109393579	0.609988109393579	1
17	45730119	45730120	89	23	1.5	2	1	0.25	1	0	0.75	unphased	0.605449507389163	0.605449507389163	1
17	46691795	46691796	71	41	1.5	2	1	0.25	1	0	0.75	unphased	1.07927955665025	1.07927955665025	1
17	48172881	48172882	17	8	1.5	2	1	0.25	1	0	0.75	unphased	0.943448275862069	0.943448275862069	1
17	48594753	48594754	131	40	1.5	2	1	0.25	1	0	0.75	unphased	0.689655172413793	0.689655172413793	1
17	53345448	53345449	88	19	1.5	2	1	0.25	1	0	0.75	unphased	0.523525620367386	0.523525620367386	1
17	56565107	56565108	10	4	1.5	2	1	0.25	1	0	0.75	unphased	0.842364532019704	0.842364532019704	1
17	56581117	56581118	151	41	1.5	2	1	0.25	1	0	0.75	unphased	0.62957974137931	0.62957974137931	1
17	57937645	57937646	47	8	1.5	2	1	0.25	1	0	0.75	unphased	0.42884012539185	0.42884012539185	1
17	57937724	57937725	96	11	1.5	2	1	0.25	1	0	0.75	unphased	0.303093780212697	1.21237512085079	0.25
17	60464771	60464772	82	54	1.5	2	1	0.25	1	0	0.75	unphased	1.17063894523327	1.17063894523327	1
17	60813356	60813357	218	49	1.5	2	1	0.25	1	0	0.75	unphased	0.541069352963968	0.541069352963968	1
17	61600727	61600728	11	18	1.5	2	1	0.25	1	0	0.75	unphased	1.82996432818074	1.46397146254459	1.25
17	63193282	63193283	30	15	1.5	2	1	0.25	1	0	0.75	unphased	0.982758620689655	0.982758620689655	1
17	65918991	65918992	75	41	1.5	2	1	0.25	1	0	0.75	unphased	1.04206302021403	1.04206302021403	1
17	67181616	67181617	63	31	1.5	2	1	0.25	1	0	0.75	unphased	0.972303741746148	0.972303741746148	1
17	67300869	67300870	62	41	1.5	2	1	0.25	1	0	0.75	unphased	1.17358553732842	1.17358553732842	1
17	73492461	73492462	63	42	3	2	1	1	NA	NA	NA	unphased	1.77931034482759	0.889655172413793	2
17	78268621	78268622	67	19	3	2	1	1	NA	NA	NA	unphased	0.982758620689655	0.982758620689655	1
17	78269536	78269537	94	30	3	2	1	1	NA	NA	NA	unphased	1.0761957730812	1.0761957730812	1
17	78272201	78272202	58	21	3	2	1	1	NA	NA	NA	unphased	1.18245307725884	1.18245307725884	1
17	79503905	79503906	14	13	3	2	1	1	NA	NA	NA	unphased	2.14176245210728	1.07088122605364	2
18	674279	674280	314	69	3	2	1	1	NA	NA	NA	unphased	0.801386513009814	0.801386513009814	1
18	5398104	5398105	371	73	3	2	1	1	NA	NA	NA	unphased	0.731360671015843	0.731360671015843	1
18	5438110	5438111	30	29	3	2	1	1	NA	NA	NA	unphased	2.1864406779661	1.09322033898305	2
18	7231414	7231415	81	12	3	2	1	1	NA	NA	NA	unphased	0.573971078976641	0.573971078976641	1
18	8609898	8609899	33	12	3	2	1	1	NA	NA	NA	unphased	1.18620689655172	1.18620689655172	1
18	9255356	9255357	56	19	3	2	1	1	NA	NA	NA	unphased	1.12689655172414	1.12689655172414	1
18	12325636	12325637	81	22	3	2	1	1	NA	NA	NA	unphased	0.950117174422498	0.950117174422498	1
18	14478985	14478986	35	10	3	2	1	1	NA	NA	NA	unphased	0.988505747126437	0.988505747126437	1
18	14850264	14850265	20	11	3	2	1	1	NA	NA	NA	unphased	1.57842046718576	1.57842046718576	1
18	20564877	20564878	91	16	3	2	1	1	NA	NA	NA	unphased	0.665162745729939	0.665162745729939	1
18	34854386	34854387	114	41	2	2	0	1	NA	NA	NA	unphased	0.912124582869856	0.912124582869856	1
18	40853714	40853715	79	38	2	2	0	1	NA	NA	NA	unphased	1.11995284409078	1.11995284409078	1
18	72999459	72999460	36	15	2	2	0	1	NA	NA	NA	unphased	1.01419878296146	1.01419878296146	1
18	76756975	76756976	31	46	2	2	0	1	NA	NA	NA	unphased	2.06000895656068	1.03000447828034	2
19	1468498	1468499	27	8	3	2	1	1	NA	NA	NA	unphased	1.01674876847291	1.01674876847291	1
19	6306643	6306644	19	6	3	2	1	1	NA	NA	NA	unphased	1.06758620689655	1.06758620689655	1
19	6984770	6984771	40	8	3	2	1	1	NA	NA	NA	unphased	0.741379310344828	0.741379310344828	1
19	9056896	9056897	39	37	2.16	2	1	0.16	1	1	0.84	unphased	1.75666061705989	1.5143626009137	1.16
19	10578191	10578192	152	50	2.16	2	1	0.16	1	1	0.84	unphased	0.893137589621031	0.893137589621031	1
19	10908187	10908188	137	28	2.16	2	1	0.16	1	1	0.84	unphased	0.612313479623825	0.612313479623825	1
19	11417457	11417458	27	25	2.16	2	1	0.16	1	1	0.84	unphased	1.73474801061008	1.49547242293972	1.16
19	11447868	11447869	355	16	2.16	2	1	0.16	1	1	0.84	unphased	0.155612975183567	0.972581094897295	0.16
19	11833646	11833647	187	45	2.16	2	1	0.16	1	1	0.84	unphased	0.699881093935791	0.699881093935791	1
19	11943033	11943034	60	21	2.16	2	1	0.16	1	1	0.84	unphased	0.935478927203065	0.935478927203065	1
19	12540887	12540888	33	22	2.16	2	1	0.16	1	1	0.84	unphased	1.44331034482759	1.24423305588585	1.16
19	14029607	14029608	108	34	2.16	2	1	0.16	1	1	0.84	unphased	0.863953375424964	0.863953375424964	1
19	15535159	15535160	100	40	2.16	2	1	0.16	1	1	0.84	unphased	1.03093596059113	1.03093596059113	1
19	17001362	17001363	15	4	2.16	2	1	0.16	1	1	0.84	unphased	0.759637023593466	0.759637023593466	1
19	17012066	17012067	21	5	2.16	2	1	0.16	1	1	0.84	unphased	0.693899204244032	0.693899204244032	1
19	17678314	17678315	29	8	2.16	2	1	0.16	1	1	0.84	unphased	0.780167753960857	0.780167753960857	1
19	18897347	18897348	59	10	2.16	2	1	0.16	1	1	0.84	unphased	0.522938530734633	0.522938530734633	1
19	19230902	19230903	13	5	2.16	2	1	0.16	1	1	0.84	unphased	1.00229885057471	1.00229885057471	1
19	20044143	20044144	70	28	2.16	2	1	0.16	1	1	0.84	unphased	1.03093596059113	1.03093596059113	1
19	21365740	21365741	80	17	2.16	2	1	0.16	1	1	0.84	unphased	0.632378243867757	0.632378243867757	1
19	21720080	21720081	45	15	2.16	2	1	0.16	1	1	0.84	unphased	0.902068965517241	0.902068965517241	1
19	22255655	22255656	104	62	2.16	2	1	0.16	1	1	0.84	unphased	1.34766929788118	1.16178387748378	1.16
19	22271355	22271356	43	7	2.16	2	1	0.16	1	1	0.84	unphased	0.505158620689655	0.505158620689655	1
19	22272244	22272245	26	5	2.16	2	1	0.16	1	1	0.84	unphased	0.581979977753059	0.581979977753059	1
19	22272245	22272246	26	5	2.16	2	1	0.16	1	1	0.84	unphased	0.581979977753059	0.581979977753059	1
19	22363596	22363597	182	31	2.16	2	1	0.16	1	1	0.84	unphased	0.525148130160272	0.525148130160272	1
19	22779119	22779120	6	3	2.16	2	1	0.16	1	1	0.84	unphased	1.20275862068966	1.20275862068966	1
19	29698957	29698958	245	19	2.16	2	1	0.16	1	1	0.84	unphased	0.259686520376176	0.259686520376176	1
19	32968457	32968458	30	89	4	4	0	1	NA	NA	NA	unphased	4.0747609388583	1.01869023471458	4
19	33119700	33119701	170	30	4	4	0	1	NA	NA	NA	unphased	0.817241379310345	0.817241379310345	1
19	33183179	33183180	23	54	4	4	0	1	NA	NA	NA	unphased	3.82086878638603	0.955217196596507	4
19	35250051	35250052	185	100	4	4	0	1	NA	NA	NA	unphased	1.91167574107683	0.955837870538415	2
19	35758763	35758764	317	66	4	4	0	1	NA	NA	NA	unphased	0.938867380930945	0.938867380930945	1
19	35849878	35849879	158	29	4	4	0	1	NA	NA	NA	unphased	0.844919786096257	0.844919786096257	1
19	36243289	36243290	37	5	4	4	0	1	NA	NA	NA	unphased	0.648604269293924	0.648604269293924	1
19	36273343	36273344	27	85	4	4	0	1	NA	NA	NA	unphased	4.13485221674877	1.03371305418719	4
19	36279115	36279116	67	13	4	4	0	1	NA	NA	NA	unphased	0.885344827586207	0.885344827586207	1
19	37368785	37368786	107	22	4	4	0	1	NA	NA	NA	unphased	0.929163325314087	0.929163325314087	1
19	38912754	38912755	36	34	4	4	0	1	NA	NA	NA	unphased	2.64630541871921	0.882101806239737	3
19	39412888	39412889	157	32	4	4	0	1	NA	NA	NA	unphased	0.922459405218026	0.922459405218026	1
19	41626290	41626291	140	45	3	3	0	1	NA	NA	NA	unphased	1.08201304753029	1.08201304753029	1
19	43859723	43859724	34	9	3	3	0	1	NA	NA	NA	unphased	0.931034482758621	0.931034482758621	1
19	44571243	44571244	148	34	3	3	0	1	NA	NA	NA	unphased	0.830996589617279	0.830996589617279	1
19	47492886	47492887	176	36	3	3	0	1	NA	NA	NA	unphased	0.755367599219258	0.755367599219258	1
19	47879255	47879256	84	51	3	3	0	1	NA	NA	NA	unphased	1.68045977011494	0.840229885057471	2
19	48387012	48387013	25	27	3	3	0	1	NA	NA	NA	unphased	2.30968169761273	1.15484084880637	2
19	49496409	49496410	84	70	3	3	0	1	NA	NA	NA	unphased	2.02194357366771	1.01097178683386	2
19	50885781	50885782	8	40	3	3	0	1	NA	NA	NA	unphased	3.70689655172414	1.23563218390805	3
19	51015806	51015807	14	5	3	3	0	1	NA	NA	NA	unphased	1.17059891107078	1.17059891107078	1
19	53611990	53611991	181	50	3	3	0	1	NA	NA	NA	unphased	0.962830273175101	0.962830273175101	1
19	55752351	55752352	8	4	3	3	0	1	NA	NA	NA	unphased	1.48275862068966	1.48275862068966	1
19	56243510	56243511	71	24	3	3	0	1	NA	NA	NA	unphased	1.12377495462795	1.12377495462795	1
19	57059205	57059206	99	65	3	3	0	1	NA	NA	NA	unphased	1.76303616484441	0.881518082422204	2
19	58420561	58420562	194	36	3	3	0	1	NA	NA	NA	unphased	0.696251874062969	0.696251874062969	1
2	669510	669511	74	23	4	2	2	1	NA	NA	NA	unphased	1.29185922502666	1.29185922502666	1
2	1161260	1161261	92	13	4	2	2	1	NA	NA	NA	unphased	0.674548440065681	0.674548440065681	1
2	1652884	1652885	43	7	4	2	2	1	NA	NA	NA	unphased	0.762758620689655	0.762758620689655	1
2	1893044	1893045	132	28	4	2	2	1	NA	NA	NA	unphased	0.953448275862069	0.953448275862069	1
2	15415803	15415804	117	29	4	2	2	1	NA	NA	NA	unphased	1.08219178082192	1.08219178082192	1
2	20205672	20205673	20	14	4	2	2	1	NA	NA	NA	unphased	2.24340770791075	1.12170385395538	2
2	21242602	21242603	47	7	4	2	2	1	NA	NA	NA	unphased	0.706257982120051	0.706257982120051	1
2	21250863	21250864	251	65	4	2	2	1	NA	NA	NA	unphased	1.12068965517241	1.12068965517241	1
2	26496612	26496613	54	29	4	2	2	1	NA	NA	NA	unphased	1.90361445783133	0.951807228915663	2
2	27372106	27372107	14	3	4	2	2	1	NA	NA	NA	unphased	0.961460446247465	0.961460446247465	1
2	27446827	27446828	441	91	4	2	2	1	NA	NA	NA	unphased	0.931941923774955	0.931941923774955	1
2	27746376	27746377	27	18	4	2	2	1	NA	NA	NA	unphased	2.17931034482759	1.08965517241379	2
2	32517378	32517379	141	22	4	2	2	1	NA	NA	NA	unphased	0.735350116352867	0.735350116352867	1
2	33411936	33411937	66	10	4	2	2	1	NA	NA	NA	unphased	0.716878402903811	0.716878402903811	1
2	33783911	33783912	104	12	4	2	2	1	NA	NA	NA	unphased	0.563614744351962	0.563614744351962	1
2	33952196	33952197	9	6	4	2	2	1	NA	NA	NA	unphased	2.17931034482759	1.08965517241379	2
2	37475349	37475350	154	27	4	2	2	1	NA	NA	NA	unphased	0.812726233568299	0.812726233568299	1
2	43937374	43937375	155	39	4	2	2	1	NA	NA	NA	unphased	1.09527195165304	1.09527195165304	1
2	44065708	44065709	26	8	4	2	2	1	NA	NA	NA	unphased	1.28194726166329	1.28194726166329	1
2	44502653	44502654	24	7	4	2	2	1	NA	NA	NA	unphased	1.23025583982202	1.23025583982202	1
2	48925887	48925888	61	31	4	2	2	1	NA	NA	NA	unphased	1.83583208395802	0.917916041979011	2
2	51254957	51254958	33	9	4	2	2	1	NA	NA	NA	unphased	1.16748768472906	1.16748768472906	1
2	54127088	54127089	236	40	4	2	2	1	NA	NA	NA	unphased	0.7896051974013	0.7896051974013	1
2	55804450	55804451	62	13	4	2	2	1	NA	NA	NA	unphased	0.944367816091954	0.944367816091954	1
2	61753652	61753653	84	17	4	2	2	1	NA	NA	NA	unphased	0.917036531239331	0.917036531239331	1
2	71060875	71060876	110	21	4	2	2	1	NA	NA	NA	unphased	0.873387733614109	0.873387733614109	1
2	71753407	71753408	370	39	4	2	2	1	NA	NA	NA	unphased	0.51951774723885	0.51951774723885	1
2	73635785	73635786	68	45	4	2	2	1	NA	NA	NA	unphased	2.16966737870003	1.08483368935002	2
2	74087235	74087236	119	31	4	2	2	1	NA	NA	NA	unphased	1.12597701149425	1.12597701149425	1
2	74128522	74128523	105	23	4	2	2	1	NA	NA	NA	unphased	0.978987068965517	0.978987068965517	1
2	74425789	74425790	34	16	4	2	2	1	NA	NA	NA	unphased	1.74344827586207	0.871724137931035	2
2	74682982	74682983	170	35	4	2	2	1	NA	NA	NA	unphased	0.930193439865433	0.930193439865433	1
2	77746505	77746506	89	35	4	2	2	1	NA	NA	NA	unphased	1.53781979977753	0.768909899888765	2
2	79314035	79314036	154	72	4	2	2	1	NA	NA	NA	unphased	1.73573390296002	0.867866951480012	2
2	79350320	79350321	83	19	4	2	2	1	NA	NA	NA	unphased	1.01487491548343	1.01487491548343	1
2	79365095	79365096	41	17	4	2	2	1	NA	NA	NA	unphased	1.59690844233056	0.798454221165279	2
2	79385883	79385884	30	11	4	2	2	1	NA	NA	NA	unphased	1.46173254835997	1.46173254835997	1
2	85051321	85051322	36	9	4	2	2	1	NA	NA	NA	unphased	1.08965517241379	1.08965517241379	1
2	88484971	88484972	28	7	4	2	2	1	NA	NA	NA	unphased	1.08965517241379	1.08965517241379	1
2	88874575	88874576	282	49	4	2	2	1	NA	NA	NA	unphased	0.806542348161267	0.806542348161267	1
2	88890071	88890072	104	26	4	2	2	1	NA	NA	NA	unphased	1.08965517241379	1.08965517241379	1
2	89976267	89976268	128	40	4	2	2	1	NA	NA	NA	unphased	1.29720853858785	1.29720853858785	1
2	90193249	90193250	226	49	4	2	2	1	NA	NA	NA	unphased	0.970783699059561	0.970783699059561	1
2	95515005	95515006	366	55	4	2	2	1	NA	NA	NA	unphased	0.711770005733475	0.711770005733475	1
2	97019077	97019078	86	17	4	2	2	1	NA	NA	NA	unphased	0.89922999665216	0.89922999665216	1
2	98744704	98744705	195	95	4	2	2	1	NA	NA	NA	unphased	1.78478002378121	0.892390011890606	2
2	98744740	98744741	188	40	4	2	2	1	NA	NA	NA	unphased	0.955837870538415	0.955837870538415	1
2	98797604	98797605	129	30	4	2	2	1	NA	NA	NA	unphased	1.02797657774886	1.02797657774886	1
2	99443446	99443447	172	103	4	2	2	1	NA	NA	NA	unphased	2.04062695924765	1.02031347962382	2
2	102456380	102456381	104	21	4	2	2	1	NA	NA	NA	unphased	0.915310344827586	0.915310344827586	1
2	109100634	109100635	115	23	4	2	2	1	NA	NA	NA	unphased	0.908045977011494	0.908045977011494	1
2	125530507	125530508	143	38	3	2	1	1	NA	NA	NA	unphased	0.933892169937131	0.933892169937131	1
2	131486963	131486964	57	35	3	2	1	1	NA	NA	NA	unphased	1.69227886056972	0.846139430284858	2
2	131521480	131521481	111	27	3	2	1	1	NA	NA	NA	unphased	0.870314842578711	0.870314842578711	1
2	132021446	132021447	102	94	3	2	1	1	NA	NA	NA	unphased	2.13335679099226	1.06667839549613	2
2	132290238	132290239	159	40	3	2	1	1	NA	NA	NA	unphased	0.894125801420898	0.894125801420898	1
2	135744572	135744573	335	130	3	2	1	1	NA	NA	NA	unphased	1.24360400444939	1.24360400444939	1
2	135744882	135744883	133	41	3	2	1	1	NA	NA	NA	unphased	1.04815695600476	1.04815695600476	1
2	135965198	135965199	257	73	3	2	1	1	NA	NA	NA	unphased	0.984012539184953	0.984012539184953	1
2	136566024	136566025	331	85	3	2	1	1	NA	NA	NA	unphased	0.908902519893899	0.908902519893899	1
2	141130579	141130580	167	85	3	2	1	1	NA	NA	NA	unphased	1.5004105090312	0.750205254515599	2
2	145157150	145157151	121	33	3	2	1	1	NA	NA	NA	unphased	0.95320197044335	0.95320197044335	1
2	151343231	151343232	279	53	3	2	1	1	NA	NA	NA	unphased	0.710116327378479	0.710116327378479	1
2	153528971	153528972	83	35	3	2	1	1	NA	NA	NA	unphased	1.31940385739334	1.31940385739334	1
2	155265536	155265537	94	22	3	2	1	1	NA	NA	NA	unphased	0.843638525564804	0.843638525564804	1
2	158152277	158152278	135	86	3	2	1	1	NA	NA	NA	unphased	1.73100327664222	0.865501638321111	2
2	163076374	163076375	102	21	3	2	1	1	NA	NA	NA	unphased	0.75946173254836	0.75946173254836	1
2	163228559	163228560	58	18	3	2	1	1	NA	NA	NA	unphased	1.0535390199637	1.0535390199637	1
2	164467082	164467083	85	42	3	2	1	1	NA	NA	NA	unphased	1.47108335595982	0.735541677979908	2
2	164467083	164467084	86	42	3	2	1	1	NA	NA	NA	unphased	1.45959051724138	0.72979525862069	2
2	166900540	166900541	68	18	3	2	1	1	NA	NA	NA	unphased	0.931034482758621	0.931034482758621	1
2	168103508	168103509	98	17	3	2	1	1	NA	NA	NA	unphased	0.657571214392804	0.657571214392804	1
2	169836445	169836446	52	9	3	2	1	1	NA	NA	NA	unphased	0.656302996042962	0.656302996042962	1
2	170062104	170062105	95	21	3	2	1	1	NA	NA	NA	unphased	0.805291319857313	0.805291319857313	1
2	170806564	170806565	82	23	3	2	1	1	NA	NA	NA	unphased	0.974384236453202	0.974384236453202	1
2	173349610	173349611	83	30	3	2	1	1	NA	NA	NA	unphased	1.18095819346964	1.18095819346964	1
2	175427245	175427246	39	12	3	2	1	1	NA	NA	NA	unphased	1.04665314401623	1.04665314401623	1
2	178098967	178098968	78	16	3	2	1	1	NA	NA	NA	unphased	0.757153338224505	0.757153338224505	1
2	179238667	179238668	102	27	3	2	1	1	NA	NA	NA	unphased	0.931034482758621	0.931034482758621	1
2	179400935	179400936	37	8	3	2	1	1	NA	NA	NA	unphased	0.79080459770115	0.79080459770115	1
2	179402376	179402377	72	16	3	2	1	1	NA	NA	NA	unphased	0.808777429467085	0.808777429467085	1
2	179403446	179403447	245	166	3	2	1	1	NA	NA	NA	unphased	1.79662723382834	0.898313616914171	2
2	179431322	179431323	283	83	3	2	1	1	NA	NA	NA	unphased	1.0087620124364	1.0087620124364	1
2	179443939	179443940	120	84	3	2	1	1	NA	NA	NA	unphased	1.8316430020284	0.915821501014199	2
2	179444805	179444806	183	67	3	2	1	1	NA	NA	NA	unphased	1.19213793103448	1.19213793103448	1
2	179479048	179479049	81	21	3	2	1	1	NA	NA	NA	unphased	0.915821501014199	0.915821501014199	1
2	179532007	179532008	21	3	3	2	1	1	NA	NA	NA	unphased	0.556034482758621	0.556034482758621	1
2	179605623	179605624	140	42	3	2	1	1	NA	NA	NA	unphased	1.02652519893899	1.02652519893899	1
2	180310439	180310440	105	35	3	2	1	1	NA	NA	NA	unphased	1.11206896551724	1.11206896551724	1
2	180810307	180810308	155	28	3	2	1	1	NA	NA	NA	unphased	0.680610514414924	0.680610514414924	1
2	182363448	182363449	84	57	3	2	1	1	NA	NA	NA	unphased	1.7982391782832	0.899119589141599	2
2	182543436	182543437	20	6	3	2	1	1	NA	NA	NA	unphased	1.02652519893899	1.02652519893899	1
2	183902799	183902800	25	5	3	2	1	1	NA	NA	NA	unphased	0.741379310344828	0.741379310344828	1
2	185802653	185802654	46	31	3	2	1	1	NA	NA	NA	unphased	1.79086430810569	0.895432154052844	2
2	188250346	188250347	45	12	3	2	1	1	NA	NA	NA	unphased	0.936479128856624	0.936479128856624	1
2	189899669	189899670	131	20	3	2	1	1	NA	NA	NA	unphased	0.589175610870062	0.589175610870062	1
2	190532307	190532308	230	62	3	2	1	1	NA	NA	NA	unphased	0.944496929617383	0.944496929617383	1
2	191862685	191862686	90	21	3	2	1	1	NA	NA	NA	unphased	0.841565703634669	0.841565703634669	1
2	196664153	196664154	97	63	3	2	1	1	NA	NA	NA	unphased	1.75150862068966	0.875754310344828	2
2	197092864	197092865	82	74	3	2	1	1	NA	NA	NA	unphased	2.11007957559682	1.05503978779841	2
2	198288680	198288681	80	21	3	2	1	1	NA	NA	NA	unphased	0.924889040628201	0.924889040628201	1
2	201477416	201477417	71	51	3	2	1	1	NA	NA	NA	unphased	1.85952515545506	0.92976257772753	2
2	202569892	202569893	47	14	3	2	1	1	NA	NA	NA	unphased	1.02091577162239	1.02091577162239	1
2	207017162	207017163	131	28	3	2	1	1	NA	NA	NA	unphased	0.78334417696812	0.78334417696812	1
2	208866340	208866341	125	100	3	2	1	1	NA	NA	NA	unphased	1.97701149425287	0.988505747126437	2
2	210888806	210888807	96	28	3	2	1	1	NA	NA	NA	unphased	1.00444938820912	1.00444938820912	1
2	212566847	212566848	129	42	3	2	1	1	NA	NA	NA	unphased	1.09255898366606	1.09255898366606	1
2	216247015	216247016	42	35	3	2	1	1	NA	NA	NA	unphased	2.02194357366771	1.01097178683386	2
2	216285474	216285475	84	21	3	2	1	1	NA	NA	NA	unphased	0.889655172413793	0.889655172413793	1
2	219544401	219544402	48	16	3	2	1	1	NA	NA	NA	unphased	1.11206896551724	1.11206896551724	1
2	224642555	224642556	96	23	3	2	1	1	NA	NA	NA	unphased	0.859750796870473	0.859750796870473	1
2	225710005	225710006	21	4	3	2	1	1	NA	NA	NA	unphased	0.711724137931035	0.711724137931035	1
2	226516160	226516161	151	111	3	2	1	1	NA	NA	NA	unphased	1.88457488812845	0.942287444064227	2
2	228882158	228882159	38	40	3	2	1	1	NA	NA	NA	unphased	2.28116710875332	1.14058355437666	2
2	228884680	228884681	362	90	3	2	1	1	NA	NA	NA	unphased	0.885718645102228	0.885718645102228	1
2	230312224	230312225	46	21	3	2	1	1	NA	NA	NA	unphased	1.39423571796191	1.39423571796191	1
2	232653350	232653351	73	25	3	2	1	1	NA	NA	NA	unphased	1.1347642505278	1.1347642505278	1
2	233349769	233349770	72	16	3	2	1	1	NA	NA	NA	unphased	0.808777429467085	0.808777429467085	1
2	234545254	234545255	129	35	3	2	1	1	NA	NA	NA	unphased	0.94932716568545	0.94932716568545	1
2	235951263	235951264	77	26	3	2	1	1	NA	NA	NA	unphased	1.12286575159022	1.12286575159022	1
2	237489154	237489155	69	8	3	2	1	1	NA	NA	NA	unphased	0.462158531124048	0.462158531124048	1
2	239988489	239988490	59	23	3	2	1	1	NA	NA	NA	unphased	1.24768713204373	1.24768713204373	1
2	241685276	241685277	22	7	3	2	1	1	NA	NA	NA	unphased	1.07372175980975	1.07372175980975	1
2	242078086	242078087	96	19	3	2	1	1	NA	NA	NA	unphased	0.734932533733133	0.734932533733133	1
2	242402761	242402762	63	17	3	2	1	1	NA	NA	NA	unphased	0.945258620689655	0.945258620689655	1
2	242407694	242407695	48	49	3	2	1	1	NA	NA	NA	unphased	2.24706718805546	1.12353359402773	2
2	242758330	242758331	24	9	NA	NA	NA	NA	NA	NA	NA	unphased	NA	NA	1
20	168637	168638	294	75	NA	NA	NA	NA	NA	NA	NA	unphased	NA	NA	1
20	1918205	1918206	59	102	2.8	3	0	0.8	1	1	0.2	unphased	2.69145427286357	1.03517472033214	2.6
20	6031566	6031567	79	20	2.8	3	0	0.8	1	1	0.2	unphased	0.85823754789272	0.85823754789272	1
20	13839948	13839949	55	45	2.8	3	0	0.8	1	1	0.2	unphased	1.91172413793104	1.06206896551724	1.8
20	14307544	14307545	136	24	2.8	3	0	0.8	1	1	0.2	unphased	0.637241379310345	0.796551724137931	0.8
20	17581498	17581499	129	25	2.8	3	0	0.8	1	1	0.2	unphased	0.689655172413793	0.862068965517242	0.8
20	23345384	23345385	98	17	2.8	3	0	0.8	1	1	0.2	unphased	0.628005997001499	0.785007496251874	0.8
20	31606523	31606524	192	9	2.8	3	0	0.8	1	1	0.2	unphased	0.190221307256819	0.190221307256819	1
20	32251449	32251450	33	3	2.8	3	0	0.8	1	1	0.2	unphased	0.354022988505747	0.442528735632184	0.8
20	32267690	32267691	78	15	2.8	3	0	0.8	1	1	0.2	unphased	0.685205784204672	0.685205784204672	1
20	36869796	36869797	118	9	2.8	3	0	0.8	1	1	0.2	unphased	0.301058919359218	0.301058919359218	1
20	37555034	37555035	28	45	2.8	3	0	0.8	1	1	0.2	unphased	2.61880018894662	1.00723084190255	2.6
20	42694503	42694504	50	92	2.8	3	0	0.8	1	1	0.2	unphased	2.75240407965032	0.98300145701797	2.8
20	43804652	43804653	41	69	2.8	3	0	0.8	1	1	0.2	unphased	2.6648275862069	1.02493368700265	2.6
20	44402953	44402954	30	3	2.8	3	0	0.8	1	1	0.2	unphased	0.386206896551724	0.482758620689655	0.8
20	44664528	44664529	78	17	2.8	3	0	0.8	1	1	0.2	unphased	0.76021778584392	0.76021778584392	1
21	10934062	10934063	250	30	NA	NA	NA	NA	NA	NA	NA	unphased	NA	NA	1
21	10970024	10970025	130	9	NA	NA	NA	NA	NA	NA	NA	unphased	NA	NA	1
21	19725357	19725358	91	38	2	2	0	1	NA	NA	NA	unphased	1.01577118417535	1.01577118417535	1
21	32582452	32582453	52	16	2	2	0	1	NA	NA	NA	unphased	0.811359026369168	0.811359026369168	1
21	44845333	44845334	30	16	2	2	0	1	NA	NA	NA	unphased	1.19940029985008	1.19940029985008	1
21	46326963	46326964	64	25	2	2	0	1	NA	NA	NA	unphased	0.968616815187912	0.968616815187912	1
21	47532248	47532249	29	7	2	2	0	1	NA	NA	NA	unphased	0.670498084291188	0.670498084291188	1
22	19747139	19747140	23	6	3	2	1	1	NA	NA	NA	unphased	0.920332936979786	0.920332936979786	1
22	24095214	24095215	45	14	3	2	1	1	NA	NA	NA	unphased	1.05552308591467	1.05552308591467	1
22	29706514	29706515	83	16	3	2	1	1	NA	NA	NA	unphased	0.718913270637409	0.718913270637409	1
22	29745308	29745309	138	34	3	2	1	1	NA	NA	NA	unphased	0.879310344827586	0.879310344827586	1
22	30189458	30189459	84	26	3	2	1	1	NA	NA	NA	unphased	1.05141065830721	1.05141065830721	1
22	32756258	32756259	128	26	3	2	1	1	NA	NA	NA	unphased	0.751007613076579	0.751007613076579	1
22	37696993	37696994	34	10	3	2	1	1	NA	NA	NA	unphased	1.01097178683386	1.01097178683386	1
22	38609672	38609673	4	5	4	3	1	1	NA	NA	NA	unphased	3.02681992337165	1.00893997445722	3
22	38894558	38894559	172	18	4	3	1	1	NA	NA	NA	unphased	0.516152450090744	0.516152450090744	1
22	45127637	45127638	24	47	3	3	0	1	NA	NA	NA	unphased	2.94463331714425	0.981544439048082	3
22	45779480	45779481	82	51	3	3	0	1	NA	NA	NA	unphased	1.70572984184599	0.852864920922997	2
22	50703319	50703320	4	9	NA	NA	NA	NA	NA	NA	NA	unphased	NA	NA	1
22	50899999	50900000	29	10	NA	NA	NA	NA	NA	NA	NA	unphased	NA	NA	1
3	4808360	4808361	37	25	2	2	0	1	NA	NA	NA	unphased	1.39043381535039	0.695216907675195	2
3	10283899	10283900	66	22	2	2	0	1	NA	NA	NA	unphased	0.862068965517241	0.862068965517241	1
3	11072946	11072947	90	110	2	2	0	1	NA	NA	NA	unphased	1.89655172413793	0.948275862068966	2
3	15686065	15686066	62	39	2	2	0	1	NA	NA	NA	unphased	1.33151246159099	1.33151246159099	1
3	24188168	24188169	79	35	2	2	0	1	NA	NA	NA	unphased	1.05868118572293	1.05868118572293	1
3	27329225	27329226	33	10	2	2	0	1	NA	NA	NA	unphased	0.801924619085806	0.801924619085806	1
3	38770275	38770276	30	60	2	2	0	1	NA	NA	NA	unphased	2.29885057471264	1.14942528735632	2
3	44776537	44776538	59	19	2	2	0	1	NA	NA	NA	unphased	0.839964633068081	0.839964633068081	1
3	46245769	46245770	11	25	2	2	0	1	NA	NA	NA	unphased	2.39463601532567	1.19731800766284	2
3	48607180	48607181	51	18	2	2	0	1	NA	NA	NA	unphased	0.899550224887556	0.899550224887556	1
3	49055174	49055175	40	23	2	2	0	1	NA	NA	NA	unphased	1.25889436234264	1.25889436234264	1
3	49928828	49928829	57	16	2	2	0	1	NA	NA	NA	unphased	0.755786490316486	0.755786490316486	1
3	50330708	50330709	82	25	2	2	0	1	NA	NA	NA	unphased	0.805671930389945	0.805671930389945	1
3	52356681	52356682	12	19	2	2	0	1	NA	NA	NA	unphased	2.11345939933259	1.0567296996663	2
3	57488139	57488140	52	75	2	2	0	1	NA	NA	NA	unphased	2.03638338311159	1.0181916915558	2
3	58377547	58377548	142	25	2	2	0	1	NA	NA	NA	unphased	0.51620896138757	0.51620896138757	1
3	58849463	58849464	115	22	2	2	0	1	NA	NA	NA	unphased	0.553737729675308	0.553737729675308	1
3	73453456	73453457	81	34	2	2	0	1	NA	NA	NA	unphased	1.01949025487256	1.01949025487256	1
3	89390084	89390085	87	59	1	1	0	1	NA	NA	NA	unphased	0.989371752479924	0.989371752479924	1
3	93615476	93615477	220	51	NA	NA	NA	NA	NA	NA	NA	unphased	NA	NA	1
3	96533422	96533423	23	10	2.4	2	1	0.7	1	0	0.3	unphased	1.16614420062696	1.16614420062696	1
3	97194253	97194254	23	9	2.4	2	1	0.7	1	0	0.3	unphased	1.0823275862069	1.0823275862069	1
3	100065091	100065092	27	22	2.4	2	1	0.7	1	0	0.3	unphased	1.72779732582688	1.01635136813346	1.7
3	105264114	105264115	76	38	2.46	2	1	0.73	1	0	0.27	unphased	1.30275862068966	0.753039665138529	1.73
3	108406925	108406926	89	21	2.46	2	1	0.73	1	0	0.27	unphased	0.74612539184953	0.74612539184953	1
3	108725872	108725873	85	10	2.46	2	1	0.73	1	0	0.27	unphased	0.411397459165154	0.563558163239937	0.73
3	108788595	108788596	69	23	2.46	2	1	0.73	1	0	0.27	unphased	0.977068965517241	0.977068965517241	1
3	109023452	109023453	65	36	2.46	2	1	0.73	1	0	0.27	unphased	1.39304882212359	0.805230533019417	1.73
3	119133798	119133799	48	17	2.46	2	1	0.73	1	0	0.27	unphased	1.02216445623342	1.02216445623342	1
3	119211166	119211167	88	63	2.46	2	1	0.73	1	0	0.27	unphased	1.63060516099566	0.942546335835642	1.73
3	119465999	119466000	99	31	2.46	2	1	0.73	1	0	0.27	unphased	0.931973474801061	0.931973474801061	1
3	123046519	123046520	55	12	2.46	2	1	0.73	1	0	0.27	unphased	0.699989706639218	0.699989706639218	1
3	127379810	127379811	94	30	2.46	2	1	0.73	1	0	0.27	unphased	0.945550611790879	0.945550611790879	1
3	133494301	133494302	122	35	2.46	2	1	0.73	1	0	0.27	unphased	0.871271688996266	0.871271688996266	1
3	134197491	134197492	106	30	2.46	2	1	0.73	1	0	0.27	unphased	0.862119675456389	0.862119675456389	1
3	134873024	134873025	254	42	2.46	2	1	0.73	1	0	0.27	unphased	0.55455265610438	0.759661172745726	0.73
3	137483678	137483679	46	19	2.46	2	1	0.73	1	0	0.27	unphased	1.14241909814324	1.14241909814324	1
3	140277539	140277540	95	27	2.46	2	1	0.73	1	0	0.27	unphased	0.864946297343132	0.864946297343132	1
3	142681230	142681231	97	26	2.46	2	1	0.73	1	0	0.27	unphased	0.826139613120269	0.826139613120269	1
3	146173174	146173175	164	46	2.46	2	1	0.73	1	0	0.27	unphased	0.856098522167488	0.856098522167488	1
3	147127994	147127995	58	21	2.46	2	1	0.73	1	0	0.27	unphased	1.03890877346137	1.03890877346137	1
3	149089333	149089334	20	5	3.56	4	1	0.64	1	0	0.36	unphased	1.00165517241379	1.00165517241379	1
3	150690482	150690483	60	8	2.5	2	1	0.75	1	0	0.25	unphased	0.464503042596349	0.619337390128465	0.75
3	152132853	152132854	71	53	2.5	2	1	0.75	1	0	0.25	unphased	1.68756952169077	0.964325440966153	1.75
3	157820614	157820615	73	55	2.5	2	1	0.75	1	0	0.25	unphased	1.69652478448276	0.969442733990148	1.75
3	164714432	164714433	113	123	8	7	1	1	NA	NA	NA	unphased	4.92431326709527	0.984862653419053	5
3	164764674	164764675	346	31	8	7	1	1	NA	NA	NA	unphased	0.776913930302753	0.776913930302753	1
3	164786964	164786965	151	12	8	7	1	1	NA	NA	NA	unphased	0.695578591072562	0.695578591072562	1
3	164905963	164905964	197	16	8	7	1	1	NA	NA	NA	unphased	0.709729642221143	0.709729642221143	1
3	164906342	164906343	287	35	8	7	1	1	NA	NA	NA	unphased	1.02698650674663	1.02698650674663	1
3	167045852	167045853	473	57	8	7	1	1	NA	NA	NA	unphased	1.01613532856213	1.01613532856213	1
3	170079107	170079108	318	53	8	7	1	1	NA	NA	NA	unphased	1.34975369458128	0.67487684729064	2
3	178936081	178936082	134	83	8	7	1	1	NA	NA	NA	unphased	3.61385666613698	0.903464166534244	4
3	184870594	184870595	113	8	8	7	1	1	NA	NA	NA	unphased	0.62467939583927	0.62467939583927	1
3	185169180	185169181	119	87	8	7	1	1	NA	NA	NA	unphased	3.99029126213592	0.99757281553398	4
3	185347592	185347593	182	27	8	7	1	1	NA	NA	NA	unphased	1.220590661607	1.220590661607	1
3	186333535	186333536	55	122	8	7	1	1	NA	NA	NA	unphased	6.51237093317748	0.93033870473964	7
3	191075832	191075833	532	57	8	7	1	1	NA	NA	NA	unphased	0.914349276974416	0.914349276974416	1
3	194147891	194147892	179	14	8	7	1	1	NA	NA	NA	unphased	0.685367160979096	0.685367160979096	1
3	195611842	195611843	175	22	8	7	1	1	NA	NA	NA	unphased	1.05513740591633	1.05513740591633	1
3	197566205	197566206	95	113	NA	NA	NA	NA	NA	NA	NA	unphased	NA	NA	1
4	366585	366586	66	28	NA	NA	NA	NA	NA	NA	NA	unphased	NA	NA	1
4	7726978	7726979	23	19	2	2	0	1	NA	NA	NA	unphased	1.55993431855501	0.779967159277504	2
4	17581490	17581491	37	43	2	2	0	1	NA	NA	NA	unphased	1.85344827586207	0.926724137931034	2
4	26641806	26641807	77	28	2	2	0	1	NA	NA	NA	unphased	0.919540229885058	0.919540229885058	1
4	46043099	46043100	37	55	2	2	0	1	NA	NA	NA	unphased	2.06146926536732	1.03073463268366	2
4	52894206	52894207	53	81	2	2	0	1	NA	NA	NA	unphased	2.08440555841482	1.04220277920741	2
4	55593587	55593588	49	52	2	2	0	1	NA	NA	NA	unphased	1.77534994878798	0.887674974393991	2
4	55961109	55961110	30	57	2	2	0	1	NA	NA	NA	unphased	2.25921521997622	1.12960760998811	2
4	62758437	62758438	52	65	2	2	0	1	NA	NA	NA	unphased	1.91570881226054	0.957854406130268	2
4	70160365	70160366	55	69	2	2	0	1	NA	NA	NA	unphased	1.91879866518354	0.959399332591769	2
4	89618711	89618712	94	100	2	2	0	1	NA	NA	NA	unphased	1.77746178457163	0.888730892285816	2
4	101950343	101950344	120	25	2	2	0	1	NA	NA	NA	unphased	0.594530321046373	0.594530321046373	1
4	106155126	106155127	31	29	2	2	0	1	NA	NA	NA	unphased	1.66666666666667	0.833333333333333	2
4	118975436	118975437	52	4	2	2	0	1	NA	NA	NA	unphased	0.246305418719212	0.246305418719212	1
4	119252904	119252905	66	4	2	2	0	1	NA	NA	NA	unphased	0.197044334975369	0.197044334975369	1
4	119653921	119653922	84	5	2	2	0	1	NA	NA	NA	unphased	0.193723363037582	0.193723363037582	1
4	122846258	122846259	60	81	2	2	0	1	NA	NA	NA	unphased	1.98092443140132	0.990462215700661	2
4	126371353	126371354	30	31	2	2	0	1	NA	NA	NA	unphased	1.75240248728095	0.876201243640475	2
4	145038081	145038082	125	41	2	2	0	1	NA	NA	NA	unphased	0.85168259243872	0.85168259243872	1
4	147431097	147431098	92	5	2	2	0	1	NA	NA	NA	unphased	0.177746178457163	0.177746178457163	1
4	158257695	158257696	118	132	2	2	0	1	NA	NA	NA	unphased	1.82068965517241	0.910344827586207	2
4	164450145	164450146	50	15	2	2	0	1	NA	NA	NA	unphased	0.795755968169761	0.795755968169761	1
4	169342980	169342981	166	14	2	2	0	1	NA	NA	NA	unphased	0.268199233716475	0.268199233716475	1
4	170989781	170989782	79	74	2	2	0	1	NA	NA	NA	unphased	1.66779355420329	0.833896777101645	2
4	178260983	178260984	40	27	2	2	0	1	NA	NA	NA	unphased	1.38960370560988	0.694801852804941	2
5	2748757	2748758	6	12	4.12	4	2	0.53	1	1	0.47	unphased	3.71218390804598	1.05161017225098	3.53
5	7717317	7717318	260	21	4.12	4	2	0.53	1	1	0.47	unphased	0.416134495030065	0.785159424585028	0.53
5	9227043	9227044	135	34	4.12	4	2	0.53	1	1	0.47	unphased	1.12024484799021	1.12024484799021	1
5	9629784	9629785	67	28	4.12	4	2	0.53	1	1	0.47	unphased	1.64117604355717	1.07266408075632	1.53
5	11384825	11384826	46	15	4.12	4	2	0.53	1	1	0.47	unphased	1.36924816280384	1.36924816280384	1
5	13735260	13735261	177	46	4.12	4	2	0.53	1	1	0.47	unphased	1.14861295809494	1.14861295809494	1
5	19544067	19544068	58	84	4.12	4	2	0.53	1	1	0.47	unphased	3.29390966488587	0.933118885236789	3.53
5	26915836	26915837	268	295	1.12	3	2	0.03	0	1	0.97	unphased	1.34572181049795	1.26954887782825	1.06
5	33624407	33624408	62	64	1.12	3	2	0.03	0	1	0.97	unphased	1.30452107279693	1.2306802573556	1.06
5	33938174	33938175	39	37	1.12	3	2	0.03	0	1	0.97	unphased	1.25034482758621	1.25034482758621	1
5	35966003	35966004	58	50	1.12	3	2	0.03	0	1	0.97	unphased	1.18901660280971	1.18901660280971	1
5	38407203	38407204	114	15	1.12	3	2	0.03	0	1	0.97	unphased	0.298636728147554	0.298636728147554	1
5	38458494	38458495	67	37	1.12	3	2	0.03	0	1	0.97	unphased	0.913713527851459	0.913713527851459	1
5	39110482	39110483	50	30	1.12	3	2	0.03	0	1	0.97	unphased	0.963103448275862	0.963103448275862	1
5	40681541	40681542	172	77	1.12	3	2	0.03	0	1	0.97	unphased	0.794205788671929	0.794205788671929	1
5	40947702	40947703	37	25	1.12	3	2	0.03	0	1	0.97	unphased	1.03559510567297	1.03559510567297	1
5	41181508	41181509	140	59	1.12	3	2	0.03	0	1	0.97	unphased	0.761448622422457	0.761448622422457	1
5	44388622	44388623	47	45	1.12	3	2	0.03	0	1	0.97	unphased	1.25622188905547	1.18511498967497	1.06
5	54528253	54528254	34	40	2	2	0	1	NA	NA	NA	unphased	1.86393289841566	0.931966449207829	2
5	60195502	60195503	141	32	2	2	0	1	NA	NA	NA	unphased	0.637831373330676	0.637831373330676	1
5	63257309	63257310	26	3	2	2	0	1	NA	NA	NA	unphased	0.356718192627824	0.356718192627824	1
5	72850213	72850214	66	6	2	2	0	1	NA	NA	NA	unphased	0.28735632183908	0.28735632183908	1
5	77334915	77334916	36	35	2	2	0	1	NA	NA	NA	unphased	1.69985429820301	0.849927149101506	2
5	90459685	90459686	12	9	2	2	0	1	NA	NA	NA	unphased	1.47783251231527	1.47783251231527	1
5	101597670	101597671	56	14	2	2	0	1	NA	NA	NA	unphased	0.689655172413793	0.689655172413793	1
5	131607157	131607158	19	25	2	2	0	1	NA	NA	NA	unphased	1.95924764890282	0.979623824451411	2
5	138717663	138717664	4	8	2	2	0	1	NA	NA	NA	unphased	2.29885057471264	1.14942528735632	2
5	139722235	139722236	116	158	2	2	0	1	NA	NA	NA	unphased	1.98842184747043	0.994210923735213	2
5	140056273	140056274	232	11	2	2	0	1	NA	NA	NA	unphased	0.156094792110118	0.156094792110118	1
5	140516141	140516142	37	60	2	2	0	1	NA	NA	NA	unphased	2.13295414148596	1.06647707074298	2
5	140537837	140537838	26	38	2	2	0	1	NA	NA	NA	unphased	2.04741379310345	1.02370689655172	2
5	140588427	140588428	27	25	2	2	0	1	NA	NA	NA	unphased	1.657824933687	0.828912466843501	2
5	140590158	140590159	87	37	2	2	0	1	NA	NA	NA	unphased	1.02892102335929	1.02892102335929	1
5	140590552	140590553	108	140	2	2	0	1	NA	NA	NA	unphased	1.94660734149055	0.973303670745273	2
5	140720616	140720617	92	89	2	2	0	1	NA	NA	NA	unphased	1.69556105924938	0.847780529624691	2
5	140724254	140724255	29	43	2	2	0	1	NA	NA	NA	unphased	2.05938697318008	1.02969348659004	2
5	140735546	140735547	14	19	2	2	0	1	NA	NA	NA	unphased	1.98537095088819	0.992685475444096	2
5	150928975	150928976	24	32	2	2	0	1	NA	NA	NA	unphased	1.97044334975369	0.985221674876847	2
5	154311720	154311721	146	49	2	2	0	1	NA	NA	NA	unphased	0.866489832007073	0.866489832007073	1
5	156021940	156021941	6	14	2	2	0	1	NA	NA	NA	unphased	2.41379310344828	1.20689655172414	2
5	159680313	159680314	15	4	2	2	0	1	NA	NA	NA	unphased	0.725952813067151	0.725952813067151	1
5	167991021	167991022	210	87	2	2	0	1	NA	NA	NA	unphased	1.01010101010101	1.01010101010101	1
5	176911112	176911113	52	72	2	2	0	1	NA	NA	NA	unphased	2.00222469410456	1.00111234705228	2
5	176931331	176931332	8	13	2	2	0	1	NA	NA	NA	unphased	2.13464696223317	1.06732348111658	2
6	10874707	10874708	59	112	2	2	0	1	NA	NA	NA	unphased	2.25851986287558	1.12925993143779	2
6	10924824	10924825	17	24	2	2	0	1	NA	NA	NA	unphased	2.01850294365013	1.00925147182506	2
6	24145856	24145857	96	27	2	2	0	1	NA	NA	NA	unphased	0.756938603868797	0.756938603868797	1
6	26197487	26197488	46	52	2	2	0	1	NA	NA	NA	unphased	1.82969739619986	0.91484869809993	2
6	27368700	27368701	61	23	2	2	0	1	NA	NA	NA	unphased	0.944170771756979	0.944170771756979	1
6	30131693	30131694	29	29	2	2	0	1	NA	NA	NA	unphased	1.72413793103448	0.862068965517241	2
6	30131694	30131695	29	29	2	2	0	1	NA	NA	NA	unphased	1.72413793103448	0.862068965517241	2
6	30671758	30671759	76	18	2	2	0	1	NA	NA	NA	unphased	0.66030814380044	0.66030814380044	1
6	35782500	35782501	16	34	2	2	0	1	NA	NA	NA	unphased	2.3448275862069	1.17241379310345	2
6	37259052	37259053	34	50	2	2	0	1	NA	NA	NA	unphased	2.05254515599343	1.02627257799672	2
6	39851707	39851708	7	12	2	2	0	1	NA	NA	NA	unphased	2.17785843920145	1.08892921960073	2
6	43155791	43155792	17	34	2	2	0	1	NA	NA	NA	unphased	2.29885057471264	1.14942528735632	2
6	44337824	44337825	61	84	2	2	0	1	NA	NA	NA	unphased	1.99762187871581	0.998810939357907	2
6	49582402	49582403	63	68	2	2	0	1	NA	NA	NA	unphased	1.78994472229534	0.89497236114767	2
6	49582407	49582408	63	68	2	2	0	1	NA	NA	NA	unphased	1.78994472229534	0.89497236114767	2
6	51484066	51484067	31	41	2	2	0	1	NA	NA	NA	unphased	1.96360153256705	0.981800766283525	2
6	57398139	57398140	186	54	NA	NA	NA	NA	NA	NA	NA	unphased	NA	NA	1
6	66044901	66044902	106	21	3	2	1	1	NA	NA	NA	unphased	0.735541677979908	0.735541677979908	1
6	66204873	66204874	50	44	3	2	1	1	NA	NA	NA	unphased	2.08217168011739	1.04108584005869	2
6	66205408	66205409	9	4	3	2	1	1	NA	NA	NA	unphased	1.36870026525199	1.36870026525199	1
6	70610180	70610181	41	43	3	2	1	1	NA	NA	NA	unphased	2.27709359605911	1.13854679802956	2
6	70983775	70983776	39	26	3	2	1	1	NA	NA	NA	unphased	1.77931034482759	0.889655172413793	2
6	72806702	72806703	28	6	3	2	1	1	NA	NA	NA	unphased	0.78498985801217	0.78498985801217	1
6	73102501	73102502	70	48	3	2	1	1	NA	NA	NA	unphased	1.80946814728229	0.904734073641146	2
6	74079479	74079480	126	23	3	2	1	1	NA	NA	NA	unphased	0.686646609581116	0.686646609581116	1
6	75796182	75796183	59	9	3	2	1	1	NA	NA	NA	unphased	0.588742393509128	0.588742393509128	1
6	76022204	76022205	175	45	3	2	1	1	NA	NA	NA	unphased	0.90987460815047	0.90987460815047	1
6	84366498	84366499	40	10	3	2	1	1	NA	NA	NA	unphased	0.889655172413793	0.889655172413793	1
6	90362721	90362722	256	50	3	2	1	1	NA	NA	NA	unphased	0.72684246112238	0.72684246112238	1
6	96973247	96973248	128	93	3	2	1	1	NA	NA	NA	unphased	1.87189889218287	0.935949446091434	2
6	106536321	106536322	104	25	3	2	1	1	NA	NA	NA	unphased	0.862068965517241	0.862068965517241	1
6	114378986	114378987	201	168	3	2	1	1	NA	NA	NA	unphased	2.02523128679563	1.01261564339781	2
6	117700270	117700271	62	38	3	2	1	1	NA	NA	NA	unphased	1.69034482758621	0.845172413793104	2
6	119281341	119281342	104	12	3	2	1	1	NA	NA	NA	unphased	0.460166468489893	0.460166468489893	1
6	123318973	123318974	51	36	3	2	1	1	NA	NA	NA	unphased	1.84066587395957	0.920332936979786	2
6	123319224	123319225	75	63	3	2	1	1	NA	NA	NA	unphased	2.03073463268366	1.01536731634183	2
6	123319299	123319300	61	54	3	2	1	1	NA	NA	NA	unphased	2.08875562218891	1.04437781109445	2
6	123600199	123600200	49	26	3	2	1	1	NA	NA	NA	unphased	1.54206896551724	0.771034482758621	2
6	129588325	129588326	218	174	3	2	1	1	NA	NA	NA	unphased	1.97448979591837	0.987244897959184	2
6	132171233	132171234	101	32	3	2	1	1	NA	NA	NA	unphased	1.07026186155043	1.07026186155043	1
6	132966702	132966703	59	35	3	2	1	1	NA	NA	NA	unphased	1.6562729273661	0.828136463683052	2
6	132966854	132966855	71	13	3	2	1	1	NA	NA	NA	unphased	0.688423645320197	0.688423645320197	1
6	132967143	132967144	187	147	3	2	1	1	NA	NA	NA	unphased	1.9577741069585	0.978887053479249	2
6	135239932	135239933	119	36	3	2	1	1	NA	NA	NA	unphased	1.03314794215795	1.03314794215795	1
6	137525568	137525569	143	11	3	2	1	1	NA	NA	NA	unphased	0.317733990147783	0.317733990147783	1
6	143091584	143091585	76	25	3	2	1	1	NA	NA	NA	unphased	1.10105838170024	1.10105838170024	1
6	146243813	146243814	62	45	3	2	1	1	NA	NA	NA	unphased	1.87077022236545	0.935385111182726	2
6	150343257	150343258	164	48	3	2	1	1	NA	NA	NA	unphased	1.00715679895901	1.00715679895901	1
6	152466621	152466622	47	8	2.78	2	1	0.89	0	1	0.11	unphased	0.615021943573668	0.615021943573668	1
6	152565698	152565699	136	32	2.78	2	1	0.89	0	1	0.11	unphased	0.805385878489327	0.805385878489327	1
6	152615099	152615100	121	31	2.78	2	1	0.89	0	1	0.11	unphased	0.862345735027223	0.862345735027223	1
6	152779984	152779985	108	25	2.78	2	1	0.89	0	1	0.11	unphased	0.794788695877625	0.794788695877625	1
6	159655070	159655071	21	4	2.78	2	1	0.89	0	1	0.11	unphased	0.676524137931035	0.676524137931035	1
6	161574441	161574442	28	4	2.78	2	1	0.89	0	1	0.11	unphased	0.528534482758621	0.528534482758621	1
6	168227155	168227156	131	33	2.78	2	1	0.89	0	1	0.11	unphased	0.850811606391926	0.850811606391926	1
6	169632818	169632819	54	60	2.78	2	1	0.89	0	1	0.11	unphased	2.22540834845735	1.17746473463352	1.89
7	2281799	2281800	4	25	5	5	0	1	NA	NA	NA	unphased	5.55885850178359	1.11177170035672	5
7	5105000	5105001	206	31	5	5	0	1	NA	NA	NA	unphased	0.843445365924633	0.843445365924633	1
7	11209149	11209150	4	17	5	5	0	1	NA	NA	NA	unphased	5.2200328407225	1.0440065681445	5
7	20698187	20698188	102	15	5	5	0	1	NA	NA	NA	unphased	0.826702033598585	0.826702033598585	1
7	21779185	21779186	77	60	5	5	0	1	NA	NA	NA	unphased	2.82406242134407	0.941354140448024	3
7	21882170	21882171	97	6	5	5	0	1	NA	NA	NA	unphased	0.375627720120522	0.375627720120522	1
7	26236960	26236961	437	59	5	5	0	1	NA	NA	NA	unphased	0.767032814238042	0.767032814238042	1
7	33135040	33135041	25	94	5	5	0	1	NA	NA	NA	unphased	5.0935960591133	1.01871921182266	5
7	47873942	47873943	39	41	4	4	0	1	NA	NA	NA	unphased	2.79224137931034	0.930747126436782	3
7	48312038	48312039	29	89	4	4	0	1	NA	NA	NA	unphased	4.10929281122151	1.02732320280538	4
7	55910745	55910746	39	25	8.76	5	4	0.97	0	1	0.03	unphased	3.98760775862069	1.00443520368279	3.97
7	63720643	63720644	136	23	3.16	3	1	0.72	1	0	0.28	unphased	0.666605942311863	0.925841586544254	0.72
7	64167544	64167545	94	17	3.16	3	1	0.72	1	0	0.28	unphased	0.705771978875427	0.705771978875427	1
7	65751682	65751683	54	49	3.16	3	1	0.72	1	0	0.28	unphased	2.19228657515902	0.89847810457337	2.44
7	69364299	69364300	101	20	3.16	3	1	0.72	1	0	0.28	unphased	0.761698489598176	0.761698489598176	1
7	72732869	72732870	160	33	3.49	3	1	0.83	1	0	0.17	unphased	0.844368411649098	0.844368411649098	1
7	76825588	76825589	67	21	2.72	3	3	0.18	1	1	0.82	unphased	0.994702194357367	0.994702194357367	1
7	81594956	81594957	327	37	2.72	3	3	0.18	1	1	0.82	unphased	0.423698370594922	0.423698370594922	1
7	82430891	82430892	137	47	2.72	3	3	0.18	1	1	0.82	unphased	1.06472263868066	1.06472263868066	1
7	82585950	82585951	159	53	2.72	3	3	0.18	1	1	0.82	unphased	1.04206896551724	1.04206896551724	1
7	87027959	87027960	105	19	2.72	3	3	0.18	1	1	0.82	unphased	0.638687430478309	0.638687430478309	1
7	87465675	87465676	97	17	2.72	3	3	0.18	1	1	0.82	unphased	0.621584996975197	0.621584996975197	1
7	92027142	92027143	263	157	2.72	3	3	0.18	1	1	0.82	unphased	1.55814121510673	1.14569206993142	1.36
7	94038907	94038908	176	21	2.72	3	3	0.18	1	1	0.82	unphased	0.444333975144408	0.444333975144408	1
7	94173842	94173843	157	101	2.72	3	3	0.18	1	1	0.82	unphased	1.63176690724405	1.19982860826769	1.36
7	94539389	94539390	87	11	2.72	3	3	0.18	1	1	0.82	unphased	0.467867698803659	0.467867698803659	1
7	98519470	98519471	213	78	2.72	3	3	0.18	1	1	0.82	unphased	1.1172698186989	1.1172698186989	1
7	99221704	99221705	243	163	2.72	3	3	0.18	1	1	0.82	unphased	1.67347035841685	1.23049291060063	1.36
7	99802725	99802726	439	192	2.72	3	3	0.18	1	1	0.82	unphased	1.26831848734904	0.932587123050761	1.36
7	99914721	99914722	351	40	2.72	3	3	0.18	1	1	0.82	unphased	0.426422083076109	0.426422083076109	1
7	99964978	99964979	167	28	2.72	3	3	0.18	1	1	0.82	unphased	0.5985216622458	0.5985216622458	1
7	100029209	100029210	87	26	2.72	3	3	0.18	1	1	0.82	unphased	0.959072322245957	0.959072322245957	1
7	100473226	100473227	252	38	2.72	3	3	0.18	1	1	0.82	unphased	0.546187871581451	0.546187871581451	1
7	102584868	102584869	276	32	2.72	3	3	0.18	1	1	0.82	unphased	0.433067622033139	0.433067622033139	1
7	102665557	102665558	37	41	2.72	3	3	0.18	1	1	0.82	unphased	2.19101679929266	1.00505357765718	2.18
7	106513007	106513008	260	35	2.72	3	3	0.18	1	1	0.82	unphased	0.494541203974284	0.494541203974284	1
7	108524211	108524212	208	122	2.72	3	3	0.18	1	1	0.82	unphased	1.54099895506792	1.13308746696171	1.36
7	117149086	117149087	127	75	4	2	2	1	NA	NA	NA	unphased	2.02287470126323	1.01143735063161	2
7	127223191	127223192	129	20	4	2	2	1	NA	NA	NA	unphased	0.731312196250868	0.731312196250868	1
7	129125497	129125498	77	40	4	2	2	1	NA	NA	NA	unphased	1.86265841438255	0.931329207191276	2
7	133580389	133580390	266	10	4	2	2	1	NA	NA	NA	unphased	0.197401299350325	0.197401299350325	1
7	134873260	134873261	291	69	4	2	2	1	NA	NA	NA	unphased	1.04425287356322	1.04425287356322	1
7	138591780	138591781	39	3	4	2	2	1	NA	NA	NA	unphased	0.389162561576355	0.389162561576355	1
7	141952368	141952369	241	30	4	2	2	1	NA	NA	NA	unphased	0.603130169232727	0.603130169232727	1
7	141955035	141955036	165	45	4	2	2	1	NA	NA	NA	unphased	1.16748768472906	1.16748768472906	1
7	142457344	142457345	140	28	4	2	2	1	NA	NA	NA	unphased	0.908045977011494	0.908045977011494	1
7	143080170	143080171	382	157	4	2	2	1	NA	NA	NA	unphased	1.58697460175293	0.793487300876464	2
7	143096483	143096484	64	22	4	2	2	1	NA	NA	NA	unphased	1.39374498797113	1.39374498797113	1
7	143453989	143453990	76	13	4	2	2	1	NA	NA	NA	unphased	0.795815575358388	0.795815575358388	1
7	146829457	146829458	147	47	4	2	2	1	NA	NA	NA	unphased	1.31994312122289	1.31994312122289	1
7	148312502	148312503	70	48	3	2	1	1	NA	NA	NA	unphased	1.80946814728229	0.904734073641146	2
7	150325336	150325337	98	30	3	2	1	1	NA	NA	NA	unphased	1.04256465517241	1.04256465517241	1
7	151093208	151093209	53	18	3	2	1	1	NA	NA	NA	unphased	1.12773190869354	1.12773190869354	1
7	151093209	151093210	53	19	3	2	1	1	NA	NA	NA	unphased	1.17385057471264	1.17385057471264	1
7	151880069	151880070	66	117	2	2	0	1	NA	NA	NA	unphased	2.20463538722442	1.10231769361221	2
7	156476711	156476712	144	40	2.66	2	1	0.83	1	0	0.17	unphased	0.893103448275862	0.893103448275862	1
7	158464253	158464254	168	49	NA	NA	NA	NA	NA	NA	NA	unphased	NA	NA	1
7	158672641	158672642	63	31	NA	NA	NA	NA	NA	NA	NA	unphased	NA	NA	1
8	3000183	3000184	57	70	2	2	0	1	NA	NA	NA	unphased	1.90062449090415	0.950312245452077	2
8	8239030	8239031	46	26	2	2	0	1	NA	NA	NA	unphased	1.24521072796935	1.24521072796935	1
8	11189353	11189354	67	65	2	2	0	1	NA	NA	NA	unphased	1.69801462904911	0.849007314524556	2
8	15615337	15615338	69	56	2	2	0	1	NA	NA	NA	unphased	1.5448275862069	0.772413793103448	2
8	15615338	15615339	66	57	2	2	0	1	NA	NA	NA	unphased	1.59798149705635	0.798990748528175	2
8	23049436	23049437	26	51	2	2	0	1	NA	NA	NA	unphased	2.28392297357815	1.14196148678907	2
8	36703340	36703341	16	7	4.32	3	2	0.83	1	0	0.17	unphased	1.75556221889055	1.75556221889055	1
8	38173511	38173512	172	63	4.32	3	2	0.83	1	0	0.17	unphased	1.54638884812913	0.845021228485861	1.83
8	39646252	39646253	110	8	7	5	2	1	NA	NA	NA	unphased	0.572764465225015	0.572764465225015	1
8	42232308	42232309	897	161	9	7	2	1	NA	NA	NA	unphased	1.58995502248876	0.794977511244378	2
8	48885503	48885504	85	14	4	2	2	1	NA	NA	NA	unphased	0.770463253221874	0.770463253221874	1
8	54669175	54669176	59	47	5	3	2	1	NA	NA	NA	unphased	2.85914118412492	0.953047061374973	3
8	59510036	59510037	166	177	5	3	2	1	NA	NA	NA	unphased	3.32753594048457	1.10917864682819	3
8	62415799	62415800	12	5	5	3	2	1	NA	NA	NA	unphased	1.89655172413793	1.89655172413793	1
8	69030877	69030878	122	15	5	3	2	1	NA	NA	NA	unphased	0.706015605336018	0.706015605336018	1
8	72969216	72969217	64	11	5	3	2	1	NA	NA	NA	unphased	0.945747126436782	0.945747126436782	1
8	72970051	72970052	87	43	5	3	2	1	NA	NA	NA	unphased	2.13289124668435	1.06644562334218	2
8	73993432	73993433	139	56	5	3	2	1	NA	NA	NA	unphased	1.85181255526083	0.925906277630416	2
8	75227696	75227697	36	39	5	3	2	1	NA	NA	NA	unphased	3.35310344827586	1.11770114942529	3
8	77616802	77616803	34	7	3	2	1	1	NA	NA	NA	unphased	0.75946173254836	0.75946173254836	1
8	77768486	77768487	59	12	3	2	1	1	NA	NA	NA	unphased	0.75182127246236	0.75182127246236	1
8	77775710	77775711	110	107	3	2	1	1	NA	NA	NA	unphased	2.19338948037502	1.09669474018751	2
8	86354384	86354385	125	20	3	2	1	1	NA	NA	NA	unphased	0.613555291319857	0.613555291319857	1
8	89180130	89180131	71	13	3	2	1	1	NA	NA	NA	unphased	0.688423645320197	0.688423645320197	1
8	92092906	92092907	26	6	3	2	1	1	NA	NA	NA	unphased	0.834051724137931	0.834051724137931	1
8	105456622	105456623	67	39	3	2	1	1	NA	NA	NA	unphased	1.63662979830839	0.818314899154197	2
8	106815656	106815657	32	8	3	2	1	1	NA	NA	NA	unphased	0.889655172413793	0.889655172413793	1
8	110457610	110457611	41	12	3	2	1	1	NA	NA	NA	unphased	1.00715679895901	1.00715679895901	1
8	113519001	113519002	87	18	3	2	1	1	NA	NA	NA	unphased	0.76256157635468	0.76256157635468	1
8	113519002	113519003	88	18	3	2	1	1	NA	NA	NA	unphased	0.755367599219258	0.755367599219258	1
8	113564937	113564938	53	35	3	2	1	1	NA	NA	NA	unphased	1.76920062695925	0.884600313479624	2
8	113871397	113871398	156	40	3	2	1	1	NA	NA	NA	unphased	0.907811400422238	0.907811400422238	1
8	118159211	118159212	56	32	3	2	1	1	NA	NA	NA	unphased	1.61755485893417	0.808777429467085	2
8	118159212	118159213	56	33	3	2	1	1	NA	NA	NA	unphased	1.64936071290198	0.824680356450988	2
8	124232362	124232363	122	33	4	3	1	1	NA	NA	NA	unphased	1.15995550611791	1.15995550611791	1
8	124547000	124547001	106	121	4	3	1	1	NA	NA	NA	unphased	2.90414704542002	0.968049015140007	3
8	124748113	124748114	116	19	4	3	1	1	NA	NA	NA	unphased	0.766794380587484	0.766794380587484	1
8	139190801	139190802	63	12	3	2	1	1	NA	NA	NA	unphased	0.711724137931035	0.711724137931035	1
8	140630638	140630639	114	40	3	2	1	1	NA	NA	NA	unphased	1.15539632781012	1.15539632781012	1
8	141415749	141415750	85	20	3	2	1	1	NA	NA	NA	unphased	0.847290640394089	0.847290640394089	1
8	141559240	141559241	46	10	3	2	1	1	NA	NA	NA	unphased	0.794334975369458	0.794334975369458	1
8	144332174	144332175	76	18	3	2	1	1	NA	NA	NA	unphased	0.851797505502568	0.851797505502568	1
8	144413410	144413411	124	29	3	2	1	1	NA	NA	NA	unphased	0.843137254901961	0.843137254901961	1
8	144641547	144641548	57	36	3	2	1	1	NA	NA	NA	unphased	1.72191323692992	0.860956618464961	2
8	146106967	146106968	29	5	NA	NA	NA	NA	NA	NA	NA	unphased	NA	NA	1
9	5720616	5720617	69	349	7	7	0	1	NA	NA	NA	unphased	7.0537040092394	1.00767200131991	7
9	14801850	14801851	196	29	5	5	0	1	NA	NA	NA	unphased	0.831111111111111	0.831111111111111	1
9	15177791	15177792	14	87	5	5	0	1	NA	NA	NA	unphased	5.55445544554455	1.11089108910891	5
9	32632174	32632175	109	25	3	3	0	1	NA	NA	NA	unphased	0.829902213072568	0.829902213072568	1
9	33462593	33462594	17	33	3	3	0	1	NA	NA	NA	unphased	2.93586206896552	0.978620689655172	3
9	33675495	33675496	48	67	3	3	0	1	NA	NA	NA	unphased	2.59160419790105	0.863868065967016	3
9	73478021	73478022	66	22	3	2	1	1	NA	NA	NA	unphased	1.11206896551724	1.11206896551724	1
9	74810477	74810478	48	15	3	2	1	1	NA	NA	NA	unphased	1.05911330049261	1.05911330049261	1
9	77567352	77567353	28	6	3	2	1	1	NA	NA	NA	unphased	0.78498985801217	0.78498985801217	1
9	79319807	79319808	15	3	3	2	1	1	NA	NA	NA	unphased	0.741379310344828	0.741379310344828	1
9	79465455	79465456	175	43	3	2	1	1	NA	NA	NA	unphased	0.87741221132553	0.87741221132553	1
9	84606477	84606478	86	29	3	2	1	1	NA	NA	NA	unphased	1.12173913043478	1.12173913043478	1
9	84607882	84607883	81	17	3	2	1	1	NA	NA	NA	unphased	0.771639690358902	0.771639690358902	1
9	90499963	90499964	128	30	3	2	1	1	NA	NA	NA	unphased	0.844609340899171	0.844609340899171	1
9	91262461	91262462	146	30	3	2	1	1	NA	NA	NA	unphased	0.758228840125392	0.758228840125392	1
9	96082686	96082687	63	23	3	2	1	1	NA	NA	NA	unphased	1.18965517241379	1.18965517241379	1
9	107457018	107457019	299	211	3	2	1	1	NA	NA	NA	unphased	1.84036511156187	0.920182555780933	2
9	109689123	109689124	102	10	3	2	1	1	NA	NA	NA	unphased	0.397167487684729	0.397167487684729	1
9	114182344	114182345	104	29	3	2	1	1	NA	NA	NA	unphased	0.969924812030075	0.969924812030075	1
9	115337145	115337146	125	116	3	2	1	1	NA	NA	NA	unphased	2.14107883817427	1.07053941908714	2
9	116345833	116345834	71	48	3	2	1	1	NA	NA	NA	unphased	1.79426253259925	0.897131266299623	2
9	119028235	119028236	53	21	3	2	1	1	NA	NA	NA	unphased	1.262348555452	1.262348555452	1
9	122075478	122075479	127	20	3	2	1	1	NA	NA	NA	unphased	0.605207600281492	0.605207600281492	1
9	125437981	125437982	179	162	3	2	1	1	NA	NA	NA	unphased	2.113257154414	1.056628577207	2
9	125589052	125589053	161	44	3	2	1	1	NA	NA	NA	unphased	0.95475189234651	0.95475189234651	1
9	125655288	125655289	55	16	3	2	1	1	NA	NA	NA	unphased	1.00242836328315	1.00242836328315	1
9	126794807	126794808	79	19	3	2	1	1	NA	NA	NA	unphased	0.862420830401126	0.862420830401126	1
9	127912173	127912174	48	18	3	2	1	1	NA	NA	NA	unphased	1.21316614420063	1.21316614420063	1
9	128117938	128117939	54	14	3	2	1	1	NA	NA	NA	unphased	0.915821501014199	0.915821501014199	1
9	131597857	131597858	95	31	3	2	1	1	NA	NA	NA	unphased	1.0944170771757	1.0944170771757	1
9	135161822	135161823	119	13	3	2	1	1	NA	NA	NA	unphased	0.438087774294671	0.438087774294671	1
9	135202558	135202559	167	47	3	2	1	1	NA	NA	NA	unphased	0.976957782790848	0.976957782790848	1
9	135554532	135554533	170	36	3	2	1	1	NA	NA	NA	unphased	0.777368597254771	0.777368597254771	1
9	136577801	136577802	79	16	3	2	1	1	NA	NA	NA	unphased	0.7491833030853	0.7491833030853	1
9	139100961	139100962	144	26	3	2	1	1	NA	NA	NA	unphased	0.680324543610548	0.680324543610548	1
9	139616740	139616741	32	3	3	2	1	1	NA	NA	NA	unphased	0.38128078817734	0.38128078817734	1
9	139717979	139717980	47	8	3	2	1	1	NA	NA	NA	unphased	0.647021943573668	0.647021943573668	1
9	139733426	139733427	19	4	3	2	1	1	NA	NA	NA	unphased	0.773613193403298	0.773613193403298	1
9	140361887	140361888	75	15	3	2	1	1	NA	NA	NA	unphased	0.741379310344828	0.741379310344828	1
X	2406655	2406656	33	11	NA	NA	NA	NA	NA	NA	NA	unphased	NA	NA	1
X	10047793	10047794	13	15	NA	NA	NA	NA	NA	NA	NA	unphased	NA	NA	1
X	18213563	18213564	19	19	NA	NA	NA	NA	NA	NA	NA	unphased	NA	NA	1
X	18230739	18230740	50	37	NA	NA	NA	NA	NA	NA	NA	unphased	NA	NA	1
X	22186485	22186486	37	28	NA	NA	NA	NA	NA	NA	NA	unphased	NA	NA	1
X	23723172	23723173	36	48	NA	NA	NA	NA	NA	NA	NA	unphased	NA	NA	1
X	24721416	24721417	6	8	NA	NA	NA	NA	NA	NA	NA	unphased	NA	NA	1
X	26157750	26157751	3	5	NA	NA	NA	NA	NA	NA	NA	unphased	NA	NA	1
X	30326501	30326502	11	7	NA	NA	NA	NA	NA	NA	NA	unphased	NA	NA	1
X	31089770	31089771	39	25	NA	NA	NA	NA	NA	NA	NA	unphased	NA	NA	1
X	34148341	34148342	53	37	NA	NA	NA	NA	NA	NA	NA	unphased	NA	NA	1
X	48755052	48755053	10	11	NA	NA	NA	NA	NA	NA	NA	unphased	NA	NA	1
X	53117070	53117071	20	26	NA	NA	NA	NA	NA	NA	NA	unphased	NA	NA	1
X	67940890	67940891	18	29	NA	NA	NA	NA	NA	NA	NA	unphased	NA	NA	1
X	69495997	69495998	11	12	NA	NA	NA	NA	NA	NA	NA	unphased	NA	NA	1
X	75004087	75004088	26	33	NA	NA	NA	NA	NA	NA	NA	unphased	NA	NA	1
X	79975092	79975093	69	10	NA	NA	NA	NA	NA	NA	NA	unphased	NA	NA	1
X	85158696	85158697	32	3	NA	NA	NA	NA	NA	NA	NA	unphased	NA	NA	1
X	102471254	102471255	11	25	NA	NA	NA	NA	NA	NA	NA	unphased	NA	NA	1
X	105189946	105189947	10	9	NA	NA	NA	NA	NA	NA	NA	unphased	NA	NA	1
X	110490676	110490677	46	56	NA	NA	NA	NA	NA	NA	NA	unphased	NA	NA	1
X	118986804	118986805	151	74	NA	NA	NA	NA	NA	NA	NA	unphased	NA	NA	1
X	119394784	119394785	43	23	NA	NA	NA	NA	NA	NA	NA	unphased	NA	NA	1
X	123196826	123196827	20	61	NA	NA	NA	NA	NA	NA	NA	unphased	NA	NA	1
X	128657244	128657245	118	59	NA	NA	NA	NA	NA	NA	NA	unphased	NA	NA	1
X	152159170	152159171	20	54	NA	NA	NA	NA	NA	NA	NA	unphased	NA	NA	1
X	153072812	153072813	2	6	NA	NA	NA	NA	NA	NA	NA	unphased	NA	NA	1
Y	2843673	2843674	62	30	NA	NA	NA	NA	NA	NA	NA	unphased	NA	NA	1
Y	4966756	4966757	4	16	NA	NA	NA	NA	NA	NA	NA	unphased	NA	NA	1
Y	4967430	4967431	28	81	NA	NA	NA	NA	NA	NA	NA	unphased	NA	NA	1
Y	6115401	6115402	51	14	NA	NA	NA	NA	NA	NA	NA	unphased	NA	NA	1
