chr	start	end	WT.count	mut.count	subclonal.CN	nMaj1	nMin1	frac1	nMaj2	nMin2	frac2	phase	mutation.copy.number	subclonal.fraction	no.chrs.bearing.mut
1	16785431	16785432	24	4	3	3	0	1	NA	NA	NA	unphased	1.50340136054422	1.50340136054422	1
1	31212656	31212657	28	8	3	3	0	1	NA	NA	NA	unphased	2.33862433862434	1.16931216931217	2
1	34192261	34192262	38	8	3	3	0	1	NA	NA	NA	unphased	1.83022774327122	1.83022774327122	1
1	46165681	46165682	82	28	3	3	0	1	NA	NA	NA	unphased	2.67878787878788	0.892929292929293	3
1	70504676	70504677	29	5	3	3	0	1	NA	NA	NA	unphased	1.54761904761905	1.54761904761905	1
1	147381318	147381319	53	14	3	3	0	1	NA	NA	NA	unphased	2.19900497512438	1.09950248756219	2
1	151138570	151138571	5	5	3	3	0	1	NA	NA	NA	unphased	5.26190476190476	1.75396825396825	3
1	152659561	152659562	136	53	3	3	0	1	NA	NA	NA	unphased	2.95112118921643	0.983707063072143	3
1	158687896	158687897	33	8	3	3	0	1	NA	NA	NA	unphased	2.0534262485482	1.0267131242741	2
1	167870903	167870904	137	5	3	3	0	1	NA	NA	NA	unphased	0.370556673373575	0.370556673373575	1
1	173933306	173933307	31	15	3	3	0	1	NA	NA	NA	unphased	3.43167701863354	1.14389233954451	3
1	197069887	197069888	60	7	3	3	0	1	NA	NA	NA	unphased	1.09950248756219	1.09950248756219	1
1	198704367	198704368	23	6	3	3	0	1	NA	NA	NA	unphased	2.17733990147783	1.08866995073892	2
1	216108060	216108061	68	5	3	3	0	1	NA	NA	NA	unphased	0.720808871493803	0.720808871493803	1
1	220192350	220192351	42	16	3	3	0	1	NA	NA	NA	unphased	2.90311986863711	0.967706622879037	3
1	223176541	223176542	94	31	3	3	0	1	NA	NA	NA	unphased	2.60990476190476	0.869968253968254	3
1	226074424	226074425	89	23	3	3	0	1	NA	NA	NA	unphased	2.16113945578231	1.08056972789116	2
1	229738526	229738527	84	4	3	3	0	1	NA	NA	NA	unphased	0.478354978354978	0.478354978354978	1
1	229738548	229738549	62	19	3	3	0	1	NA	NA	NA	unphased	2.46854791299236	0.822849304330786	3
1	246811080	246811081	70	19	3	3	0	1	NA	NA	NA	unphased	2.24665596575709	1.12332798287854	2
10	24909624	24909625	46	5	2	2	0	1	NA	NA	NA	unphased	0.933706816059757	0.933706816059757	1
10	46965828	46965829	51	5	2	2	0	1	NA	NA	NA	unphased	0.850340136054422	0.850340136054422	1
10	49661357	49661358	28	13	2	2	0	1	NA	NA	NA	unphased	3.01974448315912	1.50987224157956	2
10	50531591	50531592	54	10	2	2	0	1	NA	NA	NA	unphased	1.48809523809524	1.48809523809524	1
10	61941165	61941166	124	13	2	2	0	1	NA	NA	NA	unphased	0.903719151894334	0.903719151894334	1
10	64968459	64968460	78	20	2	2	0	1	NA	NA	NA	unphased	1.94363459669582	0.971817298347911	2
10	89692898	89692899	63	14	2	2	0	1	NA	NA	NA	unphased	1.73160173160173	0.865800865800866	2
10	91487625	91487626	19	6	2	2	0	1	NA	NA	NA	unphased	2.28571428571429	1.14285714285714	2
10	135204849	135204850	127	8	2	2	0	1	NA	NA	NA	unphased	0.564373897707231	0.564373897707231	1
11	1096505	1096506	66	4	1.16	2	1	0.08	0	1	0.92	unphased	0.49621768707483	0.49621768707483	1
11	2436627	2436628	12	3	1.16	2	1	0.08	0	1	0.92	unphased	1.7367619047619	1.7367619047619	1
11	4608519	4608520	59	6	1.16	2	1	0.08	0	1	0.92	unphased	0.801582417582418	0.801582417582418	1
11	8752095	8752096	91	7	1.16	2	1	0.08	0	1	0.92	unphased	0.620272108843537	0.620272108843537	1
11	18499175	18499176	90	4	1.16	2	1	0.08	0	1	0.92	unphased	0.36952380952381	0.36952380952381	1
11	56468589	56468590	244	13	1.16	2	1	0.08	0	1	0.92	unphased	0.439258847507875	0.439258847507875	1
11	61511472	61511473	75	12	1.16	2	1	0.08	0	1	0.92	unphased	1.19776683087028	1.19776683087028	1
11	65272084	65272085	30	5	1.16	2	1	0.08	0	1	0.92	unphased	1.24054421768707	1.24054421768707	1
11	66192055	66192056	163	18	1.16	2	1	0.08	0	1	0.92	unphased	0.863583267561168	0.863583267561168	1
11	66335489	66335490	56	14	1.16	2	1	0.08	0	1	0.92	unphased	1.7367619047619	1.60811287477954	1.08
11	74329606	74329607	114	14	1.16	2	1	0.08	0	1	0.92	unphased	0.949791666666667	0.949791666666667	1
11	85627274	85627275	125	8	1.16	2	1	0.08	0	1	0.92	unphased	0.522334407447189	0.522334407447189	1
11	118764411	118764412	114	6	1.16	2	1	0.08	0	1	0.92	unphased	0.434190476190476	0.434190476190476	1
11	124134906	124134907	44	8	1.16	2	1	0.08	0	1	0.92	unphased	1.3359706959707	1.3359706959707	1
11	124481531	124481532	41	8	1.16	2	1	0.08	0	1	0.92	unphased	1.4177648202138	1.4177648202138	1
12	6926329	6926330	32	16	4	4	0	1	NA	NA	NA	unphased	3.84126984126984	0.96031746031746	4
12	7522058	7522059	103	50	4	4	0	1	NA	NA	NA	unphased	3.76595082477435	0.941487706193589	4
12	8211994	8211995	54	22	4	4	0	1	NA	NA	NA	unphased	3.33583959899749	1.11194653299916	3
12	11506021	11506022	28	5	4	4	0	1	NA	NA	NA	unphased	1.74603174603175	1.74603174603175	1
12	15677830	15677831	43	20	4	4	0	1	NA	NA	NA	unphased	3.6583522297808	0.9145880574452	4
12	21358831	21358832	97	6	4.22	4	4	0.46	1	0	0.54	unphased	0.684105409153953	0.684105409153953	1
12	48578203	48578204	34	5	4	2	2	1	NA	NA	NA	unphased	1.47741147741148	1.47741147741148	1
12	49484136	49484137	20	6	4	2	2	1	NA	NA	NA	unphased	2.65934065934066	1.32967032967033	2
12	54686360	54686361	44	11	4	2	2	1	NA	NA	NA	unphased	2.30476190476191	1.15238095238095	2
12	56364886	56364887	212	41	4	2	2	1	NA	NA	NA	unphased	1.86749482401656	0.933747412008282	2
12	71286621	71286622	146	26	4	2	2	1	NA	NA	NA	unphased	1.74197120708749	0.870985603543743	2
12	94645276	94645277	53	9	3	2	1	1	NA	NA	NA	unphased	1.52764976958525	1.52764976958525	1
12	104337593	104337594	53	6	3	2	1	1	NA	NA	NA	unphased	1.07021791767554	1.07021791767554	1
12	110570417	110570418	34	8	3	2	1	1	NA	NA	NA	unphased	2.00453514739229	1.00226757369615	2
12	111786005	111786006	134	29	3	2	1	1	NA	NA	NA	unphased	1.87233420975752	0.936167104878761	2
12	113314533	113314534	35	4	3	2	1	1	NA	NA	NA	unphased	1.07936507936508	1.07936507936508	1
12	132625874	132625875	107	9	3	2	1	1	NA	NA	NA	unphased	0.816502463054187	0.816502463054187	1
13	19751272	19751273	123	35	2	2	0	1	NA	NA	NA	unphased	2.10970464135021	1.05485232067511	2
13	24471131	24471132	60	16	2	2	0	1	NA	NA	NA	unphased	2.00501253132832	1.00250626566416	2
13	25020859	25020860	30	10	2	2	0	1	NA	NA	NA	unphased	2.38095238095238	1.19047619047619	2
13	33344582	33344583	27	9	2	2	0	1	NA	NA	NA	unphased	2.38095238095238	1.19047619047619	2
13	39438717	39438718	55	7	2	2	0	1	NA	NA	NA	unphased	1.0752688172043	1.0752688172043	1
13	50495683	50495684	42	12	2	2	0	1	NA	NA	NA	unphased	2.11640211640212	1.05820105820106	2
13	110437474	110437475	13	4	7	7	0	1	NA	NA	NA	unphased	3.41736694677871	1.1391223155929	3
14	20528306	20528307	123	36	2	2	0	1	NA	NA	NA	unphased	2.15633423180593	1.07816711590297	2
14	24793554	24793555	54	11	2	2	0	1	NA	NA	NA	unphased	1.61172161172161	1.61172161172161	1
14	25042917	25042918	162	41	2	2	0	1	NA	NA	NA	unphased	1.92352803190242	0.961764015951208	2
14	64681075	64681076	86	16	2	2	0	1	NA	NA	NA	unphased	1.49393090569561	1.49393090569561	1
14	67854011	67854012	99	15	2	2	0	1	NA	NA	NA	unphased	1.2531328320802	1.2531328320802	1
14	68222789	68222790	383	87	2	2	0	1	NA	NA	NA	unphased	1.7629179331307	0.881458966565349	2
14	106405851	106405852	40	14	NA	NA	NA	NA	NA	NA	NA	unphased	NA	NA	1
15	34649433	34649434	64	4	2	1	1	0.69	1	1	0.31	unphased	0.560224089635854	0.560224089635854	1
15	40917124	40917125	32	8	2	1	1	0.69	1	1	0.31	unphased	1.9047619047619	1.9047619047619	1
15	45052053	45052054	71	14	2	1	1	0.69	1	1	0.31	unphased	1.56862745098039	1.56862745098039	1
15	48739019	48739020	29	9	2	1	1	0.69	1	1	0.31	unphased	2.25563909774436	2.25563909774436	1
15	64017534	64017535	54	6	2	1	1	0.69	1	1	0.31	unphased	0.952380952380952	0.952380952380952	1
15	78466072	78466073	46	5	2	1	1	0.69	1	1	0.31	unphased	0.933706816059757	0.933706816059757	1
15	85400905	85400906	71	7	2	1	1	0.69	1	1	0.31	unphased	0.854700854700855	0.854700854700855	1
15	89391265	89391266	179	8	2	1	1	0.69	1	1	0.31	unphased	0.407435701553349	1.31430871468822	0.31
15	90774200	90774201	99	28	2	1	1	0.69	1	1	0.31	unphased	2.0997375328084	2.0997375328084	1
16	30535996	30535997	23	8	2	2	0	1	NA	NA	NA	unphased	2.45775729646697	1.22887864823349	2
16	56678082	56678083	32	7	2	2	0	1	NA	NA	NA	unphased	1.70940170940171	1.70940170940171	1
16	57601469	57601470	53	9	2	2	0	1	NA	NA	NA	unphased	1.38248847926267	1.38248847926267	1
17	4621264	4621265	22	10	3	3	0	1	NA	NA	NA	unphased	3.28869047619048	1.09623015873016	3
17	10312702	10312703	73	20	3	3	0	1	NA	NA	NA	unphased	2.26318484383	1.131592421915	2
17	10430316	10430317	38	9	3	3	0	1	NA	NA	NA	unphased	2.01519756838906	1.00759878419453	2
17	10432957	10432958	132	37	3	3	0	1	NA	NA	NA	unphased	2.3040293040293	1.15201465201465	2
17	16285875	16285876	28	13	3	3	0	1	NA	NA	NA	unphased	3.33681765389082	1.11227255129694	3
17	39976517	39976518	50	11	3	3	0	1	NA	NA	NA	unphased	1.89773614363778	0.948868071818892	2
17	41004835	41004836	66	20	3	3	0	1	NA	NA	NA	unphased	2.44739756367663	0.815799187892211	3
17	42925521	42925522	53	20	3	3	0	1	NA	NA	NA	unphased	2.88323548597521	0.961078495325071	3
17	45258949	45258950	21	7	3	3	0	1	NA	NA	NA	unphased	2.63095238095238	0.876984126984127	3
17	46805965	46805966	23	8	3	3	0	1	NA	NA	NA	unphased	2.71582181259601	0.905273937532002	3
17	60768043	60768044	76	19	3	3	0	1	NA	NA	NA	unphased	2.1047619047619	1.05238095238095	2
17	74136139	74136140	29	12	3	3	0	1	NA	NA	NA	unphased	3.0801393728223	1.0267131242741	3
17	74387074	74387075	124	41	3	3	0	1	NA	NA	NA	unphased	2.61500721500722	0.871669071669072	3
18	29450412	29450413	46	11	1.52	2	1	0.26	1	0	0.74	unphased	1.74529657477026	1.38515601172243	1.26
18	47810469	47810470	57	14	1.52	2	1	0.26	1	0	0.74	unphased	1.78328638497653	1.41530665474327	1.26
19	1360217	1360218	79	9	1.39	2	2	0.13	0	1	0.87	unphased	0.91163961038961	0.91163961038961	1
19	5265109	5265110	77	9	1.39	2	2	0.13	0	1	0.87	unphased	0.932840531561462	0.932840531561462	1
19	6495596	6495597	151	18	1.39	2	2	0.13	0	1	0.87	unphased	0.949399830938293	0.949399830938293	1
19	6921811	6921812	66	8	1.39	2	2	0.13	0	1	0.87	unphased	0.963655083655084	0.963655083655084	1
19	10127796	10127797	32	4	1.39	2	2	0.13	0	1	0.87	unphased	0.99042328042328	0.99042328042328	1
19	10461592	10461593	59	7	1.39	2	2	0.13	0	1	0.87	unphased	0.945404040404041	0.945404040404041	1
19	13476165	13476166	89	11	1.39	2	2	0.13	0	1	0.87	unphased	0.980519047619048	0.980519047619048	1
19	13476166	13476167	89	10	1.39	2	2	0.13	0	1	0.87	unphased	0.9003848003848	0.9003848003848	1
19	15052577	15052578	48	8	1.39	2	2	0.13	0	1	0.87	unphased	1.27340136054422	1.27340136054422	1
19	17311619	17311620	85	7	1.39	2	2	0.13	0	1	0.87	unphased	0.67822463768116	0.67822463768116	1
19	17452418	17452419	72	17	1.39	2	2	0.13	0	1	0.87	unphased	1.70263777421081	1.50675909222195	1.13
19	33602706	33602707	100	13	1.39	2	2	0.13	0	1	0.87	unphased	1.02548251158871	1.02548251158871	1
19	39888180	39888181	41	8	1.39	2	2	0.13	0	1	0.87	unphased	1.45531584062196	1.45531584062196	1
19	47424528	47424529	111	10	1.39	2	2	0.13	0	1	0.87	unphased	0.73667847304211	0.73667847304211	1
19	50139880	50139881	53	11	1.39	2	2	0.13	0	1	0.87	unphased	1.53206101190476	1.53206101190476	1
19	50204633	50204634	38	7	1.39	2	2	0.13	0	1	0.87	unphased	1.38659259259259	1.38659259259259	1
19	51192543	51192544	72	11	1.39	2	2	0.13	0	1	0.87	unphased	1.18134825014343	1.18134825014343	1
19	53669382	53669383	129	16	1.39	2	2	0.13	0	1	0.87	unphased	0.983592775041051	0.983592775041051	1
19	54137896	54137897	60	10	1.39	2	2	0.13	0	1	0.87	unphased	1.27340136054422	1.27340136054422	1
19	54327154	54327155	227	12	1.39	2	2	0.13	0	1	0.87	unphased	0.447555289898386	0.447555289898386	1
19	54872654	54872655	188	37	1.39	2	2	0.13	0	1	0.87	unphased	1.46582645502646	1.29719155312076	1.13
19	54872731	54872732	149	31	1.39	2	2	0.13	0	1	0.87	unphased	1.53515608465608	1.35854520766025	1.13
19	55687120	55687121	92	7	1.39	2	2	0.13	0	1	0.87	unphased	0.63026936026936	0.63026936026936	1
2	1507819	1507820	58	10	3	2	1	1	NA	NA	NA	unphased	1.54761904761905	1.54761904761905	1
2	16743353	16743354	65	10	3	2	1	1	NA	NA	NA	unphased	1.4031746031746	1.4031746031746	1
2	46842137	46842138	42	7	3	2	1	1	NA	NA	NA	unphased	1.50340136054422	1.50340136054422	1
2	73678599	73678600	58	14	3	2	1	1	NA	NA	NA	unphased	2.0462962962963	1.02314814814815	2
2	84518368	84518369	87	6	3	2	1	1	NA	NA	NA	unphased	0.678955453149002	0.678955453149002	1
2	100623739	100623740	77	17	3	2	1	1	NA	NA	NA	unphased	1.903242147923	0.9516210739615	2
2	116066870	116066871	58	14	3	2	1	1	NA	NA	NA	unphased	2.0462962962963	1.02314814814815	2
2	179575503	179575504	74	5	3	2	1	1	NA	NA	NA	unphased	0.666063893911995	0.666063893911995	1
2	179575504	179575505	76	5	3	2	1	1	NA	NA	NA	unphased	0.649617871840094	0.649617871840094	1
2	179587132	179587133	55	19	3	2	1	1	NA	NA	NA	unphased	2.7020592020592	1.3510296010296	2
2	201534422	201534423	167	7	3	2	1	1	NA	NA	NA	unphased	0.423371647509579	0.423371647509579	1
2	206628397	206628398	138	18	3	2	1	1	NA	NA	NA	unphased	1.21428571428571	1.21428571428571	1
2	217057376	217057377	17	6	3	2	1	1	NA	NA	NA	unphased	2.74534161490683	1.37267080745342	2
2	242157657	242157658	16	3	3	2	1	1	NA	NA	NA	unphased	1.66165413533835	1.66165413533835	1
20	126339	126340	158	66	NA	NA	NA	NA	NA	NA	NA	unphased	NA	NA	1
20	746286	746287	24	10	3.2	4	1	0.4	1	1	0.6	unphased	3.15406162464986	0.927665183720547	3.4
20	7866451	7866452	136	63	3.2	4	1	0.4	1	1	0.6	unphased	3.39497487437186	0.998522021874076	3.4
20	33337426	33337427	139	7	3.2	4	1	0.4	1	1	0.6	unphased	0.514155251141553	1.28538812785388	0.4
20	33337839	33337840	161	14	3.2	4	1	0.4	1	1	0.6	unphased	0.857904761904762	0.857904761904762	1
20	33568487	33568488	108	7	3.2	4	1	0.4	1	1	0.6	unphased	0.652753623188406	0.652753623188406	1
20	36694578	36694579	221	13	8	7	1	1	NA	NA	NA	unphased	0.862433862433862	0.862433862433862	1
20	47296293	47296294	63	5	2	1	1	1	NA	NA	NA	unphased	0.700280112044818	0.700280112044818	1
20	60551309	60551310	103	11	2	1	1	1	NA	NA	NA	unphased	0.918964076858814	0.918964076858814	1
20	61143747	61143748	111	22	2	1	1	1	NA	NA	NA	unphased	1.57536698890082	1.57536698890082	1
20	61598723	61598724	164	15	2	1	1	1	NA	NA	NA	unphased	0.798084596967279	0.798084596967279	1
21	19713813	19713814	68	18	2	2	0	1	NA	NA	NA	unphased	1.99335548172757	0.996677740863787	2
22	21157581	21157582	65	13	4	2	2	1	NA	NA	NA	unphased	1.92063492063492	0.96031746031746	2
22	22707500	22707501	146	15	4	2	2	1	NA	NA	NA	unphased	1.07364685004437	1.07364685004437	1
22	22869591	22869592	75	9	4	2	2	1	NA	NA	NA	unphased	1.23469387755102	1.23469387755102	1
22	23154645	23154646	88	12	4	2	2	1	NA	NA	NA	unphased	1.38285714285714	1.38285714285714	1
22	30050660	30050661	180	38	4	2	2	1	NA	NA	NA	unphased	2.0087374399301	1.00436871996505	2
22	30722802	30722803	33	4	4	2	2	1	NA	NA	NA	unphased	1.24581724581725	1.24581724581725	1
22	39715601	39715602	11	3	4	2	2	1	NA	NA	NA	unphased	2.46938775510204	2.46938775510204	1
3	45038634	45038635	71	10	2	2	0	1	NA	NA	NA	unphased	1.17577895355673	1.17577895355673	1
3	56680788	56680789	33	7	2	2	0	1	NA	NA	NA	unphased	1.66666666666667	1.66666666666667	1
3	62739294	62739295	38	6	2	2	0	1	NA	NA	NA	unphased	1.2987012987013	1.2987012987013	1
3	81586137	81586138	51	4	2	2	0	1	NA	NA	NA	unphased	0.692640692640693	0.692640692640693	1
3	97806024	97806025	86	22	2	2	0	1	NA	NA	NA	unphased	1.94003527336861	0.970017636684303	2
3	119133022	119133023	84	11	2	2	0	1	NA	NA	NA	unphased	1.10275689223058	1.10275689223058	1
3	120924774	120924775	53	11	4	2	2	1	NA	NA	NA	unphased	1.98065476190476	0.990327380952381	2
3	124739757	124739758	66	5	4.24	5	2	0.54	1	0	0.46	unphased	0.828437290409122	0.828437290409122	1
3	126445986	126445987	113	48	4.24	5	2	0.54	1	0	0.46	unphased	3.50722271517303	0.99074087999238	3.54
3	154856024	154856025	68	32	4.24	5	2	0.54	1	0	0.46	unphased	3.76441904761905	1.03989476453565	3.62
3	167045784	167045785	158	20	4.24	5	2	0.54	1	0	0.46	unphased	1.32177635098983	1.32177635098983	1
3	170625608	170625609	100	13	4.24	5	2	0.54	1	0	0.46	unphased	1.3533586177834	1.3533586177834	1
3	184086142	184086143	70	7	9	7	2	1	0	1	0	unphased	1.5021645021645	1.5021645021645	1
4	1670417	1670418	67	12	2	2	0	0.19	1	1	0.81	unphased	1.44665461121157	1.44665461121157	1
4	7436228	7436229	23	6	2	2	0	0.19	1	1	0.81	unphased	1.97044334975369	1.97044334975369	1
4	20731682	20731683	36	9	2	2	0	0.19	1	1	0.81	unphased	1.9047619047619	1.60064025610244	1.19
4	79158753	79158754	47	9	2	2	0	0.19	1	1	0.81	unphased	1.53061224489796	1.53061224489796	1
4	123117850	123117851	71	16	2	2	0	1	NA	NA	NA	unphased	1.75150519978106	0.875752599890531	2
4	155256182	155256183	54	5	2	2	0	1	NA	NA	NA	unphased	0.807102502017756	0.807102502017756	1
4	170912415	170912416	10	4	2	2	0	1	NA	NA	NA	unphased	2.72108843537415	1.36054421768707	2
4	177142304	177142305	37	6	2	2	0	1	NA	NA	NA	unphased	1.32890365448505	1.32890365448505	1
4	183600870	183600871	77	8	1	1	0	1	NA	NA	NA	unphased	0.802240896358543	0.802240896358543	1
5	1232419	1232420	44	4	4	2	2	1	NA	NA	NA	unphased	0.96031746031746	0.96031746031746	1
5	21783497	21783498	128	18	4	2	2	1	NA	NA	NA	unphased	1.42074363992172	1.42074363992172	1
5	21854866	21854867	42	5	4	2	2	1	NA	NA	NA	unphased	1.22593718338399	1.22593718338399	1
5	35774080	35774081	52	16	4	2	2	1	NA	NA	NA	unphased	2.71148459383754	1.35574229691877	2
5	45645510	45645511	48	14	NA	NA	NA	NA	NA	NA	NA	unphased	NA	NA	1
5	86645134	86645135	46	19	2	2	0	1	NA	NA	NA	unphased	2.78388278388278	1.39194139194139	2
5	93859655	93859656	24	4	2	2	0	1	NA	NA	NA	unphased	1.36054421768707	1.36054421768707	1
5	99921883	99921884	65	8	2	2	0	1	NA	NA	NA	unphased	1.04370515329419	1.04370515329419	1
5	140803200	140803201	41	9	2	2	0	1	NA	NA	NA	unphased	1.71428571428571	1.71428571428571	1
5	160071175	160071176	70	5	2	2	0	1	NA	NA	NA	unphased	0.634920634920635	0.634920634920635	1
6	2893753	2893754	77	12	2	1	1	0.73	1	1	0.27	unphased	1.28410914927769	1.28410914927769	1
6	6589053	6589054	59	7	2	1	1	0.73	1	1	0.27	unphased	1.01010101010101	1.01010101010101	1
6	31779020	31779021	81	9	2	1	1	0.73	1	1	0.27	unphased	0.952380952380952	0.952380952380952	1
6	31828280	31828281	90	4	2	1	1	0.73	1	1	0.27	unphased	0.405268490374873	1.50099440879583	0.27
6	32713632	32713633	110	9	2	1	1	0.73	1	1	0.27	unphased	0.720288115246098	0.720288115246098	1
6	33257972	33257973	56	8	2	1	1	0.73	1	1	0.27	unphased	1.19047619047619	1.19047619047619	1
6	36269814	36269815	66	8	2	1	1	0.73	1	1	0.27	unphased	1.02960102960103	1.02960102960103	1
6	42141288	42141289	17	4	2	1	1	0.73	1	1	0.27	unphased	1.8140589569161	1.8140589569161	1
6	57512609	57512610	450	25	2	1	1	0.73	1	1	0.27	unphased	0.50125313283208	0.50125313283208	1
6	66115231	66115232	116	13	2	1	1	0.73	1	1	0.27	unphased	0.959763750461425	0.959763750461425	1
6	72967929	72967930	27	4	2	1	1	0.73	1	1	0.27	unphased	1.22887864823349	1.22887864823349	1
6	73000540	73000541	28	7	2	1	1	0.73	1	1	0.27	unphased	1.9047619047619	1.9047619047619	1
6	73000541	73000542	29	6	2	1	1	0.73	1	1	0.27	unphased	1.63265306122449	1.63265306122449	1
6	83891561	83891562	90	9	2	1	1	0.73	1	1	0.27	unphased	0.865800865800866	0.865800865800866	1
6	99729087	99729088	88	9	2	1	1	0.73	1	1	0.27	unphased	0.883652430044183	0.883652430044183	1
6	123892145	123892146	82	5	2	1	1	0.73	1	1	0.27	unphased	0.547345374931582	0.547345374931582	1
6	131996295	131996296	72	14	2	1	1	0.73	1	1	0.27	unphased	1.55038759689922	1.55038759689922	1
6	136599076	136599077	116	7	2	1	1	0.73	1	1	0.27	unphased	0.5420054200542	0.5420054200542	1
6	158541593	158541594	28	6	2	1	1	0.73	1	1	0.27	unphased	1.68067226890756	1.68067226890756	1
6	161494610	161494611	80	5	2	1	1	0.73	1	1	0.27	unphased	0.560224089635854	0.560224089635854	1
6	170873709	170873710	24	8	2	1	1	0.73	1	1	0.27	unphased	2.38095238095238	2.38095238095238	1
7	30793539	30793540	73	35	4	3	1	1	NA	NA	NA	unphased	3.73456790123457	1.24485596707819	3
7	31683428	31683429	64	18	4	3	1	1	NA	NA	NA	unphased	2.52961672473868	0.843205574912892	3
7	42974671	42974672	35	12	4	3	1	1	NA	NA	NA	unphased	2.94224924012158	0.980749746707193	3
7	96639211	96639212	46	6	4	3	1	1	NA	NA	NA	unphased	1.32967032967033	1.32967032967033	1
7	100275373	100275374	51	5	4	3	1	1	NA	NA	NA	unphased	1.02891156462585	1.02891156462585	1
7	100390058	100390059	69	23	4	3	1	1	NA	NA	NA	unphased	2.88095238095238	0.96031746031746	3
7	119914936	119914937	163	22	4	3	1	1	NA	NA	NA	unphased	1.37039897039897	1.37039897039897	1
7	120591178	120591179	83	24	4	3	1	1	NA	NA	NA	unphased	2.58477970627503	0.861593235425011	3
7	143826316	143826317	142	17	4	3	1	1	NA	NA	NA	unphased	1.23210542078467	1.23210542078467	1
7	149483293	149483294	15	3	4	3	1	1	NA	NA	NA	unphased	1.92063492063492	1.92063492063492	1
7	154561139	154561140	81	5	4	3	1	1	NA	NA	NA	unphased	0.669988925802879	0.669988925802879	1
8	10465407	10465408	171	13	2	1	1	1	NA	NA	NA	unphased	0.67287784679089	0.67287784679089	1
8	11637436	11637437	109	6	2	1	1	1	NA	NA	NA	unphased	0.496894409937888	0.496894409937888	1
8	20075729	20075730	77	9	2	1	1	1	NA	NA	NA	unphased	0.996677740863787	0.996677740863787	1
8	42196075	42196076	240	10	9	7	2	1	NA	NA	NA	unphased	0.660952380952381	0.660952380952381	1
8	52321314	52321315	20	5	4	2	2	1	NA	NA	NA	unphased	2.30476190476191	1.15238095238095	2
8	90777642	90777643	107	18	4	2	2	1	NA	NA	NA	unphased	1.65942857142857	0.829714285714286	2
8	107751738	107751739	52	6	4	2	2	1	NA	NA	NA	unphased	1.19211822660099	1.19211822660099	1
8	113392658	113392659	74	9	4	2	2	1	NA	NA	NA	unphased	1.24956970740103	1.24956970740103	1
8	133596025	133596026	53	8	4	2	2	1	NA	NA	NA	unphased	1.51131928181109	1.51131928181109	1
8	139736910	139736911	35	11	4	2	2	1	NA	NA	NA	unphased	2.75569358178054	1.37784679089027	2
8	145139323	145139324	78	24	4	2	2	1	NA	NA	NA	unphased	2.71148459383754	1.35574229691877	2
8	145694954	145694955	56	5	NA	NA	NA	NA	NA	NA	NA	unphased	NA	NA	1
8	145999968	145999969	146	39	NA	NA	NA	NA	NA	NA	NA	unphased	NA	NA	1
9	65506501	65506502	114	119	4	4	0	1	NA	NA	NA	unphased	5.88555078683834	1.47138769670959	4
9	94486704	94486705	25	21	4	4	0	1	NA	NA	NA	unphased	5.26086956521739	1.31521739130435	4
9	107331844	107331845	55	23	4	4	0	1	NA	NA	NA	unphased	3.3980463980464	1.13268213268213	3
9	108483902	108483903	31	9	4	4	0	1	NA	NA	NA	unphased	2.59285714285714	0.864285714285714	3
9	127952028	127952029	23	10	4	4	0	1	NA	NA	NA	unphased	3.49206349206349	0.873015873015873	4
9	136501786	136501787	36	11	4	4	0	1	NA	NA	NA	unphased	2.69706180344478	0.899020601148261	3
9	138670542	138670543	56	24	4	4	0	1	NA	NA	NA	unphased	3.45714285714286	0.864285714285714	4
X	595436	595437	31	12	NA	NA	NA	NA	NA	NA	NA	unphased	NA	NA	1
X	1484072	1484073	147	5	NA	NA	NA	NA	NA	NA	NA	unphased	NA	NA	1
X	54837382	54837383	5	8	NA	NA	NA	NA	NA	NA	NA	unphased	NA	NA	1
X	73961955	73961956	50	18	NA	NA	NA	NA	NA	NA	NA	unphased	NA	NA	1
X	103349440	103349441	71	16	NA	NA	NA	NA	NA	NA	NA	unphased	NA	NA	1
X	111155904	111155905	53	12	NA	NA	NA	NA	NA	NA	NA	unphased	NA	NA	1
X	118222693	118222694	10	3	NA	NA	NA	NA	NA	NA	NA	unphased	NA	NA	1
X	123778998	123778999	51	10	NA	NA	NA	NA	NA	NA	NA	unphased	NA	NA	1
X	138871610	138871611	12	5	NA	NA	NA	NA	NA	NA	NA	unphased	NA	NA	1
X	153880769	153880770	66	15	NA	NA	NA	NA	NA	NA	NA	unphased	NA	NA	1
