chr	start	end	WT.count	mut.count	subclonal.CN	nMaj1	nMin1	frac1	nMaj2	nMin2	frac2	phase	mutation.copy.number	subclonal.fraction	no.chrs.bearing.mut
1	881034	881035	80	18	2	1	1	1	NA	NA	NA	unphased	0.644468313641246	0.644468313641246	1
1	18023765	18023766	60	32	2	1	1	1	NA	NA	NA	unphased	1.22044241037376	1.22044241037376	1
1	34076809	34076810	40	11	2	1	1	1	NA	NA	NA	unphased	0.756793945648435	0.756793945648435	1
1	34208986	34208987	77	27	2	1	1	1	NA	NA	NA	unphased	0.910931174089069	0.910931174089069	1
1	36926904	36926905	58	15	2	1	1	1	NA	NA	NA	unphased	0.720980533525595	0.720980533525595	1
1	36926905	36926906	55	15	2	1	1	1	NA	NA	NA	unphased	0.75187969924812	0.75187969924812	1
1	65855117	65855118	76	29	2	1	1	1	NA	NA	NA	unphased	0.969089390142022	0.969089390142022	1
1	74507361	74507362	109	30	2	1	1	1	NA	NA	NA	unphased	0.757288905717531	0.757288905717531	1
1	89449151	89449152	126	44	2	1	1	1	NA	NA	NA	unphased	0.908152734778122	0.908152734778122	1
1	92459778	92459779	73	20	2	1	1	1	NA	NA	NA	unphased	0.754574608564422	0.754574608564422	1
1	113241076	113241077	45	14	2	1	1	1	NA	NA	NA	unphased	0.832589949449896	0.832589949449896	1
1	118539046	118539047	100	22	2	1	1	1	NA	NA	NA	unphased	0.632729364394593	0.632729364394593	1
1	144828561	144828562	434	89	3	2	1	1	NA	NA	NA	unphased	0.767267116165174	0.767267116165174	1
1	149919236	149919237	34	33	3	2	1	1	NA	NA	NA	unphased	2.22073841319717	1.11036920659859	2
1	152275892	152275893	674	162	3	2	1	1	NA	NA	NA	unphased	0.873709393099975	0.873709393099975	1
1	156884690	156884691	14	4	3	2	1	1	NA	NA	NA	unphased	1.00194931773879	1.00194931773879	1
1	158227499	158227500	148	8	3	2	1	1	NA	NA	NA	unphased	0.231219073324337	0.231219073324337	1
1	159162410	159162411	116	28	3	2	1	1	NA	NA	NA	unphased	0.876705653021443	0.876705653021443	1
1	190067806	190067807	136	38	3	2	1	1	NA	NA	NA	unphased	0.984674329501916	0.984674329501916	1
1	190067807	190067808	137	39	3	2	1	1	NA	NA	NA	unphased	0.999102870813397	0.999102870813397	1
1	196887659	196887660	24	6	3	2	1	1	NA	NA	NA	unphased	0.901754385964912	0.901754385964912	1
1	198492574	198492575	55	10	3	2	1	1	NA	NA	NA	unphased	0.69365721997301	0.69365721997301	1
1	201195250	201195251	24	9	3	2	1	1	NA	NA	NA	unphased	1.22966507177034	1.22966507177034	1
1	228464986	228464987	32	5	3	2	1	1	NA	NA	NA	unphased	0.609293504030346	0.609293504030346	1
1	228476574	228476575	76	22	3	2	1	1	NA	NA	NA	unphased	1.01217329036878	1.01217329036878	1
1	233464508	233464509	11	6	3	2	1	1	NA	NA	NA	unphased	1.59133126934985	1.59133126934985	1
1	234458972	234458973	44	9	3	2	1	1	NA	NA	NA	unphased	0.765640516385303	0.765640516385303	1
1	238048737	238048738	94	31	3	2	1	1	NA	NA	NA	unphased	1.11817543859649	1.11817543859649	1
1	247902097	247902098	123	25	3	2	1	1	NA	NA	NA	unphased	0.761616880037933	0.761616880037933	1
1	248308873	248308874	552	134	3	2	1	1	NA	NA	NA	unphased	0.880722213697509	0.880722213697509	1
1	249211672	249211673	125	94	NA	NA	NA	NA	NA	NA	NA	unphased	NA	NA	1
10	25284701	25284702	113	36	2	1	1	1	NA	NA	NA	unphased	0.847756976333451	0.847756976333451	1
10	25288331	25288332	68	21	2	1	1	1	NA	NA	NA	unphased	0.827912477823773	0.827912477823773	1
10	26505680	26505681	21	7	2	1	1	1	NA	NA	NA	unphased	0.87719298245614	0.87719298245614	1
10	37508633	37508634	52	12	2	1	1	1	NA	NA	NA	unphased	0.657894736842105	0.657894736842105	1
10	38121332	38121333	139	13	2	1	1	1	NA	NA	NA	unphased	0.300092336103416	0.300092336103416	1
10	47087063	47087064	143	32	2	1	1	1	NA	NA	NA	unphased	0.641604010025063	0.641604010025063	1
10	48388548	48388549	33	9	2	1	1	1	NA	NA	NA	unphased	0.75187969924812	0.75187969924812	1
10	52067895	52067896	62	22	2	1	1	1	NA	NA	NA	unphased	0.918964076858814	0.918964076858814	1
10	61846511	61846512	83	28	2	1	1	1	NA	NA	NA	unphased	0.885095621937727	0.885095621937727	1
10	64565040	64565041	24	8	2	1	1	1	NA	NA	NA	unphased	0.87719298245614	0.87719298245614	1
10	68686966	68686967	179	43	2	1	1	1	NA	NA	NA	unphased	0.679626995416469	0.679626995416469	1
10	86132044	86132045	116	11	2	1	1	1	NA	NA	NA	unphased	0.303909379748584	0.303909379748584	1
10	87628882	87628883	127	42	2	1	1	1	NA	NA	NA	unphased	0.87200249143569	0.87200249143569	1
10	96361403	96361404	33	14	2	1	1	1	NA	NA	NA	unphased	1.04516610675625	1.04516610675625	1
10	96698552	96698553	182	39	2	1	1	1	NA	NA	NA	unphased	0.619195046439629	0.619195046439629	1
10	96701770	96701771	166	55	2	1	1	1	NA	NA	NA	unphased	0.873223783440502	0.873223783440502	1
10	98108058	98108059	48	5	2	1	1	1	NA	NA	NA	unphased	0.33101621979477	0.33101621979477	1
10	128840907	128840908	143	49	2	1	1	1	NA	NA	NA	unphased	0.89546783625731	0.89546783625731	1
11	5274422	5274423	40	12	2	1	1	1	NA	NA	NA	unphased	0.809716599190283	0.809716599190283	1
11	5862767	5862768	225	91	2	1	1	1	NA	NA	NA	unphased	1.01043748612036	1.01043748612036	1
11	27384610	27384611	54	17	2	1	1	1	NA	NA	NA	unphased	0.840128490239684	0.840128490239684	1
11	45275886	45275887	60	14	2	1	1	1	NA	NA	NA	unphased	0.663821716453295	0.663821716453295	1
11	47819347	47819348	89	24	2	1	1	1	NA	NA	NA	unphased	0.745225896599907	0.745225896599907	1
11	48286284	48286285	63	30	2	1	1	1	NA	NA	NA	unphased	1.13186191284663	1.13186191284663	1
11	55110863	55110864	212	61	2	1	1	1	NA	NA	NA	unphased	0.7840113103271	0.7840113103271	1
11	55595329	55595330	191	65	2	1	1	1	NA	NA	NA	unphased	0.890899122807018	0.890899122807018	1
11	55606468	55606469	290	103	2	1	1	1	NA	NA	NA	unphased	0.919601803490916	0.919601803490916	1
11	56185149	56185150	83	28	2	1	1	1	NA	NA	NA	unphased	0.885095621937727	0.885095621937727	1
11	56380367	56380368	75	25	2	1	1	1	NA	NA	NA	unphased	0.87719298245614	0.87719298245614	1
11	56380368	56380369	73	24	2	1	1	1	NA	NA	NA	unphased	0.868149755832881	0.868149755832881	1
11	57004113	57004114	26	3	2	1	1	1	NA	NA	NA	unphased	0.362976406533575	0.362976406533575	1
11	58892707	58892708	172	7	2	1	1	1	NA	NA	NA	unphased	0.137214544741743	0.137214544741743	1
11	62288373	62288374	160	13	2	1	1	1	NA	NA	NA	unphased	0.26366494270358	0.26366494270358	1
11	62457841	62457842	89	29	2	1	1	1	NA	NA	NA	unphased	0.862325304787392	0.862325304787392	1
11	63767022	63767023	28	4	2	1	1	1	NA	NA	NA	unphased	0.43859649122807	0.43859649122807	1
11	64111771	64111772	45	11	2	1	1	1	NA	NA	NA	unphased	0.68922305764411	0.68922305764411	1
11	64519429	64519430	75	24	2	1	1	1	NA	NA	NA	unphased	0.850611376927166	0.850611376927166	1
11	65124211	65124212	41	17	2	1	1	1	NA	NA	NA	unphased	1.02843315184513	1.02843315184513	1
11	71850845	71850846	40	9	2	1	1	1	NA	NA	NA	unphased	0.644468313641246	0.644468313641246	1
11	88027449	88027450	106	32	2	1	1	1	NA	NA	NA	unphased	0.813628273582507	0.813628273582507	1
11	128807550	128807551	85	38	2	1	1	1	NA	NA	NA	unphased	1.0840108401084	1.0840108401084	1
12	4919524	4919525	91	25	2	1	1	1	NA	NA	NA	unphased	0.756200846944949	0.756200846944949	1
12	11214036	11214037	283	80	2	1	1	1	NA	NA	NA	unphased	0.773283069933788	0.773283069933788	1
12	21918991	21918992	98	26	2	1	1	1	NA	NA	NA	unphased	0.735710243350311	0.735710243350311	1
12	25398283	25398284	31	5	2	1	1	1	NA	NA	NA	unphased	0.487329434697856	0.487329434697856	1
12	27849585	27849586	43	17	2	1	1	1	NA	NA	NA	unphased	0.994152046783626	0.994152046783626	1
12	31435710	31435711	62	17	2	1	1	1	NA	NA	NA	unphased	0.755052187430602	0.755052187430602	1
12	41966357	41966358	53	21	2	1	1	1	NA	NA	NA	unphased	0.995732574679943	0.995732574679943	1
12	42706923	42706924	43	12	2	1	1	1	NA	NA	NA	unphased	0.76555023923445	0.76555023923445	1
12	43846478	43846479	26	11	2	1	1	1	NA	NA	NA	unphased	1.04314841156946	1.04314841156946	1
12	48152156	48152157	7	3	2	1	1	1	NA	NA	NA	unphased	1.05263157894737	1.05263157894737	1
12	54757621	54757622	27	16	2	1	1	1	NA	NA	NA	unphased	1.30558955528356	1.30558955528356	1
12	54914978	54914979	75	20	2	1	1	1	NA	NA	NA	unphased	0.738688827331487	0.738688827331487	1
12	54914979	54914980	76	20	2	1	1	1	NA	NA	NA	unphased	0.730994152046784	0.730994152046784	1
12	56398797	56398798	159	55	2	1	1	1	NA	NA	NA	unphased	0.901787178225939	0.901787178225939	1
12	63963123	63963124	104	26	2	1	1	1	NA	NA	NA	unphased	0.701754385964912	0.701754385964912	1
12	88912644	88912645	42	17	2	1	1	1	NA	NA	NA	unphased	1.01100208147487	1.01100208147487	1
12	129558446	129558447	121	34	2	1	1	1	NA	NA	NA	unphased	0.76966610073571	0.76966610073571	1
13	38266343	38266344	39	24	2	1	1	1	NA	NA	NA	unphased	1.33667502088555	1.33667502088555	1
13	41341003	41341004	113	28	2	1	1	1	NA	NA	NA	unphased	0.696777404504168	0.696777404504168	1
13	64321101	64321102	14	18	2	1	1	1	NA	NA	NA	unphased	1.97368421052632	1.97368421052632	1
13	103473385	103473386	135	30	2	1	1	1	NA	NA	NA	unphased	0.637958532695375	0.637958532695375	1
14	23826417	23826418	68	24	2	1	1	1	NA	NA	NA	unphased	0.91533180778032	0.91533180778032	1
14	24040371	24040372	360	103	2	1	1	1	NA	NA	NA	unphased	0.780569133416695	0.780569133416695	1
14	31191117	31191118	62	28	2	1	1	1	NA	NA	NA	unphased	1.0916179337232	1.0916179337232	1
14	63175025	63175026	99	32	2	1	1	1	NA	NA	NA	unphased	0.857104593544931	0.857104593544931	1
14	70515613	70515614	35	10	2	1	1	1	NA	NA	NA	unphased	0.779727095516569	0.779727095516569	1
14	70634937	70634938	62	21	2	1	1	1	NA	NA	NA	unphased	0.887761572606214	0.887761572606214	1
14	77765850	77765851	92	17	2	1	1	1	NA	NA	NA	unphased	0.547239658779977	0.547239658779977	1
14	79270124	79270125	72	15	2	1	1	1	NA	NA	NA	unphased	0.604960677555959	0.604960677555959	1
14	92909070	92909071	61	19	2	1	1	1	NA	NA	NA	unphased	0.833333333333333	0.833333333333333	1
14	94395202	94395203	31	12	2	1	1	1	NA	NA	NA	unphased	0.979192166462668	0.979192166462668	1
14	101506610	101506611	8	5	2	1	1	1	NA	NA	NA	unphased	1.34952766531714	1.34952766531714	1
14	102548482	102548483	66	22	2	1	1	1	NA	NA	NA	unphased	0.87719298245614	0.87719298245614	1
14	102918769	102918770	21	5	2	1	1	1	NA	NA	NA	unphased	0.67476383265857	0.67476383265857	1
15	25420074	25420075	392	108	2	1	1	1	NA	NA	NA	unphased	0.757894736842105	0.757894736842105	1
15	25448406	25448407	326	87	2	1	1	1	NA	NA	NA	unphased	0.739135975532051	0.739135975532051	1
15	25467573	25467574	190	61	2	1	1	1	NA	NA	NA	unphased	0.852729433144615	0.852729433144615	1
15	26806272	26806273	115	11	2	1	1	1	NA	NA	NA	unphased	0.306321358952938	0.306321358952938	1
15	33936592	33936593	22	5	2	1	1	1	NA	NA	NA	unphased	0.649772579597141	0.649772579597141	1
15	35045464	35045465	71	22	2	1	1	1	NA	NA	NA	unphased	0.830032069420864	0.830032069420864	1
15	65684550	65684551	55	23	2	1	1	1	NA	NA	NA	unphased	1.03463787674314	1.03463787674314	1
15	69011846	69011847	91	34	2	1	1	1	NA	NA	NA	unphased	0.954385964912281	0.954385964912281	1
15	81428948	81428949	89	33	2	1	1	1	NA	NA	NA	unphased	0.94909404659189	0.94909404659189	1
15	90258278	90258279	47	9	2	1	1	1	NA	NA	NA	unphased	0.56390977443609	0.56390977443609	1
15	91803552	91803553	132	45	2	1	1	1	NA	NA	NA	unphased	0.892060660124888	0.892060660124888	1
16	2880253	2880254	11	14	3	2	1	1	NA	NA	NA	unphased	2.52491228070176	1.26245614035088	2
16	3274352	3274353	142	31	3	2	1	1	NA	NA	NA	unphased	0.807930230199777	0.807930230199777	1
16	19194971	19194972	118	18	3	2	1	1	NA	NA	NA	unphased	0.596749226006192	0.596749226006192	1
16	21712279	21712280	46	32	3	2	1	1	NA	NA	NA	unphased	1.84975258659469	0.924876293297346	2
16	61687786	61687787	154	54	2	1	1	1	NA	NA	NA	unphased	0.910931174089069	0.910931174089069	1
16	67686211	67686212	78	17	2	1	1	1	NA	NA	NA	unphased	0.627885503231764	0.627885503231764	1
16	69726615	69726616	103	30	2	1	1	1	NA	NA	NA	unphased	0.791452314998021	0.791452314998021	1
16	70531900	70531901	108	40	2	1	1	1	NA	NA	NA	unphased	0.948316737790422	0.948316737790422	1
16	73126768	73126769	30	13	2	1	1	1	NA	NA	NA	unphased	1.06079151366789	1.06079151366789	1
16	75263546	75263547	33	7	2	1	1	1	NA	NA	NA	unphased	0.614035087719298	0.614035087719298	1
16	88779312	88779313	31	8	2	1	1	1	NA	NA	NA	unphased	0.719748088169141	0.719748088169141	1
17	3649188	3649189	124	31	2	1	1	1	NA	NA	NA	unphased	0.701754385964912	0.701754385964912	1
17	7487088	7487089	65	26	2	1	1	1	NA	NA	NA	unphased	1.00250626566416	1.00250626566416	1
17	8136234	8136235	150	71	1	1	0	1	NA	NA	NA	unphased	0.805985552115583	0.805985552115583	1
17	10399615	10399616	119	59	1	1	0	1	NA	NA	NA	unphased	0.831559235166568	0.831559235166568	1
17	10538841	10538842	87	47	1	1	0	1	NA	NA	NA	unphased	0.879942393296675	0.879942393296675	1
17	16055312	16055313	66	42	1	1	0	1	NA	NA	NA	unphased	0.975633528265107	0.975633528265107	1
17	26694404	26694405	41	15	2	1	1	1	NA	NA	NA	unphased	0.93984962406015	0.93984962406015	1
17	27071116	27071117	12	4	2	1	1	1	NA	NA	NA	unphased	0.87719298245614	0.87719298245614	1
17	27207762	27207763	110	34	2	1	1	1	NA	NA	NA	unphased	0.828460038986355	0.828460038986355	1
17	27412633	27412634	34	17	2	1	1	1	NA	NA	NA	unphased	1.16959064327485	1.16959064327485	1
17	43893882	43893883	36	17	2	1	1	1	NA	NA	NA	unphased	1.12545514730222	1.12545514730222	1
17	43922666	43922667	49	13	2	1	1	1	NA	NA	NA	unphased	0.735710243350311	0.735710243350311	1
17	48270406	48270407	27	7	3	2	1	1	NA	NA	NA	unphased	0.92827657378741	0.92827657378741	1
17	48608774	48608775	28	3	3	2	1	1	NA	NA	NA	unphased	0.436332767402377	0.436332767402377	1
17	60032811	60032812	121	21	3	2	1	1	NA	NA	NA	unphased	0.666790214974055	0.666790214974055	1
17	62130212	62130213	48	4	3	2	1	1	NA	NA	NA	unphased	0.346828609986505	0.346828609986505	1
17	78032662	78032663	109	32	3	2	1	1	NA	NA	NA	unphased	1.02326738832898	1.02326738832898	1
17	80046324	80046325	44	15	3	2	1	1	NA	NA	NA	unphased	1.14629794826048	1.14629794826048	1
18	3880074	3880075	21	8	2	1	1	1	NA	NA	NA	unphased	0.967937084089534	0.967937084089534	1
18	14752649	14752650	22	5	2	1	1	1	NA	NA	NA	unphased	0.649772579597141	0.649772579597141	1
18	31323012	31323013	45	4	2	1	1	1	NA	NA	NA	unphased	0.286430361618332	0.286430361618332	1
18	33935570	33935571	52	15	2	1	1	1	NA	NA	NA	unphased	0.785545954438335	0.785545954438335	1
18	56052802	56052803	77	22	2	1	1	1	NA	NA	NA	unphased	0.779727095516569	0.779727095516569	1
18	67992717	67992718	128	43	2	1	1	1	NA	NA	NA	unphased	0.882322765979276	0.882322765979276	1
18	72345995	72345996	104	45	2	1	1	1	NA	NA	NA	unphased	1.05969622041681	1.05969622041681	1
19	9063558	9063559	30	19	1	1	0	1	NA	NA	NA	unphased	0.972789115646259	0.972789115646259	1
19	9065264	9065265	22	16	1	1	0	1	NA	NA	NA	unphased	1.05632502308403	1.05632502308403	1
19	9072572	9072573	72	35	1	1	0	1	NA	NA	NA	unphased	0.820626332185604	0.820626332185604	1
19	31039667	31039668	82	45	3	2	1	1	NA	NA	NA	unphased	1.59759635308744	0.798798176543722	2
19	35801011	35801012	88	18	4	3	1	1	NA	NA	NA	unphased	0.93545183714002	0.93545183714002	1
19	38610060	38610061	83	67	1.58	2	1	0.29	1	0	0.71	unphased	1.3796514619883	1.06949725735527	1.29
19	40579842	40579843	2	7	1.58	2	1	0.29	1	0	0.71	unphased	2.40237816764133	1.8623086570863	1.29
19	46116843	46116844	53	16	1	1	0	1	NA	NA	NA	unphased	0.581744215611493	0.581744215611493	1
19	49167398	49167399	15	4	1	1	0	1	NA	NA	NA	unphased	0.528162511542013	0.528162511542013	1
19	51471410	51471411	26	18	1	1	0	1	NA	NA	NA	unphased	1.02631578947368	1.02631578947368	1
19	55179237	55179238	34	12	1	1	0	1	NA	NA	NA	unphased	0.654462242562929	0.654462242562929	1
2	1926247	1926248	160	36	3	2	1	1	NA	NA	NA	unphased	0.828141783029001	0.828141783029001	1
2	9731526	9731527	138	33	3	2	1	1	NA	NA	NA	unphased	0.870113881194214	0.870113881194214	1
2	17998037	17998038	84	15	3	2	1	1	NA	NA	NA	unphased	0.683147262094631	0.683147262094631	1
2	29259464	29259465	87	19	3	2	1	1	NA	NA	NA	unphased	0.808176100628931	0.808176100628931	1
2	36583747	36583748	49	17	3	2	1	1	NA	NA	NA	unphased	1.16135034556087	1.16135034556087	1
2	89385175	89385176	11	5	2	1	1	1	NA	NA	NA	unphased	1.09649122807018	1.09649122807018	1
2	89999511	89999512	47	17	2	1	1	1	NA	NA	NA	unphased	0.932017543859649	0.932017543859649	1
2	96690280	96690281	68	35	2	1	1	1	NA	NA	NA	unphased	1.19230114120252	1.19230114120252	1
2	109381701	109381702	217	68	2	1	1	1	NA	NA	NA	unphased	0.837180670975685	0.837180670975685	1
2	109455668	109455669	60	26	2	1	1	1	NA	NA	NA	unphased	1.06079151366789	1.06079151366789	1
2	113513879	113513880	168	77	2	1	1	1	NA	NA	NA	unphased	1.10275689223058	1.10275689223058	1
2	121728132	121728133	49	20	2	1	1	1	NA	NA	NA	unphased	1.01703534197813	1.01703534197813	1
2	127826499	127826500	68	14	2	1	1	1	NA	NA	NA	unphased	0.599058622165169	0.599058622165169	1
2	130832879	130832880	57	16	2	1	1	1	NA	NA	NA	unphased	0.769045902427301	0.769045902427301	1
2	136570355	136570356	83	22	2	1	1	1	NA	NA	NA	unphased	0.735171261487051	0.735171261487051	1
2	142012132	142012133	52	13	2	1	1	1	NA	NA	NA	unphased	0.701754385964912	0.701754385964912	1
2	142012133	142012134	52	13	2	1	1	1	NA	NA	NA	unphased	0.701754385964912	0.701754385964912	1
2	155555739	155555740	65	13	2	1	1	1	NA	NA	NA	unphased	0.584795321637427	0.584795321637427	1
2	168100698	168100699	69	23	2	1	1	1	NA	NA	NA	unphased	0.87719298245614	0.87719298245614	1
2	168103858	168103859	68	27	2	1	1	1	NA	NA	NA	unphased	0.997229916897507	0.997229916897507	1
2	168105671	168105672	115	36	2	1	1	1	NA	NA	NA	unphased	0.836528407110491	0.836528407110491	1
2	170011007	170011008	104	28	2	1	1	1	NA	NA	NA	unphased	0.744284954811271	0.744284954811271	1
2	175962187	175962188	182	13	2	1	1	1	NA	NA	NA	unphased	0.233918128654971	0.233918128654971	1
2	182359477	182359478	114	22	2	1	1	1	NA	NA	NA	unphased	0.567595459236326	0.567595459236326	1
2	189874946	189874947	103	36	2	1	1	1	NA	NA	NA	unphased	0.908746686861038	0.908746686861038	1
2	191236210	191236211	12	5	2	1	1	1	NA	NA	NA	unphased	1.03199174406605	1.03199174406605	1
2	207012517	207012518	142	53	2	1	1	1	NA	NA	NA	unphased	0.953666216824112	0.953666216824112	1
2	216251492	216251493	62	21	2	1	1	1	NA	NA	NA	unphased	0.887761572606214	0.887761572606214	1
2	231050815	231050816	118	33	2	1	1	1	NA	NA	NA	unphased	0.766817706517951	0.766817706517951	1
2	231050817	231050818	112	31	2	1	1	1	NA	NA	NA	unphased	0.760642865906024	0.760642865906024	1
2	233899012	233899013	46	12	2	1	1	1	NA	NA	NA	unphased	0.725952813067151	0.725952813067151	1
2	234238161	234238162	34	9	2	1	1	1	NA	NA	NA	unphased	0.734394124847001	0.734394124847001	1
2	234527014	234527015	427	151	2	1	1	1	NA	NA	NA	unphased	0.916651490317489	0.916651490317489	1
20	825985	825986	8	4	2	1	1	1	NA	NA	NA	unphased	1.16959064327485	1.16959064327485	1
20	2375117	2375118	47	11	2	1	1	1	NA	NA	NA	unphased	0.665456745311555	0.665456745311555	1
20	4850593	4850594	99	24	2	1	1	1	NA	NA	NA	unphased	0.684638425331622	0.684638425331622	1
20	23433334	23433335	159	45	2	1	1	1	NA	NA	NA	unphased	0.773993808049536	0.773993808049536	1
20	23433335	23433336	160	46	2	1	1	1	NA	NA	NA	unphased	0.783512178504514	0.783512178504514	1
20	40085956	40085957	42	26	1	1	0	1	NA	NA	NA	unphased	0.959236326109391	0.959236326109391	1
20	44841659	44841660	55	8	2	1	1	1	NA	NA	NA	unphased	0.445558340295182	0.445558340295182	1
20	45811991	45811992	92	39	2	1	1	1	NA	NA	NA	unphased	1.04459622338288	1.04459622338288	1
20	47587707	47587708	137	42	2	1	1	1	NA	NA	NA	unphased	0.823287268450456	0.823287268450456	1
20	50406960	50406961	61	15	2	1	1	1	NA	NA	NA	unphased	0.692520775623269	0.692520775623269	1
20	57246220	57246221	79	16	2	1	1	1	NA	NA	NA	unphased	0.590951061865189	0.590951061865189	1
20	57392726	57392727	30	14	2	1	1	1	NA	NA	NA	unphased	1.11642743221691	1.11642743221691	1
20	57828181	57828182	122	33	2	1	1	1	NA	NA	NA	unphased	0.747028862478778	0.747028862478778	1
20	60348092	60348093	34	8	2	1	1	1	NA	NA	NA	unphased	0.668337510442774	0.668337510442774	1
21	15872968	15872969	144	60	2	1	1	1	NA	NA	NA	unphased	1.03199174406605	1.03199174406605	1
21	19666611	19666612	77	27	2	1	1	1	NA	NA	NA	unphased	0.910931174089069	0.910931174089069	1
21	31654960	31654961	83	20	2	1	1	1	NA	NA	NA	unphased	0.681314937830012	0.681314937830012	1
21	31812961	31812962	159	42	2	1	1	1	NA	NA	NA	unphased	0.733176224142446	0.733176224142446	1
21	33974485	33974486	17	11	2	1	1	1	NA	NA	NA	unphased	1.37844611528822	1.37844611528822	1
21	46011389	46011390	80	40	2	1	1	1	NA	NA	NA	unphased	1.16959064327485	1.16959064327485	1
21	47570080	47570081	17	8	2	1	1	1	NA	NA	NA	unphased	1.12280701754386	1.12280701754386	1
22	19052394	19052395	61	18	2	1	1	1	NA	NA	NA	unphased	0.799467021985343	0.799467021985343	1
22	19766907	19766908	53	21	2	1	1	1	NA	NA	NA	unphased	0.995732574679943	0.995732574679943	1
22	31835993	31835994	105	10	2	1	1	1	NA	NA	NA	unphased	0.30511060259344	0.30511060259344	1
22	33670447	33670448	149	36	2	1	1	1	NA	NA	NA	unphased	0.682788051209104	0.682788051209104	1
22	44965250	44965251	32	13	2	1	1	1	NA	NA	NA	unphased	1.01364522417154	1.01364522417154	1
22	50716155	50716156	91	24	2	1	1	1	NA	NA	NA	unphased	0.732265446224256	0.732265446224256	1
3	11402237	11402238	269	89	2	1	1	1	NA	NA	NA	unphased	0.872292463001078	0.872292463001078	1
3	14558607	14558608	22	5	2	1	1	1	NA	NA	NA	unphased	0.649772579597141	0.649772579597141	1
3	14861838	14861839	36	16	2	1	1	1	NA	NA	NA	unphased	1.07962213225371	1.07962213225371	1
3	52811640	52811641	48	23	2	1	1	1	NA	NA	NA	unphased	1.13664442797134	1.13664442797134	1
3	52825827	52825828	49	13	2	1	1	1	NA	NA	NA	unphased	0.735710243350311	0.735710243350311	1
3	121351018	121351019	43	14	1	1	0	1	NA	NA	NA	unphased	0.616189596799015	0.616189596799015	1
4	7044704	7044705	19	4	2	1	1	1	NA	NA	NA	unphased	0.61022120518688	0.61022120518688	1
4	23826099	23826100	278	77	2	1	1	1	NA	NA	NA	unphased	0.761057573511243	0.761057573511243	1
4	57514942	57514943	71	28	2	1	1	1	NA	NA	NA	unphased	0.992379939748361	0.992379939748361	1
4	70361449	70361450	192	52	2	1	1	1	NA	NA	NA	unphased	0.747771067011792	0.747771067011792	1
4	76797606	76797607	54	15	2	1	1	1	NA	NA	NA	unphased	0.7627765064836	0.7627765064836	1
4	82125881	82125882	219	71	2	1	1	1	NA	NA	NA	unphased	0.859044162129462	0.859044162129462	1
4	88534105	88534106	55	21	2	1	1	1	NA	NA	NA	unphased	0.969529085872576	0.969529085872576	1
4	147861017	147861018	35	13	2	1	1	1	NA	NA	NA	unphased	0.950292397660819	0.950292397660819	1
4	185689422	185689423	62	27	2	1	1	1	NA	NA	NA	unphased	1.06445890005914	1.06445890005914	1
4	185940047	185940048	50	18	2	1	1	1	NA	NA	NA	unphased	0.928792569659443	0.928792569659443	1
4	186068040	186068041	45	14	2	1	1	1	NA	NA	NA	unphased	0.832589949449896	0.832589949449896	1
4	188924348	188924349	151	42	2	1	1	1	NA	NA	NA	unphased	0.763566948459231	0.763566948459231	1
5	11159802	11159803	121	45	2	1	1	1	NA	NA	NA	unphased	0.951173113506658	0.951173113506658	1
5	23522915	23522916	84	26	2	1	1	1	NA	NA	NA	unphased	0.829346092503987	0.829346092503987	1
5	72469210	72469211	165	59	2	1	1	1	NA	NA	NA	unphased	0.924185463659148	0.924185463659148	1
5	82817666	82817667	180	61	2	1	1	1	NA	NA	NA	unphased	0.888112397175511	0.888112397175511	1
5	82836898	82836899	117	26	2	1	1	1	NA	NA	NA	unphased	0.637958532695375	0.637958532695375	1
5	83433158	83433159	104	26	2	1	1	1	NA	NA	NA	unphased	0.701754385964912	0.701754385964912	1
5	89815176	89815177	92	33	2	1	1	1	NA	NA	NA	unphased	0.926315789473684	0.926315789473684	1
5	95234344	95234345	136	32	2	1	1	1	NA	NA	NA	unphased	0.668337510442774	0.668337510442774	1
5	98204324	98204325	81	25	3	2	1	1	NA	NA	NA	unphased	1.0633896060907	1.0633896060907	1
5	110843117	110843118	41	24	1	1	0	1	NA	NA	NA	unphased	0.926315789473685	0.926315789473685	1
5	128301819	128301820	27	15	1	1	0	1	NA	NA	NA	unphased	0.895989974937344	0.895989974937344	1
5	140517004	140517005	140	38	2	1	1	1	NA	NA	NA	unphased	0.749063670411985	0.749063670411985	1
5	140595674	140595675	130	41	2	1	1	1	NA	NA	NA	unphased	0.841284497794193	0.841284497794193	1
5	140741246	140741247	59	22	2	1	1	1	NA	NA	NA	unphased	0.95299978340914	0.95299978340914	1
5	140763117	140763118	30	7	2	1	1	1	NA	NA	NA	unphased	0.663821716453295	0.663821716453295	1
5	140772413	140772414	26	6	2	1	1	1	NA	NA	NA	unphased	0.657894736842105	0.657894736842105	1
5	140784428	140784429	58	29	2	1	1	1	NA	NA	NA	unphased	1.16959064327485	1.16959064327485	1
5	156456732	156456733	42	12	2	1	1	1	NA	NA	NA	unphased	0.779727095516569	0.779727095516569	1
5	161300290	161300291	65	29	2	1	1	1	NA	NA	NA	unphased	1.08249346771183	1.08249346771183	1
5	172659774	172659775	13	3	2	1	1	1	NA	NA	NA	unphased	0.657894736842105	0.657894736842105	1
5	178140242	178140243	130	47	2	1	1	1	NA	NA	NA	unphased	0.931707800574884	0.931707800574884	1
5	180486719	180486720	31	38	2.47	3	1	0.49	1	0	0.51	unphased	2.1912077294686	1.10667057043869	1.98
6	2896337	2896338	142	33	2	1	1	1	NA	NA	NA	unphased	0.661654135338346	0.661654135338346	1
6	5002459	5002460	48	31	2	1	1	1	NA	NA	NA	unphased	1.37685987119698	1.37685987119698	1
6	10697640	10697641	174	41	2	1	1	1	NA	NA	NA	unphased	0.669114647082823	0.669114647082823	1
6	25924082	25924083	101	8	2	1	1	1	NA	NA	NA	unphased	0.257524545308225	0.257524545308225	1
6	31540516	31540517	104	25	2	1	1	1	NA	NA	NA	unphased	0.67999456004352	0.67999456004352	1
6	52053912	52053913	42	19	2	1	1	1	NA	NA	NA	unphased	1.09289617486339	1.09289617486339	1
6	100403880	100403881	96	28	2	1	1	1	NA	NA	NA	unphased	0.792303338992643	0.792303338992643	1
6	125284171	125284172	12	4	2	1	1	1	NA	NA	NA	unphased	0.87719298245614	0.87719298245614	1
6	135239869	135239870	112	44	2	1	1	1	NA	NA	NA	unphased	0.989653621232569	0.989653621232569	1
6	136596997	136596998	295	19	2	1	1	1	NA	NA	NA	unphased	0.212314225053079	0.212314225053079	1
7	2638183	2638184	95	38	2	1	1	1	NA	NA	NA	unphased	1.00250626566416	1.00250626566416	1
7	5340113	5340114	140	57	2	1	1	1	NA	NA	NA	unphased	1.01522842639594	1.01522842639594	1
7	20403295	20403296	18	11	2	1	1	1	NA	NA	NA	unphased	1.33091349062311	1.33091349062311	1
7	20782622	20782623	64	17	2	1	1	1	NA	NA	NA	unphased	0.736408923543426	0.736408923543426	1
7	27149787	27149788	84	33	2	1	1	1	NA	NA	NA	unphased	0.989653621232569	0.989653621232569	1
7	30491318	30491319	81	25	2	1	1	1	NA	NA	NA	unphased	0.827540549486925	0.827540549486925	1
7	95614125	95614126	79	34	2	1	1	1	NA	NA	NA	unphased	1.05573668684987	1.05573668684987	1
7	99700560	99700561	55	22	2	1	1	1	NA	NA	NA	unphased	1.00250626566416	1.00250626566416	1
7	100253145	100253146	73	25	2	1	1	1	NA	NA	NA	unphased	0.895094880057286	0.895094880057286	1
7	100364702	100364703	83	26	2	1	1	1	NA	NA	NA	unphased	0.83695477225173	0.83695477225173	1
7	114303529	114303530	73	18	2	1	1	1	NA	NA	NA	unphased	0.694042799305957	0.694042799305957	1
7	127255597	127255598	64	17	2	1	1	1	NA	NA	NA	unphased	0.736408923543426	0.736408923543426	1
7	129096289	129096290	76	25	2	1	1	1	NA	NA	NA	unphased	0.868507903421921	0.868507903421921	1
7	139030420	139030421	34	12	2	1	1	1	NA	NA	NA	unphased	0.91533180778032	0.91533180778032	1
7	141349061	141349062	60	16	2	1	1	1	NA	NA	NA	unphased	0.738688827331487	0.738688827331487	1
7	142499004	142499005	121	12	2	1	1	1	NA	NA	NA	unphased	0.316580925999209	0.316580925999209	1
7	146829571	146829572	97	26	2	1	1	1	NA	NA	NA	unphased	0.74169162744259	0.74169162744259	1
7	149523301	149523302	49	12	2	1	1	1	NA	NA	NA	unphased	0.690250215703192	0.690250215703192	1
7	157926402	157926403	87	25	2	1	1	1	NA	NA	NA	unphased	0.783208020050125	0.783208020050125	1
8	55060068	55060069	98	23	2	1	1	1	NA	NA	NA	unphased	0.666956647817892	0.666956647817892	1
8	113314022	113314023	52	17	2	1	1	1	NA	NA	NA	unphased	0.864480040681414	0.864480040681414	1
9	15192620	15192621	142	28	3	2	1	1	NA	NA	NA	unphased	0.742621259029928	0.742621259029928	1
9	18928028	18928029	50	24	1	1	0	1	NA	NA	NA	unphased	0.813655761024182	0.813655761024182	1
9	79325837	79325838	36	11	2	1	1	1	NA	NA	NA	unphased	0.82120194102277	0.82120194102277	1
9	82333780	82333781	180	9	2	1	1	1	NA	NA	NA	unphased	0.167084377610693	0.167084377610693	1
9	101540537	101540538	62	14	2	1	1	1	NA	NA	NA	unphased	0.646352723915051	0.646352723915051	1
9	107566947	107566948	238	59	2	1	1	1	NA	NA	NA	unphased	0.697028767204206	0.697028767204206	1
9	114695259	114695260	60	25	2	1	1	1	NA	NA	NA	unphased	1.03199174406605	1.03199174406605	1
9	119903667	119903668	49	20	2	1	1	1	NA	NA	NA	unphased	1.01703534197813	1.01703534197813	1
9	127738466	127738467	65	25	2	1	1	1	NA	NA	NA	unphased	0.974658869395712	0.974658869395712	1
9	130579603	130579604	9	3	2	1	1	1	NA	NA	NA	unphased	0.87719298245614	0.87719298245614	1
X	1428321	1428322	78	23	NA	NA	NA	NA	NA	NA	NA	unphased	NA	NA	1
X	18646678	18646679	102	7	NA	NA	NA	NA	NA	NA	NA	unphased	NA	NA	1
X	34150281	34150282	54	34	NA	NA	NA	NA	NA	NA	NA	unphased	NA	NA	1
X	37850306	37850307	42	23	NA	NA	NA	NA	NA	NA	NA	unphased	NA	NA	1
X	37850307	37850308	43	23	NA	NA	NA	NA	NA	NA	NA	unphased	NA	NA	1
X	50127766	50127767	82	42	NA	NA	NA	NA	NA	NA	NA	unphased	NA	NA	1
X	53440275	53440276	100	26	NA	NA	NA	NA	NA	NA	NA	unphased	NA	NA	1
X	83129602	83129603	47	31	NA	NA	NA	NA	NA	NA	NA	unphased	NA	NA	1
X	101817564	101817565	14	6	NA	NA	NA	NA	NA	NA	NA	unphased	NA	NA	1
X	107834355	107834356	60	26	NA	NA	NA	NA	NA	NA	NA	unphased	NA	NA	1
X	123556351	123556352	55	43	NA	NA	NA	NA	NA	NA	NA	unphased	NA	NA	1
X	127185245	127185246	82	52	NA	NA	NA	NA	NA	NA	NA	unphased	NA	NA	1
X	138870480	138870481	51	36	NA	NA	NA	NA	NA	NA	NA	unphased	NA	NA	1
