chr	start	end	WT.count	mut.count	subclonal.CN	nMaj1	nMin1	frac1	nMaj2	nMin2	frac2	phase	mutation.copy.number	subclonal.fraction	no.chrs.bearing.mut
1	16065763	16065764	90	11	3	2	1	1	NA	NA	NA	unphased	0.667428281289667	0.667428281289667	1
1	22924193	22924194	59	10	3	2	1	1	NA	NA	NA	unphased	0.888145670754366	0.888145670754366	1
1	27949587	27949588	34	5	3	2	1	1	NA	NA	NA	unphased	0.785667324128862	0.785667324128862	1
1	48771542	48771543	86	15	3	2	1	1	NA	NA	NA	unphased	0.91012947448591	0.91012947448591	1
1	84791348	84791349	75	21	3	2	1	1	NA	NA	NA	unphased	1.34054487179487	1.34054487179487	1
1	84864215	84864216	47	23	3	2	1	1	NA	NA	NA	unphased	2.01355311355311	1.00677655677656	2
1	84864216	84864217	48	24	3	2	1	1	NA	NA	NA	unphased	2.04273504273504	1.02136752136752	2
1	94054831	94054832	25	9	3	2	1	1	NA	NA	NA	unphased	1.62217194570136	1.62217194570136	1
1	104122019	104122020	245	97	3	2	1	1	NA	NA	NA	unphased	1.73811665916929	0.869058329584645	2
1	151237693	151237694	38	4	5	3	2	1	NA	NA	NA	unphased	0.774114774114774	0.774114774114774	1
1	155160866	155160867	31	8	5	3	2	1	NA	NA	NA	unphased	1.66732412886259	1.66732412886259	1
1	157737170	157737171	118	62	5	3	2	1	NA	NA	NA	unphased	2.7997150997151	0.9332383665717	3
1	158607970	158607971	51	9	5	3	2	1	NA	NA	NA	unphased	1.21923076923077	1.21923076923077	1
1	158670395	158670396	84	26	5	3	2	1	NA	NA	NA	unphased	1.92121212121212	0.960606060606061	2
1	160535531	160535532	22	6	5	3	2	1	NA	NA	NA	unphased	1.74175824175824	1.74175824175824	1
1	161654761	161654762	53	3	5	3	2	1	NA	NA	NA	unphased	0.43543956043956	0.43543956043956	1
1	162725555	162725556	70	7	5	3	2	1	NA	NA	NA	unphased	0.738927738927739	0.738927738927739	1
1	169701016	169701017	53	24	5	3	2	1	NA	NA	NA	unphased	2.53346653346653	0.844488844488844	3
1	169953738	169953739	49	27	5	3	2	1	NA	NA	NA	unphased	2.88765182186235	0.962550607287449	3
1	181764117	181764118	62	15	5	3	2	1	NA	NA	NA	unphased	1.58341658341658	0.791708291708292	2
1	200843049	200843050	53	33	5	3	2	1	NA	NA	NA	unphased	3.11896243291592	1.03965414430531	3
1	208062054	208062055	345	193	5	3	2	1	NA	NA	NA	unphased	2.91588027833381	0.971960092777937	3
1	247875712	247875713	59	19	NA	NA	NA	NA	NA	NA	NA	unphased	NA	NA	1
1	248112574	248112575	207	29	NA	NA	NA	NA	NA	NA	NA	unphased	NA	NA	1
1	248569986	248569987	104	11	NA	NA	NA	NA	NA	NA	NA	unphased	NA	NA	1
1	248685892	248685893	30	8	NA	NA	NA	NA	NA	NA	NA	unphased	NA	NA	1
10	16989251	16989252	49	9	3	2	1	1	NA	NA	NA	unphased	0.950928381962865	0.950928381962865	1
10	25887578	25887579	60	18	3	2	1	1	NA	NA	NA	unphased	1.41420118343195	1.41420118343195	1
10	103190179	103190180	52	20	3	2	1	1	NA	NA	NA	unphased	1.7022792022792	0.851139601139601	2
10	123846371	123846372	28	5	3	2	1	1	NA	NA	NA	unphased	0.928515928515928	0.928515928515928	1
10	123846728	123846729	48	8	3	2	1	1	NA	NA	NA	unphased	0.875457875457875	0.875457875457875	1
10	123846925	123846926	48	10	3	2	1	1	NA	NA	NA	unphased	1.05658709106985	1.05658709106985	1
11	18101896	18101897	12	3	3	2	1	1	NA	NA	NA	unphased	1.22564102564103	1.22564102564103	1
11	36597634	36597635	41	15	3	2	1	1	NA	NA	NA	unphased	1.64148351648352	0.820741758241758	2
11	64066886	64066887	16	5	3	2	1	1	NA	NA	NA	unphased	1.45909645909646	1.45909645909646	1
11	66109629	66109630	50	29	3	2	1	1	NA	NA	NA	unphased	2.24959428756897	1.12479714378449	2
11	67203267	67203268	27	6	3	2	1	1	NA	NA	NA	unphased	1.11421911421911	1.11421911421911	1
11	74054018	74054019	93	43	3	2	1	1	NA	NA	NA	unphased	1.93759426847662	0.96879713423831	2
11	75439182	75439183	15	4	3	2	1	1	NA	NA	NA	unphased	1.29014844804318	1.29014844804318	1
11	92087427	92087428	142	23	3	2	1	1	NA	NA	NA	unphased	0.854234654234654	0.854234654234654	1
11	108124618	108124619	61	11	3	2	1	1	NA	NA	NA	unphased	0.936253561253561	0.936253561253561	1
11	128680740	128680741	50	11	3	2	1	1	NA	NA	NA	unphased	1.10508617065994	1.10508617065994	1
12	247660	247661	4	6	NA	NA	NA	NA	NA	NA	NA	unphased	NA	NA	1
12	25398283	25398284	5	3	2	2	0	1	NA	NA	NA	unphased	1.92307692307692	1.92307692307692	1
12	50284471	50284472	54	27	2	2	0	1	NA	NA	NA	unphased	1.70940170940171	0.854700854700855	2
12	107155224	107155225	23	20	2	2	0	1	NA	NA	NA	unphased	2.38521168753727	1.19260584376863	2
13	33017676	33017677	13	6	4	2	2	1	NA	NA	NA	unphased	2.25101214574899	1.12550607287449	2
13	37569563	37569564	45	22	4	2	2	1	NA	NA	NA	unphased	2.34060466896288	1.17030233448144	2
13	94938669	94938670	34	14	4	2	2	1	NA	NA	NA	unphased	2.07905982905983	1.03952991452991	2
13	110437639	110437640	16	3	4	2	2	1	NA	NA	NA	unphased	1.12550607287449	1.12550607287449	1
14	21957491	21957492	133	80	3	2	1	1	NA	NA	NA	unphased	2.30167328758878	1.15083664379439	2
14	22409380	22409381	27	6	3	2	1	1	NA	NA	NA	unphased	1.11421911421911	1.11421911421911	1
14	22471888	22471889	15	9	3	2	1	1	NA	NA	NA	unphased	2.29807692307692	1.14903846153846	2
14	95058602	95058603	169	47	3	2	1	1	NA	NA	NA	unphased	1.33345204178537	0.666726020892687	2
15	22472936	22472937	439	32	NA	NA	NA	NA	NA	NA	NA	unphased	NA	NA	1
15	23811369	23811370	45	7	2	1	1	1	NA	NA	NA	unphased	0.690335305719921	0.690335305719921	1
15	25444426	25444427	28	3	4	3	1	1	NA	NA	NA	unphased	0.689826302729528	0.689826302729528	1
15	25444637	25444638	434	69	4	3	1	1	NA	NA	NA	unphased	0.977825355558954	0.977825355558954	1
15	25444660	25444661	438	59	4	3	1	1	NA	NA	NA	unphased	0.846205437754734	0.846205437754734	1
15	25446343	25446344	92	7	4	3	1	1	NA	NA	NA	unphased	0.504014504014504	0.504014504014504	1
15	25446474	25446475	367	39	4	3	1	1	NA	NA	NA	unphased	0.684729064039409	0.684729064039409	1
15	25446512	25446513	382	42	4	3	1	1	NA	NA	NA	unphased	0.706095791001451	0.706095791001451	1
15	25446535	25446536	298	32	4	3	1	1	NA	NA	NA	unphased	0.691219891219891	0.691219891219891	1
16	20448631	20448632	69	16	3	2	1	1	NA	NA	NA	unphased	1.15354449472096	1.15354449472096	1
16	51172739	51172740	30	20	3	2	1	1	NA	NA	NA	unphased	2.45128205128205	1.22564102564103	2
16	62055428	62055429	14	4	3	2	1	1	NA	NA	NA	unphased	1.36182336182336	1.36182336182336	1
16	89261325	89261326	7	10	3	2	1	1	NA	NA	NA	unphased	3.60482654600302	1.80241327300151	2
17	10409223	10409224	41	9	3	2	1	1	NA	NA	NA	unphased	1.10307692307692	1.10307692307692	1
17	29253927	29253928	39	9	3	2	1	1	NA	NA	NA	unphased	1.14903846153846	1.14903846153846	1
17	45673789	45673790	10	3	3	2	1	1	NA	NA	NA	unphased	1.41420118343195	1.41420118343195	1
17	48156481	48156482	38	21	3	2	1	1	NA	NA	NA	unphased	2.18122555410691	1.09061277705345	2
17	48195542	48195543	98	22	3	2	1	1	NA	NA	NA	unphased	1.12350427350427	1.12350427350427	1
17	48252754	48252755	27	3	3	2	1	1	NA	NA	NA	unphased	0.612820512820513	0.612820512820513	1
17	56565343	56565344	31	8	3	2	1	1	NA	NA	NA	unphased	1.25706771860618	1.25706771860618	1
17	72310374	72310375	75	40	3	2	1	1	NA	NA	NA	unphased	2.13154960981048	1.06577480490524	2
17	76498901	76498902	47	23	3	2	1	1	NA	NA	NA	unphased	2.01355311355311	1.00677655677656	2
17	76810547	76810548	34	7	3	2	1	1	NA	NA	NA	unphased	1.0462789243277	1.0462789243277	1
18	13826742	13826743	54	12	4	2	2	1	NA	NA	NA	unphased	1.2960372960373	1.2960372960373	1
18	43914239	43914240	21	9	4	2	2	1	NA	NA	NA	unphased	2.13846153846154	1.06923076923077	2
18	54349937	54349938	97	50	4	2	2	1	NA	NA	NA	unphased	2.42455956741671	1.21227978370836	2
18	66367657	66367658	120	15	4	2	2	1	NA	NA	NA	unphased	0.792022792022792	0.792022792022792	1
18	67727172	67727173	42	18	4	2	2	1	NA	NA	NA	unphased	2.13846153846154	1.06923076923077	2
19	1612272	1612273	35	10	2	2	0	1	NA	NA	NA	unphased	1.13960113960114	1.13960113960114	1
19	6707214	6707215	36	9	2	2	0	1	NA	NA	NA	unphased	1.02564102564103	1.02564102564103	1
19	9084907	9084908	17	11	2	2	0	1	NA	NA	NA	unphased	2.01465201465201	1.00732600732601	2
19	9087446	9087447	64	38	2	2	0	1	NA	NA	NA	unphased	1.91050779286073	0.955253896430367	2
19	10610588	10610589	66	33	2	2	0	1	NA	NA	NA	unphased	1.70940170940171	0.854700854700855	2
19	12874064	12874065	39	21	4	2	2	1	NA	NA	NA	unphased	2.49487179487179	1.2474358974359	2
19	15651521	15651522	59	9	4	2	2	1	NA	NA	NA	unphased	0.943438914027149	0.943438914027149	1
19	17660429	17660430	20	8	4	2	2	1	NA	NA	NA	unphased	2.03663003663004	1.01831501831502	2
19	31768676	31768677	46	19	4	2	2	1	NA	NA	NA	unphased	2.0836291913215	1.04181459566075	2
19	36212422	36212423	63	25	4	2	2	1	NA	NA	NA	unphased	2.02505827505828	1.01252913752914	2
19	43420398	43420399	364	120	4	2	2	1	NA	NA	NA	unphased	1.7673235855054	0.883661792752702	2
19	46823699	46823700	84	23	4	2	2	1	NA	NA	NA	unphased	1.53223100886652	0.766115504433261	2
19	51453125	51453126	42	13	4	2	2	1	NA	NA	NA	unphased	1.68484848484849	0.842424242424243	2
19	51831940	51831941	11	5	4	2	2	1	NA	NA	NA	unphased	2.2275641025641	2.2275641025641	1
19	51986377	51986378	162	64	4	2	2	1	NA	NA	NA	unphased	2.01860676196959	1.0093033809848	2
19	53959950	53959951	151	54	4	2	2	1	NA	NA	NA	unphased	1.87767354596623	0.938836772983115	2
19	56544052	56544053	83	34	4	2	2	1	NA	NA	NA	unphased	2.07144422529038	1.03572211264519	2
19	58102239	58102240	90	16	4	2	2	1	NA	NA	NA	unphased	1.07595549104983	1.07595549104983	1
2	28828781	28828782	181	38	3	2	1	1	NA	NA	NA	unphased	1.06334152909495	1.06334152909495	1
2	45169548	45169549	20	7	3	2	1	1	NA	NA	NA	unphased	1.58879392212726	1.58879392212726	1
2	48808756	48808757	110	30	3	2	1	1	NA	NA	NA	unphased	1.31318681318681	1.31318681318681	1
2	49210286	49210287	26	9	3	2	1	1	NA	NA	NA	unphased	1.57582417582418	1.57582417582418	1
2	58313496	58313497	126	17	3	2	1	1	NA	NA	NA	unphased	0.728527882374036	0.728527882374036	1
2	79363954	79363955	35	8	3	2	1	1	NA	NA	NA	unphased	1.14013118664281	1.14013118664281	1
2	79385542	79385543	47	29	3	2	1	1	NA	NA	NA	unphased	2.33839406207827	1.16919703103914	2
2	116503717	116503718	33	16	3	2	1	1	NA	NA	NA	unphased	2.00104657247514	1.00052328623757	2
2	149520327	149520328	21	10	3	2	1	1	NA	NA	NA	unphased	1.97684036393714	0.988420181968569	2
2	163128775	163128776	16	3	3	2	1	1	NA	NA	NA	unphased	0.967611336032388	0.967611336032388	1
2	168106657	168106658	107	12	3	2	1	1	NA	NA	NA	unphased	0.617970265029089	0.617970265029089	1
2	179544364	179544365	23	4	3	2	1	1	NA	NA	NA	unphased	0.907882241215574	0.907882241215574	1
2	183608323	183608324	43	21	3	2	1	1	NA	NA	NA	unphased	2.01081730769231	1.00540865384615	2
2	185803676	185803677	151	83	3	2	1	1	NA	NA	NA	unphased	2.17367959675652	1.08683979837826	2
2	242757606	242757607	6	3	NA	NA	NA	NA	NA	NA	NA	unphased	NA	NA	1
20	3027120	3027121	12	11	6	4	2	1	NA	NA	NA	unphased	4.36566332218506	1.09141583054627	4
20	8707990	8707991	50	29	6	4	2	1	NA	NA	NA	unphased	3.35086011035378	1.11695337011793	3
20	42213495	42213496	180	21	2	1	1	1	NA	NA	NA	unphased	0.535782625334864	0.535782625334864	1
20	46281736	46281737	135	24	5	4	1	1	NA	NA	NA	unphased	1.22689888727625	1.22689888727625	1
20	60738604	60738605	34	34	5	4	1	1	NA	NA	NA	unphased	4.06410256410256	1.01602564102564	4
21	38390562	38390563	18	6	4	2	2	1	NA	NA	NA	unphased	1.78205128205128	1.78205128205128	1
22	16449007	16449008	68	20	NA	NA	NA	NA	NA	NA	NA	unphased	NA	NA	1
22	21363079	21363080	42	5	4	2	2	1	NA	NA	NA	unphased	0.758319694489907	0.758319694489907	1
22	31284262	31284263	70	10	2	2	0	1	NA	NA	NA	unphased	0.641025641025641	0.641025641025641	1
22	46654229	46654230	29	19	2	2	0	1	NA	NA	NA	unphased	2.02991452991453	1.01495726495726	2
3	423929	423930	44	11	NA	NA	NA	NA	NA	NA	NA	unphased	NA	NA	1
3	10302144	10302145	32	8	2	1	1	1	NA	NA	NA	unphased	1.02564102564103	1.02564102564103	1
3	16268979	16268980	65	6	2	1	1	1	NA	NA	NA	unphased	0.433369447453954	0.433369447453954	1
3	27760112	27760113	70	16	2	1	1	1	NA	NA	NA	unphased	0.954084675014908	0.954084675014908	1
3	33135072	33135073	69	6	2	1	1	1	NA	NA	NA	unphased	0.41025641025641	0.41025641025641	1
3	36779989	36779990	86	15	2	1	1	1	NA	NA	NA	unphased	0.761614623000762	0.761614623000762	1
3	44683587	44683588	45	3	2	1	1	1	NA	NA	NA	unphased	0.32051282051282	0.32051282051282	1
3	45537831	45537832	157	31	2	1	1	1	NA	NA	NA	unphased	0.845608292416803	0.845608292416803	1
3	51352505	51352506	40	6	2	1	1	1	NA	NA	NA	unphased	0.668896321070234	0.668896321070234	1
3	52537878	52537879	44	8	2	1	1	1	NA	NA	NA	unphased	0.788954635108481	0.788954635108481	1
3	73434881	73434882	47	16	2	1	1	1	NA	NA	NA	unphased	1.3024013024013	1.3024013024013	1
3	97711772	97711773	143	21	2	1	1	1	NA	NA	NA	unphased	0.656660412757974	0.656660412757974	1
3	126153080	126153081	41	13	2	1	1	1	NA	NA	NA	unphased	1.23456790123457	1.23456790123457	1
3	170587947	170587948	43	7	2	1	1	1	NA	NA	NA	unphased	0.717948717948718	0.717948717948718	1
4	30723214	30723215	61	4	1.16	2	1	0.08	0	1	0.92	unphased	0.263889546351085	0.263889546351085	1
4	30723222	30723223	61	4	1.16	2	1	0.08	0	1	0.92	unphased	0.263889546351085	0.263889546351085	1
4	36093630	36093631	113	41	1.16	2	1	0.08	0	1	0.92	unphased	1.141665001665	1.141665001665	1
4	39310473	39310474	195	55	1.16	2	1	0.08	0	1	0.92	unphased	0.943405128205128	0.943405128205128	1
4	70505030	70505031	77	11	1.16	2	1	0.08	0	1	0.92	unphased	0.536025641025641	0.536025641025641	1
4	104579484	104579485	57	16	1.16	2	1	0.08	0	1	0.92	unphased	0.93988057604496	0.93988057604496	1
4	119951953	119951954	43	28	1.16	2	1	0.08	0	1	0.92	unphased	1.69112314915132	1.5658547677327	1.08
4	120192458	120192459	24	9	1.16	2	1	0.08	0	1	0.92	unphased	1.16951048951049	1.16951048951049	1
4	120981345	120981346	59	7	1.16	2	1	0.08	0	1	0.92	unphased	0.454809634809635	0.454809634809635	1
5	7414880	7414881	35	10	4	2	2	1	NA	NA	NA	unphased	1.58404558404558	1.58404558404558	1
5	23527618	23527619	171	59	4	2	2	1	NA	NA	NA	unphased	1.82853957636566	0.914269788182832	2
5	24537618	24537619	108	40	4	2	2	1	NA	NA	NA	unphased	1.92654192654193	0.963270963270963	2
5	53814690	53814691	57	18	4	2	2	1	NA	NA	NA	unphased	1.71076923076923	0.855384615384615	2
5	79030895	79030896	44	19	4	2	2	1	NA	NA	NA	unphased	2.14977614977615	1.07488807488807	2
5	121188253	121188254	199	31	4	2	2	1	NA	NA	NA	unphased	0.960758082497213	0.960758082497213	1
5	121786496	121786497	55	23	4	2	2	1	NA	NA	NA	unphased	2.10190664036818	1.05095332018409	2
5	137727660	137727661	400	132	4	2	2	1	NA	NA	NA	unphased	1.76865240023135	0.884326200115674	2
5	140482365	140482366	218	70	4	2	2	1	NA	NA	NA	unphased	1.73254985754986	0.866274928774929	2
5	140537836	140537837	51	21	4	2	2	1	NA	NA	NA	unphased	2.07905982905983	1.03952991452991	2
5	167674738	167674739	85	15	4	2	2	1	NA	NA	NA	unphased	1.06923076923077	1.06923076923077	1
6	26428329	26428330	14	6	2	1	1	1	NA	NA	NA	unphased	1.53846153846154	1.53846153846154	1
6	30550877	30550878	82	10	2	1	1	1	NA	NA	NA	unphased	0.557413600891862	0.557413600891862	1
6	38854575	38854576	51	9	2	1	1	1	NA	NA	NA	unphased	0.769230769230769	0.769230769230769	1
6	51613097	51613098	182	34	2	1	1	1	NA	NA	NA	unphased	0.807217473884141	0.807217473884141	1
6	56481835	56481836	25	7	2	1	1	1	NA	NA	NA	unphased	1.12179487179487	1.12179487179487	1
6	70608846	70608847	28	5	2	1	1	1	NA	NA	NA	unphased	0.777000777000777	0.777000777000777	1
6	70646763	70646764	59	16	2	1	1	1	NA	NA	NA	unphased	1.09401709401709	1.09401709401709	1
6	87725812	87725813	192	50	2	1	1	1	NA	NA	NA	unphased	1.05954651409197	1.05954651409197	1
6	132874289	132874290	204	47	2	1	1	1	NA	NA	NA	unphased	0.960261518030442	0.960261518030442	1
6	158353250	158353251	21	13	2	1	1	1	NA	NA	NA	unphased	1.96078431372549	1.96078431372549	1
7	551997	551998	41	5	NA	NA	NA	NA	NA	NA	NA	unphased	NA	NA	1
7	7572379	7572380	37	21	3	2	1	1	NA	NA	NA	unphased	2.21883289124668	1.10941644562334	2
7	31378084	31378085	48	7	3	2	1	1	NA	NA	NA	unphased	0.77995337995338	0.77995337995338	1
7	38424316	38424317	13	7	3	2	1	1	NA	NA	NA	unphased	2.14487179487179	1.0724358974359	2
7	103417062	103417063	44	18	3	2	1	1	NA	NA	NA	unphased	1.77915632754342	0.889578163771712	2
7	146818171	146818172	50	10	3	2	1	1	NA	NA	NA	unphased	1.02136752136752	1.02136752136752	1
7	149520529	149520530	82	22	3	2	1	1	NA	NA	NA	unphased	1.29635108481262	1.29635108481262	1
7	156469226	156469227	20	7	3	2	1	1	NA	NA	NA	unphased	1.58879392212726	1.58879392212726	1
7	156469340	156469341	22	5	3	2	1	1	NA	NA	NA	unphased	1.13485280151947	1.13485280151947	1
8	10383151	10383152	44	14	3	2	1	1	NA	NA	NA	unphased	1.47922192749779	1.47922192749779	1
8	40011032	40011033	35	7	3	2	1	1	NA	NA	NA	unphased	1.02136752136752	1.02136752136752	1
8	48840356	48840357	17	8	3	2	1	1	NA	NA	NA	unphased	1.96102564102564	0.98051282051282	2
8	77616868	77616869	20	10	3	2	1	1	NA	NA	NA	unphased	2.04273504273504	1.02136752136752	2
8	87423798	87423799	50	8	3	2	1	1	NA	NA	NA	unphased	0.84526967285588	0.84526967285588	1
8	117950552	117950553	46	3	3	2	1	1	NA	NA	NA	unphased	0.375196232339089	0.375196232339089	1
8	128750944	128750945	40	16	3	2	1	1	NA	NA	NA	unphased	1.75091575091575	0.875457875457875	2
8	134269067	134269068	29	17	3	2	1	1	NA	NA	NA	unphased	2.26477146042363	1.13238573021182	2
8	142221547	142221548	69	15	3	2	1	1	NA	NA	NA	unphased	1.09432234432234	1.09432234432234	1
9	79253198	79253199	22	9	4	2	2	1	NA	NA	NA	unphased	2.06947890818859	1.03473945409429	2
9	84530752	84530753	191	30	4	2	2	1	NA	NA	NA	unphased	0.967629655412461	0.967629655412461	1
9	87635228	87635229	153	47	4	2	2	1	NA	NA	NA	unphased	1.67512820512821	0.837564102564103	2
9	123253736	123253737	24	6	4	2	2	1	NA	NA	NA	unphased	1.42564102564103	1.42564102564103	1
9	123716129	123716130	75	11	4	2	2	1	NA	NA	NA	unphased	0.911747167561121	0.911747167561121	1
9	136339162	136339163	37	10	4	2	2	1	NA	NA	NA	unphased	1.51663938897981	1.51663938897981	1
X	9905466	9905467	19	6	NA	NA	NA	NA	NA	NA	NA	unphased	NA	NA	1
X	14748489	14748490	112	27	NA	NA	NA	NA	NA	NA	NA	unphased	NA	NA	1
X	15560197	15560198	169	39	NA	NA	NA	NA	NA	NA	NA	unphased	NA	NA	1
X	18622842	18622843	220	62	NA	NA	NA	NA	NA	NA	NA	unphased	NA	NA	1
X	23018535	23018536	93	23	NA	NA	NA	NA	NA	NA	NA	unphased	NA	NA	1
X	31227649	31227650	101	23	NA	NA	NA	NA	NA	NA	NA	unphased	NA	NA	1
X	54275770	54275771	61	12	NA	NA	NA	NA	NA	NA	NA	unphased	NA	NA	1
X	64718893	64718894	142	14	NA	NA	NA	NA	NA	NA	NA	unphased	NA	NA	1
X	71358508	71358509	12	3	NA	NA	NA	NA	NA	NA	NA	unphased	NA	NA	1
X	82763389	82763390	26	7	NA	NA	NA	NA	NA	NA	NA	unphased	NA	NA	1
X	89177680	89177681	44	11	NA	NA	NA	NA	NA	NA	NA	unphased	NA	NA	1
X	91132648	91132649	85	15	NA	NA	NA	NA	NA	NA	NA	unphased	NA	NA	1
X	100880025	100880026	61	25	NA	NA	NA	NA	NA	NA	NA	unphased	NA	NA	1
X	105277583	105277584	262	50	NA	NA	NA	NA	NA	NA	NA	unphased	NA	NA	1
X	108902653	108902654	101	19	NA	NA	NA	NA	NA	NA	NA	unphased	NA	NA	1
X	110035357	110035358	41	6	NA	NA	NA	NA	NA	NA	NA	unphased	NA	NA	1
