chr	start	end	WT.count	mut.count	subclonal.CN	nMaj1	nMin1	frac1	nMaj2	nMin2	frac2	phase	mutation.copy.number	subclonal.fraction	no.chrs.bearing.mut
1	3564043	3564044	47	11	3	2	1	1	NA	NA	NA	unphased	1.91379310344828	0.956896551724138	2
1	6166788	6166789	130	25	3	2	1	1	NA	NA	NA	unphased	1.62756598240469	0.813782991202346	2
1	6635400	6635401	78	6	3	2	1	1	NA	NA	NA	unphased	0.720779220779221	0.720779220779221	1
1	11333944	11333945	74	8	3	2	1	1	NA	NA	NA	unphased	0.984478935698448	0.984478935698448	1
1	38197184	38197185	200	52	3	2	1	1	NA	NA	NA	unphased	2.08225108225108	1.04112554112554	2
1	44433072	44433073	122	29	3	2	1	1	NA	NA	NA	unphased	1.93798916315473	0.968994581577363	2
1	51253686	51253687	29	6	3	2	1	1	NA	NA	NA	unphased	1.72987012987013	1.72987012987013	1
1	62321824	62321825	78	8	3	2	1	1	NA	NA	NA	unphased	0.938689217758985	0.938689217758985	1
1	79392650	79392651	37	4	3	2	1	1	NA	NA	NA	unphased	0.984478935698448	0.984478935698448	1
1	97548007	97548008	75	16	3	2	1	1	NA	NA	NA	unphased	1.77422577422577	0.887112887112887	2
1	109336258	109336259	71	5	3	2	1	1	NA	NA	NA	unphased	0.663875598086125	0.663875598086125	1
1	110459960	110459961	182	15	3	2	1	1	NA	NA	NA	unphased	0.768343331795109	0.768343331795109	1
1	112329685	112329686	39	4	3	2	1	1	NA	NA	NA	unphased	0.938689217758985	0.938689217758985	1
1	119958101	119958102	62	7	3	2	1	1	NA	NA	NA	unphased	1.02371541501976	1.02371541501976	1
1	144880847	144880848	183	21	3	2	1	1	NA	NA	NA	unphased	1.03877005347594	1.03877005347594	1
1	147380360	147380361	181	10	3	2	1	1	NA	NA	NA	unphased	0.528319847691575	0.528319847691575	1
1	147380361	147380362	180	11	3	2	1	1	NA	NA	NA	unphased	0.581151832460733	0.581151832460733	1
1	153346258	153346259	14	5	3	2	1	1	NA	NA	NA	unphased	2.6555023923445	1.32775119617225	2
1	160466143	160466144	128	16	3	2	1	1	NA	NA	NA	unphased	1.12121212121212	1.12121212121212	1
1	177199140	177199141	83	8	3	2	1	1	NA	NA	NA	unphased	0.887112887112887	0.887112887112887	1
1	177250239	177250240	30	5	3	2	1	1	NA	NA	NA	unphased	1.44155844155844	1.44155844155844	1
1	183253880	183253881	121	6	3	2	1	1	NA	NA	NA	unphased	0.476735862562634	0.476735862562634	1
1	186057073	186057074	36	4	3	2	1	1	NA	NA	NA	unphased	1.00909090909091	1.00909090909091	1
1	192778214	192778215	75	23	3	2	1	1	NA	NA	NA	unphased	2.3682745825603	1.18413729128015	2
1	207286397	207286398	25	4	3	2	1	1	NA	NA	NA	unphased	1.39184952978056	1.39184952978056	1
1	222803500	222803501	28	3	3	2	1	1	NA	NA	NA	unphased	0.976539589442815	0.976539589442815	1
1	229424556	229424557	25	7	3	2	1	1	NA	NA	NA	unphased	2.20738636363636	1.10369318181818	2
1	240371567	240371568	142	38	3	2	1	1	NA	NA	NA	unphased	2.13030303030303	1.06515151515152	2
1	247051750	247051751	50	4	3	2	1	1	NA	NA	NA	unphased	0.747474747474748	0.747474747474748	1
10	13325814	13325815	384	30	3.19	3	1	0.73	1	0	0.27	unphased	0.744993412384717	0.744993412384717	1
10	26305811	26305812	89	12	3.19	3	1	0.73	1	0	0.27	unphased	1.22149414941494	1.22149414941494	1
10	37447478	37447479	47	4	3.19	3	1	0.73	1	0	0.27	unphased	0.806345811051693	0.806345811051693	1
10	83635627	83635628	166	10	3.19	3	1	0.73	1	0	0.27	unphased	0.584142561983471	0.800195290388316	0.73
10	84744956	84744957	154	11	3.19	3	1	0.73	1	0	0.27	unphased	0.685393939393939	0.685393939393939	1
10	88769676	88769677	134	47	3.19	3	1	0.73	1	0	0.27	unphased	2.66962832747363	0.977885834239425	2.73
10	112266863	112266864	258	16	3.19	3	1	0.73	1	0	0.27	unphased	0.600345056403451	0.822390488223905	0.73
10	119305230	119305231	63	9	3.19	3	1	0.73	1	0	0.27	unphased	1.28511363636364	1.28511363636364	1
10	127782625	127782626	87	29	3.19	3	1	0.73	1	0	0.27	unphased	2.57022727272727	1.04480783444198	2.46
10	135012300	135012301	63	5	3.19	3	1	0.73	1	0	0.27	unphased	0.755949197860963	0.755949197860963	1
10	135101791	135101792	103	8	3.19	3	1	0.73	1	0	0.27	unphased	0.740966420966421	0.740966420966421	1
11	4112955	4112956	59	6	2	2	0	1	NA	NA	NA	unphased	0.839160839160839	0.839160839160839	1
11	12231074	12231075	146	32	1.14	2	1	0.07	0	1	0.93	unphased	1.4797139938713	1.38291027464607	1.07
11	15212359	15212360	75	18	1.14	2	1	0.07	0	1	0.93	unphased	1.59307917888563	1.48885904568751	1.07
11	16119220	16119221	61	15	1.14	2	1	0.07	0	1	0.93	unphased	1.62452153110048	1.51824442158923	1.07
11	40137591	40137592	77	12	1.14	2	1	0.07	0	1	0.93	unphased	1.10978549540347	1.10978549540347	1
11	43940618	43940619	75	14	1.14	2	1	0.07	0	1	0.93	unphased	1.29474974463739	1.29474974463739	1
11	55032399	55032400	171	18	1.14	2	1	0.07	0	1	0.93	unphased	0.783896103896104	0.783896103896104	1
11	55579585	55579586	96	11	1.14	2	1	0.07	0	1	0.93	unphased	0.846168224299065	0.846168224299065	1
11	55861490	55861491	91	25	1.14	2	1	0.07	0	1	0.93	unphased	1.77390282131661	1.65785310403422	1.07
11	56043759	56043760	81	26	1.14	2	1	0.07	0	1	0.93	unphased	2.00003398470688	1.86919063991297	1.07
11	56086078	56086079	30	6	1.14	2	1	0.07	0	1	0.93	unphased	1.37181818181818	1.37181818181818	1
11	59245645	59245646	278	44	1.14	2	1	0.07	0	1	0.93	unphased	1.12472049689441	1.12472049689441	1
11	72069996	72069997	123	11	1.14	2	1	0.07	0	1	0.93	unphased	0.675671641791045	0.675671641791045	1
11	124440852	124440853	41	5	1.14	2	1	0.07	0	1	0.93	unphased	0.894664031620553	0.894664031620553	1
12	645395	645396	92	26	NA	NA	NA	NA	NA	NA	NA	unphased	NA	NA	1
12	14577809	14577810	17	4	4	2	2	1	NA	NA	NA	unphased	2.11255411255411	2.11255411255411	1
12	19410466	19410467	23	4	4	2	2	1	NA	NA	NA	unphased	1.64309764309764	1.64309764309764	1
12	22213837	22213838	64	12	4	2	2	1	NA	NA	NA	unphased	1.7511961722488	0.875598086124402	2
12	52884391	52884392	278	60	4	2	2	1	NA	NA	NA	unphased	1.96880043033889	0.984400215169446	2
12	54905840	54905841	63	9	4	2	2	1	NA	NA	NA	unphased	1.38636363636364	1.38636363636364	1
12	58128463	58128464	167	38	4	2	2	1	NA	NA	NA	unphased	2.05587583148559	1.02793791574279	2
12	64202719	64202720	29	5	4	2	2	1	NA	NA	NA	unphased	1.63101604278075	1.63101604278075	1
12	72023465	72023466	49	4	4	2	2	1	NA	NA	NA	unphased	0.83704974271012	0.83704974271012	1
12	93210106	93210107	120	8	4	2	2	1	NA	NA	NA	unphased	0.693181818181818	0.693181818181818	1
12	104034014	104034015	121	8	4	2	2	1	NA	NA	NA	unphased	0.687808315715292	0.687808315715292	1
12	109186417	109186418	131	11	4	2	2	1	NA	NA	NA	unphased	0.859154929577465	0.859154929577465	1
12	112481495	112481496	67	8	4	2	2	1	NA	NA	NA	unphased	1.1830303030303	1.1830303030303	1
13	45010651	45010652	116	5	4	4	0	1	NA	NA	NA	unphased	0.458302028549962	0.458302028549962	1
13	67205395	67205396	70	20	4	4	0	1	NA	NA	NA	unphased	2.46464646464646	0.821548821548821	3
13	102367999	102368000	65	34	4	4	0	1	NA	NA	NA	unphased	3.80899908172635	0.952249770431589	4
13	111930006	111930007	32	11	4	4	0	1	NA	NA	NA	unphased	2.83720930232558	0.945736434108527	3
14	20215844	20215845	63	5	NA	NA	NA	NA	NA	NA	NA	unphased	NA	NA	1
14	20216157	20216158	91	17	NA	NA	NA	NA	NA	NA	NA	unphased	NA	NA	1
14	20216158	20216159	92	17	NA	NA	NA	NA	NA	NA	NA	unphased	NA	NA	1
14	23884929	23884930	163	42	4	2	2	1	NA	NA	NA	unphased	2.27228381374723	1.13614190687361	2
14	39815190	39815191	54	5	4	2	2	1	NA	NA	NA	unphased	0.939907550077042	0.939907550077042	1
14	57675388	57675389	213	7	3.94	5	2	0.49	1	0	0.51	unphased	0.35098347107438	0.71629279811098	0.49
14	95035908	95035909	55	12	2	2	0	1	NA	NA	NA	unphased	1.62822252374491	1.62822252374491	1
15	33023229	33023230	54	13	3	3	0	1	NA	NA	NA	unphased	1.95793758480326	0.978968792401628	2
15	40590481	40590482	74	29	3	3	0	1	NA	NA	NA	unphased	2.84112974404237	0.947043248014122	3
15	43900081	43900082	58	20	3	3	0	1	NA	NA	NA	unphased	2.58741258741259	0.862470862470862	3
15	70949413	70949414	36	12	5	5	0	1	NA	NA	NA	unphased	3.02272727272727	1.00757575757576	3
15	75122660	75122661	41	34	5	5	0	1	NA	NA	NA	unphased	5.48121212121212	1.09624242424242	5
15	91433081	91433082	423	12	4	4	0	1	NA	NA	NA	unphased	0.305956112852665	0.305956112852665	1
16	319373	319374	12	3	NA	NA	NA	NA	NA	NA	NA	unphased	NA	NA	1
16	23392226	23392227	84	6	2	2	0	1	NA	NA	NA	unphased	0.606060606060606	0.606060606060606	1
17	7221644	7221645	146	51	4	4	0	1	NA	NA	NA	unphased	2.87125057683433	0.957083525611444	3
17	7578405	7578406	132	82	4	4	0	1	NA	NA	NA	unphased	4.24978759558199	1.0624468988955	4
17	11539996	11539997	42	18	4	4	0	1	NA	NA	NA	unphased	3.32727272727273	1.10909090909091	3
17	11539997	11539998	43	18	4	4	0	1	NA	NA	NA	unphased	3.27272727272727	1.09090909090909	3
17	11597196	11597197	45	3	4	4	0	1	NA	NA	NA	unphased	0.693181818181818	0.693181818181818	1
17	20922479	20922480	89	10	4	4	0	1	NA	NA	NA	unphased	1.12029384756657	1.12029384756657	1
17	27844557	27844558	68	34	4	4	0	1	NA	NA	NA	unphased	3.6969696969697	0.924242424242424	4
17	39316644	39316645	197	103	4	4	0	1	NA	NA	NA	unphased	3.80787878787879	0.951969696969697	4
17	61391882	61391883	60	8	4	4	0	1	NA	NA	NA	unphased	1.3048128342246	1.3048128342246	1
17	64213010	64213011	93	7	4	4	0	1	NA	NA	NA	unphased	0.776363636363636	0.776363636363636	1
17	80333184	80333185	19	6	4	4	0	1	NA	NA	NA	unphased	2.66181818181818	0.887272727272727	3
18	48603147	48603148	26	14	3	3	0	1	NA	NA	NA	unphased	3.53181818181818	1.17727272727273	3
18	61234101	61234102	60	12	3	3	0	1	NA	NA	NA	unphased	1.68181818181818	0.840909090909091	2
18	70461384	70461385	105	33	3	3	0	1	NA	NA	NA	unphased	2.41304347826087	0.804347826086957	3
19	746405	746406	48	10	3	2	1	1	NA	NA	NA	unphased	1.73981191222571	0.869905956112853	2
19	1789664	1789665	48	13	3	2	1	1	NA	NA	NA	unphased	2.150521609538	1.075260804769	2
19	2120930	2120931	100	37	3	2	1	1	NA	NA	NA	unphased	2.72528201725282	1.36264100862641	2
19	8367289	8367290	125	25	3	2	1	1	NA	NA	NA	unphased	1.68181818181818	0.840909090909091	2
19	9061150	9061151	66	9	3	2	1	1	NA	NA	NA	unphased	1.21090909090909	1.21090909090909	1
19	16040293	16040294	260	69	3	2	1	1	NA	NA	NA	unphased	2.11633047803261	1.0581652390163	2
19	19655478	19655479	22	4	3	2	1	1	NA	NA	NA	unphased	1.55244755244755	1.55244755244755	1
19	41622424	41622425	96	11	3	2	1	1	NA	NA	NA	unphased	1.03738317757009	1.03738317757009	1
19	42880247	42880248	121	20	3	2	1	1	NA	NA	NA	unphased	1.43133462282398	1.43133462282398	1
19	50165568	50165569	191	19	3	2	1	1	NA	NA	NA	unphased	0.912987012987013	0.912987012987013	1
19	50304812	50304813	158	10	3	2	1	1	NA	NA	NA	unphased	0.600649350649351	0.600649350649351	1
19	57723889	57723890	59	4	3	2	1	1	NA	NA	NA	unphased	0.640692640692641	0.640692640692641	1
2	27672922	27672923	59	4	4	3	1	1	NA	NA	NA	unphased	0.704184704184704	0.704184704184704	1
2	32693834	32693835	16	6	4	3	1	1	NA	NA	NA	unphased	3.02479338842975	1.00826446280992	3
2	44041648	44041649	21	11	4	3	1	1	NA	NA	NA	unphased	3.8125	1.27083333333333	3
2	61575143	61575144	142	11	4	3	1	1	NA	NA	NA	unphased	0.797385620915033	0.797385620915033	1
2	79254205	79254206	157	12	4	3	1	1	NA	NA	NA	unphased	0.787520172135557	0.787520172135557	1
2	95715393	95715394	165	95	4	3	1	1	NA	NA	NA	unphased	4.05244755244755	1.35081585081585	3
2	98809360	98809361	62	5	4	3	1	1	NA	NA	NA	unphased	0.827679782903663	0.827679782903663	1
2	103299749	103299750	55	18	4	3	1	1	NA	NA	NA	unphased	2.73474470734745	0.911581569115816	3
2	121989399	121989400	99	48	4	3	1	1	NA	NA	NA	unphased	3.62152133580705	1.20717377860235	3
2	125547630	125547631	59	21	4	3	1	1	NA	NA	NA	unphased	2.91136363636364	0.970454545454545	3
2	133540903	133540904	66	10	4	3	1	1	NA	NA	NA	unphased	1.45933014354067	1.45933014354067	1
2	141819673	141819674	106	8	4	3	1	1	NA	NA	NA	unphased	0.778309409888357	0.778309409888357	1
2	163044799	163044800	36	7	4	3	1	1	NA	NA	NA	unphased	1.80549682875264	1.80549682875264	1
2	166246009	166246010	20	3	8	6	2	1	NA	NA	NA	unphased	1.96837944664032	1.96837944664032	1
2	166535265	166535266	47	4	8	6	2	1	NA	NA	NA	unphased	1.18360071301248	1.18360071301248	1
2	172950634	172950635	226	84	4.88	3	3	0.72	1	1	0.28	unphased	3.24373020527859	1.19254786958772	2.72
2	175673731	175673732	65	6	4.88	3	3	0.72	1	1	0.28	unphased	1.01162612035851	1.01162612035851	1
2	179721095	179721096	13	5	3	2	1	1	NA	NA	NA	unphased	2.8030303030303	1.40151515151515	2
2	216230341	216230342	32	7	2	2	0	1	NA	NA	NA	unphased	1.63170163170163	1.63170163170163	1
2	219209530	219209531	297	69	2	2	0	1	NA	NA	NA	unphased	1.71385991058122	0.856929955290611	2
21	15599240	15599241	105	21	4	2	2	1	NA	NA	NA	unphased	1.84848484848485	0.924242424242424	2
22	19226876	19226877	132	13	NA	NA	NA	NA	NA	NA	NA	unphased	NA	NA	1
22	22043062	22043063	238	1425	NA	NA	NA	NA	NA	NA	NA	unphased	NA	NA	1
22	23237659	23237660	73	9	3.3	4	2	0.46	1	0	0.54	unphased	1.14046563192905	1.14046563192905	1
22	24659663	24659664	64	19	3.3	4	2	0.46	1	0	0.54	unphased	2.37864184008762	0.999429344574632	2.38
22	39966777	39966778	20	4	2	1	1	1	NA	NA	NA	unphased	1.51515151515152	1.51515151515152	1
22	42180358	42180359	29	4	2	1	1	1	NA	NA	NA	unphased	1.10192837465565	1.10192837465565	1
22	43617228	43617229	91	10	2	1	1	1	NA	NA	NA	unphased	0.9000900090009	0.9000900090009	1
22	50862017	50862018	59	12	NA	NA	NA	NA	NA	NA	NA	unphased	NA	NA	1
3	38627331	38627332	160	28	2	2	0	1	NA	NA	NA	unphased	1.35396518375242	1.35396518375242	1
3	62477011	62477012	111	25	2	2	0	1	NA	NA	NA	unphased	1.67112299465241	0.835561497326203	2
3	126751331	126751332	165	13	4	2	2	1	NA	NA	NA	unphased	0.810010214504597	0.810010214504597	1
3	155200668	155200669	90	16	4	2	2	1	NA	NA	NA	unphased	1.67409948542024	0.83704974271012	2
3	179322656	179322657	43	9	4	2	2	1	NA	NA	NA	unphased	1.91958041958042	0.95979020979021	2
4	15627241	15627242	43	10	2	2	0	1	NA	NA	NA	unphased	1.71526586620926	1.71526586620926	1
4	30724967	30724968	40	13	2	2	0	1	NA	NA	NA	unphased	2.22984562607204	1.11492281303602	2
4	57891108	57891109	76	3	2	2	0	1	NA	NA	NA	unphased	0.345224395857307	0.345224395857307	1
4	105393436	105393437	40	6	2	2	0	1	NA	NA	NA	unphased	1.18577075098814	1.18577075098814	1
4	140394204	140394205	43	6	2	2	0	1	NA	NA	NA	unphased	1.11317254174397	1.11317254174397	1
4	165891014	165891015	59	8	2	2	0	1	NA	NA	NA	unphased	1.08548168249661	1.08548168249661	1
4	187538859	187538860	30	10	2	2	0	1	NA	NA	NA	unphased	2.27272727272727	1.13636363636364	2
5	240580	240581	106	8	NA	NA	NA	NA	NA	NA	NA	unphased	NA	NA	1
5	14291229	14291230	145	12	6	4	2	1	NA	NA	NA	unphased	1.0005790387956	1.0005790387956	1
5	14369548	14369549	169	11	6	4	2	1	NA	NA	NA	unphased	0.8	0.8	1
5	41018846	41018847	78	6	6	4	2	1	NA	NA	NA	unphased	0.935064935064935	0.935064935064935	1
5	41917226	41917227	52	24	6	4	2	1	NA	NA	NA	unphased	4.13397129186603	1.03349282296651	4
5	79773141	79773142	19	15	3	3	0	1	NA	NA	NA	unphased	4.45187165775401	1.48395721925134	3
5	94903716	94903717	14	5	3	3	0	1	NA	NA	NA	unphased	2.6555023923445	0.885167464114833	3
5	112137026	112137027	22	12	3	3	0	1	NA	NA	NA	unphased	3.56149732620321	1.18716577540107	3
5	147715119	147715120	36	4	3	3	0	1	NA	NA	NA	unphased	1.00909090909091	1.00909090909091	1
5	154395322	154395323	44	10	3	3	0	1	NA	NA	NA	unphased	1.86868686868687	0.934343434343434	2
5	171295707	171295708	55	17	3	3	0	1	NA	NA	NA	unphased	2.38257575757576	1.19128787878788	2
5	176001169	176001170	39	11	3	3	0	1	NA	NA	NA	unphased	2.22	1.11	2
6	26199325	26199326	98	25	3	3	0	1	NA	NA	NA	unphased	2.0509977827051	1.02549889135255	2
6	30043574	30043575	40	21	3	3	0	1	NA	NA	NA	unphased	3.47391952309985	1.15797317436662	3
6	74117689	74117690	18	6	3	3	0	1	NA	NA	NA	unphased	2.52272727272727	0.840909090909091	3
6	97051606	97051607	70	18	3	3	0	1	NA	NA	NA	unphased	2.06404958677686	1.03202479338843	2
6	152725399	152725400	45	6	3	3	0	1	NA	NA	NA	unphased	1.18716577540107	1.18716577540107	1
6	160237602	160237603	75	31	3	3	0	1	NA	NA	NA	unphased	2.95111492281304	0.983704974271012	3
6	160663375	160663376	91	43	3	3	0	1	NA	NA	NA	unphased	3.23812754409769	1.07937584803256	3
6	160769570	160769571	20	9	3	3	0	1	NA	NA	NA	unphased	3.13166144200627	1.04388714733542	3
6	160899679	160899680	32	12	3	3	0	1	NA	NA	NA	unphased	2.75206611570248	0.917355371900826	3
7	11676104	11676105	36	7	4	2	2	1	NA	NA	NA	unphased	1.80549682875264	1.80549682875264	1
7	31123789	31123790	105	23	4	2	2	1	NA	NA	NA	unphased	1.99289772727273	0.996448863636364	2
7	45077925	45077926	60	6	4	2	2	1	NA	NA	NA	unphased	1.00826446280992	1.00826446280992	1
7	82578904	82578905	134	21	3	2	1	1	NA	NA	NA	unphased	1.36715542521994	1.36715542521994	1
7	87011240	87011241	25	5	3	2	1	1	NA	NA	NA	unphased	1.68181818181818	1.68181818181818	1
7	106508954	106508955	109	17	3	2	1	1	NA	NA	NA	unphased	1.36147186147186	1.36147186147186	1
8	51314821	51314822	48	7	4	2	2	1	NA	NA	NA	unphased	1.41157024793388	1.41157024793388	1
8	59511848	59511849	93	27	4	2	2	1	NA	NA	NA	unphased	2.49545454545455	1.24772727272727	2
8	68145176	68145177	59	11	4	2	2	1	NA	NA	NA	unphased	1.74285714285714	0.871428571428571	2
8	101272104	101272105	61	5	4	2	2	1	NA	NA	NA	unphased	0.840220385674931	0.840220385674931	1
8	104447983	104447984	52	10	4	2	2	1	NA	NA	NA	unphased	1.78885630498534	0.894428152492669	2
8	110448645	110448646	19	6	4	2	2	1	NA	NA	NA	unphased	2.66181818181818	1.33090909090909	2
8	131072953	131072954	139	32	4	2	2	1	NA	NA	NA	unphased	2.07549175970229	1.03774587985114	2
8	139164832	139164833	53	9	4	2	2	1	NA	NA	NA	unphased	1.6099706744868	1.6099706744868	1
8	139164833	139164834	53	8	4	2	2	1	NA	NA	NA	unphased	1.45454545454545	1.45454545454545	1
8	139727979	139727980	34	11	4	2	2	1	NA	NA	NA	unphased	2.71111111111111	1.35555555555556	2
9	100850228	100850229	28	5	2	2	0	1	NA	NA	NA	unphased	1.37741046831956	1.37741046831956	1
9	123589048	123589049	27	4	2	2	0	1	NA	NA	NA	unphased	1.17302052785924	1.17302052785924	1
9	127983027	127983028	10	5	2	2	0	1	NA	NA	NA	unphased	3.03030303030303	1.51515151515152	2
9	131872763	131872764	21	4	2	2	0	1	NA	NA	NA	unphased	1.45454545454545	1.45454545454545	1
X	3235706	3235707	21	10	NA	NA	NA	NA	NA	NA	NA	unphased	NA	NA	1
X	29973373	29973374	18	9	NA	NA	NA	NA	NA	NA	NA	unphased	NA	NA	1
X	101910850	101910851	39	11	NA	NA	NA	NA	NA	NA	NA	unphased	NA	NA	1
X	117695437	117695438	32	5	NA	NA	NA	NA	NA	NA	NA	unphased	NA	NA	1
X	148798134	148798135	70	42	NA	NA	NA	NA	NA	NA	NA	unphased	NA	NA	1
