chr	start	end	WT.count	mut.count	subclonal.CN	nMaj1	nMin1	frac1	nMaj2	nMin2	frac2	phase	mutation.copy.number	subclonal.fraction	no.chrs.bearing.mut
1	7724685	7724686	70	15	1.88	1	1	0.88	0	1	0.12	unphased	0.78096256684492	0.78096256684492	1
1	13001330	13001331	609	41	1.88	1	1	0.88	0	1	0.12	unphased	0.279144055944056	0.279144055944056	1
1	21299500	21299501	37	11	1.88	1	1	0.88	0	1	0.12	unphased	1.01416666666667	1.01416666666667	1
1	46495812	46495813	44	8	1.88	1	1	0.88	0	1	0.12	unphased	0.680839160839161	0.680839160839161	1
1	74540376	74540377	9	3	1.88	1	1	0.88	0	1	0.12	unphased	1.10636363636364	1.10636363636364	1
1	205053057	205053058	64	59	1.98	3	0	0.49	1	0	0.51	unphased	2.17074648928307	1.09633661074903	1.98
1	231935880	231935881	99	11	1.98	3	0	0.49	1	0	0.51	unphased	0.452545454545455	0.923562152133581	0.49
1	243354627	243354628	14	18	1.98	3	0	0.49	1	0	0.51	unphased	2.54556818181818	1.0223165388828	2.49
10	11911552	11911553	27	8	3	2	1	1	NA	NA	NA	unphased	1.26753246753247	1.26753246753247	1
10	27462109	27462110	198	77	3	2	1	1	NA	NA	NA	unphased	1.55272727272727	0.776363636363637	2
10	31134060	31134061	208	9	3	2	1	1	NA	NA	NA	unphased	0.229995810640972	0.229995810640972	1
10	43692442	43692443	41	9	3	2	1	1	NA	NA	NA	unphased	0.998181818181818	0.998181818181818	1
10	72493639	72493640	46	15	1.32	2	1	0.16	1	0	0.84	unphased	0.950521609538003	0.950521609538003	1
10	83635463	83635464	33	4	1.32	2	1	0.16	1	0	0.84	unphased	0.417886977886978	0.417886977886978	1
10	91144356	91144357	158	86	1.32	2	1	0.16	1	0	0.84	unphased	1.36241430700447	1.17449509224523	1.16
10	117704347	117704348	58	15	1.32	2	1	0.16	1	0	0.84	unphased	0.794271481942715	0.794271481942715	1
10	118138937	118138938	15	3	1.32	2	1	0.16	1	0	0.84	unphased	0.644242424242424	0.644242424242424	1
11	55371267	55371268	103	35	1.09	2	2	0.03	0	1	0.97	unphased	0.92203557312253	0.92203557312253	1
11	55735224	55735225	32	13	1.09	2	2	0.03	0	1	0.97	unphased	1.05024242424242	1.05024242424242	1
11	56113511	56113512	14	16	2	2	0	1	NA	NA	NA	unphased	2.42424242424242	1.21212121212121	2
11	88386415	88386416	80	22	2	2	0	1	NA	NA	NA	unphased	0.980392156862745	0.980392156862745	1
11	123900509	123900510	180	17	1.36	2	2	0.12	0	1	0.88	unphased	0.337018920166128	0.337018920166128	1
12	20876112	20876113	77	18	2.13	2	1	0.13	1	1	0.87	unphased	0.885875598086124	0.885875598086124	1
12	40114804	40114805	84	12	2.13	2	1	0.13	1	1	0.87	unphased	0.584431818181818	0.584431818181818	1
12	53586141	53586142	78	41	2.13	2	1	0.13	1	1	0.87	unphased	1.61087089381207	1.4255494635505	1.13
12	54404908	54404909	70	17	2.13	2	1	0.13	1	1	0.87	unphased	0.913594566353187	0.913594566353187	1
12	81110794	81110795	23	11	2.13	2	1	0.13	1	1	0.87	unphased	1.51264705882353	1.51264705882353	1
12	94806255	94806256	76	30	2.13	2	1	0.13	1	1	0.87	unphased	1.32324185248714	1.32324185248714	1
12	99007879	99007880	51	14	2.13	2	1	0.13	1	1	0.87	unphased	1.00702097902098	1.00702097902098	1
12	104084209	104084210	70	30	2.13	2	1	0.13	1	1	0.87	unphased	1.40263636363636	1.24127111826227	1.13
12	106740122	106740123	40	14	2.13	2	1	0.13	1	1	0.87	unphased	1.21215488215488	1.21215488215488	1
12	113444404	113444405	124	26	2.13	2	1	0.13	1	1	0.87	unphased	0.810412121212121	0.810412121212121	1
13	24167535	24167536	68	94	4	4	0	1	NA	NA	NA	unphased	3.7979797979798	0.94949494949495	4
13	72147026	72147027	43	79	4	4	0	1	NA	NA	NA	unphased	4.23845007451565	1.05961251862891	4
14	34204518	34204519	73	39	2	2	0	1	NA	NA	NA	unphased	1.58279220779221	0.791396103896104	2
14	34420042	34420043	15	11	2	2	0	1	NA	NA	NA	unphased	1.92307692307692	0.961538461538462	2
14	52977962	52977963	75	19	2	2	0	1	NA	NA	NA	unphased	0.918762088974855	0.918762088974855	1
14	68024030	68024031	15	17	2	2	0	1	NA	NA	NA	unphased	2.41477272727273	1.20738636363636	2
14	101348256	101348257	82	56	2	2	0	1	NA	NA	NA	unphased	1.84453227931489	0.922266139657444	2
15	65495751	65495752	86	22	1.04	2	1	0.02	0	1	0.98	unphased	0.73037037037037	0.73037037037037	1
16	747115	747116	43	6	2	1	1	1	NA	NA	NA	unphased	0.556586270871985	0.556586270871985	1
16	11133734	11133735	20	5	2	1	1	1	NA	NA	NA	unphased	0.909090909090909	0.909090909090909	1
16	27460662	27460663	9	3	2	1	1	1	NA	NA	NA	unphased	1.13636363636364	1.13636363636364	1
16	28845844	28845845	64	17	2	1	1	1	NA	NA	NA	unphased	0.953984287317621	0.953984287317621	1
16	49670591	49670592	23	15	2	1	1	1	NA	NA	NA	unphased	1.79425837320574	1.79425837320574	1
16	55360439	55360440	8	3	2	1	1	1	NA	NA	NA	unphased	1.2396694214876	1.2396694214876	1
16	61854894	61854895	67	16	2	1	1	1	NA	NA	NA	unphased	0.876232201533406	0.876232201533406	1
16	72845558	72845559	43	5	2	1	1	1	NA	NA	NA	unphased	0.473484848484849	0.473484848484849	1
16	80718696	80718697	49	18	2	1	1	1	NA	NA	NA	unphased	1.22116689280868	1.22116689280868	1
17	10247273	10247274	55	70	3.7	3	1	0.85	1	1	0.15	unphased	3.49745454545455	1.22717703349282	2.85
17	35771387	35771388	66	18	3.7	3	1	0.85	1	1	0.15	unphased	1.33831168831169	1.33831168831169	1
17	37871697	37871698	40	53	3.7	3	1	0.85	1	1	0.15	unphased	3.55923753665689	1.24885527601996	2.85
17	51900800	51900801	116	8	3.7	3	1	0.85	1	1	0.15	unphased	0.402932551319648	0.402932551319648	1
17	78314107	78314108	41	5	3.7	3	1	0.85	1	1	0.15	unphased	0.678853754940712	0.678853754940712	1
18	3879723	3879724	73	32	4	2	2	1	NA	NA	NA	unphased	1.9948051948052	0.997402597402598	2
18	5396235	5396236	175	69	4	2	2	1	NA	NA	NA	unphased	1.85096870342772	0.92548435171386	2
18	9588193	9588194	48	6	4	2	2	1	NA	NA	NA	unphased	0.727272727272727	0.727272727272727	1
19	8922243	8922244	57	37	2	2	0	1	NA	NA	NA	unphased	1.78916827852998	0.89458413926499	2
19	20828050	20828051	6	7	2.18	2	1	0.18	1	1	0.82	unphased	2.54447552447552	2.1563351902335	1.18
19	43523072	43523073	350	80	2	1	1	1	NA	NA	NA	unphased	0.845665961945032	0.845665961945032	1
19	51133333	51133334	42	8	2	1	1	1	NA	NA	NA	unphased	0.727272727272727	0.727272727272727	1
19	54080626	54080627	57	13	2	1	1	1	NA	NA	NA	unphased	0.844155844155844	0.844155844155844	1
2	24929547	24929548	45	24	1.1	2	1	0.05	0	1	0.95	unphased	1.26798418972332	1.26798418972332	1
2	44999338	44999339	9	4	1.16	2	1	0.08	0	1	0.92	unphased	1.14013986013986	1.14013986013986	1
2	49190713	49190714	108	23	1.16	2	1	0.08	0	1	0.92	unphased	0.6505759888966	0.6505759888966	1
2	71058307	71058308	70	14	1.16	2	1	0.08	0	1	0.92	unphased	0.617575757575758	0.617575757575758	1
2	89117789	89117790	20	3	1.15	2	2	0.05	0	1	0.95	unphased	0.48201581027668	0.48201581027668	1
2	99785833	99785834	25	18	1.15	2	2	0.05	0	1	0.95	unphased	1.54693446088795	1.47327091513138	1.05
2	102490658	102490659	16	9	1.01	2	0	0.01	0	1	0.99	unphased	1.27996363636364	1.27996363636364	1
2	102490684	102490685	13	4	1.01	2	0	0.01	0	1	0.99	unphased	0.836577540106952	0.836577540106952	1
2	113786538	113786539	65	39	1.01	2	0	0.01	0	1	0.99	unphased	1.33329545454545	1.32009450945095	1.01
2	160289310	160289311	36	3	1.02	2	0	0.02	0	1	0.98	unphased	0.274265734265734	0.274265734265734	1
2	162279977	162279978	32	5	1.02	2	0	0.02	0	1	0.98	unphased	0.481818181818182	0.481818181818182	1
2	164466297	164466298	55	4	1.02	2	0	0.02	0	1	0.98	unphased	0.241725731895223	0.241725731895223	1
2	179575863	179575864	68	42	1.02	2	0	0.02	0	1	0.98	unphased	1.36135537190083	1.33466212931454	1.02
2	202744823	202744824	48	6	1.02	2	0	0.02	0	1	0.98	unphased	0.396161616161616	0.396161616161616	1
2	232323710	232323711	71	11	1	2	0	0	0	1	1	unphased	0.475609756097561	0.475609756097561	1
2	233028196	233028197	46	10	1	2	0	0	0	1	1	unphased	0.633116883116883	0.633116883116883	1
20	13797787	13797788	183	28	3	3	0	1	NA	NA	NA	unphased	0.735889702714348	0.735889702714348	1
20	16359860	16359861	96	25	3	3	0	1	NA	NA	NA	unphased	1.14575507137491	1.14575507137491	1
20	20453544	20453545	66	4	3	3	0	1	NA	NA	NA	unphased	0.316883116883117	0.316883116883117	1
20	36869231	36869232	53	44	2.82	3	0	0.91	0	1	0.09	unphased	2.43381443298969	0.891507118311242	2.73
20	43034833	43034834	26	38	2.82	3	0	0.91	0	1	0.09	unphased	3.18573863636364	1.09475554514214	2.91
20	57473996	57473997	63	47	2.82	3	0	0.91	0	1	0.09	unphased	2.29251239669422	0.839748130657222	2.73
20	62319518	62319519	69	5	NA	NA	NA	NA	NA	NA	NA	unphased	NA	NA	1
22	20918852	20918853	16	4	4	2	2	1	NA	NA	NA	unphased	1.30909090909091	1.30909090909091	1
22	29837578	29837579	131	61	4	2	2	1	NA	NA	NA	unphased	2.07954545454545	1.03977272727273	2
3	46062677	46062678	34	29	2	2	0	1	NA	NA	NA	unphased	2.09235209235209	1.04617604617605	2
3	58639459	58639460	89	52	2	2	0	1	NA	NA	NA	unphased	1.67633784655061	0.838168923275306	2
3	88040396	88040397	20	19	2	2	0	1	NA	NA	NA	unphased	2.21445221445221	1.10722610722611	2
3	95374198	95374199	40	12	4	2	2	1	NA	NA	NA	unphased	1.51048951048951	1.51048951048951	1
3	113658753	113658754	73	33	4	2	2	1	NA	NA	NA	unphased	2.0377358490566	1.0188679245283	2
3	138669307	138669308	180	11	9	7	2	1	NA	NA	NA	unphased	0.664921465968586	0.664921465968586	1
3	142048400	142048401	199	10	9	7	2	1	NA	NA	NA	unphased	0.55241409308395	0.55241409308395	1
3	147128774	147128775	379	14	9	7	2	1	NA	NA	NA	unphased	0.411288457089984	0.411288457089984	1
3	164709222	164709223	65	153	9	7	2	1	NA	NA	NA	unphased	8.10300250208507	1.15757178601215	7
3	165547888	165547889	183	17	9	7	2	1	NA	NA	NA	unphased	0.981363636363636	0.981363636363636	1
3	191087770	191087771	311	138	9	7	2	1	NA	NA	NA	unphased	3.54849159748937	0.887122899372343	4
4	156773438	156773439	43	25	2	2	0	1	NA	NA	NA	unphased	1.67112299465241	0.835561497326203	2
5	6372520	6372521	23	9	8.6	7	2	0.95	0	1	0.05	unphased	3.13465909090909	1.06259630200308	2.95
5	38407030	38407031	251	28	8.6	7	2	0.95	0	1	0.05	unphased	1.11854024112089	1.11854024112089	1
5	90006796	90006797	6	6	2	2	0	1	NA	NA	NA	unphased	2.27272727272727	1.13636363636364	2
5	131705668	131705669	27	4	2	2	0	1	NA	NA	NA	unphased	0.586510263929619	0.586510263929619	1
5	140517421	140517422	34	39	4	4	0	1	NA	NA	NA	unphased	3.49688667496887	0.874221668742217	4
5	140762610	140762611	78	12	4	4	0	1	NA	NA	NA	unphased	0.872727272727273	0.872727272727273	1
5	141243639	141243640	24	21	4	4	0	1	NA	NA	NA	unphased	3.05454545454545	1.01818181818182	3
5	156592825	156592826	34	42	4	4	0	1	NA	NA	NA	unphased	3.61722488038278	0.904306220095694	4
5	180166129	180166130	187	57	4	4	0	1	NA	NA	NA	unphased	1.52906110283159	0.764530551415797	2
6	29364734	29364735	67	8	1.38	2	1	0.19	1	0	0.81	unphased	0.418715151515152	0.418715151515152	1
6	31778182	31778183	301	49	1.38	2	1	0.19	1	0	0.81	unphased	0.549563636363637	0.549563636363637	1
6	35773814	35773815	89	15	1.38	2	1	0.19	1	0	0.81	unphased	0.566171328671329	0.566171328671329	1
6	97000487	97000488	29	20	3	2	1	1	NA	NA	NA	unphased	2.26345083487941	1.1317254174397	2
6	97730268	97730269	94	14	3	2	1	1	NA	NA	NA	unphased	0.718855218855219	0.718855218855219	1
6	112528318	112528319	60	9	3	2	1	1	NA	NA	NA	unphased	0.723320158102767	0.723320158102767	1
6	117237449	117237450	96	49	3	2	1	1	NA	NA	NA	unphased	1.87398119122257	0.936990595611285	2
6	152546897	152546898	128	21	3	2	1	1	NA	NA	NA	unphased	0.781574130567419	0.781574130567419	1
6	155458393	155458394	69	34	3	2	1	1	NA	NA	NA	unphased	1.83053839364519	0.915269196822595	2
6	167590613	167590614	46	6	3	2	1	1	NA	NA	NA	unphased	0.63986013986014	0.63986013986014	1
7	1028413	1028414	20	8	5	3	2	1	NA	NA	NA	unphased	2.15584415584416	1.07792207792208	2
7	2473439	2473440	91	26	5	3	2	1	NA	NA	NA	unphased	1.67676767676768	0.838383838383838	2
7	27211483	27211484	83	30	5	3	2	1	NA	NA	NA	unphased	2.00321802091714	1.00160901045857	2
7	50611735	50611736	199	116	5	3	2	1	NA	NA	NA	unphased	2.77864357864358	0.926214526214526	3
7	73753246	73753247	75	51	5	3	2	1	NA	NA	NA	unphased	3.05411255411255	1.01803751803752	3
7	88424011	88424012	61	13	5	3	2	1	NA	NA	NA	unphased	1.32555282555283	1.32555282555283	1
7	98257905	98257906	17	3	5	3	2	1	NA	NA	NA	unphased	1.13181818181818	1.13181818181818	1
7	100204174	100204175	71	17	5	3	2	1	NA	NA	NA	unphased	1.45764462809917	1.45764462809917	1
7	103018179	103018180	150	18	5	3	2	1	NA	NA	NA	unphased	0.808441558441559	0.808441558441559	1
7	140051333	140051334	25	10	5	3	2	1	NA	NA	NA	unphased	2.15584415584416	1.07792207792208	2
7	143826939	143826940	187	119	5	3	2	1	NA	NA	NA	unphased	2.93434343434343	0.978114478114478	3
8	12957916	12957917	70	12	1	1	0	1	NA	NA	NA	unphased	0.518847006651885	0.518847006651885	1
8	33319032	33319033	6	8	1	1	0	1	NA	NA	NA	unphased	2.02597402597403	2.02597402597403	1
8	38677615	38677616	27	10	1	1	0	1	NA	NA	NA	unphased	0.958230958230958	0.958230958230958	1
8	54960493	54960494	18	3	6	6	1	0.8	1	1	0.2	unphased	1.22077922077922	1.22077922077922	1
8	86027607	86027608	66	41	4	3	1	1	NA	NA	NA	unphased	2.50807136788445	0.836023789294817	3
8	86250554	86250555	258	39	4	3	1	1	NA	NA	NA	unphased	0.859504132231405	0.859504132231405	1
8	105025827	105025828	114	15	4	3	1	1	NA	NA	NA	unphased	0.761099365750529	0.761099365750529	1
8	121062013	121062014	30	10	6	3	3	1	NA	NA	NA	unphased	2.13636363636364	1.06818181818182	2
8	145625775	145625776	104	27	NA	NA	NA	NA	NA	NA	NA	unphased	NA	NA	1
9	72131298	72131299	18	8	2	2	0	1	NA	NA	NA	unphased	1.3986013986014	1.3986013986014	1
9	84202660	84202661	42	18	2	2	0	1	NA	NA	NA	unphased	1.36363636363636	1.36363636363636	1
9	116931352	116931353	118	84	1.1	2	0	0.1	0	1	0.9	unphased	1.51593159315932	1.37811963014483	1.1
9	121930091	121930092	31	29	1.1	2	0	0.1	0	1	0.9	unphased	1.7619696969697	1.60179063360882	1.1
X	23801431	23801432	11	9	NA	NA	NA	NA	NA	NA	NA	unphased	NA	NA	1
X	26212144	26212145	94	19	NA	NA	NA	NA	NA	NA	NA	unphased	NA	NA	1
X	30269654	30269655	70	8	NA	NA	NA	NA	NA	NA	NA	unphased	NA	NA	1
X	37553559	37553560	68	8	NA	NA	NA	NA	NA	NA	NA	unphased	NA	NA	1
X	49142327	49142328	27	17	NA	NA	NA	NA	NA	NA	NA	unphased	NA	NA	1
X	67293062	67293063	37	23	NA	NA	NA	NA	NA	NA	NA	unphased	NA	NA	1
X	71788634	71788635	60	15	NA	NA	NA	NA	NA	NA	NA	unphased	NA	NA	1
X	78010750	78010751	144	32	NA	NA	NA	NA	NA	NA	NA	unphased	NA	NA	1
X	79947383	79947384	44	22	NA	NA	NA	NA	NA	NA	NA	unphased	NA	NA	1
X	91873537	91873538	121	60	NA	NA	NA	NA	NA	NA	NA	unphased	NA	NA	1
X	100381762	100381763	402	79	NA	NA	NA	NA	NA	NA	NA	unphased	NA	NA	1
X	102755642	102755643	101	31	NA	NA	NA	NA	NA	NA	NA	unphased	NA	NA	1
X	111000820	111000821	31	10	NA	NA	NA	NA	NA	NA	NA	unphased	NA	NA	1
X	129480547	129480548	77	25	NA	NA	NA	NA	NA	NA	NA	unphased	NA	NA	1
X	130222640	130222641	29	7	NA	NA	NA	NA	NA	NA	NA	unphased	NA	NA	1
X	134426388	134426389	102	41	NA	NA	NA	NA	NA	NA	NA	unphased	NA	NA	1
X	135593593	135593594	77	8	NA	NA	NA	NA	NA	NA	NA	unphased	NA	NA	1
X	140994768	140994769	168	44	NA	NA	NA	NA	NA	NA	NA	unphased	NA	NA	1
X	148693138	148693139	123	54	NA	NA	NA	NA	NA	NA	NA	unphased	NA	NA	1
X	150154637	150154638	28	8	NA	NA	NA	NA	NA	NA	NA	unphased	NA	NA	1
X	151303384	151303385	82	29	NA	NA	NA	NA	NA	NA	NA	unphased	NA	NA	1
X	152968509	152968510	283	108	NA	NA	NA	NA	NA	NA	NA	unphased	NA	NA	1
