chr	start	end	WT.count	mut.count	subclonal.CN	nMaj1	nMin1	frac1	nMaj2	nMin2	frac2	phase	mutation.copy.number	subclonal.fraction	no.chrs.bearing.mut
1	19578023	19578024	20	6	1	1	0	1	NA	NA	NA	unphased	0.923076923076923	0.923076923076923	1
1	70339234	70339235	73	11	1	1	0	1	NA	NA	NA	unphased	0.523809523809524	0.523809523809524	1
1	110765948	110765949	32	11	1	1	0	1	NA	NA	NA	unphased	1.02325581395349	1.02325581395349	1
1	152060001	152060002	24	3	2	1	1	0.1	1	1	0.9	unphased	0.555555555555555	0.555555555555555	1
1	152192153	152192154	254	48	2	1	1	0.1	1	1	0.9	unphased	0.794701986754967	0.883002207505519	0.9
1	153945868	153945869	71	12	2	1	1	0.1	1	1	0.9	unphased	0.72289156626506	0.72289156626506	1
1	154918565	154918566	192	35	2	1	1	0.1	1	1	0.9	unphased	0.770925110132159	0.770925110132159	1
1	155030606	155030607	80	7	2	1	1	0.1	1	1	0.9	unphased	0.402298850574713	0.402298850574713	1
1	155294337	155294338	21	4	2	1	1	0.1	1	1	0.9	unphased	0.8	0.8	1
1	156905822	156905823	36	6	2	1	1	0.1	1	1	0.9	unphased	0.714285714285714	0.714285714285714	1
1	169292457	169292458	101	18	2	1	1	0.1	1	1	0.9	unphased	0.756302521008403	0.756302521008403	1
1	197889121	197889122	138	29	2	1	1	0.1	1	1	0.9	unphased	0.868263473053892	0.868263473053892	1
1	201465364	201465365	99	21	2	1	1	0.1	1	1	0.9	unphased	0.875	0.875	1
1	240370389	240370390	34	7	2	1	1	0.1	1	1	0.9	unphased	0.853658536585366	0.853658536585366	1
1	244724401	244724402	63	10	2	1	1	0.1	1	1	0.9	unphased	0.684931506849315	0.684931506849315	1
10	48429109	48429110	10	7	1	1	0	1	NA	NA	NA	unphased	1.64705882352941	1.64705882352941	1
10	81918868	81918869	46	13	1	1	0	1	NA	NA	NA	unphased	0.88135593220339	0.88135593220339	1
11	1298251	1298252	51	11	2	1	1	0.19	1	1	0.81	unphased	0.887096774193548	0.887096774193548	1
11	11292802	11292803	95	21	2	1	1	0.19	1	1	0.81	unphased	0.905172413793103	0.905172413793103	1
11	55563484	55563485	99	21	2	1	1	1	NA	NA	NA	unphased	0.875	0.875	1
11	55761715	55761716	36	17	2	1	1	1	NA	NA	NA	unphased	1.60377358490566	1.60377358490566	1
11	56000577	56000578	42	10	2	1	1	1	NA	NA	NA	unphased	0.961538461538462	0.961538461538462	1
11	70333664	70333665	25	5	1.68	3	0	0.34	1	0	0.66	unphased	0.78	0.78	1
11	74056628	74056629	19	9	1	1	0	1	NA	NA	NA	unphased	1.28571428571429	1.28571428571429	1
12	7651734	7651735	244	41	2	1	1	1	NA	NA	NA	unphased	0.719298245614035	0.719298245614035	1
12	9258871	9258872	79	17	2	1	1	1	NA	NA	NA	unphased	0.885416666666667	0.885416666666667	1
12	43826236	43826237	69	9	2	1	1	1	NA	NA	NA	unphased	0.576923076923077	0.576923076923077	1
12	52159724	52159725	247	51	2	1	1	1	NA	NA	NA	unphased	0.855704697986577	0.855704697986577	1
12	52775290	52775291	121	35	2	1	1	1	NA	NA	NA	unphased	1.12179487179487	1.12179487179487	1
12	56524839	56524840	53	6	2	1	1	1	NA	NA	NA	unphased	0.508474576271186	0.508474576271186	1
12	57436923	57436924	74	17	2	1	1	1	NA	NA	NA	unphased	0.934065934065934	0.934065934065934	1
12	64536120	64536121	41	16	2	1	1	1	NA	NA	NA	unphased	1.40350877192982	1.40350877192982	1
12	70953404	70953405	37	11	2	1	1	1	NA	NA	NA	unphased	1.14583333333333	1.14583333333333	1
12	71960417	71960418	83	22	2	1	1	1	NA	NA	NA	unphased	1.04761904761905	1.04761904761905	1
12	75441984	75441985	102	20	2	1	1	1	NA	NA	NA	unphased	0.819672131147541	0.819672131147541	1
12	90020340	90020341	46	14	2	1	1	1	NA	NA	NA	unphased	1.16666666666667	1.16666666666667	1
12	94645199	94645200	43	3	2	1	1	1	NA	NA	NA	unphased	0.326086956521739	0.326086956521739	1
12	112720996	112720997	27	10	2	1	1	1	NA	NA	NA	unphased	1.35135135135135	1.35135135135135	1
12	113624569	113624570	25	7	2	1	1	1	NA	NA	NA	unphased	1.09375	1.09375	1
12	130184744	130184745	29	4	2	1	1	1	NA	NA	NA	unphased	0.606060606060606	0.606060606060606	1
12	133226045	133226046	53	7	NA	NA	NA	NA	NA	NA	NA	unphased	NA	NA	1
13	27333814	27333815	48	18	1	1	0	1	NA	NA	NA	unphased	1.09090909090909	1.09090909090909	1
13	86368334	86368335	81	21	1	1	0	1	NA	NA	NA	unphased	0.823529411764706	0.823529411764706	1
14	20443685	20443686	29	8	NA	NA	NA	NA	NA	NA	NA	unphased	NA	NA	1
14	29237703	29237704	24	11	1	1	0	1	NA	NA	NA	unphased	1.25714285714286	1.25714285714286	1
14	34270055	34270056	5	5	1	1	0	1	NA	NA	NA	unphased	2	2	1
14	47389276	47389277	24	8	1	1	0	1	NA	NA	NA	unphased	1	1	1
14	58047971	58047972	18	3	1	1	0	1	NA	NA	NA	unphased	0.571428571428571	0.571428571428571	1
14	75528408	75528409	22	3	1	1	0	1	NA	NA	NA	unphased	0.48	0.48	1
15	24921538	24921539	22	15	2	2	0	1	NA	NA	NA	unphased	2.02702702702703	1.01351351351351	2
15	75772250	75772251	25	15	2	2	0	1	NA	NA	NA	unphased	1.875	0.9375	2
15	89754979	89754980	44	20	2	2	0	1	NA	NA	NA	unphased	1.5625	0.78125	2
16	3794897	3794898	14	4	2	1	1	0.24	1	1	0.76	unphased	1.11111111111111	1.11111111111111	1
16	9862739	9862740	91	9	2	1	1	0.24	1	1	0.76	unphased	0.45	0.592105263157895	0.76
16	48180236	48180237	96	19	2	1	1	0.24	1	1	0.76	unphased	0.826086956521739	0.826086956521739	1
16	67304639	67304640	17	7	2	1	1	0.24	1	1	0.76	unphased	1.45833333333333	1.45833333333333	1
16	69481075	69481076	41	4	2	1	1	0.24	1	1	0.76	unphased	0.444444444444444	0.584795321637427	0.76
16	81155299	81155300	12	3	2	1	1	0.24	1	1	0.76	unphased	1	1	1
17	7577081	7577082	27	11	1	1	0	1	NA	NA	NA	unphased	1.15789473684211	1.15789473684211	1
17	10263277	10263278	57	3	1	1	0	1	NA	NA	NA	unphased	0.2	0.2	1
17	15162455	15162456	49	8	1	1	0	1	NA	NA	NA	unphased	0.56140350877193	0.56140350877193	1
17	16068455	16068456	132	6	1	1	0	1	NA	NA	NA	unphased	0.173913043478261	0.173913043478261	1
17	27038732	27038733	14	6	2	1	1	1	NA	NA	NA	unphased	1.5	1.5	1
17	27052402	27052403	76	8	2	1	1	1	NA	NA	NA	unphased	0.476190476190476	0.476190476190476	1
17	35348093	35348094	97	21	2	1	1	1	NA	NA	NA	unphased	0.889830508474576	0.889830508474576	1
17	41020602	41020603	26	8	2	1	1	1	NA	NA	NA	unphased	1.17647058823529	1.17647058823529	1
17	58012643	58012644	19	6	2	1	1	1	NA	NA	NA	unphased	1.2	1.2	1
17	76122885	76122886	25	11	2	1	1	1	NA	NA	NA	unphased	1.52777777777778	1.52777777777778	1
18	6942054	6942055	82	22	2	1	1	1	NA	NA	NA	unphased	1.05769230769231	1.05769230769231	1
18	43502367	43502368	47	7	2	1	1	1	NA	NA	NA	unphased	0.648148148148148	0.648148148148148	1
18	77918311	77918312	13	3	NA	NA	NA	NA	NA	NA	NA	unphased	NA	NA	1
19	5832214	5832215	79	17	2	1	1	1	NA	NA	NA	unphased	0.885416666666667	0.885416666666667	1
19	9085577	9085578	125	37	2	1	1	1	NA	NA	NA	unphased	1.14197530864198	1.14197530864198	1
19	15562678	15562679	57	10	2	1	1	1	NA	NA	NA	unphased	0.746268656716418	0.746268656716418	1
19	19656344	19656345	28	9	2	1	1	1	NA	NA	NA	unphased	1.21621621621622	1.21621621621622	1
19	22155032	22155033	38	7	2	1	1	1	NA	NA	NA	unphased	0.777777777777778	0.777777777777778	1
19	22785403	22785404	41	9	2	1	1	1	NA	NA	NA	unphased	0.9	0.9	1
19	37440573	37440574	71	14	3	2	1	1	NA	NA	NA	unphased	0.988235294117647	0.988235294117647	1
19	44932747	44932748	33	12	1	1	0	1	NA	NA	NA	unphased	1.06666666666667	1.06666666666667	1
2	21228751	21228752	41	12	2	2	0	1	NA	NA	NA	unphased	1.13207547169811	1.13207547169811	1
2	38298448	38298449	37	4	2	2	0	1	NA	NA	NA	unphased	0.48780487804878	0.48780487804878	1
2	72362027	72362028	37	25	4	2	2	1	NA	NA	NA	unphased	2.82258064516129	1.41129032258064	2
2	77746746	77746747	43	14	1	1	0	1	NA	NA	NA	unphased	0.982456140350877	0.982456140350877	1
2	90121843	90121844	253	40	2	1	1	1	NA	NA	NA	unphased	0.68259385665529	0.68259385665529	1
2	96260165	96260166	52	12	2	1	1	1	NA	NA	NA	unphased	0.9375	0.9375	1
2	96691751	96691752	31	9	2	1	1	1	NA	NA	NA	unphased	1.125	1.125	1
2	100916319	100916320	52	13	2	1	1	1	NA	NA	NA	unphased	1	1	1
2	154801104	154801105	96	22	2	1	1	1	NA	NA	NA	unphased	0.932203389830508	0.932203389830508	1
2	178098943	178098944	34	10	2	1	1	1	NA	NA	NA	unphased	1.13636363636364	1.13636363636364	1
2	179585298	179585299	27	9	2	1	1	1	NA	NA	NA	unphased	1.25	1.25	1
2	179616694	179616695	211	55	2	1	1	1	NA	NA	NA	unphased	1.03383458646617	1.03383458646617	1
2	196741364	196741365	37	6	2	1	1	1	NA	NA	NA	unphased	0.697674418604651	0.697674418604651	1
2	198285834	198285835	105	31	2	1	1	1	NA	NA	NA	unphased	1.13970588235294	1.13970588235294	1
20	31590443	31590444	60	8	2	1	1	1	NA	NA	NA	unphased	0.588235294117647	0.588235294117647	1
20	31805184	31805185	5	3	2	1	1	1	NA	NA	NA	unphased	1.875	1.875	1
22	18606993	18606994	39	16	2	1	1	0.4	1	1	0.6	unphased	1.45454545454545	1.45454545454545	1
22	24658472	24658473	22	4	1	1	0	1	NA	NA	NA	unphased	0.615384615384615	0.615384615384615	1
22	25023453	25023454	62	14	1	1	0	1	NA	NA	NA	unphased	0.736842105263158	0.736842105263158	1
22	38240310	38240311	11	4	2	1	1	0.3	1	1	0.7	unphased	1.33333333333333	1.33333333333333	1
3	1369218	1369219	20	6	NA	NA	NA	NA	NA	NA	NA	unphased	NA	NA	1
3	89259589	89259590	166	39	1	1	0	1	NA	NA	NA	unphased	0.760975609756098	0.760975609756098	1
3	89462334	89462335	62	16	1	1	0	1	NA	NA	NA	unphased	0.82051282051282	0.82051282051282	1
3	100035008	100035009	30	6	1	1	0	1	NA	NA	NA	unphased	0.666666666666667	0.666666666666667	1
3	110837698	110837699	21	5	1	1	0	1	NA	NA	NA	unphased	0.769230769230769	0.769230769230769	1
3	123452791	123452792	82	26	1	1	0	1	NA	NA	NA	unphased	0.962962962962963	0.962962962962963	1
3	164907307	164907308	79	8	6.94	7	0	0.99	0	1	0.01	unphased	0.914022988505747	0.914022988505747	1
3	164907563	164907564	353	138	6.94	7	0	0.99	0	1	0.01	unphased	2.79372708757638	0.940648851035817	2.97
4	6107572	6107573	41	12	2	1	1	1	NA	NA	NA	unphased	1.13207547169811	1.13207547169811	1
4	41015642	41015643	214	57	2	1	1	1	NA	NA	NA	unphased	1.05166051660517	1.05166051660517	1
4	41747955	41747956	24	9	2	1	1	1	NA	NA	NA	unphased	1.36363636363636	1.36363636363636	1
4	99407979	99407980	95	22	1	1	0	1	NA	NA	NA	unphased	0.752136752136752	0.752136752136752	1
4	109670501	109670502	92	20	1	1	0	1	NA	NA	NA	unphased	0.714285714285714	0.714285714285714	1
4	154504732	154504733	39	15	1	1	0	1	NA	NA	NA	unphased	1.11111111111111	1.11111111111111	1
4	187584768	187584769	16	6	1	1	0	1	NA	NA	NA	unphased	1.09090909090909	1.09090909090909	1
5	483518	483519	8	3	NA	NA	NA	NA	NA	NA	NA	unphased	NA	NA	1
5	1422075	1422076	109	21	2.68	2	1	0.84	1	0	0.16	unphased	0.917538461538462	0.917538461538462	1
5	41065515	41065516	34	16	2.68	2	1	0.84	1	0	0.16	unphased	1.8176	0.987826086956522	1.84
5	78328506	78328507	133	29	1	1	0	1	NA	NA	NA	unphased	0.716049382716049	0.716049382716049	1
5	140750029	140750030	50	17	1	1	0	1	NA	NA	NA	unphased	1.01492537313433	1.01492537313433	1
6	25850339	25850340	30	11	1.12	2	1	0.06	0	1	0.94	unphased	1.10536585365854	1.10536585365854	1
6	28053511	28053512	40	25	1.12	2	1	0.06	0	1	0.94	unphased	1.58461538461538	1.49492017416546	1.06
6	28057127	28057128	36	9	1.12	2	1	0.06	0	1	0.94	unphased	0.824	0.824	1
6	30856490	30856491	18	6	1.12	2	1	0.06	0	1	0.94	unphased	1.03	1.03	1
6	83900607	83900608	66	13	2	1	1	0.27	1	1	0.73	unphased	0.822784810126582	0.822784810126582	1
6	96651479	96651480	37	3	2	1	1	0.27	1	1	0.73	unphased	0.375	0.513698630136986	0.73
6	97676785	97676786	34	10	2	1	1	0.27	1	1	0.73	unphased	1.13636363636364	1.13636363636364	1
6	119509720	119509721	83	9	2	1	1	0.27	1	1	0.73	unphased	0.489130434782609	0.670041691483026	0.73
6	125619904	125619905	54	18	2	1	1	0.27	1	1	0.73	unphased	1.25	1.25	1
6	126176370	126176371	55	16	2	1	1	0.27	1	1	0.73	unphased	1.12676056338028	1.12676056338028	1
6	129794390	129794391	28	4	2	1	1	0.27	1	1	0.73	unphased	0.625	0.625	1
6	132910088	132910089	46	12	2	1	1	0.27	1	1	0.73	unphased	1.03448275862069	1.03448275862069	1
6	148664278	148664279	28	9	2	1	1	0.27	1	1	0.73	unphased	1.21621621621622	1.21621621621622	1
7	27150074	27150075	11	4	2	1	1	1	NA	NA	NA	unphased	1.33333333333333	1.33333333333333	1
7	66548434	66548435	74	17	2	1	1	1	NA	NA	NA	unphased	0.934065934065934	0.934065934065934	1
7	66767801	66767802	15	5	2	1	1	1	NA	NA	NA	unphased	1.25	1.25	1
7	94539600	94539601	32	8	2	1	1	1	NA	NA	NA	unphased	1	1	1
7	98560050	98560051	109	36	2	1	1	1	NA	NA	NA	unphased	1.24137931034483	1.24137931034483	1
7	154667754	154667755	25	5	2	1	1	1	NA	NA	NA	unphased	0.833333333333333	0.833333333333333	1
8	13959888	13959889	74	26	1	1	0	1	NA	NA	NA	unphased	1.04	1.04	1
8	18080098	18080099	46	25	1	1	0	1	NA	NA	NA	unphased	1.40845070422535	1.40845070422535	1
8	63659626	63659627	36	9	2	1	1	0.22	1	1	0.78	unphased	1	1	1
8	70744250	70744251	36	12	2	1	1	0.22	1	1	0.78	unphased	1.25	1.25	1
8	77766996	77766997	12	4	1	1	0	1	NA	NA	NA	unphased	1	1	1
9	21971107	21971108	20	4	1	1	0	1	NA	NA	NA	unphased	0.666666666666667	0.666666666666667	1
9	99580527	99580528	92	27	2	1	1	0.25	1	1	0.75	unphased	1.13445378151261	1.13445378151261	1
9	121929785	121929786	148	23	2	1	1	0.25	1	1	0.75	unphased	0.672514619883041	0.896686159844054	0.75
9	123716079	123716080	51	10	2	1	1	0.25	1	1	0.75	unphased	0.819672131147541	0.819672131147541	1
X	67454425	67454426	13	8	NA	NA	NA	NA	NA	NA	NA	unphased	NA	NA	1
X	144909471	144909472	18	10	NA	NA	NA	NA	NA	NA	NA	unphased	NA	NA	1
