chr	start	end	WT.count	mut.count	subclonal.CN	nMaj1	nMin1	frac1	nMaj2	nMin2	frac2	phase	mutation.copy.number	subclonal.fraction	no.chrs.bearing.mut
1	6534162	6534163	16	6	2	1	1	0.18	1	1	0.82	unphased	0.974025974025974	0.974025974025974	1
1	11561850	11561851	16	7	2	1	1	0.18	1	1	0.82	unphased	1.08695652173913	1.08695652173913	1
1	11985465	11985466	49	9	2	1	1	0.18	1	1	0.82	unphased	0.554187192118227	0.675838039168569	0.82
1	19412744	19412745	12	6	2	1	1	0.17	1	1	0.83	unphased	1.19047619047619	1.19047619047619	1
1	20141461	20141462	66	22	2	1	1	0.17	1	1	0.83	unphased	0.892857142857143	0.892857142857143	1
1	22084193	22084194	48	21	2	1	1	1	NA	NA	NA	unphased	1.08695652173913	1.08695652173913	1
1	23693552	23693553	50	22	2	1	1	1	NA	NA	NA	unphased	1.09126984126984	1.09126984126984	1
1	24465082	24465083	45	14	2	1	1	1	NA	NA	NA	unphased	0.847457627118644	0.847457627118644	1
1	31656806	31656807	44	21	2	1	1	1	NA	NA	NA	unphased	1.15384615384615	1.15384615384615	1
1	38272558	38272559	51	26	2	1	1	1	NA	NA	NA	unphased	1.20593692022263	1.20593692022263	1
1	51702278	51702279	8	4	2	1	1	1	NA	NA	NA	unphased	1.19047619047619	1.19047619047619	1
1	52256248	52256249	75	9	2	1	1	1	NA	NA	NA	unphased	0.38265306122449	0.38265306122449	1
1	62189387	62189388	5	3	2	1	1	1	NA	NA	NA	unphased	1.33928571428571	1.33928571428571	1
1	62713234	62713235	56	7	2	1	1	1	NA	NA	NA	unphased	0.396825396825397	0.396825396825397	1
1	65273018	65273019	43	6	2	1	1	1	NA	NA	NA	unphased	0.43731778425656	0.43731778425656	1
1	67109381	67109382	111	32	2	1	1	1	NA	NA	NA	unphased	0.799200799200799	0.799200799200799	1
1	76347023	76347024	68	31	2	1	1	0.1	1	1	0.9	unphased	1.11832611832612	1.11832611832612	1
1	98039420	98039421	79	36	2	1	1	1	NA	NA	NA	unphased	1.11801242236025	1.11801242236025	1
1	101362184	101362185	11	6	2	1	1	1	NA	NA	NA	unphased	1.26050420168067	1.26050420168067	1
1	102462468	102462469	17	5	2	1	1	1	NA	NA	NA	unphased	0.811688311688312	0.811688311688312	1
1	110257864	110257865	87	28	2	1	1	1	NA	NA	NA	unphased	0.869565217391304	0.869565217391304	1
1	115469146	115469147	19	9	2	1	1	1	NA	NA	NA	unphased	1.14795918367347	1.14795918367347	1
1	120437558	120437559	101	20	2	1	1	1	NA	NA	NA	unphased	0.590318772136954	0.590318772136954	1
1	151266902	151266903	45	18	2	1	1	0.12	1	1	0.88	unphased	1.02040816326531	1.02040816326531	1
1	151378926	151378927	31	22	2	1	1	0.12	1	1	0.88	unphased	1.48247978436658	1.48247978436658	1
1	152129361	152129362	117	47	2	1	1	0.12	1	1	0.88	unphased	1.02351916376307	1.02351916376307	1
1	153012500	153012501	67	22	2	1	1	1	NA	NA	NA	unphased	0.882825040128411	0.882825040128411	1
1	153591368	153591369	138	48	2	1	1	1	NA	NA	NA	unphased	0.921658986175115	0.921658986175115	1
1	156813001	156813002	47	19	2	1	1	1	NA	NA	NA	unphased	1.02813852813853	1.02813852813853	1
1	158747151	158747152	141	49	2	1	1	1	NA	NA	NA	unphased	0.921052631578947	0.921052631578947	1
1	160267197	160267198	76	27	2	1	1	1	NA	NA	NA	unphased	0.93619972260749	0.93619972260749	1
1	161130275	161130276	17	7	2	1	1	1	NA	NA	NA	unphased	1.04166666666667	1.04166666666667	1
1	161168055	161168056	64	24	2	1	1	1	NA	NA	NA	unphased	0.974025974025974	0.974025974025974	1
1	162346645	162346646	16	6	2	1	1	1	NA	NA	NA	unphased	0.974025974025974	0.974025974025974	1
1	167745313	167745314	42	7	2	1	1	1	NA	NA	NA	unphased	0.510204081632653	0.510204081632653	1
1	170699472	170699473	126	37	2	1	1	1	NA	NA	NA	unphased	0.810692375109553	0.810692375109553	1
1	175049509	175049510	48	21	2	1	1	1	NA	NA	NA	unphased	1.08695652173913	1.08695652173913	1
1	175355386	175355387	41	14	2	1	1	1	NA	NA	NA	unphased	0.909090909090909	0.909090909090909	1
1	179437668	179437669	85	5	2	1	1	1	NA	NA	NA	unphased	0.198412698412698	0.198412698412698	1
1	179869268	179869269	40	12	2	1	1	1	NA	NA	NA	unphased	0.824175824175824	0.824175824175824	1
1	179886696	179886697	167	37	2	1	1	1	NA	NA	NA	unphased	0.647759103641457	0.647759103641457	1
1	180165853	180165854	54	19	2	1	1	1	NA	NA	NA	unphased	0.929549902152642	0.929549902152642	1
1	186099712	186099713	75	23	2	1	1	1	NA	NA	NA	unphased	0.838192419825073	0.838192419825073	1
1	209789962	209789963	54	20	2	1	1	1	NA	NA	NA	unphased	0.965250965250965	0.965250965250965	1
1	212911881	212911882	124	43	2	1	1	1	NA	NA	NA	unphased	0.919589392643285	0.919589392643285	1
1	225147992	225147993	44	23	2	1	1	1	NA	NA	NA	unphased	1.22601279317697	1.22601279317697	1
1	236746094	236746095	65	28	2	1	1	1	NA	NA	NA	unphased	1.0752688172043	1.0752688172043	1
1	247587191	247587192	18	7	2	1	1	1	NA	NA	NA	unphased	1	1	1
10	26994233	26994234	13	6	1	1	0	1	NA	NA	NA	unphased	0.81203007518797	0.81203007518797	1
10	28196615	28196616	29	12	1	1	0	1	NA	NA	NA	unphased	0.752613240418118	0.752613240418118	1
10	37506799	37506800	17	8	1	1	0	1	NA	NA	NA	unphased	0.822857142857143	0.822857142857143	1
10	49450362	49450363	78	50	1.32	1	1	0.32	1	0	0.68	unphased	1.12946428571429	1.12946428571429	1
10	62023672	62023673	55	6	2	1	1	0.17	1	1	0.83	unphased	0.351288056206089	0.351288056206089	1
10	63850860	63850861	49	23	2	1	1	0.17	1	1	0.83	unphased	1.14087301587302	1.14087301587302	1
10	70209809	70209810	12	4	2	1	1	0.17	1	1	0.83	unphased	0.892857142857143	0.892857142857143	1
10	81317047	81317048	183	43	2	1	1	0.17	1	1	0.83	unphased	0.679519595448799	0.818698307769637	0.83
10	81317265	81317266	293	16	2	1	1	0.17	1	1	0.83	unphased	0.184928340268146	0.184928340268146	1
10	94822673	94822674	15	3	2	1	1	0.25	1	1	0.75	unphased	0.595238095238095	0.595238095238095	1
10	96796868	96796869	12	23	2	1	1	0.25	1	1	0.75	unphased	2.3469387755102	2.3469387755102	1
10	99623959	99623960	34	16	2	1	1	0.23	1	1	0.77	unphased	1.14285714285714	1.14285714285714	1
10	115610214	115610215	39	8	2	1	1	0.23	1	1	0.77	unphased	0.60790273556231	0.60790273556231	1
10	125447582	125447583	57	12	2	1	1	0.23	1	1	0.77	unphased	0.62111801242236	0.806646769379689	0.77
10	134664706	134664707	46	17	2	1	1	0.23	1	1	0.77	unphased	0.963718820861678	0.963718820861678	1
11	1268443	1268444	15	13	1	1	0	1	NA	NA	NA	unphased	1.19387755102041	1.19387755102041	1
11	15260535	15260536	21	10	1	1	0	1	NA	NA	NA	unphased	0.829493087557604	0.829493087557604	1
11	17757761	17757762	24	7	1	1	0	1	NA	NA	NA	unphased	0.580645161290323	0.580645161290323	1
11	32414273	32414274	17	11	1	1	0	1	NA	NA	NA	unphased	1.01020408163265	1.01020408163265	1
11	55111633	55111634	35	5	2	1	1	1	NA	NA	NA	unphased	0.446428571428571	0.446428571428571	1
11	55433134	55433135	113	32	2	1	1	1	NA	NA	NA	unphased	0.788177339901478	0.788177339901478	1
11	55927169	55927170	68	26	2	1	1	1	NA	NA	NA	unphased	0.987841945288754	0.987841945288754	1
11	60182975	60182976	81	25	2	1	1	1	NA	NA	NA	unphased	0.842318059299191	0.842318059299191	1
11	63525642	63525643	27	18	2	1	1	1	NA	NA	NA	unphased	1.42857142857143	1.42857142857143	1
11	64884074	64884075	73	27	2	1	1	1	NA	NA	NA	unphased	0.964285714285714	0.964285714285714	1
11	65349867	65349868	28	8	2	1	1	1	NA	NA	NA	unphased	0.793650793650793	0.793650793650793	1
11	66360197	66360198	84	12	2	1	1	1	NA	NA	NA	unphased	0.446428571428571	0.446428571428571	1
11	67351941	67351942	18	3	2	1	1	1	NA	NA	NA	unphased	0.510204081632653	0.510204081632653	1
11	67765908	67765909	135	8	2	1	1	1	NA	NA	NA	unphased	0.1998001998002	0.1998001998002	1
11	72004655	72004656	16	4	2	1	1	0.12	1	1	0.88	unphased	0.714285714285714	0.714285714285714	1
11	89768541	89768542	72	22	2	1	1	0.12	1	1	0.88	unphased	0.835866261398176	0.835866261398176	1
11	92088276	92088277	34	19	2	1	1	0.12	1	1	0.88	unphased	1.28032345013477	1.28032345013477	1
11	95571355	95571356	51	15	2	1	1	0.12	1	1	0.88	unphased	0.811688311688312	0.811688311688312	1
11	101347260	101347261	42	21	2	1	1	0.12	1	1	0.88	unphased	1.19047619047619	1.19047619047619	1
11	108098534	108098535	93	33	2	1	1	0.12	1	1	0.88	unphased	0.935374149659864	0.935374149659864	1
11	118076602	118076603	45	22	2	1	1	0.12	1	1	0.88	unphased	1.1727078891258	1.1727078891258	1
11	123813631	123813632	129	31	2	1	1	0.12	1	1	0.88	unphased	0.691964285714286	0.786323051948052	0.88
11	124189924	124189925	62	17	2	1	1	0.12	1	1	0.88	unphased	0.768535262206148	0.768535262206148	1
11	125482949	125482950	110	39	2	1	1	0.12	1	1	0.88	unphased	0.934803451581975	0.934803451581975	1
12	1034670	1034671	64	25	2	1	1	0.1	1	1	0.9	unphased	1.00321027287319	1.00321027287319	1
12	7882180	7882181	58	12	2	1	1	0.1	1	1	0.9	unphased	0.612244897959184	0.680272108843537	0.9
12	10586454	10586455	174	57	2	1	1	0.2	1	1	0.8	unphased	0.88126159554731	0.88126159554731	1
12	11546701	11546702	440	94	2	1	1	0.22	1	1	0.78	unphased	0.628678437667202	0.628678437667202	1
12	21051435	21051436	41	15	2	1	1	0.22	1	1	0.78	unphased	0.956632653061224	0.956632653061224	1
12	21353531	21353532	43	9	2	1	1	0.22	1	1	0.78	unphased	0.618131868131868	0.618131868131868	1
12	21962850	21962851	67	26	2	1	1	0.22	1	1	0.78	unphased	0.998463901689708	0.998463901689708	1
12	39947885	39947886	72	17	2	1	1	0.2	1	1	0.8	unphased	0.682182985553772	0.852728731942215	0.8
12	50042908	50042909	121	27	2	1	1	0.2	1	1	0.8	unphased	0.651544401544402	0.814430501930502	0.8
12	56755345	56755346	40	18	2	1	1	0.21	1	1	0.79	unphased	1.10837438423645	1.10837438423645	1
12	57909809	57909810	38	15	2	1	1	0.21	1	1	0.79	unphased	1.01078167115903	1.01078167115903	1
12	69145898	69145899	156	42	2	1	1	0.21	1	1	0.79	unphased	0.757575757575758	0.958956655159187	0.79
12	95604136	95604137	77	49	2	1	1	0.21	1	1	0.79	unphased	1.38888888888889	1.38888888888889	1
12	100042148	100042149	57	22	2	1	1	0.15	1	1	0.85	unphased	0.994575045207956	0.994575045207956	1
12	104071233	104071234	130	8	2	1	1	0.15	1	1	0.85	unphased	0.20703933747412	0.20703933747412	1
12	110352426	110352427	16	6	2	1	1	0.15	1	1	0.85	unphased	0.974025974025974	0.974025974025974	1
12	113830780	113830781	143	52	2	1	1	0.15	1	1	0.85	unphased	0.952380952380952	0.952380952380952	1
13	20220639	20220640	17	7	2	1	1	0.1	1	1	0.9	unphased	1.04166666666667	1.04166666666667	1
13	23908955	23908956	104	8	2	1	1	0.1	1	1	0.9	unphased	0.255102040816326	0.255102040816326	1
13	26788406	26788407	108	18	2	1	1	0.1	1	1	0.9	unphased	0.510204081632653	0.510204081632653	1
13	28841435	28841436	83	21	2	1	1	0.1	1	1	0.9	unphased	0.721153846153846	0.801282051282051	0.9
13	28886161	28886162	52	12	2	1	1	0.1	1	1	0.9	unphased	0.669642857142857	0.669642857142857	1
13	33111049	33111050	88	27	2	1	1	0.1	1	1	0.9	unphased	0.838509316770186	0.838509316770186	1
13	38151911	38151912	49	5	2	1	1	0.1	1	1	0.9	unphased	0.330687830687831	0.330687830687831	1
13	77835400	77835401	57	24	2	1	1	0.18	1	1	0.82	unphased	1.05820105820106	1.05820105820106	1
13	111147791	111147792	56	16	2	1	1	1	NA	NA	NA	unphased	0.793650793650793	0.793650793650793	1
13	115091852	115091853	11	3	2	1	1	1	NA	NA	NA	unphased	0.765306122448979	0.765306122448979	1
14	21108875	21108876	131	30	2	1	1	1	NA	NA	NA	unphased	0.665483584738243	0.665483584738243	1
14	22471637	22471638	72	33	2	1	1	1	NA	NA	NA	unphased	1.12244897959184	1.12244897959184	1
14	26949348	26949349	59	13	2	1	1	1	NA	NA	NA	unphased	0.64484126984127	0.64484126984127	1
14	29238023	29238024	20	8	2	1	1	1	NA	NA	NA	unphased	1.02040816326531	1.02040816326531	1
14	35245235	35245236	74	17	2	1	1	1	NA	NA	NA	unphased	0.667189952904239	0.667189952904239	1
14	68274303	68274304	77	33	2	1	1	1	NA	NA	NA	unphased	1.07142857142857	1.07142857142857	1
14	77872307	77872308	48	11	2	1	1	1	NA	NA	NA	unphased	0.665859564164649	0.665859564164649	1
14	86089183	86089184	60	24	2	1	1	1	NA	NA	NA	unphased	1.02040816326531	1.02040816326531	1
14	100406516	100406517	8	3	2	1	1	1	NA	NA	NA	unphased	0.974025974025974	0.974025974025974	1
14	106963213	106963214	77	15	2	1	1	1	NA	NA	NA	unphased	0.582298136645963	0.582298136645963	1
15	25481305	25481306	107	65	1	1	0	1	NA	NA	NA	unphased	0.971760797342193	0.971760797342193	1
15	28358279	28358280	20	8	1	1	0	1	NA	NA	NA	unphased	0.73469387755102	0.73469387755102	1
15	60741205	60741206	109	48	1	1	0	1	NA	NA	NA	unphased	0.786169244767971	0.786169244767971	1
15	68657128	68657129	6	8	1	1	0	1	NA	NA	NA	unphased	1.46938775510204	1.46938775510204	1
15	77406910	77406911	43	7	1	1	0	1	NA	NA	NA	unphased	0.36	0.36	1
15	88420126	88420127	19	8	1	1	0	1	NA	NA	NA	unphased	0.761904761904762	0.761904761904762	1
15	102358612	102358613	150	10	1	1	0	1	NA	NA	NA	unphased	0.160714285714286	0.160714285714286	1
16	570536	570537	103	28	2	1	1	1	NA	NA	NA	unphased	0.763358778625954	0.763358778625954	1
16	1575323	1575324	54	6	2	1	1	1	NA	NA	NA	unphased	0.357142857142857	0.357142857142857	1
16	9943807	9943808	62	18	2	1	1	1	NA	NA	NA	unphased	0.803571428571428	0.803571428571428	1
16	14958482	14958483	166	66	2	1	1	1	NA	NA	NA	unphased	1.01600985221675	1.01600985221675	1
16	20476946	20476947	46	18	2	1	1	1	NA	NA	NA	unphased	1.00446428571429	1.00446428571429	1
16	20554553	20554554	118	35	2	1	1	1	NA	NA	NA	unphased	0.816993464052287	0.816993464052287	1
16	24963649	24963650	49	16	2	1	1	1	NA	NA	NA	unphased	0.879120879120879	0.879120879120879	1
16	27472602	27472603	15	9	2	1	1	1	NA	NA	NA	unphased	1.33928571428571	1.33928571428571	1
16	27549661	27549662	75	18	2	1	1	1	NA	NA	NA	unphased	0.691244239631336	0.691244239631336	1
16	27802661	27802662	37	9	2	1	1	1	NA	NA	NA	unphased	0.698757763975155	0.698757763975155	1
16	87445538	87445539	17	5	2	1	1	1	NA	NA	NA	unphased	0.811688311688312	0.811688311688312	1
17	7577119	7577120	17	17	1	1	0	1	NA	NA	NA	unphased	1.28571428571429	1.28571428571429	1
17	10265706	10265707	80	70	1	1	0	1	NA	NA	NA	unphased	1.2	1.2	1
17	16456278	16456279	90	25	1	1	0	0.38	1	0	0.62	unphased	0.559006211180124	0.901622921258265	0.62
17	17772833	17772834	23	4	2	2	0	1	NA	NA	NA	unphased	0.529100529100529	0.529100529100529	1
17	26856179	26856180	71	18	2	1	1	0.18	1	1	0.82	unphased	0.7223113964687	0.7223113964687	1
17	26944311	26944312	44	9	2	1	1	0.18	1	1	0.82	unphased	0.606469002695418	0.606469002695418	1
17	26960075	26960076	62	9	2	1	1	0.18	1	1	0.82	unphased	0.45271629778672	0.552093046081366	0.82
17	29631750	29631751	90	44	2	1	1	0.18	1	1	0.82	unphased	1.1727078891258	1.1727078891258	1
17	33330085	33330086	33	10	2	1	1	0.18	1	1	0.82	unphased	0.830564784053156	0.830564784053156	1
17	34171345	34171346	103	20	2	1	1	0.18	1	1	0.82	unphased	0.580720092915215	0.708195235262457	0.82
17	34266294	34266295	71	23	2	1	1	0.18	1	1	0.82	unphased	0.873860182370821	0.873860182370821	1
17	40344959	40344960	95	43	2	1	1	0.13	1	1	0.87	unphased	1.1128364389234	1.1128364389234	1
17	40997229	40997230	65	16	2	1	1	0.13	1	1	0.87	unphased	0.705467372134039	0.705467372134039	1
17	42430077	42430078	64	27	2	1	1	0.13	1	1	0.87	unphased	1.0596546310832	1.0596546310832	1
17	45895692	45895693	65	12	1	1	0	0.06	0	1	0.94	unphased	0.400742115027829	0.400742115027829	1
17	47123248	47123249	40	6	1	1	0	0.06	0	1	0.94	unphased	0.335403726708075	0.335403726708075	1
17	57043251	57043252	70	16	1	1	0	0.06	0	1	0.94	unphased	0.478405315614618	0.478405315614618	1
17	60753840	60753841	66	19	1	1	0	0.06	0	1	0.94	unphased	0.574789915966387	0.574789915966387	1
17	62533737	62533738	33	11	1	1	0	0.06	0	1	0.94	unphased	0.642857142857143	0.683890577507599	0.94
17	67538012	67538013	8	7	1	1	0	0.06	0	1	0.94	unphased	1.2	1.2	1
17	80022905	80022906	23	11	1	1	0	0.06	0	1	0.94	unphased	0.831932773109244	0.831932773109244	1
17	80136464	80136465	16	7	1	1	0	0.06	0	1	0.94	unphased	0.782608695652174	0.782608695652174	1
18	5419846	5419847	62	42	2	1	1	1	NA	NA	NA	unphased	1.44230769230769	1.44230769230769	1
18	25543366	25543367	23	11	1	1	0	1	NA	NA	NA	unphased	0.831932773109244	0.831932773109244	1
18	31325097	31325098	40	19	1	1	0	1	NA	NA	NA	unphased	0.828087167070218	0.828087167070218	1
19	2476147	2476148	10	6	2	1	1	0.1	1	1	0.9	unphased	1.33928571428571	1.33928571428571	1
19	4352938	4352939	22	11	2	1	1	0.1	1	1	0.9	unphased	1.19047619047619	1.19047619047619	1
19	4538452	4538453	194	68	2	1	1	0.1	1	1	0.9	unphased	0.926935659760087	0.926935659760087	1
19	6591101	6591102	15	7	2	1	1	0.1	1	1	0.9	unphased	1.13636363636364	1.13636363636364	1
19	9226088	9226089	106	36	2	1	1	0.1	1	1	0.9	unphased	0.905432595573441	0.905432595573441	1
19	14694172	14694173	17	8	2	1	1	0.1	1	1	0.9	unphased	1.14285714285714	1.14285714285714	1
19	17008699	17008700	7	5	2	1	1	0.1	1	1	0.9	unphased	1.48809523809524	1.48809523809524	1
19	18727876	18727877	90	6	2	1	1	0.1	1	1	0.9	unphased	0.223214285714286	0.223214285714286	1
19	21281703	21281704	46	12	2	1	1	1	NA	NA	NA	unphased	0.738916256157635	0.738916256157635	1
19	36252957	36252958	9	9	2	1	1	1	NA	NA	NA	unphased	1.78571428571429	1.78571428571429	1
19	37618730	37618731	108	38	2	1	1	1	NA	NA	NA	unphased	0.929549902152642	0.929549902152642	1
19	41762410	41762411	66	32	2	1	1	1	NA	NA	NA	unphased	1.16618075801749	1.16618075801749	1
19	45988877	45988878	21	7	1.09	1	1	0.09	1	0	0.91	unphased	0.665357142857143	0.665357142857143	1
19	48878929	48878930	105	11	1.09	1	1	0.09	1	0	0.91	unphased	0.25237684729064	0.25237684729064	1
19	49535249	49535250	25	10	1.09	1	1	0.09	1	0	0.91	unphased	0.760408163265306	0.760408163265306	1
19	49535272	49535273	33	10	1.09	1	1	0.09	1	0	0.91	unphased	0.618936877076412	0.618936877076412	1
19	51874938	51874939	96	41	1.09	1	1	0.09	1	0	0.91	unphased	0.796485922836288	0.796485922836288	1
19	52633836	52633837	86	25	2	1	1	1	NA	NA	NA	unphased	0.804375804375804	0.804375804375804	1
19	53117744	53117745	50	18	2	1	1	1	NA	NA	NA	unphased	0.945378151260504	0.945378151260504	1
19	53117879	53117880	19	7	2	1	1	1	NA	NA	NA	unphased	0.961538461538461	0.961538461538461	1
19	53269599	53269600	151	81	2	1	1	1	NA	NA	NA	unphased	1.24692118226601	1.24692118226601	1
19	55739623	55739624	18	3	2	1	1	1	NA	NA	NA	unphased	0.510204081632653	0.510204081632653	1
19	57089305	57089306	79	18	2	1	1	1	NA	NA	NA	unphased	0.662739322533137	0.662739322533137	1
19	57665674	57665675	16	3	2	1	1	1	NA	NA	NA	unphased	0.56390977443609	0.56390977443609	1
19	58864519	58864520	75	26	2	1	1	1	NA	NA	NA	unphased	0.919377652050919	0.919377652050919	1
2	3193047	3193048	12	4	2	1	1	1	NA	NA	NA	unphased	0.892857142857143	0.892857142857143	1
2	5833533	5833534	6	5	2	1	1	1	NA	NA	NA	unphased	1.62337662337662	1.62337662337662	1
2	11053023	11053024	32	24	2	1	1	1	NA	NA	NA	unphased	1.53061224489796	1.53061224489796	1
2	21232664	21232665	81	35	2	1	1	1	NA	NA	NA	unphased	1.07758620689655	1.07758620689655	1
2	21256184	21256185	74	11	2	1	1	1	NA	NA	NA	unphased	0.46218487394958	0.46218487394958	1
2	26699051	26699052	33	13	2	1	1	1	NA	NA	NA	unphased	1.00931677018634	1.00931677018634	1
2	32526500	32526501	82	19	2	1	1	1	NA	NA	NA	unphased	0.671852899575672	0.671852899575672	1
2	55253524	55253525	108	32	2	1	1	1	NA	NA	NA	unphased	0.816326530612245	0.816326530612245	1
2	61019274	61019275	52	23	2	1	1	1	NA	NA	NA	unphased	1.0952380952381	1.0952380952381	1
2	63283194	63283195	95	28	2	1	1	1	NA	NA	NA	unphased	0.813008130081301	0.813008130081301	1
2	68692190	68692191	61	34	2	1	1	1	NA	NA	NA	unphased	1.2781954887218	1.2781954887218	1
2	96954474	96954475	19	11	2	1	1	1	NA	NA	NA	unphased	1.30952380952381	1.30952380952381	1
2	106498116	106498117	65	30	2	1	1	1	NA	NA	NA	unphased	1.12781954887218	1.12781954887218	1
2	108609461	108609462	109	29	2	1	1	1	NA	NA	NA	unphased	0.750517598343685	0.750517598343685	1
2	118575027	118575028	46	22	2	1	1	1	NA	NA	NA	unphased	1.15546218487395	1.15546218487395	1
2	128046304	128046305	374	136	2	1	1	1	NA	NA	NA	unphased	0.952380952380952	0.952380952380952	1
2	137928481	137928482	29	12	2	1	1	1	NA	NA	NA	unphased	1.04529616724739	1.04529616724739	1
2	141215042	141215043	91	8	2	1	1	1	NA	NA	NA	unphased	0.288600288600289	0.288600288600289	1
2	152321910	152321911	75	27	2	1	1	1	NA	NA	NA	unphased	0.945378151260504	0.945378151260504	1
2	165970369	165970370	77	38	2	1	1	1	NA	NA	NA	unphased	1.18012422360248	1.18012422360248	1
2	167055234	167055235	21	4	2	1	1	1	NA	NA	NA	unphased	0.571428571428571	0.571428571428571	1
2	168873554	168873555	33	13	2	1	1	1	NA	NA	NA	unphased	1.00931677018634	1.00931677018634	1
2	170099984	170099985	78	21	2	1	1	1	NA	NA	NA	unphased	0.757575757575758	0.757575757575758	1
2	179451446	179451447	99	36	2	1	1	1	NA	NA	NA	unphased	0.952380952380952	0.952380952380952	1
2	179463348	179463349	59	24	2	1	1	1	NA	NA	NA	unphased	1.03270223752151	1.03270223752151	1
2	179593353	179593354	29	14	2	1	1	1	NA	NA	NA	unphased	1.16279069767442	1.16279069767442	1
2	179621103	179621104	61	25	2	1	1	1	NA	NA	NA	unphased	1.03820598006645	1.03820598006645	1
2	187627237	187627238	65	23	2	1	1	1	NA	NA	NA	unphased	0.933441558441558	0.933441558441558	1
2	190719767	190719768	69	22	2	1	1	1	NA	NA	NA	unphased	0.86342229199372	0.86342229199372	1
2	192546738	192546739	28	17	2	1	1	1	NA	NA	NA	unphased	1.34920634920635	1.34920634920635	1
2	196659095	196659096	95	10	2	1	1	1	NA	NA	NA	unphased	0.340136054421769	0.340136054421769	1
2	196726550	196726551	73	18	2	1	1	1	NA	NA	NA	unphased	0.706436420722135	0.706436420722135	1
2	196746622	196746623	93	31	2	1	1	1	NA	NA	NA	unphased	0.892857142857143	0.892857142857143	1
2	207557895	207557896	19	8	2	1	1	1	NA	NA	NA	unphased	1.05820105820106	1.05820105820106	1
2	215632351	215632352	51	19	2	1	1	1	NA	NA	NA	unphased	0.969387755102041	0.969387755102041	1
2	219868974	219868975	89	33	2	1	1	1	NA	NA	NA	unphased	0.966042154566745	0.966042154566745	1
2	220047097	220047098	108	34	2	1	1	1	NA	NA	NA	unphased	0.855130784708249	0.855130784708249	1
2	241702607	241702608	17	4	2	1	1	1	NA	NA	NA	unphased	0.680272108843537	0.680272108843537	1
20	12989887	12989888	62	38	2	1	1	0.19	1	1	0.81	unphased	1.35714285714286	1.35714285714286	1
20	30418917	30418918	121	44	3.79	3	1	0.93	0	1	0.07	unphased	1.42971428571429	0.768663594470046	1.86
20	30585383	30585384	21	9	3.79	3	1	0.93	0	1	0.07	unphased	1.60842857142857	1.60842857142857	1
20	34288773	34288774	94	21	3.79	3	1	0.93	0	1	0.07	unphased	0.979043478260869	0.979043478260869	1
20	37154651	37154652	155	49	3.79	3	1	0.93	0	1	0.07	unphased	1.28779411764706	1.28779411764706	1
20	43940260	43940261	25	22	2	1	1	0.27	1	1	0.73	unphased	1.67173252279635	1.67173252279635	1
20	47628551	47628552	143	12	2	1	1	0.27	1	1	0.73	unphased	0.276497695852535	0.276497695852535	1
20	47882741	47882742	66	41	2	1	1	0.27	1	1	0.73	unphased	1.36849132176235	1.36849132176235	1
20	58416547	58416548	48	13	2	1	1	0.27	1	1	0.73	unphased	0.761124121779859	0.761124121779859	1
20	58559776	58559777	103	37	2	1	1	0.27	1	1	0.73	unphased	0.943877551020408	0.943877551020408	1
20	62321161	62321162	26	9	2	1	1	0.27	1	1	0.73	unphased	0.918367346938775	0.918367346938775	1
21	11038746	11038747	185	20	2	1	1	0.14	1	1	0.86	unphased	0.348432055749129	0.348432055749129	1
21	27097578	27097579	51	7	2	1	1	0.39	1	1	0.61	unphased	0.431034482758621	0.706613906161673	0.61
21	34067579	34067580	61	23	2	1	1	0.39	1	1	0.61	unphased	0.977891156462585	0.977891156462585	1
21	34923734	34923735	104	35	2	1	1	0.39	1	1	0.61	unphased	0.899280575539568	0.899280575539568	1
21	34926901	34926902	90	39	2	1	1	0.39	1	1	0.61	unphased	1.0797342192691	1.0797342192691	1
21	38852984	38852985	86	14	2	1	1	0.39	1	1	0.61	unphased	0.5	0.819672131147541	0.61
21	44188300	44188301	26	29	2	1	1	0.39	1	1	0.61	unphased	1.88311688311688	1.88311688311688	1
22	20101005	20101006	35	9	2	1	1	1	NA	NA	NA	unphased	0.73051948051948	0.73051948051948	1
22	23487520	23487521	47	16	2	1	1	1	NA	NA	NA	unphased	0.90702947845805	0.90702947845805	1
22	31333903	31333904	59	12	1.08	1	1	0.08	0	1	0.92	unphased	0.448128772635815	0.448128772635815	1
3	2777914	2777915	82	48	1	1	0	1	NA	NA	NA	unphased	0.949450549450549	0.949450549450549	1
3	9877030	9877031	65	41	1	1	0	1	NA	NA	NA	unphased	0.994609164420485	0.994609164420485	1
3	42738562	42738563	18	9	1	1	0	1	NA	NA	NA	unphased	0.857142857142857	0.857142857142857	1
3	52236610	52236611	22	11	1	1	0	1	NA	NA	NA	unphased	0.857142857142857	0.857142857142857	1
3	87325560	87325561	27	16	1	1	0	1	NA	NA	NA	unphased	0.956810631229236	0.956810631229236	1
3	100364795	100364796	61	17	2.51	2	1	0.51	1	1	0.49	unphased	0.889542124542124	0.889542124542124	1
3	109050737	109050738	158	8	2.51	2	1	0.51	1	1	0.49	unphased	0.196695352839931	0.196695352839931	1
3	113847580	113847581	376	127	2.51	2	1	0.51	1	1	0.49	unphased	1.03049985799489	1.03049985799489	1
3	116163767	116163768	32	9	2.51	2	1	0.51	1	1	0.49	unphased	0.895923344947735	0.895923344947735	1
3	119109755	119109756	41	13	2.51	2	1	0.51	1	1	0.49	unphased	0.982566137566137	0.982566137566137	1
3	122632271	122632272	8	6	2.51	2	1	0.51	1	1	0.49	unphased	1.74918367346939	1.74918367346939	1
3	124732522	124732523	32	7	2.51	2	1	0.51	1	1	0.49	unphased	0.732564102564102	0.732564102564102	1
3	124826387	124826388	93	41	2.51	2	1	0.51	1	1	0.49	unphased	1.24879530916844	1.24879530916844	1
3	126748368	126748369	89	31	2.51	2	1	0.51	1	1	0.49	unphased	1.05436904761905	1.05436904761905	1
3	127399283	127399284	7	4	2.51	2	1	0.51	1	1	0.49	unphased	1.48415584415584	1.48415584415584	1
3	129389963	129389964	127	46	2.51	2	1	0.51	1	1	0.49	unphased	1.08523534269199	1.08523534269199	1
3	147128831	147128832	91	18	1.66	2	1	0.33	1	0	0.67	unphased	0.533630406290957	0.533630406290957	1
3	149686292	149686293	157	115	1.66	2	1	0.33	1	0	0.67	unphased	1.36622899159664	1.02723984330574	1.33
3	151156108	151156109	186	29	1.66	2	1	0.33	1	0	0.67	unphased	0.435867109634551	1.320809423135	0.33
3	151156160	151156161	188	34	1.66	2	1	0.33	1	0	0.67	unphased	0.494903474903475	0.494903474903475	1
3	151166895	151166896	125	46	1.66	2	1	0.33	1	0	0.67	unphased	0.869273182957393	0.869273182957393	1
3	155643026	155643027	76	17	1.66	2	1	0.33	1	0	0.67	unphased	0.590691244239631	0.590691244239631	1
3	164735829	164735830	58	12	1.48	2	1	0.24	1	0	0.76	unphased	0.523102040816326	0.523102040816326	1
3	164783146	164783147	57	10	1.48	2	1	0.24	1	0	0.76	unphased	0.45543710021322	0.45543710021322	1
3	178916853	178916854	139	73	2.62	3	1	0.54	1	0	0.46	unphased	1.44327493261455	0.937191514684776	1.54
3	183885743	183885744	76	36	2.62	3	1	0.54	1	0	0.46	unphased	1.34724489795918	0.874834349324145	1.54
3	185774897	185774898	78	37	2.62	3	1	0.54	1	0	0.46	unphased	1.34854658385093	0.875679599903202	1.54
3	186289885	186289886	88	37	2.62	3	1	0.54	1	0	0.46	unphased	1.24066285714286	1.24066285714286	1
3	195605136	195605137	181	34	2.62	3	1	0.54	1	0	0.46	unphased	0.662830564784053	1.22746400885936	0.54
4	2829013	2829014	42	12	2	1	1	0.19	1	1	0.81	unphased	0.793650793650793	0.793650793650793	1
4	7776489	7776490	46	14	2	1	1	0.19	1	1	0.81	unphased	0.833333333333333	0.833333333333333	1
4	38698946	38698947	57	6	2	1	1	0.29	1	1	0.71	unphased	0.340136054421769	0.479064865382773	0.71
4	46390874	46390875	7	9	2	1	1	0.29	1	1	0.71	unphased	2.00892857142857	2.00892857142857	1
4	54294355	54294356	29	22	2.86	2	1	0.86	1	1	0.14	unphased	1.91159663865546	1.02774012830939	1.86
4	56765949	56765950	75	52	2.86	2	1	0.86	1	1	0.14	unphased	1.81444319460067	0.975507093871331	1.86
4	77700397	77700398	64	6	3	3	0	1	NA	NA	NA	unphased	0.391836734693877	0.391836734693877	1
4	79238641	79238642	44	9	3	3	0	1	NA	NA	NA	unphased	0.776280323450135	0.776280323450135	1
4	84194751	84194752	164	22	3	3	0	1	NA	NA	NA	unphased	0.540706605222734	0.540706605222734	1
4	84243415	84243416	52	5	3	3	0	1	NA	NA	NA	unphased	0.401002506265664	0.401002506265664	1
4	111539651	111539652	31	13	1	1	0	1	NA	NA	NA	unphased	0.75974025974026	0.75974025974026	1
5	1324906	1324907	78	20	3.5	2	2	0.75	1	1	0.25	unphased	1.03498542274052	1.03498542274052	1
5	15928313	15928314	12	8	3.5	2	2	0.75	1	1	0.25	unphased	2.02857142857143	1.15918367346939	1.75
5	23527225	23527226	63	21	2.6	2	1	0.6	1	1	0.4	unphased	1.04285714285714	1.04285714285714	1
5	24487927	24487928	158	62	2.6	2	1	0.6	1	1	0.4	unphased	1.17558441558442	1.17558441558442	1
5	35876281	35876282	70	33	2.12	2	1	0.56	1	0	0.44	unphased	1.1826907073509	1.1826907073509	1
5	38451430	38451431	135	45	2.12	2	1	0.56	1	0	0.44	unphased	0.922857142857143	0.922857142857143	1
5	38955775	38955776	77	51	2.12	2	1	0.56	1	0	0.44	unphased	1.47080357142857	0.942822802197802	1.56
5	89968400	89968401	33	35	1	1	0	1	NA	NA	NA	unphased	1.32352941176471	1.32352941176471	1
5	96058420	96058421	28	18	1	1	0	1	NA	NA	NA	unphased	1.00621118012422	1.00621118012422	1
5	140202964	140202965	79	92	2	2	0	1	NA	NA	NA	unphased	1.92147034252297	0.960735171261487	2
5	140248977	140248978	133	171	2	2	0	1	NA	NA	NA	unphased	2.00892857142857	1.00446428571429	2
5	140517130	140517131	91	117	2	2	0	1	NA	NA	NA	unphased	2.00892857142857	1.00446428571429	2
5	140580630	140580631	59	88	2	2	0	1	NA	NA	NA	unphased	2.1379980563654	1.0689990281827	2
5	140810700	140810701	130	52	2	2	0	1	NA	NA	NA	unphased	1.02040816326531	1.02040816326531	1
5	167812297	167812298	56	11	2	2	0	1	NA	NA	NA	unphased	0.5863539445629	0.5863539445629	1
5	176943128	176943129	239	13	2	2	0	1	NA	NA	NA	unphased	0.184240362811791	0.184240362811791	1
5	179564685	179564686	18	25	2	2	0	1	NA	NA	NA	unphased	2.07641196013289	1.03820598006645	2
6	13288636	13288637	55	5	1	1	0	0	0	1	1	unphased	0.214285714285714	0.214285714285714	1
6	18132402	18132403	30	10	1	1	0	0	0	1	1	unphased	0.642857142857143	0.642857142857143	1
6	20126882	20126883	119	14	1	1	0	0	0	1	1	unphased	0.270676691729323	0.270676691729323	1
6	27420045	27420046	76	11	1	1	0	0	0	1	1	unphased	0.32512315270936	0.32512315270936	1
6	29080469	29080470	58	20	1	1	0	0	0	1	1	unphased	0.659340659340659	0.659340659340659	1
6	30231325	30231326	15	8	1	1	0	0	0	1	1	unphased	0.894409937888199	0.894409937888199	1
6	33381304	33381305	35	4	1.08	1	1	0.08	0	1	0.92	unphased	0.271941391941392	0.271941391941392	1
6	49754280	49754281	150	10	1.08	1	1	0.08	0	1	0.92	unphased	0.165714285714286	0.165714285714286	1
6	53409510	53409511	7	3	1.08	1	1	0.08	0	1	0.92	unphased	0.795428571428571	0.795428571428571	1
6	55216331	55216332	80	26	1.08	1	1	0.08	0	1	0.92	unphased	0.650350404312668	0.650350404312668	1
6	64421144	64421145	48	6	2	1	1	0.14	1	1	0.86	unphased	0.396825396825397	0.396825396825397	1
6	69348827	69348828	73	22	2	1	1	0.14	1	1	0.86	unphased	0.827067669172932	0.827067669172932	1
6	82950258	82950259	50	16	2	1	1	0.17	1	1	0.83	unphased	0.865800865800866	0.865800865800866	1
6	105405131	105405132	52	21	2	1	1	0.09	1	1	0.91	unphased	1.02739726027397	1.02739726027397	1
6	110636561	110636562	65	27	2	1	1	0.09	1	1	0.91	unphased	1.04813664596273	1.04813664596273	1
6	112392715	112392716	95	16	2	1	1	0.09	1	1	0.91	unphased	0.514800514800515	0.514800514800515	1
6	117150149	117150150	70	10	2	1	1	0.09	1	1	0.91	unphased	0.446428571428571	0.446428571428571	1
6	134210972	134210973	59	38	2	1	1	0.09	1	1	0.91	unphased	1.39911634756996	1.39911634756996	1
6	139610050	139610051	45	11	2	1	1	0.09	1	1	0.91	unphased	0.701530612244898	0.701530612244898	1
6	144780333	144780334	27	10	2	1	1	0.09	1	1	0.91	unphased	0.965250965250965	0.965250965250965	1
6	146264656	146264657	134	25	2	1	1	0.09	1	1	0.91	unphased	0.561545372866127	0.561545372866127	1
6	146755228	146755229	160	10	2	1	1	0.09	1	1	0.91	unphased	0.210084033613445	0.210084033613445	1
6	146755562	146755563	56	18	2	1	1	0.09	1	1	0.91	unphased	0.868725868725869	0.868725868725869	1
6	161032739	161032740	185	79	2	1	1	0.09	1	1	0.91	unphased	1.06872294372294	1.06872294372294	1
6	161152218	161152219	86	24	2	1	1	0.09	1	1	0.91	unphased	0.779220779220779	0.779220779220779	1
6	167549944	167549945	93	19	2	1	1	0.09	1	1	0.91	unphased	0.605867346938776	0.665788293339314	0.91
7	1539621	1539622	27	19	2.12	2	1	0.56	1	0	0.44	unphased	1.52472049689441	0.977384933906673	1.56
7	6805388	6805389	72	13	2.12	2	1	0.56	1	0	0.44	unphased	0.564571428571429	1.00816326530612	0.56
7	31146106	31146107	49	18	2.12	2	1	0.56	1	0	0.44	unphased	0.991727078891258	0.991727078891258	1
7	48258999	48259000	83	24	2.12	2	1	0.56	1	0	0.44	unphased	0.827983978638184	0.827983978638184	1
7	48313514	48313515	31	19	2.12	2	1	0.56	1	0	0.44	unphased	1.40274285714286	1.40274285714286	1
7	72877376	72877377	222	24	2	1	1	0.49	1	1	0.51	unphased	0.348432055749129	0.683200109312017	0.51
7	82435008	82435009	18	7	2	1	1	0.49	1	1	0.51	unphased	1	1	1
7	90419936	90419937	66	10	3.88	3	1	0.96	0	1	0.04	unphased	0.717293233082707	0.717293233082707	1
7	95705416	95705417	81	20	2	1	1	0.28	1	1	0.72	unphased	0.707213578500707	0.982241081250982	0.72
7	99032700	99032701	30	42	2	2	0	1	NA	NA	NA	unphased	2.08333333333333	1.04166666666667	2
7	124404323	124404324	23	10	2	2	0	1	NA	NA	NA	unphased	1.08225108225108	1.08225108225108	1
7	128475378	128475379	54	34	2	2	0	1	NA	NA	NA	unphased	1.37987012987013	0.689935064935065	2
7	128475480	128475481	55	56	2	2	0	1	NA	NA	NA	unphased	1.8018018018018	0.900900900900901	2
7	130138281	130138282	23	25	2	2	0	1	NA	NA	NA	unphased	1.86011904761905	0.930059523809524	2
7	138603755	138603756	116	30	2	2	0	1	NA	NA	NA	unphased	0.73385518590998	0.73385518590998	1
7	141794423	141794424	49	6	2	2	0	1	NA	NA	NA	unphased	0.38961038961039	0.38961038961039	1
8	53028854	53028855	86	58	4	3	1	1	NA	NA	NA	unphased	2.24404761904762	1.12202380952381	2
8	59499149	59499150	142	39	4	3	1	1	NA	NA	NA	unphased	1.20047355958958	1.20047355958958	1
8	77766341	77766342	51	53	3.72	3	1	0.86	1	1	0.14	unphased	2.69659340659341	0.991394634776987	2.72
8	82751968	82751969	225	36	3.72	3	1	0.86	1	1	0.14	unphased	0.729852216748768	0.848665368312521	0.86
8	94800072	94800073	68	75	3.76	3	1	0.88	1	1	0.12	unphased	2.7962037962038	1.01311731746514	2.76
8	95412656	95412657	69	12	3.76	3	1	0.88	1	1	0.12	unphased	0.78984126984127	0.78984126984127	1
8	97299289	97299290	387	66	3.76	3	1	0.88	1	1	0.12	unphased	0.776764427625355	0.882686849574267	0.88
8	100587898	100587899	96	10	3.76	3	1	0.88	1	1	0.12	unphased	0.502964959568733	0.571551090419015	0.88
8	110566116	110566117	35	48	3.76	3	1	0.88	1	1	0.12	unphased	3.08323580034423	1.07056798623064	2.88
8	116427192	116427193	229	36	4	3	1	1	NA	NA	NA	unphased	0.756873315363881	0.756873315363881	1
8	127569227	127569228	37	28	4	3	1	1	NA	NA	NA	unphased	2.4	1.2	2
8	131922086	131922087	112	15	4	3	1	1	NA	NA	NA	unphased	0.658042744656918	0.658042744656918	1
8	139380201	139380202	155	20	1.36	3	1	0.12	1	0	0.88	unphased	0.335020408163265	0.335020408163265	1
8	139635975	139635976	352	72	1.36	3	1	0.12	1	0	0.88	unphased	0.497789757412399	0.497789757412399	1
8	145999906	145999907	112	16	1.36	3	1	0.12	1	0	0.88	unphased	0.366428571428571	0.366428571428571	1
9	4629092	4629093	17	16	2	2	0	1	NA	NA	NA	unphased	1.73160173160173	0.865800865800866	2
9	5064946	5064947	42	40	2	2	0	1	NA	NA	NA	unphased	1.74216027874564	0.871080139372822	2
9	5090908	5090909	85	14	1	1	0	1	NA	NA	NA	unphased	0.363636363636364	0.363636363636364	1
9	19360402	19360403	85	56	1	1	0	1	NA	NA	NA	unphased	1.02127659574468	1.02127659574468	1
9	32632418	32632419	79	109	2	2	0	1	NA	NA	NA	unphased	2.07066869300912	1.03533434650456	2
9	34269340	34269341	74	30	2	2	0	1	NA	NA	NA	unphased	1.03021978021978	1.03021978021978	1
9	37974735	37974736	40	33	2	2	0	1	NA	NA	NA	unphased	1.61448140900196	0.807240704500978	2
9	74347427	74347428	30	32	2	2	0	1	NA	NA	NA	unphased	1.84331797235023	0.921658986175115	2
9	75567943	75567944	41	17	2	2	0	1	NA	NA	NA	unphased	1.04679802955665	1.04679802955665	1
9	84268951	84268952	20	20	2	2	0	1	NA	NA	NA	unphased	1.78571428571429	0.892857142857143	2
9	99277939	99277940	9	3	2	2	0	1	NA	NA	NA	unphased	0.892857142857143	0.892857142857143	1
9	116858366	116858367	40	39	2	2	0	1	NA	NA	NA	unphased	1.7631103074141	0.881555153707052	2
9	120475236	120475237	73	68	2	2	0	1	NA	NA	NA	unphased	1.72239108409321	0.861195542046606	2
9	124976049	124976050	6	7	2	2	0	1	NA	NA	NA	unphased	1.92307692307692	0.961538461538461	2
9	128509714	128509715	4	10	2	2	0	1	NA	NA	NA	unphased	2.55102040816327	1.27551020408163	2
9	131477128	131477129	60	54	2	2	0	1	NA	NA	NA	unphased	1.69172932330827	0.845864661654135	2
9	131589357	131589358	54	35	2	2	0	1	NA	NA	NA	unphased	1.40449438202247	0.702247191011236	2
9	136282901	136282902	51	48	2	2	0	1	NA	NA	NA	unphased	1.73160173160173	0.865800865800866	2
X	1540634	1540635	119	45	NA	NA	NA	NA	NA	NA	NA	unphased	NA	NA	1
X	6069216	6069217	22	31	NA	NA	NA	NA	NA	NA	NA	unphased	NA	NA	1
X	43626796	43626797	6	11	NA	NA	NA	NA	NA	NA	NA	unphased	NA	NA	1
X	54959823	54959824	12	11	NA	NA	NA	NA	NA	NA	NA	unphased	NA	NA	1
X	69255259	69255260	10	10	NA	NA	NA	NA	NA	NA	NA	unphased	NA	NA	1
X	69652511	69652512	16	22	NA	NA	NA	NA	NA	NA	NA	unphased	NA	NA	1
X	72667405	72667406	11	12	NA	NA	NA	NA	NA	NA	NA	unphased	NA	NA	1
X	91873753	91873754	64	64	NA	NA	NA	NA	NA	NA	NA	unphased	NA	NA	1
X	102004447	102004448	74	77	NA	NA	NA	NA	NA	NA	NA	unphased	NA	NA	1
X	117959936	117959937	49	10	NA	NA	NA	NA	NA	NA	NA	unphased	NA	NA	1
X	123519773	123519774	27	38	NA	NA	NA	NA	NA	NA	NA	unphased	NA	NA	1
X	153762651	153762652	6	12	NA	NA	NA	NA	NA	NA	NA	unphased	NA	NA	1
X	155237191	155237192	48	10	NA	NA	NA	NA	NA	NA	NA	unphased	NA	NA	1
