chr	start	end	WT.count	mut.count	subclonal.CN	nMaj1	nMin1	frac1	nMaj2	nMin2	frac2	phase	mutation.copy.number	subclonal.fraction	no.chrs.bearing.mut
1	3673431	3673432	20	7	1	1	0	1	NA	NA	NA	unphased	0.737891737891738	0.737891737891738	1
1	19505623	19505624	60	37	1	1	0	1	NA	NA	NA	unphased	1.08564631245044	1.08564631245044	1
1	43826789	43826790	62	20	1.49	1	1	0.49	1	0	0.51	unphased	0.813696060037523	0.813696060037523	1
1	62293119	62293120	122	42	1.49	1	1	0.49	1	0	0.51	unphased	0.8543808630394	0.8543808630394	1
1	150933235	150933236	63	36	3	2	1	1	NA	NA	NA	unphased	1.76223776223776	0.881118881118881	2
1	158735661	158735662	147	33	2.94	2	1	0.97	0	1	0.03	unphased	0.877461538461539	0.877461538461539	1
1	205238181	205238182	131	26	3.6	2	2	0.8	1	1	0.2	unphased	0.901910828025478	0.901910828025478	1
10	31815753	31815754	27	10	2	1	1	1	NA	NA	NA	unphased	1.03950103950104	1.03950103950104	1
11	45671563	45671564	116	41	2	1	1	1	NA	NA	NA	unphased	1.00440960313572	1.00440960313572	1
11	47436090	47436091	17	7	2	1	1	1	NA	NA	NA	unphased	1.12179487179487	1.12179487179487	1
11	77378136	77378137	92	28	2	1	1	1	NA	NA	NA	unphased	0.897435897435897	0.897435897435897	1
11	93821987	93821988	41	17	2	1	1	1	NA	NA	NA	unphased	1.12732095490716	1.12732095490716	1
12	40258683	40258684	38	14	2	1	1	1	NA	NA	NA	unphased	1.03550295857988	1.03550295857988	1
12	44130209	44130210	64	13	2	1	1	1	NA	NA	NA	unphased	0.649350649350649	0.649350649350649	1
12	130898839	130898840	78	27	3	2	1	1	NA	NA	NA	unphased	1.24615384615385	1.24615384615385	1
13	86368631	86368632	75	25	1	1	0	1	NA	NA	NA	unphased	0.711538461538461	0.711538461538461	1
14	88477376	88477377	75	30	2	1	1	1	NA	NA	NA	unphased	1.0989010989011	1.0989010989011	1
14	106110068	106110069	257	84	2	1	1	1	NA	NA	NA	unphased	0.947439657117076	0.947439657117076	1
15	35086888	35086889	56	26	2	1	1	1	NA	NA	NA	unphased	1.21951219512195	1.21951219512195	1
15	43621187	43621188	89	24	2	1	1	1	NA	NA	NA	unphased	0.816882232811436	0.816882232811436	1
15	43821543	43821544	71	31	2	1	1	1	NA	NA	NA	unphased	1.16892911010558	1.16892911010558	1
16	55360338	55360339	59	17	3.91	2	2	0.97	0	1	0.03	unphased	1.28756072874494	1.28756072874494	1
16	56667863	56667864	12	4	2	2	0	1	NA	NA	NA	unphased	0.961538461538461	0.961538461538461	1
17	19470498	19470499	175	39	2	1	1	1	NA	NA	NA	unphased	0.700934579439252	0.700934579439252	1
17	55193505	55193506	61	17	2	1	1	1	NA	NA	NA	unphased	0.838264299802761	0.838264299802761	1
17	61885096	61885097	78	27	2	1	1	1	NA	NA	NA	unphased	0.989010989010989	0.989010989010989	1
17	72862630	72862631	34	13	2	1	1	1	NA	NA	NA	unphased	1.06382978723404	1.06382978723404	1
17	73059132	73059133	51	4	2	1	1	1	NA	NA	NA	unphased	0.27972027972028	0.27972027972028	1
17	77043678	77043679	101	26	2	1	1	1	NA	NA	NA	unphased	0.78740157480315	0.78740157480315	1
18	2913353	2913354	67	4	2	1	1	1	NA	NA	NA	unphased	0.216684723726977	0.216684723726977	1
18	77624225	77624226	42	8	2	1	1	1	NA	NA	NA	unphased	0.615384615384615	0.615384615384615	1
19	7594574	7594575	144	51	2	1	1	1	NA	NA	NA	unphased	1.00591715976331	1.00591715976331	1
19	34832982	34832983	163	36	2	1	1	1	NA	NA	NA	unphased	0.695786625434867	0.695786625434867	1
19	57328068	57328069	31	16	1	1	0	1	NA	NA	NA	unphased	0.968903436988543	0.968903436988543	1
2	44586871	44586872	27	13	2	1	1	1	NA	NA	NA	unphased	1.25	1.25	1
2	68358559	68358560	61	18	2	1	1	1	NA	NA	NA	unphased	0.876338851022395	0.876338851022395	1
2	124999952	124999953	17	3	2	1	1	1	NA	NA	NA	unphased	0.576923076923077	0.576923076923077	1
2	130725779	130725780	21	5	2	1	1	1	NA	NA	NA	unphased	0.739644970414201	0.739644970414201	1
2	175618380	175618381	105	11	3	2	1	1	NA	NA	NA	unphased	0.459549071618037	0.459549071618037	1
2	219301262	219301263	161	66	2	1	1	1	NA	NA	NA	unphased	1.11826499491698	1.11826499491698	1
2	225339002	225339003	26	3	2	1	1	1	NA	NA	NA	unphased	0.397877984084881	0.397877984084881	1
20	62196237	62196238	66	20	2	1	1	1	NA	NA	NA	unphased	0.894454382826476	0.894454382826476	1
21	40795119	40795120	25	3	2	1	1	1	NA	NA	NA	unphased	0.412087912087912	0.412087912087912	1
22	36900342	36900343	88	4	2	1	1	1	NA	NA	NA	unphased	0.167224080267559	0.167224080267559	1
3	10491351	10491352	13	7	2	1	1	1	NA	NA	NA	unphased	1.34615384615385	1.34615384615385	1
3	38938334	38938335	16	4	2	1	1	1	NA	NA	NA	unphased	0.769230769230769	0.769230769230769	1
3	52813574	52813575	86	22	2	1	1	1	NA	NA	NA	unphased	0.783475783475783	0.783475783475783	1
3	69120700	69120701	10	4	2	1	1	1	NA	NA	NA	unphased	1.0989010989011	1.0989010989011	1
3	150285752	150285753	30	6	2	1	1	1	NA	NA	NA	unphased	0.641025641025641	0.641025641025641	1
3	183910605	183910606	44	9	2	1	1	1	NA	NA	NA	unphased	0.653120464441219	0.653120464441219	1
5	54771206	54771207	20	5	2	1	1	1	NA	NA	NA	unphased	0.769230769230769	0.769230769230769	1
5	127483419	127483420	25	10	1	1	0	1	NA	NA	NA	unphased	0.813186813186813	0.813186813186813	1
5	140203676	140203677	52	13	2	1	1	1	NA	NA	NA	unphased	0.769230769230769	0.769230769230769	1
5	140236996	140236997	226	69	2	1	1	1	NA	NA	NA	unphased	0.899608865710561	0.899608865710561	1
6	17629176	17629177	66	13	2.26	2	1	0.63	1	0	0.37	unphased	0.675696202531646	0.675696202531646	1
6	28219796	28219797	85	20	2.26	2	1	0.63	1	0	0.37	unphased	0.782124542124542	0.782124542124542	1
6	37414094	37414095	155	50	2.24	2	1	0.62	1	0	0.38	unphased	0.996622889305816	0.996622889305816	1
6	44219920	44219921	31	12	2.24	2	1	0.62	1	0	0.38	unphased	1.14032200357782	1.14032200357782	1
6	51751971	51751972	42	16	2.24	2	1	0.62	1	0	0.38	unphased	1.12721485411141	1.12721485411141	1
6	75838064	75838065	21	14	1	1	0	1	NA	NA	NA	unphased	1.13846153846154	1.13846153846154	1
7	26232190	26232191	110	36	2	1	1	1	NA	NA	NA	unphased	0.948366701791359	0.948366701791359	1
7	82584954	82584955	92	31	2	1	1	1	NA	NA	NA	unphased	0.969355847404628	0.969355847404628	1
7	100962286	100962287	55	17	2	1	1	1	NA	NA	NA	unphased	0.908119658119658	0.908119658119658	1
7	140453135	140453136	37	7	2	1	1	1	NA	NA	NA	unphased	0.611888111888112	0.611888111888112	1
8	13948146	13948147	28	9	2	1	1	1	NA	NA	NA	unphased	0.935550935550936	0.935550935550936	1
8	102705019	102705020	39	12	2	1	1	1	NA	NA	NA	unphased	0.904977375565611	0.904977375565611	1
8	110466980	110466981	48	19	2	1	1	1	NA	NA	NA	unphased	1.09070034443169	1.09070034443169	1
9	379810	379811	36	8	1	1	0	1	NA	NA	NA	unphased	0.517482517482518	0.517482517482518	1
9	2115836	2115837	8	4	1	1	0	1	NA	NA	NA	unphased	0.948717948717949	0.948717948717949	1
X	57146439	57146440	39	8	NA	NA	NA	NA	NA	NA	NA	unphased	NA	NA	1
X	117809950	117809951	14	3	NA	NA	NA	NA	NA	NA	NA	unphased	NA	NA	1
