chr	start	end	WT.count	mut.count	subclonal.CN	nMaj1	nMin1	frac1	nMaj2	nMin2	frac2	phase	mutation.copy.number	subclonal.fraction	no.chrs.bearing.mut
1	24409128	24409129	31	12	1	1	0	1	NA	NA	NA	unphased	0.606866002214839	0.606866002214839	1
1	66458654	66458655	41	29	1	1	0	1	NA	NA	NA	unphased	0.900907029478458	0.900907029478458	1
1	94054665	94054666	10	11	1	1	0	1	NA	NA	NA	unphased	1.13907785336357	1.13907785336357	1
1	103462639	103462640	164	28	1	1	0	1	NA	NA	NA	unphased	0.31712962962963	0.31712962962963	1
1	113241078	113241079	18	16	1	1	0	1	NA	NA	NA	unphased	1.02334267040149	1.02334267040149	1
1	149885214	149885215	81	40	2	1	1	0.27	1	1	0.73	unphased	1.04945559491014	1.04945559491014	1
1	150238587	150238588	11	3	2	1	1	0.27	1	1	0.73	unphased	0.680272108843537	0.680272108843537	1
1	152777563	152777564	77	50	2	1	1	0.27	1	1	0.73	unphased	1.24984376952881	1.24984376952881	1
1	155144965	155144966	25	11	2	1	1	0.27	1	1	0.73	unphased	0.970017636684303	0.970017636684303	1
1	157545265	157545266	11	5	2	1	1	0.27	1	1	0.73	unphased	0.992063492063492	0.992063492063492	1
1	157771957	157771958	46	9	2	1	1	0.27	1	1	0.73	unphased	0.519480519480519	0.711617149973314	0.73
1	186919849	186919850	41	5	2	1	1	0.27	1	1	0.73	unphased	0.345065562456867	0.472692551310776	0.73
1	215342552	215342553	57	54	2.22	2	1	0.22	1	1	0.78	unphased	1.65142857142857	1.3536299765808	1.22
1	237893581	237893582	72	5	2.22	2	1	0.22	1	1	0.78	unphased	0.220428777571635	1.00194898896198	0.22
1	245851455	245851456	14	4	2.22	2	1	0.22	1	1	0.78	unphased	0.754356261022928	0.754356261022928	1
1	248512805	248512806	117	30	NA	NA	NA	NA	NA	NA	NA	unphased	NA	NA	1
1	249119013	249119014	168	173	NA	NA	NA	NA	NA	NA	NA	unphased	NA	NA	1
10	32562186	32562187	31	12	2	1	1	1	NA	NA	NA	unphased	0.8859357696567	0.8859357696567	1
10	89685280	89685281	12	2	1	1	0	1	NA	NA	NA	unphased	0.310657596371882	0.310657596371882	1
10	126694380	126694381	58	26	1	1	0	1	NA	NA	NA	unphased	0.673091458805745	0.673091458805745	1
11	4967780	4967781	207	23	2	1	1	0.1	1	1	0.9	unphased	0.317460317460317	0.317460317460317	1
11	6942715	6942716	92	33	2	1	1	0.1	1	1	0.9	unphased	0.838095238095238	0.838095238095238	1
11	35684685	35684686	25	8	2	1	1	0.1	1	1	0.9	unphased	0.76960076960077	0.76960076960077	1
11	55321921	55321922	104	36	2	1	1	0.12	1	1	0.88	unphased	0.816326530612245	0.816326530612245	1
11	55652938	55652939	80	20	2	1	1	0.12	1	1	0.88	unphased	0.634920634920635	0.721500721500722	0.88
11	55703048	55703049	31	4	2	1	1	0.12	1	1	0.88	unphased	0.36281179138322	0.36281179138322	1
11	56043513	56043514	179	43	2	1	1	0.12	1	1	0.88	unphased	0.614900614900615	0.614900614900615	1
11	56510827	56510828	118	10	2	1	1	0.12	1	1	0.88	unphased	0.248015873015873	0.248015873015873	1
11	62414649	62414650	126	28	2	1	1	0.12	1	1	0.88	unphased	0.577200577200577	0.577200577200577	1
11	70118530	70118531	150	9	2	1	1	0.12	1	1	0.88	unphased	0.179694519317161	0.179694519317161	1
11	113604517	113604518	70	10	2	1	1	0.12	1	1	0.88	unphased	0.396825396825397	0.396825396825397	1
11	113650681	113650682	83	33	2	1	1	0.12	1	1	0.88	unphased	0.90311986863711	0.90311986863711	1
11	120352095	120352096	57	21	2	1	1	0.12	1	1	0.88	unphased	0.854700854700855	0.854700854700855	1
11	125616555	125616556	51	23	2	1	1	0.12	1	1	0.88	unphased	0.986700986700987	0.986700986700987	1
12	1993990	1993991	23	7	2	1	1	1	NA	NA	NA	unphased	0.740740740740741	0.740740740740741	1
12	23818414	23818415	118	43	2	1	1	1	NA	NA	NA	unphased	0.847875382036873	0.847875382036873	1
12	29608205	29608206	84	24	2	1	1	1	NA	NA	NA	unphased	0.705467372134039	0.705467372134039	1
12	44913969	44913970	29	5	2	1	1	1	NA	NA	NA	unphased	0.466853408029879	0.466853408029879	1
12	53453917	53453918	34	3	2	1	1	1	NA	NA	NA	unphased	0.257400257400257	0.257400257400257	1
12	56817679	56817680	52	22	2	1	1	1	NA	NA	NA	unphased	0.943800943800944	0.943800943800944	1
12	85492727	85492728	34	25	2	1	1	1	NA	NA	NA	unphased	1.34517083669626	1.34517083669626	1
12	101017862	101017863	118	53	2	1	1	1	NA	NA	NA	unphased	0.983941334818528	0.983941334818528	1
12	109198952	109198953	25	9	2	1	1	1	NA	NA	NA	unphased	0.840336134453782	0.840336134453782	1
12	122620094	122620095	14	3	2	1	1	1	NA	NA	NA	unphased	0.560224089635854	0.560224089635854	1
13	45971405	45971406	45	26	1.82	1	0	0.18	1	1	0.82	unphased	1.09661524703778	1.09661524703778	1
13	46067528	46067529	82	28	1.82	1	0	0.18	1	1	0.82	unphased	0.762262626262626	0.929588568612959	0.82
13	72440798	72440799	18	6	1.82	1	0	0.18	1	1	0.82	unphased	0.748650793650794	0.748650793650794	1
14	44975261	44975262	56	14	2	1	1	0.08	1	1	0.92	unphased	0.634920634920635	0.690131124913734	0.92
14	91975898	91975899	9	6	2	1	1	0.12	1	1	0.88	unphased	1.26984126984127	1.26984126984127	1
14	94155011	94155012	70	7	2	1	1	0.12	1	1	0.88	unphased	0.288600288600289	0.288600288600289	1
14	103390109	103390110	51	25	2	1	1	0.12	1	1	0.88	unphased	1.04427736006683	1.04427736006683	1
15	20643906	20643907	72	20	NA	NA	NA	NA	NA	NA	NA	unphased	NA	NA	1
15	20644180	20644181	28	13	NA	NA	NA	NA	NA	NA	NA	unphased	NA	NA	1
15	38234552	38234553	98	5	2	1	1	1	NA	NA	NA	unphased	0.154106950223455	0.154106950223455	1
15	58902666	58902667	72	27	2	1	1	1	NA	NA	NA	unphased	0.865800865800866	0.865800865800866	1
15	92647666	92647667	84	8	2	1	1	1	NA	NA	NA	unphased	0.276052449965493	0.276052449965493	1
16	24817980	24817981	70	8	1	1	0	0.03	0	1	0.97	unphased	0.223036223036223	0.223036223036223	1
16	28855841	28855842	44	4	1	1	0	0.03	0	1	0.97	unphased	0.181216931216931	0.181216931216931	1
16	30389180	30389181	43	10	1	1	0	0.03	0	1	0.97	unphased	0.410302485774184	0.410302485774184	1
17	7577104	7577105	21	37	2	1	1	1	NA	NA	NA	unphased	2.02517788724685	2.02517788724685	1
17	10408591	10408592	68	33	2	1	1	1	NA	NA	NA	unphased	1.03724658180104	1.03724658180104	1
17	26518178	26518179	57	9	2	1	1	1	NA	NA	NA	unphased	0.432900432900433	0.432900432900433	1
17	35836980	35836981	116	55	2	1	1	1	NA	NA	NA	unphased	1.02107119650979	1.02107119650979	1
17	37224149	37224150	72	30	2	1	1	1	NA	NA	NA	unphased	0.933706816059757	0.933706816059757	1
17	39471636	39471637	29	7	2	1	1	1	NA	NA	NA	unphased	0.617283950617284	0.617283950617284	1
17	55189849	55189850	49	14	2	1	1	1	NA	NA	NA	unphased	0.705467372134039	0.705467372134039	1
17	56565316	56565317	26	9	2	1	1	1	NA	NA	NA	unphased	0.816326530612245	0.816326530612245	1
17	56676457	56676458	145	26	2	1	1	1	NA	NA	NA	unphased	0.482688201986448	0.482688201986448	1
17	57262818	57262819	71	14	2	1	1	1	NA	NA	NA	unphased	0.522875816993464	0.522875816993464	1
17	61901197	61901198	101	44	2	1	1	1	NA	NA	NA	unphased	0.963327859879584	0.963327859879584	1
17	74071275	74071276	50	8	2	1	1	1	NA	NA	NA	unphased	0.437876299945265	0.437876299945265	1
17	74729442	74729443	46	23	2	1	1	1	NA	NA	NA	unphased	1.05820105820106	1.05820105820106	1
18	47431181	47431182	29	3	1	1	0	1	NA	NA	NA	unphased	0.203869047619048	0.203869047619048	1
18	63511117	63511118	55	11	1	1	0	1	NA	NA	NA	unphased	0.362433862433862	0.362433862433862	1
19	1012110	1012111	11	9	1	1	0	1	NA	NA	NA	unphased	0.978571428571429	0.978571428571429	1
19	10597367	10597368	145	35	1.05	1	1	0.05	0	1	0.95	unphased	0.432561728395062	0.432561728395062	1
19	17394093	17394094	102	12	1.05	1	1	0.05	0	1	0.95	unphased	0.234168755221387	0.234168755221387	1
19	20807836	20807837	86	8	1.05	1	1	0.05	0	1	0.95	unphased	0.189327929753462	0.189327929753462	1
19	32927385	32927386	80	26	1.05	1	1	0.05	0	1	0.95	unphased	0.545657382449835	0.545657382449835	1
19	36019115	36019116	66	37	1.05	1	1	0.05	0	1	0.95	unphased	0.799129295731237	0.799129295731237	1
19	36207127	36207128	23	11	1.05	1	1	0.05	0	1	0.95	unphased	0.719724556489262	0.719724556489262	1
19	36275113	36275114	55	23	1.05	1	1	0.05	0	1	0.95	unphased	0.655972730972731	0.655972730972731	1
19	43576041	43576042	170	65	1.05	1	1	0.05	0	1	0.95	unphased	0.61531577169875	0.61531577169875	1
19	55350951	55350952	152	67	1.05	1	1	0.05	0	1	0.95	unphased	0.680586359353483	0.680586359353483	1
19	55798411	55798412	57	7	1.05	1	1	0.05	0	1	0.95	unphased	0.243315972222222	0.243315972222222	1
2	7160758	7160759	100	21	2	1	1	1	NA	NA	NA	unphased	0.550964187327824	0.550964187327824	1
2	7160759	7160760	101	21	2	1	1	1	NA	NA	NA	unphased	0.546448087431694	0.546448087431694	1
2	8936987	8936988	153	14	2	1	1	1	NA	NA	NA	unphased	0.266134397870925	0.266134397870925	1
2	15763644	15763645	56	5	2	1	1	1	NA	NA	NA	unphased	0.260213374967473	0.260213374967473	1
2	26725283	26725284	19	8	2	1	1	1	NA	NA	NA	unphased	0.940623162845385	0.940623162845385	1
2	48897112	48897113	59	32	2	1	1	1	NA	NA	NA	unphased	1.11634397348683	1.11634397348683	1
2	79254949	79254950	99	48	2	1	1	1	NA	NA	NA	unphased	1.03660511823777	1.03660511823777	1
2	88874319	88874320	199	28	2	1	1	1	NA	NA	NA	unphased	0.391581008321096	0.391581008321096	1
2	90060470	90060471	22	29	2	1	1	1	NA	NA	NA	unphased	1.80516651104886	1.80516651104886	1
2	98736004	98736005	85	10	2	1	1	1	NA	NA	NA	unphased	0.334168755221387	0.334168755221387	1
2	141986777	141986778	72	14	2	1	1	1	NA	NA	NA	unphased	0.516795865633075	0.516795865633075	1
2	145147385	145147386	62	17	2	1	1	0.1	1	1	0.9	unphased	0.683142455294354	0.759047172549282	0.9
2	152315391	152315392	61	19	2	1	1	0.1	1	1	0.9	unphased	0.753968253968254	0.753968253968254	1
2	158162314	158162315	39	22	2	1	1	0.1	1	1	0.9	unphased	1.14493884985688	1.14493884985688	1
2	175450301	175450302	12	19	3.46	3	1	0.82	1	0	0.18	unphased	2.84056323604711	1.00729192767628	2.82
2	179453318	179453319	506	22	4.64	5	1	0.66	1	1	0.34	unphased	0.242275132275132	0.242275132275132	1
2	179453482	179453483	156	13	4.64	5	1	0.66	1	1	0.34	unphased	0.447277167277167	0.677692677692678	0.66
2	179585327	179585328	12	33	4.64	5	1	0.66	1	1	0.34	unphased	4.26404232804233	0.987046835194983	4.32
2	179611577	179611578	70	127	4.64	5	1	0.66	1	1	0.34	unphased	3.74850052372895	1.02418047096419	3.66
2	202591973	202591974	179	9	3.35	5	1	0.47	1	0	0.53	unphased	0.216603343465046	0.216603343465046	1
2	211504768	211504769	33	25	1	1	0	1	NA	NA	NA	unphased	0.937328954570334	0.937328954570334	1
2	240981442	240981443	81	38	1	1	0	1	NA	NA	NA	unphased	0.694411097772442	0.694411097772442	1
20	36767867	36767868	65	6	2	1	1	0.29	1	1	0.71	unphased	0.268276324614353	0.268276324614353	1
20	40790157	40790158	51	15	2	1	1	0.29	1	1	0.71	unphased	0.721500721500721	0.721500721500721	1
20	62606835	62606836	53	5	NA	NA	NA	NA	NA	NA	NA	unphased	NA	NA	1
21	37618455	37618456	51	8	1.85	1	0	0.15	1	1	0.85	unphased	0.410115684691956	0.410115684691956	1
21	42064816	42064817	68	12	1.85	1	0	0.15	1	1	0.85	unphased	0.453690476190476	0.453690476190476	1
22	26306960	26306961	14	6	1.42	1	1	0.42	1	0	0.58	unphased	0.778380952380952	0.778380952380952	1
22	29196049	29196050	17	6	1.42	1	1	0.42	1	0	0.58	unphased	0.676853002070393	0.676853002070393	1
22	39357657	39357658	86	9	1.42	1	1	0.42	1	0	0.58	unphased	0.245804511278195	0.585248836376656	0.42
22	41318335	41318336	126	87	1.42	1	1	0.42	1	0	0.58	unphased	1.059767493852	1.059767493852	1
22	41621026	41621027	137	9	1.42	1	1	0.42	1	0	0.58	unphased	0.159941291585127	0.159941291585127	1
3	89499512	89499513	86	20	1.54	2	1	0.27	1	0	0.73	unphased	0.512189278227014	0.512189278227014	1
3	100489749	100489750	101	31	1.47	1	1	0.47	1	0	0.53	unphased	0.621081048581049	1.32144903953415	0.47
3	130293335	130293336	50	7	1.47	1	1	0.47	1	0	0.53	unphased	0.324775828460039	0.691012400978806	0.47
3	150340835	150340836	41	8	1.47	1	1	0.47	1	0	0.53	unphased	0.431771946873988	0.918663716753165	0.47
4	3319282	3319283	32	25	1	1	0	1	NA	NA	NA	unphased	0.953773322194375	0.953773322194375	1
4	4411401	4411402	44	4	1	1	0	1	NA	NA	NA	unphased	0.181216931216931	0.181216931216931	1
4	52862252	52862253	57	10	2	1	1	1	NA	NA	NA	unphased	0.473821369343757	0.473821369343757	1
4	85731205	85731206	168	8	2	1	1	1	NA	NA	NA	unphased	0.144300144300144	0.144300144300144	1
4	109578794	109578795	23	12	2	1	1	1	NA	NA	NA	unphased	1.08843537414966	1.08843537414966	1
4	128841759	128841760	47	25	2	1	1	0.11	1	1	0.89	unphased	1.10229276895944	1.10229276895944	1
4	176594834	176594835	44	21	2	1	1	0.11	1	1	0.89	unphased	1.02564102564103	1.02564102564103	1
5	13922243	13922244	57	15	2.83	2	1	0.83	1	1	0.17	unphased	0.834292328042328	0.834292328042328	1
5	19591170	19591171	59	12	2.83	2	1	0.83	1	1	0.17	unphased	0.676834339369551	0.676834339369551	1
5	149929314	149929315	13	15	1	1	0	1	NA	NA	NA	unphased	1.16496598639456	1.16496598639456	1
6	3085584	3085585	60	19	2	1	1	0.12	1	1	0.88	unphased	0.763512155917219	0.763512155917219	1
6	17637402	17637403	70	17	2	1	1	0.12	1	1	0.88	unphased	0.620324758255793	0.704914498017946	0.88
6	26123855	26123856	76	26	2	1	1	0.12	1	1	0.88	unphased	0.809212573918456	0.809212573918456	1
6	27806044	27806045	31	8	2	1	1	0.12	1	1	0.88	unphased	0.651200651200651	0.651200651200651	1
6	38976593	38976594	112	19	2	1	1	0.12	1	1	0.88	unphased	0.46043862837756	0.46043862837756	1
6	47253827	47253828	68	20	2	1	1	0.12	1	1	0.88	unphased	0.721500721500721	0.819887183523547	0.88
6	51720778	51720779	90	23	2	1	1	0.12	1	1	0.88	unphased	0.646158168282062	0.734270645775071	0.88
6	99850499	99850500	131	47	1	1	0	1	NA	NA	NA	unphased	0.574192973069378	0.574192973069378	1
6	116288882	116288883	43	9	1	1	0	1	NA	NA	NA	unphased	0.376373626373626	0.376373626373626	1
6	152793518	152793519	43	47	1	1	0	1	NA	NA	NA	unphased	1.13562610229277	1.13562610229277	1
6	161132142	161132143	32	18	1	1	0	1	NA	NA	NA	unphased	0.782857142857143	0.782857142857143	1
7	4153817	4153818	29	12	2	1	1	1	NA	NA	NA	unphased	0.929152148664344	0.929152148664344	1
7	50534946	50534947	117	35	2	1	1	1	NA	NA	NA	unphased	0.730994152046784	0.730994152046784	1
7	51095456	51095457	77	43	2	1	1	1	NA	NA	NA	unphased	1.13756613756614	1.13756613756614	1
7	84651720	84651721	148	34	2	1	1	1	NA	NA	NA	unphased	0.593057735914879	0.593057735914879	1
7	88966071	88966072	186	14	2	1	1	1	NA	NA	NA	unphased	0.222222222222222	0.222222222222222	1
7	107312668	107312669	58	24	2	1	1	1	NA	NA	NA	unphased	0.929152148664344	0.929152148664344	1
7	148768475	148768476	21	5	2	1	1	1	NA	NA	NA	unphased	0.610500610500611	0.610500610500611	1
8	10466504	10466505	58	58	1	1	0	1	NA	NA	NA	unphased	1.08730158730159	1.08730158730159	1
8	18079637	18079638	81	78	1	1	0	1	NA	NA	NA	unphased	1.06678646301288	1.06678646301288	1
8	68049762	68049763	14	7	2	1	1	0.11	1	1	0.89	unphased	1.05820105820106	1.05820105820106	1
8	69621302	69621303	33	7	2	1	1	0.11	1	1	0.89	unphased	0.555555555555555	0.624219725343321	0.89
8	89053688	89053689	103	41	2	1	1	0.11	1	1	0.89	unphased	0.903880070546737	0.903880070546737	1
8	113353708	113353709	40	35	1.02	2	1	0.01	0	1	0.99	unphased	1.02414814814815	1.02414814814815	1
8	121463464	121463465	24	30	1.02	2	1	0.01	0	1	0.99	unphased	1.21922398589065	1.21922398589065	1
8	133053841	133053842	24	27	1.02	2	1	0.01	0	1	0.99	unphased	1.1618487394958	1.1618487394958	1
8	139263165	139263166	169	40	1.02	2	1	0.01	0	1	0.99	unphased	0.420019746335536	0.420019746335536	1
9	117908	117909	44	83	NA	NA	NA	NA	NA	NA	NA	unphased	NA	NA	1
9	32631973	32631974	210	32	2.38	2	1	0.38	1	1	0.62	unphased	0.470030171848354	1.23692150486409	0.38
9	116176058	116176059	51	18	1.09	1	1	0.09	1	0	0.91	unphased	0.590766045548654	0.590766045548654	1
9	139362870	139362871	43	21	1.09	1	1	0.09	1	0	0.91	unphased	0.743072916666667	0.743072916666667	1
X	2828764	2828765	50	70	NA	NA	NA	NA	NA	NA	NA	unphased	NA	NA	1
X	3019215	3019216	26	40	NA	NA	NA	NA	NA	NA	NA	unphased	NA	NA	1
X	49845279	49845280	23	7	NA	NA	NA	NA	NA	NA	NA	unphased	NA	NA	1
X	67937467	67937468	8	21	NA	NA	NA	NA	NA	NA	NA	unphased	NA	NA	1
X	138884424	138884425	50	73	NA	NA	NA	NA	NA	NA	NA	unphased	NA	NA	1
