chr	start	end	WT.count	mut.count	subclonal.CN	nMaj1	nMin1	frac1	nMaj2	nMin2	frac2	phase	mutation.copy.number	subclonal.fraction	no.chrs.bearing.mut
1	1290643	1290644	25	10	NA	NA	NA	NA	NA	NA	NA	unphased	NA	NA	1
1	3751512	3751513	6	4	4	2	2	1	NA	NA	NA	unphased	2.7047619047619	1.35238095238095	2
1	13669339	13669340	18	7	4	2	2	1	NA	NA	NA	unphased	1.89333333333333	1.89333333333333	1
1	16725937	16725938	44	13	4	2	2	1	NA	NA	NA	unphased	1.5421888053467	1.5421888053467	1
1	16945712	16945713	163	22	4	2	2	1	NA	NA	NA	unphased	0.804118404118404	0.804118404118404	1
1	23695807	23695808	55	5	4	2	2	1	NA	NA	NA	unphased	0.563492063492063	0.563492063492063	1
1	24078310	24078311	262	34	4	2	2	1	NA	NA	NA	unphased	0.776705276705277	0.776705276705277	1
1	27124408	27124409	33	10	4	2	2	1	NA	NA	NA	unphased	1.57253599114064	1.57253599114064	1
1	32196415	32196416	75	30	4	2	2	1	NA	NA	NA	unphased	1.93197278911565	0.965986394557823	2
1	34083125	34083126	38	8	4	2	2	1	NA	NA	NA	unphased	1.175983436853	1.175983436853	1
1	35940504	35940505	56	5	4	2	2	1	NA	NA	NA	unphased	0.554254488680718	0.554254488680718	1
1	36235529	36235530	50	17	4	2	2	1	NA	NA	NA	unphased	1.71570717839375	0.857853589196873	2
1	38019897	38019898	18	4	4	2	2	1	NA	NA	NA	unphased	1.22943722943723	1.22943722943723	1
1	38078307	38078308	32	19	4	2	2	1	NA	NA	NA	unphased	2.51914098972922	1.25957049486461	2
1	43805147	43805148	72	30	4	2	2	1	NA	NA	NA	unphased	1.98879551820728	0.994397759103641	2
1	49224777	49224778	49	24	4	2	2	1	NA	NA	NA	unphased	2.22309197651663	1.11154598825832	2
1	49224781	49224782	50	21	4	2	2	1	NA	NA	NA	unphased	2	1	2
1	52489194	52489195	61	31	4	2	2	1	NA	NA	NA	unphased	2.27846790890269	1.13923395445135	2
1	65047887	65047888	59	15	4	2	2	1	NA	NA	NA	unphased	1.37065637065637	1.37065637065637	1
1	67195020	67195021	96	37	4	2	2	1	NA	NA	NA	unphased	1.88113139992839	0.940565699964196	2
1	78546512	78546513	40	16	4	2	2	1	NA	NA	NA	unphased	1.93197278911565	0.965986394557823	2
1	92441924	92441925	46	19	4	2	2	1	NA	NA	NA	unphased	1.97655677655678	0.988278388278388	2
1	110294719	110294720	227	33	4	2	2	1	NA	NA	NA	unphased	0.858241758241758	0.858241758241758	1
1	115220607	115220608	46	19	4	2	2	1	NA	NA	NA	unphased	1.97655677655678	0.988278388278388	2
1	115829132	115829133	41	17	4	2	2	1	NA	NA	NA	unphased	1.98193760262726	0.990968801313629	2
1	149877571	149877572	51	12	4	2	2	1	NA	NA	NA	unphased	1.28798185941043	1.28798185941043	1
1	152648888	152648889	37	6	4	2	2	1	NA	NA	NA	unphased	0.943521594684385	0.943521594684385	1
1	152733234	152733235	58	21	4	2	2	1	NA	NA	NA	unphased	1.79746835443038	0.89873417721519	2
1	152957746	152957747	129	47	4	2	2	1	NA	NA	NA	unphased	1.80573593073593	0.902867965367965	2
1	156374325	156374326	62	9	4	2	2	1	NA	NA	NA	unphased	0.857142857142857	0.857142857142857	1
1	156507065	156507066	49	26	4	2	2	1	NA	NA	NA	unphased	2.34412698412698	1.17206349206349	2
1	158669867	158669868	77	28	4	2	2	1	NA	NA	NA	unphased	1.8031746031746	0.901587301587301	2
1	160111105	160111106	59	13	4	2	2	1	NA	NA	NA	unphased	1.22089947089947	1.22089947089947	1
1	170521192	170521193	110	43	4	2	2	1	NA	NA	NA	unphased	1.90040460628696	0.95020230314348	2
1	175332843	175332844	58	22	4	2	2	1	NA	NA	NA	unphased	1.85952380952381	0.929761904761905	2
1	175372665	175372666	141	22	4	2	2	1	NA	NA	NA	unphased	0.912649722465673	0.912649722465673	1
1	181764027	181764028	47	16	4	2	2	1	NA	NA	NA	unphased	1.71730914588057	0.858654572940287	2
1	198703529	198703530	269	113	4	2	2	1	NA	NA	NA	unphased	2.00024931438544	1.00012465719272	2
1	200843049	200843050	66	32	4	2	2	1	NA	NA	NA	unphased	2.20796890184645	1.10398445092323	2
1	200961497	200961498	83	24	4	2	2	1	NA	NA	NA	unphased	1.51668891855808	0.758344459279039	2
1	201294191	201294192	169	39	4	2	2	1	NA	NA	NA	unphased	1.26785714285714	1.26785714285714	1
1	204924038	204924039	220	50	4	2	2	1	NA	NA	NA	unphased	1.25220458553792	1.25220458553792	1
1	206972236	206972237	60	15	4	2	2	1	NA	NA	NA	unphased	1.35238095238095	1.35238095238095	1
1	208061057	208061058	39	16	4	2	2	1	NA	NA	NA	unphased	1.96709956709957	0.983549783549784	2
1	209907872	209907873	45	14	4	2	2	1	NA	NA	NA	unphased	1.6045197740113	0.80225988700565	2
1	237982470	237982471	106	33	4	2	2	1	NA	NA	NA	unphased	1.60534429599178	0.802672147995889	2
1	241729847	241729848	67	22	4	2	2	1	NA	NA	NA	unphased	1.67148207597646	0.835741037988229	2
1	247588838	247588839	38	9	4	2	2	1	NA	NA	NA	unphased	1.29483282674772	1.29483282674772	1
1	247654602	247654603	57	18	4	2	2	1	NA	NA	NA	unphased	1.62285714285714	0.811428571428571	2
1	248059224	248059225	72	20	NA	NA	NA	NA	NA	NA	NA	unphased	NA	NA	1
1	248308854	248308855	380	70	NA	NA	NA	NA	NA	NA	NA	unphased	NA	NA	1
10	7214468	7214469	18	6	2	1	1	1	NA	NA	NA	unphased	1.19047619047619	1.19047619047619	1
10	7618932	7618933	47	8	2	1	1	1	NA	NA	NA	unphased	0.692640692640693	0.692640692640693	1
10	23326201	23326202	49	12	2	1	1	1	NA	NA	NA	unphased	0.936768149882904	0.936768149882904	1
10	48429281	48429282	27	4	2	1	1	1	NA	NA	NA	unphased	0.614439324116744	0.614439324116744	1
10	50732560	50732561	109	34	2	1	1	1	NA	NA	NA	unphased	1.13220113220113	1.13220113220113	1
10	51589272	51589273	22	9	2	1	1	1	NA	NA	NA	unphased	1.38248847926267	1.38248847926267	1
10	56287576	56287577	41	8	2	1	1	1	NA	NA	NA	unphased	0.777453838678328	0.777453838678328	1
10	99771077	99771078	94	16	2	1	1	1	NA	NA	NA	unphased	0.692640692640693	0.692640692640693	1
10	99771078	99771079	91	16	2	1	1	1	NA	NA	NA	unphased	0.712060525144637	0.712060525144637	1
10	102054718	102054719	18	12	2	1	1	1	NA	NA	NA	unphased	1.9047619047619	1.9047619047619	1
10	114181794	114181795	65	5	2	1	1	1	NA	NA	NA	unphased	0.340136054421769	0.340136054421769	1
10	129913898	129913899	18	6	2	1	1	1	NA	NA	NA	unphased	1.19047619047619	1.19047619047619	1
10	135165894	135165895	69	14	2	1	1	1	NA	NA	NA	unphased	0.803212851405622	0.803212851405622	1
11	883185	883186	108	34	3	2	1	1	NA	NA	NA	unphased	1.37961099932931	0.689805499664655	2
11	1151660	1151661	6	3	3	2	1	1	NA	NA	NA	unphased	1.92063492063492	1.92063492063492	1
11	1215421	1215422	28	14	3	2	1	1	NA	NA	NA	unphased	1.92063492063492	0.96031746031746	2
11	3381279	3381280	109	18	3	2	1	1	NA	NA	NA	unphased	0.816647919010124	0.816647919010124	1
11	3687437	3687438	85	15	3	2	1	1	NA	NA	NA	unphased	0.864285714285714	0.864285714285714	1
11	4621863	4621864	46	9	3	2	1	1	NA	NA	NA	unphased	0.942857142857143	0.942857142857143	1
11	5291154	5291155	34	4	3	2	1	1	NA	NA	NA	unphased	0.606516290726817	0.606516290726817	1
11	6292656	6292657	78	11	3	2	1	1	NA	NA	NA	unphased	0.712145532370251	0.712145532370251	1
11	6913061	6913062	27	19	3	2	1	1	NA	NA	NA	unphased	2.37991718426501	1.18995859213251	2
11	18591864	18591865	26	8	3	2	1	1	NA	NA	NA	unphased	1.35574229691877	1.35574229691877	1
11	30032226	30032227	40	11	3	2	1	1	NA	NA	NA	unphased	1.24276377217554	1.24276377217554	1
11	30942329	30942330	30	13	3	2	1	1	NA	NA	NA	unphased	1.74197120708749	0.870985603543743	2
11	31086700	31086701	31	13	3	2	1	1	NA	NA	NA	unphased	1.70238095238095	0.851190476190476	2
11	34218978	34218979	42	8	3	2	1	1	NA	NA	NA	unphased	0.921904761904762	0.921904761904762	1
11	45672283	45672284	66	15	3	2	1	1	NA	NA	NA	unphased	1.06701940035273	1.06701940035273	1
11	45880389	45880390	37	11	3	2	1	1	NA	NA	NA	unphased	1.32043650793651	1.32043650793651	1
11	45925560	45925561	106	20	3	2	1	1	NA	NA	NA	unphased	0.9145880574452	0.9145880574452	1
11	46430093	46430094	24	21	3	2	1	1	NA	NA	NA	unphased	2.68888888888889	1.34444444444444	2
11	46839863	46839864	69	9	3	2	1	1	NA	NA	NA	unphased	0.664835164835165	0.664835164835165	1
11	47381420	47381421	46	25	3	2	1	1	NA	NA	NA	unphased	2.02883970489604	1.01441985244802	2
11	48510912	48510913	111	29	3	2	1	1	NA	NA	NA	unphased	1.19353741496599	1.19353741496599	1
11	55111359	55111360	108	18	3	2	1	1	NA	NA	NA	unphased	0.82312925170068	0.82312925170068	1
11	55890471	55890472	123	24	3	2	1	1	NA	NA	NA	unphased	0.940719144800777	0.940719144800777	1
11	55999733	55999734	89	23	3	2	1	1	NA	NA	NA	unphased	1.18324829931973	1.18324829931973	1
11	56954807	56954808	78	17	3	2	1	1	NA	NA	NA	unphased	1.03107769423559	1.03107769423559	1
11	57004437	57004438	54	28	3	2	1	1	NA	NA	NA	unphased	1.96747967479675	0.983739837398374	2
11	57947581	57947582	100	35	3	2	1	1	NA	NA	NA	unphased	1.49382716049383	0.746913580246914	2
11	58035219	58035220	64	10	3	2	1	1	NA	NA	NA	unphased	0.778635778635779	0.778635778635779	1
11	59271632	59271633	141	58	3	2	1	1	NA	NA	NA	unphased	1.67934912658531	0.839674563292654	2
11	64359045	64359046	144	30	3	2	1	1	NA	NA	NA	unphased	0.993431855500821	0.993431855500821	1
11	65631995	65631996	45	6	3	2	1	1	NA	NA	NA	unphased	0.677871148459384	0.677871148459384	1
11	69970496	69970497	31	8	3	2	1	1	NA	NA	NA	unphased	1.18192918192918	1.18192918192918	1
11	102395787	102395788	30	15	3	2	1	1	NA	NA	NA	unphased	1.92063492063492	0.96031746031746	2
11	113660445	113660446	11	5	3	2	1	1	NA	NA	NA	unphased	1.80059523809524	1.80059523809524	1
11	117389379	117389380	27	10	3	2	1	1	NA	NA	NA	unphased	1.55727155727156	1.55727155727156	1
11	119182595	119182596	80	51	3	2	1	1	NA	NA	NA	unphased	2.24318429661941	1.12159214830971	2
11	122680460	122680461	28	14	3	2	1	1	NA	NA	NA	unphased	1.92063492063492	0.96031746031746	2
11	123901173	123901174	101	18	3	2	1	1	NA	NA	NA	unphased	0.871548619447779	0.871548619447779	1
11	126283518	126283519	75	20	3	2	1	1	NA	NA	NA	unphased	1.21303258145363	1.21303258145363	1
11	128781553	128781554	85	43	3	2	1	1	NA	NA	NA	unphased	1.93563988095238	0.96781994047619	2
11	130319287	130319288	36	22	3	2	1	1	NA	NA	NA	unphased	2.18555008210181	1.0927750410509	2
12	333640	333641	57	10	NA	NA	NA	NA	NA	NA	NA	unphased	NA	NA	1
12	2968028	2968029	61	7	3	2	1	1	NA	NA	NA	unphased	0.593137254901961	0.593137254901961	1
12	6182845	6182846	78	13	3	2	1	1	NA	NA	NA	unphased	0.82312925170068	0.82312925170068	1
12	6933683	6933684	78	14	3	2	1	1	NA	NA	NA	unphased	0.876811594202899	0.876811594202899	1
12	25398284	25398285	9	6	3	2	1	1	NA	NA	NA	unphased	2.30476190476191	1.15238095238095	2
12	41365288	41365289	44	6	3	2	1	1	NA	NA	NA	unphased	0.691428571428571	0.691428571428571	1
12	41365290	41365291	45	6	3	2	1	1	NA	NA	NA	unphased	0.677871148459384	0.677871148459384	1
12	44124183	44124184	16	13	3	2	1	1	NA	NA	NA	unphased	2.58292282430213	1.29146141215107	2
12	52911447	52911448	141	19	3	2	1	1	NA	NA	NA	unphased	0.68422619047619	0.68422619047619	1
12	54428291	54428292	24	11	3	2	1	1	NA	NA	NA	unphased	1.8108843537415	0.905442176870748	2
12	54577463	54577464	57	8	3	2	1	1	NA	NA	NA	unphased	0.709157509157509	0.709157509157509	1
12	57033787	57033788	63	14	3	2	1	1	NA	NA	NA	unphased	1.04761904761905	1.04761904761905	1
12	58160786	58160787	146	25	3	2	1	1	NA	NA	NA	unphased	0.842383737120579	0.842383737120579	1
12	64519822	64519823	54	11	3	2	1	1	NA	NA	NA	unphased	0.975091575091575	0.975091575091575	1
12	76444405	76444406	24	17	3	2	1	1	NA	NA	NA	unphased	2.38908246225319	1.1945412311266	2
12	102071068	102071069	62	29	3	2	1	1	NA	NA	NA	unphased	1.83621140763998	0.918105703819989	2
12	108634139	108634140	165	13	3	2	1	1	NA	NA	NA	unphased	0.420813269127876	0.420813269127876	1
12	120966863	120966864	74	10	3	2	1	1	NA	NA	NA	unphased	0.6859410430839	0.6859410430839	1
12	121855447	121855448	58	15	3	2	1	1	NA	NA	NA	unphased	1.1839530332681	1.1839530332681	1
12	132335516	132335517	21	8	3	2	1	1	NA	NA	NA	unphased	1.58949096880131	1.58949096880131	1
13	23913372	23913373	44	15	1.09	2	2	0.03	0	1	0.97	unphased	0.979297820823245	0.979297820823245	1
13	34404940	34404941	53	10	1.09	2	2	0.03	0	1	0.97	unphased	0.611413454270597	0.611413454270597	1
13	36410269	36410270	96	34	1.09	2	2	0.03	0	1	0.97	unphased	1.00742124542125	1.00742124542125	1
13	36909679	36909680	75	24	1.09	2	2	0.03	0	1	0.97	unphased	0.933795093795094	0.933795093795094	1
13	38320487	38320488	119	39	1.09	2	2	0.03	0	1	0.97	unphased	0.950786618444846	0.950786618444846	1
13	40233510	40233511	27	6	1.09	2	2	0.03	0	1	0.97	unphased	0.70034632034632	0.70034632034632	1
13	40261878	40261879	53	26	1.09	2	2	0.03	0	1	0.97	unphased	1.2677154912598	1.2677154912598	1
13	46716507	46716508	49	22	1.09	2	2	0.03	0	1	0.97	unphased	1.19354795439302	1.19354795439302	1
13	50034253	50034254	124	56	1.09	2	2	0.03	0	1	0.97	unphased	1.19837037037037	1.19837037037037	1
13	52544663	52544664	168	39	1.09	2	2	0.03	0	1	0.97	unphased	0.725721187025535	0.725721187025535	1
13	73649904	73649905	55	14	1.09	2	2	0.03	0	1	0.97	unphased	0.781545893719807	0.781545893719807	1
13	99549810	99549811	202	56	1.09	2	2	0.03	0	1	0.97	unphased	0.836072351421189	0.836072351421189	1
13	101736088	101736089	45	14	1.09	2	2	0.03	0	1	0.97	unphased	0.914011299435028	0.914011299435028	1
13	101890139	101890140	262	17	1.09	2	2	0.03	0	1	0.97	unphased	0.234703874381294	0.234703874381294	1
13	103527857	103527858	115	25	1.09	2	2	0.03	0	1	0.97	unphased	0.687840136054422	0.687840136054422	1
13	113768230	113768231	93	5	1.09	2	2	0.03	0	1	0.97	unphased	0.196525753158406	0.196525753158406	1
13	113887577	113887578	70	7	1.09	2	2	0.03	0	1	0.97	unphased	0.35017316017316	0.35017316017316	1
13	114748769	114748770	68	31	1.09	2	2	0.03	0	1	0.97	unphased	1.206151996152	1.206151996152	1
13	114780771	114780772	86	10	1.09	2	2	0.03	0	1	0.97	unphased	0.401240079365079	0.401240079365079	1
14	20586568	20586569	16	13	2	2	0	1	NA	NA	NA	unphased	2.13464696223317	1.06732348111658	2
14	23869594	23869595	39	26	2	2	0	1	NA	NA	NA	unphased	1.9047619047619	0.952380952380952	2
14	50280704	50280705	19	13	2	2	0	1	NA	NA	NA	unphased	1.93452380952381	0.967261904761905	2
14	64463790	64463791	24	5	2	2	0	1	NA	NA	NA	unphased	0.821018062397373	0.821018062397373	1
14	65239305	65239306	13	14	2	2	0	1	NA	NA	NA	unphased	2.46913580246914	1.23456790123457	2
14	74726375	74726376	32	18	2	2	0	1	NA	NA	NA	unphased	1.71428571428571	0.857142857142857	2
14	75022253	75022254	48	31	2	2	0	1	NA	NA	NA	unphased	1.86859553948162	0.934297769740808	2
14	91739805	91739806	11	9	2	2	0	1	NA	NA	NA	unphased	2.14285714285714	1.07142857142857	2
14	94756458	94756459	44	31	2	2	0	1	NA	NA	NA	unphased	1.96825396825397	0.984126984126984	2
14	106066438	106066439	58	26	NA	NA	NA	NA	NA	NA	NA	unphased	NA	NA	1
14	106641843	106641844	56	36	NA	NA	NA	NA	NA	NA	NA	unphased	NA	NA	1
14	107035125	107035126	8	7	NA	NA	NA	NA	NA	NA	NA	unphased	NA	NA	1
15	23811368	23811369	31	7	2	1	1	1	NA	NA	NA	unphased	0.87719298245614	0.87719298245614	1
15	23890120	23890121	64	10	2	1	1	1	NA	NA	NA	unphased	0.643500643500644	0.643500643500644	1
15	28420691	28420692	18	7	2	1	1	1	NA	NA	NA	unphased	1.33333333333333	1.33333333333333	1
15	28437248	28437249	141	31	2	1	1	1	NA	NA	NA	unphased	0.858250276854928	0.858250276854928	1
15	28508210	28508211	53	12	2	1	1	1	NA	NA	NA	unphased	0.879120879120879	0.879120879120879	1
15	31362302	31362303	355	105	2	1	1	1	NA	NA	NA	unphased	1.08695652173913	1.08695652173913	1
15	35174837	35174838	32	8	2	1	1	1	NA	NA	NA	unphased	0.952380952380952	0.952380952380952	1
15	40269027	40269028	71	10	2	1	1	1	NA	NA	NA	unphased	0.587889476778366	0.587889476778366	1
15	42143101	42143102	6	4	2	1	1	1	NA	NA	NA	unphased	1.9047619047619	1.9047619047619	1
15	42850468	42850469	16	7	2	1	1	1	NA	NA	NA	unphased	1.44927536231884	1.44927536231884	1
15	43568736	43568737	107	32	2	1	1	1	NA	NA	NA	unphased	1.09626584446728	1.09626584446728	1
15	48936975	48936976	26	9	2	1	1	1	NA	NA	NA	unphased	1.22448979591837	1.22448979591837	1
15	50886736	50886737	50	10	2	1	1	1	NA	NA	NA	unphased	0.793650793650794	0.793650793650794	1
15	51250969	51250970	51	11	2	1	1	1	NA	NA	NA	unphased	0.844854070660522	0.844854070660522	1
15	60760340	60760341	31	9	2	1	1	1	NA	NA	NA	unphased	1.07142857142857	1.07142857142857	1
15	63978574	63978575	160	22	2	1	1	1	NA	NA	NA	unphased	0.575614861329147	0.575614861329147	1
15	64966164	64966165	84	14	2	1	1	1	NA	NA	NA	unphased	0.680272108843537	0.680272108843537	1
15	79059830	79059831	13	8	2	1	1	1	NA	NA	NA	unphased	1.8140589569161	1.8140589569161	1
15	86807858	86807859	106	22	2	1	1	1	NA	NA	NA	unphased	0.818452380952381	0.818452380952381	1
15	92459339	92459340	37	10	2	1	1	1	NA	NA	NA	unphased	1.01317122593718	1.01317122593718	1
15	99251272	99251273	67	6	2	1	1	1	NA	NA	NA	unphased	0.391389432485323	0.391389432485323	1
16	335127	335128	27	9	NA	NA	NA	NA	NA	NA	NA	unphased	NA	NA	1
16	717628	717629	17	5	4	2	2	1	NA	NA	NA	unphased	1.53679653679654	1.53679653679654	1
16	3274183	3274184	83	27	4	2	2	1	NA	NA	NA	unphased	1.65974025974026	0.82987012987013	2
16	3406234	3406235	69	8	4	2	2	1	NA	NA	NA	unphased	0.702535559678417	0.702535559678417	1
16	7703848	7703849	69	20	4	2	2	1	NA	NA	NA	unphased	1.5195291599786	0.759764579989299	2
16	9857956	9857957	128	50	4	2	2	1	NA	NA	NA	unphased	1.89941144997325	0.949705724986624	2
16	11118743	11118744	10	9	4	2	2	1	NA	NA	NA	unphased	3.20300751879699	1.6015037593985	2
16	17211742	17211743	67	23	4	2	2	1	NA	NA	NA	unphased	1.72804232804233	0.864021164021164	2
16	20335249	20335250	70	23	4	2	2	1	NA	NA	NA	unphased	1.67229902713774	0.836149513568868	2
16	21033312	21033313	41	20	4	2	2	1	NA	NA	NA	unphased	2.21701795472287	1.10850897736144	2
16	24801932	24801933	30	22	4	2	2	1	NA	NA	NA	unphased	2.86080586080586	1.43040293040293	2
16	27460292	27460293	64	29	4	2	2	1	NA	NA	NA	unphased	2.10855094726062	1.05427547363031	2
16	28328793	28328794	71	25	4	2	2	1	NA	NA	NA	unphased	1.7609126984127	0.880456349206349	2
16	28854287	28854288	137	42	4	2	2	1	NA	NA	NA	unphased	1.58659217877095	0.793296089385475	2
16	56545070	56545071	33	20	2	2	0	1	NA	NA	NA	unphased	1.79694519317161	0.898472596585804	2
16	67969890	67969891	18	17	2	2	0	1	NA	NA	NA	unphased	2.31292517006803	1.15646258503401	2
16	70986482	70986483	33	11	2	2	0	1	NA	NA	NA	unphased	1.19047619047619	1.19047619047619	1
17	1554420	1554421	23	15	2	2	0	1	NA	NA	NA	unphased	1.8796992481203	0.93984962406015	2
17	12844440	12844441	34	23	2	2	0	1	NA	NA	NA	unphased	1.92147034252297	0.960735171261487	2
17	17117141	17117142	99	35	2	2	0	1	NA	NA	NA	unphased	1.24378109452736	1.24378109452736	1
17	21731493	21731494	48	17	4	2	2	1	NA	NA	NA	unphased	1.76849816849817	0.884249084249084	2
17	26109098	26109099	44	11	4	2	2	1	NA	NA	NA	unphased	1.35238095238095	1.35238095238095	1
17	26890890	26890891	122	43	4	2	2	1	NA	NA	NA	unphased	1.76219336219336	0.881096681096681	2
17	30348292	30348293	124	25	4	2	2	1	NA	NA	NA	unphased	1.13454777884308	1.13454777884308	1
17	39183194	39183195	65	21	4	2	2	1	NA	NA	NA	unphased	1.65116279069767	0.825581395348837	2
17	39535833	39535834	132	17	4	2	2	1	NA	NA	NA	unphased	0.771492489613295	0.771492489613295	1
17	40858170	40858171	113	6	4	2	2	1	NA	NA	NA	unphased	0.34093637454982	0.34093637454982	1
17	41209100	41209101	263	42	4	2	2	1	NA	NA	NA	unphased	0.931147540983607	0.931147540983607	1
17	42328948	42328949	36	11	4	2	2	1	NA	NA	NA	unphased	1.58257345491388	1.58257345491388	1
17	46627891	46627892	30	16	4	2	2	1	NA	NA	NA	unphased	2.351966873706	1.175983436853	2
17	48628410	48628411	39	11	4	2	2	1	NA	NA	NA	unphased	1.48761904761905	1.48761904761905	1
17	51902456	51902457	34	9	4	2	2	1	NA	NA	NA	unphased	1.41528239202658	1.41528239202658	1
17	55183650	55183651	103	23	4	2	2	1	NA	NA	NA	unphased	1.23431594860166	1.23431594860166	1
17	56665327	56665328	55	11	4	2	2	1	NA	NA	NA	unphased	1.12698412698413	1.12698412698413	1
17	59556072	59556073	135	29	4	2	2	1	NA	NA	NA	unphased	1.19570267131243	1.19570267131243	1
17	59938840	59938841	45	19	4	2	2	1	NA	NA	NA	unphased	2.00744047619048	1.00372023809524	2
17	67108372	67108373	201	53	4	2	2	1	NA	NA	NA	unphased	1.41094863142107	0.705474315710536	2
17	72347008	72347009	129	56	4	2	2	1	NA	NA	NA	unphased	2.04684684684685	1.02342342342342	2
17	72368048	72368049	27	8	4	2	2	1	NA	NA	NA	unphased	1.54557823129252	1.54557823129252	1
17	72860302	72860303	53	8	4	2	2	1	NA	NA	NA	unphased	0.886807181889149	0.886807181889149	1
17	79514712	79514713	76	29	4	2	2	1	NA	NA	NA	unphased	1.86757369614512	0.933786848072562	2
18	346600	346601	27	22	2	2	0	1	NA	NA	NA	unphased	2.1379980563654	1.0689990281827	2
18	34385370	34385371	71	44	2	2	0	1	NA	NA	NA	unphased	1.82194616977226	0.910973084886128	2
18	40503614	40503615	148	101	2	2	0	1	NA	NA	NA	unphased	1.93153566647543	0.965767833237713	2
18	42531647	42531648	31	37	2	2	0	1	NA	NA	NA	unphased	2.59103641456583	1.29551820728291	2
18	44260099	44260100	48	30	2	2	0	1	NA	NA	NA	unphased	1.83150183150183	0.915750915750916	2
18	44559769	44559770	75	53	2	2	0	1	NA	NA	NA	unphased	1.97172619047619	0.985863095238095	2
18	74091608	74091609	51	26	2	2	0	1	NA	NA	NA	unphased	1.60791589363018	0.80395794681509	2
19	5745957	5745958	151	88	2.35	2	1	0.35	1	1	0.65	unphased	1.8822076110779	1.39422786005771	1.35
19	9014561	9014562	149	103	2.35	2	1	0.35	1	1	0.65	unphased	2.08938964474679	1.54769603314577	1.35
19	9084595	9084596	20	18	2.35	2	1	0.35	1	1	0.65	unphased	2.42142857142857	1.79365079365079	1.35
19	9269520	9269521	27	4	2.35	2	1	0.35	1	1	0.65	unphased	0.659600614439324	0.659600614439324	1
19	10823445	10823446	126	34	2.35	2	1	0.35	1	1	0.65	unphased	1.08627976190476	1.08627976190476	1
19	14938755	14938756	104	22	2.35	2	1	0.35	1	1	0.65	unphased	0.892554799697657	0.892554799697657	1
19	15533859	15533860	30	19	2.35	2	1	0.35	1	1	0.65	unphased	1.98216715257532	1.4682719648706	1.35
19	16861058	16861059	49	11	2.35	2	1	0.35	1	1	0.65	unphased	0.93718253968254	0.93718253968254	1
19	16874726	16874727	33	21	2.35	2	1	0.35	1	1	0.65	unphased	1.98796296296296	1.47256515775034	1.35
19	17311620	17311621	85	13	2.35	2	1	0.35	1	1	0.65	unphased	0.678109815354713	0.678109815354713	1
19	17452368	17452369	42	12	2.35	2	1	0.35	1	1	0.65	unphased	1.13597883597884	1.13597883597884	1
19	22817254	22817255	119	60	2.35	2	1	0.35	1	1	0.65	unphased	1.71348762968875	1.26925009606574	1.35
19	22952089	22952090	59	28	2.35	2	1	0.35	1	1	0.65	unphased	1.64521072796935	1.21867461331063	1.35
19	30477229	30477230	91	18	2.35	2	1	0.35	1	1	0.65	unphased	0.844167758846658	0.844167758846658	1
19	34859520	34859521	57	5	2.35	2	1	0.35	1	1	0.65	unphased	0.412250384024578	1.17785824007022	0.35
19	36884553	36884554	87	15	2.35	2	1	0.35	1	1	0.65	unphased	0.751750700280112	0.751750700280112	1
19	41105443	41105444	100	20	2.35	2	1	0.35	1	1	0.65	unphased	0.851984126984127	0.851984126984127	1
19	42822022	42822023	71	33	2.35	2	1	0.35	1	1	0.65	unphased	1.6220467032967	1.20151607651608	1.35
19	45322967	45322968	13	8	2.35	2	1	0.35	1	1	0.65	unphased	1.94739229024943	1.44251280759217	1.35
19	45540759	45540760	92	8	2.35	2	1	0.35	1	1	0.65	unphased	0.408952380952381	1.16843537414966	0.35
19	46289892	46289893	36	4	2.35	2	1	0.35	1	1	0.65	unphased	0.511190476190476	0.511190476190476	1
19	50545051	50545052	116	18	2.35	2	1	0.35	1	1	0.65	unphased	0.686673773987207	0.686673773987207	1
19	52447602	52447603	91	17	2.35	2	1	0.35	1	1	0.65	unphased	0.804651675485009	0.804651675485009	1
19	54721010	54721011	66	11	2.35	2	1	0.35	1	1	0.65	unphased	0.730272108843537	0.730272108843537	1
19	54849378	54849379	25	23	2.35	2	1	0.35	1	1	0.65	unphased	2.44945436507937	1.81441064079953	1.35
19	57716785	57716786	22	7	2.35	2	1	0.35	1	1	0.65	unphased	1.23390804597701	1.23390804597701	1
19	57744035	57744036	41	6	2.35	2	1	0.35	1	1	0.65	unphased	0.65258358662614	0.65258358662614	1
2	36744654	36744655	74	23	4	2	2	1	NA	NA	NA	unphased	1.6033382425135	0.80166912125675	2
2	48573726	48573727	199	8	4	2	2	1	NA	NA	NA	unphased	0.261329652634	0.261329652634	1
2	49190510	49190511	27	9	4	2	2	1	NA	NA	NA	unphased	1.69047619047619	1.69047619047619	1
2	60987421	60987422	43	4	4	2	2	1	NA	NA	NA	unphased	0.57548125633232	0.57548125633232	1
2	72742213	72742214	19	4	4	2	2	1	NA	NA	NA	unphased	1.175983436853	1.175983436853	1
2	74040626	74040627	20	6	4	2	2	1	NA	NA	NA	unphased	1.56043956043956	1.56043956043956	1
2	74041003	74041004	22	13	4	2	2	1	NA	NA	NA	unphased	2.51156462585034	1.25578231292517	2
2	74751352	74751353	132	20	4	2	2	1	NA	NA	NA	unphased	0.889724310776942	0.889724310776942	1
2	86371739	86371740	176	9	4	2	2	1	NA	NA	NA	unphased	0.328957528957529	0.328957528957529	1
2	96789753	96789754	92	17	4	2	2	1	NA	NA	NA	unphased	1.05460899956313	1.05460899956313	1
2	100210238	100210239	56	24	4	2	2	1	NA	NA	NA	unphased	2.02857142857143	1.01428571428571	2
2	108443476	108443477	12	6	4	2	2	1	NA	NA	NA	unphased	2.25396825396825	1.12698412698413	2
2	109524388	109524389	67	7	4	2	2	1	NA	NA	NA	unphased	0.63963963963964	0.63963963963964	1
2	121050836	121050837	19	11	4	2	2	1	NA	NA	NA	unphased	2.47936507936508	1.23968253968254	2
2	133543151	133543152	112	10	4	2	2	1	NA	NA	NA	unphased	0.554254488680718	0.554254488680718	1
2	141113999	141114000	59	24	4	2	2	1	NA	NA	NA	unphased	1.9552495697074	0.9776247848537	2
2	141641552	141641553	110	35	4	2	2	1	NA	NA	NA	unphased	1.63218390804598	0.816091954022989	2
2	141660630	141660631	51	14	4	2	2	1	NA	NA	NA	unphased	1.45641025641026	1.45641025641026	1
2	143913187	143913188	35	20	4	2	2	1	NA	NA	NA	unphased	2.45887445887446	1.22943722943723	2
2	166019211	166019212	73	28	4	2	2	1	NA	NA	NA	unphased	1.87458745874587	0.937293729372937	2
2	166797561	166797562	56	17	4	2	2	1	NA	NA	NA	unphased	1.57469015003262	0.787345075016308	2
2	168103849	168103850	38	26	4	2	2	1	NA	NA	NA	unphased	2.74702380952381	1.3735119047619	2
2	169996112	169996113	109	25	4	2	2	1	NA	NA	NA	unphased	1.26154939587775	1.26154939587775	1
2	179396332	179396333	45	29	4	2	2	1	NA	NA	NA	unphased	2.64993564993565	1.32496782496782	2
2	179435841	179435842	175	8	4	2	2	1	NA	NA	NA	unphased	0.29560239396305	0.29560239396305	1
2	179576904	179576905	82	25	4	2	2	1	NA	NA	NA	unphased	1.57988429016466	0.789942145082332	2
2	182358122	182358123	37	18	4	2	2	1	NA	NA	NA	unphased	2.21298701298701	1.10649350649351	2
2	182413578	182413579	43	14	4	2	2	1	NA	NA	NA	unphased	1.66081871345029	0.830409356725146	2
2	185801048	185801049	26	8	4	2	2	1	NA	NA	NA	unphased	1.59103641456583	1.59103641456583	1
2	191233941	191233942	93	41	4	2	2	1	NA	NA	NA	unphased	2.06894100923952	1.03447050461976	2
2	196729423	196729424	88	25	4	2	2	1	NA	NA	NA	unphased	1.49599662873999	0.747998314369996	2
2	196801369	196801370	56	19	4	2	2	1	NA	NA	NA	unphased	1.71301587301587	0.856507936507937	2
2	202611465	202611466	122	22	4	2	2	1	NA	NA	NA	unphased	1.03306878306878	1.03306878306878	1
2	220477902	220477903	43	8	4	2	2	1	NA	NA	NA	unphased	1.06069094304388	1.06069094304388	1
2	236403352	236403353	49	17	4	2	2	1	NA	NA	NA	unphased	1.74170274170274	0.870851370851371	2
2	238725982	238725983	9	8	4	2	2	1	NA	NA	NA	unphased	3.18207282913165	1.59103641456583	2
2	238726837	238726838	31	23	4	2	2	1	NA	NA	NA	unphased	2.88007054673721	1.44003527336861	2
2	238742711	238742712	11	8	4	2	2	1	NA	NA	NA	unphased	2.84711779448622	1.42355889724311	2
2	239016462	239016463	7	4	4	2	2	1	NA	NA	NA	unphased	2.45887445887446	2.45887445887446	1
2	239016587	239016588	30	12	4	2	2	1	NA	NA	NA	unphased	1.93197278911565	0.965986394557823	2
2	239161728	239161729	45	23	4	2	2	1	NA	NA	NA	unphased	2.28711484593838	1.14355742296919	2
20	1559156	1559157	76	75	3	3	0	1	NA	NA	NA	unphased	2.86187322611164	0.953957742037212	3
20	2381053	2381054	37	29	3	3	0	1	NA	NA	NA	unphased	2.53174603174603	0.843915343915344	3
20	2637484	2637485	66	15	3	3	0	1	NA	NA	NA	unphased	1.06701940035273	1.06701940035273	1
20	23545505	23545506	21	13	3	3	0	1	NA	NA	NA	unphased	2.203081232493	1.1015406162465	2
20	30155995	30155996	37	6	3	3	0	1	NA	NA	NA	unphased	0.803986710963455	0.803986710963455	1
20	43851083	43851084	25	29	3	3	0	1	NA	NA	NA	unphased	3.09435626102293	1.03145208700764	3
21	30934016	30934017	81	16	1.06	2	1	0.03	0	1	0.97	unphased	0.630417280314188	0.630417280314188	1
21	31709586	31709587	189	44	1.06	2	1	0.03	0	1	0.97	unphased	0.72173308808502	0.72173308808502	1
21	31812783	31812784	87	43	1.06	2	1	0.03	0	1	0.97	unphased	1.2641684981685	1.22734805647427	1.03
21	31852533	31852534	251	82	1.06	2	1	0.03	0	1	0.97	unphased	0.941129701129701	0.941129701129701	1
21	32638518	32638519	82	42	1.06	2	1	0.03	0	1	0.97	unphased	1.29451612903226	1.25681177575947	1.03
21	34660563	34660564	60	16	1.06	2	1	0.03	0	1	0.97	unphased	0.804611528822055	0.804611528822055	1
21	41032851	41032852	65	18	1.06	2	1	0.03	0	1	0.97	unphased	0.828846815834768	0.828846815834768	1
21	46896375	46896376	10	8	1.06	2	1	0.03	0	1	0.97	unphased	1.69862433862434	1.69862433862434	1
21	46901926	46901927	35	8	1.06	2	1	0.03	0	1	0.97	unphased	0.711052048726467	0.711052048726467	1
21	46930145	46930146	7	5	1.06	2	1	0.03	0	1	0.97	unphased	1.59246031746032	1.59246031746032	1
21	47422542	47422543	85	33	1.06	2	1	0.03	0	1	0.97	unphased	1.06883777239709	1.06883777239709	1
21	47545883	47545884	56	14	1.06	2	1	0.03	0	1	0.97	unphased	0.764380952380952	0.764380952380952	1
22	17684453	17684454	28	7	1.48	2	2	0.16	0	1	0.84	unphased	0.848380952380952	0.848380952380952	1
22	18301795	18301796	25	7	1.82	2	1	0.41	1	0	0.59	unphased	1.00229166666667	1.00229166666667	1
22	18384717	18384718	32	5	1.82	2	1	0.41	1	0	0.59	unphased	0.619176319176319	0.619176319176319	1
22	19044597	19044598	11	5	1.82	2	1	0.41	1	0	0.59	unphased	1.43184523809524	1.43184523809524	1
22	22868937	22868938	96	36	1.82	2	1	0.41	1	0	0.59	unphased	1.24961038961039	1.24961038961039	1
22	26895443	26895444	95	16	1.82	2	1	0.41	1	0	0.59	unphased	0.660454740454741	0.660454740454741	1
22	32482215	32482216	115	34	1.82	2	1	0.41	1	0	0.59	unphased	1.04553531479706	1.04553531479706	1
22	36689451	36689452	68	30	1.82	2	1	0.41	1	0	0.59	unphased	1.40262390670554	0.994768728159957	1.41
22	37325451	37325452	144	25	1.82	2	1	0.41	1	0	0.59	unphased	0.677796562411947	0.677796562411947	1
22	38040681	38040682	189	40	1.82	2	1	0.41	1	0	0.59	unphased	0.800332709503015	0.800332709503015	1
22	38097356	38097357	32	8	1.82	2	1	0.41	1	0	0.59	unphased	0.916380952380953	0.916380952380953	1
22	40066943	40066944	70	16	1.82	2	1	0.41	1	0	0.59	unphased	0.852447397563677	0.852447397563677	1
22	45929725	45929726	150	44	1.82	2	1	0.41	1	0	0.59	unphased	1.03919489445263	1.03919489445263	1
3	2787224	2787225	71	14	3	2	1	1	NA	NA	NA	unphased	0.949019607843137	0.949019607843137	1
3	10980043	10980044	96	4	3	2	1	1	NA	NA	NA	unphased	0.230476190476191	0.230476190476191	1
3	14220051	14220052	51	10	3	2	1	1	NA	NA	NA	unphased	0.944574551131928	0.944574551131928	1
3	30713589	30713590	64	19	3	2	1	1	NA	NA	NA	unphased	1.31899024670109	1.31899024670109	1
3	37536028	37536029	29	12	3	2	1	1	NA	NA	NA	unphased	1.68641114982578	0.843205574912892	2
3	37536029	37536030	29	11	3	2	1	1	NA	NA	NA	unphased	1.58452380952381	1.58452380952381	1
3	38347959	38347960	115	39	3	2	1	1	NA	NA	NA	unphased	1.45918367346939	0.729591836734694	2
3	38598728	38598729	57	6	3	2	1	1	NA	NA	NA	unphased	0.54875283446712	0.54875283446712	1
3	38645302	38645303	143	32	3	2	1	1	NA	NA	NA	unphased	1.05360544217687	1.05360544217687	1
3	46899891	46899892	50	11	3	2	1	1	NA	NA	NA	unphased	1.03903200624512	1.03903200624512	1
3	47454593	47454594	49	19	3	2	1	1	NA	NA	NA	unphased	1.60994397759104	0.804971988795518	2
3	47454594	47454595	48	20	3	2	1	1	NA	NA	NA	unphased	1.69467787114846	0.84733893557423	2
3	52403851	52403852	33	16	3	2	1	1	NA	NA	NA	unphased	1.88143828960155	0.940719144800777	2
3	54958688	54958689	63	27	3	2	1	1	NA	NA	NA	unphased	1.72857142857143	0.864285714285714	2
3	61547989	61547990	75	35	3	2	1	1	NA	NA	NA	unphased	1.83333333333333	0.916666666666667	2
3	78766454	78766455	148	65	3	2	1	1	NA	NA	NA	unphased	1.75832774424324	0.879163872121619	2
3	87302633	87302634	25	9	3	2	1	1	NA	NA	NA	unphased	1.52521008403361	1.52521008403361	1
3	96706375	96706376	108	43	3	2	1	1	NA	NA	NA	unphased	1.64080731630401	0.820403658152003	2
3	100170691	100170692	66	15	3	2	1	1	NA	NA	NA	unphased	1.06701940035273	1.06701940035273	1
3	101571803	101571804	75	14	3	2	1	1	NA	NA	NA	unphased	0.906367041198502	0.906367041198502	1
3	111785290	111785291	105	29	3	2	1	1	NA	NA	NA	unphased	1.24697938877043	1.24697938877043	1
3	119886565	119886566	49	10	3	2	1	1	NA	NA	NA	unphased	0.976594027441485	0.976594027441485	1
3	122631875	122631876	15	6	3	2	1	1	NA	NA	NA	unphased	1.64625850340136	1.64625850340136	1
3	134670614	134670615	243	42	3	2	1	1	NA	NA	NA	unphased	0.849122807017544	0.849122807017544	1
3	140692764	140692765	19	13	3	2	1	1	NA	NA	NA	unphased	2.34077380952381	1.1703869047619	2
3	142681403	142681404	74	29	3	2	1	1	NA	NA	NA	unphased	1.62228386500231	0.811141932501156	2
3	148789206	148789207	23	15	3	2	1	1	NA	NA	NA	unphased	2.27443609022556	1.13721804511278	2
3	151101948	151101949	35	23	3	2	1	1	NA	NA	NA	unphased	2.28489326765189	1.14244663382594	2
3	160239565	160239566	85	7	3	2	1	1	NA	NA	NA	unphased	0.438405797101449	0.438405797101449	1
3	165547480	165547481	57	19	3	2	1	1	NA	NA	NA	unphased	1.44047619047619	1.44047619047619	1
3	183217573	183217574	21	10	3	2	1	1	NA	NA	NA	unphased	1.85867895545315	0.929339477726574	2
3	185200391	185200392	11	9	3	2	1	1	NA	NA	NA	unphased	2.59285714285714	1.29642857142857	2
3	186358346	186358347	192	96	3	2	1	1	NA	NA	NA	unphased	1.92063492063492	0.96031746031746	2
3	187419950	187419951	74	39	3	2	1	1	NA	NA	NA	unphased	1.98862199747155	0.994310998735777	2
3	193176991	193176992	68	12	3	2	1	1	NA	NA	NA	unphased	0.864285714285714	0.864285714285714	1
4	26321387	26321388	12	4	3	2	1	1	NA	NA	NA	unphased	1.44047619047619	1.44047619047619	1
4	36069485	36069486	15	8	3	2	1	1	NA	NA	NA	unphased	2.00414078674948	1.00207039337474	2
4	53773702	53773703	52	38	3	2	1	1	NA	NA	NA	unphased	2.43280423280423	1.21640211640212	2
4	55972943	55972944	44	5	3	2	1	1	NA	NA	NA	unphased	0.587949465500486	0.587949465500486	1
4	56342212	56342213	35	12	3	2	1	1	NA	NA	NA	unphased	1.47112462006079	1.47112462006079	1
4	71467240	71467241	112	44	3	2	1	1	NA	NA	NA	unphased	1.62515262515263	0.812576312576313	2
4	77663048	77663049	23	7	3	2	1	1	NA	NA	NA	unphased	1.34444444444444	1.34444444444444	1
4	79455608	79455609	141	10	3	2	1	1	NA	NA	NA	unphased	0.381583096814885	0.381583096814885	1
4	81884846	81884847	5	3	3	2	1	1	NA	NA	NA	unphased	2.16071428571429	2.16071428571429	1
4	83552459	83552460	20	4	3	2	1	1	NA	NA	NA	unphased	0.96031746031746	0.96031746031746	1
4	88766488	88766489	29	21	3	2	1	1	NA	NA	NA	unphased	2.42	1.21	2
4	99358196	99358197	27	4	3	2	1	1	NA	NA	NA	unphased	0.74347158218126	0.74347158218126	1
4	100131438	100131439	43	17	3	2	1	1	NA	NA	NA	unphased	1.63253968253968	0.816269841269841	2
4	109084819	109084820	38	10	3	2	1	1	NA	NA	NA	unphased	1.20039682539683	1.20039682539683	1
4	111474592	111474593	73	42	3	2	1	1	NA	NA	NA	unphased	2.10434782608696	1.05217391304348	2
4	114274601	114274602	27	26	3	2	1	1	NA	NA	NA	unphased	2.82659478885894	1.41329739442947	2
4	114279869	114279870	64	35	3	2	1	1	NA	NA	NA	unphased	2.03703703703704	1.01851851851852	2
4	114286263	114286264	62	12	3	2	1	1	NA	NA	NA	unphased	0.934362934362934	0.934362934362934	1
4	122589681	122589682	60	6	3	2	1	1	NA	NA	NA	unphased	0.523809523809524	0.523809523809524	1
4	122607457	122607458	44	26	3	2	1	1	NA	NA	NA	unphased	2.14013605442177	1.07006802721088	2
4	128577842	128577843	36	16	3	2	1	1	NA	NA	NA	unphased	1.77289377289377	0.886446886446887	2
4	128626893	128626894	85	50	3	2	1	1	NA	NA	NA	unphased	2.13403880070547	1.06701940035273	2
4	148575512	148575513	48	27	3	2	1	1	NA	NA	NA	unphased	2.07428571428571	1.03714285714286	2
4	154525335	154525336	59	10	3	2	1	1	NA	NA	NA	unphased	0.835058661145618	0.835058661145618	1
4	157732073	157732074	28	19	3	2	1	1	NA	NA	NA	unphased	2.32928064842958	1.16464032421479	2
4	164534470	164534471	71	8	3	2	1	1	NA	NA	NA	unphased	0.583484026522001	0.583484026522001	1
4	169196579	169196580	34	13	3	2	1	1	NA	NA	NA	unphased	1.59371833839919	0.796859169199595	2
5	3599533	3599534	96	16	4	2	2	1	NA	NA	NA	unphased	0.965986394557823	0.965986394557823	1
5	9122920	9122921	102	19	4	2	2	1	NA	NA	NA	unphased	1.06178669815033	1.06178669815033	1
5	11022886	11022887	49	32	4	2	2	1	NA	NA	NA	unphased	2.67136978248089	1.33568489124045	2
5	13885256	13885257	54	24	4	2	2	1	NA	NA	NA	unphased	2.08058608058608	1.04029304029304	2
5	21751818	21751819	65	22	4	2	2	1	NA	NA	NA	unphased	1.70990695128626	0.854953475643131	2
5	23522774	23522775	49	16	4	2	2	1	NA	NA	NA	unphased	1.66446886446886	0.832234432234432	2
5	31495407	31495408	18	10	4	2	2	1	NA	NA	NA	unphased	2.41496598639456	1.20748299319728	2
5	33658332	33658333	115	40	4	2	2	1	NA	NA	NA	unphased	1.74500768049155	0.872503840245776	2
5	40945381	40945382	29	5	4	2	2	1	NA	NA	NA	unphased	0.994397759103641	0.994397759103641	1
5	45262861	45262862	50	11	4	2	2	1	NA	NA	NA	unphased	1.21935987509758	1.21935987509758	1
5	94863775	94863776	28	14	2	2	0	1	NA	NA	NA	unphased	1.58730158730159	0.793650793650794	2
5	115298443	115298444	11	9	2	2	0	1	NA	NA	NA	unphased	2.14285714285714	1.07142857142857	2
5	121188071	121188072	31	27	2	2	0	1	NA	NA	NA	unphased	2.21674876847291	1.10837438423645	2
5	130831344	130831345	28	5	2	2	0	1	NA	NA	NA	unphased	0.721500721500722	0.721500721500722	1
5	134223587	134223588	44	9	2	2	0	1	NA	NA	NA	unphased	0.808625336927224	0.808625336927224	1
5	140208795	140208796	81	62	2	2	0	1	NA	NA	NA	unphased	2.06460206460206	1.03230103230103	2
5	140236733	140236734	64	35	2	2	0	1	NA	NA	NA	unphased	1.68350168350168	0.841750841750842	2
5	140237413	140237414	31	6	2	2	0	1	NA	NA	NA	unphased	0.772200772200772	0.772200772200772	1
5	141016393	141016394	15	20	2	2	0	1	NA	NA	NA	unphased	2.72108843537415	1.36054421768707	2
5	154394286	154394287	98	66	2	2	0	1	NA	NA	NA	unphased	1.91637630662021	0.958188153310105	2
5	169145669	169145670	18	17	2	2	0	1	NA	NA	NA	unphased	2.31292517006803	1.15646258503401	2
5	169535565	169535566	38	32	2	2	0	1	NA	NA	NA	unphased	2.17687074829932	1.08843537414966	2
5	171849422	171849423	19	7	4	2	2	1	NA	NA	NA	unphased	1.82051282051282	1.82051282051282	1
5	172744831	172744832	104	33	4	2	2	1	NA	NA	NA	unphased	1.62877997914494	0.814389989572471	2
5	178050303	178050304	79	13	2	2	0	1	NA	NA	NA	unphased	0.67287784679089	0.67287784679089	1
5	178557084	178557085	29	13	2	2	0	1	NA	NA	NA	unphased	1.47392290249433	1.47392290249433	1
6	7862566	7862567	91	23	3	2	1	1	NA	NA	NA	unphased	1.1624895572264	1.1624895572264	1
6	28497229	28497230	43	32	3	2	1	1	NA	NA	NA	unphased	2.4584126984127	1.22920634920635	2
6	34008521	34008522	39	29	3	2	1	1	NA	NA	NA	unphased	2.45728291316527	1.22864145658263	2
6	36075253	36075254	107	71	3	2	1	1	NA	NA	NA	unphased	2.29828785446763	1.14914392723381	2
6	38783334	38783335	25	16	3	2	1	1	NA	NA	NA	unphased	2.24854819976771	1.12427409988386	2
6	43025847	43025848	110	57	3	2	1	1	NA	NA	NA	unphased	1.96663815226689	0.983319076133447	2
6	44119702	44119703	29	4	3	2	1	1	NA	NA	NA	unphased	0.698412698412698	0.698412698412698	1
6	44397513	44397514	65	16	3	2	1	1	NA	NA	NA	unphased	1.13815402704292	1.13815402704292	1
6	50786606	50786607	37	5	3	2	1	1	NA	NA	NA	unphased	0.6859410430839	0.6859410430839	1
6	52657737	52657738	135	28	3	2	1	1	NA	NA	NA	unphased	0.989775051124744	0.989775051124744	1
6	52701068	52701069	126	47	3	2	1	1	NA	NA	NA	unphased	1.56537296999725	0.782686484998624	2
6	56341020	56341021	18	7	3	2	1	1	NA	NA	NA	unphased	1.61333333333333	1.61333333333333	1
6	66112370	66112371	20	3	3	2	1	1	NA	NA	NA	unphased	0.751552795031056	0.751552795031056	1
6	76715159	76715160	69	4	3	2	1	1	NA	NA	NA	unphased	0.315720808871494	0.315720808871494	1
6	84375237	84375238	147	26	3	2	1	1	NA	NA	NA	unphased	0.865951004679329	0.865951004679329	1
6	90605646	90605647	104	38	3	2	1	1	NA	NA	NA	unphased	1.54191817572099	0.770959087860496	2
6	110746268	110746269	44	16	3	2	1	1	NA	NA	NA	unphased	1.53650793650794	0.768253968253968	2
6	117232174	117232175	53	36	3	2	1	1	NA	NA	NA	unphased	2.330658105939	1.1653290529695	2
6	133827274	133827275	60	6	3	2	1	1	NA	NA	NA	unphased	0.523809523809524	0.523809523809524	1
6	150004836	150004837	120	79	3	2	1	1	NA	NA	NA	unphased	2.28738932759033	1.14369466379517	2
6	160668323	160668324	64	6	3	2	1	1	NA	NA	NA	unphased	0.493877551020408	0.493877551020408	1
6	167570400	167570401	49	4	3	2	1	1	NA	NA	NA	unphased	0.434860736747529	0.434860736747529	1
7	5410790	5410791	15	15	3	3	0	1	NA	NA	NA	unphased	2.88095238095238	0.96031746031746	3
7	44156577	44156578	22	21	3	3	0	1	NA	NA	NA	unphased	2.81395348837209	0.937984496124031	3
7	45956211	45956212	68	58	3	3	0	1	NA	NA	NA	unphased	2.65230536659108	0.884101788863694	3
7	66456249	66456250	30	4	3	3	0	1	NA	NA	NA	unphased	0.677871148459384	0.677871148459384	1
7	72744231	72744232	34	52	3	3	0	1	NA	NA	NA	unphased	3.48394241417497	1.16131413805832	3
7	97870246	97870247	4	9	3	3	0	1	NA	NA	NA	unphased	3.98901098901099	1.32967032967033	3
7	100696666	100696667	14	25	3	3	0	1	NA	NA	NA	unphased	3.69352869352869	1.23117623117623	3
7	102517934	102517935	28	24	3	3	0	1	NA	NA	NA	unphased	2.65934065934066	0.886446886446887	3
7	107423682	107423683	36	30	3	3	0	1	NA	NA	NA	unphased	2.61904761904762	0.873015873015873	3
7	111127316	111127317	55	42	NA	NA	NA	NA	NA	NA	NA	unphased	NA	NA	1
7	116166528	116166529	21	26	3	3	0	1	NA	NA	NA	unphased	3.18743667679838	1.06247889226613	3
7	134849483	134849484	59	15	3	3	0	1	NA	NA	NA	unphased	1.16795366795367	1.16795366795367	1
7	149191309	149191310	95	97	3	3	0	1	NA	NA	NA	unphased	2.9109623015873	0.970320767195767	3
7	149515768	149515769	45	15	3	3	0	1	NA	NA	NA	unphased	1.44047619047619	1.44047619047619	1
7	150846031	150846032	169	32	3	3	0	1	NA	NA	NA	unphased	0.917318171049514	0.917318171049514	1
8	12879005	12879006	54	19	3	2	1	1	NA	NA	NA	unphased	1.4996738421396	0.749836921069798	2
8	13959970	13959971	35	5	3	2	1	1	NA	NA	NA	unphased	0.720238095238095	0.720238095238095	1
8	30973962	30973963	43	14	3	2	1	1	NA	NA	NA	unphased	1.41520467836257	1.41520467836257	1
8	52387587	52387588	13	5	3	2	1	1	NA	NA	NA	unphased	1.6005291005291	1.6005291005291	1
8	53853135	53853136	13	6	3	2	1	1	NA	NA	NA	unphased	1.81954887218045	1.81954887218045	1
8	77762526	77762527	19	3	3	2	1	1	NA	NA	NA	unphased	0.785714285714286	0.785714285714286	1
8	77776201	77776202	23	7	3	2	1	1	NA	NA	NA	unphased	1.34444444444444	1.34444444444444	1
8	82607014	82607015	53	28	3	2	1	1	NA	NA	NA	unphased	1.9917695473251	0.995884773662551	2
8	101243391	101243392	48	19	3	2	1	1	NA	NA	NA	unphased	1.63397299218195	0.816986496090974	2
8	101661538	101661539	33	8	3	2	1	1	NA	NA	NA	unphased	1.12427409988386	1.12427409988386	1
8	105025672	105025673	40	11	3	2	1	1	NA	NA	NA	unphased	1.24276377217554	1.24276377217554	1
8	105361786	105361787	153	38	3	2	1	1	NA	NA	NA	unphased	1.1463475442533	1.1463475442533	1
8	105405053	105405054	191	35	3	2	1	1	NA	NA	NA	unphased	0.892330383480826	0.892330383480826	1
8	113418828	113418829	46	5	3	2	1	1	NA	NA	NA	unphased	0.564892623716153	0.564892623716153	1
8	121021281	121021282	48	8	3	2	1	1	NA	NA	NA	unphased	0.82312925170068	0.82312925170068	1
8	121021282	121021283	48	8	3	2	1	1	NA	NA	NA	unphased	0.82312925170068	0.82312925170068	1
8	123965170	123965171	43	4	3	2	1	1	NA	NA	NA	unphased	0.490374873353597	0.490374873353597	1
8	134240016	134240017	16	3	3	2	1	1	NA	NA	NA	unphased	0.909774436090225	0.909774436090225	1
9	118064	118065	76	42	NA	NA	NA	NA	NA	NA	NA	unphased	NA	NA	1
9	8317705	8317706	6	4	2	2	0	1	NA	NA	NA	unphased	1.9047619047619	1.9047619047619	1
9	18950779	18950780	117	18	2	2	0	1	NA	NA	NA	unphased	0.634920634920635	0.634920634920635	1
9	32635170	32635171	113	42	1.09	2	2	0.03	0	1	0.97	unphased	1.04374193548387	1.04374193548387	1
9	74587782	74587783	70	33	3	2	1	1	NA	NA	NA	unphased	1.84604715672677	0.923023578363384	2
9	84608883	84608884	28	7	3	2	1	1	NA	NA	NA	unphased	1.15238095238095	1.15238095238095	1
9	90501929	90501930	33	12	3	2	1	1	NA	NA	NA	unphased	1.53650793650794	1.53650793650794	1
9	108483875	108483876	33	11	3	2	1	1	NA	NA	NA	unphased	1.44047619047619	1.44047619047619	1
9	111881813	111881814	12	3	3	2	1	1	NA	NA	NA	unphased	1.15238095238095	1.15238095238095	1
9	113173853	113173854	25	11	3	2	1	1	NA	NA	NA	unphased	1.76058201058201	0.880291005291005	2
9	123253682	123253683	37	11	3	2	1	1	NA	NA	NA	unphased	1.32043650793651	1.32043650793651	1
9	125620204	125620205	34	19	3	2	1	1	NA	NA	NA	unphased	2.06558849955076	1.03279424977538	2
9	127952030	127952031	19	16	3	2	1	1	NA	NA	NA	unphased	2.63401360544218	1.31700680272109	2
9	131122782	131122783	35	7	3	2	1	1	NA	NA	NA	unphased	0.96031746031746	0.96031746031746	1
9	131750353	131750354	147	38	3	2	1	1	NA	NA	NA	unphased	1.18352638352638	1.18352638352638	1
9	132566476	132566477	83	20	3	2	1	1	NA	NA	NA	unphased	1.11881645862228	1.11881645862228	1
9	135267522	135267523	23	15	3	2	1	1	NA	NA	NA	unphased	2.27443609022556	1.13721804511278	2
9	138656984	138656985	84	25	3	2	1	1	NA	NA	NA	unphased	1.3215377894277	1.3215377894277	1
9	139814763	139814764	34	10	3	2	1	1	NA	NA	NA	unphased	1.30952380952381	1.30952380952381	1
9	140036575	140036576	89	37	3	2	1	1	NA	NA	NA	unphased	1.69198790627362	0.84599395313681	2
9	140036577	140036578	84	36	3	2	1	1	NA	NA	NA	unphased	1.72857142857143	0.864285714285714	2
9	140356474	140356475	10	7	3	2	1	1	NA	NA	NA	unphased	2.37254901960784	1.18627450980392	2
9	140878623	140878624	5	5	3	2	1	1	NA	NA	NA	unphased	2.88095238095238	1.44047619047619	2
X	1584789	1584790	26	11	NA	NA	NA	NA	NA	NA	NA	unphased	NA	NA	1
X	3229499	3229500	78	44	NA	NA	NA	NA	NA	NA	NA	unphased	NA	NA	1
X	8434330	8434331	393	27	NA	NA	NA	NA	NA	NA	NA	unphased	NA	NA	1
X	12904320	12904321	49	12	NA	NA	NA	NA	NA	NA	NA	unphased	NA	NA	1
X	17768021	17768022	89	61	NA	NA	NA	NA	NA	NA	NA	unphased	NA	NA	1
X	19560136	19560137	133	15	NA	NA	NA	NA	NA	NA	NA	unphased	NA	NA	1
X	24075596	24075597	42	8	NA	NA	NA	NA	NA	NA	NA	unphased	NA	NA	1
X	24745974	24745975	33	12	NA	NA	NA	NA	NA	NA	NA	unphased	NA	NA	1
X	27765837	27765838	14	9	NA	NA	NA	NA	NA	NA	NA	unphased	NA	NA	1
X	32407679	32407680	57	23	NA	NA	NA	NA	NA	NA	NA	unphased	NA	NA	1
X	35969946	35969947	54	12	NA	NA	NA	NA	NA	NA	NA	unphased	NA	NA	1
X	40562804	40562805	20	12	NA	NA	NA	NA	NA	NA	NA	unphased	NA	NA	1
X	46508188	46508189	51	29	NA	NA	NA	NA	NA	NA	NA	unphased	NA	NA	1
X	46618329	46618330	16	12	NA	NA	NA	NA	NA	NA	NA	unphased	NA	NA	1
X	47045726	47045727	7	6	NA	NA	NA	NA	NA	NA	NA	unphased	NA	NA	1
X	47046094	47046095	13	4	NA	NA	NA	NA	NA	NA	NA	unphased	NA	NA	1
X	47466575	47466576	30	17	NA	NA	NA	NA	NA	NA	NA	unphased	NA	NA	1
X	48920061	48920062	33	21	NA	NA	NA	NA	NA	NA	NA	unphased	NA	NA	1
X	48933219	48933220	46	19	NA	NA	NA	NA	NA	NA	NA	unphased	NA	NA	1
X	49068425	49068426	53	27	NA	NA	NA	NA	NA	NA	NA	unphased	NA	NA	1
X	50350925	50350926	49	24	NA	NA	NA	NA	NA	NA	NA	unphased	NA	NA	1
X	53577915	53577916	62	6	NA	NA	NA	NA	NA	NA	NA	unphased	NA	NA	1
X	54482963	54482964	52	5	NA	NA	NA	NA	NA	NA	NA	unphased	NA	NA	1
X	63410714	63410715	43	13	NA	NA	NA	NA	NA	NA	NA	unphased	NA	NA	1
X	65242193	65242194	49	26	NA	NA	NA	NA	NA	NA	NA	unphased	NA	NA	1
X	65427104	65427105	55	23	NA	NA	NA	NA	NA	NA	NA	unphased	NA	NA	1
X	67937570	67937571	60	28	NA	NA	NA	NA	NA	NA	NA	unphased	NA	NA	1
X	70321241	70321242	73	22	NA	NA	NA	NA	NA	NA	NA	unphased	NA	NA	1
X	70321242	70321243	73	23	NA	NA	NA	NA	NA	NA	NA	unphased	NA	NA	1
X	70345559	70345560	74	15	NA	NA	NA	NA	NA	NA	NA	unphased	NA	NA	1
X	72667505	72667506	29	15	NA	NA	NA	NA	NA	NA	NA	unphased	NA	NA	1
X	73044697	73044698	45	12	NA	NA	NA	NA	NA	NA	NA	unphased	NA	NA	1
X	73751404	73751405	62	9	NA	NA	NA	NA	NA	NA	NA	unphased	NA	NA	1
X	78010847	78010848	94	40	NA	NA	NA	NA	NA	NA	NA	unphased	NA	NA	1
X	86872998	86872999	55	17	NA	NA	NA	NA	NA	NA	NA	unphased	NA	NA	1
X	91132040	91132041	56	27	NA	NA	NA	NA	NA	NA	NA	unphased	NA	NA	1
X	100078901	100078902	103	36	NA	NA	NA	NA	NA	NA	NA	unphased	NA	NA	1
X	101912051	101912052	199	109	NA	NA	NA	NA	NA	NA	NA	unphased	NA	NA	1
X	101970101	101970102	172	64	NA	NA	NA	NA	NA	NA	NA	unphased	NA	NA	1
X	102005195	102005196	81	21	NA	NA	NA	NA	NA	NA	NA	unphased	NA	NA	1
X	102005196	102005197	83	22	NA	NA	NA	NA	NA	NA	NA	unphased	NA	NA	1
X	103431192	103431193	63	33	NA	NA	NA	NA	NA	NA	NA	unphased	NA	NA	1
X	109695042	109695043	453	137	NA	NA	NA	NA	NA	NA	NA	unphased	NA	NA	1
X	110494309	110494310	434	236	NA	NA	NA	NA	NA	NA	NA	unphased	NA	NA	1
X	115572133	115572134	340	97	NA	NA	NA	NA	NA	NA	NA	unphased	NA	NA	1
X	120181527	120181528	103	8	NA	NA	NA	NA	NA	NA	NA	unphased	NA	NA	1
X	129148821	129148822	68	36	NA	NA	NA	NA	NA	NA	NA	unphased	NA	NA	1
X	130419007	130419008	7	5	NA	NA	NA	NA	NA	NA	NA	unphased	NA	NA	1
X	135594227	135594228	56	43	NA	NA	NA	NA	NA	NA	NA	unphased	NA	NA	1
X	135757175	135757176	74	22	NA	NA	NA	NA	NA	NA	NA	unphased	NA	NA	1
X	135770120	135770121	157	8	NA	NA	NA	NA	NA	NA	NA	unphased	NA	NA	1
X	135956514	135956515	336	26	NA	NA	NA	NA	NA	NA	NA	unphased	NA	NA	1
X	139866349	139866350	189	86	NA	NA	NA	NA	NA	NA	NA	unphased	NA	NA	1
X	141291724	141291725	187	70	NA	NA	NA	NA	NA	NA	NA	unphased	NA	NA	1
X	147030402	147030403	34	3	NA	NA	NA	NA	NA	NA	NA	unphased	NA	NA	1
X	148564644	148564645	94	54	NA	NA	NA	NA	NA	NA	NA	unphased	NA	NA	1
X	148584924	148584925	11	7	NA	NA	NA	NA	NA	NA	NA	unphased	NA	NA	1
X	149100753	149100754	233	66	NA	NA	NA	NA	NA	NA	NA	unphased	NA	NA	1
X	150349292	150349293	358	125	NA	NA	NA	NA	NA	NA	NA	unphased	NA	NA	1
X	150349626	150349627	242	53	NA	NA	NA	NA	NA	NA	NA	unphased	NA	NA	1
X	152937656	152937657	45	4	NA	NA	NA	NA	NA	NA	NA	unphased	NA	NA	1
X	153133825	153133826	238	61	NA	NA	NA	NA	NA	NA	NA	unphased	NA	NA	1
X	153186129	153186130	78	27	NA	NA	NA	NA	NA	NA	NA	unphased	NA	NA	1
X	153880626	153880627	127	43	NA	NA	NA	NA	NA	NA	NA	unphased	NA	NA	1
X	153993754	153993755	207	66	NA	NA	NA	NA	NA	NA	NA	unphased	NA	NA	1
X	154197710	154197711	137	52	NA	NA	NA	NA	NA	NA	NA	unphased	NA	NA	1
X	155125282	155125283	50	16	NA	NA	NA	NA	NA	NA	NA	unphased	NA	NA	1
