chr	start	end	WT.count	mut.count	subclonal.CN	nMaj1	nMin1	frac1	nMaj2	nMin2	frac2	phase	mutation.copy.number	subclonal.fraction	no.chrs.bearing.mut
1	2160679	2160680	25	5	2	1	1	0.32	1	1	0.68	unphased	0.854700854700855	0.854700854700855	1
1	3428113	3428114	33	6	2	1	1	0.32	1	1	0.68	unphased	0.788954635108481	0.788954635108481	1
1	3563256	3563257	91	16	2	1	1	0.32	1	1	0.68	unphased	0.766834411694225	0.766834411694225	1
1	9661403	9661404	103	13	2	1	1	0.32	1	1	0.68	unphased	0.574712643678161	0.845165652467884	0.68
1	19490886	19490887	34	7	2	1	1	0.33	1	1	0.67	unphased	0.875547217010632	0.875547217010632	1
1	32196895	32196896	18	6	2	1	1	0.13	1	1	0.87	unphased	1.28205128205128	1.28205128205128	1
1	33557657	33557658	93	15	2	1	1	0.13	1	1	0.87	unphased	0.712250712250712	0.712250712250712	1
1	34330268	34330269	48	11	2	1	1	0.13	1	1	0.87	unphased	0.956106040851804	0.956106040851804	1
1	35333207	35333208	141	24	2	1	1	0.13	1	1	0.87	unphased	0.745920745920746	0.745920745920746	1
1	43047054	43047055	70	6	2	1	1	0.13	1	1	0.87	unphased	0.404858299595142	0.465354367350738	0.87
1	43893029	43893030	59	15	2	1	1	0.13	1	1	0.87	unphased	1.03950103950104	1.03950103950104	1
1	54722830	54722831	29	4	2	1	1	0.13	1	1	0.87	unphased	0.621600621600622	0.621600621600622	1
1	87043738	87043739	34	4	1.11	1	1	0.11	1	0	0.89	unphased	0.44612685560054	0.44612685560054	1
1	107867058	107867059	89	21	1	1	0	0.13	1	0	0.87	unphased	0.788111888111888	0.788111888111888	1
1	117552674	117552675	48	16	1	1	0	1	NA	NA	NA	unphased	1.03205128205128	1.03205128205128	1
1	148932790	148932791	262	14	NA	NA	NA	NA	NA	NA	NA	unphased	NA	NA	1
1	152759986	152759987	124	35	NA	NA	NA	NA	NA	NA	NA	unphased	NA	NA	1
1	167097716	167097717	20	8	2	1	1	1	NA	NA	NA	unphased	1.46520146520147	1.46520146520147	1
1	169524490	169524491	104	30	2	1	1	0.18	1	1	0.82	unphased	1.14810562571757	1.14810562571757	1
1	197128433	197128434	36	16	2	1	1	1	NA	NA	NA	unphased	1.57790927021696	1.57790927021696	1
1	201869660	201869661	84	21	2	1	1	1	NA	NA	NA	unphased	1.02564102564103	1.02564102564103	1
1	207697315	207697316	95	26	2	1	1	1	NA	NA	NA	unphased	1.10192837465565	1.10192837465565	1
1	237540648	237540649	38	10	2	1	1	1	NA	NA	NA	unphased	1.06837606837607	1.06837606837607	1
1	238045794	238045795	112	19	2	1	1	1	NA	NA	NA	unphased	0.743785476609904	0.743785476609904	1
1	248756657	248756658	120	29	2	1	1	1	NA	NA	NA	unphased	0.998107038375495	0.998107038375495	1
10	7239627	7239628	59	12	2	1	1	1	NA	NA	NA	unphased	0.866738894907909	0.866738894907909	1
10	12191899	12191900	107	32	2	1	1	1	NA	NA	NA	unphased	1.18059398634938	1.18059398634938	1
10	27313451	27313452	56	11	2	1	1	1	NA	NA	NA	unphased	0.841944125526215	0.841944125526215	1
10	27313452	27313453	56	11	2	1	1	1	NA	NA	NA	unphased	0.841944125526215	0.841944125526215	1
10	27539725	27539726	174	34	2	1	1	1	NA	NA	NA	unphased	0.838264299802761	0.838264299802761	1
10	61831781	61831782	87	27	2	1	1	0.1	1	1	0.9	unphased	1.21457489878543	1.21457489878543	1
10	63170104	63170105	48	11	2	1	1	0.1	1	1	0.9	unphased	0.956106040851804	0.956106040851804	1
10	72505052	72505053	59	17	2	1	1	1	NA	NA	NA	unphased	1.14709851551957	1.14709851551957	1
10	73464735	73464736	110	26	2	1	1	1	NA	NA	NA	unphased	0.980392156862745	0.980392156862745	1
10	75574840	75574841	45	12	2	1	1	1	NA	NA	NA	unphased	1.07962213225371	1.07962213225371	1
10	88459080	88459081	114	21	2	1	1	1	NA	NA	NA	unphased	0.797720797720798	0.797720797720798	1
10	107015480	107015481	49	10	2	1	1	1	NA	NA	NA	unphased	0.869187309865276	0.869187309865276	1
10	113915811	113915812	16	5	2	1	1	1	NA	NA	NA	unphased	1.22100122100122	1.22100122100122	1
10	115423592	115423593	90	16	2	1	1	1	NA	NA	NA	unphased	0.774068698597	0.774068698597	1
10	135372840	135372841	103	11	1.36	3	1	0.12	0	1	0.88	unphased	0.433072424651372	0.433072424651372	1
11	320777	320778	173	39	2	1	1	0.34	1	1	0.66	unphased	0.943396226415094	0.943396226415094	1
11	380392	380393	38	11	2	1	1	0.34	1	1	0.66	unphased	1.15122972265829	1.15122972265829	1
11	1254333	1254334	31	3	2	1	1	0.31	1	1	0.69	unphased	0.452488687782805	0.452488687782805	1
11	5530002	5530003	102	35	2	1	1	1	NA	NA	NA	unphased	1.31012539771664	1.31012539771664	1
11	5536231	5536232	131	20	2	1	1	1	NA	NA	NA	unphased	0.679232467311938	0.679232467311938	1
11	6942672	6942673	104	34	2	1	1	1	NA	NA	NA	unphased	1.26347082868822	1.26347082868822	1
11	18373873	18373874	147	36	2	1	1	1	NA	NA	NA	unphased	1.00882723833544	1.00882723833544	1
11	33053101	33053102	79	18	2	1	1	1	NA	NA	NA	unphased	0.951625693893735	0.951625693893735	1
11	44148448	44148449	162	33	2	1	1	1	NA	NA	NA	unphased	0.867850098619329	0.867850098619329	1
11	55322046	55322047	153	29	4	4	0	1	NA	NA	NA	unphased	1.13581290504367	1.13581290504367	1
11	55653014	55653015	40	9	2	1	1	1	NA	NA	NA	unphased	0.941915227629513	0.941915227629513	1
11	55658780	55658781	132	22	2	1	1	1	NA	NA	NA	unphased	0.732600732600733	0.732600732600733	1
11	55659185	55659186	57	13	2	1	1	1	NA	NA	NA	unphased	0.952380952380952	0.952380952380952	1
11	56128445	56128446	94	17	2	1	1	1	NA	NA	NA	unphased	0.785400785400785	0.785400785400785	1
11	56128598	56128599	90	11	2	1	1	1	NA	NA	NA	unphased	0.558517390200558	0.558517390200558	1
11	57995625	57995626	89	13	2	1	1	1	NA	NA	NA	unphased	0.65359477124183	0.65359477124183	1
11	58190499	58190500	133	17	2	1	1	1	NA	NA	NA	unphased	0.581196581196581	0.581196581196581	1
11	62342668	62342669	104	21	2	1	1	1	NA	NA	NA	unphased	0.861538461538462	0.861538461538462	1
11	64436058	64436059	114	17	2	1	1	1	NA	NA	NA	unphased	0.665492268545704	0.665492268545704	1
11	93468362	93468363	41	9	2	1	1	1	NA	NA	NA	unphased	0.923076923076923	0.923076923076923	1
11	100912735	100912736	60	17	2	1	1	1	NA	NA	NA	unphased	1.13220113220113	1.13220113220113	1
11	102220481	102220482	14	5	2	1	1	1	NA	NA	NA	unphased	1.34952766531714	1.34952766531714	1
11	104866519	104866520	69	19	2	1	1	1	NA	NA	NA	unphased	1.10722610722611	1.10722610722611	1
11	118919889	118919890	34	4	2	1	1	1	NA	NA	NA	unphased	0.539811066126856	0.539811066126856	1
11	119210168	119210169	134	26	2	1	1	1	NA	NA	NA	unphased	0.833333333333333	0.833333333333333	1
11	124179811	124179812	69	12	2	1	1	1	NA	NA	NA	unphased	0.759734093067426	0.759734093067426	1
11	124179813	124179814	68	12	2	1	1	1	NA	NA	NA	unphased	0.769230769230769	0.769230769230769	1
11	132184555	132184556	56	9	2	1	1	1	NA	NA	NA	unphased	0.710059171597633	0.710059171597633	1
12	6981601	6981602	94	75	1	1	0	1	NA	NA	NA	unphased	1.83204369594902	1.83204369594902	1
12	6981620	6981621	87	83	1	1	0	1	NA	NA	NA	unphased	2.01553544494721	2.01553544494721	1
12	6981645	6981646	97	90	1	1	0	1	NA	NA	NA	unphased	1.98683669271905	1.98683669271905	1
12	7014902	7014903	53	73	1	1	0	1	NA	NA	NA	unphased	2.39173789173789	2.39173789173789	1
12	7015103	7015104	56	62	1	1	0	1	NA	NA	NA	unphased	2.1690569317688	2.1690569317688	1
12	7016521	7016522	172	155	1	1	0	1	NA	NA	NA	unphased	1.95679447973026	1.95679447973026	1
12	7016542	7016543	158	138	1	1	0	1	NA	NA	NA	unphased	1.92463617463617	1.92463617463617	1
12	7016593	7016594	95	83	1	1	0	1	NA	NA	NA	unphased	1.92494958225295	1.92494958225295	1
12	7016596	7016597	92	78	1	1	0	1	NA	NA	NA	unphased	1.89411764705882	1.89411764705882	1
12	7016689	7016690	21	18	1	1	0	1	NA	NA	NA	unphased	1.90532544378698	1.90532544378698	1
12	10978665	10978666	49	60	3.05	6	1	0.21	1	1	0.79	unphased	3.40084685956246	0.99439966653873	3.42
12	48389075	48389076	89	37	1.28	2	1	0.14	1	0	0.86	unphased	1.29447293447293	1.13550257409907	1.14
12	52715159	52715160	64	29	2.9	2	1	0.95	0	1	0.05	unphased	1.87976288944031	0.98934888917911	1.9
12	53400230	53400231	181	39	2.7	2	1	0.85	0	1	0.15	unphased	1.03318181818182	1.03318181818182	1
12	54856498	54856499	102	31	2	1	1	0.09	1	1	0.91	unphased	1.19529593213804	1.19529593213804	1
12	57865235	57865236	78	9	2	1	1	0.09	1	1	0.91	unphased	0.530503978779841	0.582971405252572	0.91
12	62795052	62795053	31	3	2	1	1	0.09	1	1	0.91	unphased	0.452488687782805	0.452488687782805	1
12	62979179	62979180	47	17	2	1	1	0.09	1	1	0.91	unphased	1.36217948717949	1.36217948717949	1
12	78334101	78334102	150	34	1	1	0	0.11	1	0	0.89	unphased	0.762820512820513	0.857101699798329	0.89
12	105569823	105569824	59	117	1	1	0	0.11	1	0	0.89	unphased	2.74431818181818	2.74431818181818	1
12	108043137	108043138	67	8	2.96	4	1	0.32	1	1	0.68	unphased	0.649408547008547	0.649408547008547	1
12	109306287	109306288	257	18	2.96	4	1	0.32	1	1	0.68	unphased	0.398500699300699	1.24531468531469	0.32
12	113759118	113759119	217	35	2	1	1	0.14	1	1	0.86	unphased	0.712250712250712	0.828198502617107	0.86
12	116446586	116446587	35	9	2	1	1	0.14	1	1	0.86	unphased	1.04895104895105	1.04895104895105	1
12	116446587	116446588	34	9	2	1	1	0.14	1	1	0.86	unphased	1.07334525939177	1.07334525939177	1
12	120594264	120594265	49	8	2	1	1	0.14	1	1	0.86	unphased	0.719748088169141	0.719748088169141	1
12	129442178	129442179	45	9	2	1	1	0.14	1	1	0.86	unphased	0.854700854700855	0.854700854700855	1
13	19753515	19753516	124	23	2	1	1	1	NA	NA	NA	unphased	0.80237223094366	0.80237223094366	1
13	25483927	25483928	19	6	2	1	1	1	NA	NA	NA	unphased	1.23076923076923	1.23076923076923	1
13	50066176	50066177	13	9	2	1	1	1	NA	NA	NA	unphased	2.0979020979021	2.0979020979021	1
14	23019499	23019500	45	12	2	1	1	1	NA	NA	NA	unphased	1.07962213225371	1.07962213225371	1
14	23533391	23533392	111	25	2	1	1	1	NA	NA	NA	unphased	0.942684766214178	0.942684766214178	1
14	31604161	31604162	122	14	2	1	1	0.13	1	1	0.87	unphased	0.52790346907994	0.606785596643609	0.87
14	36155792	36155793	29	4	2	1	1	0.13	1	1	0.87	unphased	0.621600621600622	0.621600621600622	1
14	42355937	42355938	27	7	2	1	1	0.25	1	1	0.75	unphased	1.05580693815988	1.05580693815988	1
14	72921239	72921240	98	26	2	1	1	1	NA	NA	NA	unphased	1.0752688172043	1.0752688172043	1
14	77272992	77272993	118	20	2	1	1	1	NA	NA	NA	unphased	0.743218134522482	0.743218134522482	1
14	77709274	77709275	89	14	2	1	1	1	NA	NA	NA	unphased	0.697037590241474	0.697037590241474	1
14	105419007	105419008	381	68	1.06	1	1	0.06	0	1	0.94	unphased	0.634293872423048	0.634293872423048	1
16	1129697	1129698	47	12	2	1	1	0.15	1	1	0.85	unphased	1.04302477183833	1.04302477183833	1
16	1129698	1129699	44	12	2	1	1	0.15	1	1	0.85	unphased	1.0989010989011	1.0989010989011	1
16	15833993	15833994	118	19	2	1	1	0.13	1	1	0.87	unphased	0.711210930189032	0.711210930189032	1
16	21109999	21110000	191	23	2	1	1	0.11	1	1	0.89	unphased	0.551162233405224	0.551162233405224	1
16	21222950	21222951	30	8	2	1	1	0.11	1	1	0.89	unphased	1.07962213225371	1.07962213225371	1
16	29913108	29913109	45	12	2	1	1	0.11	1	1	0.89	unphased	1.07962213225371	1.07962213225371	1
16	49672617	49672618	63	5	2	1	1	0.11	1	1	0.89	unphased	0.377073906485671	0.377073906485671	1
16	56865912	56865913	91	13	2	1	1	1	NA	NA	NA	unphased	0.641025641025641	0.641025641025641	1
16	57722426	57722427	23	11	2	1	1	1	NA	NA	NA	unphased	1.65912518853695	1.65912518853695	1
16	58293812	58293813	47	11	2	1	1	1	NA	NA	NA	unphased	0.972590627763042	0.972590627763042	1
16	70162986	70162987	406	37	2	1	1	1	NA	NA	NA	unphased	0.428315101001331	0.428315101001331	1
16	75269146	75269147	61	4	2	1	1	1	NA	NA	NA	unphased	0.315581854043393	0.315581854043393	1
16	84695421	84695422	37	11	2	1	1	0.18	1	1	0.82	unphased	1.17521367521368	1.17521367521368	1
16	89650486	89650487	76	14	2	1	1	0.18	1	1	0.82	unphased	0.797720797720798	0.797720797720798	1
17	4889532	4889533	12	3	1	1	0	1	NA	NA	NA	unphased	0.825641025641026	0.825641025641026	1
17	10305012	10305013	226	60	1	1	0	1	NA	NA	NA	unphased	0.866057019903174	0.866057019903174	1
17	10438444	10438445	52	17	1	1	0	1	NA	NA	NA	unphased	1.01709401709402	1.01709401709402	1
17	11684437	11684438	40	8	1	1	0	1	NA	NA	NA	unphased	0.688034188034188	0.688034188034188	1
17	21825437	21825438	49	6	2	1	1	0.12	1	1	0.88	unphased	0.559440559440559	0.559440559440559	1
17	27580751	27580752	56	14	2	1	1	0.12	1	1	0.88	unphased	1.02564102564103	1.02564102564103	1
17	29592334	29592335	82	12	2	1	1	0.12	1	1	0.88	unphased	0.654664484451718	0.654664484451718	1
17	35295426	35295427	26	4	2	1	1	0.12	1	1	0.88	unphased	0.683760683760684	0.683760683760684	1
17	39041379	39041380	43	7	2	1	1	0.12	1	1	0.88	unphased	0.717948717948718	0.717948717948718	1
17	39847050	39847051	97	16	2	1	1	0.17	1	1	0.83	unphased	0.726117540276832	0.726117540276832	1
17	39880979	39880980	155	34	2	1	1	0.17	1	1	0.83	unphased	0.922534255867589	0.922534255867589	1
17	39880980	39880981	160	34	2	1	1	0.17	1	1	0.83	unphased	0.898757599788528	0.898757599788528	1
17	42992785	42992786	20	6	2	1	1	0.17	1	1	0.83	unphased	1.18343195266272	1.18343195266272	1
17	46214519	46214520	13	3	1.09	1	1	0.09	1	0	0.91	unphased	0.790913461538461	0.790913461538461	1
17	60069949	60069950	68	14	1.09	1	1	0.09	1	0	0.91	unphased	0.720181363352095	0.720181363352095	1
17	60814552	60814553	158	40	1.09	1	1	0.09	1	0	0.91	unphased	0.852162652162652	0.852162652162652	1
17	72518938	72518939	76	19	1.09	1	1	0.09	1	0	0.91	unphased	0.843641025641026	0.843641025641026	1
18	19995909	19995910	180	27	2	1	1	0.35	1	1	0.65	unphased	0.668896321070234	1.02907126318498	0.65
18	58038590	58038591	81	16	2	1	1	0.35	1	1	0.65	unphased	0.84588950568332	0.84588950568332	1
18	67562980	67562981	154	23	2	1	1	0.29	1	1	0.71	unphased	0.666376937563378	0.938559066990674	0.71
19	6678003	6678004	88	21	1	1	0	1	NA	NA	NA	unphased	0.795342272406493	0.795342272406493	1
19	9072454	9072455	52	6	1	1	0	1	NA	NA	NA	unphased	0.427055702917772	0.427055702917772	1
19	9087567	9087568	84	22	1	1	0	1	NA	NA	NA	unphased	0.856797290759555	0.856797290759555	1
19	9087568	9087569	83	21	1	1	0	1	NA	NA	NA	unphased	0.833579881656805	0.833579881656805	1
19	9091251	9091252	35	20	1	1	0	1	NA	NA	NA	unphased	1.5011655011655	1.5011655011655	1
19	11032510	11032511	35	5	1	1	0	1	NA	NA	NA	unphased	0.516025641025641	0.516025641025641	1
19	39876697	39876698	157	21	2.3	3	1	0.15	1	1	0.85	unphased	0.640406222990493	0.640406222990493	1
19	40828058	40828059	112	22	2.3	3	1	0.15	1	1	0.85	unphased	0.891197856869499	0.891197856869499	1
19	41186869	41186870	132	91	2.3	3	1	0.15	1	1	0.85	unphased	2.21509715994021	1.0302777488094	2.15
19	41223257	41223258	39	4	2.3	3	1	0.15	1	1	0.85	unphased	0.50494931425164	0.50494931425164	1
19	41268940	41268941	59	21	2.3	3	1	0.15	1	1	0.85	unphased	1.42490384615385	1.09607988165681	1.3
19	41601897	41601898	43	8	2.3	3	1	0.15	1	1	0.85	unphased	0.85148315736551	0.85148315736551	1
19	41884357	41884358	137	14	2.3	3	1	0.15	1	1	0.85	unphased	0.50327729665478	0.50327729665478	1
19	42085718	42085719	91	15	2.3	3	1	0.15	1	1	0.85	unphased	0.768142235123367	0.768142235123367	1
19	53885625	53885626	47	11	1	1	0	1	NA	NA	NA	unphased	0.782935455349248	0.782935455349248	1
19	54377000	54377001	113	30	1	1	0	1	NA	NA	NA	unphased	0.866057019903174	0.866057019903174	1
19	54653430	54653431	29	3	1	1	0	1	NA	NA	NA	unphased	0.387019230769231	0.387019230769231	1
19	55107364	55107365	88	13	1	1	0	1	NA	NA	NA	unphased	0.531353135313531	0.531353135313531	1
19	55815079	55815080	91	17	1	1	0	1	NA	NA	NA	unphased	0.649810066476733	0.649810066476733	1
2	18758145	18758146	63	11	2	1	1	1	NA	NA	NA	unphased	0.762300762300762	0.762300762300762	1
2	21234576	21234577	272	64	2	1	1	1	NA	NA	NA	unphased	0.976800976800977	0.976800976800977	1
2	26726677	26726678	83	25	2	1	1	1	NA	NA	NA	unphased	1.18708452041785	1.18708452041785	1
2	27560359	27560360	52	14	2	1	1	1	NA	NA	NA	unphased	1.08780108780109	1.08780108780109	1
2	30748581	30748582	85	21	2	1	1	1	NA	NA	NA	unphased	1.01596516690856	1.01596516690856	1
2	31572643	31572644	130	8	2	1	1	1	NA	NA	NA	unphased	0.297287253808993	0.297287253808993	1
2	49295409	49295410	104	27	2	1	1	1	NA	NA	NA	unphased	1.05695830886671	1.05695830886671	1
2	68609691	68609692	103	23	2	1	1	1	NA	NA	NA	unphased	0.936100936100936	0.936100936100936	1
2	74042539	74042540	35	3	2	1	1	1	NA	NA	NA	unphased	0.404858299595142	0.404858299595142	1
2	87085401	87085402	84	14	2	1	1	1	NA	NA	NA	unphased	0.732600732600733	0.732600732600733	1
2	88390562	88390563	179	32	2	1	1	1	NA	NA	NA	unphased	0.777737270628266	0.777737270628266	1
2	95847844	95847845	88	18	2	1	1	1	NA	NA	NA	unphased	0.870827285921626	0.870827285921626	1
2	113147631	113147632	235	29	2	1	1	1	NA	NA	NA	unphased	0.563325563325563	0.563325563325563	1
2	130931162	130931163	42	6	2	1	1	1	NA	NA	NA	unphased	0.641025641025641	0.641025641025641	1
2	131688759	131688760	41	5	2	1	1	1	NA	NA	NA	unphased	0.557413600891862	0.557413600891862	1
2	132288401	132288402	32	9	2	1	1	1	NA	NA	NA	unphased	1.12570356472795	1.12570356472795	1
2	133175451	133175452	81	14	2	1	1	1	NA	NA	NA	unphased	0.755735492577598	0.755735492577598	1
2	136570410	136570411	63	15	2	1	1	1	NA	NA	NA	unphased	0.986193293885602	0.986193293885602	1
2	158272231	158272232	86	17	2	1	1	0.12	1	1	0.88	unphased	0.846402788150361	0.846402788150361	1
2	166243515	166243516	82	17	2	1	1	0.12	1	1	0.88	unphased	0.880600880600881	0.880600880600881	1
2	179435515	179435516	117	21	2	1	1	0.12	1	1	0.88	unphased	0.780379041248606	0.780379041248606	1
2	182543303	182543304	39	11	2	1	1	0.12	1	1	0.88	unphased	1.12820512820513	1.12820512820513	1
2	216974079	216974080	9	4	2	1	1	1	NA	NA	NA	unphased	1.57790927021696	1.57790927021696	1
2	218749850	218749851	52	11	2	1	1	1	NA	NA	NA	unphased	0.895400895400895	0.895400895400895	1
2	220309386	220309387	74	12	2	1	1	1	NA	NA	NA	unphased	0.715563506261181	0.715563506261181	1
2	220346394	220346395	36	8	2	1	1	1	NA	NA	NA	unphased	0.932400932400932	0.932400932400932	1
2	220431994	220431995	20	5	2	1	1	1	NA	NA	NA	unphased	1.02564102564103	1.02564102564103	1
2	230231698	230231699	37	13	2	1	1	1	NA	NA	NA	unphased	1.33333333333333	1.33333333333333	1
2	234359580	234359581	145	26	2	1	1	1	NA	NA	NA	unphased	0.779727095516569	0.779727095516569	1
2	242312532	242312533	76	14	2	1	1	0.25	1	1	0.75	unphased	0.797720797720798	0.797720797720798	1
20	2776043	2776044	89	16	2	1	1	1	NA	NA	NA	unphased	0.781440781440781	0.781440781440781	1
20	20527380	20527381	41	9	2	1	1	1	NA	NA	NA	unphased	0.923076923076923	0.923076923076923	1
20	36625318	36625319	128	22	2	1	1	0.16	1	1	0.84	unphased	0.752136752136752	0.752136752136752	1
20	40118537	40118538	84	24	1.08	1	1	0.08	0	1	0.92	unphased	0.935156695156695	0.935156695156695	1
20	57430056	57430057	22	6	2	1	1	0.15	1	1	0.85	unphased	1.0989010989011	1.0989010989011	1
20	58349476	58349477	78	18	2	1	1	0.15	1	1	0.85	unphased	0.961538461538461	0.961538461538461	1
20	58519268	58519269	85	12	2	1	1	0.15	1	1	0.85	unphased	0.63441712926249	0.63441712926249	1
21	30433675	30433676	78	20	2	1	1	1	NA	NA	NA	unphased	1.0465724751439	1.0465724751439	1
21	42754413	42754414	88	28	2	1	1	1	NA	NA	NA	unphased	1.23784261715296	1.23784261715296	1
21	42817460	42817461	77	23	2	1	1	1	NA	NA	NA	unphased	1.17948717948718	1.17948717948718	1
21	43846874	43846875	68	20	2	1	1	0.25	1	1	0.75	unphased	1.16550116550117	1.16550116550117	1
22	30127162	30127163	61	15	1	1	0	1	NA	NA	NA	unphased	0.814777327935223	0.814777327935223	1
22	37603005	37603006	78	24	1	1	0	1	NA	NA	NA	unphased	0.971342383107089	0.971342383107089	1
22	39262644	39262645	6	4	1	1	0	1	NA	NA	NA	unphased	1.65128205128205	1.65128205128205	1
3	15631114	15631115	151	40	2	1	1	1	NA	NA	NA	unphased	1.07396966035709	1.07396966035709	1
3	36899184	36899185	112	31	2	1	1	1	NA	NA	NA	unphased	1.1117088040165	1.1117088040165	1
3	49547964	49547965	104	23	2	1	1	1	NA	NA	NA	unphased	0.92873006258833	0.92873006258833	1
3	57132446	57132447	137	35	2	1	1	1	NA	NA	NA	unphased	1.04353011329756	1.04353011329756	1
3	58639498	58639499	95	17	2	1	1	1	NA	NA	NA	unphased	0.778388278388278	0.778388278388278	1
3	77651378	77651379	64	9	2	1	1	0.21	1	1	0.79	unphased	0.632244467860906	0.632244467860906	1
3	81754660	81754661	17	3	2	1	1	0.21	1	1	0.79	unphased	0.769230769230769	0.769230769230769	1
3	95374448	95374449	38	7	2	1	1	1	NA	NA	NA	unphased	0.797720797720798	0.797720797720798	1
3	102171854	102171855	77	16	2	1	1	1	NA	NA	NA	unphased	0.882271850013785	0.882271850013785	1
3	102171855	102171856	80	16	2	1	1	1	NA	NA	NA	unphased	0.854700854700855	0.854700854700855	1
3	124416552	124416553	20	4	2	1	1	1	NA	NA	NA	unphased	0.854700854700855	0.854700854700855	1
3	132186117	132186118	93	23	2	1	1	1	NA	NA	NA	unphased	1.01679929266136	1.01679929266136	1
3	133647717	133647718	28	6	2	1	1	1	NA	NA	NA	unphased	0.904977375565611	0.904977375565611	1
3	169487155	169487156	35	11	2	1	1	0.11	1	1	0.89	unphased	1.2263099219621	1.2263099219621	1
3	186917851	186917852	58	13	2	1	1	1	NA	NA	NA	unphased	0.938967136150235	0.938967136150235	1
3	196746616	196746617	63	13	2	1	1	1	NA	NA	NA	unphased	0.87719298245614	0.87719298245614	1
4	2306479	2306480	79	12	2	1	1	0.27	1	1	0.73	unphased	0.676246830092984	0.676246830092984	1
4	6303590	6303591	75	21	2	1	1	0.27	1	1	0.73	unphased	1.12179487179487	1.12179487179487	1
4	13601762	13601763	33	7	2	1	1	1	NA	NA	NA	unphased	0.897435897435897	0.897435897435897	1
4	16020116	16020117	22	3	2	1	1	1	NA	NA	NA	unphased	0.615384615384615	0.615384615384615	1
4	26431564	26431565	73	12	2	1	1	1	NA	NA	NA	unphased	0.723981900452489	0.723981900452489	1
4	55958807	55958808	69	21	2	1	1	1	NA	NA	NA	unphased	1.1965811965812	1.1965811965812	1
4	56818404	56818405	41	9	2	1	1	1	NA	NA	NA	unphased	0.923076923076923	0.923076923076923	1
4	68708328	68708329	53	14	2	1	1	0.16	1	1	0.84	unphased	1.07156525066973	1.07156525066973	1
4	69101891	69101892	34	8	2	1	1	0.16	1	1	0.84	unphased	0.976800976800977	0.976800976800977	1
4	71275361	71275362	187	32	1.1	1	1	0.1	1	0	0.9	unphased	0.617819927408968	0.617819927408968	1
4	71509156	71509157	87	14	1.1	1	1	0.1	1	0	0.9	unphased	0.586087839553186	0.586087839553186	1
4	78081949	78081950	103	30	1.1	1	1	0.1	1	0	0.9	unphased	0.95373048004627	0.95373048004627	1
4	128732765	128732766	34	7	1.1	1	1	0.1	1	0	0.9	unphased	0.721888680425266	0.721888680425266	1
4	147561162	147561163	70	21	1.1	1	1	0.1	1	0	0.9	unphased	0.975739644970414	0.975739644970414	1
4	159790338	159790339	81	21	1.1	1	1	0.1	1	0	0.9	unphased	0.870512820512821	0.870512820512821	1
4	167663200	167663201	52	14	2	1	1	0.12	1	1	0.88	unphased	1.08780108780109	1.08780108780109	1
4	184210630	184210631	18	8	2	1	1	1	NA	NA	NA	unphased	1.57790927021696	1.57790927021696	1
4	184240776	184240777	248	42	2	1	1	1	NA	NA	NA	unphased	0.742705570291777	0.742705570291777	1
4	187629186	187629187	39	8	2	1	1	1	NA	NA	NA	unphased	0.872885979268958	0.872885979268958	1
5	5186342	5186343	37	23	2.73	2	1	0.73	1	1	0.27	unphased	2.2456452991453	1.29806086655798	1.73
5	23521173	23521174	51	10	1.17	1	1	0.17	1	0	0.83	unphased	0.704623791509037	0.704623791509037	1
5	52367848	52367849	32	6	2	1	1	0.28	1	1	0.72	unphased	0.809716599190283	0.809716599190283	1
5	55407156	55407157	126	27	2	1	1	1	NA	NA	NA	unphased	0.904977375565611	0.904977375565611	1
5	72874844	72874845	32	7	2	1	1	1	NA	NA	NA	unphased	0.920447074293228	0.920447074293228	1
5	78411620	78411621	88	22	2	1	1	1	NA	NA	NA	unphased	1.02564102564103	1.02564102564103	1
5	80256601	80256602	46	9	2	1	1	1	NA	NA	NA	unphased	0.839160839160839	0.839160839160839	1
5	82849271	82849272	152	20	2	1	1	1	NA	NA	NA	unphased	0.596302921884317	0.596302921884317	1
5	94938951	94938952	21	5	2	1	1	0.11	1	1	0.89	unphased	0.986193293885602	0.986193293885602	1
5	101834365	101834366	265	43	2	1	1	0.18	1	1	0.82	unphased	0.715950715950716	0.87311062920819	0.82
5	115351417	115351418	45	17	2	1	1	0.1	1	1	0.9	unphased	1.40612076095947	1.40612076095947	1
5	118469211	118469212	121	20	2	1	1	0.1	1	1	0.9	unphased	0.727404982724132	0.727404982724132	1
5	133295219	133295220	42	8	2	1	1	1	NA	NA	NA	unphased	0.82051282051282	0.82051282051282	1
5	133451506	133451507	13	7	2	1	1	1	NA	NA	NA	unphased	1.79487179487179	1.79487179487179	1
5	134870746	134870747	40	10	2	1	1	1	NA	NA	NA	unphased	1.02564102564103	1.02564102564103	1
5	139266995	139266996	66	14	2	1	1	1	NA	NA	NA	unphased	0.897435897435897	0.897435897435897	1
5	140189055	140189056	126	23	2	1	1	1	NA	NA	NA	unphased	0.791602133884013	0.791602133884013	1
5	140306961	140306962	138	22	2	1	1	1	NA	NA	NA	unphased	0.705128205128205	0.705128205128205	1
5	140730552	140730553	108	18	2	1	1	1	NA	NA	NA	unphased	0.732600732600733	0.732600732600733	1
5	140801648	140801649	182	37	2	1	1	1	NA	NA	NA	unphased	0.866409085587168	0.866409085587168	1
5	146795320	146795321	207	39	2	1	1	1	NA	NA	NA	unphased	0.813008130081301	0.813008130081301	1
5	172396576	172396577	98	8	2	1	1	1	NA	NA	NA	unphased	0.3870343492985	0.3870343492985	1
6	10530032	10530033	154	23	3	2	1	1	NA	NA	NA	unphased	0.796320440388237	0.796320440388237	1
6	22569820	22569821	79	14	3	2	1	1	NA	NA	NA	unphased	0.922525503170664	0.922525503170664	1
6	25670296	25670297	141	21	3	2	1	1	NA	NA	NA	unphased	0.794396961063628	0.794396961063628	1
6	26021095	26021096	50	7	3	2	1	1	NA	NA	NA	unphased	0.752586594691858	0.752586594691858	1
6	28195005	28195006	67	20	3	2	1	1	NA	NA	NA	unphased	1.40878278809313	1.40878278809313	1
6	28212819	28212820	72	15	3	2	1	1	NA	NA	NA	unphased	1.05658709106985	1.05658709106985	1
6	29408401	29408402	225	77	3	2	1	1	NA	NA	NA	unphased	1.5624893869927	0.781244693496349	2
6	29640912	29640913	194	30	3	2	1	1	NA	NA	NA	unphased	0.820741758241758	0.820741758241758	1
6	31671081	31671082	20	10	3	2	1	1	NA	NA	NA	unphased	2.04273504273504	1.02136752136752	2
6	32047033	32047034	116	62	3	2	1	1	NA	NA	NA	unphased	2.13454335926246	1.06727167963123	2
6	47686139	47686140	149	61	3	2	1	1	NA	NA	NA	unphased	1.78009768009768	0.89004884004884	2
6	49754749	49754750	92	48	3	2	1	1	NA	NA	NA	unphased	2.1010989010989	1.05054945054945	2
6	51875131	51875132	49	30	3	2	1	1	NA	NA	NA	unphased	2.32716650438169	1.16358325219085	2
6	57512590	57512591	427	33	2.22	2	1	0.22	1	1	0.78	unphased	0.383675585284281	0.383675585284281	1
6	124604149	124604150	123	32	1.84	1	0	0.16	1	1	0.84	unphased	1.02569396195203	1.02569396195203	1
6	124604150	124604151	123	32	1.84	1	0	0.16	1	1	0.84	unphased	1.02569396195203	1.02569396195203	1
6	142691640	142691641	48	35	2	2	0	1	NA	NA	NA	unphased	2.16249613839975	1.08124806919988	2
6	150321231	150321232	28	10	2	2	0	1	NA	NA	NA	unphased	1.34952766531714	1.34952766531714	1
6	165715364	165715365	98	44	2	2	0	1	NA	NA	NA	unphased	1.58902130733117	0.794510653665583	2
6	167550243	167550244	61	33	2	2	0	1	NA	NA	NA	unphased	1.80032733224223	0.900163666121113	2
7	2952949	2952950	106	20	2	1	1	0.14	1	1	0.86	unphased	0.814000814000814	0.814000814000814	1
7	19184523	19184524	54	8	2	1	1	0.17	1	1	0.83	unphased	0.661703887510339	0.661703887510339	1
7	21695476	21695477	27	10	2	1	1	1	NA	NA	NA	unphased	1.38600138600139	1.38600138600139	1
7	23728968	23728969	76	18	2	1	1	1	NA	NA	NA	unphased	0.981996726677578	0.981996726677578	1
7	47408796	47408797	36	6	2	1	1	1	NA	NA	NA	unphased	0.732600732600733	0.732600732600733	1
7	53103729	53103730	55	5	2	1	1	1	NA	NA	NA	unphased	0.427350427350427	0.427350427350427	1
7	73122991	73122992	26	6	2	1	1	0.12	1	1	0.88	unphased	0.961538461538461	0.961538461538461	1
7	84694839	84694840	68	12	2	1	1	0.16	1	1	0.84	unphased	0.769230769230769	0.769230769230769	1
7	92825186	92825187	102	19	2	1	1	1	NA	NA	NA	unphased	0.805255350709896	0.805255350709896	1
7	103474089	103474090	38	10	2	1	1	1	NA	NA	NA	unphased	1.06837606837607	1.06837606837607	1
7	106508279	106508280	58	12	2	1	1	1	NA	NA	NA	unphased	0.879120879120879	0.879120879120879	1
7	117232499	117232500	41	7	2	1	1	1	NA	NA	NA	unphased	0.747863247863248	0.747863247863248	1
7	124404474	124404475	139	28	2	1	1	1	NA	NA	NA	unphased	0.85981882389068	0.85981882389068	1
7	127892181	127892182	178	50	2	1	1	1	NA	NA	NA	unphased	1.12460638776428	1.12460638776428	1
7	146805318	146805319	57	8	2	1	1	1	NA	NA	NA	unphased	0.631163708086785	0.631163708086785	1
7	150163809	150163810	59	12	2	1	1	1	NA	NA	NA	unphased	0.866738894907909	0.866738894907909	1
8	3000162	3000163	94	29	1	1	0	1	NA	NA	NA	unphased	0.973316656243485	0.973316656243485	1
8	39496042	39496043	70	19	3	2	1	1	NA	NA	NA	unphased	1.3082685105157	1.3082685105157	1
8	41542135	41542136	66	12	2	1	1	0.16	1	1	0.84	unphased	0.788954635108481	0.788954635108481	1
8	57354174	57354175	98	46	3	2	1	1	NA	NA	NA	unphased	1.95762108262108	0.978810541310541	2
8	82443477	82443478	11	3	2.24	2	1	0.24	1	1	0.76	unphased	1.15032967032967	1.15032967032967	1
8	88884933	88884934	9	6	2.24	2	1	0.24	1	1	0.76	unphased	2.14728205128205	1.73167907361456	1.24
8	94798574	94798575	52	24	3	2	1	1	NA	NA	NA	unphased	1.93522267206478	0.967611336032388	2
8	104897655	104897656	116	13	3	2	1	1	NA	NA	NA	unphased	0.617571059431524	0.617571059431524	1
8	104898396	104898397	49	17	3	2	1	1	NA	NA	NA	unphased	1.57847707847708	0.789238539238539	2
8	106813968	106813969	118	38	3	2	1	1	NA	NA	NA	unphased	1.49276791584484	0.746383957922419	2
8	106815030	106815031	24	10	3	2	1	1	NA	NA	NA	unphased	1.80241327300151	0.901206636500754	2
8	113308072	113308073	45	7	2.21	2	1	0.21	1	1	0.79	unphased	0.718604536489152	0.718604536489152	1
8	113347651	113347652	45	21	2.21	2	1	0.21	1	1	0.79	unphased	1.69851981351981	1.40373538307423	1.21
8	113395870	113395871	47	27	2.21	2	1	0.21	1	1	0.79	unphased	1.94772349272349	1.60968883696156	1.21
8	113418865	113418866	131	21	2.21	2	1	0.21	1	1	0.79	unphased	0.737515182186235	0.737515182186235	1
8	120435429	120435430	51	23	3	2	1	1	NA	NA	NA	unphased	1.9047124047124	0.952356202356202	2
9	18929054	18929055	35	25	1.74	3	0	0.37	1	0	0.63	unphased	2.0284188034188	0.855872912834938	2.37
9	86518487	86518488	78	21	2	1	1	1	NA	NA	NA	unphased	1.08780108780109	1.08780108780109	1
9	95599863	95599864	51	6	2	1	1	1	NA	NA	NA	unphased	0.539811066126856	0.539811066126856	1
9	111782784	111782785	61	15	2	1	1	1	NA	NA	NA	unphased	1.01214574898785	1.01214574898785	1
9	112705146	112705147	51	9	2	1	1	1	NA	NA	NA	unphased	0.769230769230769	0.769230769230769	1
9	113149570	113149571	123	19	2	1	1	1	NA	NA	NA	unphased	0.686168291802094	0.686168291802094	1
9	129930965	129930966	135	34	2	1	1	1	NA	NA	NA	unphased	1.03170990744955	1.03170990744955	1
9	131038437	131038438	112	18	2	1	1	1	NA	NA	NA	unphased	0.710059171597633	0.710059171597633	1
9	136221711	136221712	198	48	2	1	1	1	NA	NA	NA	unphased	1.00062539086929	1.00062539086929	1
9	138678233	138678234	9	3	2	1	1	0.31	1	1	0.69	unphased	1.28205128205128	1.28205128205128	1
9	139262228	139262229	39	14	2	1	1	0.31	1	1	0.69	unphased	1.35462022254475	1.35462022254475	1
X	1407430	1407431	271	45	NA	NA	NA	NA	NA	NA	NA	unphased	NA	NA	1
X	12728571	12728572	94	51	NA	NA	NA	NA	NA	NA	NA	unphased	NA	NA	1
X	27766069	27766070	16	14	NA	NA	NA	NA	NA	NA	NA	unphased	NA	NA	1
X	84634402	84634403	9	7	NA	NA	NA	NA	NA	NA	NA	unphased	NA	NA	1
X	101615500	101615501	51	8	NA	NA	NA	NA	NA	NA	NA	unphased	NA	NA	1
X	155232549	155232550	111	15	NA	NA	NA	NA	NA	NA	NA	unphased	NA	NA	1
