chr	start	end	WT.count	mut.count	subclonal.CN	nMaj1	nMin1	frac1	nMaj2	nMin2	frac2	phase	mutation.copy.number	subclonal.fraction	no.chrs.bearing.mut
1	11077006	11077007	76	15	2	1	1	1	NA	NA	NA	unphased	0.804073974805682	0.804073974805682	1
1	11307699	11307700	51	17	2	1	1	1	NA	NA	NA	unphased	1.21951219512195	1.21951219512195	1
1	12837349	12837350	95	25	2	1	1	1	NA	NA	NA	unphased	1.01626016260163	1.01626016260163	1
1	17531663	17531664	22	5	2	1	1	1	NA	NA	NA	unphased	0.903342366757001	0.903342366757001	1
1	33059072	33059073	49	15	2	1	1	1	NA	NA	NA	unphased	1.14329268292683	1.14329268292683	1
1	75609573	75609574	59	14	2	1	1	1	NA	NA	NA	unphased	0.935516204477113	0.935516204477113	1
1	78031387	78031388	40	13	2	1	1	1	NA	NA	NA	unphased	1.19650253106305	1.19650253106305	1
1	79002270	79002271	60	12	2	1	1	1	NA	NA	NA	unphased	0.813008130081301	0.813008130081301	1
1	104116398	104116399	248	39	2	1	1	1	NA	NA	NA	unphased	0.66287074020566	0.66287074020566	1
1	144882751	144882752	254	30	2	1	1	1	NA	NA	NA	unphased	0.515286843009275	0.515286843009275	1
1	145549314	145549315	25	5	2	1	1	1	NA	NA	NA	unphased	0.813008130081301	0.813008130081301	1
1	152777404	152777405	9	3	2	1	1	1	NA	NA	NA	unphased	1.21951219512195	1.21951219512195	1
1	152785225	152785226	37	15	2	1	1	1	NA	NA	NA	unphased	1.40712945590994	1.40712945590994	1
1	153536361	153536362	20	8	2	1	1	1	NA	NA	NA	unphased	1.39372822299652	1.39372822299652	1
1	153604032	153604033	68	20	2	1	1	1	NA	NA	NA	unphased	1.10864745011086	1.10864745011086	1
1	156814586	156814587	42	11	2	1	1	1	NA	NA	NA	unphased	1.01242521859181	1.01242521859181	1
1	157514241	157514242	116	28	2	1	1	1	NA	NA	NA	unphased	0.948509485094851	0.948509485094851	1
1	157514826	157514827	49	14	2	1	1	1	NA	NA	NA	unphased	1.0840108401084	1.0840108401084	1
1	158262494	158262495	84	11	2	1	1	1	NA	NA	NA	unphased	0.564826700898588	0.564826700898588	1
1	158299800	158299801	174	45	2	1	1	1	NA	NA	NA	unphased	1.00233879051119	1.00233879051119	1
1	158651410	158651411	93	23	2	1	1	1	NA	NA	NA	unphased	0.967199327165686	0.967199327165686	1
1	158815385	158815386	30	9	2	1	1	1	NA	NA	NA	unphased	1.12570356472796	1.12570356472796	1
1	160098515	160098516	80	18	2	1	1	1	NA	NA	NA	unphased	0.895968143354903	0.895968143354903	1
1	173754390	173754391	32	4	2	1	1	1	NA	NA	NA	unphased	0.5420054200542	0.5420054200542	1
1	175325454	175325455	96	21	2	1	1	1	NA	NA	NA	unphased	0.875547217010632	0.875547217010632	1
1	175372395	175372396	48	14	2	1	1	1	NA	NA	NA	unphased	1.1014948859166	1.1014948859166	1
1	180044230	180044231	44	15	2	1	1	1	NA	NA	NA	unphased	1.24018189334436	1.24018189334436	1
1	197316597	197316598	45	13	2	1	1	1	NA	NA	NA	unphased	1.09335576114382	1.09335576114382	1
1	204951141	204951142	13	5	2	1	1	1	NA	NA	NA	unphased	1.3550135501355	1.3550135501355	1
1	233134125	233134126	27	8	2	1	1	1	NA	NA	NA	unphased	1.11498257839721	1.11498257839721	1
1	237604758	237604759	87	16	2	1	1	1	NA	NA	NA	unphased	0.757755150367038	0.757755150367038	1
1	237778055	237778056	43	8	2	1	1	1	NA	NA	NA	unphased	0.76518412242946	0.76518412242946	1
1	237817702	237817703	30	6	2	1	1	1	NA	NA	NA	unphased	0.813008130081301	0.813008130081301	1
1	248004690	248004691	131	29	NA	NA	NA	NA	NA	NA	NA	unphased	NA	NA	1
1	248201805	248201806	166	34	NA	NA	NA	NA	NA	NA	NA	unphased	NA	NA	1
1	249106436	249106437	16	4	NA	NA	NA	NA	NA	NA	NA	unphased	NA	NA	1
10	30336571	30336572	40	12	2	2	0	1	NA	NA	NA	unphased	1.12570356472796	1.12570356472796	1
10	31809072	31809073	21	8	2	2	0	1	NA	NA	NA	unphased	1.34566862910008	1.34566862910008	1
10	37431131	37431132	66	26	2	2	0	1	NA	NA	NA	unphased	1.37857900318134	0.689289501590668	2
10	49431302	49431303	36	9	2	2	0	1	NA	NA	NA	unphased	0.975609756097561	0.975609756097561	1
10	50532079	50532080	27	15	2	2	0	1	NA	NA	NA	unphased	1.74216027874564	0.871080139372822	2
10	73047493	73047494	29	14	2	2	0	1	NA	NA	NA	unphased	1.58820192853091	0.794100964265457	2
10	115973780	115973781	38	24	2	2	0	1	NA	NA	NA	unphased	1.8882769472856	0.944138473642801	2
10	135095750	135095751	10	10	2	2	0	1	NA	NA	NA	unphased	2.4390243902439	1.21951219512195	2
11	4869931	4869932	83	24	1	1	0	1	NA	NA	NA	unphased	0.86984271711876	0.86984271711876	1
11	7437269	7437270	88	16	1	1	0	1	NA	NA	NA	unphased	0.596622889305816	0.596622889305816	1
11	19207794	19207795	61	12	2	1	1	1	NA	NA	NA	unphased	0.801871032408954	0.801871032408954	1
11	20676347	20676348	72	17	2	1	1	1	NA	NA	NA	unphased	0.93176212661003	0.93176212661003	1
11	46893076	46893077	14	3	2	1	1	1	NA	NA	NA	unphased	0.860832137733142	0.860832137733142	1
11	56143186	56143187	106	37	2	1	1	1	NA	NA	NA	unphased	1.26215248166468	1.26215248166468	1
11	59828787	59828788	72	19	2	1	1	1	NA	NA	NA	unphased	1.01849370142053	1.01849370142053	1
11	60059778	60059779	37	10	2	1	1	1	NA	NA	NA	unphased	1.03788271925272	1.03788271925272	1
11	60183396	60183397	70	13	2	1	1	1	NA	NA	NA	unphased	0.764031736702909	0.764031736702909	1
11	64977856	64977857	16	3	2	1	1	1	NA	NA	NA	unphased	0.770218228498074	0.770218228498074	1
11	78380074	78380075	44	9	2	1	1	1	NA	NA	NA	unphased	0.828347906120571	0.828347906120571	1
11	104899949	104899950	24	7	2	1	1	1	NA	NA	NA	unphased	1.1014948859166	1.1014948859166	1
11	124252511	124252512	95	19	2	1	1	1	NA	NA	NA	unphased	0.813008130081301	0.813008130081301	1
12	7053874	7053875	16	3	2	1	1	0.3	1	1	0.7	unphased	0.770218228498074	0.770218228498074	1
12	7527241	7527242	48	16	2	1	1	0.3	1	1	0.7	unphased	1.21951219512195	1.21951219512195	1
12	9147763	9147764	40	5	2	1	1	0.3	1	1	0.7	unphased	0.5420054200542	0.5420054200542	1
12	11546518	11546519	309	31	2	1	1	0.3	1	1	0.7	unphased	0.444763271162123	0.444763271162123	1
12	15654795	15654796	28	7	2	1	1	0.3	1	1	0.7	unphased	0.975609756097561	0.975609756097561	1
12	48535132	48535133	63	23	2	1	1	0.3	1	1	0.7	unphased	1.30459444129325	1.30459444129325	1
12	50186237	50186238	16	4	2	1	1	0.3	1	1	0.7	unphased	0.975609756097561	0.975609756097561	1
12	56397817	56397818	76	18	2	1	1	0.3	1	1	0.7	unphased	0.934094447327452	0.934094447327452	1
12	56722283	56722284	93	33	2	1	1	0.3	1	1	0.7	unphased	1.27758420441347	1.27758420441347	1
12	94072575	94072576	38	17	2	1	1	0.3	1	1	0.7	unphased	1.50776053215078	1.50776053215078	1
12	99061382	99061383	52	18	2	1	1	0.3	1	1	0.7	unphased	1.25435540069686	1.25435540069686	1
12	101555842	101555843	74	28	2	1	1	0.3	1	1	0.7	unphased	1.33907221425155	1.33907221425155	1
12	121442167	121442168	55	19	2	1	1	0.3	1	1	0.7	unphased	1.2524719841793	1.2524719841793	1
13	20224397	20224398	60	46	1	1	0	1	NA	NA	NA	unphased	1.68292682926829	1.68292682926829	1
13	58299047	58299048	52	29	1	1	0	1	NA	NA	NA	unphased	1.38843721770551	1.38843721770551	1
13	79219119	79219120	38	25	1	1	0	1	NA	NA	NA	unphased	1.53890824622532	1.53890824622532	1
13	98673324	98673325	133	47	1	1	0	1	NA	NA	NA	unphased	1.01260162601626	1.01260162601626	1
13	111099171	111099172	43	23	1	1	0	1	NA	NA	NA	unphased	1.35144124168514	1.35144124168514	1
13	111099172	111099173	43	23	1	1	0	1	NA	NA	NA	unphased	1.35144124168514	1.35144124168514	1
14	22521259	22521260	29	8	2.5	2	1	0.75	1	0	0.25	unphased	1.16282135794331	1.16282135794331	1
14	22952007	22952008	43	26	2.5	2	1	0.75	1	0	0.25	unphased	2.02651113467656	1.15800636267232	1.75
14	24676617	24676618	72	34	2.5	2	1	0.75	1	0	0.25	unphased	1.72503451449609	0.985734008283479	1.75
14	47504429	47504430	70	16	2.52	2	1	0.76	1	0	0.24	unphased	1.00428814520703	1.00428814520703	1
14	58563646	58563647	29	13	2.52	2	1	0.76	1	0	0.24	unphased	1.67082462253194	0.949332171893148	1.76
14	64443308	64443309	150	81	2.52	2	1	0.76	1	0	0.24	unphased	1.89282229965157	1.07546721571112	1.76
14	70713668	70713669	63	14	2.52	2	1	0.76	1	0	0.24	unphased	0.981463414634147	0.981463414634147	1
14	72138133	72138134	42	20	2.52	2	1	0.76	1	0	0.24	unphased	1.74130605822187	0.989378442171519	1.76
14	72976928	72976929	123	67	2.52	2	1	0.76	1	0	0.24	unphased	1.90352246469833	1.08154685494223	1.76
14	88652108	88652109	102	16	2.52	2	1	0.76	1	0	0.24	unphased	0.731938817693262	0.731938817693262	1
14	93727991	93727992	81	7	2.52	2	1	0.76	1	0	0.24	unphased	0.429390243902439	0.564987163029525	0.76
14	93761255	93761256	60	24	2.52	2	1	0.76	1	0	0.24	unphased	1.54229965156794	0.87630662020906	1.76
14	103406185	103406186	144	76	2.52	2	1	0.76	1	0	0.24	unphased	1.86478048780488	1.05953436807095	1.76
14	104570717	104570718	41	9	2.52	2	1	0.76	1	0	0.24	unphased	0.971648780487805	0.971648780487805	1
15	20488781	20488782	195	13	NA	NA	NA	NA	NA	NA	NA	unphased	NA	NA	1
15	23689316	23689317	16	9	1.08	1	1	0.08	0	1	0.92	unphased	1.42489756097561	1.42489756097561	1
15	23811223	23811224	56	9	1.08	1	1	0.08	0	1	0.92	unphased	0.548037523452158	0.548037523452158	1
15	25451289	25451290	36	12	1.08	1	1	0.08	0	1	0.92	unphased	0.989512195121951	0.989512195121951	1
15	26026287	26026288	60	10	1.08	1	1	0.08	0	1	0.92	unphased	0.565435540069687	0.565435540069687	1
15	26026288	26026289	62	10	1.08	1	1	0.08	0	1	0.92	unphased	0.549728997289973	0.549728997289973	1
15	32928115	32928116	23	12	1.08	1	1	0.08	0	1	0.92	unphased	1.35704529616725	1.35704529616725	1
15	40993373	40993374	87	17	1.08	1	1	0.08	0	1	0.92	unphased	0.646988742964353	0.646988742964353	1
15	42693864	42693865	39	13	1.08	1	1	0.08	0	1	0.92	unphased	0.989512195121951	0.989512195121951	1
15	45427449	45427450	24	5	1.08	1	1	0.08	0	1	0.92	unphased	0.68242220353238	0.68242220353238	1
15	49031140	49031141	76	9	1.08	1	1	0.08	0	1	0.92	unphased	0.419087517934003	0.419087517934003	1
15	56680703	56680704	43	5	1.08	1	1	0.08	0	1	0.92	unphased	0.41229674796748	0.41229674796748	1
15	77769936	77769937	30	6	1.08	1	1	0.08	0	1	0.92	unphased	0.659674796747968	0.659674796747968	1
16	780559	780560	48	7	2	1	1	0.38	1	1	0.62	unphased	0.620842572062084	0.620842572062084	1
16	9857678	9857679	93	11	2	1	1	0.38	1	1	0.62	unphased	0.515947467166979	0.832173334140289	0.62
16	20322425	20322426	5	3	2	1	1	0.38	1	1	0.62	unphased	1.82926829268293	1.82926829268293	1
16	24920377	24920378	40	12	2	1	1	0.38	1	1	0.62	unphased	1.12570356472796	1.12570356472796	1
16	28967562	28967563	34	16	2	1	1	0.38	1	1	0.62	unphased	1.5609756097561	1.5609756097561	1
16	31501373	31501374	28	6	2	1	1	0.38	1	1	0.62	unphased	0.860832137733142	0.860832137733142	1
16	58043877	58043878	86	38	2	1	1	0.38	1	1	0.62	unphased	1.4948859166011	1.4948859166011	1
16	67233056	67233057	16	7	2	1	1	0.38	1	1	0.62	unphased	1.48462354188759	1.48462354188759	1
16	71488053	71488054	43	12	2	1	1	0.38	1	1	0.62	unphased	1.06430155210643	1.06430155210643	1
16	72992121	72992122	20	7	2	1	1	0.38	1	1	0.62	unphased	1.2646793134598	1.2646793134598	1
16	88722777	88722778	11	6	2	1	1	0.38	1	1	0.62	unphased	1.72166427546628	1.72166427546628	1
16	90001434	90001435	119	55	NA	NA	NA	NA	NA	NA	NA	unphased	NA	NA	1
17	7579310	7579311	48	12	1	1	0	1	NA	NA	NA	unphased	0.775609756097561	0.775609756097561	1
17	56540166	56540167	121	15	2	1	1	0.12	1	1	0.88	unphased	0.538020086083214	0.538020086083214	1
17	66417911	66417912	63	17	2	1	1	0.12	1	1	0.88	unphased	1.03658536585366	1.03658536585366	1
18	19031009	19031010	9	5	2	2	0	1	NA	NA	NA	unphased	1.74216027874564	1.74216027874564	1
18	28934970	28934971	191	117	2	2	0	1	NA	NA	NA	unphased	1.85302502375673	0.926512511878366	2
18	48573402	48573403	23	12	2	2	0	1	NA	NA	NA	unphased	1.67247386759582	0.836236933797909	2
18	50976930	50976931	30	14	2	2	0	1	NA	NA	NA	unphased	1.55210643015521	0.776053215077605	2
18	59203722	59203723	88	45	2	2	0	1	NA	NA	NA	unphased	1.65046763249587	0.825233816247937	2
19	6751102	6751103	32	13	1	1	0	1	NA	NA	NA	unphased	1.12032520325203	1.12032520325203	1
19	8971705	8971706	19	13	1	1	0	1	NA	NA	NA	unphased	1.57545731707317	1.57545731707317	1
19	14736382	14736383	68	11	1	1	0	1	NA	NA	NA	unphased	0.539981475764125	0.539981475764125	1
19	32902348	32902349	48	8	2	1	1	0.18	1	1	0.82	unphased	0.696864111498258	0.696864111498258	1
19	42213939	42213940	181	40	2	1	1	0.18	1	1	0.82	unphased	0.882904756649377	0.882904756649377	1
19	44778095	44778096	105	21	2	1	1	0.18	1	1	0.82	unphased	0.813008130081301	0.813008130081301	1
19	49838975	49838976	271	71	2	1	1	0.18	1	1	0.82	unphased	1.01269433746969	1.01269433746969	1
19	50247495	50247496	46	10	2	1	1	0.18	1	1	0.82	unphased	0.871080139372822	0.871080139372822	1
19	50357724	50357725	86	9	2	1	1	0.18	1	1	0.82	unphased	0.462130937098845	0.563574313535177	0.82
19	52568794	52568795	55	6	2	1	1	0.18	1	1	0.82	unphased	0.479808076769292	0.585131800938161	0.82
19	53612437	53612438	60	7	2	1	1	0.18	1	1	0.82	unphased	0.509646887513651	0.621520594528843	0.82
19	53884191	53884192	82	26	2	1	1	0.18	1	1	0.82	unphased	1.1743450767841	1.1743450767841	1
19	54758616	54758617	59	10	2	1	1	0.18	1	1	0.82	unphased	0.706963591375044	0.706963591375044	1
19	55597213	55597214	88	16	2	1	1	0.18	1	1	0.82	unphased	0.75046904315197	0.75046904315197	1
19	56953293	56953294	57	13	2	1	1	0.18	1	1	0.82	unphased	0.905923344947735	0.905923344947735	1
19	57746258	57746259	48	6	2	1	1	0.18	1	1	0.82	unphased	0.5420054200542	0.5420054200542	1
2	1544430	1544431	51	13	2	1	1	1	NA	NA	NA	unphased	0.990853658536585	0.990853658536585	1
2	11696852	11696853	39	5	2	1	1	1	NA	NA	NA	unphased	0.554323725055432	0.554323725055432	1
2	38975741	38975742	67	12	2	1	1	1	NA	NA	NA	unphased	0.740969435010806	0.740969435010806	1
2	63486508	63486509	51	12	2	1	1	1	NA	NA	NA	unphased	0.929152148664344	0.929152148664344	1
2	74043035	74043036	42	9	2	1	1	1	NA	NA	NA	unphased	0.860832137733142	0.860832137733142	1
2	79365157	79365158	23	7	2	1	1	1	NA	NA	NA	unphased	1.13821138211382	1.13821138211382	1
2	87017522	87017523	58	14	2	1	1	1	NA	NA	NA	unphased	0.948509485094851	0.948509485094851	1
2	109276213	109276214	79	12	2	1	1	1	NA	NA	NA	unphased	0.643259179844546	0.643259179844546	1
2	128522489	128522490	50	9	2	1	1	1	NA	NA	NA	unphased	0.744109136006614	0.744109136006614	1
2	144194487	144194488	35	9	2	1	1	1	NA	NA	NA	unphased	0.997782705099778	0.997782705099778	1
2	152732996	152732997	33	9	2	1	1	1	NA	NA	NA	unphased	1.04529616724739	1.04529616724739	1
2	167330360	167330361	40	11	2	1	1	1	NA	NA	NA	unphased	1.05212816834051	1.05212816834051	1
2	179616204	179616205	87	20	2	1	1	1	NA	NA	NA	unphased	0.911784818782767	0.911784818782767	1
2	206480474	206480475	53	12	2	1	1	1	NA	NA	NA	unphased	0.900562851782364	0.900562851782364	1
2	213886855	213886856	50	12	2	1	1	1	NA	NA	NA	unphased	0.944138473642801	0.944138473642801	1
2	216190788	216190789	45	6	2	1	1	1	NA	NA	NA	unphased	0.573888091822095	0.573888091822095	1
2	225266388	225266389	42	15	2	1	1	1	NA	NA	NA	unphased	1.28369704749679	1.28369704749679	1
2	231742843	231742844	19	3	2	1	1	1	NA	NA	NA	unphased	0.665188470066519	0.665188470066519	1
2	234628210	234628211	137	35	2	1	1	1	NA	NA	NA	unphased	0.992626205331821	0.992626205331821	1
2	240968954	240968955	105	16	2	1	1	1	NA	NA	NA	unphased	0.645031243700867	0.645031243700867	1
2	242039029	242039030	105	24	2	1	1	1	NA	NA	NA	unphased	0.907543959160522	0.907543959160522	1
2	242054776	242054777	68	10	2	1	1	1	NA	NA	NA	unphased	0.625390869293308	0.625390869293308	1
20	1961246	1961247	80	24	2	1	1	0.11	1	1	0.89	unphased	1.12570356472796	1.12570356472796	1
20	2575613	2575614	57	13	2	1	1	0.11	1	1	0.89	unphased	0.905923344947735	0.905923344947735	1
20	18794683	18794684	77	20	2	1	1	0.11	1	1	0.89	unphased	1.00578325370883	1.00578325370883	1
20	20486080	20486081	10	5	2	1	1	0.11	1	1	0.89	unphased	1.6260162601626	1.6260162601626	1
20	21143750	21143751	149	36	2	1	1	0.11	1	1	0.89	unphased	0.949241924851681	0.949241924851681	1
20	31659949	31659950	44	12	2	1	1	0.11	1	1	0.89	unphased	1.04529616724739	1.04529616724739	1
20	56139259	56139260	33	7	2	1	1	0.11	1	1	0.89	unphased	0.853658536585366	0.853658536585366	1
20	56139262	56139263	35	9	2	1	1	0.11	1	1	0.89	unphased	0.997782705099778	0.997782705099778	1
21	32513670	32513671	65	7	1	1	0	1	NA	NA	NA	unphased	0.377032520325203	0.377032520325203	1
21	44589368	44589369	66	42	1	1	0	1	NA	NA	NA	unphased	1.50813008130081	1.50813008130081	1
22	22039087	22039088	54	10	2	1	1	0.1	1	1	0.9	unphased	0.76219512195122	0.76219512195122	1
22	26422776	26422777	11	5	2	1	1	0.1	1	1	0.9	unphased	1.52439024390244	1.52439024390244	1
22	31924737	31924738	84	16	2	1	1	0.1	1	1	0.9	unphased	0.780487804878049	0.780487804878049	1
22	41223119	41223120	63	7	2	1	1	0.1	1	1	0.9	unphased	0.487804878048781	0.542005420054201	0.9
22	42042925	42042926	157	34	2	1	1	0.1	1	1	0.9	unphased	0.868343761971651	0.868343761971651	1
22	50356676	50356677	14	7	NA	NA	NA	NA	NA	NA	NA	unphased	NA	NA	1
3	38835433	38835434	89	26	1	1	0	1	NA	NA	NA	unphased	0.87677624602333	0.87677624602333	1
3	39184889	39184890	20	5	1	1	0	1	NA	NA	NA	unphased	0.775609756097561	0.775609756097561	1
3	48506924	48506925	35	5	1	1	0	1	NA	NA	NA	unphased	0.484756097560976	0.484756097560976	1
3	49548204	49548205	17	7	1	1	0	1	NA	NA	NA	unphased	1.13109756097561	1.13109756097561	1
3	120977941	120977942	55	21	2	1	1	0.2	1	1	0.8	unphased	1.34788189987163	1.34788189987163	1
3	130442332	130442333	68	14	2	1	1	0.2	1	1	0.8	unphased	0.83283759666865	0.83283759666865	1
3	133692621	133692622	29	6	2	1	1	0.2	1	1	0.8	unphased	0.836236933797909	0.836236933797909	1
3	133692622	133692623	28	6	2	1	1	0.2	1	1	0.8	unphased	0.860832137733142	0.860832137733142	1
3	164712182	164712183	76	16	2	1	1	0.2	1	1	0.8	unphased	0.848356309650053	0.848356309650053	1
3	170857277	170857278	133	30	2	1	1	0.2	1	1	0.8	unphased	0.897800389046835	0.897800389046835	1
3	183685505	183685506	312	30	2	1	1	0.2	1	1	0.8	unphased	0.427899015832264	0.427899015832264	1
4	9998457	9998458	53	10	2	1	1	0.12	1	1	0.88	unphased	0.774293457220287	0.774293457220287	1
4	20533636	20533637	29	5	2	1	1	0.12	1	1	0.88	unphased	0.717360114777618	0.717360114777618	1
4	22444339	22444340	47	8	2	1	1	0.12	1	1	0.88	unphased	0.709534368070953	0.709534368070953	1
4	41016137	41016138	48	9	2	1	1	0.12	1	1	0.88	unphased	0.770218228498074	0.770218228498074	1
4	42145769	42145770	69	10	2	1	1	0.12	1	1	0.88	unphased	0.617474529175672	0.617474529175672	1
4	46067426	46067427	69	13	2	1	1	0.12	1	1	0.88	unphased	0.773349196906603	0.773349196906603	1
4	69682025	69682026	61	15	2	1	1	0.18	1	1	0.82	unphased	0.962772785622593	0.962772785622593	1
4	71702000	71702001	60	9	2	1	1	0.18	1	1	0.82	unphased	0.63626723223754	0.63626723223754	1
4	82065399	82065400	49	9	2	1	1	0.18	1	1	0.82	unphased	0.756938603868797	0.756938603868797	1
4	85414578	85414579	97	15	2	1	1	0.18	1	1	0.82	unphased	0.653310104529617	0.796719639670264	0.82
4	94693264	94693265	88	20	2	1	1	0.18	1	1	0.82	unphased	0.903342366757001	0.903342366757001	1
4	134084375	134084376	148	33	2	1	1	0.18	1	1	0.82	unphased	0.889368009702197	0.889368009702197	1
4	144109066	144109067	36	7	2	1	1	0.18	1	1	0.82	unphased	0.794100964265457	0.794100964265457	1
4	146770698	146770699	100	26	2	1	1	0.18	1	1	0.82	unphased	1.00658149438637	1.00658149438637	1
4	154548807	154548808	31	7	2	1	1	0.18	1	1	0.82	unphased	0.898587933247754	0.898587933247754	1
4	183959073	183959074	34	7	2	1	1	0.18	1	1	0.82	unphased	0.83283759666865	0.83283759666865	1
4	187178487	187178488	86	13	2	1	1	0.18	1	1	0.82	unphased	0.640551860064055	0.781160804956165	0.82
5	16451870	16451871	85	39	3	2	1	1	NA	NA	NA	unphased	1.84874114870181	0.924370574350905	2
5	33982511	33982512	29	7	3	2	1	1	NA	NA	NA	unphased	1.1429539295393	1.1429539295393	1
5	148745558	148745559	39	15	1	1	0	1	NA	NA	NA	unphased	1.07723577235772	1.07723577235772	1
5	169474567	169474568	30	9	1	1	0	1	NA	NA	NA	unphased	0.894934333958724	0.894934333958724	1
5	171305016	171305017	34	14	1	1	0	1	NA	NA	NA	unphased	1.13109756097561	1.13109756097561	1
6	13053640	13053641	19	8	1	1	0	1	NA	NA	NA	unphased	1.14905149051491	1.14905149051491	1
6	26385437	26385438	65	21	2	1	1	1	NA	NA	NA	unphased	1.19115144639818	1.19115144639818	1
6	27115007	27115008	53	11	2	1	1	1	NA	NA	NA	unphased	0.838414634146342	0.838414634146342	1
6	28268507	28268508	66	7	2	1	1	1	NA	NA	NA	unphased	0.467758102238557	0.467758102238557	1
6	29012693	29012694	49	8	2	1	1	1	NA	NA	NA	unphased	0.684638425331622	0.684638425331622	1
6	32261378	32261379	92	38	2	1	1	1	NA	NA	NA	unphased	1.42589118198874	1.42589118198874	1
6	37420894	37420895	81	15	2	1	1	1	NA	NA	NA	unphased	0.76219512195122	0.76219512195122	1
6	49459936	49459937	30	7	2	1	1	1	NA	NA	NA	unphased	0.922874093605801	0.922874093605801	1
6	70909428	70909429	26	19	2	1	1	1	NA	NA	NA	unphased	2.05962059620596	2.05962059620596	1
6	84910598	84910599	93	17	2	1	1	1	NA	NA	NA	unphased	0.753880266075388	0.753880266075388	1
6	105259226	105259227	69	19	2	1	1	1	NA	NA	NA	unphased	1.05321507760532	1.05321507760532	1
6	109867264	109867265	98	13	2	1	1	1	NA	NA	NA	unphased	0.571303010327401	0.571303010327401	1
6	118791755	118791756	37	15	1	1	0	1	NA	NA	NA	unphased	1.11866791744841	1.11866791744841	1
6	118887126	118887127	61	15	1	1	0	1	NA	NA	NA	unphased	0.765404364569962	0.765404364569962	1
6	138202480	138202481	71	18	2	1	1	1	NA	NA	NA	unphased	0.986571663469444	0.986571663469444	1
6	165842173	165842174	20	7	3	2	1	1	NA	NA	NA	unphased	1.52393857271906	1.52393857271906	1
6	168311986	168311987	82	47	3	2	1	1	NA	NA	NA	unphased	2.14161467196067	1.07080733598034	2
7	2269697	2269698	14	10	2	2	0	1	NA	NA	NA	unphased	2.03252032520325	1.01626016260163	2
7	21744180	21744181	39	17	2	2	0	1	NA	NA	NA	unphased	1.4808362369338	0.740418118466899	2
7	50057902	50057903	22	4	2	2	0	1	NA	NA	NA	unphased	0.75046904315197	0.75046904315197	1
7	88963725	88963726	32	17	2	2	0	1	NA	NA	NA	unphased	1.69238427078148	0.846192135390742	2
7	100549772	100549773	144	22	2	2	0	1	NA	NA	NA	unphased	0.646488392594769	0.646488392594769	1
7	100686314	100686315	73	26	2	2	0	1	NA	NA	NA	unphased	1.28110372012811	1.28110372012811	1
7	101847740	101847741	61	26	2	2	0	1	NA	NA	NA	unphased	1.45780768152509	0.728903840762546	2
7	122047683	122047684	22	10	2	2	0	1	NA	NA	NA	unphased	1.52439024390244	1.52439024390244	1
7	136700548	136700549	61	36	2	2	0	1	NA	NA	NA	unphased	1.81040985667589	0.905204928337943	2
7	155099998	155099999	47	14	2	2	0	1	NA	NA	NA	unphased	1.11955217912835	1.11955217912835	1
7	158705761	158705762	28	13	NA	NA	NA	NA	NA	NA	NA	unphased	NA	NA	1
8	3224704	3224705	42	4	2.28	2	1	0.64	1	0	0.36	unphased	0.448525980911983	0.700821845174973	0.64
8	41554237	41554238	17	10	2.28	2	1	0.64	1	0	0.36	unphased	1.91038843721771	1.16487099830348	1.64
8	61654298	61654299	28	16	2.28	2	1	0.64	1	0	0.36	unphased	1.87565410199557	1.14369152560705	1.64
8	86050584	86050585	55	18	2.28	2	1	0.64	1	0	0.36	unphased	1.27184764450384	1.27184764450384	1
8	86572516	86572517	29	3	2.28	2	1	0.64	1	0	0.36	unphased	0.483567073170732	0.483567073170732	1
8	103848591	103848592	83	24	2.42	2	1	0.71	1	0	0.29	unphased	1.18834739001596	1.18834739001596	1
9	5300280	5300281	48	12	1	1	0	1	NA	NA	NA	unphased	0.775609756097561	0.775609756097561	1
9	69420343	69420344	86	11	1	1	0	1	NA	NA	NA	unphased	0.439778727684184	0.439778727684184	1
9	107267036	107267037	40	18	1	1	0	1	NA	NA	NA	unphased	1.20353238015139	1.20353238015139	1
9	132565603	132565604	5	4	1	1	0	1	NA	NA	NA	unphased	1.72357723577236	1.72357723577236	1
X	2161141	2161142	40	10	NA	NA	NA	NA	NA	NA	NA	unphased	NA	NA	1
X	13645159	13645160	25	31	NA	NA	NA	NA	NA	NA	NA	unphased	NA	NA	1
X	44383469	44383470	18	8	NA	NA	NA	NA	NA	NA	NA	unphased	NA	NA	1
X	65423335	65423336	12	6	NA	NA	NA	NA	NA	NA	NA	unphased	NA	NA	1
X	73045916	73045917	48	30	NA	NA	NA	NA	NA	NA	NA	unphased	NA	NA	1
X	83129611	83129612	6	12	NA	NA	NA	NA	NA	NA	NA	unphased	NA	NA	1
X	84363063	84363064	18	11	NA	NA	NA	NA	NA	NA	NA	unphased	NA	NA	1
X	148797502	148797503	39	15	NA	NA	NA	NA	NA	NA	NA	unphased	NA	NA	1
