chr	start	end	WT.count	mut.count	subclonal.CN	nMaj1	nMin1	frac1	nMaj2	nMin2	frac2	phase	mutation.copy.number	subclonal.fraction	no.chrs.bearing.mut
1	7806011	7806012	62	53	3	3	0	1	NA	NA	NA	unphased	2.65548654244306	0.885162180814355	3
1	12837525	12837526	65	52	3	3	0	1	NA	NA	NA	unphased	2.56084656084656	0.853615520282187	3
1	21808114	21808115	86	8	3	3	0	1	NA	NA	NA	unphased	0.490374873353597	0.490374873353597	1
1	23759677	23759678	199	24	3	3	0	1	NA	NA	NA	unphased	0.62011531069827	0.62011531069827	1
1	34498290	34498291	10	3	3	3	0	1	NA	NA	NA	unphased	1.32967032967033	1.32967032967033	1
1	48695096	48695097	40	51	3	3	0	1	NA	NA	NA	unphased	3.22919937205651	1.0763997906855	3
1	55148459	55148460	42	4	3	3	0	1	NA	NA	NA	unphased	0.501035196687371	0.501035196687371	1
1	57340641	57340642	31	12	3	3	0	1	NA	NA	NA	unphased	1.60797342192691	1.60797342192691	1
1	109801643	109801644	16	4	3	3	0	1	NA	NA	NA	unphased	1.15238095238095	1.15238095238095	1
1	146756068	146756069	32	5	4.66	4	3	0.61	1	0	0.39	unphased	1.0029601029601	1.0029601029601	1
1	149943051	149943052	92	59	4.66	4	3	0.61	1	0	0.39	unphased	2.899949542731	1.02471715290848	2.83
1	152283699	152283700	609	35	4.66	4	3	0.61	1	0	0.39	unphased	0.403364389233954	0.403364389233954	1
1	155309118	155309119	142	7	4.66	4	3	0.61	1	0	0.39	unphased	0.348680089485459	0.571606704074522	0.61
1	155449597	155449598	29	16	4.66	4	3	0.61	1	0	0.39	unphased	2.63889947089947	1.01107259421436	2.61
1	156849832	156849833	132	77	4.66	4	3	0.61	1	0	0.39	unphased	2.73438596491228	0.966214121877131	2.83
1	158390511	158390512	130	10	4.66	4	3	0.61	1	0	0.39	unphased	0.530136054421769	0.86907549905208	0.61
1	158651356	158651357	392	12	4.66	4	3	0.61	1	0	0.39	unphased	0.22045261669024	0.22045261669024	1
1	161599797	161599798	13	20	4.66	4	3	0.61	1	0	0.39	unphased	4.4981240981241	1.24601775571305	3.61
1	216380657	216380658	50	11	7	4	3	1	NA	NA	NA	unphased	1.76034348165496	0.880171740827479	2
1	226252067	226252068	52	10	7	4	3	1	NA	NA	NA	unphased	1.57450076804915	1.57450076804915	1
1	227219010	227219011	112	13	7	4	3	1	NA	NA	NA	unphased	1.0152380952381	1.0152380952381	1
1	247597503	247597504	48	34	6	3	3	1	NA	NA	NA	unphased	3.63298490127758	1.21099496709253	3
1	247615107	247615108	163	60	6	3	3	1	NA	NA	NA	unphased	2.35746316463805	1.17873158231903	2
1	248487559	248487560	154	62	NA	NA	NA	NA	NA	NA	NA	unphased	NA	NA	1
10	1405365	1405366	18	10	2.42	2	2	0.21	1	1	0.79	unphased	1.85068027210884	1.52948782818913	1.21
10	28284056	28284057	43	17	2.42	2	2	0.21	1	1	0.79	unphased	1.46820634920635	1.46820634920635	1
10	43016491	43016492	36	3	2.42	2	2	0.21	1	1	0.79	unphased	0.398608058608059	0.398608058608059	1
10	56287608	56287609	32	5	2.42	2	2	0.21	1	1	0.79	unphased	0.7002574002574	0.7002574002574	1
10	64383010	64383011	59	16	2.42	2	2	0.21	1	1	0.79	unphased	1.10547301587302	1.10547301587302	1
10	98744889	98744890	9	3	3	2	1	1	NA	NA	NA	unphased	1.44047619047619	1.44047619047619	1
10	99133610	99133611	87	9	3	2	1	1	NA	NA	NA	unphased	0.540178571428571	0.540178571428571	1
10	105331328	105331329	32	21	3	2	1	1	NA	NA	NA	unphased	2.28301886792453	1.14150943396226	2
10	129913585	129913586	20	16	3	2	1	1	NA	NA	NA	unphased	2.56084656084656	1.28042328042328	2
10	134523915	134523916	31	6	3	2	1	1	NA	NA	NA	unphased	0.934362934362934	0.934362934362934	1
11	5626765	5626766	16	5	4	2	2	1	NA	NA	NA	unphased	1.60997732426304	1.60997732426304	1
11	6589971	6589972	21	13	4	2	2	1	NA	NA	NA	unphased	2.58543417366947	1.29271708683473	2
11	59210785	59210786	63	10	1.13	2	0	0.13	1	0	0.87	unphased	0.533137638617091	0.533137638617091	1
11	60073629	60073630	65	16	1.13	2	0	0.13	1	0	0.87	unphased	0.768771310993533	0.768771310993533	1
11	71939208	71939209	146	9	9	7	2	1	NA	NA	NA	unphased	0.68294930875576	0.68294930875576	1
11	89867947	89867948	44	21	1.08	2	1	0.04	0	1	0.96	unphased	1.24123076923077	1.24123076923077	1
11	116706904	116706905	32	5	1.08	2	1	0.04	0	1	0.96	unphased	0.519176319176319	0.519176319176319	1
11	124793889	124793890	23	5	1.08	2	1	0.04	0	1	0.96	unphased	0.686054421768708	0.686054421768708	1
12	14805941	14805942	73	14	1.44	2	1	0.22	1	0	0.78	unphased	0.676168582375479	0.676168582375479	1
12	20903769	20903770	41	9	1.44	2	1	0.22	1	0	0.78	unphased	0.756342857142857	0.756342857142857	1
12	21051391	21051392	28	12	1.44	2	1	0.22	1	0	0.78	unphased	1.26057142857143	1.26057142857143	1
12	43886390	43886391	13	4	1.44	2	1	0.22	1	0	0.78	unphased	0.988683473389356	0.988683473389356	1
12	48192421	48192422	32	7	1.44	2	1	0.22	1	0	0.78	unphased	0.754188034188034	0.754188034188034	1
12	67686451	67686452	13	3	1	1	0	1	NA	NA	NA	unphased	0.705357142857143	0.705357142857143	1
12	81777863	81777864	21	4	3.43	3	1	0.81	1	0	0.19	unphased	0.990704761904762	0.990704761904762	1
12	101368576	101368577	57	22	3.43	3	1	0.81	1	0	0.19	unphased	1.72432790837854	0.952667352695327	1.81
12	119568533	119568534	27	15	3.43	3	1	0.81	1	0	0.19	unphased	2.21139455782313	0.844043724359973	2.62
12	122839825	122839826	58	8	3.43	3	1	0.81	1	0	0.19	unphased	0.750533910533911	0.750533910533911	1
13	20010436	20010437	5	3	2.45	2	1	0.45	1	1	0.55	unphased	1.95446428571429	1.95446428571429	1
13	26788981	26788982	16	13	2.45	2	1	0.45	1	1	0.55	unphased	2.3363711001642	1.61129041390635	1.45
13	27216500	27216501	101	6	2.45	2	1	0.45	1	1	0.55	unphased	0.292256341789052	0.649458537309005	0.45
13	53420605	53420606	48	14	2.45	2	1	0.45	1	1	0.55	unphased	1.17688172043011	1.17688172043011	1
13	78492381	78492382	29	15	2.39	2	1	0.39	1	1	0.61	unphased	1.75633116883117	1.26354760347566	1.39
13	114135025	114135026	54	27	2.39	2	1	0.39	1	1	0.61	unphased	1.71730158730159	1.23546876784287	1.39
13	114751213	114751214	72	13	2.39	2	1	0.39	1	1	0.61	unphased	0.78793837535014	0.78793837535014	1
14	23778051	23778052	75	41	2.13	2	1	0.13	1	1	0.87	unphased	1.72903530377668	1.53011973785547	1.13
14	31597095	31597096	77	14	2.13	2	1	0.13	1	1	0.87	unphased	0.752600732600733	0.752600732600733	1
14	57698333	57698334	9	6	2.13	2	1	0.13	1	1	0.87	unphased	1.95676190476191	1.95676190476191	1
14	63747685	63747686	86	35	2.13	2	1	0.13	1	1	0.87	unphased	1.41501377410468	1.2522245788537	1.13
14	63842813	63842814	15	3	2.13	2	1	0.13	1	1	0.87	unphased	0.81531746031746	0.81531746031746	1
14	64445677	64445678	17	9	2.13	2	1	0.13	1	1	0.87	unphased	1.69335164835165	1.69335164835165	1
14	74364777	74364778	68	5	2.13	2	1	0.13	1	1	0.87	unphased	0.335061969993477	0.335061969993477	1
14	94139750	94139751	32	7	2.13	2	1	0.13	1	1	0.87	unphased	0.878034188034188	0.878034188034188	1
14	106829617	106829618	301	115	NA	NA	NA	NA	NA	NA	NA	unphased	NA	NA	1
15	28422641	28422642	64	11	3	2	1	1	NA	NA	NA	unphased	0.845079365079365	0.845079365079365	1
15	35084464	35084465	25	6	3	2	1	1	NA	NA	NA	unphased	1.11520737327189	1.11520737327189	1
15	41222866	41222867	23	6	2	1	1	1	NA	NA	NA	unphased	0.985221674876847	0.985221674876847	1
15	42436299	42436300	120	39	2	1	1	1	NA	NA	NA	unphased	1.16801437556155	1.16801437556155	1
15	48441477	48441478	63	71	2.69	4	1	0.23	1	1	0.77	unphased	2.88869580668088	0.894333067083865	3.23
15	62209820	62209821	8	15	2.69	4	1	0.23	1	1	0.77	unphased	3.5555900621118	1.1008018768148	3.23
15	69677132	69677133	144	24	2.69	4	1	0.23	1	1	0.77	unphased	0.778843537414966	0.778843537414966	1
16	2042907	2042908	36	7	2.36	2	2	0.18	1	1	0.82	unphased	0.833798449612403	0.833798449612403	1
16	3633321	3633322	20	8	2.36	2	2	0.18	1	1	0.82	unphased	1.46340136054422	1.46340136054422	1
16	3633322	3633323	20	8	2.36	2	2	0.18	1	1	0.82	unphased	1.46340136054422	1.46340136054422	1
16	15829388	15829389	100	37	2.5	2	2	0.25	1	1	0.75	unphased	1.42109836635384	1.13687869308307	1.25
16	27752070	27752071	23	9	2.5	2	2	0.25	1	1	0.75	unphased	1.47991071428571	1.47991071428571	1
16	28877757	28877758	17	10	2.5	2	2	0.25	1	1	0.75	unphased	1.94885361552028	1.55908289241623	1.25
16	31504987	31504988	47	18	2.5	2	2	0.25	1	1	0.75	unphased	1.45714285714286	1.45714285714286	1
16	55729282	55729283	115	34	2.5	2	2	0.25	1	1	0.75	unphased	1.20070310003196	1.20070310003196	1
16	55880394	55880395	69	44	2.5	2	2	0.25	1	1	0.75	unphased	2.04888327012221	1.63910661609777	1.25
16	58320088	58320089	60	14	2.5	2	2	0.25	1	1	0.75	unphased	0.995495495495496	0.995495495495496	1
16	70057542	70057543	127	32	4.12	3	2	0.78	1	0	0.22	unphased	1.38503743635819	0.778110919302355	1.78
16	70820186	70820187	83	45	4.12	3	2	0.78	1	0	0.22	unphased	2.41941964285714	0.945085797991072	2.56
17	4802568	4802569	20	7	4	2	2	1	NA	NA	NA	unphased	1.75308641975309	1.75308641975309	1
17	7577100	7577101	31	10	4	2	2	1	NA	NA	NA	unphased	1.64924506387921	1.64924506387921	1
17	7577101	7577102	31	9	4	2	2	1	NA	NA	NA	unphased	1.52142857142857	1.52142857142857	1
17	7578474	7578475	109	40	4	2	2	1	NA	NA	NA	unphased	1.81527644614893	0.907638223074465	2
17	11520885	11520886	120	20	4	2	2	1	NA	NA	NA	unphased	0.965986394557823	0.965986394557823	1
17	11671868	11671869	31	13	4	2	2	1	NA	NA	NA	unphased	1.9978354978355	0.998917748917749	2
17	11778396	11778397	73	29	4	2	2	1	NA	NA	NA	unphased	1.92250233426704	0.96125116713352	2
17	18785880	18785881	43	13	4	2	2	1	NA	NA	NA	unphased	1.56972789115646	1.56972789115646	1
17	26696647	26696648	26	8	4	2	2	1	NA	NA	NA	unphased	1.59103641456583	1.59103641456583	1
17	33768986	33768987	36	4	4	2	2	1	NA	NA	NA	unphased	0.676190476190476	0.676190476190476	1
17	40695891	40695892	14	2	3.89	3	2	0.63	1	1	0.37	unphased	0.831488095238095	0.831488095238095	1
17	42456012	42456013	6	2	3.89	3	2	0.63	1	1	0.37	unphased	1.66297619047619	1.66297619047619	1
17	45368498	45368499	43	9	3.89	3	2	0.63	1	1	0.37	unphased	1.15129120879121	1.15129120879121	1
17	46673782	46673783	205	67	3.89	3	2	0.63	1	1	0.37	unphased	1.63852065826331	1.00522739770755	1.63
17	47696428	47696429	101	11	3.89	3	2	0.63	1	1	0.37	unphased	0.653312074829932	0.653312074829932	1
17	79517983	79517984	35	4	2.12	3	2	0.28	1	0	0.72	unphased	0.500708180708181	0.500708180708181	1
18	10689741	10689742	84	16	2.3	2	2	0.15	1	1	0.85	unphased	0.809904761904762	0.809904761904762	1
18	43328390	43328391	80	18	2	2	0	0.35	1	1	0.65	unphased	0.87463556851312	0.87463556851312	1
18	77107831	77107832	71	5	2	2	0	0.35	1	1	0.65	unphased	0.31328320802005	0.481974166184692	0.65
19	2223400	2223401	41	22	1.44	2	1	0.22	1	0	0.78	unphased	1.46733182161754	1.20273100132585	1.22
19	2853610	2853611	49	12	1.44	2	1	0.22	1	0	0.78	unphased	0.826604215456675	0.826604215456675	1
19	8175834	8175835	65	23	3	2	1	1	NA	NA	NA	unphased	1.50595238095238	0.75297619047619	2
19	9868345	9868346	25	8	3	2	1	1	NA	NA	NA	unphased	1.3968253968254	1.3968253968254	1
19	19351413	19351414	107	15	3	2	1	1	NA	NA	NA	unphased	0.708430913348946	0.708430913348946	1
19	32844460	32844461	107	6	3	3	0	1	NA	NA	NA	unphased	0.305941845764855	0.305941845764855	1
19	37677607	37677608	153	6	3	3	0	1	NA	NA	NA	unphased	0.217430368373765	0.217430368373765	1
19	37880175	37880176	15	26	3	3	0	1	NA	NA	NA	unphased	3.65389082462253	1.21796360820751	3
19	44223217	44223218	7	12	3	3	0	1	NA	NA	NA	unphased	3.6390977443609	1.21303258145363	3
2	8931347	8931348	39	8	5.65	4	3	0.73	1	1	0.27	unphased	1.43181357649443	1.43181357649443	1
2	56145365	56145366	286	11	5.65	4	3	0.73	1	1	0.27	unphased	0.311552028218695	0.311552028218695	1
2	71827948	71827949	123	6	5.65	4	3	0.73	1	1	0.27	unphased	0.39125138427464	0.535960800376219	0.73
2	101012004	101012005	50	12	4	2	2	1	NA	NA	NA	unphased	1.30875576036866	1.30875576036866	1
2	105708861	105708862	23	9	4	2	2	1	NA	NA	NA	unphased	1.90178571428571	0.950892857142857	2
2	135095891	135095892	23	6	1.3	2	2	0.1	0	1	0.9	unphased	0.840394088669951	0.840394088669951	1
2	155566290	155566291	46	17	4	2	2	1	NA	NA	NA	unphased	1.82464096749811	0.912320483749055	2
2	158114815	158114816	90	12	4	2	2	1	NA	NA	NA	unphased	0.795518207282913	0.795518207282913	1
2	163693044	163693045	11	7	4	2	2	1	NA	NA	NA	unphased	2.62962962962963	1.31481481481481	2
2	179465720	179465721	87	159	9	7	2	1	NA	NA	NA	unphased	7.60220673635308	1.08602953376473	7
2	179481598	179481599	92	9	9	7	2	1	NA	NA	NA	unphased	1.04809052333805	1.04809052333805	1
2	179590300	179590301	20	56	9	7	2	1	NA	NA	NA	unphased	8.66666666666667	1.23809523809524	7
2	179595457	179595458	49	9	9	7	2	1	NA	NA	NA	unphased	1.82512315270936	0.91256157635468	2
2	179647003	179647004	59	4	2.9	2	2	0.45	1	1	0.55	unphased	0.359486016628874	0.798857814730831	0.45
2	182543511	182543512	63	24	7	5	2	1	NA	NA	NA	unphased	2.69293924466338	0.897646414887794	3
2	206480307	206480308	93	5	2	2	0	1	NA	NA	NA	unphased	0.242954324586978	0.242954324586978	1
2	206869812	206869813	52	33	2	2	0	1	NA	NA	NA	unphased	1.84873949579832	0.92436974789916	2
2	220402771	220402772	10	4	2	2	0	1	NA	NA	NA	unphased	1.36054421768707	1.36054421768707	1
2	235404672	235404673	31	14	2	2	0	1	NA	NA	NA	unphased	1.48148148148148	1.48148148148148	1
20	2775075	2775076	63	8	4	2	2	1	NA	NA	NA	unphased	0.761904761904762	0.761904761904762	1
20	3678609	3678610	59	15	4	2	2	1	NA	NA	NA	unphased	1.37065637065637	1.37065637065637	1
20	13107255	13107256	148	5	4	2	2	1	NA	NA	NA	unphased	0.220977279800809	0.220977279800809	1
20	21494191	21494192	8	6	4	2	2	1	NA	NA	NA	unphased	2.89795918367347	1.44897959183673	2
20	35431476	35431477	29	6	4	2	2	1	NA	NA	NA	unphased	1.15918367346939	1.15918367346939	1
20	44856188	44856189	55	22	4	2	2	1	NA	NA	NA	unphased	1.93197278911565	0.965986394557823	2
20	50049037	50049038	10	7	4	2	2	1	NA	NA	NA	unphased	2.7843137254902	1.3921568627451	2
20	61510885	61510886	11	2	4	2	2	1	NA	NA	NA	unphased	1.04029304029304	1.04029304029304	1
20	61943836	61943837	43	16	4	2	2	1	NA	NA	NA	unphased	1.83373688458434	0.916868442292171	2
20	62839298	62839299	11	7	NA	NA	NA	NA	NA	NA	NA	unphased	NA	NA	1
21	14982957	14982958	46	28	NA	NA	NA	NA	NA	NA	NA	unphased	NA	NA	1
21	22746275	22746276	25	22	3	3	0	1	NA	NA	NA	unphased	2.69706180344478	0.899020601148261	3
21	45535277	45535278	75	71	5	4	1	1	NA	NA	NA	unphased	3.77462491846054	0.943656229615134	4
22	18894093	18894094	25	3	1.52	2	1	0.26	1	0	0.74	unphased	0.458775510204082	0.458775510204082	1
22	23101428	23101429	201	70	1.52	2	1	0.26	1	0	0.74	unphased	1.1060270602706	1.1060270602706	1
22	23101429	23101430	199	72	1.52	2	1	0.26	1	0	0.74	unphased	1.13762783342119	1.13762783342119	1
22	37261112	37261113	52	23	1.52	2	1	0.26	1	0	0.74	unphased	1.31311746031746	1.31311746031746	1
22	38234526	38234527	31	4	1.52	2	1	0.26	1	0	0.74	unphased	0.489360544217687	0.489360544217687	1
22	50278409	50278410	124	20	NA	NA	NA	NA	NA	NA	NA	unphased	NA	NA	1
3	10443964	10443965	216	11	3	3	0	1	NA	NA	NA	unphased	0.279211243968953	0.279211243968953	1
3	12857432	12857433	50	83	3	3	0	1	NA	NA	NA	unphased	3.59577515216613	1.19859171738871	3
3	13441257	13441258	113	125	3	3	0	1	NA	NA	NA	unphased	3.02621048419368	1.00873682806456	3
3	47890144	47890145	49	6	2	2	0	1	NA	NA	NA	unphased	0.519480519480519	0.519480519480519	1
3	108363240	108363241	31	25	2	2	0	1	NA	NA	NA	unphased	2.12585034013605	1.06292517006803	2
3	108476099	108476100	12	6	2	2	0	1	NA	NA	NA	unphased	1.58730158730159	1.58730158730159	1
3	109027015	109027016	48	17	2	2	0	1	NA	NA	NA	unphased	1.24542124542125	1.24542124542125	1
3	126180753	126180754	155	6	8	6	2	1	NA	NA	NA	unphased	0.401064773735581	0.401064773735581	1
3	134322917	134322918	21	6	8	6	2	1	NA	NA	NA	unphased	2.39153439153439	1.1957671957672	2
3	142681523	142681524	28	30	8	6	2	1	NA	NA	NA	unphased	5.56650246305419	0.927750410509031	6
3	158408039	158408040	115	129	8	6	2	1	NA	NA	NA	unphased	5.68969555035129	0.948282591725215	6
4	46967123	46967124	33	9	2	1	1	1	NA	NA	NA	unphased	1.02040816326531	1.02040816326531	1
4	70066270	70066271	142	21	4	2	2	1	NA	NA	NA	unphased	0.871165644171779	0.871165644171779	1
4	100131245	100131246	48	12	4	2	2	1	NA	NA	NA	unphased	1.35238095238095	1.35238095238095	1
4	115997902	115997903	34	16	2	2	0	1	NA	NA	NA	unphased	1.52380952380952	0.761904761904762	2
4	144459939	144459940	43	21	2	2	0	1	NA	NA	NA	unphased	1.5625	0.78125	2
4	156634568	156634569	38	21	2	2	0	1	NA	NA	NA	unphased	1.69491525423729	0.847457627118644	2
4	183245176	183245177	11	5	2	2	0	1	NA	NA	NA	unphased	1.48809523809524	1.48809523809524	1
5	57790612	57790613	10	2	2	1	1	1	NA	NA	NA	unphased	0.793650793650794	0.793650793650794	1
5	64920028	64920029	56	10	2	1	1	1	NA	NA	NA	unphased	0.721500721500722	0.721500721500722	1
5	76734135	76734136	51	11	2	1	1	1	NA	NA	NA	unphased	0.844854070660522	0.844854070660522	1
5	80171676	80171677	13	3	2	1	1	1	NA	NA	NA	unphased	0.892857142857143	0.892857142857143	1
5	140255343	140255344	221	52	2	1	1	1	NA	NA	NA	unphased	0.90702947845805	0.90702947845805	1
5	140740045	140740046	29	14	2	1	1	1	NA	NA	NA	unphased	1.55038759689922	1.55038759689922	1
5	150275601	150275602	41	4	2	1	1	1	NA	NA	NA	unphased	0.423280423280423	0.423280423280423	1
5	176011231	176011232	52	9	2	1	1	1	NA	NA	NA	unphased	0.702576112412178	0.702576112412178	1
5	176963722	176963723	6	4	2	1	1	1	NA	NA	NA	unphased	1.9047619047619	1.9047619047619	1
6	25820104	25820105	35	3	2.4	2	2	0.2	1	1	0.8	unphased	0.407518796992481	0.407518796992481	1
6	26123918	26123919	149	5	2.4	2	2	0.2	1	1	0.8	unphased	0.167594310451453	0.837971552257266	0.2
6	26189209	26189210	38	7	2.4	2	2	0.2	1	1	0.8	unphased	0.802962962962963	0.802962962962963	1
6	29054703	29054704	90	6	2.4	2	2	0.2	1	1	0.8	unphased	0.322619047619048	1.61309523809524	0.2
6	35911996	35911997	110	4	2.4	2	2	0.2	1	1	0.8	unphased	0.181119465329992	0.905597326649958	0.2
6	39893482	39893483	44	26	2.4	2	2	0.2	1	1	0.8	unphased	1.91727891156463	1.59773242630386	1.2
6	45909378	45909379	48	25	2.4	2	2	0.2	1	1	0.8	unphased	1.76777560339204	1.47314633616003	1.2
6	51777304	51777305	97	42	2.4	2	2	0.2	1	1	0.8	unphased	1.55971223021583	1.29976019184652	1.2
6	56496077	56496078	39	15	2.4	2	2	0.2	1	1	0.8	unphased	1.43386243386243	1.43386243386243	1
6	75833078	75833079	16	5	1.26	2	1	0.13	1	0	0.87	unphased	0.957596371882086	0.957596371882086	1
6	90661381	90661382	49	12	3	2	1	1	NA	NA	NA	unphased	1.13348946135831	1.13348946135831	1
6	90661512	90661513	77	16	3	2	1	1	NA	NA	NA	unphased	0.991295442908346	0.991295442908346	1
6	111587801	111587802	27	12	3	2	1	1	NA	NA	NA	unphased	1.77289377289377	0.886446886446887	2
6	166571766	166571767	60	4	3	2	1	1	NA	NA	NA	unphased	0.360119047619048	0.360119047619048	1
7	31132308	31132309	57	11	3	2	1	1	NA	NA	NA	unphased	0.932072829131653	0.932072829131653	1
7	37988592	37988593	63	25	3	2	1	1	NA	NA	NA	unphased	1.63690476190476	0.818452380952381	2
7	45697377	45697378	15	16	3	2	1	1	NA	NA	NA	unphased	2.97388632872504	1.48694316436252	2
7	45753443	45753444	77	4	3	2	1	1	NA	NA	NA	unphased	0.284538506760729	0.284538506760729	1
7	74563976	74563977	33	10	3	2	1	1	NA	NA	NA	unphased	1.33997785160576	1.33997785160576	1
7	92760775	92760776	47	33	5.05	3	3	0.81	0	1	0.19	unphased	3.22241071428571	1.14676537874936	2.81
7	123594480	123594481	39	8	4	3	1	1	NA	NA	NA	unphased	1.15096251266464	1.15096251266464	1
7	134642997	134642998	208	8	4	3	1	1	NA	NA	NA	unphased	0.250440917107584	0.250440917107584	1
7	143017805	143017806	47	39	4	3	1	1	NA	NA	NA	unphased	3.06644518272425	1.02214839424142	3
7	143632674	143632675	59	61	4	3	1	1	NA	NA	NA	unphased	3.43730158730159	1.1457671957672	3
7	147869564	147869565	69	55	4	3	1	1	NA	NA	NA	unphased	2.99923195084485	0.999743983614951	3
7	151859902	151859903	28	20	4	3	1	1	NA	NA	NA	unphased	2.81746031746032	0.939153439153439	3
8	39821180	39821181	6	3	1.03	2	2	0.01	0	1	0.99	unphased	1.26396825396825	1.26396825396825	1
8	39836659	39836660	8	4	1.03	2	2	0.01	0	1	0.99	unphased	1.26396825396825	1.26396825396825	1
8	69032460	69032461	70	5	1.03	2	2	0.01	0	1	0.99	unphased	0.252793650793651	0.252793650793651	1
8	69046433	69046434	44	10	1.03	2	2	0.01	0	1	0.99	unphased	0.702204585537919	0.702204585537919	1
8	104922550	104922551	22	7	1.03	2	2	0.01	0	1	0.99	unphased	0.915287356321839	0.915287356321839	1
8	125113492	125113493	16	9	4	2	2	1	NA	NA	NA	unphased	2.43428571428571	1.21714285714286	2
8	131848549	131848550	73	19	4	2	2	1	NA	NA	NA	unphased	1.39648033126294	1.39648033126294	1
8	132052107	132052108	26	7	4	2	2	1	NA	NA	NA	unphased	1.43434343434343	1.43434343434343	1
8	139144921	139144922	295	87	4	2	2	1	NA	NA	NA	unphased	1.54001495886313	0.770007479431563	2
8	139703107	139703108	27	12	4	2	2	1	NA	NA	NA	unphased	2.08058608058608	1.04029304029304	2
8	144891150	144891151	97	6	4	2	2	1	NA	NA	NA	unphased	0.393897364771151	0.393897364771151	1
8	146156244	146156245	109	46	NA	NA	NA	NA	NA	NA	NA	unphased	NA	NA	1
9	107599760	107599761	72	4	2.48	2	2	0.24	1	1	0.76	unphased	0.275889724310777	1.14954051796157	0.24
9	107602772	107602773	33	12	2.48	2	2	0.24	1	1	0.76	unphased	1.39784126984127	1.39784126984127	1
9	123007294	123007295	57	18	2.26	2	2	0.13	1	1	0.87	unphased	1.20525714285714	1.20525714285714	1
9	135985092	135985093	66	9	2.26	2	2	0.13	1	1	0.87	unphased	0.602628571428571	0.602628571428571	1
9	138651555	138651556	114	5	2.26	2	2	0.13	1	1	0.87	unphased	0.211004401760704	1.62311078277465	0.13
X	18622454	18622455	20	34	NA	NA	NA	NA	NA	NA	NA	unphased	NA	NA	1
X	84363531	84363532	5	6	NA	NA	NA	NA	NA	NA	NA	unphased	NA	NA	1
X	103499455	103499456	250	12	NA	NA	NA	NA	NA	NA	NA	unphased	NA	NA	1
X	152160164	152160165	49	64	NA	NA	NA	NA	NA	NA	NA	unphased	NA	NA	1
