chr	start	end	WT.count	mut.count	subclonal.CN	nMaj1	nMin1	frac1	nMaj2	nMin2	frac2	phase	mutation.copy.number	subclonal.fraction	no.chrs.bearing.mut
1	26520351	26520352	103	14	2.25	2	1	0.25	1	1	0.75	unphased	0.855142941349838	0.855142941349838	1
1	27099439	27099440	68	24	2.25	2	1	0.25	1	1	0.75	unphased	1.86431784107946	1.49145427286357	1.25
1	76253188	76253189	53	9	2.25	2	1	0.25	1	1	0.75	unphased	1.03740266963293	1.03740266963293	1
1	84412839	84412840	39	11	2.25	2	1	0.25	1	1	0.75	unphased	1.57224137931034	1.57224137931034	1
1	84415554	84415555	51	6	2.25	2	1	0.25	1	1	0.75	unphased	0.752268602540835	0.752268602540835	1
1	101186080	101186081	81	10	2.25	2	1	0.25	1	1	0.75	unphased	0.785335354300872	0.785335354300872	1
1	112269462	112269463	13	4	2.25	2	1	0.25	1	1	0.75	unphased	1.6815415821501	1.6815415821501	1
1	147230555	147230556	101	18	2.25	2	1	0.25	1	1	0.75	unphased	1.08099101709649	1.08099101709649	1
1	152277985	152277986	26	13	1.88	3	2	0.22	1	0	0.78	unphased	2.25885057471264	1.01750025887957	2.22
1	152278957	152278958	1374	130	1.88	3	2	0.22	1	0	0.78	unphased	0.585739178283199	0.585739178283199	1
1	152280503	152280504	881	68	1.88	3	2	0.22	1	0	0.78	unphased	0.485569565059409	0.485569565059409	1
1	153701102	153701103	106	18	1.88	3	2	0.22	1	0	0.78	unphased	0.983692992213571	0.983692992213571	1
1	153701103	153701104	106	18	1.88	3	2	0.22	1	0	0.78	unphased	0.983692992213571	0.983692992213571	1
1	155150585	155150586	56	21	1.88	3	2	0.22	1	0	0.78	unphased	1.84815047021944	0.832500211810556	2.22
1	156926305	156926306	181	13	1.88	3	2	0.22	1	0	0.78	unphased	0.454098826875222	0.454098826875222	1
1	159162364	159162365	68	23	1.88	3	2	0.22	1	0	0.78	unphased	1.71275483137552	1.18941307734411	1.44
1	169349787	169349788	84	4	1.88	3	2	0.22	1	0	0.78	unphased	0.308025078369906	1.40011399259048	0.22
1	236645971	236645972	71	15	1.88	3	2	0.22	1	0	0.78	unphased	1.18195669607057	1.18195669607057	1
1	237947180	237947181	25	4	1.88	3	2	0.22	1	0	0.78	unphased	0.934696789536266	0.934696789536266	1
1	240071044	240071045	38	19	1.88	3	2	0.22	1	0	0.78	unphased	2.25885057471264	1.01750025887957	2.22
1	247875361	247875362	108	13	NA	NA	NA	NA	NA	NA	NA	unphased	NA	NA	1
1	248512609	248512610	66	27	NA	NA	NA	NA	NA	NA	NA	unphased	NA	NA	1
10	82329943	82329944	116	25	2.56	2	2	0.28	1	1	0.72	unphased	1.32208363903155	1.32208363903155	1
10	90342048	90342049	29	7	2.56	2	2	0.28	1	1	0.72	unphased	1.44988505747126	1.44988505747126	1
10	98807523	98807524	55	20	2.56	2	2	0.28	1	1	0.72	unphased	1.98841379310345	1.55344827586207	1.28
10	102242321	102242322	17	3	2.56	2	2	0.28	1	1	0.72	unphased	1.11848275862069	1.11848275862069	1
10	104356989	104356990	137	13	2.56	2	2	0.28	1	1	0.72	unphased	0.646234482758621	0.646234482758621	1
10	105770585	105770586	38	5	2.56	2	2	0.28	1	1	0.72	unphased	0.867040898155573	0.867040898155573	1
10	124353096	124353097	382	55	2.56	2	2	0.28	1	1	0.72	unphased	0.938467608301113	0.938467608301113	1
11	3125496	3125497	72	8	1.16	2	1	0.08	0	1	0.92	unphased	0.605655172413793	0.605655172413793	1
11	3660984	3660985	107	5	1.16	2	1	0.08	0	1	0.92	unphased	0.270381773399015	0.270381773399015	1
11	5172978	5172979	107	16	1.16	2	1	0.08	0	1	0.92	unphased	0.787844126717129	0.787844126717129	1
11	14101548	14101549	58	10	1.16	2	1	0.08	0	1	0.92	unphased	0.890669371196755	0.890669371196755	1
11	36614886	36614887	76	6	1.16	2	1	0.08	0	1	0.92	unphased	0.443162321278385	0.443162321278385	1
11	55798752	55798753	33	4	1.16	2	1	0.08	0	1	0.92	unphased	0.654762348555452	0.654762348555452	1
11	56058114	56058115	47	10	1.16	2	1	0.08	0	1	0.92	unphased	1.06255293405929	1.06255293405929	1
11	64702311	64702312	75	21	1.16	2	1	0.08	0	1	0.92	unphased	1.32487068965517	1.32487068965517	1
11	70319333	70319334	110	16	1.16	2	1	0.08	0	1	0.92	unphased	0.769085933223864	0.769085933223864	1
11	73141754	73141755	121	62	1.16	2	1	0.08	0	1	0.92	unphased	2.05194648577351	1.89995044979028	1.08
11	108128264	108128265	55	24	1.16	2	1	0.08	0	1	0.92	unphased	1.83996508075076	1.70367137106552	1.08
11	123777636	123777637	189	16	1.16	2	1	0.08	0	1	0.92	unphased	0.472706476030278	0.472706476030278	1
12	1755169	1755170	45	15	1.27	3	1	0.09	0	1	0.91	unphased	1.54163793103448	0.737625804322719	2.09
12	18716396	18716397	86	4	7	5	2	1	NA	NA	NA	unphased	0.528735632183908	0.528735632183908	1
12	25398283	25398284	32	9	6	4	2	1	NA	NA	NA	unphased	2.3919259882254	1.1959629941127	2
12	49087590	49087591	78	23	4	2	2	1	NA	NA	NA	unphased	2.02594742232844	1.01297371116422	2
12	53454577	53454578	18	4	4	2	2	1	NA	NA	NA	unphased	1.61755485893417	1.61755485893417	1
12	78401191	78401192	129	27	4	2	2	1	NA	NA	NA	unphased	1.53978779840849	0.769893899204244	2
12	89916916	89916917	53	18	4	2	2	1	NA	NA	NA	unphased	2.25546381738708	1.12773190869354	2
13	37679150	37679151	71	17	2	2	0	1	NA	NA	NA	unphased	1.33228840125392	1.33228840125392	1
14	20528749	20528750	209	18	1.51	3	1	0.17	1	0	0.83	unphased	0.508008506759836	0.508008506759836	1
14	23886427	23886428	165	18	1.51	3	1	0.17	1	0	0.83	unphased	0.630152628603731	0.630152628603731	1
14	50458972	50458973	87	27	3.2	3	3	0.3	1	1	0.7	unphased	1.91760435571688	0.83374102422473	2.3
14	64457752	64457753	56	29	2.52	3	1	0.26	1	1	0.74	unphased	2.53035294117647	1.11962519521083	2.26
14	70480190	70480191	99	10	2.52	3	1	0.26	1	1	0.74	unphased	0.680417589370452	0.680417589370452	1
14	70712644	70712645	103	27	2.52	3	1	0.26	1	1	0.74	unphased	1.54036074270557	1.01339522546419	1.52
14	88897526	88897527	160	84	4	3	1	1	NA	NA	NA	unphased	3.06274731486716	1.02091577162239	3
14	94526456	94526457	58	26	4	3	1	1	NA	NA	NA	unphased	2.75369458128079	0.917898193760263	3
14	94780809	94780810	53	5	4	3	1	1	NA	NA	NA	unphased	0.766944114149822	0.766944114149822	1
14	101405926	101405927	33	4	4	3	1	1	NA	NA	NA	unphased	0.961789375582479	0.961789375582479	1
14	105404422	105404423	52	13	4	3	1	1	NA	NA	NA	unphased	1.77931034482759	0.889655172413793	2
14	106866583	106866584	202	61	NA	NA	NA	NA	NA	NA	NA	unphased	NA	NA	1
15	25225172	25225173	11	2	2	1	1	0.6	1	1	0.4	unphased	1.06100795755968	1.06100795755968	1
15	28235783	28235784	135	27	2	1	1	0.6	1	1	0.4	unphased	1.14942528735632	1.14942528735632	1
15	42684892	42684893	40	12	2	1	1	0.6	1	1	0.4	unphased	1.59151193633952	1.59151193633952	1
15	43021261	43021262	127	16	2	1	1	0.6	1	1	0.4	unphased	0.771642150952496	0.771642150952496	1
16	1306687	1306688	55	7	3	2	1	1	NA	NA	NA	unphased	0.89154616240267	0.89154616240267	1
16	1453291	1453292	29	9	3	2	1	1	NA	NA	NA	unphased	1.87023593466425	0.935117967332123	2
16	7637285	7637286	75	8	3	2	1	1	NA	NA	NA	unphased	0.761113419194018	0.761113419194018	1
16	27374683	27374684	49	11	2.54	2	2	0.27	1	1	0.73	unphased	1.36336781609195	1.36336781609195	1
16	49672129	49672130	44	20	3	3	0	1	NA	NA	NA	unphased	2.4676724137931	0.822557471264368	3
16	50756543	50756544	383	112	3	3	0	1	NA	NA	NA	unphased	1.78669453152212	0.893347265761059	2
16	57717907	57717908	61	26	3	3	0	1	NA	NA	NA	unphased	2.35988902100674	1.17994451050337	2
16	72166805	72166806	92	51	3	3	0	1	NA	NA	NA	unphased	2.81625271280444	0.938750904268146	3
17	7910763	7910764	133	22	4	2	2	1	NA	NA	NA	unphased	1.26273637374861	1.26273637374861	1
17	10541608	10541609	52	19	4	2	2	1	NA	NA	NA	unphased	2.38076736279747	1.19038368139874	2
17	34497362	34497363	78	16	4	2	2	1	NA	NA	NA	unphased	1.51430667644901	1.51430667644901	1
17	35802661	35802662	50	12	4	2	2	1	NA	NA	NA	unphased	1.72191323692992	0.860956618464961	2
17	38230695	38230696	23	11	4	2	2	1	NA	NA	NA	unphased	2.87829614604463	1.43914807302231	2
17	39333914	39333915	30	10	4	2	2	1	NA	NA	NA	unphased	2.22413793103448	1.11206896551724	2
17	58711299	58711300	92	8	4	2	2	1	NA	NA	NA	unphased	0.711724137931035	0.711724137931035	1
17	76046100	76046101	76	6	4	2	2	1	NA	NA	NA	unphased	0.650967199327166	0.650967199327166	1
17	77758642	77758643	21	8	4	2	2	1	NA	NA	NA	unphased	2.45422116527943	1.22711058263971	2
18	14522299	14522300	24	7	4	2	2	1	NA	NA	NA	unphased	2.00889877641824	1.00444938820912	2
18	28991244	28991245	105	33	4	2	2	1	NA	NA	NA	unphased	2.12743628185907	1.06371814092954	2
18	31324951	31324952	71	20	4	2	2	1	NA	NA	NA	unphased	1.95528609321713	0.977643046608564	2
18	56196382	56196383	104	19	4	2	2	1	NA	NA	NA	unphased	1.37426408746846	1.37426408746846	1
18	77895907	77895908	60	11	NA	NA	NA	NA	NA	NA	NA	unphased	NA	NA	1
19	436407	436408	54	7	2.23	2	1	0.23	1	1	0.77	unphased	0.817801017524025	0.817801017524025	1
19	2114777	2114778	93	10	2.23	2	1	0.23	1	1	0.77	unphased	0.691898225644459	0.691898225644459	1
19	10610138	10610139	40	6	2.23	2	1	0.23	1	1	0.77	unphased	0.929550224887556	0.929550224887556	1
19	14076265	14076266	169	52	2.23	2	1	0.23	1	1	0.77	unphased	1.67683569979716	1.36328105674566	1.23
19	15053211	15053212	59	6	2.23	2	1	0.23	1	1	0.77	unphased	0.657835543766578	0.657835543766578	1
19	17451851	17451852	50	13	2.23	2	1	0.23	1	1	0.77	unphased	1.47055829228243	1.47055829228243	1
19	19906466	19906467	23	9	2.32	2	1	0.32	1	1	0.68	unphased	2.02965517241379	1.53761755485893	1.32
19	22574895	22574896	32	6	2.32	2	1	0.32	1	1	0.68	unphased	1.1394555353902	1.1394555353902	1
19	35775871	35775872	197	20	2.32	2	1	0.32	1	1	0.68	unphased	0.665119974574925	0.665119974574925	1
19	36019164	36019165	23	12	2.32	2	1	0.32	1	1	0.68	unphased	2.47424630541872	1.87442901925661	1.32
19	51483495	51483496	14	9	2.32	2	1	0.32	1	1	0.68	unphased	2.82386806596702	2.13929398936895	1.32
19	52869066	52869067	133	16	2.32	2	1	0.32	1	1	0.68	unphased	0.774931728766489	0.774931728766489	1
19	53302128	53302129	25	9	2.32	2	1	0.32	1	1	0.68	unphased	1.91026369168357	1.44716946339664	1.32
19	55556497	55556498	25	10	2.32	2	1	0.32	1	1	0.68	unphased	2.06187192118227	1.56202418271384	1.32
2	27293104	27293105	83	24	2.46	2	2	0.23	1	1	0.77	unphased	1.65006767644215	1.34151843613183	1.23
2	32640260	32640261	17	8	2.46	2	2	0.23	1	1	0.77	unphased	2.35409655172414	1.91389963554808	1.23
2	73868534	73868535	92	33	2.46	2	2	0.23	1	1	0.77	unphased	1.94212965517241	1.57896719932717	1.23
2	99234836	99234837	7	2	2.46	2	2	0.23	1	1	0.77	unphased	1.63478927203065	1.63478927203065	1
2	102835487	102835488	99	15	2.46	2	2	0.23	1	1	0.77	unphased	0.967967332123412	0.967967332123412	1
2	103061722	103061723	44	11	2.46	2	2	0.23	1	1	0.77	unphased	1.47131034482759	1.47131034482759	1
2	106015388	106015389	7	4	2.46	2	2	0.23	1	1	0.77	unphased	2.67510971786834	2.17488594948645	1.23
2	128384579	128384580	12	5	2.46	2	2	0.23	1	1	0.77	unphased	2.16369168356998	2.16369168356998	1
2	133486462	133486463	257	20	2.46	2	2	0.23	1	1	0.77	unphased	0.531158969251836	0.531158969251836	1
2	158637030	158637031	74	9	2.46	2	2	0.23	1	1	0.77	unphased	0.7976983797258	0.7976983797258	1
2	189912941	189912942	46	8	2.46	2	2	0.23	1	1	0.77	unphased	1.0898595146871	1.0898595146871	1
2	197584363	197584364	19	5	2.46	2	2	0.23	1	1	0.77	unphased	1.53261494252874	1.53261494252874	1
2	219825609	219825610	10	6	2.46	2	2	0.23	1	1	0.77	unphased	2.75870689655172	2.24285113540791	1.23
2	233323438	233323439	60	9	2.46	2	2	0.23	1	1	0.77	unphased	0.959550224887556	0.959550224887556	1
20	13847461	13847462	94	13	2.62	2	2	0.31	1	1	0.69	unphased	0.913225910409281	0.913225910409281	1
20	18541291	18541292	45	14	2.62	2	2	0.31	1	1	0.69	unphased	1.7835885447107	1.3615179730616	1.31
20	23667774	23667775	218	24	2.62	2	2	0.31	1	1	0.69	unphased	0.745443146195497	0.745443146195497	1
20	34526673	34526674	137	15	2.62	2	2	0.31	1	1	0.69	unphased	0.74176497277677	0.74176497277677	1
20	62122062	62122063	53	11	2.62	2	2	0.31	1	1	0.69	unphased	1.29190732758621	1.29190732758621	1
21	45741640	45741641	48	4	2	1	1	1	NA	NA	NA	unphased	0.530503978779841	0.530503978779841	1
21	45741646	45741647	51	5	2	1	1	1	NA	NA	NA	unphased	0.61576354679803	0.61576354679803	1
3	12434184	12434185	57	8	3.76	3	1	0.92	0	1	0.08	unphased	1.06542175066313	1.06542175066313	1
3	15643037	15643038	23	8	3.76	3	1	0.92	0	1	0.08	unphased	2.23394883203559	1.16351501668521	1.92
3	39307264	39307265	41	13	3.76	3	1	0.92	0	1	0.08	unphased	2.0839846743295	1.08540868454662	1.92
3	69987130	69987131	60	14	3.76	3	1	0.92	0	1	0.08	unphased	1.63772600186393	0.890068479273877	1.84
3	69987131	69987132	60	13	3.76	3	1	0.92	0	1	0.08	unphased	1.54157770429854	1.54157770429854	1
3	108829595	108829596	20	3	2	2	0	1	NA	NA	NA	unphased	0.899550224887556	0.899550224887556	1
3	122437575	122437576	124	47	2	2	0	1	NA	NA	NA	unphased	1.895543456342	0.947771728171002	2
3	142537174	142537175	64	15	4	2	2	1	NA	NA	NA	unphased	1.68921868179834	0.844609340899171	2
3	146309534	146309535	27	5	4	2	2	1	NA	NA	NA	unphased	1.39008620689655	1.39008620689655	1
3	183906907	183906908	21	9	2	2	0	1	NA	NA	NA	unphased	2.06896551724138	1.03448275862069	2
4	1206786	1206787	106	9	2	1	1	0.74	1	1	0.26	unphased	0.539730134932534	0.539730134932534	1
4	6383530	6383531	85	12	2	1	1	0.74	1	1	0.26	unphased	0.853181656594383	0.853181656594383	1
4	44687996	44687997	72	7	2	1	1	0.74	1	1	0.26	unphased	0.611086861632475	0.611086861632475	1
4	49052738	49052739	87	7	2	1	1	0.74	1	1	0.26	unphased	0.513573000733676	0.513573000733676	1
4	66467835	66467836	53	15	2	1	1	0.74	1	1	0.26	unphased	1.52129817444219	1.52129817444219	1
4	84377293	84377294	136	26	2	1	1	0.74	1	1	0.26	unphased	1.1068539804172	1.1068539804172	1
5	1213650	1213651	66	6	2.28	2	1	0.28	1	1	0.72	unphased	0.598045977011494	0.598045977011494	1
5	67590997	67590998	48	7	2.28	2	1	0.28	1	1	0.72	unphased	0.913379310344827	0.913379310344827	1
5	138857008	138857009	94	25	2.28	2	1	0.28	1	1	0.72	unphased	1.50767893364242	1.17787416690814	1.28
5	140712463	140712464	86	24	2.28	2	1	0.28	1	1	0.72	unphased	1.56579310344828	1.22327586206897	1.28
5	140784591	140784592	115	34	2.28	2	1	0.28	1	1	0.72	unphased	1.63760240685027	1.27937688035177	1.28
5	149498363	149498364	159	21	2.28	2	1	0.28	1	1	0.72	unphased	0.837264367816092	0.837264367816092	1
6	656373	656374	178	41	NA	NA	NA	NA	NA	NA	NA	unphased	NA	NA	1
6	25771164	25771165	138	38	4	2	2	1	NA	NA	NA	unphased	1.92084639498433	0.960423197492163	2
6	31238054	31238055	22	5	4	2	2	1	NA	NA	NA	unphased	1.64750957854406	1.64750957854406	1
6	33756864	33756865	35	7	4	2	2	1	NA	NA	NA	unphased	1.48275862068966	1.48275862068966	1
6	46656967	46656968	94	20	4	2	2	1	NA	NA	NA	unphased	1.56079854809437	0.780399274047187	2
6	57246882	57246883	25	6	4	2	2	1	NA	NA	NA	unphased	1.72191323692992	1.72191323692992	1
6	139229863	139229864	96	12	2	2	0	1	NA	NA	NA	unphased	0.766283524904215	0.766283524904215	1
7	5567399	5567400	262	28	4	2	2	1	NA	NA	NA	unphased	0.8589774078478	0.8589774078478	1
7	13971232	13971233	37	10	4	2	2	1	NA	NA	NA	unphased	1.89288334556126	0.946441672780631	2
7	29918675	29918676	10	3	2.46	2	2	0.23	1	1	0.77	unphased	1.69766578249337	1.69766578249337	1
7	48559686	48559687	16	2	2.46	2	2	0.23	1	1	0.77	unphased	0.817394636015326	0.817394636015326	1
7	82430832	82430833	41	15	2.46	2	2	0.23	1	1	0.77	unphased	1.97050492610837	1.60203652529136	1.23
7	92765093	92765094	98	14	2.46	2	2	0.23	1	1	0.77	unphased	0.919568965517241	0.919568965517241	1
7	110762845	110762846	88	18	2.46	2	2	0.23	1	1	0.77	unphased	1.24922576447625	1.24922576447625	1
7	154875950	154875951	48	3	2.28	2	1	0.28	1	1	0.72	unphased	0.422150101419878	0.422150101419878	1
8	11994972	11994973	35	9	2.34	2	2	0.17	1	1	0.83	unphased	1.48020376175549	1.48020376175549	1
8	41522414	41522415	33	4	2.34	2	2	0.17	1	1	0.83	unphased	0.78232991612302	0.78232991612302	1
8	62289262	62289263	61	19	2.34	2	2	0.17	1	1	0.83	unphased	1.71868103448276	1.46895814913056	1.17
8	77616826	77616827	30	7	2.34	2	2	0.17	1	1	0.83	unphased	1.36907735321528	1.36907735321528	1
8	87242188	87242189	31	5	2.34	2	2	0.17	1	1	0.83	unphased	1.00507662835249	1.00507662835249	1
8	88886071	88886072	81	14	2.34	2	2	0.17	1	1	0.83	unphased	1.06643920145191	1.06643920145191	1
8	102731523	102731524	140	15	2.34	2	2	0.17	1	1	0.83	unphased	0.700311457174638	0.700311457174638	1
9	2039690	2039691	30	5	2.6	2	2	0.3	1	1	0.7	unphased	1.07093596059113	1.07093596059113	1
9	13216824	13216825	30	8	2.6	2	2	0.3	1	1	0.7	unphased	1.57822141560799	1.57822141560799	1
9	18680332	18680333	27	9	2.6	2	2	0.3	1	1	0.7	unphased	1.87413793103448	1.44164456233422	1.3
9	86905117	86905118	66	14	2.6	2	2	0.3	1	1	0.7	unphased	1.31189655172414	1.31189655172414	1
9	90500906	90500907	47	19	2.6	2	2	0.3	1	1	0.7	unphased	2.15809822361547	1.66007555662728	1.3
9	95077880	95077881	20	4	2.6	2	2	0.3	1	1	0.7	unphased	1.24942528735632	1.24942528735632	1
9	96233567	96233568	79	11	2.6	2	2	0.3	1	1	0.7	unphased	0.916245210727969	0.916245210727969	1
9	100008432	100008433	19	6	2.6	2	2	0.3	1	1	0.7	unphased	1.7991724137931	1.7991724137931	1
9	125377260	125377261	195	40	2.6	2	2	0.3	1	1	0.7	unphased	1.27600880410858	1.27600880410858	1
9	131118033	131118034	90	30	2.6	2	2	0.3	1	1	0.7	unphased	1.87413793103448	1.44164456233422	1.3
X	591803	591804	90	21	NA	NA	NA	NA	NA	NA	NA	unphased	NA	NA	1
X	1746628	1746629	188	25	NA	NA	NA	NA	NA	NA	NA	unphased	NA	NA	1
X	34961244	34961245	31	14	NA	NA	NA	NA	NA	NA	NA	unphased	NA	NA	1
X	47060986	47060987	9	15	NA	NA	NA	NA	NA	NA	NA	unphased	NA	NA	1
X	65480098	65480099	11	16	NA	NA	NA	NA	NA	NA	NA	unphased	NA	NA	1
X	69455987	69455988	27	19	NA	NA	NA	NA	NA	NA	NA	unphased	NA	NA	1
