chr	start	end	WT.count	mut.count	subclonal.CN	nMaj1	nMin1	frac1	nMaj2	nMin2	frac2	phase	mutation.copy.number	subclonal.fraction	no.chrs.bearing.mut
1	1249402	1249403	11	3	NA	NA	NA	NA	NA	NA	NA	unphased	NA	NA	1
1	7725215	7725216	27	18	2	1	1	0.14	1	1	0.86	unphased	0.930232558139535	0.930232558139535	1
1	26527427	26527428	42	27	2	1	1	0.14	1	1	0.86	unphased	0.910010111223458	0.910010111223458	1
1	27278143	27278144	15	21	2	1	1	0.08	1	1	0.92	unphased	1.35658914728682	1.35658914728682	1
1	34276419	34276420	64	44	2	1	1	0.08	1	1	0.92	unphased	0.947459086993971	0.947459086993971	1
1	35652648	35652649	57	32	2	1	1	0.08	1	1	0.92	unphased	0.836164097204076	0.836164097204076	1
1	45965896	45965897	35	19	2	1	1	0.08	1	1	0.92	unphased	0.818260120585702	0.818260120585702	1
1	53074126	53074127	24	18	2	1	1	1	NA	NA	NA	unphased	0.996677740863787	0.996677740863787	1
1	53544460	53544461	24	32	2	1	1	1	NA	NA	NA	unphased	1.32890365448505	1.32890365448505	1
1	53995555	53995556	23	19	2	1	1	1	NA	NA	NA	unphased	1.05204872646733	1.05204872646733	1
1	66038101	66038102	17	13	2	1	1	1	NA	NA	NA	unphased	1.0077519379845	1.0077519379845	1
1	66713218	66713219	82	81	2	1	1	1	NA	NA	NA	unphased	1.15565701241261	1.15565701241261	1
1	68905309	68905310	69	44	2	1	1	1	NA	NA	NA	unphased	0.90553611854291	0.90553611854291	1
1	79002382	79002383	24	20	2	1	1	1	NA	NA	NA	unphased	1.05708245243129	1.05708245243129	1
1	85786975	85786976	6	4	2	1	1	1	NA	NA	NA	unphased	0.930232558139535	0.930232558139535	1
1	87040256	87040257	79	36	2	1	1	1	NA	NA	NA	unphased	0.728008088978766	0.728008088978766	1
1	103548480	103548481	43	34	2	1	1	1	NA	NA	NA	unphased	1.02688009664754	1.02688009664754	1
1	117122484	117122485	17	11	1.05	1	1	0.05	0	1	0.95	unphased	0.540406976744186	0.540406976744186	1
1	119575682	119575683	89	63	1.05	1	1	0.05	0	1	0.95	unphased	0.570142288861689	0.570142288861689	1
1	147092255	147092256	18	17	NA	NA	NA	NA	NA	NA	NA	unphased	NA	NA	1
1	149898281	149898282	26	47	1.04	2	1	0.02	0	1	0.98	unphased	0.879209939471169	0.879209939471169	1
1	153660564	153660565	67	35	1.04	2	1	0.02	0	1	0.98	unphased	0.468581851345189	0.468581851345189	1
1	155451983	155451984	117	51	1.04	2	1	0.02	0	1	0.98	unphased	0.414551495016611	0.414551495016611	1
1	155717351	155717352	31	6	1.04	2	1	0.02	0	1	0.98	unphased	0.22144563167819	0.22144563167819	1
1	157667637	157667638	59	96	1.04	2	1	0.02	0	1	0.98	unphased	0.845779444861215	0.845779444861215	1
1	158390048	158390049	74	36	1.04	2	1	0.02	0	1	0.98	unphased	0.44691754756871	0.44691754756871	1
1	158670075	158670076	65	33	1.04	2	1	0.02	0	1	0.98	unphased	0.45983863312767	0.45983863312767	1
1	160651120	160651121	152	73	1.04	2	1	0.02	0	1	0.98	unphased	0.443055297157623	0.443055297157623	1
1	161132419	161132420	19	38	1.04	2	1	0.02	0	1	0.98	unphased	0.910387596899225	0.910387596899225	1
1	173478743	173478744	15	11	1.04	2	1	0.02	0	1	0.98	unphased	0.577745974955277	0.577745974955277	1
1	197403913	197403914	54	92	1.04	2	1	0.02	0	1	0.98	unphased	0.860503345014336	0.860503345014336	1
1	216219862	216219863	22	58	1.04	2	1	0.02	0	1	0.98	unphased	0.990046511627907	0.990046511627907	1
1	220100416	220100417	45	68	1.04	2	1	0.02	0	1	0.98	unphased	0.821765795431159	0.821765795431159	1
1	222923316	222923317	47	59	1.04	2	1	0.02	0	1	0.98	unphased	0.760087757788504	0.760087757788504	1
1	237538082	237538083	5	20	1.04	2	1	0.02	0	1	0.98	unphased	1.09246511627907	1.09246511627907	1
1	237580396	237580397	22	30	1.04	2	1	0.02	0	1	0.98	unphased	0.78783542039356	0.78783542039356	1
1	237947530	237947531	86	35	1.04	2	1	0.02	0	1	0.98	unphased	0.395002882952143	0.395002882952143	1
1	243542028	243542029	57	26	1.04	2	1	0.02	0	1	0.98	unphased	0.427772485289997	0.427772485289997	1
1	243579122	243579123	11	11	1.04	2	1	0.02	0	1	0.98	unphased	0.682790697674419	0.682790697674419	1
1	248201825	248201826	273	108	NA	NA	NA	NA	NA	NA	NA	unphased	NA	NA	1
1	248343518	248343519	413	27	NA	NA	NA	NA	NA	NA	NA	unphased	NA	NA	1
1	248512679	248512680	52	72	NA	NA	NA	NA	NA	NA	NA	unphased	NA	NA	1
1	248616202	248616203	223	24	NA	NA	NA	NA	NA	NA	NA	unphased	NA	NA	1
10	17271972	17271973	3	7	1	1	0	1	NA	NA	NA	unphased	0.927906976744186	0.927906976744186	1
10	23290867	23290868	4	15	1	1	0	1	NA	NA	NA	unphased	1.04651162790698	1.04651162790698	1
10	26789818	26789819	42	36	1.01	1	1	0.01	0	1	0.99	unphased	0.616422182468694	0.616422182468694	1
10	84498382	84498383	10	57	1	1	0	1	NA	NA	NA	unphased	1.12773342589379	1.12773342589379	1
10	86131529	86131530	63	16	2	2	0	1	NA	NA	NA	unphased	0.471003826906094	0.471003826906094	1
10	88221028	88221029	5	54	2	2	0	1	NA	NA	NA	unphased	2.12849822625148	1.06424911312574	2
10	120070332	120070333	80	4	2	2	0	1	NA	NA	NA	unphased	0.110741971207087	0.110741971207087	1
10	124358480	124358481	14	119	2	2	0	1	NA	NA	NA	unphased	2.08078335373317	1.04039167686659	2
10	126715737	126715738	21	15	2	2	0	1	NA	NA	NA	unphased	0.968992248062016	0.968992248062016	1
10	127755306	127755307	24	11	2	2	0	1	NA	NA	NA	unphased	0.730897009966777	0.730897009966777	1
10	133758915	133758916	33	9	2	2	0	1	NA	NA	NA	unphased	0.498338870431894	0.498338870431894	1
11	4790454	4790455	58	50	2	1	1	0.1	1	1	0.9	unphased	1.07665805340224	1.07665805340224	1
11	4904110	4904111	21	10	2	1	1	0.1	1	1	0.9	unphased	0.750187546886722	0.750187546886722	1
11	6942636	6942637	81	29	2	1	1	0.1	1	1	0.9	unphased	0.613107822410148	0.613107822410148	1
11	6977309	6977310	26	22	2	1	1	0.1	1	1	0.9	unphased	1.06589147286822	1.06589147286822	1
11	7024066	7024067	47	17	2	1	1	0.1	1	1	0.9	unphased	0.617732558139535	0.686369509043928	0.9
11	10327534	10327535	8	11	2	1	1	0.1	1	1	0.9	unphased	1.34638922888617	1.34638922888617	1
11	10327535	10327536	8	11	2	1	1	0.1	1	1	0.9	unphased	1.34638922888617	1.34638922888617	1
11	12263845	12263846	16	10	2	1	1	0.1	1	1	0.9	unphased	0.894454382826476	0.894454382826476	1
11	12518120	12518121	14	8	2	1	1	0.1	1	1	0.9	unphased	0.845665961945032	0.845665961945032	1
11	18731190	18731191	9	5	2	1	1	0.1	1	1	0.9	unphased	0.830564784053156	0.830564784053156	1
11	47603678	47603679	82	5	2	1	1	0.1	1	1	0.9	unphased	0.133654103180968	0.133654103180968	1
11	49204781	49204782	47	16	2	1	1	0.1	1	1	0.9	unphased	0.5906238464378	0.5906238464378	1
11	55038376	55038377	50	28	2	1	1	0.1	1	1	0.9	unphased	0.834824090638044	0.834824090638044	1
11	55038377	55038378	50	26	2	1	1	0.1	1	1	0.9	unphased	0.795593635250918	0.795593635250918	1
11	55798273	55798274	49	15	2	1	1	0.1	1	1	0.9	unphased	0.545058139534884	0.545058139534884	1
11	55904559	55904560	34	38	2	1	1	0.1	1	1	0.9	unphased	1.22739018087855	1.22739018087855	1
11	66191874	66191875	94	108	2	1	1	0.1	1	1	0.9	unphased	1.24338015196869	1.24338015196869	1
11	66455338	66455339	41	35	2	1	1	0.1	1	1	0.9	unphased	1.07099143206854	1.07099143206854	1
11	67203240	67203241	10	10	2	1	1	0.1	1	1	0.9	unphased	1.16279069767442	1.16279069767442	1
11	67222848	67222849	22	3	2	1	1	0.1	1	1	0.9	unphased	0.27906976744186	0.27906976744186	1
11	88780708	88780709	22	7	1.03	1	1	0.03	0	1	0.97	unphased	0.327209302325581	0.327209302325581	1
11	92088373	92088374	13	20	1.03	1	1	0.03	0	1	0.97	unphased	0.821564482029598	0.821564482029598	1
11	93837700	93837701	14	28	1.03	1	1	0.03	0	1	0.97	unphased	0.903720930232558	0.903720930232558	1
11	100061935	100061936	16	6	1.03	1	1	0.03	0	1	0.97	unphased	0.369704016913319	0.369704016913319	1
11	113644416	113644417	9	9	1.03	1	1	0.03	0	1	0.97	unphased	0.677790697674419	0.677790697674419	1
11	132081939	132081940	19	14	1.03	1	1	0.03	0	1	0.97	unphased	0.575095137420719	0.575095137420719	1
12	4737625	4737626	169	11	2	1	1	1	NA	NA	NA	unphased	0.142118863049096	0.142118863049096	1
12	13717084	13717085	22	6	2	1	1	1	NA	NA	NA	unphased	0.498338870431894	0.498338870431894	1
12	40441974	40441975	114	79	2	1	1	1	NA	NA	NA	unphased	0.95192191830341	0.95192191830341	1
12	46230615	46230616	130	17	2	1	1	1	NA	NA	NA	unphased	0.268944787217212	0.268944787217212	1
12	49445463	49445464	38	28	2	1	1	1	NA	NA	NA	unphased	0.98661028893587	0.98661028893587	1
12	49445464	49445465	39	27	2	1	1	1	NA	NA	NA	unphased	0.951374207188161	0.951374207188161	1
12	51773083	51773084	34	12	2	1	1	1	NA	NA	NA	unphased	0.606673407482305	0.606673407482305	1
12	53044147	53044148	106	69	2	1	1	1	NA	NA	NA	unphased	0.916943521594684	0.916943521594684	1
12	53722248	53722249	32	18	2	1	1	1	NA	NA	NA	unphased	0.837209302325581	0.837209302325581	1
12	57422589	57422590	40	41	2	1	1	1	NA	NA	NA	unphased	1.17714613838645	1.17714613838645	1
12	57960908	57960909	68	45	2	1	1	1	NA	NA	NA	unphased	0.926116484873431	0.926116484873431	1
12	57989696	57989697	70	7	2	1	1	1	NA	NA	NA	unphased	0.211416490486258	0.211416490486258	1
12	57994653	57994654	255	33	2	1	1	1	NA	NA	NA	unphased	0.266472868217054	0.266472868217054	1
12	66638981	66638982	59	56	2	1	1	1	NA	NA	NA	unphased	1.1324570273003	1.1324570273003	1
12	72936109	72936110	66	20	2	1	1	1	NA	NA	NA	unphased	0.540832882639264	0.540832882639264	1
12	81751933	81751934	6	4	2	1	1	1	NA	NA	NA	unphased	0.930232558139535	0.930232558139535	1
12	85449836	85449837	91	55	2	1	1	1	NA	NA	NA	unphased	0.876075183179357	0.876075183179357	1
12	99019841	99019842	26	20	2	1	1	1	NA	NA	NA	unphased	1.01112234580384	1.01112234580384	1
12	102038548	102038549	28	20	2	1	1	1	NA	NA	NA	unphased	0.968992248062016	0.968992248062016	1
12	117013721	117013722	23	14	2	1	1	1	NA	NA	NA	unphased	0.87994971715902	0.87994971715902	1
13	23915109	23915110	18	44	1	1	0	1	NA	NA	NA	unphased	0.940735183795949	0.940735183795949	1
13	31495959	31495960	7	35	1	1	0	1	NA	NA	NA	unphased	1.1046511627907	1.1046511627907	1
13	36167464	36167465	5	33	1	1	0	1	NA	NA	NA	unphased	1.15116279069767	1.15116279069767	1
14	19553740	19553741	275	46	NA	NA	NA	NA	NA	NA	NA	unphased	NA	NA	1
14	38679066	38679067	11	41	1	1	0	1	NA	NA	NA	unphased	1.04516994633274	1.04516994633274	1
14	65289695	65289696	9	44	1	1	0	1	NA	NA	NA	unphased	1.10048266783677	1.10048266783677	1
14	74061970	74061971	7	29	1	1	0	1	NA	NA	NA	unphased	1.06782945736434	1.06782945736434	1
14	74876054	74876055	13	81	1	1	0	1	NA	NA	NA	unphased	1.14225630875804	1.14225630875804	1
14	106478162	106478163	62	4	NA	NA	NA	NA	NA	NA	NA	unphased	NA	NA	1
14	106478163	106478164	61	4	NA	NA	NA	NA	NA	NA	NA	unphased	NA	NA	1
15	22472972	22472973	186	28	NA	NA	NA	NA	NA	NA	NA	unphased	NA	NA	1
15	22472973	22472974	182	29	NA	NA	NA	NA	NA	NA	NA	unphased	NA	NA	1
15	24921225	24921226	17	9	1.02	1	1	0.02	0	1	0.98	unphased	0.465778175313059	0.465778175313059	1
15	27159948	27159949	15	12	1.02	1	1	0.02	0	1	0.98	unphased	0.598036175710594	0.598036175710594	1
15	33835898	33835899	96	49	1.02	1	1	0.02	0	1	0.98	unphased	0.454713712910986	0.454713712910986	1
15	34130187	34130188	67	57	1.02	1	1	0.02	0	1	0.98	unphased	0.618533383345836	0.618533383345836	1
15	42005460	42005461	37	33	1.03	1	1	0.03	0	1	0.97	unphased	0.639059800664452	0.639059800664452	1
15	43552772	43552773	33	48	1.03	1	1	0.03	0	1	0.97	unphased	0.803307493540052	0.803307493540052	1
15	49030412	49030413	9	6	1.03	1	1	0.03	0	1	0.97	unphased	0.542232558139535	0.542232558139535	1
15	50154563	50154564	27	28	1.03	1	1	0.03	0	1	0.97	unphased	0.690114164904862	0.690114164904862	1
15	50158549	50158550	62	26	1.03	1	1	0.03	0	1	0.97	unphased	0.400512684989429	0.400512684989429	1
15	76496244	76496245	18	24	1.03	1	1	0.03	0	1	0.97	unphased	0.774617940199335	0.774617940199335	1
15	85325991	85325992	65	27	1.03	1	1	0.03	0	1	0.97	unphased	0.397833670374115	0.397833670374115	1
16	716314	716315	29	26	1.04	1	1	0.04	0	1	0.96	unphased	0.645547568710359	0.645547568710359	1
16	3533372	3533373	14	3	1.04	1	1	0.04	0	1	0.96	unphased	0.240984952120383	0.240984952120383	1
16	9857219	9857220	33	22	1.04	1	1	0.04	0	1	0.96	unphased	0.546232558139535	0.546232558139535	1
16	20451222	20451223	43	22	1.04	1	1	0.04	0	1	0.96	unphased	0.462196779964222	0.462196779964222	1
16	31372508	31372509	83	54	1.04	1	1	0.04	0	1	0.96	unphased	0.538258360210491	0.538258360210491	1
16	48117615	48117616	115	127	1.04	1	1	0.04	0	1	0.96	unphased	0.716648087641745	0.716648087641745	1
16	55867044	55867045	9	6	1.04	1	1	0.04	0	1	0.96	unphased	0.546232558139535	0.546232558139535	1
16	61689396	61689397	40	25	1.04	1	1	0.04	0	1	0.96	unphased	0.525223613595707	0.525223613595707	1
16	67864377	67864378	15	6	1.04	1	1	0.04	0	1	0.96	unphased	0.390166112956811	0.390166112956811	1
16	84182724	84182725	43	19	1.05	1	1	0.05	0	1	0.95	unphased	0.421549137284321	0.421549137284321	1
16	89613070	89613071	61	4	NA	NA	NA	NA	NA	NA	NA	unphased	NA	NA	1
17	6610447	6610448	13	3	1	1	0	1	NA	NA	NA	unphased	0.248546511627907	0.248546511627907	1
17	7579413	7579414	11	39	1	1	0	1	NA	NA	NA	unphased	1.03395348837209	1.03395348837209	1
17	10348182	10348183	14	60	1	1	0	1	NA	NA	NA	unphased	1.07479572595852	1.07479572595852	1
17	10443379	10443380	15	47	1	1	0	1	NA	NA	NA	unphased	1.00487621905476	1.00487621905476	1
17	46700480	46700481	58	49	2	1	1	0.06	1	1	0.94	unphased	1.06498587263638	1.06498587263638	1
17	49073993	49073994	39	12	2	1	1	0.06	1	1	0.94	unphased	0.547195622435021	0.547195622435021	1
17	56693590	56693591	24	17	1.06	1	1	0.06	0	1	0.94	unphased	0.574509359047079	0.574509359047079	1
17	61996175	61996176	23	15	1.06	1	1	0.06	0	1	0.94	unphased	0.546940024479804	0.546940024479804	1
17	72584764	72584765	99	76	1.06	1	1	0.06	0	1	0.94	unphased	0.601738205980067	0.601738205980067	1
17	72846703	72846704	49	37	1.06	1	1	0.06	0	1	0.94	unphased	0.596122228231477	0.596122228231477	1
17	77078117	77078118	55	49	1.06	1	1	0.06	0	1	0.94	unphased	0.652822003577818	0.652822003577818	1
17	79866976	79866977	12	7	1.06	1	1	0.06	0	1	0.94	unphased	0.510477356181151	0.510477356181151	1
18	40850394	40850395	122	89	2	1	1	1	NA	NA	NA	unphased	0.980932436900694	0.980932436900694	1
18	70417731	70417732	49	27	2	1	1	1	NA	NA	NA	unphased	0.826193390452876	0.826193390452876	1
18	72913606	72913607	44	33	2	1	1	1	NA	NA	NA	unphased	0.996677740863787	0.996677740863787	1
19	3779790	3779791	5	18	1	1	0	1	NA	NA	NA	unphased	1.03741152679474	1.03741152679474	1
19	4896731	4896732	6	28	1	1	0	1	NA	NA	NA	unphased	1.09165526675787	1.09165526675787	1
19	9049764	9049765	14	48	1	1	0	1	NA	NA	NA	unphased	1.02625656414104	1.02625656414104	1
19	9063479	9063480	4	11	1	1	0	1	NA	NA	NA	unphased	0.972093023255814	0.972093023255814	1
19	9091089	9091090	5	38	1	1	0	1	NA	NA	NA	unphased	1.17144402379665	1.17144402379665	1
19	10655477	10655478	14	32	1	1	0	1	NA	NA	NA	unphased	0.922143579373104	0.922143579373104	1
19	15367953	15367954	1	7	1	1	0	1	NA	NA	NA	unphased	1.15988372093023	1.15988372093023	1
19	16664606	16664607	17	42	1	1	0	1	NA	NA	NA	unphased	0.943634213638155	0.943634213638155	1
19	18778557	18778558	24	26	2	1	1	0.09	1	1	0.91	unphased	1.2093023255814	1.2093023255814	1
19	22379528	22379529	39	32	2	1	1	0.09	1	1	0.91	unphased	1.04814936128398	1.04814936128398	1
19	22942365	22942366	42	24	2	1	1	0.09	1	1	0.91	unphased	0.845665961945032	0.845665961945032	1
19	31039888	31039889	24	16	2	1	1	0.09	1	1	0.91	unphased	0.930232558139535	0.930232558139535	1
19	33439178	33439179	17	20	2	1	1	0.09	1	1	0.91	unphased	1.25707102451289	1.25707102451289	1
19	36350398	36350399	29	20	2	1	1	0.09	1	1	0.91	unphased	0.94921689606075	0.94921689606075	1
19	38905687	38905688	5	6	2	1	1	0.09	1	1	0.91	unphased	1.26849894291755	1.26849894291755	1
19	40430471	40430472	6	4	2	1	1	0.09	1	1	0.91	unphased	0.930232558139535	0.930232558139535	1
19	41932337	41932338	22	14	2	1	1	0.09	1	1	0.91	unphased	0.904392764857881	0.904392764857881	1
19	45805709	45805710	84	77	2	1	1	0.09	1	1	0.91	unphased	1.11223458038423	1.11223458038423	1
19	49439302	49439303	10	3	2	1	1	0.09	1	1	0.91	unphased	0.536672629695886	0.536672629695886	1
19	52115519	52115520	48	43	2	1	1	0.09	1	1	0.91	unphased	1.0989010989011	1.0989010989011	1
19	55424267	55424268	10	5	2	1	1	0.09	1	1	0.91	unphased	0.775193798449612	0.775193798449612	1
19	56320319	56320320	69	54	2	1	1	0.09	1	1	0.91	unphased	1.02098695405559	1.02098695405559	1
19	57640628	57640629	82	50	2	1	1	0.09	1	1	0.91	unphased	0.880902043692741	0.880902043692741	1
19	58438311	58438312	117	43	2	1	1	0.09	1	1	0.91	unphased	0.625	0.625	1
2	25470988	25470989	46	33	2	1	1	0.09	1	1	0.91	unphased	0.971445392993818	0.971445392993818	1
2	27726406	27726407	19	11	2	1	1	0.09	1	1	0.91	unphased	0.852713178294574	0.852713178294574	1
2	27726408	27726409	17	11	2	1	1	0.09	1	1	0.91	unphased	0.913621262458472	0.913621262458472	1
2	47643557	47643558	63	34	2	1	1	1	NA	NA	NA	unphased	0.815152241668665	0.815152241668665	1
2	66739407	66739408	17	12	2	1	1	1	NA	NA	NA	unphased	0.962309542902967	0.962309542902967	1
2	79255396	79255397	31	19	1.01	1	1	0.01	0	1	0.99	unphased	0.507520930232558	0.507520930232558	1
2	90212166	90212167	64	19	1.01	1	1	0.01	0	1	0.99	unphased	0.305735500140095	0.305735500140095	1
2	96789881	96789882	33	22	1.01	1	1	0.01	0	1	0.99	unphased	0.534232558139535	0.534232558139535	1
2	101014378	101014379	21	14	1.01	1	1	0.01	0	1	0.99	unphased	0.534232558139535	0.534232558139535	1
2	103061711	103061712	23	15	1.01	1	1	0.01	0	1	0.99	unphased	0.527203182374541	0.527203182374541	1
2	114258218	114258219	7	13	1.01	1	1	0.01	0	1	0.99	unphased	0.868127906976744	0.868127906976744	1
2	121999985	121999986	123	53	1.01	1	1	0.01	0	1	0.99	unphased	0.402192124735729	0.402192124735729	1
2	179403332	179403333	52	61	1.01	1	1	0.01	0	1	0.99	unphased	0.7209775674007	0.7209775674007	1
2	179437608	179437609	18	16	1.01	1	1	0.01	0	1	0.99	unphased	0.628508891928865	0.628508891928865	1
2	179437609	179437610	17	16	1.01	1	1	0.01	0	1	0.99	unphased	0.647554615926709	0.647554615926709	1
2	179553412	179553413	66	17	1.01	1	1	0.01	0	1	0.99	unphased	0.273552815914822	0.273552815914822	1
2	179593426	179593427	21	17	1.01	1	1	0.01	0	1	0.99	unphased	0.59749694002448	0.59749694002448	1
2	190926979	190926980	82	22	1.01	1	1	0.01	0	1	0.99	unphased	0.282526833631485	0.282526833631485	1
2	198570097	198570098	5	3	1.01	1	1	0.01	0	1	0.99	unphased	0.500843023255814	0.500843023255814	1
2	207482344	207482345	19	9	1.01	1	1	0.01	0	1	0.99	unphased	0.429294019933555	0.429294019933555	1
2	209182590	209182591	103	24	1.01	1	1	0.01	0	1	0.99	unphased	0.252393334554111	0.252393334554111	1
2	230678747	230678748	20	19	1.01	1	1	0.01	0	1	0.99	unphased	0.65066785927251	0.65066785927251	1
2	232392961	232392962	20	5	1.01	1	1	0.01	0	1	0.99	unphased	0.267116279069767	0.267116279069767	1
20	20018199	20018200	60	33	2	1	1	1	NA	NA	NA	unphased	0.825206301575394	0.825206301575394	1
20	47256394	47256395	69	75	2	1	1	1	NA	NA	NA	unphased	1.21124031007752	1.21124031007752	1
20	47989928	47989929	30	29	2	1	1	1	NA	NA	NA	unphased	1.14308238076468	1.14308238076468	1
20	51871354	51871355	93	50	2	1	1	1	NA	NA	NA	unphased	0.813140348024069	0.813140348024069	1
20	61467556	61467557	19	17	2	1	1	1	NA	NA	NA	unphased	1.09819121447028	1.09819121447028	1
21	11049613	11049614	149	9	NA	NA	NA	NA	NA	NA	NA	unphased	NA	NA	1
21	31066377	31066378	33	25	2	1	1	1	NA	NA	NA	unphased	1.00240577385726	1.00240577385726	1
21	34793968	34793969	84	41	2	1	1	1	NA	NA	NA	unphased	0.762790697674419	0.762790697674419	1
21	47333885	47333886	41	24	2	1	1	1	NA	NA	NA	unphased	0.858676207513417	0.858676207513417	1
21	47970494	47970495	22	13	NA	NA	NA	NA	NA	NA	NA	unphased	NA	NA	1
22	17488962	17488963	5	9	2.56	2	1	0.56	1	1	0.44	unphased	1.85501661129568	1.18911321236903	1.56
22	23090123	23090124	45	50	2.56	2	1	0.56	1	1	0.44	unphased	1.5187270501836	0.973542980886922	1.56
22	42456310	42456311	90	44	2.56	2	1	0.56	1	1	0.44	unphased	0.94750433877126	0.94750433877126	1
22	45960775	45960776	25	15	2.56	2	1	0.56	1	1	0.44	unphased	1.08209302325581	1.08209302325581	1
3	46944142	46944143	3	19	1	1	0	1	NA	NA	NA	unphased	1.14482029598309	1.14482029598309	1
3	50230771	50230772	6	20	1	1	0	1	NA	NA	NA	unphased	1.01967799642218	1.01967799642218	1
3	97605503	97605504	244	33	1.68	2	1	0.34	1	0	0.66	unphased	0.238932079590295	0.238932079590295	1
3	115395235	115395236	32	12	1.68	2	1	0.34	1	0	0.66	unphased	0.546976744186046	0.546976744186046	1
3	121208548	121208549	68	132	1.68	2	1	0.34	1	0	0.66	unphased	1.32368372093023	0.987823672335995	1.34
3	123663716	123663717	51	9	1.68	2	1	0.34	1	0	0.66	unphased	0.300837209302326	0.884815321477428	0.34
3	124438334	124438335	18	33	1.68	2	1	0.34	1	0	0.66	unphased	1.29772913816689	0.968454580721563	1.34
3	124746193	124746194	43	12	1.68	2	1	0.34	1	0	0.66	unphased	0.437581395348837	1.28700410396717	0.34
3	130735083	130735084	103	35	1.68	2	1	0.34	1	0	0.66	unphased	0.50866194809572	0.50866194809572	1
3	138724421	138724422	11	4	1.82	2	1	0.41	1	0	0.59	unphased	0.57215503875969	0.57215503875969	1
3	138724422	138724423	11	4	1.82	2	1	0.41	1	0	0.59	unphased	0.57215503875969	0.57215503875969	1
3	143214237	143214238	123	42	1.82	2	1	0.41	1	0	0.59	unphased	0.54614799154334	0.54614799154334	1
3	147108868	147108869	60	15	1.82	2	1	0.41	1	0	0.59	unphased	0.429116279069767	1.04662507090187	0.41
3	167183294	167183295	53	85	1.82	2	1	0.41	1	0	0.59	unphased	1.32155375800472	0.937272168797673	1.41
3	169710593	169710594	48	20	1.82	2	1	0.41	1	0	0.59	unphased	0.631053351573187	0.631053351573187	1
3	173993223	173993224	113	46	1.82	2	1	0.41	1	0	0.59	unphased	0.620734240163815	0.620734240163815	1
3	186015995	186015996	68	11	1.82	2	1	0.41	1	0	0.59	unphased	0.298751839858699	0.728663024045607	0.41
3	186338395	186338396	93	27	1.82	2	1	0.41	1	0	0.59	unphased	0.482755813953488	1.17745320476461	0.41
3	191179084	191179085	44	70	1.82	2	1	0.41	1	0	0.59	unphased	1.31746226030192	0.934370397377246	1.41
4	2674025	2674026	25	21	1.02	1	1	0.02	0	1	0.98	unphased	0.614287158746208	0.614287158746208	1
4	5754651	5754652	19	20	1.02	1	1	0.02	0	1	0.98	unphased	0.690041741204532	0.690041741204532	1
4	5837731	5837732	81	45	1.02	1	1	0.02	0	1	0.98	unphased	0.480564784053156	0.480564784053156	1
4	26744201	26744202	51	47	1.02	1	1	0.02	0	1	0.98	unphased	0.645329852871381	0.645329852871381	1
4	57181642	57181643	21	16	1.02	1	1	0.02	0	1	0.98	unphased	0.581873035826524	0.581873035826524	1
4	74702947	74702948	32	39	1.02	1	1	0.02	0	1	0.98	unphased	0.739122174909925	0.739122174909925	1
4	88239556	88239557	59	3	1.02	1	1	0.02	0	1	0.98	unphased	0.0651087771942986	0.0651087771942986	1
4	96761508	96761509	19	20	1.02	1	1	0.02	0	1	0.98	unphased	0.690041741204532	0.690041741204532	1
4	100207957	100207958	27	43	1.02	1	1	0.02	0	1	0.98	unphased	0.826571428571429	0.826571428571429	1
4	114280095	114280096	32	6	1.02	1	1	0.02	0	1	0.98	unphased	0.212460220318237	0.212460220318237	1
4	122734442	122734443	37	43	1.02	1	1	0.02	0	1	0.98	unphased	0.72325	0.72325	1
4	123271218	123271219	27	36	1.02	1	1	0.02	0	1	0.98	unphased	0.76890365448505	0.76890365448505	1
4	128694756	128694757	31	5	1.02	1	1	0.02	0	1	0.98	unphased	0.186886304909561	0.186886304909561	1
4	147562009	147562010	6	7	1.02	1	1	0.02	0	1	0.98	unphased	0.724543828264758	0.724543828264758	1
4	156831335	156831336	80	10	1.02	1	1	0.02	0	1	0.98	unphased	0.149509043927649	0.149509043927649	1
4	169842779	169842780	14	13	1.02	1	1	0.02	0	1	0.98	unphased	0.647872523686477	0.647872523686477	1
4	177100787	177100788	17	9	1.02	1	1	0.02	0	1	0.98	unphased	0.465778175313059	0.465778175313059	1
4	188923925	188923926	11	13	NA	NA	NA	NA	NA	NA	NA	unphased	NA	NA	1
5	2749031	2749032	10	20	2.42	2	1	0.42	1	1	0.58	unphased	1.83038759689922	1.28900534992903	1.42
5	19747076	19747077	65	125	3.13	3	1	0.71	1	0	0.29	unphased	2.2734088127295	0.939425129227065	2.42
5	26916032	26916033	117	36	3.13	3	1	0.71	1	0	0.29	unphased	0.813077975376197	0.813077975376197	1
5	39021211	39021212	206	54	3.13	3	1	0.71	1	0	0.29	unphased	0.717697674418605	1.01084179495578	0.71
5	41142975	41142976	71	124	3.13	3	1	0.71	1	0	0.29	unphased	2.19739534883721	0.908014606957524	2.42
5	50056132	50056133	5	7	NA	NA	NA	NA	NA	NA	NA	unphased	NA	NA	1
5	72743819	72743820	10	5	2	1	1	0.14	1	1	0.86	unphased	0.775193798449612	0.775193798449612	1
5	80388640	80388641	74	42	2	1	1	0.14	1	1	0.86	unphased	0.842020850040096	0.842020850040096	1
5	82491598	82491599	30	22	2	1	1	0.14	1	1	0.86	unphased	0.983899821109123	0.983899821109123	1
5	82937472	82937473	85	53	2	1	1	0.14	1	1	0.86	unphased	0.893158072126727	0.893158072126727	1
5	82937473	82937474	85	54	2	1	1	0.14	1	1	0.86	unphased	0.903463275890915	0.903463275890915	1
5	134346176	134346177	41	15	2	1	1	0.14	1	1	0.86	unphased	0.622923588039867	0.724329753534729	0.86
5	137515414	137515415	63	5	2	1	1	0.14	1	1	0.86	unphased	0.170998632010944	0.170998632010944	1
5	140256398	140256399	80	19	2	1	1	0.14	1	1	0.86	unphased	0.446323702137656	0.446323702137656	1
5	140475630	140475631	40	24	2	1	1	0.14	1	1	0.86	unphased	0.872093023255814	0.872093023255814	1
5	140480378	140480379	23	25	2	1	1	0.14	1	1	0.86	unphased	1.21124031007752	1.21124031007752	1
5	140558999	140559000	236	42	2	1	1	0.14	1	1	0.86	unphased	0.351346829513134	0.351346829513134	1
5	140744878	140744879	32	19	2	1	1	0.14	1	1	0.86	unphased	0.866393068855449	0.866393068855449	1
5	145523005	145523006	136	79	2	1	1	0.14	1	1	0.86	unphased	0.854515954570038	0.993623202988416	0.86
5	154270800	154270801	67	44	2	1	1	0.14	1	1	0.86	unphased	0.921852084642782	0.921852084642782	1
5	176314547	176314548	28	22	2	1	1	0.14	1	1	0.86	unphased	1.02325581395349	1.02325581395349	1
5	176314548	176314549	30	20	2	1	1	0.14	1	1	0.86	unphased	0.930232558139535	0.930232558139535	1
5	180047709	180047710	11	18	2	1	1	0.14	1	1	0.86	unphased	1.44346431435445	1.44346431435445	1
5	180581966	180581967	62	47	NA	NA	NA	NA	NA	NA	NA	unphased	NA	NA	1
6	24447132	24447133	34	32	1.03	1	1	0.03	0	1	0.97	unphased	0.657251585623679	0.657251585623679	1
6	24533936	24533937	45	23	1.03	1	1	0.03	0	1	0.97	unphased	0.458505471956224	0.458505471956224	1
6	26509111	26509112	26	17	1.03	1	1	0.03	0	1	0.97	unphased	0.535927528393726	0.535927528393726	1
6	28501898	28501899	16	26	1.03	1	1	0.03	0	1	0.97	unphased	0.839169435215947	0.839169435215947	1
6	29364861	29364862	40	29	1.03	1	1	0.03	0	1	0.97	unphased	0.569737108190091	0.569737108190091	1
6	29595310	29595311	8	3	1.03	1	1	0.03	0	1	0.97	unphased	0.369704016913319	0.369704016913319	1
6	34003674	34003675	31	18	1.03	1	1	0.03	0	1	0.97	unphased	0.49796867584243	0.49796867584243	1
6	35715158	35715159	34	12	1.03	1	1	0.03	0	1	0.97	unphased	0.353629929221436	0.353629929221436	1
6	35715159	35715160	34	12	1.03	1	1	0.03	0	1	0.97	unphased	0.353629929221436	0.353629929221436	1
6	42162357	42162358	26	29	1.03	1	1	0.03	0	1	0.97	unphased	0.71476109936575	0.71476109936575	1
6	55216093	55216094	116	79	1.03	1	1	0.03	0	1	0.97	unphased	0.549184257602862	0.549184257602862	1
6	55924963	55924964	18	13	1.03	1	1	0.03	0	1	0.97	unphased	0.568469617404351	0.568469617404351	1
6	56469818	56469819	36	26	1.03	1	1	0.03	0	1	0.97	unphased	0.568469617404351	0.568469617404351	1
6	56472231	56472232	12	5	1.03	1	1	0.03	0	1	0.97	unphased	0.398700410396717	0.398700410396717	1
6	70092757	70092758	22	17	2	1	1	1	NA	NA	NA	unphased	1.01371496720334	1.01371496720334	1
6	70916967	70916968	104	87	2	1	1	1	NA	NA	NA	unphased	1.05929623767198	1.05929623767198	1
6	71004157	71004158	133	115	2	1	1	1	NA	NA	NA	unphased	1.07839459864966	1.07839459864966	1
6	73102458	73102459	59	34	2	1	1	1	NA	NA	NA	unphased	0.850212553138285	0.850212553138285	1
6	74528209	74528210	25	17	2	1	1	1	NA	NA	NA	unphased	0.941306755260244	0.941306755260244	1
6	89981396	89981397	14	7	2	1	1	1	NA	NA	NA	unphased	0.775193798449612	0.775193798449612	1
6	100838767	100838768	25	39	1.02	1	1	0.02	0	1	0.98	unphased	0.819963662790698	0.819963662790698	1
6	105549025	105549026	38	31	1.01	1	1	0.01	0	1	0.99	unphased	0.600043815301652	0.600043815301652	1
6	110086282	110086283	84	43	1.01	1	1	0.01	0	1	0.99	unphased	0.452204724409449	0.452204724409449	1
6	112513052	112513053	21	13	1.01	1	1	0.01	0	1	0.99	unphased	0.510663474692203	0.510663474692203	1
6	127440427	127440428	39	27	1.01	1	1	0.01	0	1	0.99	unphased	0.546374207188161	0.546374207188161	1
6	133849904	133849905	104	114	1.01	1	1	0.01	0	1	0.99	unphased	0.698423298485172	0.698423298485172	1
6	147123832	147123833	11	4	1.01	1	1	0.01	0	1	0.99	unphased	0.35615503875969	0.35615503875969	1
6	151247408	151247409	49	49	2	1	1	0.09	1	1	0.91	unphased	1.16279069767442	1.16279069767442	1
6	161134031	161134032	55	58	2	1	1	0.09	1	1	0.91	unphased	1.1936612471702	1.1936612471702	1
7	13971233	13971234	13	17	2	1	1	0.16	1	1	0.84	unphased	1.31782945736434	1.31782945736434	1
7	47859103	47859104	7	9	2	1	1	0.16	1	1	0.84	unphased	1.30813953488372	1.30813953488372	1
7	48312878	48312879	9	17	2	1	1	0.16	1	1	0.84	unphased	1.52057245080501	1.52057245080501	1
7	74152385	74152386	26	5	1.05	1	1	0.05	0	1	0.95	unphased	0.221867966991748	0.221867966991748	1
7	82387926	82387927	83	72	1.05	1	1	0.05	0	1	0.95	unphased	0.638979744936234	0.638979744936234	1
7	82579279	82579280	26	19	1.05	1	1	0.05	0	1	0.95	unphased	0.580801033591731	0.580801033591731	1
7	94058668	94058669	23	20	1.05	1	1	0.05	0	1	0.95	unphased	0.63980530016225	0.63980530016225	1
7	99445824	99445825	15	7	1.05	1	1	0.05	0	1	0.95	unphased	0.437684989429176	0.437684989429176	1
7	100675732	100675733	110	32	1.05	1	1	0.05	0	1	0.95	unphased	0.309990173599738	0.309990173599738	1
7	112462040	112462041	22	9	1.05	1	1	0.05	0	1	0.95	unphased	0.399362340585146	0.399362340585146	1
7	121653413	121653414	31	11	1.05	1	1	0.05	0	1	0.95	unphased	0.360271317829457	0.360271317829457	1
7	126410119	126410120	12	16	1.05	1	1	0.05	0	1	0.95	unphased	0.786046511627907	0.786046511627907	1
7	138189107	138189108	54	44	1.89	1	0	0.11	1	1	0.89	unphased	0.994750830564784	0.994750830564784	1
7	144015639	144015640	44	5	1.89	1	0	0.11	1	1	0.89	unphased	0.226079734219269	0.226079734219269	1
8	2944644	2944645	7	32	1	1	0	1	NA	NA	NA	unphased	1.08765652951699	1.08765652951699	1
8	24775338	24775339	4	34	1	1	0	1	NA	NA	NA	unphased	1.18604651162791	1.18604651162791	1
8	39587425	39587426	62	450	8	7	1	1	NA	NA	NA	unphased	7.31740552325581	1.0453436461794	7
8	42865484	42865485	46	5	8	7	1	1	NA	NA	NA	unphased	0.816233470132239	0.816233470132239	1
8	72754741	72754742	21	21	2	1	1	1	NA	NA	NA	unphased	1.16279069767442	1.16279069767442	1
8	77763421	77763422	10	10	2	1	1	1	NA	NA	NA	unphased	1.16279069767442	1.16279069767442	1
8	77764394	77764395	30	15	2	1	1	1	NA	NA	NA	unphased	0.775193798449612	0.775193798449612	1
8	89209481	89209482	33	13	2	1	1	1	NA	NA	NA	unphased	0.657229524772497	0.657229524772497	1
8	107752608	107752609	80	49	2	1	1	1	NA	NA	NA	unphased	0.883360374977465	0.883360374977465	1
8	121262858	121262859	59	35	2	1	1	1	NA	NA	NA	unphased	0.86590796635329	0.86590796635329	1
8	127568921	127568922	9	7	2	1	1	1	NA	NA	NA	unphased	1.01744186046512	1.01744186046512	1
8	143857446	143857447	8	5	2	1	1	1	NA	NA	NA	unphased	0.894454382826476	0.894454382826476	1
8	144621364	144621365	40	28	2	1	1	1	NA	NA	NA	unphased	0.957592339261286	0.957592339261286	1
9	21333333	21333334	36	175	1	1	0	1	NA	NA	NA	unphased	1.09941584922297	1.09941584922297	1
9	37745435	37745436	5	25	1	1	0	1	NA	NA	NA	unphased	1.1046511627907	1.1046511627907	1
9	115759673	115759674	147	7	1	1	0	1	NA	NA	NA	unphased	0.0602536997885835	0.0602536997885835	1
9	125281944	125281945	14	35	1	1	0	1	NA	NA	NA	unphased	0.946843853820598	0.946843853820598	1
9	125316137	125316138	22	107	1	1	0	1	NA	NA	NA	unphased	1.09951325040562	1.09951325040562	1
9	131749114	131749115	54	4	1	1	0	1	NA	NA	NA	unphased	0.0914194065757819	0.0914194065757819	1
9	134351523	134351524	9	18	1	1	0	1	NA	NA	NA	unphased	0.883720930232558	0.883720930232558	1
9	139413251	139413252	1	19	1	1	0	1	NA	NA	NA	unphased	1.2593023255814	1.2593023255814	1
X	14863235	14863236	104	86	NA	NA	NA	NA	NA	NA	NA	unphased	NA	NA	1
X	17819004	17819005	45	23	NA	NA	NA	NA	NA	NA	NA	unphased	NA	NA	1
X	18221853	18221854	126	22	NA	NA	NA	NA	NA	NA	NA	unphased	NA	NA	1
X	18836202	18836203	81	53	NA	NA	NA	NA	NA	NA	NA	unphased	NA	NA	1
X	29973707	29973708	12	7	NA	NA	NA	NA	NA	NA	NA	unphased	NA	NA	1
X	35821059	35821060	18	15	NA	NA	NA	NA	NA	NA	NA	unphased	NA	NA	1
X	37029628	37029629	28	19	NA	NA	NA	NA	NA	NA	NA	unphased	NA	NA	1
X	40496312	40496313	59	53	NA	NA	NA	NA	NA	NA	NA	unphased	NA	NA	1
X	48780528	48780529	42	24	NA	NA	NA	NA	NA	NA	NA	unphased	NA	NA	1
X	48972657	48972658	41	24	NA	NA	NA	NA	NA	NA	NA	unphased	NA	NA	1
X	49034396	49034397	26	14	NA	NA	NA	NA	NA	NA	NA	unphased	NA	NA	1
X	51486782	51486783	25	11	NA	NA	NA	NA	NA	NA	NA	unphased	NA	NA	1
X	53458021	53458022	11	9	NA	NA	NA	NA	NA	NA	NA	unphased	NA	NA	1
X	54949156	54949157	12	7	NA	NA	NA	NA	NA	NA	NA	unphased	NA	NA	1
X	63488737	63488738	26	21	NA	NA	NA	NA	NA	NA	NA	unphased	NA	NA	1
X	65259824	65259825	26	10	NA	NA	NA	NA	NA	NA	NA	unphased	NA	NA	1
X	65415022	65415023	26	22	NA	NA	NA	NA	NA	NA	NA	unphased	NA	NA	1
X	69622418	69622419	20	11	NA	NA	NA	NA	NA	NA	NA	unphased	NA	NA	1
X	70321151	70321152	10	16	NA	NA	NA	NA	NA	NA	NA	unphased	NA	NA	1
X	78216791	78216792	53	54	NA	NA	NA	NA	NA	NA	NA	unphased	NA	NA	1
X	78426677	78426678	18	10	NA	NA	NA	NA	NA	NA	NA	unphased	NA	NA	1
X	85213878	85213879	98	39	NA	NA	NA	NA	NA	NA	NA	unphased	NA	NA	1
X	102632352	102632353	32	29	NA	NA	NA	NA	NA	NA	NA	unphased	NA	NA	1
X	105167149	105167150	110	83	NA	NA	NA	NA	NA	NA	NA	unphased	NA	NA	1
X	109924710	109924711	77	54	NA	NA	NA	NA	NA	NA	NA	unphased	NA	NA	1
X	117570725	117570726	53	40	NA	NA	NA	NA	NA	NA	NA	unphased	NA	NA	1
X	118972012	118972013	85	65	NA	NA	NA	NA	NA	NA	NA	unphased	NA	NA	1
X	120182427	120182428	109	78	NA	NA	NA	NA	NA	NA	NA	unphased	NA	NA	1
X	125299864	125299865	11	6	NA	NA	NA	NA	NA	NA	NA	unphased	NA	NA	1
X	129148565	129148566	36	18	NA	NA	NA	NA	NA	NA	NA	unphased	NA	NA	1
X	129306209	129306210	46	21	NA	NA	NA	NA	NA	NA	NA	unphased	NA	NA	1
X	131351357	131351358	73	40	NA	NA	NA	NA	NA	NA	NA	unphased	NA	NA	1
X	134427709	134427710	58	65	NA	NA	NA	NA	NA	NA	NA	unphased	NA	NA	1
X	135067821	135067822	48	24	NA	NA	NA	NA	NA	NA	NA	unphased	NA	NA	1
X	135631063	135631064	139	6	NA	NA	NA	NA	NA	NA	NA	unphased	NA	NA	1
X	138642898	138642899	72	59	NA	NA	NA	NA	NA	NA	NA	unphased	NA	NA	1
X	138689897	138689898	52	31	NA	NA	NA	NA	NA	NA	NA	unphased	NA	NA	1
X	138880429	138880430	76	24	NA	NA	NA	NA	NA	NA	NA	unphased	NA	NA	1
X	148693002	148693003	231	132	NA	NA	NA	NA	NA	NA	NA	unphased	NA	NA	1
X	150891305	150891306	7	8	NA	NA	NA	NA	NA	NA	NA	unphased	NA	NA	1
X	152825272	152825273	24	23	NA	NA	NA	NA	NA	NA	NA	unphased	NA	NA	1
X	152958789	152958790	37	25	NA	NA	NA	NA	NA	NA	NA	unphased	NA	NA	1
X	152991455	152991456	11	15	NA	NA	NA	NA	NA	NA	NA	unphased	NA	NA	1
X	153582820	153582821	22	13	NA	NA	NA	NA	NA	NA	NA	unphased	NA	NA	1
X	153596270	153596271	39	24	NA	NA	NA	NA	NA	NA	NA	unphased	NA	NA	1
X	154157089	154157090	88	62	NA	NA	NA	NA	NA	NA	NA	unphased	NA	NA	1
