chr	start	end	WT.count	mut.count	subclonal.CN	nMaj1	nMin1	frac1	nMaj2	nMin2	frac2	phase	mutation.copy.number	subclonal.fraction	no.chrs.bearing.mut
1	10207111	10207112	110	41	4	4	0	1	NA	NA	NA	unphased	2.01073921603723	1.00536960801861	2
1	10355763	10355764	66	14	4	4	0	1	NA	NA	NA	unphased	1.29594594594595	1.29594594594595	1
1	15844849	15844850	59	16	4	4	0	1	NA	NA	NA	unphased	1.57981981981982	0.78990990990991	2
1	17023376	17023377	16	7	4	4	0	1	NA	NA	NA	unphased	2.25381903642773	1.12690951821387	2
1	19983388	19983389	17	8	4	4	0	1	NA	NA	NA	unphased	2.36972972972973	1.18486486486486	2
1	28920491	28920492	24	8	2.37	3	0	0.37	1	1	0.63	unphased	1.44385135135135	1.44385135135135	1
1	34033331	34033332	14	8	2.37	3	0	0.37	1	1	0.63	unphased	2.10014742014742	0.886138151960937	2.37
1	35652806	35652807	162	10	2.37	3	0	0.37	1	1	0.63	unphased	0.335779384035198	0.907511848743778	0.37
1	38274836	38274837	23	23	2.37	3	0	0.37	1	1	0.63	unphased	2.8877027027027	1.21843995894629	2.37
1	40701599	40701600	76	11	2.37	3	0	0.37	1	1	0.63	unphased	0.73022367194781	0.73022367194781	1
1	40758146	40758147	147	15	2.37	3	0	0.37	1	1	0.63	unphased	0.53475975975976	1.44529664799935	0.37
1	62175006	62175007	38	5	2.37	3	0	0.37	1	1	0.63	unphased	0.671558768070396	0.671558768070396	1
1	67559009	67559010	32	29	2.37	3	0	0.37	1	1	0.63	unphased	2.74568453699601	1.1585166822768	2.37
1	67724400	67724401	35	31	2.37	3	0	0.37	1	1	0.63	unphased	2.71269041769042	1.14459511294954	2.37
1	70385468	70385469	4	6	2.37	3	0	0.37	1	1	0.63	unphased	3.46524324324324	1.46212795073555	2.37
1	75102096	75102097	216	13	2.37	3	0	0.37	1	1	0.63	unphased	0.327861442228254	0.886112006022309	0.37
1	78189128	78189129	25	4	2.37	3	0	0.37	1	1	0.63	unphased	0.796607642124883	0.796607642124883	1
1	84417624	84417625	58	18	2.87	3	2	0.29	1	1	0.71	unphased	1.48628022759602	0.94068368835191	1.58
1	90178351	90178352	48	34	2.87	3	2	0.29	1	1	0.71	unphased	2.60199736321688	1.13624339005104	2.29
1	90399290	90399291	54	34	2.87	3	2	0.29	1	1	0.71	unphased	2.42458845208845	1.05877224982028	2.29
1	93812178	93812179	38	16	2.87	3	2	0.29	1	1	0.71	unphased	1.85937937937938	1.17682239201227	1.58
1	98058933	98058934	56	15	2.87	3	2	0.29	1	1	0.71	unphased	1.32578987438142	1.32578987438142	1
1	103573669	103573670	54	10	2.87	3	2	0.29	1	1	0.71	unphased	0.980532094594595	0.980532094594595	1
1	109643074	109643075	18	3	5	4	1	1	NA	NA	NA	unphased	1.2007722007722	1.2007722007722	1
1	111998815	111998816	103	5	5	4	1	1	NA	NA	NA	unphased	0.389139139139139	0.389139139139139	1
1	115256528	115256529	96	103	5	4	1	1	NA	NA	NA	unphased	4.35053646611436	1.08763411652859	4
1	119467341	119467342	143	42	5	4	1	1	NA	NA	NA	unphased	1.90825420014609	0.954127100073046	2
1	145561884	145561885	267	20	5	4	1	1	NA	NA	NA	unphased	0.585742536962049	0.585742536962049	1
1	148024889	148024890	155	44	5	4	1	1	NA	NA	NA	unphased	1.85848159717506	0.929240798587532	2
1	150199077	150199078	46	16	5	4	1	1	NA	NA	NA	unphased	2.1691368788143	1.08456843940715	2
1	152326606	152326607	161	55	5	4	1	1	NA	NA	NA	unphased	2.14026526526527	1.07013263263263	2
1	152326607	152326608	160	57	5	4	1	1	NA	NA	NA	unphased	2.20787146593598	1.10393573296799	2
1	158592845	158592846	322	120	5	4	1	1	NA	NA	NA	unphased	2.28201051730463	1.14100525865232	2
1	158595970	158595971	39	7	5	4	1	1	NA	NA	NA	unphased	1.27908343125734	1.27908343125734	1
1	158617447	158617448	78	4	5	4	1	1	NA	NA	NA	unphased	0.410019775873435	0.410019775873435	1
1	158724938	158724939	124	5	5	4	1	1	NA	NA	NA	unphased	0.325790907186256	0.325790907186256	1
1	158736120	158736121	49	6	5	4	1	1	NA	NA	NA	unphased	0.916953316953317	0.916953316953317	1
1	159799685	159799686	134	72	2.96	3	2	0.32	1	1	0.68	unphased	2.22480188926791	0.958966331580995	2.32
1	161518429	161518430	123	37	2.96	3	2	0.32	1	1	0.68	unphased	1.472	0.897560975609756	1.64
1	161600995	161600996	13	11	2.96	3	2	0.32	1	1	0.68	unphased	2.91747747747748	1.25753339546443	2.32
1	167032936	167032937	195	15	2.96	3	2	0.32	1	1	0.68	unphased	0.454671814671815	1.42084942084942	0.32
1	169586541	169586542	142	61	2.96	3	2	0.32	1	1	0.68	unphased	1.91275728930901	1.16631542031037	1.64
1	169798427	169798428	58	4	2.96	3	2	0.32	1	1	0.68	unphased	0.410671316477768	1.28334786399303	0.32
1	175372465	175372466	35	12	2.96	3	2	0.32	1	1	0.68	unphased	1.62520989074181	0.990981640696223	1.64
1	176525309	176525310	19	6	2.96	3	2	0.32	1	1	0.68	unphased	1.5276972972973	1.5276972972973	1
1	176525706	176525707	165	83	2.96	3	2	0.32	1	1	0.68	unphased	2.13035745422842	0.91825752337432	2.32
1	176564445	176564446	68	11	2.96	3	2	0.32	1	1	0.68	unphased	0.886322271638727	0.886322271638727	1
1	176915132	176915133	104	24	2.96	3	2	0.32	1	1	0.68	unphased	1.19351351351351	1.19351351351351	1
1	179820016	179820017	88	36	2.96	3	2	0.32	1	1	0.68	unphased	1.84802092414996	1.12684202692071	1.64
1	180158699	180158700	294	11	2.96	3	2	0.32	1	1	0.68	unphased	0.229571998227736	0.717412494461675	0.32
1	181763997	181763998	61	8	2.96	3	2	0.32	1	1	0.68	unphased	0.738018018018018	0.738018018018018	1
1	196227560	196227561	140	42	2.96	3	2	0.32	1	1	0.68	unphased	1.46893970893971	0.895694944475432	1.64
1	196395073	196395074	33	11	2.96	3	2	0.32	1	1	0.68	unphased	1.59135135135135	1.59135135135135	1
1	197237508	197237509	83	18	2.96	3	2	0.32	1	1	0.68	unphased	1.13442868611185	1.13442868611185	1
1	198725262	198725263	19	17	2.96	3	2	0.32	1	1	0.68	unphased	3.00588588588589	1.29564046805426	2.32
1	201081550	201081551	35	7	2.96	3	2	0.32	1	1	0.68	unphased	1.0609009009009	1.0609009009009	1
1	201860533	201860534	73	46	2.96	3	2	0.32	1	1	0.68	unphased	2.46057687940041	1.06059348250018	2.32
1	205042199	205042200	26	5	2.96	3	2	0.32	1	1	0.68	unphased	1.02667829119442	1.02667829119442	1
1	205042200	205042201	27	5	2.96	3	2	0.32	1	1	0.68	unphased	0.994594594594595	0.994594594594595	1
1	207867944	207867945	342	93	2.96	3	2	0.32	1	1	0.68	unphased	1.36087977632805	1.03096952752125	1.32
1	229772434	229772435	274	135	2.96	3	2	0.32	1	1	0.68	unphased	2.10105068393577	0.905625294799901	2.32
1	235505514	235505515	43	9	2.96	3	2	0.32	1	1	0.68	unphased	1.10170478170478	1.10170478170478	1
1	237711772	237711773	19	15	2.96	3	2	0.32	1	1	0.68	unphased	2.80826709062003	1.21045995285346	2.32
1	237875120	237875121	22	9	2.96	3	2	0.32	1	1	0.68	unphased	1.84802092414996	1.12684202692071	1.64
1	240371073	240371074	19	5	2.96	3	2	0.32	1	1	0.68	unphased	1.32612612612613	1.32612612612613	1
1	247587737	247587738	68	22	2.96	3	2	0.32	1	1	0.68	unphased	1.55598798798799	0.94877316340731	1.64
1	247614591	247614592	84	22	2.96	3	2	0.32	1	1	0.68	unphased	1.32112187659357	1.32112187659357	1
1	247614654	247614655	58	15	2.96	3	2	0.32	1	1	0.68	unphased	1.30796001480933	1.30796001480933	1
1	247875161	247875162	147	44	NA	NA	NA	NA	NA	NA	NA	unphased	NA	NA	1
1	247978433	247978434	53	9	NA	NA	NA	NA	NA	NA	NA	unphased	NA	NA	1
1	248058992	248058993	75	38	NA	NA	NA	NA	NA	NA	NA	unphased	NA	NA	1
1	248512747	248512748	82	14	NA	NA	NA	NA	NA	NA	NA	unphased	NA	NA	1
1	248636740	248636741	106	15	NA	NA	NA	NA	NA	NA	NA	unphased	NA	NA	1
10	3124617	3124618	100	14	3.6	5	1	0.52	1	0	0.48	unphased	0.860312944523471	0.860312944523471	1
10	13239665	13239666	57	8	3.6	5	1	0.52	1	0	0.48	unphased	0.862203742203742	0.862203742203742	1
10	18964191	18964192	37	6	3.6	5	1	0.52	1	0	0.48	unphased	0.977498428661219	0.977498428661219	1
10	25886838	25886839	119	16	5	4	1	1	NA	NA	NA	unphased	0.996196196196196	0.996196196196196	1
10	37486389	37486390	65	4	5	4	1	1	NA	NA	NA	unphased	0.487269878574226	0.487269878574226	1
10	38305839	38305840	44	13	5	4	1	1	NA	NA	NA	unphased	1.91702228544334	0.958511142721669	2
10	43292408	43292409	38	19	5	4	1	1	NA	NA	NA	unphased	2.8018018018018	0.933933933933934	3
10	48429173	48429174	15	4	1.63	3	1	0.21	1	0	0.79	unphased	1.0600853485064	1.0600853485064	1
10	69299426	69299427	33	16	1.63	3	1	0.21	1	0	0.79	unphased	1.6442140099283	1.15789719009035	1.42
10	99504557	99504558	52	4	1.63	3	1	0.21	1	0	0.79	unphased	0.359671814671815	0.359671814671815	1
10	105331368	105331369	36	4	1.63	3	1	0.21	1	0	0.79	unphased	0.503540540540541	0.503540540540541	1
10	108337085	108337086	81	18	1.63	3	1	0.21	1	0	0.79	unphased	0.915528255528256	0.915528255528256	1
10	108466381	108466382	58	7	1.63	3	1	0.21	1	0	0.79	unphased	0.542274428274428	0.542274428274428	1
10	108489871	108489872	39	20	1.63	3	1	0.21	1	0	0.79	unphased	1.7069170865781	1.20205428632261	1.42
10	111633123	111633124	155	13	1.63	3	1	0.21	1	0	0.79	unphased	0.389644465894466	0.389644465894466	1
10	123279673	123279674	22	5	1.63	3	1	0.21	1	0	0.79	unphased	0.932482482482482	0.932482482482482	1
10	129172390	129172391	25	6	1.63	3	1	0.21	1	0	0.79	unphased	0.974594594594595	0.974594594594595	1
11	5079999	5080000	29	12	2	2	0	1	NA	NA	NA	unphased	1.5820698747528	1.5820698747528	1
11	5275538	5275539	56	22	2	2	0	1	NA	NA	NA	unphased	1.52460152460152	0.762300762300762	2
11	18113860	18113861	34	12	2	2	0	1	NA	NA	NA	unphased	1.41010575793184	1.41010575793184	1
11	20949925	20949926	50	22	2	2	0	1	NA	NA	NA	unphased	1.65165165165165	0.825825825825826	2
11	55136011	55136012	36	15	2	2	0	1	NA	NA	NA	unphased	1.58982511923688	0.794912559618442	2
11	55927529	55927530	52	9	2	2	0	1	NA	NA	NA	unphased	0.797518830305716	0.797518830305716	1
11	56114131	56114132	53	12	2	2	0	1	NA	NA	NA	unphased	0.997920997920998	0.997920997920998	1
11	57070016	57070017	23	7	2	2	0	1	NA	NA	NA	unphased	1.26126126126126	1.26126126126126	1
11	57970676	57970677	123	27	2	2	0	1	NA	NA	NA	unphased	0.972972972972973	0.972972972972973	1
11	58949515	58949516	45	7	2	2	0	1	NA	NA	NA	unphased	0.727650727650728	0.727650727650728	1
11	58978320	58978321	58	25	2	2	0	1	NA	NA	NA	unphased	1.62813415825464	0.81406707912732	2
11	58980168	58980169	157	27	2	2	0	1	NA	NA	NA	unphased	0.793184488836663	0.793184488836663	1
11	60785468	60785469	72	15	2	2	0	1	NA	NA	NA	unphased	0.931966449207829	0.931966449207829	1
11	61511174	61511175	46	14	2	2	0	1	NA	NA	NA	unphased	1.26126126126126	1.26126126126126	1
11	64536577	64536578	126	29	2	2	0	1	NA	NA	NA	unphased	1.01133391455972	1.01133391455972	1
11	64899784	64899785	60	21	2	2	0	1	NA	NA	NA	unphased	1.4014014014014	1.4014014014014	1
11	65268495	65268496	85	6	2	2	0	1	NA	NA	NA	unphased	0.356400356400356	0.356400356400356	1
11	66102524	66102525	45	7	2	2	0	1	NA	NA	NA	unphased	0.727650727650728	0.727650727650728	1
11	66461657	66461658	59	13	2	2	0	1	NA	NA	NA	unphased	0.975975975975976	0.975975975975976	1
11	68777375	68777376	86	8	3.8	6	1	0.36	1	1	0.64	unphased	0.613225991949396	0.613225991949396	1
11	68777420	68777421	41	15	3.8	6	1	0.36	1	1	0.64	unphased	1.9300193050193	0.927893896643897	2.08
11	76750736	76750737	17	6	1.19	1	1	0.19	1	0	0.81	unphased	1.19880141010576	1.19880141010576	1
11	92495237	92495238	157	23	1.42	6	1	0.07	0	1	0.93	unphased	0.61657957957958	0.61657957957958	1
11	94554900	94554901	131	24	8	7	1	1	0	1	0	unphased	1.76599825632084	0.882999128160418	2
11	102562550	102562551	40	20	2.42	2	2	0.21	1	1	0.79	unphased	1.9418018018018	1.60479487752215	1.21
11	104897649	104897650	30	12	2	1	1	1	NA	NA	NA	unphased	1.54440154440154	1.54440154440154	1
11	105881244	105881245	52	66	5.32	6	1	0.72	0	1	0.28	unphased	4.88031149793862	1.0000638315448	4.88
11	114441810	114441811	63	20	2	1	1	1	NA	NA	NA	unphased	1.30250732660371	1.30250732660371	1
11	117985986	117985987	78	9	8	7	1	1	0	1	0	unphased	1.17986952469711	1.17986952469711	1
11	118463521	118463522	190	331	8	7	1	1	0	1	0	unphased	7.24604450900036	1.03514921557148	7
11	119029412	119029413	66	120	8	7	1	1	0	1	0	unphased	7.35832606800349	1.05118943828621	7
11	120175759	120175760	93	50	4.4	4	1	0.8	1	1	0.2	unphased	2.72916272916273	0.974700974700974	2.8
11	123893725	123893726	122	20	2	1	1	0.31	1	1	0.69	unphased	0.761324704986677	0.761324704986677	1
11	124310800	124310801	52	14	2	1	1	0.17	1	1	0.83	unphased	1.14660114660115	1.14660114660115	1
11	124742359	124742360	64	6	2	1	1	0.17	1	1	0.83	unphased	0.463320463320463	0.558217425687305	0.83
12	2778096	2778097	105	16	4.08	4	1	0.77	1	0	0.23	unphased	0.989805673442037	0.989805673442037	1
12	6948209	6948210	28	20	4.08	4	1	0.77	1	0	0.23	unphased	3.11891891891892	0.942271576712664	3.31
12	7050623	7050624	36	36	4.08	4	1	0.77	1	0	0.23	unphased	3.7427027027027	0.992759337586924	3.77
12	9225369	9225370	113	6	4.08	4	1	0.77	1	0	0.23	unphased	0.377415398591869	0.490149868301129	0.77
12	19615514	19615515	17	18	4.08	4	1	0.77	1	0	0.23	unphased	3.84963706563707	1.02112389008941	3.77
12	22354361	22354362	29	5	4.08	4	1	0.77	1	0	0.23	unphased	1.10079491255962	1.10079491255962	1
12	29474838	29474839	59	13	4.08	4	1	0.77	1	0	0.23	unphased	1.35153153153153	1.35153153153153	1
12	30784830	30784831	62	7	4.08	4	1	0.77	1	0	0.23	unphased	0.759388954171563	0.759388954171563	1
12	31135487	31135488	48	4	4.08	4	1	0.77	1	0	0.23	unphased	0.575800415800416	0.575800415800416	1
12	33559995	33559996	41	6	3	2	1	1	NA	NA	NA	unphased	0.817711328349626	0.817711328349626	1
12	44926384	44926385	42	9	3	2	1	1	NA	NA	NA	unphased	1.13036565977742	1.13036565977742	1
12	48482981	48482982	89	9	3	2	1	1	NA	NA	NA	unphased	0.588251516822945	0.588251516822945	1
12	49742617	49742618	85	9	3	2	1	1	NA	NA	NA	unphased	0.61328349626222	0.61328349626222	1
12	49937198	49937199	28	14	3	2	1	1	NA	NA	NA	unphased	2.13513513513514	1.06756756756757	2
12	50282943	50282944	11	3	3	2	1	1	NA	NA	NA	unphased	1.37258687258687	1.37258687258687	1
12	52282383	52282384	74	6	3	2	1	1	NA	NA	NA	unphased	0.480405405405405	0.480405405405405	1
12	54379622	54379623	23	11	3	2	1	1	NA	NA	NA	unphased	2.07233704292528	1.03616852146264	2
12	56078797	56078798	15	4	3	2	1	1	NA	NA	NA	unphased	1.34850640113798	1.34850640113798	1
12	56495851	56495852	146	24	3	2	1	1	NA	NA	NA	unphased	0.90429252782194	0.90429252782194	1
12	56848061	56848062	65	8	3	2	1	1	NA	NA	NA	unphased	0.701962236208811	0.701962236208811	1
12	57396913	57396914	68	12	3	2	1	1	NA	NA	NA	unphased	0.960810810810811	0.960810810810811	1
12	75601597	75601598	12	3	3	2	1	1	NA	NA	NA	unphased	1.28108108108108	1.28108108108108	1
12	78334185	78334186	42	31	3	2	1	1	NA	NA	NA	unphased	2.72010366530914	1.36005183265457	2
12	96692733	96692734	58	17	3	2	1	1	NA	NA	NA	unphased	1.45189189189189	1.45189189189189	1
12	100564721	100564722	87	19	3	2	1	1	NA	NA	NA	unphased	1.14813870474248	1.14813870474248	1
12	101577996	101577997	35	6	3	2	1	1	NA	NA	NA	unphased	0.937376400791035	0.937376400791035	1
12	112326314	112326315	94	10	3	2	1	1	NA	NA	NA	unphased	0.615904365904366	0.615904365904366	1
12	112708215	112708216	249	25	3	2	1	1	NA	NA	NA	unphased	0.584434799763267	0.584434799763267	1
12	114260998	114260999	15	4	4.28	3	2	0.82	1	0	0.18	unphased	1.61798008534851	1.61798008534851	1
12	117768466	117768467	77	39	4.28	3	2	0.82	1	0	0.18	unphased	2.5838863000932	0.978744810641362	2.64
12	120741851	120741852	69	4	4.28	3	2	0.82	1	0	0.18	unphased	0.421118104405776	0.513558663909482	0.82
13	33628268	33628269	156	29	2	1	1	1	NA	NA	NA	unphased	0.847333820306793	0.847333820306793	1
13	47409208	47409209	48	13	2	1	1	1	NA	NA	NA	unphased	1.15197164377492	1.15197164377492	1
13	47466625	47466626	190	54	2	1	1	1	NA	NA	NA	unphased	1.19627824545857	1.19627824545857	1
13	77569227	77569228	83	6	2	1	1	1	NA	NA	NA	unphased	0.364409353173398	0.364409353173398	1
13	77569332	77569333	119	6	2	1	1	1	NA	NA	NA	unphased	0.259459459459459	0.259459459459459	1
13	84453479	84453480	8	3	2	1	1	1	NA	NA	NA	unphased	1.47420147420147	1.47420147420147	1
13	95092210	95092211	38	7	2	1	1	1	NA	NA	NA	unphased	0.840840840840841	0.840840840840841	1
13	101833672	101833673	29	9	2	1	1	1	NA	NA	NA	unphased	1.28022759601707	1.28022759601707	1
13	102051498	102051499	13	6	2	1	1	1	NA	NA	NA	unphased	1.70697012802276	1.70697012802276	1
13	114773055	114773056	44	9	2	1	1	1	NA	NA	NA	unphased	0.917899031106578	0.917899031106578	1
14	20216190	20216191	31	13	NA	NA	NA	NA	NA	NA	NA	unphased	NA	NA	1
14	21990401	21990402	5	4	3	3	0	1	NA	NA	NA	unphased	2.84684684684685	0.948948948948949	3
14	24727493	24727494	32	3	3	3	0	1	NA	NA	NA	unphased	0.549034749034749	0.549034749034749	1
14	24884815	24884816	126	11	3	3	0	1	NA	NA	NA	unphased	0.514302623791675	0.514302623791675	1
14	30135336	30135337	97	15	3	3	0	1	NA	NA	NA	unphased	0.857866795366795	0.857866795366795	1
14	31774346	31774347	46	16	3	3	0	1	NA	NA	NA	unphased	1.65300784655623	0.826503923278117	2
14	39543703	39543704	64	74	6	6	0	1	NA	NA	NA	unphased	5.04347826086957	1.00869565217391	5
14	65008743	65008744	46	11	2	2	0	1	NA	NA	NA	unphased	1.04314841156946	1.04314841156946	1
14	73440836	73440837	65	9	2	2	0	1	NA	NA	NA	unphased	0.657414170927685	0.657414170927685	1
14	74125617	74125618	231	63	2	2	0	1	NA	NA	NA	unphased	1.15830115830116	1.15830115830116	1
14	89647102	89647103	13	10	2	2	0	1	NA	NA	NA	unphased	2.35017626321974	1.17508813160987	2
14	93709127	93709128	46	30	2	2	0	1	NA	NA	NA	unphased	2.13371266002845	1.06685633001422	2
14	106174435	106174436	7	3	NA	NA	NA	NA	NA	NA	NA	unphased	NA	NA	1
14	107170325	107170326	91	18	NA	NA	NA	NA	NA	NA	NA	unphased	NA	NA	1
15	26866614	26866615	58	18	2	1	1	1	NA	NA	NA	unphased	1.28022759601707	1.28022759601707	1
15	27182438	27182439	22	3	2	1	1	1	NA	NA	NA	unphased	0.648648648648649	0.648648648648649	1
15	28474638	28474639	89	14	2	1	1	1	NA	NA	NA	unphased	0.734715297822094	0.734715297822094	1
15	37184256	37184257	22	6	2	1	1	0.25	1	1	0.75	unphased	1.15830115830116	1.15830115830116	1
15	48551397	48551398	82	8	2	1	1	0.25	1	1	0.75	unphased	0.480480480480481	0.640640640640641	0.75
15	48551398	48551399	84	8	2	1	1	0.25	1	1	0.75	unphased	0.470035252643948	0.626713670191931	0.75
15	49036529	49036530	33	6	2	1	1	0.25	1	1	0.75	unphased	0.831600831600832	0.831600831600832	1
15	58253450	58253451	34	3	1.56	2	1	0.28	1	0	0.72	unphased	0.402600438276114	0.402600438276114	1
15	73541486	73541487	52	8	1.56	2	1	0.28	1	0	0.72	unphased	0.662054054054054	0.662054054054054	1
15	75595020	75595021	10	3	1.56	2	1	0.28	1	0	0.72	unphased	1.14586278586279	1.14586278586279	1
15	76496576	76496577	106	19	1.56	2	1	0.28	1	0	0.72	unphased	0.754741621621622	0.754741621621622	1
15	78390401	78390402	18	3	1.56	2	1	0.28	1	0	0.72	unphased	0.709343629343629	0.709343629343629	1
15	78390402	78390403	18	3	1.56	2	1	0.28	1	0	0.72	unphased	0.709343629343629	0.709343629343629	1
15	83926468	83926469	216	36	1.56	2	1	0.28	1	0	0.72	unphased	0.709343629343629	0.709343629343629	1
15	84611460	84611461	43	17	1.56	2	1	0.28	1	0	0.72	unphased	1.40686486486486	1.40686486486486	1
15	88678344	88678345	99	18	1.56	2	1	0.28	1	0	0.72	unphased	0.763908523908524	0.763908523908524	1
15	88678353	88678354	102	19	1.56	2	1	0.28	1	0	0.72	unphased	0.779691757873576	0.779691757873576	1
15	90447053	90447054	84	12	1.56	2	1	0.28	1	0	0.72	unphased	0.620675675675676	0.620675675675676	1
16	929611	929612	19	4	3.34	2	2	0.67	1	1	0.33	unphased	1.17311398354877	1.17311398354877	1
16	1292329	1292330	13	6	3.34	2	2	0.67	1	1	0.33	unphased	2.1301280227596	1.2755257621315	1.67
16	14028124	14028125	131	43	3.34	2	2	0.67	1	1	0.33	unphased	1.66696800248524	0.998184432625895	1.67
16	19883227	19883228	42	35	3.34	2	2	0.67	1	1	0.33	unphased	3.06609336609337	1.83598405155291	1.67
16	21737884	21737885	131	24	3.34	2	2	0.67	1	1	0.33	unphased	1.04444986922406	1.04444986922406	1
16	24366153	24366154	60	12	3.34	2	2	0.67	1	1	0.33	unphased	1.12423423423423	1.12423423423423	1
16	27802774	27802775	27	11	3.34	2	2	0.67	1	1	0.33	unphased	1.9526173541963	1.16923194862054	1.67
16	28856034	28856035	63	4	3.34	2	2	0.67	1	1	0.33	unphased	0.402710770471965	0.601060851450693	0.67
16	30199765	30199766	81	12	3.34	2	2	0.67	1	1	0.33	unphased	0.870374891020052	0.870374891020052	1
16	49670062	49670063	25	3	3.34	2	2	0.67	1	1	0.33	unphased	0.722722007722008	0.722722007722008	1
16	53686884	53686885	67	5	3.34	2	2	0.67	1	1	0.33	unphased	0.468430930930931	0.699150643180494	0.67
16	54966342	54966343	10	7	3.34	2	2	0.67	1	1	0.33	unphased	2.77751987281399	1.66318555258323	1.67
16	58437221	58437222	22	5	3.34	2	2	0.67	1	1	0.33	unphased	1.24914914914915	1.24914914914915	1
16	68104915	68104916	72	18	3.34	2	2	0.67	1	1	0.33	unphased	1.34908108108108	1.34908108108108	1
16	70975569	70975570	152	21	3.34	2	2	0.67	1	1	0.33	unphased	0.818806436494298	0.818806436494298	1
16	71007877	71007878	84	12	3.34	2	2	0.67	1	1	0.33	unphased	0.843175675675676	0.843175675675676	1
16	77389878	77389879	42	11	3.34	2	2	0.67	1	1	0.33	unphased	1.39998980112188	1.39998980112188	1
16	83813619	83813620	34	10	3.34	2	2	0.67	1	1	0.33	unphased	1.53304668304668	1.53304668304668	1
16	84215064	84215065	28	10	3.34	2	2	0.67	1	1	0.33	unphased	1.775106685633	1.06293813510958	1.67
16	84914127	84914128	166	41	3.34	2	2	0.67	1	1	0.33	unphased	1.33604648126387	0.800027833092139	1.67
16	86601061	86601062	17	10	3.34	2	2	0.67	1	1	0.33	unphased	2.4982982982983	1.49598700496904	1.67
17	1518295	1518296	16	4	2	2	0	1	NA	NA	NA	unphased	1.08108108108108	1.08108108108108	1
17	7578454	7578455	31	28	2	2	0	1	NA	NA	NA	unphased	2.56527714154833	1.28263857077416	2
17	11584037	11584038	17	3	2	2	0	1	NA	NA	NA	unphased	0.810810810810811	0.810810810810811	1
17	16875340	16875341	30	25	2	2	0	1	NA	NA	NA	unphased	2.45700245700246	1.22850122850123	2
17	21730960	21730961	31	3	NA	NA	NA	NA	NA	NA	NA	unphased	NA	NA	1
17	26109072	26109073	18	5	3	2	1	1	NA	NA	NA	unphased	1.3924794359577	1.3924794359577	1
17	36707474	36707475	28	3	4	2	2	1	NA	NA	NA	unphased	0.716652136006975	0.716652136006975	1
17	37566044	37566045	138	16	4	2	2	1	NA	NA	NA	unphased	0.769392769392769	0.769392769392769	1
17	39553532	39553533	71	13	2.78	2	2	0.39	1	1	0.61	unphased	0.957265122265122	0.957265122265122	1
17	43323888	43323889	48	4	2.78	2	2	0.39	1	1	0.61	unphased	0.475800415800416	0.475800415800416	1
17	45748180	45748181	137	14	2.78	2	2	0.39	1	1	0.61	unphased	0.573481295865402	0.573481295865402	1
17	48166489	48166490	480	91	2.78	2	2	0.39	1	1	0.61	unphased	0.985765134661807	0.985765134661807	1
17	56355386	56355387	83	11	2.78	2	2	0.39	1	1	0.61	unphased	0.72382403680276	0.72382403680276	1
17	57289748	57289749	108	36	2.78	2	2	0.39	1	1	0.61	unphased	1.54635135135135	1.11248298658371	1.39
17	61890702	61890703	107	7	2.78	2	2	0.39	1	1	0.61	unphased	0.379805595068753	0.97386050017629	0.39
17	62049724	62049725	33	9	2.78	2	2	0.39	1	1	0.61	unphased	1.32544401544402	1.32544401544402	1
17	72537712	72537713	143	17	2.78	2	2	0.39	1	1	0.61	unphased	0.657199324324324	0.657199324324324	1
17	74729666	74729667	180	53	2.78	2	2	0.39	1	1	0.61	unphased	1.40698062869737	1.01221627963839	1.39
17	76794539	76794540	98	25	2.78	2	2	0.39	1	1	0.61	unphased	1.25719622061085	1.25719622061085	1
17	77079623	77079624	61	9	2.78	2	2	0.39	1	1	0.61	unphased	0.795266409266409	0.795266409266409	1
18	5290936	5290937	66	31	2	2	0	1	NA	NA	NA	unphased	1.72750069657286	0.863750348286431	2
18	13825818	13825819	41	28	2	2	0	1	NA	NA	NA	unphased	2.19349784567176	1.09674892283588	2
18	14542896	14542897	115	44	2	2	0	1	NA	NA	NA	unphased	1.49583545809961	0.747917729049804	2
18	30093390	30093391	46	23	2	2	0	1	NA	NA	NA	unphased	1.8018018018018	0.900900900900901	2
18	34298530	34298531	79	20	2	2	0	1	NA	NA	NA	unphased	1.09200109200109	1.09200109200109	1
18	46385871	46385872	62	16	2	2	0	1	NA	NA	NA	unphased	1.10880110880111	1.10880110880111	1
18	47329192	47329193	57	13	2	2	0	1	NA	NA	NA	unphased	1.003861003861	1.003861003861	1
18	66504244	66504245	92	32	2	2	0	1	NA	NA	NA	unphased	1.3949433304272	0.697471665213601	2
19	1785467	1785468	24	4	3	2	1	1	NA	NA	NA	unphased	0.915057915057915	0.915057915057915	1
19	2109913	2109914	57	5	3	2	1	1	NA	NA	NA	unphased	0.516564952048823	0.516564952048823	1
19	4157096	4157097	59	8	3	2	1	1	NA	NA	NA	unphased	0.764824526018556	0.764824526018556	1
19	4325418	4325419	104	19	3	2	1	1	NA	NA	NA	unphased	0.989452867501648	0.989452867501648	1
19	6921731	6921732	22	4	3	2	1	1	NA	NA	NA	unphased	0.985446985446986	0.985446985446986	1
19	7809058	7809059	78	15	3	2	1	1	NA	NA	NA	unphased	1.03312990409765	1.03312990409765	1
19	8527444	8527445	182	65	3	2	1	1	NA	NA	NA	unphased	1.68563300142248	0.842816500711238	2
19	9038376	9038377	93	21	3	2	1	1	NA	NA	NA	unphased	1.17994310099573	1.17994310099573	1
19	9324916	9324917	86	34	3	2	1	1	NA	NA	NA	unphased	1.81486486486486	0.907432432432432	2
19	9677031	9677032	79	10	3	2	1	1	NA	NA	NA	unphased	0.719708472517461	0.719708472517461	1
19	12691646	12691647	122	18	3	2	1	1	NA	NA	NA	unphased	0.823552123552123	0.823552123552123	1
19	15052429	15052430	46	23	3	2	1	1	NA	NA	NA	unphased	2.13513513513514	1.06756756756757	2
19	15083519	15083520	25	5	3	2	1	1	NA	NA	NA	unphased	1.06756756756757	1.06756756756757	1
19	19749276	19749277	27	6	3	2	1	1	NA	NA	NA	unphased	1.16461916461916	1.16461916461916	1
19	30106348	30106349	18	13	6	4	2	1	NA	NA	NA	unphased	3.94420226678291	0.986050566695728	4
19	37382995	37382996	77	4	3.73	6	2	0.39	1	0	0.61	unphased	0.352365699032366	0.903501792390681	0.39
19	38960039	38960040	236	36	3.73	6	2	0.39	1	0	0.61	unphased	0.944391891891892	0.944391891891892	1
19	39591612	39591613	107	56	3.73	6	2	0.39	1	0	0.61	unphased	2.45142762394296	1.02570193470417	2.39
19	40412001	40412002	72	38	3.73	6	2	0.39	1	0	0.61	unphased	2.46495823095823	1.03136327655156	2.39
19	41113370	41113371	31	28	3.73	6	2	0.39	1	0	0.61	unphased	3.38629409070087	0.998906811416186	3.39
19	43411744	43411745	91	30	3.73	6	2	0.39	1	0	0.61	unphased	1.76910877819969	0.99388133606724	1.78
19	43430606	43430607	230	21	3.73	6	2	0.39	1	0	0.61	unphased	0.596986109615592	0.596986109615592	1
19	44933334	44933335	268	15	8	7	1	1	0	1	0	unphased	0.604526788272371	0.604526788272371	1
19	45976289	45976290	63	14	2.66	2	1	0.83	1	0	0.17	unphased	1.10280098280098	1.10280098280098	1
19	50661572	50661573	75	16	2.66	2	1	0.83	1	0	0.17	unphased	1.06644490644491	1.06644490644491	1
19	50804967	50804968	58	11	2.66	2	1	0.83	1	0	0.17	unphased	0.966948687818253	0.966948687818253	1
19	54544206	54544207	52	11	2.66	2	1	0.83	1	0	0.17	unphased	1.05903903903904	1.05903903903904	1
19	55447800	55447801	24	11	2.66	2	1	0.83	1	0	0.17	unphased	1.90627027027027	1.04167774331709	1.83
19	57327450	57327451	220	71	2.66	2	1	0.83	1	0	0.17	unphased	1.47987554564874	0.808675161556689	1.83
19	57867647	57867648	38	8	2.66	2	1	0.83	1	0	0.17	unphased	1.05485311398355	1.05485311398355	1
19	57888788	57888789	37	17	2.66	2	1	0.83	1	0	0.17	unphased	1.90947947947948	1.04343140955163	1.83
19	58089424	58089425	46	12	2.66	2	1	0.83	1	0	0.17	unphased	1.25491146318733	1.25491146318733	1
19	58145267	58145268	28	15	2.66	2	1	0.83	1	0	0.17	unphased	2.11583909490886	1.15619622672615	1.83
19	59027777	59027778	31	8	NA	NA	NA	NA	NA	NA	NA	unphased	NA	NA	1
19	59059177	59059178	54	12	NA	NA	NA	NA	NA	NA	NA	unphased	NA	NA	1
19	59067458	59067459	23	4	NA	NA	NA	NA	NA	NA	NA	unphased	NA	NA	1
2	7164597	7164598	85	9	1.88	3	2	0.22	1	0	0.78	unphased	0.506049453709028	0.506049453709028	1
2	10282452	10282453	270	34	1.88	3	2	0.22	1	0	0.78	unphased	0.591130867709815	0.591130867709815	1
2	12858617	12858618	83	15	1.88	3	2	0.22	1	0	0.78	unphased	0.808990623276338	0.808990623276338	1
2	21228932	21228933	48	17	1.88	3	2	0.22	1	0	0.78	unphased	1.3823367983368	1.3823367983368	1
2	24929491	24929492	51	8	1.88	3	2	0.22	1	0	0.78	unphased	0.716665139715987	0.716665139715987	1
2	27016121	27016122	205	94	1.88	3	2	0.22	1	0	0.78	unphased	1.66163246858899	1.15391143652013	1.44
2	27375714	27375715	86	44	1.88	3	2	0.22	1	0	0.78	unphased	1.78890644490644	0.805813713921822	2.22
2	27730147	27730148	386	39	1.88	3	2	0.22	1	0	0.78	unphased	0.485013672496025	0.485013672496025	1
2	32689616	32689617	8	6	1.88	3	2	0.22	1	0	0.78	unphased	2.26517374517374	1.02034853386205	2.22
2	32726950	32726951	76	32	1.88	3	2	0.22	1	0	0.78	unphased	1.56604604604605	1.08753197642087	1.44
2	32768470	32768471	336	28	1.88	3	2	0.22	1	0	0.78	unphased	0.406569646569647	0.406569646569647	1
2	32768554	32768555	83	41	1.88	3	2	0.22	1	0	0.78	unphased	1.74759372275501	0.787204379619375	2.22
2	33505173	33505174	48	26	1.88	3	2	0.22	1	0	0.78	unphased	1.85703433162893	0.836501951184201	2.22
2	33774800	33774801	39	30	1.88	3	2	0.22	1	0	0.78	unphased	2.29800235017626	1.03513619377309	2.22
2	37289110	37289111	92	7	1.88	3	2	0.22	1	0	0.78	unphased	0.373715533715534	0.373715533715534	1
2	39982475	39982476	33	10	1.88	3	2	0.22	1	0	0.78	unphased	1.2291640477687	1.2291640477687	1
2	40342675	40342676	49	11	1.88	3	2	0.22	1	0	0.78	unphased	0.968990990990991	0.968990990990991	1
2	50280415	50280416	94	7	1.88	3	2	0.22	1	0	0.78	unphased	0.366315226117206	0.366315226117206	1
2	50280419	50280420	93	7	1.88	3	2	0.22	1	0	0.78	unphased	0.369978378378378	0.369978378378378	1
2	50850507	50850508	56	8	1.88	3	2	0.22	1	0	0.78	unphased	0.660675675675676	0.660675675675676	1
2	71743360	71743361	46	10	1.48	3	2	0.12	1	0	0.88	unphased	0.872393822393822	0.872393822393822	1
2	72359732	72359733	9	5	1.48	3	2	0.12	1	0	0.88	unphased	1.74478764478764	1.74478764478764	1
2	73868331	73868332	88	4	1.48	3	2	0.12	1	0	0.88	unphased	0.2124089306698	1.77007442224834	0.12
2	79255037	79255038	123	12	1.48	3	2	0.12	1	0	0.88	unphased	0.434258258258258	0.434258258258258	1
2	86832182	86832183	24	13	1.48	3	2	0.12	1	0	0.88	unphased	1.71649379108839	0.809666882588861	2.12
2	89265777	89265778	149	19	1.48	3	2	0.12	1	0	0.88	unphased	0.552516087516087	0.552516087516087	1
2	89266062	89266063	251	76	1.48	3	2	0.12	1	0	0.88	unphased	1.13544590462022	1.13544590462022	1
2	89416834	89416835	159	13	1.48	3	2	0.12	1	0	0.88	unphased	0.369245757385292	0.369245757385292	1
2	89544278	89544279	169	16	1.48	3	2	0.12	1	0	0.88	unphased	0.422521548575603	0.422521548575603	1
2	95514946	95514947	154	21	1.48	3	2	0.12	1	0	0.88	unphased	0.586248648648649	0.586248648648649	1
2	95815660	95815661	206	29	1.48	3	2	0.12	1	0	0.88	unphased	0.602879815986199	0.602879815986199	1
2	96781456	96781457	32	16	1.48	3	2	0.12	1	0	0.88	unphased	1.62846846846847	0.768145503994561	2.12
2	96798291	96798292	47	24	1.48	3	2	0.12	1	0	0.88	unphased	1.6514046440807	0.778964454755047	2.12
2	98354098	98354099	44	5	1.48	3	2	0.12	1	0	0.88	unphased	0.498510755653613	0.498510755653613	1
2	100038093	100038094	76	7	1.48	3	2	0.12	1	0	0.88	unphased	0.412022142624552	0.412022142624552	1
2	103068612	103068613	147	23	1.48	3	2	0.12	1	0	0.88	unphased	0.660966613672496	0.660966613672496	1
2	103300682	103300683	171	27	1.48	3	2	0.12	1	0	0.88	unphased	0.666191646191646	0.666191646191646	1
2	108626707	108626708	57	9	1.48	3	2	0.12	1	0	0.88	unphased	0.666191646191646	0.666191646191646	1
2	119750828	119750829	178	33	3.02	3	1	0.51	1	1	0.49	unphased	1.00492122454208	1.00492122454208	1
2	119752154	119752155	34	9	3.02	3	1	0.51	1	1	0.49	unphased	1.34485229415462	1.34485229415462	1
2	125367442	125367443	62	11	3.02	3	1	0.51	1	1	0.49	unphased	0.968211773417253	0.968211773417253	1
2	125671822	125671823	46	7	3.02	3	1	0.51	1	1	0.49	unphased	0.848638449770525	0.848638449770525	1
2	128324253	128324254	9	3	3.02	3	1	0.51	1	1	0.49	unphased	1.60635135135135	1.60635135135135	1
2	131356292	131356293	63	18	3.02	3	1	0.51	1	1	0.49	unphased	1.42786786786787	1.42786786786787	1
2	131704277	131704278	30	11	3.02	3	1	0.51	1	1	0.49	unphased	1.72388925510877	1.14164851331706	1.51
2	136570110	136570111	73	10	3.02	3	1	0.51	1	1	0.49	unphased	0.774145229566916	0.774145229566916	1
2	137872774	137872775	36	5	3.02	3	1	0.51	1	1	0.49	unphased	0.78358602504944	0.78358602504944	1
2	141607773	141607774	113	7	3.02	3	1	0.51	1	1	0.49	unphased	0.374815315315315	0.734931990814344	0.51
2	141641557	141641558	73	9	3.02	3	1	0.51	1	1	0.49	unphased	0.705227422544496	0.705227422544496	1
2	143799618	143799619	45	6	3.02	3	1	0.51	1	1	0.49	unphased	0.755930047694753	0.755930047694753	1
2	148602689	148602690	50	16	3.02	3	1	0.51	1	1	0.49	unphased	1.55767403767404	1.03157221038016	1.51
2	152318784	152318785	44	6	2.29	2	2	0.43	1	0	0.57	unphased	0.683448648648649	0.683448648648649	1
2	166170432	166170433	44	14	2.29	2	2	0.43	1	0	0.57	unphased	1.37475302889096	1.37475302889096	1
2	166847945	166847946	48	26	2.29	2	2	0.43	1	0	0.57	unphased	2.00108838568298	1.39936250747062	1.43
2	166848160	166848161	59	5	2.29	2	2	0.43	1	0	0.57	unphased	0.444953547297297	1.03477569138906	0.43
2	166894431	166894432	134	23	2.29	2	2	0.43	1	0	0.57	unphased	0.834358753658117	0.834358753658117	1
2	168104361	168104362	31	5	2.29	2	2	0.43	1	0	0.57	unphased	0.791028528528529	0.791028528528529	1
2	169985300	169985301	73	21	2.29	2	2	0.43	1	0	0.57	unphased	1.27237780333525	1.27237780333525	1
2	173451115	173451116	45	4	2.29	2	2	0.43	1	0	0.57	unphased	0.464931053502482	0.464931053502482	1
2	177033941	177033942	103	8	2.29	2	2	0.43	1	0	0.57	unphased	0.410479668858047	0.954603881065226	0.43
2	179434298	179434299	30	5	2.29	2	2	0.43	1	0	0.57	unphased	0.813629343629344	0.813629343629344	1
2	179434299	179434300	30	5	2.29	2	2	0.43	1	0	0.57	unphased	0.813629343629344	0.813629343629344	1
2	179530102	179530103	67	13	2.29	2	2	0.43	1	0	0.57	unphased	0.925503378378378	0.925503378378378	1
2	179593800	179593801	17	6	2.29	2	2	0.43	1	0	0.57	unphased	1.48575793184489	1.48575793184489	1
2	183605028	183605029	19	3	2.29	2	2	0.43	1	0	0.57	unphased	0.776646191646192	0.776646191646192	1
2	183699581	183699582	23	10	2.29	2	2	0.43	1	0	0.57	unphased	1.72588042588043	1.20690938872757	1.43
2	197873683	197873684	137	45	2.29	2	2	0.43	1	0	0.57	unphased	1.40820463320463	0.984758484758485	1.43
2	233345168	233345169	47	10	2.29	2	2	0.43	1	0	0.57	unphased	0.999193930772878	0.999193930772878	1
2	233396060	233396061	66	4	2.29	2	2	0.43	1	0	0.57	unphased	0.325451737451737	0.756864505701715	0.43
2	238274646	238274647	94	24	2.29	2	2	0.43	1	0	0.57	unphased	1.15838754008246	1.15838754008246	1
2	241808614	241808615	87	23	2.29	2	2	0.43	1	0	0.57	unphased	1.19085749385749	1.19085749385749	1
2	242429444	242429445	43	15	2.29	2	2	0.43	1	0	0.57	unphased	1.47294967381174	1.47294967381174	1
20	2844700	2844701	88	13	1.06	3	1	0.02	0	1	0.98	unphased	0.574755151190795	0.574755151190795	1
20	3214270	3214271	40	4	1.06	3	1	0.02	0	1	0.98	unphased	0.405945945945946	0.405945945945946	1
20	3653195	3653196	84	12	1.06	3	1	0.02	0	1	0.98	unphased	0.558175675675676	0.558175675675676	1
20	23425463	23425464	45	24	4	3	1	1	NA	NA	NA	unphased	2.57579318448884	0.858597728162946	3
20	35060431	35060432	70	7	4	3	1	1	NA	NA	NA	unphased	0.673218673218673	0.673218673218673	1
20	35060432	35060433	71	8	4	3	1	1	NA	NA	NA	unphased	0.749914471433459	0.749914471433459	1
20	37356307	37356308	32	7	4	3	1	1	NA	NA	NA	unphased	1.32917532917533	1.32917532917533	1
20	37384667	37384668	24	5	4	3	1	1	NA	NA	NA	unphased	1.27679403541473	1.27679403541473	1
20	41101139	41101140	41	5	4	3	1	1	NA	NA	NA	unphased	0.804935370152762	0.804935370152762	1
20	50781292	50781293	30	7	4	3	1	1	NA	NA	NA	unphased	1.40102264426589	1.40102264426589	1
20	56139649	56139650	152	23	4	3	1	1	NA	NA	NA	unphased	0.973281853281853	0.973281853281853	1
20	58349509	58349510	230	26	8	7	1	1	NA	NA	NA	unphased	1.15836148648649	1.15836148648649	1
20	61150802	61150803	36	4	3.3	3	1	0.65	1	1	0.35	unphased	0.670540540540541	0.670540540540541	1
20	61150803	61150804	36	4	3.3	3	1	0.65	1	1	0.35	unphased	0.670540540540541	0.670540540540541	1
21	19775906	19775907	47	7	3	3	0	1	NA	NA	NA	unphased	0.83033033033033	0.83033033033033	1
21	32410762	32410763	118	6	3	3	0	1	NA	NA	NA	unphased	0.309938971229294	0.309938971229294	1
21	45971196	45971197	60	5	4	4	0	1	NA	NA	NA	unphased	0.56964656964657	0.56964656964657	1
22	21158628	21158629	55	8	3.4	2	2	0.7	1	1	0.3	unphased	0.864178464178464	0.864178464178464	1
22	23627342	23627343	26	9	3.4	2	2	0.7	1	1	0.3	unphased	1.74996138996139	1.74996138996139	1
22	26343715	26343716	31	5	3.4	2	2	0.7	1	1	0.3	unphased	0.945195195195195	0.945195195195195	1
22	37771373	37771374	51	8	3.4	2	2	0.7	1	1	0.3	unphased	0.922766834631241	0.922766834631241	1
22	50716359	50716360	58	21	NA	NA	NA	NA	NA	NA	NA	unphased	NA	NA	1
3	13361422	13361423	67	6	3.52	2	2	0.76	1	1	0.24	unphased	0.569211403184006	0.569211403184006	1
3	14862142	14862143	36	10	3.52	2	2	0.76	1	1	0.24	unphased	1.50552291421857	1.50552291421857	1
3	21706376	21706377	84	22	3.52	2	2	0.76	1	1	0.24	unphased	1.43734829168791	0.81667516573177	1.76
3	25622074	25622075	89	12	3.52	2	2	0.76	1	1	0.24	unphased	0.822820444206583	0.822820444206583	1
3	31617898	31617899	27	6	3.52	2	2	0.76	1	1	0.24	unphased	1.25916461916462	1.25916461916462	1
3	32207309	32207310	59	18	3.52	2	2	0.76	1	1	0.24	unphased	1.61892593892594	0.919844283480647	1.76
3	42730469	42730470	48	9	3.52	2	2	0.76	1	1	0.24	unphased	1.09348506401138	1.09348506401138	1
3	49168499	49168500	77	6	3.52	2	2	0.76	1	1	0.24	unphased	0.500631716053403	0.65872594217553	0.76
3	49308857	49308858	122	10	3.52	2	2	0.76	1	1	0.24	unphased	0.524651924651925	0.690331479805164	0.76
3	62739248	62739249	57	20	3.52	2	2	0.76	1	1	0.24	unphased	1.7988065988066	1.02204920386739	1.76
3	63601171	63601172	26	6	3.52	2	2	0.76	1	1	0.24	unphased	1.29851351351351	1.29851351351351	1
3	68055730	68055731	54	4	1	2	1	0	0	1	1	unphased	0.303821062441752	0.303821062441752	1
3	72799746	72799747	43	16	1	2	1	0	0	1	1	unphased	1.19468621163536	1.19468621163536	1
3	78656192	78656193	48	5	1	2	1	0	0	1	1	unphased	0.415604283528812	0.415604283528812	1
3	85932593	85932594	32	8	1	2	1	0	0	1	1	unphased	0.881081081081081	0.881081081081081	1
3	88040363	88040364	19	7	1	2	1	0	0	1	1	unphased	1.18607068607069	1.18607068607069	1
3	89259556	89259557	76	19	1	2	1	0	0	1	1	unphased	0.881081081081081	0.881081081081081	1
3	101390763	101390764	23	9	1	2	1	0	0	1	1	unphased	1.23902027027027	1.23902027027027	1
3	119501602	119501603	22	13	1	2	1	0	0	1	1	unphased	1.63629343629344	1.63629343629344	1
3	120320104	120320105	151	12	1	2	1	0	0	1	1	unphased	0.324324324324324	0.324324324324324	1
3	124720856	124720857	23	6	1	2	1	0	0	1	1	unphased	0.911463187325256	0.911463187325256	1
3	125876314	125876315	63	9	1	2	1	0	0	1	1	unphased	0.550675675675676	0.550675675675676	1
3	128181836	128181837	62	13	1	2	1	0	0	1	1	unphased	0.763603603603604	0.763603603603604	1
3	128758689	128758690	48	8	1	2	1	0	0	1	1	unphased	0.629343629343629	0.629343629343629	1
3	130292970	130292971	33	5	1	2	1	0	0	1	1	unphased	0.579658605974395	0.579658605974395	1
3	140281149	140281150	37	6	1	2	1	0	0	1	1	unphased	0.614707730986801	0.614707730986801	1
3	142841064	142841065	44	13	1	2	1	0	0	1	1	unphased	1.00474158368895	1.00474158368895	1
3	142985602	142985603	65	17	1	2	1	0	0	1	1	unphased	0.913315754779169	0.913315754779169	1
3	147120536	147120537	93	13	1	2	1	0	0	1	1	unphased	0.540285568587455	0.540285568587455	1
3	161221369	161221370	26	7	1	2	1	0	0	1	1	unphased	0.934479934479934	0.934479934479934	1
3	161221370	161221371	26	7	1	2	1	0	0	1	1	unphased	0.934479934479934	0.934479934479934	1
3	167045742	167045743	60	10	1.66	2	1	0.33	1	0	0.67	unphased	0.723629343629344	0.723629343629344	1
3	183645219	183645220	16	10	1.66	2	1	0.33	1	0	0.67	unphased	1.94823284823285	1.46483672799462	1.33
3	184039222	184039223	58	9	1.66	2	1	0.33	1	0	0.67	unphased	0.680427591770875	0.680427591770875	1
3	184039250	184039251	46	10	1.66	2	1	0.33	1	0	0.67	unphased	0.90453667953668	0.90453667953668	1
4	15964477	15964478	52	13	3.48	2	2	0.74	1	1	0.26	unphased	1.37708108108108	1.37708108108108	1
4	25382047	25382048	39	9	3.48	2	2	0.74	1	1	0.26	unphased	1.29101351351351	1.29101351351351	1
4	39512308	39512309	65	23	3.48	2	2	0.74	1	1	0.26	unphased	1.79959459459459	1.03424976700839	1.74
4	44638049	44638050	26	10	3.48	2	2	0.74	1	1	0.26	unphased	1.91261261261261	1.09920265092679	1.74
4	47034432	47034433	176	37	3.48	2	2	0.74	1	1	0.26	unphased	1.19605633802817	1.19605633802817	1
4	47408915	47408916	17	9	3.48	2	2	0.74	1	1	0.26	unphased	2.38340956340956	1.36977561115492	1.74
4	55127575	55127576	106	42	3.48	2	2	0.74	1	1	0.26	unphased	1.95396639883126	1.12296919473061	1.74
4	62897252	62897253	17	3	3.48	2	2	0.74	1	1	0.26	unphased	1.03281081081081	1.03281081081081	1
4	70361446	70361447	88	26	3.48	2	2	0.74	1	1	0.26	unphased	1.57035561877667	0.902503229181995	1.74
4	70361572	70361573	127	22	3.48	2	2	0.74	1	1	0.26	unphased	1.01663703972429	1.01663703972429	1
4	72332162	72332163	124	15	3.48	2	2	0.74	1	1	0.26	unphased	0.743029360295547	0.743029360295547	1
4	76841000	76841001	42	7	3.48	2	2	0.74	1	1	0.26	unphased	0.983629343629344	0.983629343629344	1
4	85560131	85560132	21	9	3.48	2	2	0.74	1	1	0.26	unphased	2.06562162162162	1.18713886300093	1.74
4	88996905	88996906	87	40	3.48	2	2	0.74	1	1	0.26	unphased	2.16863162374973	1.24634001364927	1.74
4	96762199	96762200	70	14	3.48	2	2	0.74	1	1	0.26	unphased	1.14756756756757	1.14756756756757	1
4	100052733	100052734	27	12	3.48	2	2	0.74	1	1	0.26	unphased	2.11858627858628	1.2175783210266	1.74
4	103822346	103822347	189	8	3.48	2	2	0.74	1	1	0.26	unphased	0.279610371793113	0.279610371793113	1
4	104004085	104004086	81	48	3.48	2	2	0.74	1	1	0.26	unphased	2.56201131363922	1.47242029519495	1.74
4	114208778	114208779	38	11	3.48	2	2	0.74	1	1	0.26	unphased	1.54570325427468	1.54570325427468	1
4	115544546	115544547	72	15	3.48	2	2	0.74	1	1	0.26	unphased	1.18713886300093	1.18713886300093	1
4	115749057	115749058	20	4	3.48	2	2	0.74	1	1	0.26	unphased	1.14756756756757	1.14756756756757	1
4	126240577	126240578	116	8	3.48	2	2	0.74	1	1	0.26	unphased	0.444219703574542	0.600296896722355	0.74
4	134071448	134071449	76	26	3.48	2	2	0.74	1	1	0.26	unphased	1.75510333863275	1.00868007967399	1.74
4	155295092	155295093	34	10	3.48	2	2	0.74	1	1	0.26	unphased	1.56486486486486	1.56486486486486	1
4	173804034	173804035	92	23	3.48	2	2	0.74	1	1	0.26	unphased	1.37708108108108	1.37708108108108	1
4	176622814	176622815	99	16	3.48	2	2	0.74	1	1	0.26	unphased	0.957969447708578	0.957969447708578	1
4	177136755	177136756	30	4	3.48	2	2	0.74	1	1	0.26	unphased	0.810047694753577	0.810047694753577	1
4	187115680	187115681	64	19	3.48	2	2	0.74	1	1	0.26	unphased	1.57617714099642	0.905848931607137	1.74
4	187557841	187557842	292	53	3.48	2	2	0.74	1	1	0.26	unphased	1.05775793184489	1.05775793184489	1
5	163533	163534	75	69	NA	NA	NA	NA	NA	NA	NA	unphased	NA	NA	1
5	1474682	1474683	24	8	5.2	5	2	0.7	1	0	0.3	unphased	2.15135135135135	0.896396396396396	2.4
5	5232585	5232586	90	62	5.2	5	2	0.7	1	0	0.3	unphased	3.51009957325747	1.03238222742867	3.4
5	5454708	5454709	29	5	5.2	5	2	0.7	1	0	0.3	unphased	1.26550079491256	1.26550079491256	1
5	14462917	14462918	84	85	5.2	5	2	0.7	1	0	0.3	unphased	4.32816248200864	0.983673291365599	4.4
5	23527330	23527331	150	24	5.2	5	2	0.7	1	0	0.3	unphased	1.18695246971109	1.18695246971109	1
5	32037440	32037441	21	23	5.2	5	2	0.7	1	0	0.3	unphased	4.4982800982801	1.02233638597275	4.4
5	32789920	32789921	41	7	5.2	5	2	0.7	1	0	0.3	unphased	1.25495495495496	1.25495495495496	1
5	35965970	35965971	67	9	5.2	5	2	0.7	1	0	0.3	unphased	1.01906116642959	1.01906116642959	1
5	36684012	36684013	86	24	5.2	5	2	0.7	1	0	0.3	unphased	1.877542997543	1.10443705737823	1.7
5	40964940	40964941	181	20	5.2	5	2	0.7	1	0	0.3	unphased	0.856259244318946	0.856259244318946	1
5	55059043	55059044	32	3	2	1	1	0.21	1	1	0.79	unphased	0.463320463320463	0.463320463320463	1
5	68695996	68695997	30	6	2	1	1	0.21	1	1	0.79	unphased	0.900900900900901	0.900900900900901	1
5	71757219	71757220	54	14	2	1	1	0.21	1	1	0.79	unphased	1.11287758346582	1.11287758346582	1
5	75581079	75581080	101	19	2	1	1	0.21	1	1	0.79	unphased	0.855855855855856	0.855855855855856	1
5	80369241	80369242	46	4	2	1	1	0.21	1	1	0.79	unphased	0.432432432432432	0.547382825863839	0.79
5	95748051	95748052	83	14	2	1	1	0.21	1	1	0.79	unphased	0.780161604903873	0.780161604903873	1
5	110843033	110843034	33	5	2	1	1	0.21	1	1	0.79	unphased	0.711237553342816	0.711237553342816	1
5	115335491	115335492	41	5	2	1	1	0.21	1	1	0.79	unphased	0.587544065804935	0.587544065804935	1
5	131007482	131007483	33	3	2	1	1	0.21	1	1	0.79	unphased	0.45045045045045	0.45045045045045	1
5	131312362	131312363	66	9	2	1	1	0.21	1	1	0.79	unphased	0.648648648648649	0.648648648648649	1
5	135692747	135692748	40	12	2	1	1	0.21	1	1	0.79	unphased	1.24740124740125	1.24740124740125	1
5	137542337	137542338	77	9	2	1	1	0.21	1	1	0.79	unphased	0.565681961030798	0.716053115228859	0.79
5	140208227	140208228	72	38	2	1	1	0.21	1	1	0.79	unphased	1.86732186732187	1.86732186732187	1
5	140475996	140475997	56	14	2	1	1	0.21	1	1	0.79	unphased	1.08108108108108	1.08108108108108	1
5	140536819	140536820	30	7	2	1	1	0.21	1	1	0.79	unphased	1.02264426588751	1.02264426588751	1
5	140574583	140574584	15	10	2	1	1	0.21	1	1	0.79	unphased	2.16216216216216	2.16216216216216	1
5	140744719	140744720	34	5	2	1	1	0.21	1	1	0.79	unphased	0.693000693000693	0.693000693000693	1
5	140755657	140755658	57	10	2	1	1	0.21	1	1	0.79	unphased	0.806776926179911	0.806776926179911	1
5	140811757	140811758	41	4	2	1	1	0.21	1	1	0.79	unphased	0.480480480480481	0.480480480480481	1
5	142779851	142779852	54	5	1.58	2	1	0.29	1	0	0.71	unphased	0.422491983508933	1.45686890865149	0.29
5	146070804	146070805	39	7	1.58	2	1	0.29	1	0	0.71	unphased	0.758648648648649	0.758648648648649	1
5	150276157	150276158	38	5	1.58	2	1	0.29	1	0	0.71	unphased	0.579698302954117	0.579698302954117	1
5	150905490	150905491	40	8	1.58	2	1	0.29	1	0	0.71	unphased	0.830900900900901	0.830900900900901	1
5	153065835	153065836	69	29	1.58	2	1	0.29	1	0	0.71	unphased	1.47527302813017	1.14362250242649	1.29
5	161524812	161524813	32	9	1.58	2	1	0.29	1	0	0.71	unphased	1.09435728411338	1.09435728411338	1
5	162918137	162918138	50	15	1.58	2	1	0.29	1	0	0.71	unphased	1.15047817047817	1.15047817047817	1
5	169714975	169714976	58	4	1.58	2	1	0.29	1	0	0.71	unphased	0.321639058413252	1.10910020142501	0.29
5	170235642	170235643	46	6	1.58	2	1	0.29	1	0	0.71	unphased	0.575239085239085	0.575239085239085	1
5	175111325	175111326	97	31	1.58	2	1	0.29	1	0	0.71	unphased	1.20740287162162	1.20740287162162	1
5	180048006	180048007	14	4	1.58	2	1	0.29	1	0	0.71	unphased	1.10786786786787	1.10786786786787	1
6	350823	350824	152	20	NA	NA	NA	NA	NA	NA	NA	unphased	NA	NA	1
6	2117777	2117778	89	32	3.34	2	2	0.67	1	1	0.33	unphased	1.78390886754523	1.0682089027217	1.67
6	25652523	25652524	18	3	3.34	2	2	0.67	1	1	0.33	unphased	0.963629343629344	0.963629343629344	1
6	25777131	25777132	98	6	3.34	2	2	0.67	1	1	0.33	unphased	0.389158004158004	0.580832842026872	0.67
6	26413398	26413399	89	24	3.34	2	2	0.67	1	1	0.33	unphased	1.43265247548433	0.857875733822954	1.67
6	26468860	26468861	42	16	3.34	2	2	0.67	1	1	0.33	unphased	1.86080149114632	1.11425238990798	1.67
6	29408413	29408414	163	60	3.34	2	2	0.67	1	1	0.33	unphased	1.81490728396558	1.0867708287219	1.67
6	30955045	30955046	123	42	3.34	2	2	0.67	1	1	0.33	unphased	1.71701228501228	1.02815106886963	1.67
6	30955046	30955047	125	41	3.34	2	2	0.67	1	1	0.33	unphased	1.66603386519049	0.997625068976342	1.67
6	31903836	31903837	30	5	3.34	2	2	0.67	1	1	0.33	unphased	0.963629343629344	0.963629343629344	1
6	33367931	33367932	60	16	3.34	2	2	0.67	1	1	0.33	unphased	1.4200853485064	1.4200853485064	1
6	37620083	37620084	19	9	3.34	2	2	0.67	1	1	0.33	unphased	2.16816602316602	1.29830300788385	1.67
6	43306990	43306991	84	12	3.34	2	2	0.67	1	1	0.33	unphased	0.843175675675676	0.843175675675676	1
6	44081626	44081627	52	7	3.34	2	2	0.67	1	1	0.33	unphased	0.80030233623454	0.80030233623454	1
6	56035885	56035886	13	6	3.34	2	2	0.67	1	1	0.33	unphased	2.1301280227596	1.2755257621315	1.67
6	70034898	70034899	53	9	1.03	2	0	0.03	0	1	0.97	unphased	0.643849171752398	0.643849171752398	1
6	74063857	74063858	41	19	1.03	2	0	0.03	0	1	0.97	unphased	1.40454504504504	1.40454504504504	1
6	74123508	74123509	17	18	1.03	2	0	0.03	0	1	0.97	unphased	2.28106563706564	2.21462683210256	1.03
6	84872874	84872875	67	32	1.03	2	0	0.03	0	1	0.97	unphased	1.43366639366639	1.39190912006446	1.03
6	101103673	101103674	11	4	1.03	2	0	0.03	0	1	0.97	unphased	1.18277477477477	1.18277477477477	1
6	107533373	107533374	142	29	1.03	2	0	0.03	0	1	0.97	unphased	0.752203255887466	0.752203255887466	1
6	109954213	109954214	15	15	1.03	2	0	0.03	0	1	0.97	unphased	2.2177027027027	2.15310942009971	1.03
6	110522869	110522870	63	8	1.03	2	0	0.03	0	1	0.97	unphased	0.499763989341454	0.499763989341454	1
6	126080785	126080786	136	75	1.03	2	0	0.03	0	1	0.97	unphased	1.57656590239529	1.53064650717989	1.03
6	132054859	132054860	78	4	1.03	2	0	0.03	0	1	0.97	unphased	0.216361239288069	0.216361239288069	1
6	133802681	133802682	63	5	1.03	2	0	0.03	0	1	0.97	unphased	0.326132750397456	0.326132750397456	1
6	144803497	144803498	42	4	1.03	2	0	0.03	0	1	0.97	unphased	0.385687426556992	0.385687426556992	1
6	160241521	160241522	52	12	1.02	2	1	0.01	0	1	0.99	unphased	0.829763513513514	0.829763513513514	1
7	11441425	11441426	65	7	4.96	4	2	0.74	1	1	0.26	unphased	0.813303303303303	0.813303303303303	1
7	18705918	18705919	81	22	4.96	4	2	0.74	1	1	0.26	unphased	1.78678562057203	1.02688828768507	1.74
7	20687652	20687653	11	6	4.96	4	2	0.74	1	1	0.26	unphased	2.9524960254372	1.07755329395518	2.74
7	20698249	20698250	44	21	4.96	4	2	0.74	1	1	0.26	unphased	2.70266943866944	0.986375707543591	2.74
7	22532983	22532984	30	12	4.96	4	2	0.74	1	1	0.26	unphased	2.39011583011583	0.963756383111222	2.48
7	29440372	29440373	63	20	4.96	4	2	0.74	1	1	0.26	unphased	2.0157603386519	1.15848295324822	1.74
7	31378647	31378648	248	9	4.96	4	2	0.74	1	1	0.26	unphased	0.292951940267115	0.292951940267115	1
7	31617893	31617894	65	8	4.96	4	2	0.74	1	1	0.26	unphased	0.916756756756757	0.916756756756757	1
7	34118559	34118560	164	10	4.96	4	2	0.74	1	1	0.26	unphased	0.480770425598012	0.649689764321637	0.74
7	36396648	36396649	96	16	4.96	4	2	0.74	1	1	0.26	unphased	1.19505791505792	1.19505791505792	1
7	36464303	36464304	27	9	4.96	4	2	0.74	1	1	0.26	unphased	2.09135135135135	0.843286835222319	2.48
7	37927903	37927904	42	3	4.96	4	2	0.74	1	1	0.26	unphased	0.557693693693694	0.557693693693694	1
7	38462039	38462040	256	8	4.96	4	2	0.74	1	1	0.26	unphased	0.253497133497133	0.253497133497133	1
7	38725087	38725088	67	5	4.96	4	2	0.74	1	1	0.26	unphased	0.580930930930931	0.580930930930931	1
7	44259816	44259817	48	4	4.96	4	2	0.74	1	1	0.26	unphased	0.643492723492723	0.643492723492723	1
7	47937646	47937647	33	3	4.96	4	2	0.74	1	1	0.26	unphased	0.697117117117117	0.697117117117117	1
7	53103525	53103526	70	7	4.96	4	2	0.74	1	1	0.26	unphased	0.7604914004914	0.7604914004914	1
7	78150962	78150963	138	26	2.28	4	1	0.32	1	0	0.68	unphased	0.90134475939354	0.90134475939354	1
7	81374415	81374416	29	25	2.28	4	1	0.32	1	0	0.68	unphased	2.63213213213213	0.997019747019747	2.64
7	82582363	82582364	98	15	2.28	4	1	0.32	1	0	0.68	unphased	0.754699832575939	0.754699832575939	1
7	87459222	87459223	61	10	2.28	4	1	0.32	1	0	0.68	unphased	0.800761324704987	0.800761324704987	1
7	88966204	88966205	165	47	2.28	4	1	0.32	1	0	0.68	unphased	1.26044365119837	0.954881553938158	1.32
7	92098119	92098120	96	33	2.28	4	1	0.32	1	0	0.68	unphased	1.45440603394092	1.10182275298554	1.32
7	100473277	100473278	80	11	2.28	4	1	0.32	1	0	0.68	unphased	0.687246807246807	0.687246807246807	1
7	100856218	100856219	35	6	2.28	4	1	0.32	1	0	0.68	unphased	0.832010547132498	0.832010547132498	1
7	107557756	107557757	93	29	2.28	4	1	0.32	1	0	0.68	unphased	1.35144882587506	1.02382486808716	1.32
7	107642134	107642135	15	3	2.28	4	1	0.32	1	0	0.68	unphased	0.947567567567568	0.947567567567568	1
7	108213543	108213544	28	10	2.28	4	1	0.32	1	0	0.68	unphased	1.49615931721195	1.49615931721195	1
7	128848685	128848686	15	12	2.28	4	1	0.32	1	0	0.68	unphased	2.52684684684685	0.957138957138957	2.64
7	137792056	137792057	13	3	2.28	4	1	0.32	1	0	0.68	unphased	1.06601351351351	1.06601351351351	1
7	141767215	141767216	58	17	2.28	4	1	0.32	1	0	0.68	unphased	1.28869189189189	1.28869189189189	1
7	142637530	142637531	70	52	2.28	4	1	0.32	1	0	0.68	unphased	2.42328754984493	1.04452049562281	2.32
7	142919936	142919937	166	15	2.28	4	1	0.32	1	0	0.68	unphased	0.471166193818128	1.47239435568165	0.32
7	143056026	143056027	26	10	2.28	4	1	0.32	1	0	0.68	unphased	1.57927927927928	1.57927927927928	1
7	143657495	143657496	83	8	2.28	4	1	0.32	1	0	0.68	unphased	0.49981585981586	0.49981585981586	1
7	143826980	143826981	204	20	2.28	4	1	0.32	1	0	0.68	unphased	0.507625482625483	0.507625482625483	1
7	143826999	143827000	139	122	2.28	4	1	0.32	1	0	0.68	unphased	2.65754582168375	1.00664614457718	2.64
7	144060383	144060384	315	34	2.28	4	1	0.32	1	0	0.68	unphased	0.553879036629753	0.553879036629753	1
7	146805425	146805426	12	4	2.28	4	1	0.32	1	0	0.68	unphased	1.42135135135135	1.42135135135135	1
7	149481970	149481971	97	10	2.28	4	1	0.32	1	0	0.68	unphased	0.531346299570599	0.531346299570599	1
7	149492317	149492318	59	17	2.28	4	1	0.32	1	0	0.68	unphased	1.27173541963016	1.27173541963016	1
7	151874237	151874238	132	18	2.28	4	1	0.32	1	0	0.68	unphased	0.682248648648649	0.682248648648649	1
7	154379835	154379836	38	11	2.28	4	1	0.32	1	0	0.68	unphased	1.27631549917264	1.27631549917264	1
8	2949080	2949081	15	4	3.58	2	2	0.86	0	1	0.14	unphased	1.47061166429587	1.47061166429587	1
8	7717881	7717882	9	12	3.58	2	2	0.86	0	1	0.14	unphased	3.99166023166023	2.14605388798937	1.86
8	10387191	10387192	181	69	3.58	2	2	0.86	0	1	0.14	unphased	1.92797189189189	1.03654402789887	1.86
8	10466377	10466378	110	33	3.58	2	2	0.86	0	1	0.14	unphased	1.61201663201663	0.937218972102693	1.72
8	10469395	10469396	49	24	3.58	2	2	0.86	0	1	0.14	unphased	2.29657164013328	1.23471593555553	1.86
8	10584168	10584169	43	6	3.58	2	2	0.86	0	1	0.14	unphased	0.855355763927192	0.855355763927192	1
8	10756196	10756197	37	10	3.58	2	2	0.86	0	1	0.14	unphased	1.48625646923519	1.48625646923519	1
8	16948091	16948092	85	16	2.92	2	1	0.96	0	1	0.04	unphased	1.00204442065828	1.00204442065828	1
8	20003353	20003354	55	11	2.92	2	1	0.96	0	1	0.04	unphased	1.05423423423423	1.05423423423423	1
8	22210611	22210612	114	48	2.92	2	1	0.96	0	1	0.04	unphased	1.87419419419419	0.976142809476143	1.92
8	26627596	26627597	80	43	2.92	2	1	0.96	0	1	0.04	unphased	2.21132058888156	1.1282247902457	1.96
8	39645694	39645695	10	4	2.92	2	1	0.96	0	1	0.04	unphased	1.80725868725869	1.80725868725869	1
8	40532225	40532226	74	28	2.92	2	1	0.96	0	1	0.04	unphased	1.73638579756227	0.904367602897015	1.92
8	51449348	51449349	304	46	5.85	5	4	0.55	1	1	0.45	unphased	1.21642471042471	1.21642471042471	1
8	56436156	56436157	237	157	5.85	5	4	0.55	1	1	0.45	unphased	3.68806763616408	1.01042948936002	3.65
8	59347000	59347001	61	5	5.85	5	4	0.55	1	1	0.45	unphased	0.701167076167076	0.701167076167076	1
8	59410880	59410881	146	7	5.85	5	4	0.55	1	1	0.45	unphased	0.423449920508744	0.769908946379535	0.55
8	63976791	63976792	29	5	5.85	5	4	0.55	1	1	0.45	unphased	1.36108903020668	1.36108903020668	1
8	68956758	68956759	40	4	5.85	5	4	0.55	1	1	0.45	unphased	0.841400491400491	0.841400491400491	1
8	70585497	70585498	313	78	5.85	5	4	0.55	1	1	0.45	unphased	1.84634685836732	0.879212789698723	2.1
8	70964508	70964509	218	14	5.85	5	4	0.55	1	1	0.45	unphased	0.558515843429637	1.01548335169025	0.55
8	77764452	77764453	36	4	5.85	5	4	0.55	1	1	0.45	unphased	0.925540540540541	0.925540540540541	1
8	77768372	77768373	192	26	5.85	5	4	0.55	1	1	0.45	unphased	1.10385569055294	1.10385569055294	1
8	77776591	77776592	115	12	5.85	5	4	0.55	1	1	0.45	unphased	0.874526494998936	0.874526494998936	1
8	77776729	77776730	46	8	5.85	5	4	0.55	1	1	0.45	unphased	1.37117117117117	1.37117117117117	1
8	85799924	85799925	76	29	5.85	5	4	0.55	1	1	0.45	unphased	2.55625482625483	1.00245287304111	2.55
8	85799925	85799926	76	28	5.85	5	4	0.55	1	1	0.45	unphased	2.49183991683992	0.977192124250948	2.55
8	88249303	88249304	31	5	5.85	5	4	0.55	1	1	0.45	unphased	1.28547297297297	1.28547297297297	1
8	88885436	88885437	119	14	5.85	5	4	0.55	1	1	0.45	unphased	0.97425320056899	0.97425320056899	1
8	97243176	97243177	22	15	5.85	5	4	0.55	1	1	0.45	unphased	3.75219138056976	1.02799763851226	3.65
8	99264811	99264812	89	5	5.85	5	4	0.55	1	1	0.45	unphased	0.492308798159862	0.492308798159862	1
8	102586051	102586052	31	18	5.85	5	4	0.55	1	1	0.45	unphased	3.39994484280199	0.957730941634362	3.55
8	104778724	104778725	46	10	5.85	5	4	0.55	1	1	0.45	unphased	1.65275096525097	1.65275096525097	1
8	104897821	104897822	17	3	5.85	5	4	0.55	1	1	0.45	unphased	1.38831081081081	1.38831081081081	1
8	104898099	104898100	12	4	5.85	5	4	0.55	1	1	0.45	unphased	2.31385135135135	2.31385135135135	1
8	105261775	105261776	39	4	5.85	5	4	0.55	1	1	0.45	unphased	0.860967944688875	0.860967944688875	1
8	105360856	105360857	149	35	5.85	5	4	0.55	1	1	0.45	unphased	1.76053907168038	1.13583165914863	1.55
8	105360857	105360858	149	35	5.85	5	4	0.55	1	1	0.45	unphased	1.76053907168038	1.13583165914863	1.55
8	106813907	106813908	181	42	5.85	5	4	0.55	1	1	0.45	unphased	1.74317052478487	1.1246261450225	1.55
8	113649204	113649205	149	20	5.85	5	4	0.55	1	1	0.45	unphased	1.0953142491604	1.0953142491604	1
8	113678589	113678590	13	4	5.85	5	4	0.55	1	1	0.45	unphased	2.17774244833068	2.17774244833068	1
8	113812444	113812445	24	9	5.85	5	4	0.55	1	1	0.45	unphased	2.52420147420147	0.989882931059402	2.55
8	116426737	116426738	31	3	5.85	5	4	0.55	1	1	0.45	unphased	0.816653418124006	0.816653418124006	1
8	118159362	118159363	46	19	5.85	5	4	0.55	1	1	0.45	unphased	2.7054261954262	1.02091554544385	2.65
8	118540905	118540906	29	14	5.85	5	4	0.55	1	1	0.45	unphased	3.01338780641106	0.972060582713246	3.1
8	125072896	125072897	106	11	5.85	5	4	0.55	1	1	0.45	unphased	0.87016632016632	0.87016632016632	1
8	139165269	139165270	137	61	5.85	5	4	0.55	1	1	0.45	unphased	2.85141277641278	1.07600482128784	2.65
8	139635991	139635992	383	159	5.85	5	4	0.55	1	1	0.45	unphased	2.71514660416874	1.02458362421462	2.65
8	143927821	143927822	50	20	5.85	5	4	0.55	1	1	0.45	unphased	2.64440154440154	0.997887375245866	2.65
8	143994257	143994258	32	10	5.85	5	4	0.55	1	1	0.45	unphased	2.20366795366795	1.04936569222284	2.1
8	144522480	144522481	17	3	5.85	5	4	0.55	1	1	0.45	unphased	1.38831081081081	1.38831081081081	1
8	145641554	145641555	10	11	NA	NA	NA	NA	NA	NA	NA	unphased	NA	NA	1
9	117171	117172	27	7	NA	NA	NA	NA	NA	NA	NA	unphased	NA	NA	1
9	6814717	6814718	38	4	NA	NA	NA	NA	NA	NA	NA	unphased	NA	NA	1
9	8528592	8528593	116	15	2	1	1	0.23	1	1	0.77	unphased	0.61893955023726	0.803817597710727	0.77
9	8528593	8528594	115	15	2	1	1	0.23	1	1	0.77	unphased	0.623700623700624	0.81000081000081	0.77
9	18941834	18941835	71	21	3	2	1	1	NA	NA	NA	unphased	1.46210340775558	0.731051703877791	2
9	21227611	21227612	83	23	3	2	1	1	NA	NA	NA	unphased	1.38985211626721	1.38985211626721	1
9	32973623	32973624	44	7	3	2	1	1	NA	NA	NA	unphased	0.879173290937997	0.879173290937997	1
9	34126443	34126444	14	5	3	2	1	1	NA	NA	NA	unphased	1.68563300142248	1.68563300142248	1
9	35689924	35689925	9	7	3	2	1	1	NA	NA	NA	unphased	2.80236486486486	1.40118243243243	2
9	43625035	43625036	242	79	3	2	1	1	NA	NA	NA	unphased	1.57640818388482	0.78820409194241	2
9	84564679	84564680	23	4	3	2	1	1	NA	NA	NA	unphased	0.948948948948949	0.948948948948949	1
9	84607069	84607070	148	16	3	2	1	1	NA	NA	NA	unphased	0.624917600527357	0.624917600527357	1
9	91616364	91616365	73	8	3	2	1	1	NA	NA	NA	unphased	0.632632632632633	0.632632632632633	1
9	103261149	103261150	37	26	3	2	1	1	NA	NA	NA	unphased	2.64350064350064	1.32175032175032	2
9	104124971	104124972	48	5	3	2	1	1	NA	NA	NA	unphased	0.604283528811831	0.604283528811831	1
9	113168524	113168525	86	44	3	2	1	1	NA	NA	NA	unphased	2.16798336798337	1.08399168399168	2
9	113261338	113261339	17	3	3	2	1	1	NA	NA	NA	unphased	0.960810810810811	0.960810810810811	1
9	120475964	120475965	37	17	3	2	1	1	NA	NA	NA	unphased	2.01651651651652	1.00825825825826	2
9	128678002	128678003	39	8	3	2	1	1	NA	NA	NA	unphased	1.09028177113283	1.09028177113283	1
9	136321308	136321309	49	10	3	2	1	1	NA	NA	NA	unphased	1.08566193311956	1.08566193311956	1
9	139250961	139250962	41	5	3	2	1	1	NA	NA	NA	unphased	0.696239717978848	0.696239717978848	1
9	140611369	140611370	70	14	3	2	1	1	NA	NA	NA	unphased	1.06756756756757	1.06756756756757	1
X	2998959	2998960	13	15	NA	NA	NA	NA	NA	NA	NA	unphased	NA	NA	1
X	5827163	5827164	21	22	NA	NA	NA	NA	NA	NA	NA	unphased	NA	NA	1
X	12736248	12736249	81	35	NA	NA	NA	NA	NA	NA	NA	unphased	NA	NA	1
X	13825813	13825814	70	8	NA	NA	NA	NA	NA	NA	NA	unphased	NA	NA	1
X	27765054	27765055	6	12	NA	NA	NA	NA	NA	NA	NA	unphased	NA	NA	1
X	29938103	29938104	65	21	NA	NA	NA	NA	NA	NA	NA	unphased	NA	NA	1
X	30577750	30577751	33	21	NA	NA	NA	NA	NA	NA	NA	unphased	NA	NA	1
X	32430020	32430021	19	14	NA	NA	NA	NA	NA	NA	NA	unphased	NA	NA	1
X	34961436	34961437	12	11	NA	NA	NA	NA	NA	NA	NA	unphased	NA	NA	1
X	47775134	47775135	16	7	NA	NA	NA	NA	NA	NA	NA	unphased	NA	NA	1
X	55117811	55117812	25	35	NA	NA	NA	NA	NA	NA	NA	unphased	NA	NA	1
X	64719039	64719040	26	30	NA	NA	NA	NA	NA	NA	NA	unphased	NA	NA	1
X	65413395	65413396	11	16	NA	NA	NA	NA	NA	NA	NA	unphased	NA	NA	1
X	70148046	70148047	14	5	NA	NA	NA	NA	NA	NA	NA	unphased	NA	NA	1
X	101139126	101139127	64	46	NA	NA	NA	NA	NA	NA	NA	unphased	NA	NA	1
X	107930772	107930773	66	31	NA	NA	NA	NA	NA	NA	NA	unphased	NA	NA	1
X	112054521	112054522	100	85	NA	NA	NA	NA	NA	NA	NA	unphased	NA	NA	1
X	114540963	114540964	40	29	NA	NA	NA	NA	NA	NA	NA	unphased	NA	NA	1
X	132351099	132351100	81	15	NA	NA	NA	NA	NA	NA	NA	unphased	NA	NA	1
X	135303095	135303096	122	133	NA	NA	NA	NA	NA	NA	NA	unphased	NA	NA	1
X	135429848	135429849	21	37	NA	NA	NA	NA	NA	NA	NA	unphased	NA	NA	1
X	140994297	140994298	91	35	NA	NA	NA	NA	NA	NA	NA	unphased	NA	NA	1
X	142113810	142113811	11	5	NA	NA	NA	NA	NA	NA	NA	unphased	NA	NA	1
X	147743641	147743642	187	71	NA	NA	NA	NA	NA	NA	NA	unphased	NA	NA	1
X	151302987	151302988	64	19	NA	NA	NA	NA	NA	NA	NA	unphased	NA	NA	1
X	152814196	152814197	25	32	NA	NA	NA	NA	NA	NA	NA	unphased	NA	NA	1
X	154299835	154299836	2	8	NA	NA	NA	NA	NA	NA	NA	unphased	NA	NA	1
Y	6736315	6736316	23	21	NA	NA	NA	NA	NA	NA	NA	unphased	NA	NA	1
