chr	start	end	WT.count	mut.count	subclonal.CN	nMaj1	nMin1	frac1	nMaj2	nMin2	frac2	phase	mutation.copy.number	subclonal.fraction	no.chrs.bearing.mut
1	33764663	33764664	39	6	1	1	0	0.03	0	1	0.97	unphased	0.786206896551724	0.786206896551724	1
1	64102005	64102006	75	4	1	1	0	0.03	0	1	0.97	unphased	0.298559580969009	0.298559580969009	1
1	120462954	120462955	65	12	2	1	1	1	NA	NA	NA	unphased	1.07478728168383	1.07478728168383	1
1	146465923	146465924	208	16	2	1	1	1	NA	NA	NA	unphased	0.492610837438424	0.492610837438424	1
1	154542284	154542285	73	8	2	1	1	1	NA	NA	NA	unphased	0.681140911025969	0.681140911025969	1
1	156899135	156899136	21	6	2	1	1	1	NA	NA	NA	unphased	1.53256704980843	1.53256704980843	1
1	197390743	197390744	97	23	2	1	1	1	NA	NA	NA	unphased	1.32183908045977	1.32183908045977	1
1	197390744	197390745	98	23	2	1	1	1	NA	NA	NA	unphased	1.31091479053862	1.31091479053862	1
1	247013112	247013113	91	11	2	1	1	1	NA	NA	NA	unphased	0.743745774171738	0.743745774171738	1
1	247695192	247695193	60	6	2	1	1	1	NA	NA	NA	unphased	0.626959247648903	0.626959247648903	1
10	61958142	61958143	70	9	2	1	1	1	NA	NA	NA	unphased	0.785683107813182	0.785683107813182	1
10	62631266	62631267	80	16	2	1	1	1	NA	NA	NA	unphased	1.14942528735632	1.14942528735632	1
10	69699383	69699384	64	10	2	1	1	1	NA	NA	NA	unphased	0.931966449207829	0.931966449207829	1
10	70514970	70514971	54	4	2	1	1	1	NA	NA	NA	unphased	0.475624256837099	0.475624256837099	1
10	102734741	102734742	30	4	2	1	1	1	NA	NA	NA	unphased	0.811359026369168	0.811359026369168	1
11	5906275	5906276	146	23	2	1	1	1	NA	NA	NA	unphased	0.938583962456642	0.938583962456642	1
11	6459661	6459662	99	12	2	1	1	1	NA	NA	NA	unphased	0.745573159366263	0.745573159366263	1
11	6519313	6519314	52	5	2	1	1	1	NA	NA	NA	unphased	0.604960677555959	0.604960677555959	1
11	10328159	10328160	26	7	2	1	1	1	NA	NA	NA	unphased	1.46290491118077	1.46290491118077	1
11	18267007	18267008	56	6	2	1	1	1	NA	NA	NA	unphased	0.667408231368187	0.667408231368187	1
11	43413035	43413036	75	9	2	1	1	1	NA	NA	NA	unphased	0.738916256157635	0.738916256157635	1
11	55944215	55944216	187	41	2	1	1	1	NA	NA	NA	unphased	1.24016938898972	1.24016938898972	1
11	59132396	59132397	128	31	2	1	1	1	NA	NA	NA	unphased	1.34461071351117	1.34461071351117	1
11	64504338	64504339	11	4	2	1	1	1	NA	NA	NA	unphased	1.83908045977012	1.83908045977012	1
11	82693135	82693136	37	7	2	1	1	1	NA	NA	NA	unphased	1.09717868338558	1.09717868338558	1
11	89028401	89028402	54	9	2	1	1	1	NA	NA	NA	unphased	0.985221674876847	0.985221674876847	1
11	89903266	89903267	134	12	2	1	1	1	NA	NA	NA	unphased	0.566839867737364	0.566839867737364	1
11	110036073	110036074	141	13	2	1	1	0.14	1	1	0.86	unphased	0.58217644424541	0.676949353773732	0.86
12	7051118	7051119	4	4	2	2	0	1	NA	NA	NA	unphased	3.44827586206897	1.72413793103448	2
12	25398284	25398285	9	19	3	3	0	1	NA	NA	NA	unphased	5.35837438423645	1.78612479474548	3
12	49425486	49425487	13	6	2	1	1	0.4	1	1	0.6	unphased	2.17785843920145	2.17785843920145	1
12	52282101	52282102	65	15	2	1	1	0.4	1	1	0.6	unphased	1.29310344827586	1.29310344827586	1
12	52282102	52282103	65	14	2	1	1	0.4	1	1	0.6	unphased	1.22217372326495	1.22217372326495	1
12	56514686	56514687	65	12	2	1	1	0.4	1	1	0.6	unphased	1.07478728168383	1.07478728168383	1
12	71977981	71977982	92	24	2	1	1	0.4	1	1	0.6	unphased	1.4268727705113	1.4268727705113	1
12	86199250	86199251	135	22	2	1	1	0.4	1	1	0.6	unphased	0.96639578300022	0.96639578300022	1
12	132490798	132490799	53	15	2	1	1	0.4	1	1	0.6	unphased	1.52129817444219	1.52129817444219	1
13	35731264	35731265	123	39	2	1	1	1	NA	NA	NA	unphased	1.6602809706258	1.6602809706258	1
13	39263806	39263807	52	5	2	1	1	1	NA	NA	NA	unphased	0.604960677555959	0.604960677555959	1
13	58208798	58208799	75	6	2	1	1	1	NA	NA	NA	unphased	0.510855683269476	0.510855683269476	1
13	95117946	95117947	56	7	2	1	1	1	NA	NA	NA	unphased	0.766283524904215	0.766283524904215	1
13	109792682	109792683	28	7	2	1	1	1	NA	NA	NA	unphased	1.37931034482759	1.37931034482759	1
14	34394957	34394958	4	6	2	1	1	1	NA	NA	NA	unphased	4.13793103448276	4.13793103448276	1
14	45605539	45605540	74	9	2	1	1	1	NA	NA	NA	unphased	0.747818861653511	0.747818861653511	1
14	96180417	96180418	39	3	2	1	1	1	NA	NA	NA	unphased	0.492610837438424	0.492610837438424	1
14	105414030	105414031	229	43	2	1	1	1	NA	NA	NA	unphased	1.09026369168357	1.09026369168357	1
15	23932082	23932083	33	4	2	1	1	0.2	1	1	0.8	unphased	0.745573159366263	0.745573159366263	1
15	25330614	25330615	192	16	2	1	1	0.2	1	1	0.8	unphased	0.530503978779841	0.663129973474801	0.8
15	29406209	29406210	56	6	2	1	1	0.27	1	1	0.73	unphased	0.667408231368187	0.667408231368187	1
15	50528326	50528327	64	13	2	1	1	1	NA	NA	NA	unphased	1.16435288849082	1.16435288849082	1
15	72642796	72642797	106	19	2	1	1	1	NA	NA	NA	unphased	1.04827586206897	1.04827586206897	1
16	49430422	49430423	69	10	2	1	1	1	NA	NA	NA	unphased	0.872981230903536	0.872981230903536	1
17	263808	263809	96	18	2	1	1	0.15	1	1	0.85	unphased	1.08892921960073	1.08892921960073	1
17	2276315	2276316	13	4	2	1	1	0.15	1	1	0.85	unphased	1.62271805273834	1.62271805273834	1
17	37898638	37898639	99	24	2	1	1	1	NA	NA	NA	unphased	1.34566862910008	1.34566862910008	1
17	57851155	57851156	42	9	2	1	1	1	NA	NA	NA	unphased	1.21703853955375	1.21703853955375	1
17	62024443	62024444	27	3	2	1	1	1	NA	NA	NA	unphased	0.689655172413793	0.689655172413793	1
18	13884722	13884723	81	19	1	1	0	0.05	0	1	0.95	unphased	1.12034482758621	1.12034482758621	1
18	22806020	22806021	104	14	1	1	0	0.05	0	1	0.95	unphased	0.699590882524839	0.699590882524839	1
19	9325368	9325369	94	18	2	1	1	0.13	1	1	0.87	unphased	1.10837438423645	1.10837438423645	1
19	37209994	37209995	61	9	2	1	1	0.13	1	1	0.87	unphased	0.886699507389163	0.886699507389163	1
19	41381584	41381585	60	4	2	1	1	0.13	1	1	0.87	unphased	0.431034482758621	0.495441934205311	0.87
19	54721311	54721312	95	5	2	1	1	0.13	1	1	0.87	unphased	0.344827586206897	0.344827586206897	1
19	55221624	55221625	45	6	2	1	1	0.13	1	1	0.87	unphased	0.811359026369168	0.811359026369168	1
19	57326824	57326825	88	10	2	1	1	1	NA	NA	NA	unphased	0.703729767769177	0.703729767769177	1
2	1480943	1480944	14	4	2	1	1	1	NA	NA	NA	unphased	1.53256704980843	1.53256704980843	1
2	27315291	27315292	37	5	2	1	1	1	NA	NA	NA	unphased	0.821018062397373	0.821018062397373	1
2	50464011	50464012	68	11	2	1	1	1	NA	NA	NA	unphased	0.960279353993889	0.960279353993889	1
2	79385470	79385471	50	6	2	1	1	1	NA	NA	NA	unphased	0.738916256157635	0.738916256157635	1
2	168105686	168105687	99	10	2	1	1	1	NA	NA	NA	unphased	0.632711167352104	0.632711167352104	1
2	168105687	168105688	99	10	2	1	1	1	NA	NA	NA	unphased	0.632711167352104	0.632711167352104	1
2	212293134	212293135	92	15	2	1	1	1	NA	NA	NA	unphased	0.966806316467934	0.966806316467934	1
2	233398953	233398954	46	7	2	1	1	1	NA	NA	NA	unphased	0.910865322055953	0.910865322055953	1
21	43321742	43321743	77	8	2	1	1	1	NA	NA	NA	unphased	0.649087221095335	0.649087221095335	1
22	22730630	22730631	117	11	2	1	1	0.15	1	1	0.85	unphased	0.592672413793104	0.697261663286004	0.85
22	46654626	46654627	226	44	2	1	1	0.14	1	1	0.86	unphased	1.12388250319285	1.12388250319285	1
3	14862825	14862826	185	32	2	1	1	1	NA	NA	NA	unphased	1.01700301922771	1.01700301922771	1
3	164741475	164741476	93	10	2	1	1	1	NA	NA	NA	unphased	0.669568128557081	0.669568128557081	1
3	186947562	186947563	30	5	2	1	1	1	NA	NA	NA	unphased	0.985221674876847	0.985221674876847	1
3	194117577	194117578	43	7	2	1	1	1	NA	NA	NA	unphased	0.96551724137931	0.96551724137931	1
4	619637	619638	22	6	2	1	1	1	NA	NA	NA	unphased	1.47783251231527	1.47783251231527	1
4	2172479	2172480	75	11	2	1	1	1	NA	NA	NA	unphased	0.882117080994387	0.882117080994387	1
4	8046911	8046912	78	5	2	1	1	1	NA	NA	NA	unphased	0.415454923140839	0.415454923140839	1
4	110895915	110895916	62	15	2	1	1	1	NA	NA	NA	unphased	1.34348410210479	1.34348410210479	1
4	164272772	164272773	54	7	2	1	1	1	NA	NA	NA	unphased	0.791407574901074	0.791407574901074	1
5	39202549	39202550	101	13	2	1	1	1	NA	NA	NA	unphased	0.786448880822747	0.786448880822747	1
5	39331797	39331798	83	13	2	1	1	1	NA	NA	NA	unphased	0.933908045977011	0.933908045977011	1
5	75907005	75907006	74	8	2	1	1	1	NA	NA	NA	unphased	0.672834314550042	0.672834314550042	1
5	100191887	100191888	94	18	2	1	1	1	NA	NA	NA	unphased	1.10837438423645	1.10837438423645	1
5	128448847	128448848	8	4	2	1	1	1	NA	NA	NA	unphased	2.29885057471264	2.29885057471264	1
5	134191111	134191112	88	8	2	1	1	1	NA	NA	NA	unphased	0.574712643678161	0.574712643678161	1
5	139062520	139062521	40	7	2	1	1	1	NA	NA	NA	unphased	1.02714600146735	1.02714600146735	1
5	140182664	140182665	84	9	2	1	1	1	NA	NA	NA	unphased	0.667408231368187	0.667408231368187	1
5	140209602	140209603	87	7	2	1	1	1	NA	NA	NA	unphased	0.513573000733676	0.513573000733676	1
5	140580844	140580845	198	31	2	1	1	1	NA	NA	NA	unphased	0.933594338202078	0.933594338202078	1
5	148689529	148689530	57	7	2	1	1	1	NA	NA	NA	unphased	0.754310344827586	0.754310344827586	1
6	30622596	30622597	53	9	2	1	1	1	NA	NA	NA	unphased	1.00111234705228	1.00111234705228	1
6	55304317	55304318	96	15	1.16	1	1	0.16	1	0	0.84	unphased	0.818452935694315	0.818452935694315	1
6	70071184	70071185	77	10	2	1	1	1	NA	NA	NA	unphased	0.792707094728498	0.792707094728498	1
6	84563853	84563854	62	9	2	1	1	1	NA	NA	NA	unphased	0.874210781932977	0.874210781932977	1
6	110757115	110757116	75	11	2	1	1	1	NA	NA	NA	unphased	0.882117080994387	0.882117080994387	1
6	126080326	126080327	74	12	2	1	1	1	NA	NA	NA	unphased	0.962309542902967	0.962309542902967	1
6	129498899	129498900	49	7	2	1	1	1	NA	NA	NA	unphased	0.862068965517241	0.862068965517241	1
6	131900275	131900276	68	14	2	1	1	1	NA	NA	NA	unphased	1.17746005046257	1.17746005046257	1
7	12270708	12270709	76	13	2	1	1	1	NA	NA	NA	unphased	1.00736148779543	1.00736148779543	1
7	21779289	21779290	53	6	2	1	1	1	NA	NA	NA	unphased	0.701344243132671	0.701344243132671	1
7	44266158	44266159	15	9	2	1	1	1	NA	NA	NA	unphased	2.58620689655172	2.58620689655172	1
7	92131236	92131237	173	25	2	1	1	1	NA	NA	NA	unphased	0.870776732845698	0.870776732845698	1
7	150878439	150878440	33	5	2	1	1	1	NA	NA	NA	unphased	0.907441016333938	0.907441016333938	1
8	2800108	2800109	11	5	2	1	1	1	NA	NA	NA	unphased	2.1551724137931	2.1551724137931	1
8	53079546	53079547	120	18	2	1	1	1	NA	NA	NA	unphased	0.899550224887556	0.899550224887556	1
8	77763938	77763939	45	9	2	1	1	1	NA	NA	NA	unphased	1.14942528735632	1.14942528735632	1
8	89053964	89053965	61	10	2	1	1	1	NA	NA	NA	unphased	0.971345313258864	0.971345313258864	1
9	8460525	8460526	77	19	1	1	0	1	NA	NA	NA	unphased	1.16702586206897	1.16702586206897	1
9	43625369	43625370	99	21	1	1	0	1	NA	NA	NA	unphased	1.03189655172414	1.03189655172414	1
9	107267414	107267415	66	10	1	1	0	1	NA	NA	NA	unphased	0.775862068965517	0.775862068965517	1
X	16875780	16875781	78	29	NA	NA	NA	NA	NA	NA	NA	unphased	NA	NA	1
X	51644714	51644715	12	5	NA	NA	NA	NA	NA	NA	NA	unphased	NA	NA	1
X	134856853	134856854	347	13	NA	NA	NA	NA	NA	NA	NA	unphased	NA	NA	1
