chr	start	end	WT.count	mut.count	subclonal.CN	nMaj1	nMin1	frac1	nMaj2	nMin2	frac2	phase	mutation.copy.number	subclonal.fraction	no.chrs.bearing.mut
1	1235354	1235355	47	8	NA	NA	NA	NA	NA	NA	NA	unphased	NA	NA	1
1	2290141	2290142	12	18	NA	NA	NA	NA	NA	NA	NA	unphased	NA	NA	1
1	37324826	37324827	79	72	2	2	0	1	NA	NA	NA	unphased	1.76600441501104	0.883002207505519	2
1	39797829	39797830	94	92	2	2	0	1	NA	NA	NA	unphased	1.83193946634807	0.915969733174034	2
1	57224415	57224416	37	17	1	1	0	1	NA	NA	NA	unphased	0.85116598079561	0.85116598079561	1
1	74648473	74648474	78	30	1	1	0	1	NA	NA	NA	unphased	0.751028806584362	0.751028806584362	1
1	155156412	155156413	36	25	1	1	0	0.03	0	1	0.97	unphased	1.10807528840316	1.10807528840316	1
1	158151512	158151513	49	23	1	1	0	0.03	0	1	0.97	unphased	0.863683127572016	0.863683127572016	1
1	161168116	161168117	28	13	1	1	0	0.03	0	1	0.97	unphased	0.857271906052394	0.857271906052394	1
1	179084072	179084073	151	42	1	1	0	0.03	0	1	0.97	unphased	0.588370754173863	0.588370754173863	1
1	207737500	207737501	149	17	1	1	0	0.01	0	1	0.99	unphased	0.276885319053994	0.276885319053994	1
1	216850453	216850454	88	8	1	1	0	0.01	0	1	0.99	unphased	0.225308641975309	0.225308641975309	1
1	242287913	242287914	100	27	2.32	2	1	0.66	1	0	0.34	unphased	0.855433070866142	0.855433070866142	1
10	18250557	18250558	101	34	1	1	0	0.02	0	1	0.98	unphased	0.680932784636488	0.680932784636488	1
10	26377271	26377272	89	36	1	1	0	0.03	0	1	0.97	unphased	0.778666666666667	0.802749140893471	0.97
10	37438703	37438704	117	33	1	1	0	0.03	0	1	0.97	unphased	0.594814814814815	0.594814814814815	1
10	47086885	47086886	195	9	1	1	0	0.03	0	1	0.97	unphased	0.119281045751634	0.119281045751634	1
10	50916590	50916591	162	17	1	1	0	0.03	0	1	0.97	unphased	0.256776329402028	0.256776329402028	1
10	55582054	55582055	30	7	1	1	0	0.03	0	1	0.97	unphased	0.511511511511512	0.511511511511512	1
10	74684032	74684033	171	20	1	1	0	0.03	0	1	0.97	unphased	0.283110335466356	0.283110335466356	1
10	104174910	104174911	59	12	1	1	0	0.03	0	1	0.97	unphased	0.456964006259781	0.456964006259781	1
10	127524720	127524721	192	33	1.02	1	1	0.02	0	1	0.98	unphased	0.399476543209877	0.399476543209877	1
10	129905710	129905711	243	57	1.02	1	1	0.02	0	1	0.98	unphased	0.517503703703704	0.517503703703704	1
11	5173277	5173278	33	3	2	1	1	1	NA	NA	NA	unphased	0.308641975308642	0.308641975308642	1
11	5730644	5730645	182	15	2	1	1	1	NA	NA	NA	unphased	0.282007896221094	0.282007896221094	1
11	6048127	6048128	115	48	2	1	1	1	NA	NA	NA	unphased	1.0906612133606	1.0906612133606	1
11	9200610	9200611	120	41	2	1	1	1	NA	NA	NA	unphased	0.943179204048769	0.943179204048769	1
11	18194895	18194896	192	71	2	1	1	1	NA	NA	NA	unphased	0.999859174764118	0.999859174764118	1
11	27395521	27395522	358	97	2	1	1	1	NA	NA	NA	unphased	0.789580789580789	0.789580789580789	1
11	48238740	48238741	122	58	2	1	1	1	NA	NA	NA	unphased	1.19341563786008	1.19341563786008	1
11	55872974	55872975	236	78	2	1	1	1	NA	NA	NA	unphased	0.92002830856334	0.92002830856334	1
11	56184865	56184866	215	23	2	1	1	1	NA	NA	NA	unphased	0.35792094615624	0.35792094615624	1
11	62287373	62287374	198	59	2.38	2	1	0.38	1	1	0.62	unphased	0.937503963107076	0.937503963107076	1
11	71152282	71152283	74	39	2	1	1	0.11	1	1	0.89	unphased	1.27826941986234	1.27826941986234	1
11	105782632	105782633	108	46	2	1	1	0.11	1	1	0.89	unphased	1.10630110630111	1.10630110630111	1
11	124756582	124756583	23	8	2	1	1	1	NA	NA	NA	unphased	0.955794504181601	0.955794504181601	1
11	128680569	128680570	39	7	2	1	1	1	NA	NA	NA	unphased	0.563607085346216	0.563607085346216	1
12	27863869	27863870	28	14	1	1	0	0.01	0	1	0.99	unphased	0.901234567901234	0.901234567901234	1
12	32764097	32764098	132	22	1	1	0	1	NA	NA	NA	unphased	0.386243386243386	0.386243386243386	1
12	57324195	57324196	56	32	1	1	0	1	NA	NA	NA	unphased	0.983164983164983	0.983164983164983	1
12	72274314	72274315	55	8	2	2	0	1	NA	NA	NA	unphased	0.470311581422692	0.470311581422692	1
13	25029273	25029274	129	59	1	1	0	1	NA	NA	NA	unphased	0.848502758077226	0.848502758077226	1
13	31035761	31035762	19	9	2	2	0	1	NA	NA	NA	unphased	1.19047619047619	1.19047619047619	1
13	31036833	31036834	56	38	2	2	0	1	NA	NA	NA	unphased	1.49724192277384	0.748620961386919	2
13	49710724	49710725	73	30	1	1	0	1	NA	NA	NA	unphased	0.787486515641855	0.787486515641855	1
13	66878655	66878656	16	4	1	1	0	1	NA	NA	NA	unphased	0.540740740740741	0.540740740740741	1
14	24546966	24546967	17	5	2	1	1	0.29	1	1	0.71	unphased	0.841750841750842	0.841750841750842	1
14	30066892	30066893	104	70	2	1	1	0.29	1	1	0.71	unphased	1.48999574286931	1.48999574286931	1
14	64522938	64522939	69	27	2.16	2	1	0.58	1	0	0.42	unphased	1.08666666666667	1.08666666666667	1
14	64608106	64608107	153	71	2.16	2	1	0.58	1	0	0.42	unphased	1.22465608465608	1.22465608465608	1
14	64625420	64625421	91	24	2.16	2	1	0.58	1	0	0.42	unphased	0.806338164251208	0.806338164251208	1
14	94594941	94594942	52	10	2.16	2	1	0.58	1	0	0.42	unphased	0.623178016726404	0.623178016726404	1
14	94745118	94745119	21	2	2.16	2	1	0.58	1	0	0.42	unphased	0.33597423510467	0.33597423510467	1
14	94770790	94770791	115	27	2.16	2	1	0.58	1	0	0.42	unphased	0.734647887323944	0.734647887323944	1
14	100129255	100129256	123	39	2.16	2	1	0.58	1	0	0.42	unphased	0.930150891632373	0.930150891632373	1
14	107048908	107048909	134	22	NA	NA	NA	NA	NA	NA	NA	unphased	NA	NA	1
15	40599971	40599972	7	4	1	1	0	1	NA	NA	NA	unphased	0.983164983164983	0.983164983164983	1
15	41523622	41523623	19	2	1	1	0	1	NA	NA	NA	unphased	0.257495590828924	0.257495590828924	1
15	57730750	57730751	104	58	1	1	0	1	NA	NA	NA	unphased	0.967992684042067	0.967992684042067	1
15	76496129	76496130	119	63	1	1	0	1	NA	NA	NA	unphased	0.935897435897436	0.935897435897436	1
15	86262403	86262404	43	23	1	1	0	1	NA	NA	NA	unphased	0.942199775533109	0.942199775533109	1
16	1820908	1820909	43	18	2	1	1	1	NA	NA	NA	unphased	1.09289617486339	1.09289617486339	1
16	18846333	18846334	326	71	2	1	1	1	NA	NA	NA	unphased	0.662375221569176	0.662375221569176	1
16	18870956	18870957	50	23	2	1	1	1	NA	NA	NA	unphased	1.16692034500254	1.16692034500254	1
16	19027839	19027840	56	27	2	1	1	1	NA	NA	NA	unphased	1.20481927710843	1.20481927710843	1
16	20996733	20996734	27	13	2	1	1	1	NA	NA	NA	unphased	1.2037037037037	1.2037037037037	1
16	30080949	30080950	63	16	2	1	1	1	NA	NA	NA	unphased	0.750117205813408	0.750117205813408	1
16	46943684	46943685	122	37	2	1	1	1	NA	NA	NA	unphased	0.861868157465642	0.861868157465642	1
16	67709233	67709234	111	47	2	1	1	1	NA	NA	NA	unphased	1.10173464603844	1.10173464603844	1
17	7578211	7578212	48	20	1	1	0	0.07	0	1	0.93	unphased	0.79520697167756	0.79520697167756	1
17	26099413	26099414	58	23	1	1	0	0.07	0	1	0.93	unphased	0.76771833561957	0.76771833561957	1
17	32963125	32963126	23	9	1	1	0	0.07	0	1	0.93	unphased	0.760416666666667	0.760416666666667	1
17	47656180	47656181	42	11	1	1	0	0.07	0	1	0.93	unphased	0.561146051712089	0.603382851303322	0.93
17	54926588	54926589	103	13	1	1	0	0.07	0	1	0.93	unphased	0.303001277139208	0.303001277139208	1
17	73811301	73811302	184	61	1	1	0	0.07	0	1	0.93	unphased	0.673167044595616	0.673167044595616	1
17	75398372	75398373	11	3	1	1	0	0.07	0	1	0.93	unphased	0.579365079365079	0.579365079365079	1
18	909480	909481	67	29	2	1	1	1	NA	NA	NA	unphased	1.11882716049383	1.11882716049383	1
18	32464724	32464725	298	101	2	1	1	1	NA	NA	NA	unphased	0.937529007704446	0.937529007704446	1
18	39593459	39593460	260	23	2	1	1	0.12	1	1	0.88	unphased	0.301007721502421	0.301007721502421	1
18	47792748	47792749	165	42	2	1	1	0.12	1	1	0.88	unphased	0.751476113794954	0.853950129312448	0.88
19	847956	847957	12	4	1	1	0	1	NA	NA	NA	unphased	0.675925925925926	0.675925925925926	1
19	11527688	11527689	31	18	1	1	0	1	NA	NA	NA	unphased	0.993197278911565	0.993197278911565	1
19	13616886	13616887	24	5	1	1	0	1	NA	NA	NA	unphased	0.466155810983397	0.466155810983397	1
19	18277040	18277041	55	29	1	1	0	1	NA	NA	NA	unphased	0.93342151675485	0.93342151675485	1
19	33698457	33698458	41	11	2	2	0	1	NA	NA	NA	unphased	0.783475783475783	0.783475783475783	1
19	40519753	40519754	86	29	2	2	0	1	NA	NA	NA	unphased	0.933977455716586	0.933977455716586	1
19	47151565	47151566	13	4	2	2	0	1	NA	NA	NA	unphased	0.871459694989107	0.871459694989107	1
19	51132653	51132654	31	23	2	2	0	1	NA	NA	NA	unphased	1.57750342935528	0.788751714677641	2
19	57133480	57133481	38	33	2	2	0	1	NA	NA	NA	unphased	1.72143974960876	0.860719874804382	2
2	6989778	6989779	10	5	1.02	1	1	0.02	0	1	0.98	unphased	0.907901234567901	0.907901234567901	1
2	26418041	26418042	88	42	1.02	1	1	0.02	0	1	0.98	unphased	0.879965811965812	0.879965811965812	1
2	27480854	27480855	33	16	1.02	1	1	0.02	0	1	0.98	unphased	0.889372637944067	0.889372637944067	1
2	27672641	27672642	100	49	1.02	1	1	0.02	0	1	0.98	unphased	0.895714640815312	0.895714640815312	1
2	48898755	48898756	242	34	1	1	0	0.05	0	1	0.95	unphased	0.333064949006978	0.333064949006978	1
2	65217263	65217264	17	4	1	1	0	0.05	0	1	0.95	unphased	0.514991181657848	0.514991181657848	1
2	74760963	74760964	48	21	1	1	0	0.05	0	1	0.95	unphased	0.822866344605475	0.822866344605475	1
2	90229082	90229083	211	32	1	1	0	0.05	0	1	0.95	unphased	0.356043286084438	0.356043286084438	1
2	100938033	100938034	19	7	2	1	1	0.13	1	1	0.87	unphased	0.997150997150997	0.997150997150997	1
2	105858748	105858749	29	10	2	1	1	0.13	1	1	0.87	unphased	0.949667616334283	0.949667616334283	1
2	109100745	109100746	51	5	2	1	1	0.13	1	1	0.87	unphased	0.330687830687831	0.330687830687831	1
2	125281904	125281905	111	21	2	1	1	0.13	1	1	0.87	unphased	0.589225589225589	0.677270792213321	0.87
2	135659431	135659432	119	22	2	1	1	0.13	1	1	0.87	unphased	0.577882847386394	0.577882847386394	1
2	141356254	141356255	121	48	2	1	1	0.13	1	1	0.87	unphased	1.05193951347797	1.05193951347797	1
2	152522860	152522861	126	57	2	1	1	0.13	1	1	0.87	unphased	1.15361262902247	1.15361262902247	1
2	164466051	164466052	90	4	2	1	1	0.13	1	1	0.87	unphased	0.157604412923562	0.157604412923562	1
2	179642225	179642226	71	24	2	1	1	0.09	1	1	0.91	unphased	0.935672514619883	0.935672514619883	1
2	179648820	179648821	135	43	2	1	1	0.09	1	1	0.91	unphased	0.89471493965876	0.89471493965876	1
2	238283094	238283095	57	38	1	1	0	1	NA	NA	NA	unphased	1.08148148148148	1.08148148148148	1
2	242036817	242036818	78	30	1	1	0	1	NA	NA	NA	unphased	0.751028806584362	0.751028806584362	1
20	10622442	10622443	203	32	2	1	1	1	NA	NA	NA	unphased	0.504334121355398	0.504334121355398	1
20	13782281	13782282	108	27	2	1	1	1	NA	NA	NA	unphased	0.740740740740741	0.740740740740741	1
20	30616873	30616874	293	35	3	2	1	1	NA	NA	NA	unphased	0.501919602529359	0.501919602529359	1
20	48808475	48808476	43	12	3	2	1	1	NA	NA	NA	unphased	1.02626262626263	1.02626262626263	1
21	31768610	31768611	43	27	1	1	0	1	NA	NA	NA	unphased	1.04285714285714	1.04285714285714	1
21	31768914	31768915	34	13	1	1	0	1	NA	NA	NA	unphased	0.747832939322301	0.747832939322301	1
21	44837497	44837498	10	4	1	1	0	1	NA	NA	NA	unphased	0.772486772486772	0.772486772486772	1
21	47783430	47783431	126	45	NA	NA	NA	NA	NA	NA	NA	unphased	NA	NA	1
22	26304367	26304368	6	4	1.26	1	1	0.26	1	0	0.74	unphased	1.18548148148148	1.18548148148148	1
3	9036100	9036101	193	59	3	3	0	1	NA	NA	NA	unphased	1.10126396237507	1.10126396237507	1
3	52019411	52019412	89	4	1	1	0	1	NA	NA	NA	unphased	0.116288331342095	0.116288331342095	1
3	112267418	112267419	208	38	2.89	2	1	0.89	1	1	0.11	unphased	0.709596507076182	0.797299446153013	0.89
3	118917954	118917955	71	38	2.89	2	1	0.89	1	1	0.11	unphased	1.60147468569487	0.847341103542259	1.89
3	130290111	130290112	92	29	2.89	2	1	0.89	1	1	0.11	unphased	1.10097030915213	1.10097030915213	1
3	131102048	131102049	154	36	2.89	2	1	0.89	1	1	0.11	unphased	0.870385964912281	0.870385964912281	1
3	132235580	132235581	63	14	2.89	2	1	0.89	1	1	0.11	unphased	0.835218855218855	0.835218855218855	1
4	55602935	55602936	129	32	2	1	1	0.11	1	1	0.89	unphased	0.736139866574649	0.827123445589493	0.89
4	56448311	56448312	88	26	2	1	1	0.11	1	1	0.89	unphased	0.844704353476283	0.844704353476283	1
4	84358184	84358185	65	24	2	1	1	0.13	1	1	0.87	unphased	0.998751560549313	0.998751560549313	1
4	87684052	87684053	97	41	2	1	1	0.13	1	1	0.87	unphased	1.1003757380569	1.1003757380569	1
4	89385003	89385004	120	37	2	1	1	0.13	1	1	0.87	unphased	0.872847369662656	0.872847369662656	1
4	119273412	119273413	20	8	2	1	1	0.16	1	1	0.84	unphased	1.05820105820106	1.05820105820106	1
5	5146419	5146420	113	90	2.74	3	1	0.58	1	0	0.42	unphased	1.97011494252874	0.912090251170711	2.16
5	10286471	10286472	105	17	2.16	2	1	0.16	1	1	0.84	unphased	0.538384942319369	0.538384942319369	1
5	114469805	114469806	58	25	1	1	0	1	NA	NA	NA	unphased	0.814368585452923	0.814368585452923	1
5	128362849	128362850	83	34	1	1	0	1	NA	NA	NA	unphased	0.785691674580563	0.785691674580563	1
5	140553061	140553062	69	27	1	1	0	1	NA	NA	NA	unphased	0.760416666666667	0.760416666666667	1
5	140783975	140783976	57	29	1	1	0	1	NA	NA	NA	unphased	0.911714039621016	0.911714039621016	1
5	176304242	176304243	52	30	1	1	0	1	NA	NA	NA	unphased	0.989159891598916	0.989159891598916	1
6	3155930	3155931	66	40	2	2	0	1	NA	NA	NA	unphased	1.39762403913347	0.698812019566737	2
6	47253870	47253871	76	38	1	1	0	1	NA	NA	NA	unphased	0.901234567901234	0.901234567901234	1
6	51918944	51918945	144	42	2	1	1	0.28	1	1	0.72	unphased	0.836320191158901	0.836320191158901	1
6	54025337	54025338	101	26	2	1	1	0.28	1	1	0.72	unphased	0.758238553514144	0.758238553514144	1
6	97339015	97339016	116	31	2	1	1	0.28	1	1	0.72	unphased	0.781053162005543	0.781053162005543	1
6	161510412	161510413	225	58	2	1	1	0.17	1	1	0.83	unphased	0.759062949875671	0.914533674549001	0.83
7	20180436	20180437	18	12	1	1	0	1	NA	NA	NA	unphased	1.08148148148148	1.08148148148148	1
7	38254704	38254705	53	54	1	1	0	1	NA	NA	NA	unphased	1.36448598130841	1.36448598130841	1
7	43840097	43840098	54	30	1	1	0	1	NA	NA	NA	unphased	0.965608465608466	0.965608465608466	1
7	71175888	71175889	52	10	1.06	1	1	0.06	0	1	0.94	unphased	0.445758661887694	0.445758661887694	1
7	73111965	73111966	70	7	1.06	1	1	0.06	0	1	0.94	unphased	0.251245791245791	0.251245791245791	1
7	92905596	92905597	130	54	2	1	1	1	NA	NA	NA	unphased	1.08695652173913	1.08695652173913	1
7	100377229	100377230	15	6	2	1	1	1	NA	NA	NA	unphased	1.05820105820106	1.05820105820106	1
7	100677563	100677564	435	85	2	1	1	1	NA	NA	NA	unphased	0.605413105413105	0.605413105413105	1
7	100677564	100677565	427	83	2	1	1	1	NA	NA	NA	unphased	0.602759622367465	0.602759622367465	1
7	101747622	101747623	167	43	2	1	1	1	NA	NA	NA	unphased	0.758377425044092	0.758377425044092	1
7	107599894	107599895	87	23	2	1	1	1	NA	NA	NA	unphased	0.774410774410774	0.774410774410774	1
7	112535724	112535725	135	38	2	1	1	1	NA	NA	NA	unphased	0.813530293299079	0.813530293299079	1
7	117874558	117874559	78	25	2	1	1	1	NA	NA	NA	unphased	0.898957209636821	0.898957209636821	1
7	123593966	123593967	155	62	2	1	1	1	NA	NA	NA	unphased	1.05820105820106	1.05820105820106	1
7	137590524	137590525	245	103	2	1	1	1	NA	NA	NA	unphased	1.09621115368242	1.09621115368242	1
7	151878808	151878809	98	50	2.04	2	1	0.52	1	0	0.48	unphased	1.26476476476476	0.832082082082082	1.52
8	3165291	3165292	74	60	1	1	0	1	NA	NA	NA	unphased	1.2106135986733	1.2106135986733	1
8	38913122	38913123	689	62	8	7	1	1	0	1	0	unphased	0.801104699906298	0.801104699906298	1
8	53586412	53586413	62	40	2.46	2	1	0.46	1	1	0.54	unphased	1.63282498184459	1.11837327523602	1.46
8	85097157	85097158	35	7	2.27	2	1	0.27	1	1	0.73	unphased	0.662283950617284	0.662283950617284	1
8	88884954	88884955	29	4	2.27	2	1	0.27	1	1	0.73	unphased	0.481661054994388	0.481661054994388	1
8	121483081	121483082	177	19	2.46	2	1	0.46	1	1	0.54	unphased	0.403624338624339	0.877444214400736	0.46
8	124664914	124664915	75	47	2.46	2	1	0.46	1	1	0.54	unphased	1.60404978749241	1.0986642380085	1.46
8	145582908	145582909	78	49	NA	NA	NA	NA	NA	NA	NA	unphased	NA	NA	1
8	145697331	145697332	137	73	NA	NA	NA	NA	NA	NA	NA	unphased	NA	NA	1
8	145697403	145697404	119	62	NA	NA	NA	NA	NA	NA	NA	unphased	NA	NA	1
8	145773747	145773748	31	5	NA	NA	NA	NA	NA	NA	NA	unphased	NA	NA	1
9	104048409	104048410	123	50	2	1	1	0.18	1	1	0.82	unphased	1.07043459644616	1.07043459644616	1
9	104048505	104048506	92	45	2	1	1	0.18	1	1	0.82	unphased	1.21654501216545	1.21654501216545	1
9	116049073	116049074	437	231	2	1	1	0.18	1	1	0.82	unphased	1.28077178975383	1.28077178975383	1
9	131030745	131030746	48	21	2	1	1	0.18	1	1	0.82	unphased	1.12721417069243	1.12721417069243	1
X	31341741	31341742	31	20	NA	NA	NA	NA	NA	NA	NA	unphased	NA	NA	1
X	66943545	66943546	78	75	NA	NA	NA	NA	NA	NA	NA	unphased	NA	NA	1
X	71932780	71932781	16	17	NA	NA	NA	NA	NA	NA	NA	unphased	NA	NA	1
X	75003365	75003366	29	22	NA	NA	NA	NA	NA	NA	NA	unphased	NA	NA	1
X	135758807	135758808	49	27	NA	NA	NA	NA	NA	NA	NA	unphased	NA	NA	1
X	142795446	142795447	174	65	NA	NA	NA	NA	NA	NA	NA	unphased	NA	NA	1
Y	6115609	6115610	110	25	NA	NA	NA	NA	NA	NA	NA	unphased	NA	NA	1
