chr	start	end	WT.count	mut.count	subclonal.CN	nMaj1	nMin1	frac1	nMaj2	nMin2	frac2	phase	mutation.copy.number	subclonal.fraction	no.chrs.bearing.mut
1	3688108	3688109	43	7	3	2	1	1	NA	NA	NA	unphased	1.10551724137931	1.10551724137931	1
1	7887816	7887817	56	5	3	2	1	1	NA	NA	NA	unphased	0.647258338044093	0.647258338044093	1
1	22154751	22154752	60	8	3	2	1	1	NA	NA	NA	unphased	0.929006085192698	0.929006085192698	1
1	34067978	34067979	43	6	3	2	1	1	NA	NA	NA	unphased	0.966924700914849	0.966924700914849	1
1	158225829	158225830	39	7	3	2	1	1	NA	NA	NA	unphased	1.20164917541229	1.20164917541229	1
1	181680148	181680149	73	10	3	2	1	1	NA	NA	NA	unphased	0.951391773992522	0.951391773992522	1
10	96443544	96443545	27	6	2	2	0	1	NA	NA	NA	unphased	1.25391849529781	1.25391849529781	1
10	96827269	96827270	55	26	2	2	0	1	NA	NA	NA	unphased	2.2137079608344	1.1068539804172	2
11	21581913	21581914	12	5	4	2	2	1	NA	NA	NA	unphased	2.61663286004057	1.30831643002028	2
11	46896435	46896436	64	14	4	2	2	1	NA	NA	NA	unphased	1.59681697612732	0.798408488063661	2
11	65480829	65480830	34	5	3	2	1	1	NA	NA	NA	unphased	1.01237842617153	1.01237842617153	1
11	87016978	87016979	28	5	3	2	1	1	NA	NA	NA	unphased	1.19644723092999	1.19644723092999	1
12	53004545	53004546	33	5	1.16	2	0	0.16	1	0	0.84	unphased	0.796914700544465	0.796914700544465	1
12	98926688	98926689	47	7	1.16	2	0	0.16	1	0	0.84	unphased	0.785108556832695	0.785108556832695	1
12	104481814	104481815	16	6	1.16	2	0	0.16	1	0	0.84	unphased	1.6517868338558	1.6517868338558	1
14	30135342	30135343	52	18	3	3	0	1	NA	NA	NA	unphased	2.03054187192118	1.01527093596059	2
15	25442782	25442783	344	32	3	2	1	1	NA	NA	NA	unphased	0.672046955245781	0.672046955245781	1
15	53081188	53081189	46	6	3	2	1	1	NA	NA	NA	unphased	0.911140583554377	0.911140583554377	1
15	90171693	90171694	36	9	3	2	1	1	NA	NA	NA	unphased	1.57931034482759	1.57931034482759	1
15	101933581	101933582	38	8	NA	NA	NA	NA	NA	NA	NA	unphased	NA	NA	1
16	1388905	1388906	94	8	2.58	2	2	0.29	1	1	0.71	unphased	0.586396213657877	0.586396213657877	1
16	3789635	3789636	57	6	2.58	2	2	0.29	1	1	0.71	unphased	0.712052545155993	0.712052545155993	1
16	15865567	15865568	58	10	2.58	2	2	0.29	1	1	0.71	unphased	1.09949290060852	1.09949290060852	1
16	20477025	20477026	21	3	2.58	2	2	0.29	1	1	0.71	unphased	0.934568965517241	0.934568965517241	1
16	53922816	53922817	62	8	2.58	2	2	0.29	1	1	0.71	unphased	0.854463054187192	0.854463054187192	1
17	7094077	7094078	77	13	2	2	0	1	NA	NA	NA	unphased	0.996168582375479	0.996168582375479	1
17	33690293	33690294	105	8	4	2	2	1	NA	NA	NA	unphased	0.629844369850473	0.629844369850473	1
17	50008433	50008434	93	7	4	2	2	1	NA	NA	NA	unphased	0.622758620689655	0.622758620689655	1
17	52993165	52993166	33	4	4	2	2	1	NA	NA	NA	unphased	0.961789375582479	0.961789375582479	1
17	71166358	71166359	81	25	4	2	2	1	NA	NA	NA	unphased	2.09824333116461	1.0491216655823	2
17	75208269	75208270	187	41	4	2	2	1	NA	NA	NA	unphased	1.59981851179673	0.799909255898367	2
17	78039298	78039299	70	20	4	2	2	1	NA	NA	NA	unphased	1.97701149425287	0.988505747126437	2
18	31324283	31324284	35	4	4	2	2	1	NA	NA	NA	unphased	0.912466843501326	0.912466843501326	1
18	64172457	64172458	26	3	4	2	2	1	NA	NA	NA	unphased	0.920332936979786	0.920332936979786	1
19	4217103	4217104	84	5	8	7	1	1	NA	NA	NA	unphased	0.724525377760558	0.724525377760558	1
19	5641788	5641789	114	14	6	4	2	1	NA	NA	NA	unphased	1.19181034482759	1.19181034482759	1
19	7584120	7584121	95	10	6	4	2	1	NA	NA	NA	unphased	1.03776683087028	1.03776683087028	1
19	7584121	7584122	95	10	6	4	2	1	NA	NA	NA	unphased	1.03776683087028	1.03776683087028	1
19	7584122	7584123	96	10	6	4	2	1	NA	NA	NA	unphased	1.02797657774886	1.02797657774886	1
19	10610246	10610247	56	28	6	4	2	1	NA	NA	NA	unphased	3.63218390804598	0.908045977011494	4
19	16962229	16962230	55	13	6	4	2	1	NA	NA	NA	unphased	2.08316430020284	1.04158215010142	2
19	21605992	21605993	24	17	6	4	2	1	NA	NA	NA	unphased	4.51808242220353	1.12952060555088	4
19	40872568	40872569	52	11	4	2	2	1	NA	NA	NA	unphased	1.55336617405583	1.55336617405583	1
19	41351982	41351983	53	10	4	2	2	1	NA	NA	NA	unphased	1.41215106732348	1.41215106732348	1
19	41932030	41932031	30	6	4	2	2	1	NA	NA	NA	unphased	1.48275862068966	1.48275862068966	1
19	43575958	43575959	246	20	4	2	2	1	NA	NA	NA	unphased	0.668913663469017	0.668913663469017	1
19	54545431	54545432	113	39	4	2	2	1	NA	NA	NA	unphased	2.28266787658802	1.14133393829401	2
19	58639457	58639458	76	9	4	2	2	1	NA	NA	NA	unphased	0.941987829614604	0.941987829614604	1
2	32773031	32773032	52	5	4	2	2	1	NA	NA	NA	unphased	0.780399274047187	0.780399274047187	1
2	86705770	86705771	43	17	4	2	2	1	NA	NA	NA	unphased	2.52068965517241	1.26034482758621	2
2	89326855	89326856	121	8	4	2	2	1	NA	NA	NA	unphased	0.551724137931035	0.551724137931035	1
2	113498468	113498469	150	35	4	2	2	1	NA	NA	NA	unphased	1.68313140726934	0.841565703634669	2
2	167319015	167319016	32	6	2.3	2	2	0.15	1	1	0.85	unphased	1.13629764065336	1.13629764065336	1
2	169938129	169938130	64	6	2.3	2	2	0.15	1	1	0.85	unphased	0.616847290640394	0.616847290640394	1
2	198498589	198498590	52	7	2.3	2	2	0.15	1	1	0.85	unphased	0.853828170660432	0.853828170660432	1
2	219296604	219296605	18	5	2.3	2	2	0.15	1	1	0.85	unphased	1.56446776611694	1.56446776611694	1
2	219328033	219328034	90	9	2.3	2	2	0.15	1	1	0.85	unphased	0.65423197492163	0.65423197492163	1
2	234878420	234878421	90	14	2.3	2	2	0.15	1	1	0.85	unphased	0.968766578249337	0.968766578249337	1
20	20505104	20505105	49	6	4	2	2	1	NA	NA	NA	unphased	0.970532915360502	0.970532915360502	1
20	57829591	57829592	61	11	4	2	2	1	NA	NA	NA	unphased	1.35919540229885	1.35919540229885	1
22	43575987	43575988	124	14	2.43	2	1	0.43	1	1	0.57	unphased	0.743273363318341	0.743273363318341	1
22	46652799	46652800	54	10	2.43	2	1	0.43	1	1	0.57	unphased	1.14477370689655	1.14477370689655	1
22	50356381	50356382	33	7	NA	NA	NA	NA	NA	NA	NA	unphased	NA	NA	1
3	178927979	178927980	26	18	7	6	1	1	NA	NA	NA	unphased	4.86677115987461	0.973354231974922	5
3	183995719	183995720	148	13	7	6	1	1	NA	NA	NA	unphased	0.960591133004926	0.960591133004926	1
4	174254761	174254762	19	10	2	2	0	1	NA	NA	NA	unphased	2.37812128418549	1.18906064209275	2
5	41055933	41055934	58	11	1.08	2	1	0.04	0	1	0.96	unphased	0.952783608195902	0.952783608195902	1
5	54555721	54555722	55	10	1.08	2	1	0.04	0	1	0.96	unphased	0.91946949602122	0.91946949602122	1
5	110809030	110809031	53	6	1.08	2	1	0.04	0	1	0.96	unphased	0.607784921098773	0.607784921098773	1
5	140564335	140564336	76	25	1.08	2	1	0.04	0	1	0.96	unphased	1.47934448617276	1.42244662131996	1.04
5	140736731	140736732	35	4	1.08	2	1	0.04	0	1	0.96	unphased	0.612979664014147	0.612979664014147	1
6	12164613	12164614	42	11	4	2	2	1	NA	NA	NA	unphased	1.84645413142485	0.923227065712427	2
6	29364648	29364649	31	16	4	2	2	1	NA	NA	NA	unphased	3.02861335289802	1.51430667644901	2
6	32818802	32818803	80	6	3	2	1	1	NA	NA	NA	unphased	0.550922213311949	0.550922213311949	1
6	87725274	87725275	68	25	3	2	1	1	NA	NA	NA	unphased	2.12272895810159	1.0613644790508	2
7	37901735	37901736	21	3	4	2	2	1	NA	NA	NA	unphased	1.11206896551724	1.11206896551724	1
7	100205275	100205276	90	13	4	2	2	1	NA	NA	NA	unphased	1.12286575159022	1.12286575159022	1
7	100373091	100373092	48	7	4	2	2	1	NA	NA	NA	unphased	1.13228840125392	1.13228840125392	1
7	113518997	113518998	57	13	4	2	2	1	NA	NA	NA	unphased	1.65221674876847	0.826108374384237	2
8	6371295	6371296	72	7	4	2	2	1	NA	NA	NA	unphased	0.788302051505893	0.788302051505893	1
8	72958757	72958758	23	4	4	2	2	1	NA	NA	NA	unphased	1.31800766283525	1.31800766283525	1
8	77618421	77618422	45	6	4	2	2	1	NA	NA	NA	unphased	1.04665314401623	1.04665314401623	1
8	101612593	101612594	17	3	4	2	2	1	NA	NA	NA	unphased	1.33448275862069	1.33448275862069	1
8	121644767	121644768	21	7	4	2	2	1	NA	NA	NA	unphased	2.22413793103448	1.11206896551724	2
9	21971028	21971029	12	7	2.5	2	2	0.25	1	1	0.75	unphased	2.72504537205082	2.18003629764065	1.25
9	84606845	84606846	91	18	2.5	2	2	0.25	1	1	0.75	unphased	1.22144890857324	1.22144890857324	1
9	117798446	117798447	59	18	2.5	2	2	0.25	1	1	0.75	unphased	1.72906403940887	1.38325123152709	1.25
X	53279722	53279723	8	9	NA	NA	NA	NA	NA	NA	NA	unphased	NA	NA	1
X	69898678	69898679	15	4	NA	NA	NA	NA	NA	NA	NA	unphased	NA	NA	1
X	123514364	123514365	15	4	NA	NA	NA	NA	NA	NA	NA	unphased	NA	NA	1
X	153036445	153036446	24	26	NA	NA	NA	NA	NA	NA	NA	unphased	NA	NA	1
Y	3447453	3447454	14	4	NA	NA	NA	NA	NA	NA	NA	unphased	NA	NA	1
