chr	start	end	WT.count	mut.count	subclonal.CN	nMaj1	nMin1	frac1	nMaj2	nMin2	frac2	phase	mutation.copy.number	subclonal.fraction	no.chrs.bearing.mut
1	27706478	27706479	75	4	2.08	4	1	0.27	0	1	0.73	unphased	1.1292264416315	1.1292264416315	1
1	39826586	39826587	33	4	2.08	4	1	0.27	0	1	0.73	unphased	2.41105105105105	2.41105105105105	1
1	78326905	78326906	22	5	4.46	4	4	0.41	1	1	0.59	unphased	4.57078189300412	1.34040524721528	3.41
1	91840947	91840948	48	4	4.46	4	4	0.41	1	1	0.59	unphased	1.89863247863248	1.89863247863248	1
1	109268536	109268537	115	5	8	4	4	1	NA	NA	NA	unphased	1.17592592592593	1.17592592592593	1
1	152191338	152191339	236	36	8	7	1	1	NA	NA	NA	unphased	3.73529411764706	0.933823529411765	4
1	152285035	152285036	286	48	8	7	1	1	NA	NA	NA	unphased	4.05588822355289	1.01397205588822	4
1	156213652	156213653	191	15	8	7	1	1	0	1	0	unphased	2.05501618122977	1.02750809061489	2
1	158151925	158151926	173	12	8	7	1	1	0	1	0	unphased	1.83063063063063	0.915315315315315	2
1	158604377	158604378	98	22	8	7	1	1	0	1	0	unphased	5.17407407407407	1.03481481481481	5
1	165218669	165218670	53	4	8	7	1	1	NA	NA	NA	unphased	1.98050682261209	1.98050682261209	1
1	167517296	167517297	55	5	8	7	1	1	NA	NA	NA	unphased	2.35185185185185	1.17592592592593	2
1	169500091	169500092	114	9	8	7	1	1	NA	NA	NA	unphased	2.0650406504065	1.03252032520325	2
1	171560831	171560832	61	4	8	7	1	1	NA	NA	NA	unphased	1.73675213675214	1.73675213675214	1
1	186097254	186097255	79	9	8	7	1	1	NA	NA	NA	unphased	2.88636363636364	0.962121212121212	3
1	186275790	186275791	78	5	8	7	1	1	NA	NA	NA	unphased	1.70013386880857	1.70013386880857	1
1	204438007	204438008	42	3	8	7	1	1	0	1	0	unphased	1.88148148148148	1.88148148148148	1
1	228563505	228563506	18	9	8	7	1	1	0	1	0	unphased	9.40740740740741	1.34391534391534	7
1	237777800	237777801	87	31	8	7	1	1	NA	NA	NA	unphased	7.41431261770245	1.05918751681464	7
1	241761108	241761109	72	11	8	7	1	1	NA	NA	NA	unphased	3.74029451137885	0.935073627844712	4
1	248224106	248224107	208	13	8	7	1	1	NA	NA	NA	unphased	1.66013071895425	0.830065359477124	2
10	33475315	33475316	41	4	1.85	4	2	0.17	0	1	0.83	unphased	1.96197530864198	1.96197530864198	1
10	48388724	48388725	30	6	5	3	2	1	NA	NA	NA	unphased	4.2037037037037	1.40123456790123	3
10	48413958	48413959	40	5	5	3	2	1	NA	NA	NA	unphased	2.80246913580247	0.934156378600823	3
10	49643089	49643090	50	14	2.44	4	3	0.24	0	1	0.76	unphased	4.95736111111111	1.53004972565158	3.24
10	50315781	50315782	74	6	2.44	4	3	0.24	0	1	0.76	unphased	1.69966666666667	1.69966666666667	1
10	52912950	52912951	80	11	2.44	4	3	0.24	0	1	0.76	unphased	2.7393894993895	1.10459254007641	2.48
10	70451086	70451087	76	10	7	4	3	1	NA	NA	NA	unphased	3.16537467700258	1.05512489233419	3
10	79793588	79793589	36	3	7	4	3	1	NA	NA	NA	unphased	2.09401709401709	2.09401709401709	1
10	91404750	91404751	18	3	7	4	3	1	NA	NA	NA	unphased	3.88888888888889	0.972222222222222	4
10	98180777	98180778	134	9	7	4	3	1	NA	NA	NA	unphased	1.71328671328671	1.71328671328671	1
10	120354627	120354628	46	5	2.05	4	2	0.21	0	1	0.79	unphased	2.18355119825708	2.18355119825708	1
11	1275439	1275440	29	3	3.6	6	0	0.52	1	0	0.48	unphased	2.23333333333333	2.23333333333333	1
11	3700796	3700797	69	12	3.6	6	0	0.52	1	0	0.48	unphased	3.52921810699589	1.00261878039656	3.52
11	6623255	6623256	51	4	1.9	6	1	0.15	0	1	0.85	unphased	1.60888888888889	1.60888888888889	1
11	21594815	21594816	67	5	8	7	1	1	NA	NA	NA	unphased	1.95987654320988	1.95987654320988	1
11	55406489	55406490	54	3	NA	NA	NA	NA	NA	NA	NA	unphased	NA	NA	1
11	58034404	58034405	48	4	4.32	5	0	0.83	0	1	0.17	unphased	1.88786324786325	1.88786324786325	1
11	58477144	58477145	10	3	4.32	5	0	0.83	0	1	0.17	unphased	5.66358974358974	1.17258586823804	4.83
12	64377725	64377726	40	4	6	5	1	1	NA	NA	NA	unphased	2.38383838383838	2.38383838383838	1
12	85623398	85623399	67	4	6	5	1	1	NA	NA	NA	unphased	1.4773082942097	1.4773082942097	1
12	88486489	88486490	47	8	6	5	1	1	NA	NA	NA	unphased	3.81414141414141	0.953535353535354	4
12	100042056	100042057	49	8	4.65	5	1	0.73	0	1	0.27	unphased	3.49083820662768	1.00891277648199	3.46
12	105388412	105388413	48	3	4.65	5	1	0.73	0	1	0.27	unphased	1.46307189542484	1.46307189542484	1
13	52598928	52598929	81	4	2.44	4	1	0.36	1	0	0.64	unphased	1.06645751633987	1.06645751633987	1
13	103443386	103443387	28	5	5	4	1	1	NA	NA	NA	unphased	3.82154882154882	0.955387205387205	4
13	114290333	114290334	79	5	5	4	1	1	NA	NA	NA	unphased	1.50132275132275	1.50132275132275	1
14	22363162	22363163	56	6	6	3	3	1	NA	NA	NA	unphased	2.53763440860215	0.845878136200717	3
14	50585217	50585218	41	4	3.29	3	2	0.43	1	1	0.57	unphased	2.08997530864198	2.08997530864198	1
14	89154734	89154735	146	10	3.35	3	2	0.45	1	1	0.55	unphased	1.51103988603989	1.51103988603989	1
14	106067969	106067970	34	3	4	2	2	1	NA	NA	NA	unphased	1.96396396396396	1.96396396396396	1
14	106667739	106667740	172	17	NA	NA	NA	NA	NA	NA	NA	unphased	NA	NA	1
15	41384295	41384296	46	5	4	3	1	1	NA	NA	NA	unphased	2.37472766884532	1.18736383442266	2
15	43817849	43817850	40	3	3.96	3	3	0.49	1	1	0.51	unphased	1.68713178294574	1.68713178294574	1
15	43817850	43817851	41	3	3.96	3	3	0.49	1	1	0.51	unphased	1.64878787878788	1.64878787878788	1
15	52567821	52567822	106	9	3.96	3	3	0.49	1	1	0.51	unphased	1.89252173913043	0.955819060166886	1.98
15	77241576	77241577	62	7	5	3	2	1	NA	NA	NA	unphased	2.55877616747182	0.852925389157273	3
15	78757681	78757682	43	3	5	3	2	1	NA	NA	NA	unphased	1.64492753623188	1.64492753623188	1
15	90210248	90210249	32	3	2.8	3	2	0.45	1	0	0.55	unphased	1.97333333333333	1.97333333333333	1
16	2581103	2581104	50	6	6	3	3	1	NA	NA	NA	unphased	2.80952380952381	0.936507936507937	3
16	20387404	20387405	46	8	6	3	3	1	NA	NA	NA	unphased	3.88477366255144	1.29492455418381	3
16	20693629	20693630	34	4	6	3	3	1	NA	NA	NA	unphased	2.76023391812866	0.920077972709552	3
16	21136507	21136508	65	6	6	3	3	1	NA	NA	NA	unphased	2.21596244131455	1.10798122065728	2
16	84163766	84163767	82	7	2.92	4	0	0.46	1	1	0.54	unphased	1.8201747815231	1.8201747815231	1
17	7577508	7577509	40	6	2.92	3	0	0.96	0	1	0.04	unphased	3.01855072463768	1.01978065021543	2.96
17	19584864	19584865	20	5	3.49	3	1	0.83	0	1	0.17	unphased	4.74244444444444	1.67577542206517	2.83
17	29541541	29541542	45	18	8	7	1	1	0	1	0	unphased	8.06349206349206	1.15192743764172	7
17	37873783	37873784	22	3	7	7	0	1	0	1	0	unphased	3.26666666666667	1.08888888888889	3
17	39316847	39316848	58	4	7	7	0	1	0	1	0	unphased	1.75627240143369	1.75627240143369	1
17	40828442	40828443	36	6	7	7	0	1	0	1	0	unphased	3.88888888888889	0.972222222222222	4
17	42392138	42392139	28	10	7	7	0	1	0	1	0	unphased	7.16374269005848	1.0233918128655	7
17	45822237	45822238	76	10	8	7	1	1	NA	NA	NA	unphased	3.28165374677003	1.09388458225668	3
17	70120364	70120365	50	8	8	7	1	1	0	1	0	unphased	3.89272030651341	0.973180076628352	4
17	77755612	77755613	44	3	7	7	0	1	NA	NA	NA	unphased	1.73758865248227	1.73758865248227	1
19	3823278	3823279	113	9	5	5	0	1	NA	NA	NA	unphased	1.86065573770492	0.930327868852459	2
19	4323357	4323358	22	4	5	5	0	1	NA	NA	NA	unphased	3.88034188034188	0.97008547008547	4
19	6760966	6760967	18	7	5	5	0	1	NA	NA	NA	unphased	7.06222222222222	1.41244444444444	5
19	8922690	8922691	43	9	2.4	5	0	0.35	1	0	0.65	unphased	3.91538461538462	1.05821205821206	3.7
19	44988627	44988628	31	3	7	7	0	1	NA	NA	NA	unphased	2.40196078431373	2.40196078431373	1
19	53385179	53385180	147	6	5	4	1	1	NA	NA	NA	unphased	0.989106753812636	0.989106753812636	1
2	15467912	15467913	117	8	4.4	4	4	0.4	1	1	0.6	unphased	1.57582222222222	1.57582222222222	1
2	33518339	33518340	43	3	8	4	4	1	NA	NA	NA	unphased	1.84057971014493	1.84057971014493	1
2	80101315	80101316	40	3	3.92	4	4	0.32	1	1	0.68	unphased	1.68434108527132	1.68434108527132	1
2	88890358	88890359	76	4	3.92	4	4	0.32	1	1	0.68	unphased	1.20711111111111	1.20711111111111	1
2	152402927	152402928	109	9	3.03	4	4	0.29	1	0	0.71	unphased	1.77347457627119	1.77347457627119	1
2	164466136	164466137	80	4	3.03	4	4	0.29	1	0	0.71	unphased	1.10724867724868	1.10724867724868	1
2	166210985	166210986	57	4	8	4	4	1	NA	NA	NA	unphased	1.85063752276867	1.85063752276867	1
2	168097243	168097244	76	6	8	4	4	1	NA	NA	NA	unphased	2.0650406504065	2.0650406504065	1
2	172690506	172690507	106	5	8	4	4	1	NA	NA	NA	unphased	1.27127127127127	1.27127127127127	1
2	179471876	179471877	119	6	8	4	4	1	NA	NA	NA	unphased	1.35466666666667	1.35466666666667	1
2	179638804	179638805	105	5	8	4	4	1	NA	NA	NA	unphased	1.28282828282828	1.28282828282828	1
2	184022178	184022179	84	5	8	4	4	1	NA	NA	NA	unphased	1.58551810237203	1.58551810237203	1
2	190329913	190329914	35	5	8	4	4	1	NA	NA	NA	unphased	3.52777777777778	0.881944444444444	4
2	190329914	190329915	35	5	8	4	4	1	NA	NA	NA	unphased	3.52777777777778	0.881944444444444	4
20	8755210	8755211	95	5	5.66	7	1	0.61	1	1	0.39	unphased	1.29411111111111	1.29411111111111	1
21	27840851	27840852	42	7	4.2	3	3	0.64	1	0	0.36	unphased	3.48888888888889	1.32154882154882	2.64
21	30698513	30698514	52	6	4.2	3	3	0.64	1	0	0.36	unphased	2.5264367816092	0.956983629397422	2.64
21	31720750	31720751	35	3	4.2	3	3	0.64	1	0	0.36	unphased	1.9280701754386	1.9280701754386	1
21	47700446	47700447	77	4	3.12	2	2	0.56	1	1	0.44	unphased	1.15270233196159	1.15270233196159	1
22	30860876	30860877	60	7	5	3	2	1	NA	NA	NA	unphased	2.63515754560531	0.878385848535102	3
22	31533866	31533867	84	12	5	3	2	1	NA	NA	NA	unphased	3.15277777777778	1.05092592592593	3
22	39917916	39917917	171	19	4	2	2	1	NA	NA	NA	unphased	2.42222222222222	1.21111111111111	2
3	10370598	10370599	33	4	2.88	4	1	0.47	1	0	0.53	unphased	2.49753753753754	2.49753753753754	1
3	49412883	49412884	106	7	1.36	4	0	0.12	0	1	0.88	unphased	1.33695181907571	1.33695181907571	1
3	107097427	107097428	43	4	6	5	1	1	NA	NA	NA	unphased	2.23167848699764	2.23167848699764	1
3	193333543	193333544	127	6	3.32	4	1	0.44	1	1	0.56	unphased	1.06205513784461	1.06205513784461	1
4	16168343	16168344	56	5	6	3	3	1	NA	NA	NA	unphased	2.14936247723133	2.14936247723133	1
4	26483552	26483553	54	4	6	3	3	1	NA	NA	NA	unphased	1.80842911877395	1.80842911877395	1
4	71522068	71522069	39	3	4.45	4	3	0.49	1	1	0.51	unphased	1.76230158730159	1.76230158730159	1
4	71628270	71628271	241	11	4.45	4	3	0.49	1	1	0.51	unphased	1.07696208112875	1.07696208112875	1
4	94376854	94376855	49	5	8	4	4	1	NA	NA	NA	unphased	2.61316872427984	0.871056241426612	3
4	109088790	109088791	87	10	8	4	4	1	NA	NA	NA	unphased	2.90950744558992	0.96983581519664	3
4	120192972	120192973	60	8	8	4	4	1	NA	NA	NA	unphased	3.3202614379085	1.10675381263617	3
5	24509857	24509858	54	5	9	7	2	1	0	1	0	unphased	2.47645951035782	0.825486503452605	3
5	35955685	35955686	14	4	8	7	1	1	NA	NA	NA	unphased	6.2716049382716	1.04526748971193	6
5	38407005	38407006	80	4	8	7	1	1	NA	NA	NA	unphased	1.34391534391534	1.34391534391534	1
5	40853042	40853043	125	5	8	7	1	1	NA	NA	NA	unphased	1.08547008547009	1.08547008547009	1
5	42719375	42719376	21	16	8	7	1	1	NA	NA	NA	unphased	12.2042042042042	1.74345774345774	7
5	75997018	75997019	72	8	3.6	5	1	0.52	1	0	0.48	unphased	2.38222222222222	0.945326278659612	2.52
5	96121517	96121518	40	5	6	5	1	1	NA	NA	NA	unphased	2.91358024691358	0.97119341563786	3
5	113740430	113740431	63	4	6	5	1	1	NA	NA	NA	unphased	1.56550580431177	1.56550580431177	1
5	140581262	140581263	50	9	4	5	1	0.5	1	1	0.5	unphased	3.69491525423729	1.05569007263923	3.5
5	140740982	140740983	67	9	4	5	1	0.5	1	1	0.5	unphased	2.86842105263158	0.956140350877193	3
5	145537133	145537134	49	4	4	5	1	0.5	1	1	0.5	unphased	1.82809224318658	1.82809224318658	1
5	150932880	150932881	31	6	4	5	1	0.5	1	1	0.5	unphased	3.92792792792793	0.981981981981982	4
5	156899375	156899376	118	21	4	5	1	0.5	1	1	0.5	unphased	3.65947242206235	1.04556354916067	3.5
6	37439673	37439674	28	3	1.35	4	2	0.07	0	1	0.93	unphased	2.08763440860215	2.08763440860215	1
6	43174141	43174142	49	12	1.35	4	2	0.07	0	1	0.93	unphased	4.24371584699454	1.38231786547053	3.07
6	88049942	88049943	53	6	8	4	4	1	NA	NA	NA	unphased	2.87005649717514	0.956685499058381	3
6	96034798	96034799	95	17	8	4	4	1	NA	NA	NA	unphased	4.28373015873016	1.07093253968254	4
6	111896975	111896976	27	7	2.68	4	4	0.24	0	1	0.76	unphased	4.71516339869281	1.45529734527556	3.24
6	129601244	129601245	33	3	2.68	4	4	0.24	0	1	0.76	unphased	1.90851851851852	1.90851851851852	1
6	129775405	129775406	72	4	2.68	4	4	0.24	0	1	0.76	unphased	1.20538011695906	1.20538011695906	1
6	143092270	143092271	101	6	2.68	4	4	0.24	0	1	0.76	unphased	1.28423676012461	1.28423676012461	1
6	152740747	152740748	57	3	2.68	4	4	0.24	0	1	0.76	unphased	1.14511111111111	1.14511111111111	1
6	160200801	160200802	53	5	4.35	3	3	0.67	1	0	0.33	unphased	2.11829501915709	2.11829501915709	1
6	161575294	161575295	57	6	4.35	3	3	0.67	1	0	0.33	unphased	2.34021164021164	1.00009044453489	2.34
6	167789468	167789469	19	4	4.35	3	3	0.67	1	0	0.33	unphased	4.27342995169082	1.60053556243102	2.67
7	11630158	11630159	23	5	7.16	5	4	0.77	0	1	0.23	unphased	4.88968253968254	1.02509067917873	4.77
7	27135517	27135518	85	14	8	4	4	1	NA	NA	NA	unphased	3.99102132435466	0.997755331088664	4
7	38424352	38424353	25	4	8	4	4	1	NA	NA	NA	unphased	3.89272030651341	0.973180076628352	4
7	54612384	54612385	40	3	4	3	3	0.5	1	1	0.5	unphased	1.68992248062016	1.68992248062016	1
7	64004746	64004747	182	17	4	3	3	0.5	1	1	0.5	unphased	2.06923506420994	1.03461753210497	2
7	95223024	95223025	70	4	1.42	4	4	0.06	0	1	0.94	unphased	1.16984984984985	1.16984984984985	1
7	100681026	100681027	230	14	3.58	4	3	0.43	1	0	0.57	unphased	1.36570127504554	1.36570127504554	1
7	146741134	146741135	79	18	7	5	2	1	NA	NA	NA	unphased	5.05154639175258	1.01030927835052	5
8	27634592	27634593	38	4	6	3	3	1	NA	NA	NA	unphased	2.4973544973545	2.4973544973545	1
8	36642071	36642072	20	4	6	3	3	1	NA	NA	NA	unphased	4.37037037037037	1.45679012345679	3
8	77766228	77766229	107	21	10	5	5	1	NA	NA	NA	unphased	4.95833333333333	0.991666666666667	5
8	86044010	86044011	36	3	10	5	5	1	NA	NA	NA	unphased	2.32478632478632	2.32478632478632	1
8	87541246	87541247	54	9	10	5	5	1	NA	NA	NA	unphased	4.31746031746032	1.07936507936508	4
8	104897821	104897822	27	3	10	5	5	1	NA	NA	NA	unphased	3.02222222222222	3.02222222222222	1
8	113392611	113392612	103	8	10	5	5	1	NA	NA	NA	unphased	2.17817817817818	1.08908908908909	2
8	139164799	139164800	58	5	8	4	4	1	NA	NA	NA	unphased	2.23985890652557	2.23985890652557	1
9	32633848	32633849	182	12	4	2	2	1	NA	NA	NA	unphased	1.49828178694158	1.49828178694158	1
9	124522421	124522422	38	6	3.02	2	2	0.51	1	1	0.49	unphased	3.16939393939394	2.0989363837046	1.51
9	127715206	127715207	33	4	3.02	2	2	0.51	1	1	0.49	unphased	2.51267267267267	2.51267267267267	1
X	12906560	12906561	85	9	NA	NA	NA	NA	NA	NA	NA	unphased	NA	NA	1
X	30237165	30237166	15	3	NA	NA	NA	NA	NA	NA	NA	unphased	NA	NA	1
X	34648487	34648488	41	4	NA	NA	NA	NA	NA	NA	NA	unphased	NA	NA	1
X	92927555	92927556	71	7	NA	NA	NA	NA	NA	NA	NA	unphased	NA	NA	1
X	101098157	101098158	38	5	NA	NA	NA	NA	NA	NA	NA	unphased	NA	NA	1
X	111025367	111025368	30	6	NA	NA	NA	NA	NA	NA	NA	unphased	NA	NA	1
X	111195529	111195530	32	7	NA	NA	NA	NA	NA	NA	NA	unphased	NA	NA	1
X	117815130	117815131	53	6	NA	NA	NA	NA	NA	NA	NA	unphased	NA	NA	1
X	128724362	128724363	13	3	NA	NA	NA	NA	NA	NA	NA	unphased	NA	NA	1
X	140995963	140995964	93	9	NA	NA	NA	NA	NA	NA	NA	unphased	NA	NA	1
X	153588250	153588251	33	8	NA	NA	NA	NA	NA	NA	NA	unphased	NA	NA	1
