chr	start	end	WT.count	mut.count	subclonal.CN	nMaj1	nMin1	frac1	nMaj2	nMin2	frac2	phase	mutation.copy.number	subclonal.fraction	no.chrs.bearing.mut
1	2160526	2160527	43	4	NA	NA	NA	NA	NA	NA	NA	unphased	NA	NA	1
1	2538421	2538422	157	29	NA	NA	NA	NA	NA	NA	NA	unphased	NA	NA	1
1	9415835	9415836	11	2	2	1	1	0.11	1	1	0.89	unphased	0.904977375565611	0.904977375565611	1
1	11073907	11073908	46	9	2	1	1	0.11	1	1	0.89	unphased	0.962566844919786	0.962566844919786	1
1	16355300	16355301	241	29	2	1	1	0.11	1	1	0.89	unphased	0.631808278867102	0.709896942547306	0.89
1	19440384	19440385	121	17	2	1	1	0.11	1	1	0.89	unphased	0.72463768115942	0.72463768115942	1
1	20417121	20417122	77	11	2	1	1	0.11	1	1	0.89	unphased	0.735294117647059	0.735294117647059	1
1	22924314	22924315	167	24	2	1	1	0.11	1	1	0.89	unphased	0.739143825069295	0.739143825069295	1
1	29519818	29519819	165	19	2	1	1	0.11	1	1	0.89	unphased	0.607416879795396	0.682490876174603	0.89
1	32207448	32207449	70	14	2	1	1	0.11	1	1	0.89	unphased	0.980392156862745	0.980392156862745	1
1	38079970	38079971	91	10	2	1	1	0.11	1	1	0.89	unphased	0.5824111822947	0.654394586847978	0.89
1	38330059	38330060	25	4	2	1	1	0.11	1	1	0.89	unphased	0.811359026369168	0.811359026369168	1
1	39747973	39747974	94	12	2	1	1	0.11	1	1	0.89	unphased	0.665926748057714	0.665926748057714	1
1	39798962	39798963	37	5	2	1	1	0.11	1	1	0.89	unphased	0.700280112044818	0.700280112044818	1
1	41512217	41512218	186	16	2	1	1	0.11	1	1	0.89	unphased	0.46592894583576	0.46592894583576	1
1	51822487	51822488	47	10	2	1	1	0.11	1	1	0.89	unphased	1.03199174406605	1.03199174406605	1
1	60538307	60538308	80	21	2	1	1	0.11	1	1	0.89	unphased	1.22306348281887	1.22306348281887	1
1	67838443	67838444	86	7	2	1	1	0.11	1	1	0.89	unphased	0.442757748260595	0.49748061602314	0.89
1	75716909	75716910	66	8	2	1	1	0.11	1	1	0.89	unphased	0.635930047694754	0.635930047694754	1
1	76262627	76262628	97	11	2	1	1	0.11	1	1	0.89	unphased	0.599128540305011	0.673178135174169	0.89
1	78272752	78272753	59	14	2	1	1	0.11	1	1	0.89	unphased	1.12812248186946	1.12812248186946	1
1	82456619	82456620	88	11	2	1	1	1	NA	NA	NA	unphased	0.65359477124183	0.65359477124183	1
1	85484714	85484715	8	4	2	1	1	1	NA	NA	NA	unphased	1.96078431372549	1.96078431372549	1
1	87538615	87538616	25	4	2	1	1	1	NA	NA	NA	unphased	0.811359026369168	0.811359026369168	1
1	87538636	87538637	28	5	2	1	1	1	NA	NA	NA	unphased	0.89126559714795	0.89126559714795	1
1	110765763	110765764	233	35	1	1	0	1	NA	NA	NA	unphased	0.637620719929763	0.637620719929763	1
1	114454044	114454045	88	14	1	1	0	1	NA	NA	NA	unphased	0.670126874279123	0.670126874279123	1
1	114506047	114506048	65	14	1	1	0	1	NA	NA	NA	unphased	0.865227103499628	0.865227103499628	1
1	116929943	116929944	61	12	1	1	0	1	NA	NA	NA	unphased	0.802578565672844	0.802578565672844	1
1	119467399	119467400	232	31	1	1	0	1	NA	NA	NA	unphased	0.575486468351599	0.575486468351599	1
1	119923748	119923749	122	32	1	1	0	1	NA	NA	NA	unphased	1.01451489686784	1.01451489686784	1
1	143767528	143767529	254	28	2	2	0	0.64	1	1	0.36	unphased	0.584063412599082	0.584063412599082	1
1	151789747	151789748	57	17	2	2	0	0.64	1	1	0.36	unphased	1.35135135135135	1.35135135135135	1
1	153955015	153955016	116	22	2	2	0	0.64	1	1	0.36	unphased	0.937766410912191	0.937766410912191	1
1	155290587	155290588	30	13	2	2	0	0.64	1	1	0.36	unphased	1.77838577291382	1.08438156884989	1.64
1	155838150	155838151	165	18	2	2	0	0.64	1	1	0.36	unphased	0.578592092574735	0.578592092574735	1
1	157665859	157665860	124	13	2	2	0	0.64	1	1	0.36	unphased	0.55817947617003	0.55817947617003	1
1	158641886	158641887	119	19	2	2	0	0.64	1	1	0.36	unphased	0.809889173060529	0.809889173060529	1
1	159752083	159752084	71	12	2	2	0	0.64	1	1	0.36	unphased	0.850460666194188	0.850460666194188	1
1	159778030	159778031	66	11	2	2	0	0.64	1	1	0.36	unphased	0.840336134453781	0.840336134453781	1
1	161207867	161207868	185	32	2	2	0	0.64	1	1	0.36	unphased	0.867443751694226	0.867443751694226	1
1	163038713	163038714	11	4	2	2	0	0.64	1	1	0.36	unphased	1.56862745098039	1.56862745098039	1
1	165218737	165218738	137	18	2	2	0	0.64	1	1	0.36	unphased	0.683111954459203	0.683111954459203	1
1	169099250	169099251	77	9	2	2	0	0.64	1	1	0.36	unphased	0.615595075239398	0.615595075239398	1
1	171756911	171756912	55	5	2	2	0	0.64	1	1	0.36	unphased	0.490196078431372	0.490196078431372	1
1	171756912	171756913	55	5	2	2	0	0.64	1	1	0.36	unphased	0.490196078431372	0.490196078431372	1
1	175375705	175375706	279	24	2	2	0	0.64	1	1	0.36	unphased	0.46592894583576	1.294247071766	0.36
1	177225239	177225240	42	9	2	2	0	0.64	1	1	0.36	unphased	1.03806228373702	1.03806228373702	1
1	181759588	181759589	76	20	2	2	0	0.64	1	1	0.36	unphased	1.22549019607843	1.22549019607843	1
1	186017886	186017887	30	12	2	2	0	0.64	1	1	0.36	unphased	1.68067226890756	1.02480016396803	1.64
1	186114533	186114534	71	22	2	2	0	0.64	1	1	0.36	unphased	1.39152435167615	1.39152435167615	1
1	190068174	190068175	23	11	2	2	0	0.64	1	1	0.36	unphased	1.90311418685121	1.16043547978732	1.64
1	197404214	197404215	77	5	2	2	0	0.64	1	1	0.36	unphased	0.358680057388809	0.996333492746692	0.36
1	200635229	200635230	102	43	2	2	0	0.64	1	1	0.36	unphased	1.74442190669371	1.06367189432543	1.64
1	205897042	205897043	228	37	2	2	0	0.64	1	1	0.36	unphased	0.821309655937847	0.821309655937847	1
1	207651398	207651399	18	23	2	2	0	0.64	1	1	0.36	unphased	3.29985652797704	2.01210763901039	1.64
1	210573934	210573935	75	14	2	2	0	0.64	1	1	0.36	unphased	0.92531394580304	0.92531394580304	1
1	214813816	214813817	51	4	2	2	0	0.64	1	1	0.36	unphased	0.427807486631016	1.1883541295306	0.36
1	215933053	215933054	55	18	2	2	0	0.64	1	1	0.36	unphased	1.45044319097502	1.45044319097502	1
1	220088903	220088904	96	31	2	2	0	0.64	1	1	0.36	unphased	1.43584993052339	0.87551825031914	1.64
1	220340873	220340874	126	35	2	2	0	0.64	1	1	0.36	unphased	1.27877237851662	1.27877237851662	1
1	220870141	220870142	6	6	2	2	0	0.64	1	1	0.36	unphased	2.94117647058824	1.79340028694405	1.64
1	228486314	228486315	126	30	2	2	0	0.64	1	1	0.36	unphased	1.13122171945701	1.13122171945701	1
1	231361243	231361244	74	5	2	2	0	0.64	1	1	0.36	unphased	0.372300819061802	1.03416894183834	0.36
1	232581297	232581298	63	19	2	2	0	0.64	1	1	0.36	unphased	1.36298421807747	1.36298421807747	1
1	234561499	234561500	23	9	2	2	0	0.64	1	1	0.36	unphased	1.65441176470588	1.65441176470588	1
1	236645749	236645750	51	22	2	2	0	0.64	1	1	0.36	unphased	1.77276390008058	1.08095359761011	1.64
1	236758866	236758867	25	8	2	2	0	0.64	1	1	0.36	unphased	1.42602495543672	1.42602495543672	1
1	236758867	236758868	25	8	2	2	0	0.64	1	1	0.36	unphased	1.42602495543672	1.42602495543672	1
1	237754064	237754065	125	55	2	2	0	1	NA	NA	NA	unphased	1.79738562091503	0.898692810457516	2
1	241798069	241798070	87	6	2	2	0	1	NA	NA	NA	unphased	0.379506641366224	0.379506641366224	1
1	248790036	248790037	60	23	NA	NA	NA	NA	NA	NA	NA	unphased	NA	NA	1
10	52005116	52005117	37	9	1	1	0	1	NA	NA	NA	unphased	0.955242966751918	0.955242966751918	1
10	55913024	55913025	87	22	1	1	0	1	NA	NA	NA	unphased	0.985429033998921	0.985429033998921	1
10	61831081	61831082	37	7	1	1	0	1	NA	NA	NA	unphased	0.776737967914438	0.776737967914438	1
10	75006544	75006545	61	7	1	1	0	1	NA	NA	NA	unphased	0.502595155709343	0.502595155709343	1
10	75289946	75289947	85	17	1	1	0	1	NA	NA	NA	unphased	0.813725490196078	0.813725490196078	1
10	89574202	89574203	42	7	1	1	0	1	NA	NA	NA	unphased	0.697478991596639	0.697478991596639	1
10	89717608	89717609	100	24	1	1	0	1	NA	NA	NA	unphased	0.944971537001897	0.944971537001897	1
10	98188458	98188459	36	4	1	1	0	1	NA	NA	NA	unphased	0.488235294117647	0.488235294117647	1
10	102789841	102789842	101	16	1	1	0	1	NA	NA	NA	unphased	0.667672197083962	0.667672197083962	1
10	105677307	105677308	77	31	1	1	0	1	NA	NA	NA	unphased	1.40141612200436	1.40141612200436	1
10	123247513	123247514	147	32	1	1	0	1	NA	NA	NA	unphased	0.872822872165626	0.872822872165626	1
10	123843099	123843100	80	20	1	1	0	1	NA	NA	NA	unphased	0.976470588235294	0.976470588235294	1
10	131761678	131761679	81	25	1	1	0	1	NA	NA	NA	unphased	1.15149833518313	1.15149833518313	1
11	1162212	1162213	19	3	2	1	1	0.19	1	1	0.81	unphased	0.802139037433155	0.802139037433155	1
11	4842770	4842771	189	37	2	1	1	0.19	1	1	0.81	unphased	0.963040083289953	0.963040083289953	1
11	5153360	5153361	129	12	2	1	1	0.19	1	1	0.81	unphased	0.500625782227785	0.61805652126887	0.81
11	5462241	5462242	46	12	2	1	1	0.19	1	1	0.81	unphased	1.21703853955375	1.21703853955375	1
11	5602881	5602882	132	28	2	1	1	0.19	1	1	0.81	unphased	1.02941176470588	1.02941176470588	1
11	14501217	14501218	31	4	2	1	1	0.19	1	1	0.81	unphased	0.672268907563025	0.672268907563025	1
11	16838851	16838852	79	16	2	1	1	0.19	1	1	0.81	unphased	0.990712074303405	0.990712074303405	1
11	55890522	55890523	130	10	2	1	1	0.19	1	1	0.81	unphased	0.420168067226891	0.420168067226891	1
11	55905080	55905081	118	17	2	1	1	0.19	1	1	0.81	unphased	0.740740740740741	0.740740740740741	1
11	56949711	56949712	69	14	2	1	1	0.19	1	1	0.81	unphased	0.992204110559886	0.992204110559886	1
11	57983023	57983024	56	10	2	1	1	0.19	1	1	0.81	unphased	0.89126559714795	0.89126559714795	1
11	57983024	57983025	60	10	2	1	1	0.19	1	1	0.81	unphased	0.840336134453781	0.840336134453781	1
11	59224452	59224453	104	10	2	1	1	0.19	1	1	0.81	unphased	0.515995872033024	0.637031940781511	0.81
11	60694796	60694797	93	14	2	1	1	0.19	1	1	0.81	unphased	0.769653655854865	0.769653655854865	1
11	61506987	61506988	198	33	2	1	1	0.19	1	1	0.81	unphased	0.840336134453781	0.840336134453781	1
11	61538995	61538996	125	14	2	1	1	0.19	1	1	0.81	unphased	0.592467202708421	0.731440990998051	0.81
11	62066455	62066456	57	7	2	1	1	0.19	1	1	0.81	unphased	0.643382352941176	0.643382352941176	1
11	62343107	62343108	566	90	2	1	1	0.19	1	1	0.81	unphased	0.807030129124821	0.996333492746692	0.81
11	77885307	77885308	37	8	1	1	0	1	NA	NA	NA	unphased	0.86797385620915	0.86797385620915	1
11	94533318	94533319	152	34	1	1	0	1	NA	NA	NA	unphased	0.89247311827957	0.89247311827957	1
11	95825635	95825636	29	3	1	1	0	1	NA	NA	NA	unphased	0.457720588235294	0.457720588235294	1
11	102642772	102642773	46	8	1	1	0	1	NA	NA	NA	unphased	0.723311546840959	0.723311546840959	1
11	108170553	108170554	41	6	1	1	0	1	NA	NA	NA	unphased	0.623279098873592	0.623279098873592	1
11	111942387	111942388	75	13	1	1	0	1	NA	NA	NA	unphased	0.721256684491979	0.721256684491979	1
11	116701533	116701534	32	7	1	1	0	1	NA	NA	NA	unphased	0.8763197586727	0.8763197586727	1
11	118037751	118037752	62	11	1	1	0	1	NA	NA	NA	unphased	0.735697018533441	0.735697018533441	1
11	118916338	118916339	104	20	1	1	0	1	NA	NA	NA	unphased	0.787476280834914	0.787476280834914	1
11	124626544	124626545	45	16	1	1	0	1	NA	NA	NA	unphased	1.28061716489875	1.28061716489875	1
11	125359646	125359647	74	16	1	1	0	1	NA	NA	NA	unphased	0.86797385620915	0.86797385620915	1
12	2968671	2968672	80	9	2	1	1	0.2	1	1	0.8	unphased	0.594844679444812	0.594844679444812	1
12	6753465	6753466	34	5	2	1	1	0.2	1	1	0.8	unphased	0.754147812971342	0.754147812971342	1
12	7585181	7585182	27	9	2	1	1	0.2	1	1	0.8	unphased	1.47058823529412	1.47058823529412	1
12	8376661	8376662	118	7	2	1	1	0.2	1	1	0.8	unphased	0.329411764705882	0.329411764705882	1
12	9085260	9085261	131	21	2	1	1	0.2	1	1	0.8	unphased	0.812693498452012	0.812693498452012	1
12	10005885	10005886	16	4	2	1	1	0.2	1	1	0.8	unphased	1.17647058823529	1.17647058823529	1
12	14959003	14959004	99	10	2	1	1	0.2	1	1	0.8	unphased	0.539665407447383	0.674581759309228	0.8
12	18847949	18847950	33	5	2	1	1	0.2	1	1	0.8	unphased	0.773993808049536	0.773993808049536	1
12	26784968	26784969	170	21	2	1	1	0.2	1	1	0.8	unphased	0.646750846935633	0.808438558669541	0.8
12	53818182	53818183	25	5	2	1	1	0.2	1	1	0.8	unphased	0.980392156862745	0.980392156862745	1
12	53925645	53925646	46	12	NA	NA	NA	NA	NA	NA	NA	unphased	NA	NA	1
12	55026968	55026969	340	64	2	1	1	0.21	1	1	0.79	unphased	0.93185789167152	0.93185789167152	1
12	55026969	55026970	341	63	2	1	1	0.21	1	1	0.79	unphased	0.917297612114153	0.917297612114153	1
12	55523850	55523851	131	24	2	1	1	0.21	1	1	0.79	unphased	0.910815939278937	0.910815939278937	1
12	56031277	56031278	122	9	2	1	1	0.21	1	1	0.79	unphased	0.404131118096093	0.404131118096093	1
12	62918345	62918346	34	6	2	1	1	0.21	1	1	0.79	unphased	0.88235294117647	0.88235294117647	1
12	62931018	62931019	50	5	2	1	1	0.21	1	1	0.79	unphased	0.53475935828877	0.53475935828877	1
12	66725324	66725325	48	3	2	1	1	0.21	1	1	0.79	unphased	0.346020761245675	0.43800096360212	0.79
12	69652644	69652645	136	13	2	1	1	0.21	1	1	0.79	unphased	0.513225424397947	0.649652435946768	0.79
12	72265863	72265864	47	4	2	1	1	0.21	1	1	0.79	unphased	0.461361014994233	0.461361014994233	1
12	85264442	85264443	44	9	2	1	1	0.21	1	1	0.79	unphased	0.99889012208657	0.99889012208657	1
12	89993068	89993069	33	5	2	1	1	0.21	1	1	0.79	unphased	0.773993808049536	0.773993808049536	1
12	91572349	91572350	21	2	2	1	1	0.21	1	1	0.79	unphased	0.51150895140665	0.51150895140665	1
12	93206819	93206820	106	15	2	1	1	0.21	1	1	0.79	unphased	0.729217306757414	0.729217306757414	1
12	96350636	96350637	161	14	2	1	1	0.21	1	1	0.79	unphased	0.470588235294118	0.470588235294118	1
12	101295617	101295618	71	8	2	1	1	0.21	1	1	0.79	unphased	0.595681310498883	0.595681310498883	1
12	102559543	102559544	93	17	2	1	1	0.21	1	1	0.79	unphased	0.909090909090909	0.909090909090909	1
12	109895443	109895444	56	4	2	1	1	0.21	1	1	0.79	unphased	0.392156862745098	0.496401092082402	0.79
12	111963097	111963098	63	18	2	1	1	0.21	1	1	0.79	unphased	1.30718954248366	1.30718954248366	1
12	120942705	120942706	63	4	2	1	1	0.21	1	1	0.79	unphased	0.351185250219491	0.444538291417077	0.79
12	121098601	121098602	210	42	2	1	1	0.21	1	1	0.79	unphased	0.980392156862745	0.980392156862745	1
12	123806174	123806175	61	10	2	1	1	0.21	1	1	0.79	unphased	0.828500414250207	0.828500414250207	1
12	130839473	130839474	112	22	2	1	1	0.21	1	1	0.79	unphased	0.9657594381036	0.9657594381036	1
13	25284675	25284676	88	22	1	1	0	1	NA	NA	NA	unphased	0.976470588235294	0.976470588235294	1
13	32745229	32745230	79	13	1	1	0	1	NA	NA	NA	unphased	0.689897698209719	0.689897698209719	1
13	37427790	37427791	66	12	1	1	0	1	NA	NA	NA	unphased	0.751131221719457	0.751131221719457	1
13	37605910	37605911	52	11	1	1	0	1	NA	NA	NA	unphased	0.852474323062558	0.852474323062558	1
13	37606005	37606006	57	6	1	1	0	1	NA	NA	NA	unphased	0.464985994397759	0.464985994397759	1
13	46701839	46701840	135	37	1	1	0	1	NA	NA	NA	unphased	1.05027359781122	1.05027359781122	1
13	50623321	50623322	7	5	1	1	0	1	NA	NA	NA	unphased	2.0343137254902	2.0343137254902	1
13	77566171	77566172	6	5	2	2	0	1	NA	NA	NA	unphased	2.67379679144385	1.33689839572192	2
13	77725056	77725057	33	13	2	2	0	1	NA	NA	NA	unphased	1.66240409207161	0.831202046035805	2
13	95095727	95095728	32	15	2	2	0	1	NA	NA	NA	unphased	1.87734668335419	0.938673341677096	2
13	97485433	97485434	11	8	2	2	0	1	NA	NA	NA	unphased	2.47678018575851	1.23839009287926	2
13	111289569	111289570	47	13	2	2	0	1	NA	NA	NA	unphased	1.27450980392157	1.27450980392157	1
14	21550429	21550430	35	6	2	1	1	1	NA	NA	NA	unphased	0.860832137733142	0.860832137733142	1
14	21820918	21820919	120	24	2	1	1	1	NA	NA	NA	unphased	0.980392156862745	0.980392156862745	1
14	22102175	22102176	44	14	2	1	1	1	NA	NA	NA	unphased	1.41987829614604	1.41987829614604	1
14	23342567	23342568	85	19	2	1	1	1	NA	NA	NA	unphased	1.07466063348416	1.07466063348416	1
14	23857002	23857003	132	19	2	1	1	1	NA	NA	NA	unphased	0.74016361511492	0.74016361511492	1
14	38724857	38724858	10	3	2	1	1	1	NA	NA	NA	unphased	1.35746606334842	1.35746606334842	1
14	52734855	52734856	179	29	2	1	1	1	NA	NA	NA	unphased	0.820135746606335	0.820135746606335	1
14	56100019	56100020	54	8	2	1	1	1	NA	NA	NA	unphased	0.759013282732448	0.759013282732448	1
14	64493335	64493336	38	3	2	1	1	1	NA	NA	NA	unphased	0.430416068866571	0.430416068866571	1
14	68219148	68219149	20	11	2	1	1	1	NA	NA	NA	unphased	2.08728652751423	2.08728652751423	1
14	75558095	75558096	84	4	2	1	1	1	NA	NA	NA	unphased	0.267379679144385	0.267379679144385	1
14	81953861	81953862	39	4	2	1	1	1	NA	NA	NA	unphased	0.547195622435021	0.547195622435021	1
14	88652048	88652049	40	14	2	1	1	1	NA	NA	NA	unphased	1.52505446623094	1.52505446623094	1
14	94158254	94158255	122	15	2	1	1	1	NA	NA	NA	unphased	0.64405324173465	0.64405324173465	1
14	94545835	94545836	82	16	2	1	1	1	NA	NA	NA	unphased	0.960384153661464	0.960384153661464	1
14	94640888	94640889	53	4	2	1	1	1	NA	NA	NA	unphased	0.412796697626419	0.412796697626419	1
14	95566252	95566253	78	10	2	1	1	1	NA	NA	NA	unphased	0.668449197860962	0.668449197860962	1
14	104482404	104482405	15	4	2	1	1	1	NA	NA	NA	unphased	1.23839009287926	1.23839009287926	1
14	106478106	106478107	1026	34	NA	NA	NA	NA	NA	NA	NA	unphased	NA	NA	1
15	20874864	20874865	208	8	NA	NA	NA	NA	NA	NA	NA	unphased	NA	NA	1
15	30012180	30012181	85	12	2	1	1	1	NA	NA	NA	unphased	0.727713765918739	0.727713765918739	1
15	31818610	31818611	45	4	2	1	1	1	NA	NA	NA	unphased	0.480192076830732	0.480192076830732	1
15	33858935	33858936	155	29	2	1	1	1	NA	NA	NA	unphased	0.927109974424552	0.927109974424552	1
15	41228469	41228470	22	4	2	1	1	1	NA	NA	NA	unphased	0.904977375565611	0.904977375565611	1
15	43669259	43669260	119	18	2	1	1	1	NA	NA	NA	unphased	0.77286389008158	0.77286389008158	1
15	43990215	43990216	163	44	2	1	1	1	NA	NA	NA	unphased	1.25035521454959	1.25035521454959	1
15	44914443	44914444	59	13	2	1	1	1	NA	NA	NA	unphased	1.06209150326797	1.06209150326797	1
15	45388235	45388236	56	15	2	1	1	1	NA	NA	NA	unphased	1.24275062137531	1.24275062137531	1
15	45409391	45409392	20	6	2	1	1	1	NA	NA	NA	unphased	1.35746606334842	1.35746606334842	1
15	50534521	50534522	56	18	2	1	1	1	NA	NA	NA	unphased	1.4308426073132	1.4308426073132	1
15	50535119	50535120	45	6	2	1	1	1	NA	NA	NA	unphased	0.692041522491349	0.692041522491349	1
15	55972779	55972780	203	34	2	1	1	1	NA	NA	NA	unphased	0.843881856540084	0.843881856540084	1
15	60297467	60297468	32	6	2	1	1	1	NA	NA	NA	unphased	0.928792569659443	0.928792569659443	1
15	64067742	64067743	147	23	2	1	1	1	NA	NA	NA	unphased	0.795847750865052	0.795847750865052	1
15	71535303	71535304	73	16	2	1	1	1	NA	NA	NA	unphased	1.05750165234633	1.05750165234633	1
15	74336970	74336971	59	11	2	1	1	1	NA	NA	NA	unphased	0.92436974789916	0.92436974789916	1
15	74963907	74963908	106	18	2	1	1	1	NA	NA	NA	unphased	0.853889943074004	0.853889943074004	1
15	83788389	83788390	346	56	2	1	1	1	NA	NA	NA	unphased	0.819432250512145	0.819432250512145	1
15	90432311	90432312	87	14	2	1	1	1	NA	NA	NA	unphased	0.81537565521258	0.81537565521258	1
15	91488153	91488154	32	5	2	1	1	1	NA	NA	NA	unphased	0.794912559618442	0.794912559618442	1
16	1550417	1550418	22	4	1	1	0	1	NA	NA	NA	unphased	0.751131221719457	0.751131221719457	1
16	3097479	3097480	152	46	1	1	0	1	NA	NA	NA	unphased	1.13428401663696	1.13428401663696	1
16	20976212	20976213	51	12	1	1	0	1	NA	NA	NA	unphased	0.929971988795518	0.929971988795518	1
16	23226768	23226769	70	12	1	1	0	1	NA	NA	NA	unphased	0.714490674318508	0.714490674318508	1
16	24564832	24564833	70	5	1	1	0	1	NA	NA	NA	unphased	0.325490196078431	0.325490196078431	1
16	29825865	29825866	10	3	1	1	0	1	NA	NA	NA	unphased	1.12669683257919	1.12669683257919	1
16	29884567	29884568	50	11	1	1	0	1	NA	NA	NA	unphased	0.880424300867888	0.880424300867888	1
16	31539976	31539977	24	5	1	1	0	1	NA	NA	NA	unphased	0.841784989858012	0.841784989858012	1
16	54145788	54145789	193	74	1	1	0	1	NA	NA	NA	unphased	1.35316148931483	1.35316148931483	1
16	56419890	56419891	43	4	1	1	0	1	NA	NA	NA	unphased	0.415519399249061	0.415519399249061	1
16	67760313	67760314	33	5	1	1	0	1	NA	NA	NA	unphased	0.642414860681114	0.642414860681114	1
16	67984868	67984869	48	14	1	1	0	1	NA	NA	NA	unphased	1.10246679316888	1.10246679316888	1
17	4428406	4428407	96	26	1	1	0	1	NA	NA	NA	unphased	1.04050144648023	1.04050144648023	1
17	6929794	6929795	148	21	1	1	0	1	NA	NA	NA	unphased	0.606682909850331	0.606682909850331	1
17	7673931	7673932	102	13	1	1	0	1	NA	NA	NA	unphased	0.551918158567775	0.551918158567775	1
17	10310223	10310224	44	16	1	1	0	1	NA	NA	NA	unphased	1.30196078431373	1.30196078431373	1
17	10366280	10366281	51	5	1	1	0	1	NA	NA	NA	unphased	0.435924369747899	0.435924369747899	1
17	15905320	15905321	57	13	1	1	0	1	NA	NA	NA	unphased	0.90672268907563	0.90672268907563	1
17	27959280	27959281	104	22	1	1	0	1	NA	NA	NA	unphased	0.852474323062558	0.852474323062558	1
17	29508475	29508476	17	3	1	1	0	1	NA	NA	NA	unphased	0.73235294117647	0.73235294117647	1
17	40832556	40832557	31	11	2	2	0	1	NA	NA	NA	unphased	1.5406162464986	1.5406162464986	1
17	40849629	40849630	76	9	2	2	0	1	NA	NA	NA	unphased	0.622837370242215	0.622837370242215	1
17	40935965	40935966	15	3	2	2	0	1	NA	NA	NA	unphased	0.980392156862745	0.980392156862745	1
17	45773536	45773537	60	15	2	2	0	1	NA	NA	NA	unphased	1.17647058823529	1.17647058823529	1
17	49157037	49157038	26	7	2	2	0	1	NA	NA	NA	unphased	1.24777183600713	1.24777183600713	1
17	57288616	57288617	102	28	2	2	0	1	NA	NA	NA	unphased	1.26696832579186	1.26696832579186	1
17	58121066	58121067	43	20	2	2	0	1	NA	NA	NA	unphased	1.86741363211951	0.933706816059757	2
17	58121067	58121068	42	19	2	2	0	1	NA	NA	NA	unphased	1.83220829315333	0.916104146576663	2
17	61973937	61973938	26	14	2	2	0	1	NA	NA	NA	unphased	2.05882352941176	1.02941176470588	2
17	77808533	77808534	50	24	2	2	0	1	NA	NA	NA	unphased	1.90779014308426	0.95389507154213	2
17	79094048	79094049	44	21	2	2	0	1	NA	NA	NA	unphased	1.90045248868778	0.950226244343891	2
17	79580472	79580473	20	8	2	2	0	1	NA	NA	NA	unphased	1.68067226890756	1.68067226890756	1
18	319965	319966	9	3	NA	NA	NA	NA	NA	NA	NA	unphased	NA	NA	1
18	9887631	9887632	112	15	1	1	0	0.02	0	1	0.98	unphased	0.576655859194071	0.576655859194071	1
18	12814251	12814252	19	5	1	1	0	0.02	0	1	0.98	unphased	1.0171568627451	1.0171568627451	1
18	47518684	47518685	201	42	1	1	0	0.02	0	1	0.98	unphased	0.843863471314452	0.843863471314452	1
18	48190246	48190247	10	4	1	1	0	0.02	0	1	0.98	unphased	1.39495798319328	1.39495798319328	1
19	763525	763526	46	9	1	1	0	1	NA	NA	NA	unphased	0.798930481283422	0.798930481283422	1
19	1430287	1430288	31	8	1	1	0	1	NA	NA	NA	unphased	1.00150829562594	1.00150829562594	1
19	1430333	1430334	32	4	1	1	0	1	NA	NA	NA	unphased	0.542483660130719	0.542483660130719	1
19	2733275	2733276	25	5	1	1	0	1	NA	NA	NA	unphased	0.813725490196078	0.813725490196078	1
19	2852518	2852519	92	19	1	1	0	1	NA	NA	NA	unphased	0.835718071012189	0.835718071012189	1
19	4793464	4793465	110	23	1	1	0	1	NA	NA	NA	unphased	0.844316674038036	0.844316674038036	1
19	5622645	5622646	15	4	1	1	0	1	NA	NA	NA	unphased	1.02786377708978	1.02786377708978	1
19	6901964	6901965	178	41	1	1	0	1	NA	NA	NA	unphased	0.914047810905184	0.914047810905184	1
19	9000148	9000149	100	30	1	1	0	1	NA	NA	NA	unphased	1.12669683257919	1.12669683257919	1
19	9578804	9578805	39	15	1	1	0	1	NA	NA	NA	unphased	1.3562091503268	1.3562091503268	1
19	11532485	11532486	45	25	1	1	0	1	NA	NA	NA	unphased	1.7436974789916	1.7436974789916	1
19	12954375	12954376	73	10	1	1	0	1	NA	NA	NA	unphased	0.588235294117647	0.588235294117647	1
19	14779647	14779648	30	5	1	1	0	1	NA	NA	NA	unphased	0.697478991596639	0.697478991596639	1
19	15349923	15349924	7	4	1	1	0	1	NA	NA	NA	unphased	1.77540106951872	1.77540106951872	1
19	15559006	15559007	128	22	1	1	0	1	NA	NA	NA	unphased	0.716078431372549	0.716078431372549	1
19	15559015	15559016	116	21	1	1	0	1	NA	NA	NA	unphased	0.748389866895663	0.748389866895663	1
19	31039510	31039511	81	14	2.61	2	1	0.61	1	1	0.39	unphased	0.956767801857585	0.956767801857585	1
19	33130241	33130242	61	10	2.61	2	1	0.61	1	1	0.39	unphased	0.914415907207954	0.914415907207954	1
19	35790594	35790595	5	8	2.61	2	1	0.61	1	1	0.39	unphased	3.99529411764706	2.48154914139569	1.61
19	36501811	36501812	139	21	2.61	2	1	0.61	1	1	0.39	unphased	0.852121323529412	0.852121323529412	1
19	37676886	37676887	51	7	2.61	2	1	0.61	1	1	0.39	unphased	0.783559837728195	0.783559837728195	1
19	38202524	38202525	103	17	2.61	2	1	0.61	1	1	0.39	unphased	0.91975	0.91975	1
19	39215068	39215069	28	6	2.61	2	1	0.61	1	1	0.39	unphased	1.14570934256055	1.14570934256055	1
19	40095916	40095917	92	12	2.61	2	1	0.61	1	1	0.39	unphased	0.749117647058823	0.749117647058823	1
19	40357543	40357544	52	8	2.61	2	1	0.61	1	1	0.39	unphased	0.865647058823529	0.865647058823529	1
19	42133312	42133313	45	11	2.61	2	1	0.61	1	1	0.39	unphased	1.27528361344538	1.27528361344538	1
19	42754045	42754046	226	50	2.61	2	1	0.61	1	1	0.39	unphased	1.17615089514066	1.17615089514066	1
19	43683027	43683028	437	103	2.61	2	1	0.61	1	1	0.39	unphased	1.23835620915033	0.76916534729834	1.61
19	44237019	44237020	105	18	2.61	2	1	0.61	1	1	0.39	unphased	0.950100430416069	0.950100430416069	1
19	44501292	44501293	71	16	2.61	2	1	0.61	1	1	0.39	unphased	1.19399594320487	1.19399594320487	1
19	44739511	44739512	48	10	2.61	2	1	0.61	1	1	0.39	unphased	1.11937119675456	1.11937119675456	1
19	45767961	45767962	207	33	2.61	2	1	0.61	1	1	0.39	unphased	0.892698529411765	0.892698529411765	1
19	47879210	47879211	113	23	2	2	0	1	NA	NA	NA	unphased	0.994809688581315	0.994809688581315	1
19	49227763	49227764	79	21	2	2	0	1	NA	NA	NA	unphased	1.23529411764706	1.23529411764706	1
19	49637109	49637110	28	11	2	2	0	1	NA	NA	NA	unphased	1.65912518853695	0.829562594268477	2
19	50167918	50167919	147	15	2	2	0	1	NA	NA	NA	unphased	0.544662309368192	0.544662309368192	1
19	50335383	50335384	89	15	2	2	0	1	NA	NA	NA	unphased	0.84841628959276	0.84841628959276	1
19	51848482	51848483	75	17	2	2	0	1	NA	NA	NA	unphased	1.08695652173913	1.08695652173913	1
19	53384057	53384058	42	10	2	2	0	1	NA	NA	NA	unphased	1.13122171945701	1.13122171945701	1
19	53384280	53384281	146	30	2	2	0	1	NA	NA	NA	unphased	1.00267379679144	1.00267379679144	1
19	53385226	53385227	142	17	2	2	0	1	NA	NA	NA	unphased	0.628930817610063	0.628930817610063	1
19	53453211	53453212	36	15	2	2	0	1	NA	NA	NA	unphased	1.73010380622837	0.865051903114187	2
19	54407980	54407981	16	9	2	2	0	1	NA	NA	NA	unphased	2.11764705882353	1.05882352941176	2
19	55512233	55512234	85	15	2	2	0	1	NA	NA	NA	unphased	0.88235294117647	0.88235294117647	1
19	55741856	55741857	55	7	2	2	0	1	NA	NA	NA	unphased	0.664136622390892	0.664136622390892	1
19	58238831	58238832	46	5	2	2	0	1	NA	NA	NA	unphased	0.576701268742791	0.576701268742791	1
2	669786	669787	48	9	2	1	1	1	NA	NA	NA	unphased	0.928792569659443	0.928792569659443	1
2	25966091	25966092	11	4	1	1	0	1	NA	NA	NA	unphased	1.30196078431373	1.30196078431373	1
2	25966226	25966227	21	6	1	1	0	1	NA	NA	NA	unphased	1.08496732026144	1.08496732026144	1
2	25966671	25966672	159	34	1	1	0	1	NA	NA	NA	unphased	0.860103626943005	0.860103626943005	1
2	46378205	46378206	46	9	1	1	0	1	NA	NA	NA	unphased	0.798930481283422	0.798930481283422	1
2	55559780	55559781	37	5	2	1	1	0.1	1	1	0.9	unphased	0.700280112044818	0.700280112044818	1
2	58468385	58468386	75	12	2	1	1	0.1	1	1	0.9	unphased	0.811359026369168	0.811359026369168	1
2	61706002	61706003	66	13	2	1	1	0.1	1	1	0.9	unphased	0.967982129560685	0.967982129560685	1
2	71043704	71043705	70	12	2	1	1	0.1	1	1	0.9	unphased	0.860832137733142	0.860832137733142	1
2	71838649	71838650	66	11	2	1	1	0.1	1	1	0.9	unphased	0.840336134453781	0.840336134453781	1
2	73651667	73651668	41	4	2	1	1	0.1	1	1	0.9	unphased	0.522875816993464	0.522875816993464	1
2	85850760	85850761	299	10	2	1	1	1	NA	NA	NA	unphased	0.190367409099562	0.190367409099562	1
2	85924702	85924703	57	17	2	1	1	1	NA	NA	NA	unphased	1.35135135135135	1.35135135135135	1
2	88890075	88890076	30	6	2	1	1	1	NA	NA	NA	unphased	0.980392156862745	0.980392156862745	1
2	89399403	89399404	182	23	2	1	1	1	NA	NA	NA	unphased	0.659971305595409	0.659971305595409	1
2	110907809	110907810	81	16	2	1	1	1	NA	NA	NA	unphased	0.970285021224985	0.970285021224985	1
2	118705746	118705747	105	13	2	1	1	1	NA	NA	NA	unphased	0.648055832502492	0.648055832502492	1
2	127827582	127827583	48	6	1	1	0	1	NA	NA	NA	unphased	0.542483660130719	0.542483660130719	1
2	160734954	160734955	31	6	1	1	0	1	NA	NA	NA	unphased	0.791732909379968	0.791732909379968	1
2	167992490	167992491	38	5	1	1	0	1	NA	NA	NA	unphased	0.567715458276334	0.567715458276334	1
2	169828355	169828356	73	16	1	1	0	1	NA	NA	NA	unphased	0.877726371447455	0.877726371447455	1
2	182400241	182400242	44	4	1	1	0	1	NA	NA	NA	unphased	0.406862745098039	0.406862745098039	1
2	187693313	187693314	28	4	1	1	0	1	NA	NA	NA	unphased	0.610294117647059	0.610294117647059	1
2	197002159	197002160	31	9	1	1	0	1	NA	NA	NA	unphased	1.09852941176471	1.09852941176471	1
2	200826620	200826621	58	9	1	1	0	1	NA	NA	NA	unphased	0.655838454784899	0.655838454784899	1
2	202137406	202137407	107	20	1	1	0	1	NA	NA	NA	unphased	0.768874478925428	0.768874478925428	1
2	203417489	203417490	53	5	1	1	0	1	NA	NA	NA	unphased	0.420892494929006	0.420892494929006	1
2	210565002	210565003	78	16	1	1	0	1	NA	NA	NA	unphased	0.831038798498122	0.831038798498122	1
2	234357936	234357937	39	7	1	1	0	1	NA	NA	NA	unphased	0.742966751918159	0.742966751918159	1
2	240984833	240984834	39	8	1	1	0	1	NA	NA	NA	unphased	0.831038798498122	0.831038798498122	1
20	307422	307423	37	3	NA	NA	NA	NA	NA	NA	NA	unphased	NA	NA	1
20	2945648	2945649	89	24	2	1	1	1	NA	NA	NA	unphased	1.24934929724102	1.24934929724102	1
20	3063641	3063642	14	6	2	1	1	1	NA	NA	NA	unphased	1.76470588235294	1.76470588235294	1
20	5579395	5579396	46	3	2	1	1	1	NA	NA	NA	unphased	0.360144057623049	0.360144057623049	1
20	16729597	16729598	28	3	2	1	1	1	NA	NA	NA	unphased	0.569259962049336	0.569259962049336	1
20	31021109	31021110	69	11	2	1	1	1	NA	NA	NA	unphased	0.808823529411765	0.808823529411765	1
20	31022331	31022332	72	6	2	1	1	1	NA	NA	NA	unphased	0.452488687782805	0.452488687782805	1
20	31022332	31022333	71	6	2	1	1	1	NA	NA	NA	unphased	0.458365164247517	0.458365164247517	1
20	33764649	33764650	7	3	2	1	1	1	NA	NA	NA	unphased	1.76470588235294	1.76470588235294	1
20	34528920	34528921	77	13	2	1	1	1	NA	NA	NA	unphased	0.849673202614379	0.849673202614379	1
20	42199367	42199368	64	14	2	1	1	1	NA	NA	NA	unphased	1.05580693815988	1.05580693815988	1
20	47601941	47601942	58	7	2	1	1	1	NA	NA	NA	unphased	0.633484162895928	0.633484162895928	1
20	60848438	60848439	138	23	2	1	1	1	NA	NA	NA	unphased	0.840336134453781	0.840336134453781	1
20	62221427	62221428	19	4	NA	NA	NA	NA	NA	NA	NA	unphased	NA	NA	1
21	22804468	22804469	68	14	1	1	0	1	NA	NA	NA	unphased	0.833572453371593	0.833572453371593	1
21	45400893	45400894	103	9	2	2	0	1	NA	NA	NA	unphased	0.472689075630252	0.472689075630252	1
21	45948375	45948376	174	29	2	2	0	1	NA	NA	NA	unphased	0.840336134453781	0.840336134453781	1
21	46686166	46686167	122	16	2	2	0	1	NA	NA	NA	unphased	0.682011935208866	0.682011935208866	1
21	47775399	47775400	43	17	NA	NA	NA	NA	NA	NA	NA	unphased	NA	NA	1
21	47809139	47809140	68	4	NA	NA	NA	NA	NA	NA	NA	unphased	NA	NA	1
21	47987459	47987460	81	19	NA	NA	NA	NA	NA	NA	NA	unphased	NA	NA	1
22	18301646	18301647	29	8	2	1	1	0.12	1	1	0.88	unphased	1.27186009538951	1.27186009538951	1
22	24086249	24086250	60	11	2	1	1	0.12	1	1	0.88	unphased	0.911350455675228	0.911350455675228	1
22	31583037	31583038	99	16	2	1	1	0.12	1	1	0.88	unphased	0.818414322250639	0.818414322250639	1
22	39085008	39085009	121	15	2	1	1	0.12	1	1	0.88	unphased	0.64878892733564	0.737260144699591	0.88
22	44893472	44893473	17	3	2	1	1	0.12	1	1	0.88	unphased	0.88235294117647	0.88235294117647	1
22	50303722	50303723	7	3	NA	NA	NA	NA	NA	NA	NA	unphased	NA	NA	1
22	50756444	50756445	68	8	NA	NA	NA	NA	NA	NA	NA	unphased	NA	NA	1
3	4687270	4687271	18	4	1	1	0	1	NA	NA	NA	unphased	0.887700534759358	0.887700534759358	1
3	9757024	9757025	70	13	1	1	0	1	NA	NA	NA	unphased	0.764705882352941	0.764705882352941	1
3	9953274	9953275	138	23	1	1	0	1	NA	NA	NA	unphased	0.697478991596639	0.697478991596639	1
3	12977333	12977334	45	5	1	1	0	1	NA	NA	NA	unphased	0.488235294117647	0.488235294117647	1
3	14564570	14564571	71	18	1	1	0	1	NA	NA	NA	unphased	0.987442167878387	0.987442167878387	1
3	30713257	30713258	28	6	1	1	0	1	NA	NA	NA	unphased	0.86159169550173	0.86159169550173	1
3	33110347	33110348	92	19	1	1	0	1	NA	NA	NA	unphased	0.835718071012189	0.835718071012189	1
3	33450736	33450737	87	22	1	1	0	1	NA	NA	NA	unphased	0.985429033998921	0.985429033998921	1
3	36485107	36485108	114	14	1	1	0	1	NA	NA	NA	unphased	0.534007352941176	0.534007352941176	1
3	38938467	38938468	71	12	1	1	0	1	NA	NA	NA	unphased	0.705882352941176	0.705882352941176	1
3	46008939	46008940	86	13	1	1	0	1	NA	NA	NA	unphased	0.641117052881759	0.641117052881759	1
3	47098469	47098470	59	10	1	1	0	1	NA	NA	NA	unphased	0.707587382779199	0.707587382779199	1
3	48728892	48728893	22	3	1	1	0	1	NA	NA	NA	unphased	0.585882352941176	0.585882352941176	1
3	56600691	56600692	33	7	1	1	0	1	NA	NA	NA	unphased	0.854411764705882	0.854411764705882	1
3	58487028	58487029	76	19	1	1	0	1	NA	NA	NA	unphased	0.976470588235294	0.976470588235294	1
3	73453539	73453540	42	8	1	1	0	1	NA	NA	NA	unphased	0.781176470588235	0.781176470588235	1
3	95374338	95374339	93	9	1.12	1	1	0.12	1	0	0.88	unphased	0.441384083044983	0.441384083044983	1
3	97887758	97887759	138	16	1.12	1	1	0.12	1	0	0.88	unphased	0.519724980901451	0.519724980901451	1
3	107937447	107937448	43	7	1.12	1	1	0.12	1	0	0.88	unphased	0.700329411764706	0.700329411764706	1
3	108163693	108163694	44	7	1.12	1	1	0.12	1	0	0.88	unphased	0.686597462514417	0.686597462514417	1
3	108301867	108301868	97	13	1.12	1	1	0.12	1	0	0.88	unphased	0.591187165775401	0.591187165775401	1
3	110830971	110830972	52	8	1.12	1	1	0.12	1	0	0.88	unphased	0.666980392156863	0.666980392156863	1
3	112357434	112357435	77	9	1.12	1	1	0.12	1	0	0.88	unphased	0.523502051983584	0.523502051983584	1
3	113497633	113497634	18	4	1.12	1	1	0.12	1	0	0.88	unphased	0.90951871657754	0.90951871657754	1
3	113784147	113784148	34	6	1.12	1	1	0.12	1	0	0.88	unphased	0.75035294117647	0.75035294117647	1
3	119886105	119886106	76	14	1.12	1	1	0.12	1	0	0.88	unphased	0.778143790849673	0.778143790849673	1
3	122004061	122004062	40	12	1.12	1	1	0.12	1	0	0.88	unphased	1.15438914027149	1.15438914027149	1
3	123051503	123051504	42	5	1.12	1	1	0.12	1	0	0.88	unphased	0.532165206508135	0.532165206508135	1
3	124103785	124103786	82	20	1.12	1	1	0.12	1	0	0.88	unphased	0.980853517877739	0.980853517877739	1
3	134343920	134343921	17	2	1.12	1	1	0.12	1	0	0.88	unphased	0.52656346749226	0.52656346749226	1
3	137843269	137843270	96	17	1.12	1	1	0.12	1	0	0.88	unphased	0.752566371681416	0.752566371681416	1
3	139346487	139346488	39	5	1.12	1	1	0.12	1	0	0.88	unphased	0.568449197860962	0.568449197860962	1
3	147113858	147113859	171	29	1.12	1	1	0.12	1	0	0.88	unphased	0.725341176470588	0.725341176470588	1
3	152554215	152554216	175	20	NA	NA	NA	NA	NA	NA	NA	unphased	NA	NA	1
3	169574121	169574122	110	9	1.12	2	1	0.06	0	1	0.94	unphased	0.378329214038557	0.378329214038557	1
3	171830355	171830356	145	16	1.12	2	1	0.06	0	1	0.94	unphased	0.497128242601388	0.497128242601388	1
3	172631454	172631455	46	11	1.12	2	1	0.06	0	1	0.94	unphased	0.965366357069143	0.965366357069143	1
3	172634232	172634233	371	43	1.12	2	1	0.06	0	1	0.94	unphased	0.519568059107701	0.519568059107701	1
3	179292167	179292168	128	17	1.12	2	1	0.06	0	1	0.94	unphased	0.58648275862069	0.58648275862069	1
3	179460056	179460057	58	10	1.12	2	1	0.06	0	1	0.94	unphased	0.735640138408304	0.735640138408304	1
3	184018146	184018147	75	7	1.12	2	1	0.06	0	1	0.94	unphased	0.427030129124821	0.427030129124821	1
3	184021532	184021533	77	11	1.12	2	1	0.06	0	1	0.94	unphased	0.625294117647059	0.625294117647059	1
3	184870594	184870595	28	3	1.12	2	1	0.06	0	1	0.94	unphased	0.484098671726755	0.484098671726755	1
3	192516719	192516720	32	10	1.16	1	1	0.16	1	0	0.84	unphased	1.20056022408964	1.20056022408964	1
3	195256616	195256617	55	7	1.16	1	1	0.16	1	0	0.84	unphased	0.569297912713472	0.569297912713472	1
3	195599273	195599274	59	7	1.16	1	1	0.16	1	0	0.84	unphased	0.534795008912656	0.534795008912656	1
3	196664461	196664462	95	17	1.16	1	1	0.16	1	0	0.84	unphased	0.765357142857143	0.765357142857143	1
4	494276	494277	67	10	NA	NA	NA	NA	NA	NA	NA	unphased	NA	NA	1
4	494277	494278	69	10	NA	NA	NA	NA	NA	NA	NA	unphased	NA	NA	1
4	15444291	15444292	64	20	2	1	1	0.12	1	1	0.88	unphased	1.40056022408964	1.40056022408964	1
4	52861497	52861498	146	18	2.92	2	1	0.96	0	1	0.04	unphased	0.746599713055954	0.746599713055954	1
4	83782835	83782836	25	5	1	1	0	1	NA	NA	NA	unphased	0.813725490196078	0.813725490196078	1
4	113303671	113303672	51	14	1	1	0	1	NA	NA	NA	unphased	1.05158371040724	1.05158371040724	1
4	119660339	119660340	74	14	1	1	0	1	NA	NA	NA	unphased	0.776737967914438	0.776737967914438	1
4	122824064	122824065	37	5	1	1	0	1	NA	NA	NA	unphased	0.581232492997199	0.581232492997199	1
4	156135918	156135919	30	4	1	1	0	1	NA	NA	NA	unphased	0.57439446366782	0.57439446366782	1
4	163032539	163032540	35	6	1	1	0	1	NA	NA	NA	unphased	0.714490674318508	0.714490674318508	1
4	184367849	184367850	74	14	1	1	0	1	NA	NA	NA	unphased	0.776737967914438	0.776737967914438	1
5	6609956	6609957	96	5	3.49	3	1	0.83	1	0	0.17	unphased	0.364967967384974	0.439720442632498	0.83
5	11397193	11397194	170	43	3.49	3	1	0.83	1	0	0.17	unphased	1.48831538249102	0.81328709425739	1.83
5	13885167	13885168	167	18	3.49	3	1	0.83	1	0	0.17	unphased	0.717310015898251	0.717310015898251	1
5	13928223	13928224	70	14	3.49	3	1	0.83	1	0	0.17	unphased	1.22872549019608	1.22872549019608	1
5	14304657	14304658	193	23	3.49	3	1	0.83	1	0	0.17	unphased	0.785019063180828	0.785019063180828	1
5	19473580	19473581	68	8	3.49	3	1	0.83	1	0	0.17	unphased	0.776037151702786	0.776037151702786	1
5	26902729	26902730	115	14	3.49	3	1	0.83	1	0	0.17	unphased	0.800100319197446	0.800100319197446	1
5	35065930	35065931	30	7	2	1	1	1	NA	NA	NA	unphased	1.11287758346582	1.11287758346582	1
5	35954270	35954271	84	12	2	1	1	1	NA	NA	NA	unphased	0.735294117647059	0.735294117647059	1
5	37052511	37052512	73	16	2	1	1	1	NA	NA	NA	unphased	1.05750165234633	1.05750165234633	1
5	41155108	41155109	107	10	2	1	1	1	NA	NA	NA	unphased	0.502765208647562	0.502765208647562	1
5	43645539	43645540	95	19	2	1	1	1	NA	NA	NA	unphased	0.980392156862745	0.980392156862745	1
5	52221157	52221158	44	10	1	1	0	1	NA	NA	NA	unphased	0.904139433551198	0.904139433551198	1
5	56176583	56176584	54	10	1	1	0	1	NA	NA	NA	unphased	0.762867647058823	0.762867647058823	1
5	66438040	66438041	56	9	1	1	0	1	NA	NA	NA	unphased	0.676018099547511	0.676018099547511	1
5	76264719	76264720	44	12	1	1	0	1	NA	NA	NA	unphased	1.04621848739496	1.04621848739496	1
5	79026769	79026770	62	16	1	1	0	1	NA	NA	NA	unphased	1.00150829562594	1.00150829562594	1
5	79027418	79027419	40	7	1	1	0	1	NA	NA	NA	unphased	0.727158948685857	0.727158948685857	1
5	95234461	95234462	168	28	1	1	0	1	NA	NA	NA	unphased	0.697478991596639	0.697478991596639	1
5	123983432	123983433	43	10	1	1	0	1	NA	NA	NA	unphased	0.921198668146504	0.921198668146504	1
5	126674834	126674835	97	14	1	1	0	1	NA	NA	NA	unphased	0.615792262851086	0.615792262851086	1
5	140044536	140044537	12	4	1	1	0	1	NA	NA	NA	unphased	1.22058823529412	1.22058823529412	1
5	140165937	140165938	70	10	1	1	0	1	NA	NA	NA	unphased	0.610294117647059	0.610294117647059	1
5	140176687	140176688	162	30	1	1	0	1	NA	NA	NA	unphased	0.762867647058823	0.762867647058823	1
5	140306550	140306551	40	10	1	1	0	1	NA	NA	NA	unphased	0.976470588235294	0.976470588235294	1
5	140306843	140306844	60	9	1	1	0	1	NA	NA	NA	unphased	0.636828644501279	0.636828644501279	1
5	140626603	140626604	152	31	1	1	0	1	NA	NA	NA	unphased	0.82706525233044	0.82706525233044	1
5	140751811	140751812	82	32	1	1	0	1	NA	NA	NA	unphased	1.37048503611971	1.37048503611971	1
5	145718790	145718791	98	19	1	1	0	1	NA	NA	NA	unphased	0.792860734037205	0.792860734037205	1
5	152873490	152873491	101	25	1	1	0	1	NA	NA	NA	unphased	0.968720821661998	0.968720821661998	1
5	156381430	156381431	35	12	1	1	0	1	NA	NA	NA	unphased	1.24655819774718	1.24655819774718	1
5	167833248	167833249	62	10	1	1	0	1	NA	NA	NA	unphased	0.678104575163399	0.678104575163399	1
5	168119651	168119652	83	16	1	1	0	1	NA	NA	NA	unphased	0.789067142008318	0.789067142008318	1
5	171765580	171765581	10	4	1	1	0	1	NA	NA	NA	unphased	1.39495798319328	1.39495798319328	1
5	180668593	180668594	49	15	NA	NA	NA	NA	NA	NA	NA	unphased	NA	NA	1
6	27782125	27782126	104	8	2	1	1	0.16	1	1	0.84	unphased	0.420168067226891	0.420168067226891	1
6	27792212	27792213	22	3	2	1	1	0.16	1	1	0.84	unphased	0.705882352941176	0.705882352941176	1
6	29012385	29012386	133	13	2	1	1	0.16	1	1	0.84	unphased	0.523771152296535	0.623537086067304	0.84
6	30153742	30153743	32	10	2	1	1	0.16	1	1	0.84	unphased	1.40056022408964	1.40056022408964	1
6	30153766	30153767	21	6	2	1	1	0.16	1	1	0.84	unphased	1.30718954248366	1.30718954248366	1
6	30671864	30671865	103	22	2	1	1	0.16	1	1	0.84	unphased	1.03529411764706	1.03529411764706	1
6	31110377	31110378	60	5	2	1	1	0.16	1	1	0.84	unphased	0.452488687782805	0.538677009265245	0.84
6	31795673	31795674	49	11	2	1	1	0.16	1	1	0.84	unphased	1.07843137254902	1.07843137254902	1
6	32809468	32809469	157	20	2	1	1	0.16	1	1	0.84	unphased	0.664672648720505	0.791276962762506	0.84
6	33406205	33406206	100	30	2	1	1	0.16	1	1	0.84	unphased	1.35746606334842	1.35746606334842	1
6	33648331	33648332	34	11	2	1	1	0.16	1	1	0.84	unphased	1.43790849673203	1.43790849673203	1
6	35762923	35762924	74	8	2	1	1	0.16	1	1	0.84	unphased	0.573888091822095	0.573888091822095	1
6	46766841	46766842	97	11	2	1	1	0.16	1	1	0.84	unphased	0.599128540305011	0.71324826226787	0.84
6	50805740	50805741	106	16	2	1	1	0.16	1	1	0.84	unphased	0.77145612343298	0.77145612343298	1
6	88138384	88138385	204	28	2	1	1	0.16	1	1	0.84	unphased	0.709939148073022	0.845165652467884	0.84
6	90371892	90371893	43	8	2	1	1	0.16	1	1	0.84	unphased	0.922722029988466	0.922722029988466	1
6	90425466	90425467	127	27	2	1	1	0.16	1	1	0.84	unphased	1.03132161955691	1.03132161955691	1
6	90471392	90471393	90	13	2	1	1	0.16	1	1	0.84	unphased	0.742432895488292	0.742432895488292	1
6	90572095	90572096	221	14	2	1	1	0.16	1	1	0.84	unphased	0.350438047559449	0.350438047559449	1
6	96651354	96651355	67	9	2	1	1	0.16	1	1	0.84	unphased	0.696594427244582	0.696594427244582	1
6	96651355	96651356	68	9	2	1	1	0.16	1	1	0.84	unphased	0.687547746371276	0.687547746371276	1
6	99860523	99860524	97	8	2	1	1	0.16	1	1	0.84	unphased	0.448179271708683	0.533546752034147	0.84
6	106553124	106553125	63	11	2	1	1	0.16	1	1	0.84	unphased	0.874403815580286	0.874403815580286	1
6	109820357	109820358	66	6	2	1	1	0.16	1	1	0.84	unphased	0.490196078431372	0.583566760037348	0.84
6	116973325	116973326	29	6	2	1	1	0.16	1	1	0.84	unphased	1.00840336134454	1.00840336134454	1
6	117890903	117890904	132	15	2	1	1	0.16	1	1	0.84	unphased	0.600240096038415	0.714571542902875	0.84
6	121544431	121544432	24	8	2	1	1	0.16	1	1	0.84	unphased	1.47058823529412	1.47058823529412	1
6	121769010	121769011	90	21	2	1	1	0.16	1	1	0.84	unphased	1.11287758346582	1.11287758346582	1
6	130425621	130425622	120	23	2	1	1	0.16	1	1	0.84	unphased	0.946112710818593	0.946112710818593	1
6	132649201	132649202	109	14	2	1	1	0.16	1	1	0.84	unphased	0.669536107125777	0.669536107125777	1
6	139175197	139175198	158	30	2	1	1	0.16	1	1	0.84	unphased	0.938673341677096	0.938673341677096	1
6	148865364	148865365	52	15	2	1	1	0.16	1	1	0.84	unphased	1.31694468832309	1.31694468832309	1
6	153043298	153043299	118	12	2	1	1	0.16	1	1	0.84	unphased	0.542986425339366	0.646412411118293	0.84
6	155565141	155565142	56	7	2	1	1	0.16	1	1	0.84	unphased	0.65359477124183	0.65359477124183	1
6	160952775	160952776	81	13	2	1	1	0.16	1	1	0.84	unphased	0.81351689612015	0.81351689612015	1
6	161519438	161519439	259	19	2	1	1	0.16	1	1	0.84	unphased	0.402031316123572	0.402031316123572	1
6	170140223	170140224	14	3	2	1	1	0.16	1	1	0.84	unphased	1.03806228373702	1.03806228373702	1
7	2641095	2641096	31	7	2	1	1	1	NA	NA	NA	unphased	1.08359133126935	1.08359133126935	1
7	5104086	5104087	88	11	2	1	1	1	NA	NA	NA	unphased	0.65359477124183	0.65359477124183	1
7	6820457	6820458	109	16	2	1	1	1	NA	NA	NA	unphased	0.752941176470588	0.752941176470588	1
7	23240277	23240278	119	28	2	1	1	1	NA	NA	NA	unphased	1.12044817927171	1.12044817927171	1
7	26237460	26237461	8	2	2	1	1	1	NA	NA	NA	unphased	1.17647058823529	1.17647058823529	1
7	30704691	30704692	54	9	2	1	1	1	NA	NA	NA	unphased	0.840336134453781	0.840336134453781	1
7	31123811	31123812	99	15	2	1	1	1	NA	NA	NA	unphased	0.773993808049536	0.773993808049536	1
7	42065970	42065971	54	4	2	1	1	1	NA	NA	NA	unphased	0.405679513184584	0.405679513184584	1
7	43918752	43918753	44	4	2	1	1	1	NA	NA	NA	unphased	0.490196078431372	0.490196078431372	1
7	43918814	43918815	64	12	2	1	1	1	NA	NA	NA	unphased	0.928792569659443	0.928792569659443	1
7	44005509	44005510	56	6	2	1	1	1	NA	NA	NA	unphased	0.569259962049336	0.569259962049336	1
7	44144360	44144361	27	4	2	1	1	1	NA	NA	NA	unphased	0.759013282732448	0.759013282732448	1
7	44612195	44612196	114	22	2	1	1	1	NA	NA	NA	unphased	0.951557093425606	0.951557093425606	1
7	50611613	50611614	142	29	2	1	1	1	NA	NA	NA	unphased	0.997592019263846	0.997592019263846	1
7	55874810	55874811	75	6	2	1	1	1	NA	NA	NA	unphased	0.435729847494553	0.435729847494553	1
7	91842658	91842659	36	11	1	1	0	1	NA	NA	NA	unphased	1.14267834793492	1.14267834793492	1
7	92861798	92861799	33	4	1	1	0	1	NA	NA	NA	unphased	0.527821939586645	0.527821939586645	1
7	101200735	101200736	23	13	1	1	0	1	NA	NA	NA	unphased	1.76307189542484	1.76307189542484	1
7	121652900	121652901	74	19	1	1	0	1	NA	NA	NA	unphased	0.997469955724225	0.997469955724225	1
7	128486865	128486866	43	9	1	1	0	1	NA	NA	NA	unphased	0.845022624434389	0.845022624434389	1
7	128850844	128850845	87	24	1	1	0	1	NA	NA	NA	unphased	1.05564387917329	1.05564387917329	1
7	138239670	138239671	100	13	1	1	0	1	NA	NA	NA	unphased	0.561686621551275	0.561686621551275	1
7	143095419	143095420	85	18	1	1	0	1	NA	NA	NA	unphased	0.853226727584237	0.853226727584237	1
7	152007108	152007109	63	12	1	1	0	1	NA	NA	NA	unphased	0.781176470588235	0.781176470588235	1
8	8748045	8748046	47	16	1	1	0	1	NA	NA	NA	unphased	1.23996265172736	1.23996265172736	1
8	11142546	11142547	27	6	1	1	0	1	NA	NA	NA	unphased	0.887700534759358	0.887700534759358	1
8	17400846	17400847	46	4	1	1	0	1	NA	NA	NA	unphased	0.390588235294118	0.390588235294118	1
8	21856668	21856669	179	54	1	1	0	1	NA	NA	NA	unphased	1.1315324413027	1.1315324413027	1
8	26237709	26237710	77	13	2	1	1	1	NA	NA	NA	unphased	0.849673202614379	0.849673202614379	1
8	38187278	38187279	55	17	2	1	1	1	NA	NA	NA	unphased	1.38888888888889	1.38888888888889	1
8	38277248	38277249	39	6	2	1	1	1	NA	NA	NA	unphased	0.784313725490196	0.784313725490196	1
8	38280556	38280557	43	9	2	1	1	1	NA	NA	NA	unphased	1.01809954751131	1.01809954751131	1
8	40532406	40532407	317	44	2	1	1	1	NA	NA	NA	unphased	0.716962685351149	0.716962685351149	1
8	41571721	41571722	54	8	2	1	1	1	NA	NA	NA	unphased	0.759013282732448	0.759013282732448	1
8	57353981	57353982	76	11	2	1	1	1	NA	NA	NA	unphased	0.743745774171738	0.743745774171738	1
8	57353982	57353983	76	11	2	1	1	1	NA	NA	NA	unphased	0.743745774171738	0.743745774171738	1
8	67086758	67086759	182	26	2	1	1	1	NA	NA	NA	unphased	0.735294117647059	0.735294117647059	1
8	67577794	67577795	170	31	2	1	1	1	NA	NA	NA	unphased	0.907228563067018	0.907228563067018	1
8	69688677	69688678	56	11	2	1	1	1	NA	NA	NA	unphased	0.9657594381036	0.9657594381036	1
8	71068495	71068496	28	7	2	1	1	1	NA	NA	NA	unphased	1.17647058823529	1.17647058823529	1
8	71068798	71068799	116	19	2	1	1	1	NA	NA	NA	unphased	0.827886710239651	0.827886710239651	1
8	87165162	87165163	48	9	2	1	1	1	NA	NA	NA	unphased	0.928792569659443	0.928792569659443	1
8	93017383	93017384	145	25	2	1	1	1	NA	NA	NA	unphased	0.865051903114187	0.865051903114187	1
8	98703229	98703230	34	9	2	1	1	1	NA	NA	NA	unphased	1.2311901504788	1.2311901504788	1
8	118147524	118147525	75	17	2	1	1	1	NA	NA	NA	unphased	1.08695652173913	1.08695652173913	1
8	130883655	130883656	85	10	2	1	1	1	NA	NA	NA	unphased	0.619195046439628	0.619195046439628	1
8	131848670	131848671	119	10	2	1	1	1	NA	NA	NA	unphased	0.455996352029184	0.455996352029184	1
8	131955703	131955704	30	3	2	1	1	1	NA	NA	NA	unphased	0.53475935828877	0.53475935828877	1
8	145694187	145694188	145	44	NA	NA	NA	NA	NA	NA	NA	unphased	NA	NA	1
9	34506871	34506872	23	4	2	1	1	1	NA	NA	NA	unphased	0.871459694989107	0.871459694989107	1
9	36204114	36204115	53	7	2	1	1	1	NA	NA	NA	unphased	0.686274509803922	0.686274509803922	1
9	38413302	38413303	66	10	2	1	1	1	NA	NA	NA	unphased	0.773993808049536	0.773993808049536	1
9	71491600	71491601	74	12	1	1	0	0	0	1	1	unphased	0.6812585499316	0.6812585499316	1
9	88938536	88938537	69	11	1	1	0	0	0	1	1	unphased	0.671323529411765	0.671323529411765	1
9	91965720	91965721	41	5	1	1	0	0	0	1	1	unphased	0.530690537084399	0.530690537084399	1
9	99007652	99007653	94	17	1	1	0	0	0	1	1	unphased	0.747747747747748	0.747747747747748	1
9	100249508	100249509	85	20	1	1	0	0	0	1	1	unphased	0.929971988795518	0.929971988795518	1
9	107456887	107456888	58	20	1	1	0	0	0	1	1	unphased	1.25188536953243	1.25188536953243	1
9	114289897	114289898	52	9	1	1	0	0	0	1	1	unphased	0.720347155255545	0.720347155255545	1
9	115408029	115408030	56	6	1	1	0	0	0	1	1	unphased	0.472485768500949	0.472485768500949	1
9	121976311	121976312	106	20	1	1	0	0	0	1	1	unphased	0.774976657329598	0.774976657329598	1
9	123920377	123920378	22	6	1	1	0	0	0	1	1	unphased	1.04621848739496	1.04621848739496	1
9	130101956	130101957	93	14	1	1	0	0	0	1	1	unphased	0.638812534359538	0.638812534359538	1
9	131709372	131709373	46	10	1	1	0	0	0	1	1	unphased	0.871848739495798	0.871848739495798	1
9	132566451	132566452	35	6	1	1	0	0	0	1	1	unphased	0.714490674318508	0.714490674318508	1
9	133907491	133907492	172	7	1	1	0	0	0	1	1	unphased	0.190930003286231	0.190930003286231	1
9	135470450	135470451	84	17	1	1	0	0	0	1	1	unphased	0.821782178217822	0.821782178217822	1
9	135470459	135470460	82	17	1	1	0	0	0	1	1	unphased	0.838383838383838	0.838383838383838	1
X	2998993	2998994	32	8	NA	NA	NA	NA	NA	NA	NA	unphased	NA	NA	1
X	13061319	13061320	114	21	NA	NA	NA	NA	NA	NA	NA	unphased	NA	NA	1
X	20174342	20174343	209	39	NA	NA	NA	NA	NA	NA	NA	unphased	NA	NA	1
X	30268653	30268654	20	8	NA	NA	NA	NA	NA	NA	NA	unphased	NA	NA	1
X	30712548	30712549	95	15	NA	NA	NA	NA	NA	NA	NA	unphased	NA	NA	1
X	34148926	34148927	132	20	NA	NA	NA	NA	NA	NA	NA	unphased	NA	NA	1
X	41012331	41012332	72	12	NA	NA	NA	NA	NA	NA	NA	unphased	NA	NA	1
X	43656510	43656511	16	4	NA	NA	NA	NA	NA	NA	NA	unphased	NA	NA	1
X	43698197	43698198	121	29	NA	NA	NA	NA	NA	NA	NA	unphased	NA	NA	1
X	54026375	54026376	42	6	NA	NA	NA	NA	NA	NA	NA	unphased	NA	NA	1
X	62917130	62917131	55	5	NA	NA	NA	NA	NA	NA	NA	unphased	NA	NA	1
X	64718901	64718902	159	27	NA	NA	NA	NA	NA	NA	NA	unphased	NA	NA	1
X	65414992	65414993	61	13	NA	NA	NA	NA	NA	NA	NA	unphased	NA	NA	1
X	86773301	86773302	69	18	NA	NA	NA	NA	NA	NA	NA	unphased	NA	NA	1
X	89177260	89177261	32	8	NA	NA	NA	NA	NA	NA	NA	unphased	NA	NA	1
X	90691476	90691477	24	8	NA	NA	NA	NA	NA	NA	NA	unphased	NA	NA	1
X	106890892	106890893	139	16	NA	NA	NA	NA	NA	NA	NA	unphased	NA	NA	1
X	122598862	122598863	68	12	NA	NA	NA	NA	NA	NA	NA	unphased	NA	NA	1
X	123556460	123556461	205	28	NA	NA	NA	NA	NA	NA	NA	unphased	NA	NA	1
X	125299241	125299242	92	17	NA	NA	NA	NA	NA	NA	NA	unphased	NA	NA	1
X	129063470	129063471	59	14	NA	NA	NA	NA	NA	NA	NA	unphased	NA	NA	1
X	134303623	134303624	43	7	NA	NA	NA	NA	NA	NA	NA	unphased	NA	NA	1
X	145076315	145076316	23	5	NA	NA	NA	NA	NA	NA	NA	unphased	NA	NA	1
X	145076316	145076317	22	5	NA	NA	NA	NA	NA	NA	NA	unphased	NA	NA	1
X	148798134	148798135	185	33	NA	NA	NA	NA	NA	NA	NA	unphased	NA	NA	1
