chr	start	end	WT.count	mut.count	subclonal.CN	nMaj1	nMin1	frac1	nMaj2	nMin2	frac2	phase	mutation.copy.number	subclonal.fraction	no.chrs.bearing.mut
1	6202482	6202483	19	3	2	1	1	0.17	1	1	0.83	unphased	1.2396694214876	1.2396694214876	1
1	12379570	12379571	97	10	2	1	1	0.17	1	1	0.83	unphased	0.849617672047579	0.849617672047579	1
1	19183851	19183852	34	3	1.11	1	1	0.11	0	1	0.89	unphased	0.664938574938575	0.664938574938575	1
1	22079500	22079501	26	3	1.11	1	1	0.11	0	1	0.89	unphased	0.848369905956113	0.848369905956113	1
1	22405007	22405008	65	6	1.11	1	1	0.11	0	1	0.89	unphased	0.69303457106274	0.69303457106274	1
1	26695059	26695060	31	3	1.11	1	1	0.11	0	1	0.89	unphased	0.723609625668449	0.723609625668449	1
1	35370245	35370246	53	8	2	1	1	1	NA	NA	NA	unphased	1.19225037257824	1.19225037257824	1
1	35863052	35863053	40	6	2	1	1	1	NA	NA	NA	unphased	1.18577075098814	1.18577075098814	1
1	40747026	40747027	71	7	2	1	1	1	NA	NA	NA	unphased	0.815850815850816	0.815850815850816	1
1	41094478	41094479	44	8	2	1	1	1	NA	NA	NA	unphased	1.3986013986014	1.3986013986014	1
1	46876098	46876099	228	27	2	1	1	1	NA	NA	NA	unphased	0.962566844919786	0.962566844919786	1
1	47746835	47746836	44	7	2	1	1	1	NA	NA	NA	unphased	1.24777183600713	1.24777183600713	1
1	55070858	55070859	24	3	2	1	1	1	NA	NA	NA	unphased	1.01010101010101	1.01010101010101	1
1	55144414	55144415	19	4	2	1	1	1	NA	NA	NA	unphased	1.58102766798419	1.58102766798419	1
1	56990008	56990009	87	9	2	1	1	1	NA	NA	NA	unphased	0.852272727272727	0.852272727272727	1
1	62941490	62941491	102	6	2	1	1	1	NA	NA	NA	unphased	0.505050505050505	0.505050505050505	1
1	67101699	67101700	43	5	2	1	1	1	NA	NA	NA	unphased	0.946969696969697	0.946969696969697	1
1	70339187	70339188	91	8	2	1	1	1	NA	NA	NA	unphased	0.734618916437098	0.734618916437098	1
1	70486698	70486699	45	6	2	1	1	1	NA	NA	NA	unphased	1.06951871657754	1.06951871657754	1
1	75622717	75622718	56	11	2	1	1	1	NA	NA	NA	unphased	1.49253731343284	1.49253731343284	1
1	75805281	75805282	248	29	2	1	1	1	NA	NA	NA	unphased	0.951755825402035	0.951755825402035	1
1	82432246	82432247	118	16	2	1	1	1	NA	NA	NA	unphased	1.08548168249661	1.08548168249661	1
1	82456280	82456281	52	4	2	1	1	1	NA	NA	NA	unphased	0.649350649350649	0.649350649350649	1
1	85486921	85486922	53	9	2	1	1	1	NA	NA	NA	unphased	1.31964809384164	1.31964809384164	1
1	86942185	86942186	27	3	2	1	1	1	NA	NA	NA	unphased	0.909090909090909	0.909090909090909	1
1	89652094	89652095	44	5	2	1	1	1	NA	NA	NA	unphased	0.927643784786642	0.927643784786642	1
1	93070902	93070903	73	12	2	1	1	1	NA	NA	NA	unphased	1.28342245989305	1.28342245989305	1
1	109779108	109779109	51	6	2	1	1	1	NA	NA	NA	unphased	0.956937799043062	0.956937799043062	1
1	117602945	117602946	41	4	2	1	1	1	NA	NA	NA	unphased	0.808080808080808	0.808080808080808	1
1	146399565	146399566	88	8	1.15	1	1	0.15	1	0	0.85	unphased	0.686742424242424	0.686742424242424	1
1	152191229	152191230	304	16	1.15	1	1	0.15	1	0	0.85	unphased	0.412045454545455	0.412045454545455	1
1	152280348	152280349	428	40	1.15	1	1	0.15	1	0	0.85	unphased	0.704351204351204	0.704351204351204	1
1	152284388	152284389	285	27	1.15	1	1	0.15	1	0	0.85	unphased	0.713155594405594	0.713155594405594	1
1	152286264	152286265	309	26	1.15	1	1	0.15	1	0	0.85	unphased	0.639592944369064	0.639592944369064	1
1	152882426	152882427	34	4	2	1	1	1	NA	NA	NA	unphased	0.956937799043062	0.956937799043062	1
1	152882427	152882428	34	4	2	1	1	1	NA	NA	NA	unphased	0.956937799043062	0.956937799043062	1
1	155340664	155340665	92	5	2	1	1	1	NA	NA	NA	unphased	0.468603561387066	0.468603561387066	1
1	155874529	155874530	40	5	2	1	1	1	NA	NA	NA	unphased	1.01010101010101	1.01010101010101	1
1	156347873	156347874	39	4	2	1	1	1	NA	NA	NA	unphased	0.845665961945032	0.845665961945032	1
1	156812301	156812302	19	5	2	1	1	1	NA	NA	NA	unphased	1.89393939393939	1.89393939393939	1
1	158224911	158224912	90	14	2	1	1	1	NA	NA	NA	unphased	1.22377622377622	1.22377622377622	1
1	158435941	158435942	76	6	2	1	1	1	NA	NA	NA	unphased	0.665188470066519	0.665188470066519	1
1	158435942	158435943	75	6	2	1	1	1	NA	NA	NA	unphased	0.673400673400673	0.673400673400673	1
1	158596769	158596770	104	13	2	1	1	1	NA	NA	NA	unphased	1.01010101010101	1.01010101010101	1
1	158623195	158623196	37	4	2	1	1	1	NA	NA	NA	unphased	0.886917960088692	0.886917960088692	1
1	160766004	160766005	91	6	2	1	1	1	NA	NA	NA	unphased	0.56232427366448	0.56232427366448	1
1	167368537	167368538	72	8	2	1	1	1	NA	NA	NA	unphased	0.909090909090909	0.909090909090909	1
1	167852731	167852732	90	7	2	1	1	1	NA	NA	NA	unphased	0.656044985941893	0.656044985941893	1
1	172017832	172017833	37	6	2	1	1	1	NA	NA	NA	unphased	1.26849894291755	1.26849894291755	1
1	175097751	175097752	48	4	2	1	1	1	NA	NA	NA	unphased	0.699300699300699	0.699300699300699	1
1	176564582	176564583	30	4	2	1	1	1	NA	NA	NA	unphased	1.06951871657754	1.06951871657754	1
1	178412296	178412297	43	4	2	1	1	1	NA	NA	NA	unphased	0.773694390715667	0.773694390715667	1
1	178490498	178490499	25	3	2	1	1	1	NA	NA	NA	unphased	0.974025974025974	0.974025974025974	1
1	179603631	179603632	62	6	2	1	1	1	NA	NA	NA	unphased	0.802139037433155	0.802139037433155	1
1	179853886	179853887	28	3	2	1	1	1	NA	NA	NA	unphased	0.879765395894428	0.879765395894428	1
1	180166555	180166556	39	6	2	1	1	1	NA	NA	NA	unphased	1.21212121212121	1.21212121212121	1
1	181727142	181727143	55	8	2	1	1	1	NA	NA	NA	unphased	1.15440115440115	1.15440115440115	1
1	181732618	181732619	43	4	2	1	1	1	NA	NA	NA	unphased	0.773694390715667	0.773694390715667	1
1	185153997	185153998	46	11	2	1	1	1	NA	NA	NA	unphased	1.75438596491228	1.75438596491228	1
1	186010180	186010181	49	5	2	1	1	1	NA	NA	NA	unphased	0.841750841750842	0.841750841750842	1
1	186092352	186092353	31	4	2	1	1	1	NA	NA	NA	unphased	1.03896103896104	1.03896103896104	1
1	186099637	186099638	45	7	2	1	1	1	NA	NA	NA	unphased	1.22377622377622	1.22377622377622	1
1	186283850	186283851	59	4	2	1	1	1	NA	NA	NA	unphased	0.577200577200577	0.577200577200577	1
1	186908219	186908220	36	3	2	1	1	1	NA	NA	NA	unphased	0.699300699300699	0.699300699300699	1
1	186957569	186957570	63	5	2	1	1	1	NA	NA	NA	unphased	0.668449197860963	0.668449197860963	1
1	196684735	196684736	53	7	2	1	1	1	NA	NA	NA	unphased	1.06060606060606	1.06060606060606	1
1	197073788	197073789	81	11	2	1	1	1	NA	NA	NA	unphased	1.08695652173913	1.08695652173913	1
1	201869656	201869657	52	6	2	1	1	1	NA	NA	NA	unphased	0.940438871473354	0.940438871473354	1
1	205779548	205779549	55	9	2	1	1	1	NA	NA	NA	unphased	1.27840909090909	1.27840909090909	1
1	212002480	212002481	59	5	2	1	1	1	NA	NA	NA	unphased	0.710227272727273	0.710227272727273	1
1	215793410	215793411	32	7	2	1	1	1	NA	NA	NA	unphased	1.63170163170163	1.63170163170163	1
1	215824124	215824125	52	8	2	1	1	1	NA	NA	NA	unphased	1.21212121212121	1.21212121212121	1
1	216138804	216138805	60	10	2	1	1	1	NA	NA	NA	unphased	1.2987012987013	1.2987012987013	1
1	220826507	220826508	47	12	2	1	1	1	NA	NA	NA	unphased	1.84899845916795	1.84899845916795	1
1	221876006	221876007	20	4	2	1	1	1	NA	NA	NA	unphased	1.51515151515152	1.51515151515152	1
1	227075846	227075847	57	7	2	1	1	1	NA	NA	NA	unphased	0.994318181818182	0.994318181818182	1
1	228566439	228566440	15	4	2	1	1	1	NA	NA	NA	unphased	1.91387559808612	1.91387559808612	1
1	230822786	230822787	46	4	2	1	1	1	NA	NA	NA	unphased	0.727272727272727	0.727272727272727	1
1	230838903	230838904	33	4	2	1	1	1	NA	NA	NA	unphased	0.982800982800983	0.982800982800983	1
1	236212122	236212123	33	7	2	1	1	1	NA	NA	NA	unphased	1.59090909090909	1.59090909090909	1
1	236729261	236729262	42	6	2	1	1	1	NA	NA	NA	unphased	1.13636363636364	1.13636363636364	1
1	236917258	236917259	76	12	2	1	1	1	NA	NA	NA	unphased	1.2396694214876	1.2396694214876	1
1	237817649	237817650	29	4	2	1	1	1	NA	NA	NA	unphased	1.10192837465565	1.10192837465565	1
1	237993909	237993910	70	6	2	1	1	1	NA	NA	NA	unphased	0.717703349282297	0.717703349282297	1
1	247655379	247655380	28	4	2	1	1	1	NA	NA	NA	unphased	1.13636363636364	1.13636363636364	1
1	247751865	247751866	86	12	2	1	1	1	NA	NA	NA	unphased	1.11317254174397	1.11317254174397	1
1	247769246	247769247	112	22	2	1	1	1	NA	NA	NA	unphased	1.49253731343284	1.49253731343284	1
1	247836182	247836183	41	4	2	1	1	1	NA	NA	NA	unphased	0.808080808080808	0.808080808080808	1
1	247978896	247978897	29	5	2	1	1	1	NA	NA	NA	unphased	1.33689839572193	1.33689839572193	1
1	248309090	248309091	247	16	1.09	1	1	0.09	0	1	0.91	unphased	0.49769789146215	0.49769789146215	1
10	5693175	5693176	67	6	2	1	1	0.24	1	1	0.76	unphased	0.74719800747198	0.74719800747198	1
10	8111465	8111466	55	7	2	1	1	0.24	1	1	0.76	unphased	1.02639296187683	1.02639296187683	1
10	12136088	12136089	75	11	2	1	1	0.24	1	1	0.76	unphased	1.16279069767442	1.16279069767442	1
10	18803219	18803220	46	4	2	1	1	0.14	1	1	0.86	unphased	0.727272727272727	0.727272727272727	1
10	18803220	18803221	46	4	2	1	1	0.14	1	1	0.86	unphased	0.727272727272727	0.727272727272727	1
10	21804582	21804583	197	10	1.1	1	1	0.1	0	1	0.9	unphased	0.395696091348265	0.395696091348265	1
10	30336463	30336464	36	3	2	1	1	0.27	1	1	0.73	unphased	0.699300699300699	0.699300699300699	1
10	37508316	37508317	40	9	2	1	1	0.27	1	1	0.73	unphased	1.66975881261596	1.66975881261596	1
10	43279992	43279993	55	4	2	1	1	0.27	1	1	0.73	unphased	0.61633281972265	0.61633281972265	1
10	61414068	61414069	128	12	2	1	1	0.5	1	1	0.5	unphased	0.779220779220779	0.779220779220779	1
10	72511375	72511376	21	6	2	1	1	0.49	1	1	0.51	unphased	2.02020202020202	2.02020202020202	1
10	75855508	75855509	66	6	2	1	1	0.49	1	1	0.51	unphased	0.757575757575758	0.757575757575758	1
10	96466663	96466664	36	3	2	1	1	0.49	1	1	0.51	unphased	0.699300699300699	0.699300699300699	1
10	98146736	98146737	67	4	1.07	1	1	0.07	0	1	0.93	unphased	0.4597695262484	0.4597695262484	1
10	104243939	104243940	40	3	1.07	1	1	0.07	0	1	0.93	unphased	0.569365750528541	0.569365750528541	1
10	105048206	105048207	72	4	1.07	1	1	0.07	0	1	0.93	unphased	0.429521531100478	0.429521531100478	1
10	105218100	105218101	23	7	1.07	1	1	0.07	0	1	0.93	unphased	1.90421212121212	1.90421212121212	1
10	105363305	105363306	44	4	1.07	1	1	0.07	0	1	0.93	unphased	0.680075757575758	0.680075757575758	1
10	112266698	112266699	123	7	1.07	1	1	0.07	0	1	0.93	unphased	0.439433566433566	0.439433566433566	1
10	114901021	114901022	47	11	1.07	1	1	0.07	0	1	0.93	unphased	1.54775862068966	1.54775862068966	1
10	117040928	117040929	39	6	1.07	1	1	0.07	0	1	0.93	unphased	1.08812121212121	1.08812121212121	1
10	124395566	124395567	44	8	1.11	1	1	0.11	0	1	0.89	unphased	1.26167832167832	1.26167832167832	1
10	124697224	124697225	56	6	1.11	1	1	0.11	0	1	0.89	unphased	0.793636363636364	0.793636363636364	1
10	134898465	134898466	109	8	1.11	1	1	0.11	0	1	0.89	unphased	0.560745920745921	0.560745920745921	1
10	135126156	135126157	36	7	1.11	1	1	0.11	0	1	0.89	unphased	1.33503171247357	1.33503171247357	1
11	249022	249023	46	4	2	1	1	1	NA	NA	NA	unphased	0.727272727272727	0.727272727272727	1
11	533898	533899	66	6	2	1	1	1	NA	NA	NA	unphased	0.757575757575758	0.757575757575758	1
11	3129165	3129166	15	3	2	1	1	1	NA	NA	NA	unphased	1.51515151515152	1.51515151515152	1
11	4133266	4133267	72	6	2	1	1	1	NA	NA	NA	unphased	0.699300699300699	0.699300699300699	1
11	4904066	4904067	37	3	2	1	1	1	NA	NA	NA	unphased	0.681818181818182	0.681818181818182	1
11	6637687	6637688	19	5	2	1	1	0.14	1	1	0.86	unphased	1.89393939393939	1.89393939393939	1
11	6703539	6703540	97	7	2	1	1	0.14	1	1	0.86	unphased	0.611888111888112	0.611888111888112	1
11	7059950	7059951	45	4	2	1	1	0.14	1	1	0.86	unphased	0.742115027829313	0.742115027829313	1
11	7818188	7818189	82	13	2	1	1	0.14	1	1	0.86	unphased	1.24401913875598	1.24401913875598	1
11	7982189	7982190	84	6	2	1	1	0.14	1	1	0.86	unphased	0.606060606060606	0.606060606060606	1
11	8752589	8752590	34	3	2	1	1	0.14	1	1	0.86	unphased	0.737100737100737	0.737100737100737	1
11	12023864	12023865	28	5	2	1	1	0.14	1	1	0.86	unphased	1.37741046831956	1.37741046831956	1
11	16847703	16847704	250	11	2	1	1	0.14	1	1	0.86	unphased	0.383141762452107	0.383141762452107	1
11	17482040	17482041	64	10	2	1	1	0.14	1	1	0.86	unphased	1.22850122850123	1.22850122850123	1
11	18195319	18195320	136	11	2	1	1	0.14	1	1	0.86	unphased	0.680272108843537	0.680272108843537	1
11	20089905	20089906	70	5	2	1	1	0.14	1	1	0.86	unphased	0.606060606060606	0.606060606060606	1
11	20113832	20113833	77	6	2	1	1	0.14	1	1	0.86	unphased	0.657174151150055	0.657174151150055	1
11	26582640	26582641	35	7	2	1	1	0.14	1	1	0.86	unphased	1.51515151515152	1.51515151515152	1
11	30516849	30516850	56	6	2	1	1	0.14	1	1	0.86	unphased	0.879765395894428	0.879765395894428	1
11	32955601	32955602	64	5	2	1	1	0.14	1	1	0.86	unphased	0.658761528326746	0.658761528326746	1
11	45671491	45671492	69	6	2	1	1	0.14	1	1	0.86	unphased	0.727272727272727	0.727272727272727	1
11	47333349	47333350	25	3	2	1	1	0.14	1	1	0.86	unphased	0.974025974025974	0.974025974025974	1
11	48346677	48346678	63	5	2	1	1	0.14	1	1	0.86	unphased	0.668449197860963	0.668449197860963	1
11	49974423	49974424	49	5	2	1	1	1	NA	NA	NA	unphased	0.841750841750842	0.841750841750842	1
11	55136132	55136133	53	9	2	1	1	1	NA	NA	NA	unphased	1.31964809384164	1.31964809384164	1
11	55136203	55136204	125	6	2	1	1	1	NA	NA	NA	unphased	0.416377515614157	0.416377515614157	1
11	55136360	55136361	55	7	2	1	1	1	NA	NA	NA	unphased	1.02639296187683	1.02639296187683	1
11	55340423	55340424	73	6	2	1	1	1	NA	NA	NA	unphased	0.690448791714614	0.690448791714614	1
11	55418910	55418911	143	14	2	1	1	1	NA	NA	NA	unphased	0.810654313839027	0.810654313839027	1
11	55433288	55433289	64	11	2	1	1	1	NA	NA	NA	unphased	1.33333333333333	1.33333333333333	1
11	55541282	55541283	137	17	2	1	1	1	NA	NA	NA	unphased	1.00354191263282	1.00354191263282	1
11	55860808	55860809	91	8	2	1	1	1	NA	NA	NA	unphased	0.734618916437098	0.734618916437098	1
11	55873436	55873437	72	4	2	1	1	1	NA	NA	NA	unphased	0.478468899521531	0.478468899521531	1
11	56086462	56086463	76	6	2	1	1	1	NA	NA	NA	unphased	0.665188470066519	0.665188470066519	1
11	56184970	56184971	65	8	2	1	1	1	NA	NA	NA	unphased	0.99626400996264	0.99626400996264	1
11	56230082	56230083	43	7	2	1	1	1	NA	NA	NA	unphased	1.27272727272727	1.27272727272727	1
11	56431312	56431313	130	12	2	1	1	1	NA	NA	NA	unphased	0.768245838668374	0.768245838668374	1
11	57381960	57381961	33	3	2	1	1	1	NA	NA	NA	unphased	0.757575757575758	0.757575757575758	1
11	59224831	59224832	131	9	2	1	1	1	NA	NA	NA	unphased	0.584415584415584	0.584415584415584	1
11	59282888	59282889	92	6	2	1	1	1	NA	NA	NA	unphased	0.556586270871985	0.556586270871985	1
11	60183709	60183710	53	5	2	1	1	1	NA	NA	NA	unphased	0.783699059561129	0.783699059561129	1
11	64416313	64416314	48	6	2	1	1	1	NA	NA	NA	unphased	1.01010101010101	1.01010101010101	1
11	64416314	64416315	49	6	2	1	1	1	NA	NA	NA	unphased	0.991735537190083	0.991735537190083	1
11	65793734	65793735	59	7	2	1	1	1	NA	NA	NA	unphased	0.964187327823691	0.964187327823691	1
11	66331401	66331402	10	4	2	1	1	1	NA	NA	NA	unphased	2.5974025974026	2.5974025974026	1
11	66633711	66633712	52	11	2	1	1	1	NA	NA	NA	unphased	1.58730158730159	1.58730158730159	1
11	75852148	75852149	35	5	2	1	1	1	NA	NA	NA	unphased	1.13636363636364	1.13636363636364	1
11	92624066	92624067	25	3	2	1	1	1	NA	NA	NA	unphased	0.974025974025974	0.974025974025974	1
11	93471601	93471602	48	4	2	1	1	1	NA	NA	NA	unphased	0.699300699300699	0.699300699300699	1
11	110453080	110453081	70	5	2	1	1	1	NA	NA	NA	unphased	0.606060606060606	0.606060606060606	1
11	116706972	116706973	50	8	2	1	1	1	NA	NA	NA	unphased	1.25391849529781	1.25391849529781	1
11	117307968	117307969	47	5	2	1	1	1	NA	NA	NA	unphased	0.874125874125874	0.874125874125874	1
11	118343258	118343259	130	8	2	1	1	1	NA	NA	NA	unphased	0.527009222661397	0.527009222661397	1
11	122720891	122720892	38	3	2	1	1	1	NA	NA	NA	unphased	0.665188470066519	0.665188470066519	1
11	123476121	123476122	45	5	2	1	1	1	NA	NA	NA	unphased	0.909090909090909	0.909090909090909	1
11	123847663	123847664	42	5	2	1	1	1	NA	NA	NA	unphased	0.967117988394584	0.967117988394584	1
11	124120642	124120643	62	8	2	1	1	1	NA	NA	NA	unphased	1.03896103896104	1.03896103896104	1
11	125887110	125887111	38	5	2	1	1	1	NA	NA	NA	unphased	1.05708245243129	1.05708245243129	1
11	128839936	128839937	62	6	2	1	1	1	NA	NA	NA	unphased	0.802139037433155	0.802139037433155	1
11	134010579	134010580	50	7	2	1	1	1	NA	NA	NA	unphased	1.11642743221691	1.11642743221691	1
12	432851	432852	53	6	2	1	1	0.18	1	1	0.82	unphased	0.924499229583975	0.924499229583975	1
12	2706601	2706602	34	3	2	1	1	0.25	1	1	0.75	unphased	0.737100737100737	0.737100737100737	1
12	2933023	2933024	65	5	2	1	1	0.25	1	1	0.75	unphased	0.649350649350649	0.649350649350649	1
12	4920013	4920014	54	5	2	1	1	0.25	1	1	0.75	unphased	0.770416024653313	0.770416024653313	1
12	6707227	6707228	112	6	2	1	1	0.25	1	1	0.75	unphased	0.462249614791988	0.61633281972265	0.75
12	8276530	8276531	40	4	2	1	1	0.25	1	1	0.75	unphased	0.826446280991736	0.826446280991736	1
12	10217379	10217380	77	5	2	1	1	0.24	1	1	0.76	unphased	0.554323725055432	0.554323725055432	1
12	11286107	11286108	103	13	2	1	1	0.24	1	1	0.76	unphased	1.01880877742947	1.01880877742947	1
12	13717394	13717395	95	6	1.09	1	1	0.09	0	1	0.91	unphased	0.485994599459946	0.485994599459946	1
12	18890302	18890303	23	3	2	1	1	0.22	1	1	0.78	unphased	1.04895104895105	1.04895104895105	1
12	19518934	19518935	33	3	2	1	1	0.22	1	1	0.78	unphased	0.757575757575758	0.757575757575758	1
12	21958175	21958176	54	4	2	1	1	0.22	1	1	0.78	unphased	0.626959247648903	0.626959247648903	1
12	52963714	52963715	31	3	2	1	1	0.24	1	1	0.76	unphased	0.802139037433155	0.802139037433155	1
12	53663290	53663291	244	16	2	1	1	0.24	1	1	0.76	unphased	0.559440559440559	0.736105999263894	0.76
12	56720127	56720128	14	3	2	1	1	0.24	1	1	0.76	unphased	1.60427807486631	1.60427807486631	1
12	58014230	58014231	191	25	2	1	1	0.24	1	1	0.76	unphased	1.05218855218855	1.05218855218855	1
12	66990658	66990659	51	5	2	1	1	0.2	1	1	0.8	unphased	0.811688311688312	0.811688311688312	1
12	101520673	101520674	25	3	2	1	1	0.17	1	1	0.83	unphased	0.974025974025974	0.974025974025974	1
12	103699824	103699825	81	6	2	1	1	0.17	1	1	0.83	unphased	0.626959247648903	0.626959247648903	1
12	108589881	108589882	68	9	2	1	1	0.25	1	1	0.75	unphased	1.06257378984652	1.06257378984652	1
12	117768187	117768188	61	10	2	1	1	0.28	1	1	0.72	unphased	1.28040973111396	1.28040973111396	1
12	120270595	120270596	67	8	2	1	1	0.28	1	1	0.72	unphased	0.96969696969697	0.96969696969697	1
12	120565624	120565625	103	7	2	1	1	0.28	1	1	0.72	unphased	0.578512396694215	0.578512396694215	1
12	124848311	124848312	48	5	2	1	1	0.28	1	1	0.72	unphased	0.857632933104631	0.857632933104631	1
12	124856796	124856797	39	4	2	1	1	0.28	1	1	0.72	unphased	0.845665961945032	0.845665961945032	1
12	126139132	126139133	37	6	2	1	1	0.28	1	1	0.72	unphased	1.26849894291755	1.26849894291755	1
12	128899663	128899664	15	4	2	1	1	0.28	1	1	0.72	unphased	1.91387559808612	1.91387559808612	1
12	130649031	130649032	29	4	2	1	1	0.28	1	1	0.72	unphased	1.10192837465565	1.10192837465565	1
12	132397761	132397762	19	4	2	1	1	0.42	1	1	0.58	unphased	1.58102766798419	1.58102766798419	1
13	29599342	29599343	51	6	2	1	1	0.35	1	1	0.65	unphased	0.956937799043062	0.956937799043062	1
13	31495839	31495840	26	6	2	1	1	0.35	1	1	0.65	unphased	1.70454545454545	1.70454545454545	1
13	45975246	45975247	59	5	2	1	1	0.36	1	1	0.64	unphased	0.710227272727273	0.710227272727273	1
13	58208218	58208219	41	4	2	1	1	0.37	1	1	0.63	unphased	0.808080808080808	0.808080808080808	1
13	77835369	77835370	74	5	2	1	1	0.37	1	1	0.63	unphased	0.575373993095512	0.575373993095512	1
13	86369930	86369931	68	7	2	1	1	0.37	1	1	0.63	unphased	0.848484848484849	0.848484848484849	1
13	86370231	86370232	41	6	2	1	1	0.37	1	1	0.63	unphased	1.1605415860735	1.1605415860735	1
13	88330290	88330291	60	4	2	1	1	0.37	1	1	0.63	unphased	0.568181818181818	0.568181818181818	1
14	20216221	20216222	61	6	NA	NA	NA	NA	NA	NA	NA	unphased	NA	NA	1
14	20344919	20344920	273	25	2	2	0	1	NA	NA	NA	unphased	0.762660158633313	0.762660158633313	1
14	20528749	20528750	106	18	1.25	1	1	0.25	1	0	0.75	unphased	1.21077712609971	1.21077712609971	1
14	20612236	20612237	123	10	1.26	1	1	0.26	1	0	0.74	unphased	0.627887901572112	0.627887901572112	1
14	21109672	21109673	54	11	1.26	1	1	0.26	1	0	0.74	unphased	1.41323076923077	1.41323076923077	1
14	22600991	22600992	18	4	0	0	0	1	NA	NA	NA	unphased	1.28925619834711	1.28925619834711	1
14	24706521	24706522	45	4	2	1	1	0.25	1	1	0.75	unphased	0.742115027829313	0.742115027829313	1
14	24878026	24878027	13	5	2	1	1	0.25	1	1	0.75	unphased	2.52525252525253	2.52525252525253	1
14	30107929	30107930	30	4	2	1	1	0.25	1	1	0.75	unphased	1.06951871657754	1.06951871657754	1
14	32560736	32560737	121	13	2	1	1	0.25	1	1	0.75	unphased	0.881953867028494	0.881953867028494	1
14	33291218	33291219	58	8	2	1	1	0.25	1	1	0.75	unphased	1.10192837465565	1.10192837465565	1
14	55604781	55604782	19	5	2	1	1	0.25	1	1	0.75	unphased	1.89393939393939	1.89393939393939	1
14	68023996	68023997	20	5	2	1	1	0.24	1	1	0.76	unphased	1.81818181818182	1.81818181818182	1
14	69520606	69520607	73	5	2	1	1	0.24	1	1	0.76	unphased	0.582750582750583	0.582750582750583	1
14	69847223	69847224	76	12	2	1	1	0.24	1	1	0.76	unphased	1.2396694214876	1.2396694214876	1
14	70712933	70712934	33	5	2	1	1	0.24	1	1	0.76	unphased	1.19617224880383	1.19617224880383	1
14	81745058	81745059	56	5	2	1	1	0.2	1	1	0.8	unphased	0.745156482861401	0.745156482861401	1
14	88651869	88651870	62	8	2	1	1	0.2	1	1	0.8	unphased	1.03896103896104	1.03896103896104	1
14	94053012	94053013	58	8	2	1	1	0.2	1	1	0.8	unphased	1.10192837465565	1.10192837465565	1
14	99641780	99641781	10	3	2	1	1	0.2	1	1	0.8	unphased	2.0979020979021	2.0979020979021	1
14	101507169	101507170	53	7	2	1	1	0.2	1	1	0.8	unphased	1.06060606060606	1.06060606060606	1
14	103174880	103174881	178	28	2	1	1	0.2	1	1	0.8	unphased	1.23565754633716	1.23565754633716	1
14	103806113	103806114	31	3	2	1	1	0.2	1	1	0.8	unphased	0.802139037433155	0.802139037433155	1
14	105409646	105409647	244	10	2	1	1	0.2	1	1	0.8	unphased	0.357909806728704	0.357909806728704	1
14	106494383	106494384	32	9	NA	NA	NA	NA	NA	NA	NA	unphased	NA	NA	1
15	22368723	22368724	492	13	2	1	1	1	NA	NA	NA	unphased	0.234023402340234	0.234023402340234	1
15	22383234	22383235	209	11	2	1	1	1	NA	NA	NA	unphased	0.454545454545455	0.454545454545455	1
15	24923094	24923095	92	9	2	1	1	0.25	1	1	0.75	unphased	0.81008100810081	0.81008100810081	1
15	25326496	25326497	191	23	2	1	1	0.25	1	1	0.75	unphased	0.977060322854715	0.977060322854715	1
15	25419980	25419981	66	8	2	1	1	0.25	1	1	0.75	unphased	0.982800982800983	0.982800982800983	1
15	25460720	25460721	207	22	2	1	1	0.25	1	1	0.75	unphased	0.873362445414847	0.873362445414847	1
15	32928107	32928108	32	3	2	1	1	0.24	1	1	0.76	unphased	0.779220779220779	0.779220779220779	1
15	34023736	34023737	12	5	2	1	1	0.24	1	1	0.76	unphased	2.67379679144385	2.67379679144385	1
15	41862856	41862857	52	6	2	1	1	0.2	1	1	0.8	unphased	0.940438871473354	0.940438871473354	1
15	44028260	44028261	64	9	2	1	1	0.2	1	1	0.8	unphased	1.12079701120797	1.12079701120797	1
15	44900734	44900735	33	3	2	1	1	0.2	1	1	0.8	unphased	0.757575757575758	0.757575757575758	1
15	51790765	51790766	60	10	2	1	1	0.2	1	1	0.8	unphased	1.2987012987013	1.2987012987013	1
15	51974765	51974766	38	4	2	1	1	0.2	1	1	0.8	unphased	0.865800865800866	0.865800865800866	1
15	53905873	53905874	56	5	2	1	1	0.2	1	1	0.8	unphased	0.745156482861401	0.745156482861401	1
15	62948260	62948261	52	4	2	1	1	0.2	1	1	0.8	unphased	0.649350649350649	0.649350649350649	1
15	62948264	62948265	53	4	2	1	1	0.2	1	1	0.8	unphased	0.637958532695375	0.637958532695375	1
15	65140841	65140842	73	6	2	1	1	0.2	1	1	0.8	unphased	0.690448791714614	0.690448791714614	1
15	69672342	69672343	116	15	2	1	1	0.2	1	1	0.8	unphased	1.04094378903539	1.04094378903539	1
15	71125107	71125108	34	4	2	1	1	0.2	1	1	0.8	unphased	0.956937799043062	0.956937799043062	1
15	74032974	74032975	95	9	2	1	1	0.2	1	1	0.8	unphased	0.786713286713287	0.786713286713287	1
15	75014776	75014777	54	6	2	1	1	0.2	1	1	0.8	unphased	0.909090909090909	0.909090909090909	1
15	90996125	90996126	47	5	2	1	1	0.25	1	1	0.75	unphased	0.874125874125874	0.874125874125874	1
15	99512695	99512696	100	11	2	1	1	0.25	1	1	0.75	unphased	0.900900900900901	0.900900900900901	1
16	3119253	3119254	30	4	2	1	1	0.47	1	1	0.53	unphased	1.06951871657754	1.06951871657754	1
16	9857071	9857072	49	4	2	1	1	0.47	1	1	0.53	unphased	0.686106346483705	0.686106346483705	1
16	20548515	20548516	78	7	2	1	1	0.47	1	1	0.53	unphased	0.748663101604278	0.748663101604278	1
16	20576075	20576076	30	4	2	1	1	0.47	1	1	0.53	unphased	1.06951871657754	1.06951871657754	1
16	20986662	20986663	93	8	2	1	1	0.47	1	1	0.53	unphased	0.72007200720072	0.72007200720072	1
16	31105614	31105615	180	12	2	1	1	0.47	1	1	0.53	unphased	0.568181818181818	1.07204116638079	0.53
16	31230783	31230784	26	6	2	1	1	0.47	1	1	0.53	unphased	1.70454545454545	1.70454545454545	1
16	53288499	53288500	124	6	2	1	1	0.22	1	1	0.78	unphased	0.41958041958042	0.537923614846692	0.78
16	55519635	55519636	73	5	2	1	1	0.22	1	1	0.78	unphased	0.582750582750583	0.582750582750583	1
16	56920296	56920297	38	6	2	1	1	0.19	1	1	0.81	unphased	1.2396694214876	1.2396694214876	1
16	56920316	56920317	47	9	2	1	1	0.19	1	1	0.81	unphased	1.46103896103896	1.46103896103896	1
16	64981696	64981697	46	4	2	1	1	0.19	1	1	0.81	unphased	0.727272727272727	0.727272727272727	1
16	67877218	67877219	140	10	2	1	1	0.19	1	1	0.81	unphased	0.606060606060606	0.606060606060606	1
16	68941386	68941387	40	4	2	1	1	0.19	1	1	0.81	unphased	0.826446280991736	0.826446280991736	1
16	68941411	68941412	34	6	2	1	1	0.19	1	1	0.81	unphased	1.36363636363636	1.36363636363636	1
16	69687290	69687291	27	4	2	1	1	0.19	1	1	0.81	unphased	1.17302052785924	1.17302052785924	1
16	75147694	75147695	44	4	2	1	1	0.24	1	1	0.76	unphased	0.757575757575758	0.757575757575758	1
16	77228386	77228387	59	12	2	1	1	0.24	1	1	0.76	unphased	1.53649167733675	1.53649167733675	1
16	83378586	83378587	55	5	2	1	1	0.23	1	1	0.77	unphased	0.757575757575758	0.757575757575758	1
16	86575733	86575734	28	5	2	1	1	0.23	1	1	0.77	unphased	1.37741046831956	1.37741046831956	1
16	86575734	86575735	28	5	2	1	1	0.23	1	1	0.77	unphased	1.37741046831956	1.37741046831956	1
17	1840787	1840788	24	5	1	1	0	1	NA	NA	NA	unphased	1.39498432601881	1.39498432601881	1
17	5074120	5074121	73	6	1	1	0	1	NA	NA	NA	unphased	0.614499424626007	0.614499424626007	1
17	5436265	5436266	9	4	1	1	0	1	NA	NA	NA	unphased	2.48951048951049	2.48951048951049	1
17	6941910	6941911	38	7	1	1	0	1	NA	NA	NA	unphased	1.25858585858586	1.25858585858586	1
17	7579373	7579374	40	7	1	1	0	1	NA	NA	NA	unphased	1.20502901353965	1.20502901353965	1
17	10263349	10263350	52	6	1	1	0	1	NA	NA	NA	unphased	0.836990595611285	0.836990595611285	1
17	11648186	11648187	34	5	1	1	0	1	NA	NA	NA	unphased	1.03729603729604	1.03729603729604	1
17	17720329	17720330	44	4	1	1	0	1	NA	NA	NA	unphased	0.674242424242424	0.674242424242424	1
17	19316620	19316621	14	4	1	1	0	1	NA	NA	NA	unphased	1.7979797979798	1.7979797979798	1
17	20805950	20805951	20	3	1	1	0	1	NA	NA	NA	unphased	1.05533596837945	1.05533596837945	1
17	21731451	21731452	33	7	1	1	0	1	NA	NA	NA	unphased	1.41590909090909	1.41590909090909	1
17	30361939	30361940	49	4	1	1	0	1	NA	NA	NA	unphased	0.610634648370497	0.610634648370497	1
17	35733023	35733024	38	3	2	1	1	1	NA	NA	NA	unphased	0.665188470066519	0.665188470066519	1
17	38080411	38080412	44	12	2	1	1	1	NA	NA	NA	unphased	1.94805194805195	1.94805194805195	1
17	39333985	39333986	54	13	2	1	1	1	NA	NA	NA	unphased	1.76390773405699	1.76390773405699	1
17	39577835	39577836	37	4	2	1	1	0.29	1	1	0.71	unphased	0.886917960088692	0.886917960088692	1
17	41738713	41738714	36	4	2	1	1	0.29	1	1	0.71	unphased	0.909090909090909	0.909090909090909	1
17	41955084	41955085	41	11	2	1	1	0.29	1	1	0.71	unphased	1.92307692307692	1.92307692307692	1
17	41958124	41958125	37	8	2	1	1	0.29	1	1	0.71	unphased	1.61616161616162	1.61616161616162	1
17	43011664	43011665	15	3	2	1	1	0.29	1	1	0.71	unphased	1.51515151515152	1.51515151515152	1
17	46628202	46628203	92	20	2	1	1	0.29	1	1	0.71	unphased	1.62337662337662	1.62337662337662	1
17	47874266	47874267	102	15	2	1	1	0.29	1	1	0.71	unphased	1.16550116550117	1.16550116550117	1
17	48263692	48263693	88	6	2	1	1	0.29	1	1	0.71	unphased	0.58027079303675	0.58027079303675	1
17	51900869	51900870	57	8	2	1	1	0.29	1	1	0.71	unphased	1.11888111888112	1.11888111888112	1
17	53488664	53488665	36	3	2	1	1	0.29	1	1	0.71	unphased	0.699300699300699	0.699300699300699	1
17	56355465	56355466	64	7	2	1	1	0.29	1	1	0.71	unphased	0.896286811779769	0.896286811779769	1
17	59821925	59821926	77	10	2	1	1	0.29	1	1	0.71	unphased	1.04493207941484	1.04493207941484	1
17	61972399	61972400	61	7	2	1	1	0.29	1	1	0.71	unphased	0.935828877005348	0.935828877005348	1
17	67170859	67170860	65	12	2	1	1	0.29	1	1	0.71	unphased	1.41676505312869	1.41676505312869	1
17	71223374	71223375	61	7	2	1	1	0.29	1	1	0.71	unphased	0.935828877005348	0.935828877005348	1
17	72537653	72537654	40	12	2	1	1	0.29	1	1	0.71	unphased	2.0979020979021	2.0979020979021	1
17	72942791	72942792	69	10	2	1	1	0.29	1	1	0.71	unphased	1.15074798619102	1.15074798619102	1
17	74288433	74288434	56	11	2	1	1	0.29	1	1	0.71	unphased	1.49253731343284	1.49253731343284	1
17	74392682	74392683	130	6	2	1	1	0.29	1	1	0.71	unphased	0.401069518716578	0.564886646079687	0.71
18	5406795	5406796	28	5	2	1	1	0.16	1	1	0.84	unphased	1.37741046831956	1.37741046831956	1
18	7016569	7016570	38	3	2	1	1	0.16	1	1	0.84	unphased	0.665188470066519	0.665188470066519	1
18	8783829	8783830	33	7	2	1	1	0.16	1	1	0.84	unphased	1.59090909090909	1.59090909090909	1
18	13072819	13072820	77	9	2	1	1	0.16	1	1	0.84	unphased	0.951374207188161	0.951374207188161	1
18	29055914	29055915	49	7	1	1	0	1	NA	NA	NA	unphased	1.01136363636364	1.01136363636364	1
18	34205578	34205579	55	5	1	1	0	1	NA	NA	NA	unphased	0.674242424242424	0.674242424242424	1
18	44030706	44030707	32	3	1	1	0	1	NA	NA	NA	unphased	0.693506493506494	0.693506493506494	1
18	47799212	47799213	64	5	1	1	0	1	NA	NA	NA	unphased	0.586297760210804	0.586297760210804	1
18	54814888	54814889	28	3	1	1	0	1	NA	NA	NA	unphased	0.782991202346041	0.782991202346041	1
18	61390499	61390500	27	8	1	1	0	1	NA	NA	NA	unphased	1.84935064935065	1.84935064935065	1
18	61471742	61471743	33	4	1	1	0	1	NA	NA	NA	unphased	0.874692874692875	0.874692874692875	1
18	63530160	63530161	23	4	1	1	0	1	NA	NA	NA	unphased	1.1986531986532	1.1986531986532	1
18	66351674	66351675	104	5	1	1	0	1	NA	NA	NA	unphased	0.371142618849041	0.371142618849041	1
19	831795	831796	28	9	2	2	0	1	NA	NA	NA	unphased	2.21130221130221	1.10565110565111	2
19	4704282	4704283	45	9	2	2	0	1	NA	NA	NA	unphased	1.51515151515152	1.51515151515152	1
19	7622128	7622129	29	4	2	2	0	1	NA	NA	NA	unphased	1.10192837465565	1.10192837465565	1
19	8193974	8193975	50	10	2	2	0	1	NA	NA	NA	unphased	1.51515151515152	1.51515151515152	1
19	8953355	8953356	18	6	2	2	0	1	NA	NA	NA	unphased	2.27272727272727	1.13636363636364	2
19	8953356	8953357	18	6	2	2	0	1	NA	NA	NA	unphased	2.27272727272727	1.13636363636364	2
19	9049261	9049262	121	10	2	2	0	1	NA	NA	NA	unphased	0.693962526023595	0.693962526023595	1
19	9056677	9056678	38	6	2	2	0	1	NA	NA	NA	unphased	1.2396694214876	1.2396694214876	1
19	9083004	9083005	42	10	2	2	0	1	NA	NA	NA	unphased	1.74825174825175	0.874125874125874	2
19	9225763	9225764	43	7	2	2	0	1	NA	NA	NA	unphased	1.27272727272727	1.27272727272727	1
19	9577836	9577837	80	13	2	2	0	1	NA	NA	NA	unphased	1.27077223851417	1.27077223851417	1
19	15072961	15072962	37	4	2	2	0	1	NA	NA	NA	unphased	0.886917960088692	0.886917960088692	1
19	15082551	15082552	26	7	2	2	0	1	NA	NA	NA	unphased	1.92837465564738	1.92837465564738	1
19	17758168	17758169	19	7	2	2	0	1	NA	NA	NA	unphased	2.44755244755245	1.22377622377622	2
19	19427340	19427341	29	4	2	2	0	1	NA	NA	NA	unphased	1.10192837465565	1.10192837465565	1
19	38190583	38190584	67	14	2	2	0	1	NA	NA	NA	unphased	1.5712682379349	1.5712682379349	1
19	39989622	39989623	63	18	2	2	0	1	NA	NA	NA	unphased	2.02020202020202	1.01010101010101	2
19	41497230	41497231	79	8	2	2	0	1	NA	NA	NA	unphased	0.83594566353187	0.83594566353187	1
19	42946984	42946985	23	8	2	2	0	1	NA	NA	NA	unphased	2.34604105571848	1.17302052785924	2
19	43674219	43674220	71	19	2	2	0	1	NA	NA	NA	unphased	1.91919191919192	0.95959595959596	2
19	44946795	44946796	53	15	2	2	0	1	NA	NA	NA	unphased	2.00534759358289	1.00267379679144	2
19	46998404	46998405	131	8	2	2	0	1	NA	NA	NA	unphased	0.52321778940484	0.52321778940484	1
19	49649229	49649230	54	4	2	2	0	1	NA	NA	NA	unphased	0.626959247648903	0.626959247648903	1
19	51509825	51509826	26	6	2	2	0	1	NA	NA	NA	unphased	1.70454545454545	1.70454545454545	1
19	52149129	52149130	25	4	2	2	0	1	NA	NA	NA	unphased	1.25391849529781	1.25391849529781	1
19	53754806	53754807	36	14	2	2	0	1	NA	NA	NA	unphased	2.54545454545455	1.27272727272727	2
19	54137870	54137871	45	11	2	2	0	1	NA	NA	NA	unphased	1.78571428571429	0.892857142857143	2
19	54313721	54313722	154	38	2	2	0	1	NA	NA	NA	unphased	1.79924242424242	0.899621212121212	2
19	55693023	55693024	27	8	2	2	0	1	NA	NA	NA	unphased	2.07792207792208	1.03896103896104	2
19	55776690	55776691	95	6	2	2	0	1	NA	NA	NA	unphased	0.54005400540054	0.54005400540054	1
19	56370265	56370266	77	5	2	2	0	1	NA	NA	NA	unphased	0.554323725055432	0.554323725055432	1
19	56459500	56459501	23	6	2	2	0	1	NA	NA	NA	unphased	1.88087774294671	1.88087774294671	1
19	56466694	56466695	55	15	2	2	0	1	NA	NA	NA	unphased	1.94805194805195	0.974025974025974	2
2	21241980	21241981	79	6	2	1	1	1	NA	NA	NA	unphased	0.641711229946524	0.641711229946524	1
2	31147075	31147076	81	8	2	1	1	1	NA	NA	NA	unphased	0.817160367722165	0.817160367722165	1
2	31147086	31147087	70	8	2	1	1	1	NA	NA	NA	unphased	0.932400932400932	0.932400932400932	1
2	32117068	32117069	73	7	2	1	1	1	NA	NA	NA	unphased	0.795454545454545	0.795454545454545	1
2	40656752	40656753	32	5	2	1	1	1	NA	NA	NA	unphased	1.22850122850123	1.22850122850123	1
2	61415568	61415569	71	5	2	1	1	1	NA	NA	NA	unphased	0.598086124401914	0.598086124401914	1
2	71577301	71577302	104	15	2	1	1	1	NA	NA	NA	unphased	1.14591291061879	1.14591291061879	1
2	74481803	74481804	82	9	2	1	1	1	NA	NA	NA	unphased	0.899100899100899	0.899100899100899	1
2	74592201	74592202	37	5	2	1	1	1	NA	NA	NA	unphased	1.08225108225108	1.08225108225108	1
2	74594023	74594024	36	5	2	1	1	1	NA	NA	NA	unphased	1.10864745011086	1.10864745011086	1
2	88422623	88422624	94	10	2	1	1	1	NA	NA	NA	unphased	0.874125874125874	0.874125874125874	1
2	108477220	108477221	113	10	2	1	1	1	NA	NA	NA	unphased	0.73909830007391	0.73909830007391	1
2	113532798	113532799	55	7	2	1	1	1	NA	NA	NA	unphased	1.02639296187683	1.02639296187683	1
2	116538456	116538457	73	8	2	1	1	1	NA	NA	NA	unphased	0.897867564534231	0.897867564534231	1
2	116599829	116599830	34	5	2	1	1	1	NA	NA	NA	unphased	1.16550116550117	1.16550116550117	1
2	121746688	121746689	29	3	2	1	1	1	NA	NA	NA	unphased	0.852272727272727	0.852272727272727	1
2	122004434	122004435	58	7	2	1	1	1	NA	NA	NA	unphased	0.979020979020979	0.979020979020979	1
2	130934161	130934162	31	4	2	1	1	1	NA	NA	NA	unphased	1.03896103896104	1.03896103896104	1
2	133538720	133538721	33	4	2	1	1	1	NA	NA	NA	unphased	0.982800982800983	0.982800982800983	1
2	141816451	141816452	35	3	2	1	1	1	NA	NA	NA	unphased	0.717703349282297	0.717703349282297	1
2	152132046	152132047	48	4	2	1	1	1	NA	NA	NA	unphased	0.699300699300699	0.699300699300699	1
2	160206273	160206274	45	6	2	1	1	1	NA	NA	NA	unphased	1.06951871657754	1.06951871657754	1
2	162762225	162762226	48	10	2	1	1	1	NA	NA	NA	unphased	1.56739811912226	1.56739811912226	1
2	164468155	164468156	91	9	2	1	1	1	NA	NA	NA	unphased	0.818181818181818	0.818181818181818	1
2	167273313	167273314	16	4	2	1	1	1	NA	NA	NA	unphased	1.81818181818182	1.81818181818182	1
2	168105009	168105010	50	6	2	1	1	1	NA	NA	NA	unphased	0.974025974025974	0.974025974025974	1
2	169814572	169814573	36	9	2	1	1	1	NA	NA	NA	unphased	1.81818181818182	1.81818181818182	1
2	170013946	170013947	24	3	2	1	1	1	NA	NA	NA	unphased	1.01010101010101	1.01010101010101	1
2	170366687	170366688	135	8	2	1	1	1	NA	NA	NA	unphased	0.508582326764145	0.508582326764145	1
2	173339666	173339667	41	5	2	1	1	1	NA	NA	NA	unphased	0.988142292490119	0.988142292490119	1
2	173885395	173885396	148	18	2	1	1	1	NA	NA	NA	unphased	0.985761226725082	0.985761226725082	1
2	175618372	175618373	54	6	2	1	1	1	NA	NA	NA	unphased	0.909090909090909	0.909090909090909	1
2	176981495	176981496	43	5	2	1	1	1	NA	NA	NA	unphased	0.946969696969697	0.946969696969697	1
2	179434766	179434767	46	6	2	1	1	1	NA	NA	NA	unphased	1.04895104895105	1.04895104895105	1
2	179452285	179452286	25	4	2	1	1	1	NA	NA	NA	unphased	1.25391849529781	1.25391849529781	1
2	179483559	179483560	27	3	2	1	1	1	NA	NA	NA	unphased	0.909090909090909	0.909090909090909	1
2	179606187	179606188	74	7	2	1	1	1	NA	NA	NA	unphased	0.785634118967452	0.785634118967452	1
2	189599302	189599303	53	7	2	1	1	1	NA	NA	NA	unphased	1.06060606060606	1.06060606060606	1
2	189950497	189950498	28	9	2	1	1	1	NA	NA	NA	unphased	2.21130221130221	2.21130221130221	1
2	198285195	198285196	46	5	2	1	1	1	NA	NA	NA	unphased	0.89126559714795	0.89126559714795	1
2	207631916	207631917	85	10	2	1	1	1	NA	NA	NA	unphased	0.956937799043062	0.956937799043062	1
2	210560965	210560966	64	7	2	1	1	1	NA	NA	NA	unphased	0.896286811779769	0.896286811779769	1
2	211460280	211460281	61	7	2	1	1	1	NA	NA	NA	unphased	0.935828877005348	0.935828877005348	1
2	215813775	215813776	41	6	2	1	1	1	NA	NA	NA	unphased	1.1605415860735	1.1605415860735	1
2	219892363	219892364	78	6	2	1	1	1	NA	NA	NA	unphased	0.649350649350649	0.649350649350649	1
2	232373906	232373907	102	8	2	1	1	1	NA	NA	NA	unphased	0.661157024793388	0.661157024793388	1
2	241689863	241689864	21	3	2	1	1	1	NA	NA	NA	unphased	1.13636363636364	1.13636363636364	1
2	242147040	242147041	108	5	2	1	1	1	NA	NA	NA	unphased	0.402252614641995	0.402252614641995	1
20	8713934	8713935	74	5	2	1	1	0.24	1	1	0.76	unphased	0.575373993095512	0.575373993095512	1
20	8782749	8782750	37	7	2	1	1	0.24	1	1	0.76	unphased	1.44628099173554	1.44628099173554	1
20	14307713	14307714	59	4	2	1	1	0.24	1	1	0.76	unphased	0.577200577200577	0.577200577200577	1
20	17928273	17928274	32	7	2	1	1	0.18	1	1	0.82	unphased	1.63170163170163	1.63170163170163	1
20	20269522	20269523	31	3	2	1	1	0.18	1	1	0.82	unphased	0.802139037433155	0.802139037433155	1
20	37177344	37177345	22	5	2	1	1	0.18	1	1	0.82	unphased	1.68350168350168	1.68350168350168	1
20	39831806	39831807	65	7	2	1	1	0.18	1	1	0.82	unphased	0.883838383838384	0.883838383838384	1
20	39831839	39831840	62	6	2	1	1	0.18	1	1	0.82	unphased	0.802139037433155	0.802139037433155	1
20	42204873	42204874	121	7	1.07	1	1	0.07	0	1	0.93	unphased	0.446299715909091	0.446299715909091	1
20	45702865	45702866	44	7	2	1	1	0.2	1	1	0.8	unphased	1.24777183600713	1.24777183600713	1
20	54824178	54824179	33	3	2	1	1	0.2	1	1	0.8	unphased	0.757575757575758	0.757575757575758	1
20	55212791	55212792	33	3	2	1	1	0.2	1	1	0.8	unphased	0.757575757575758	0.757575757575758	1
21	35467838	35467839	121	18	1	1	0	0.07	0	1	0.93	unphased	1.04774362328319	1.04774362328319	1
21	35469613	35469614	24	6	1	1	0	0.07	0	1	0.93	unphased	1.61818181818182	1.61818181818182	1
21	46057766	46057767	193	26	2	1	1	0.3	1	1	0.7	unphased	1.07928601079286	1.07928601079286	1
21	46117436	46117437	131	14	2	1	1	0.3	1	1	0.7	unphased	0.877742946708464	0.877742946708464	1
21	46117615	46117616	145	21	2	1	1	0.3	1	1	0.7	unphased	1.1500547645126	1.1500547645126	1
21	47549292	47549293	38	5	2	1	1	0.3	1	1	0.7	unphased	1.05708245243129	1.05708245243129	1
22	16449699	16449700	228	11	2	1	1	1	NA	NA	NA	unphased	0.418410041841004	0.418410041841004	1
22	17071758	17071759	33	6	2	1	1	1	NA	NA	NA	unphased	1.3986013986014	1.3986013986014	1
22	17073193	17073194	39	8	2	1	1	1	NA	NA	NA	unphased	1.54738878143133	1.54738878143133	1
22	18028978	18028979	75	14	2	1	1	1	NA	NA	NA	unphased	1.43003064351379	1.43003064351379	1
22	22550496	22550497	23	6	2	1	1	1	NA	NA	NA	unphased	1.88087774294671	1.88087774294671	1
22	26272164	26272165	22	3	2	1	1	0.16	1	1	0.84	unphased	1.09090909090909	1.09090909090909	1
22	32587018	32587019	34	4	2	1	1	0.16	1	1	0.84	unphased	0.956937799043062	0.956937799043062	1
22	33828252	33828253	34	7	1.04	1	1	0.04	0	1	0.96	unphased	1.38820399113082	1.38820399113082	1
22	36624295	36624296	139	8	2	1	1	0.21	1	1	0.79	unphased	0.494743351886209	0.626257407450897	0.79
22	37325800	37325801	22	3	2	1	1	0.21	1	1	0.79	unphased	1.09090909090909	1.09090909090909	1
22	40066860	40066861	87	7	2	1	1	0.22	1	1	0.78	unphased	0.676982591876209	0.676982591876209	1
22	45312383	45312384	30	3	2	1	1	0.22	1	1	0.78	unphased	0.826446280991736	0.826446280991736	1
22	46594271	46594272	75	7	2	1	1	0.22	1	1	0.78	unphased	0.776053215077605	0.776053215077605	1
3	407746	407747	53	5	2	1	1	0.42	1	1	0.58	unphased	0.783699059561129	0.783699059561129	1
3	15094909	15094910	32	3	2	1	1	0.41	1	1	0.59	unphased	0.779220779220779	0.779220779220779	1
3	37337602	37337603	108	7	2	1	1	0.41	1	1	0.59	unphased	0.553359683794466	0.553359683794466	1
3	45136954	45136955	38	7	2	1	1	0.41	1	1	0.59	unphased	1.41414141414141	1.41414141414141	1
3	46415422	46415423	84	10	2	1	1	0.41	1	1	0.59	unphased	0.967117988394584	0.967117988394584	1
3	62355979	62355980	123	10	2	1	1	0.4	1	1	0.6	unphased	0.683526999316473	0.683526999316473	1
3	62535587	62535588	42	4	2	1	1	0.4	1	1	0.6	unphased	0.790513833992095	0.790513833992095	1
3	73432752	73432753	107	11	1.08	1	1	0.08	0	1	0.92	unphased	0.761694915254237	0.761694915254237	1
3	88040319	88040320	42	6	2	1	1	0.36	1	1	0.64	unphased	1.13636363636364	1.13636363636364	1
3	100645183	100645184	31	5	2	1	1	0.41	1	1	0.59	unphased	1.26262626262626	1.26262626262626	1
3	101311550	101311551	47	6	2	1	1	0.41	1	1	0.59	unphased	1.02915951972556	1.02915951972556	1
3	113955096	113955097	55	9	2	1	1	0.41	1	1	0.59	unphased	1.27840909090909	1.27840909090909	1
3	121200432	121200433	43	5	2	1	1	0.41	1	1	0.59	unphased	0.946969696969697	0.946969696969697	1
3	130409470	130409471	38	6	1.63	1	0	0.37	1	1	0.63	unphased	1.18921487603306	1.18921487603306	1
3	137822812	137822813	40	9	2	1	1	0.25	1	1	0.75	unphased	1.66975881261596	1.66975881261596	1
3	147128705	147128706	64	9	2	1	1	0.37	1	1	0.63	unphased	1.12079701120797	1.12079701120797	1
3	151055997	151055998	43	4	2	1	1	0.37	1	1	0.63	unphased	0.773694390715667	0.773694390715667	1
3	155611433	155611434	20	3	2	1	1	0.4	1	1	0.6	unphased	1.18577075098814	1.18577075098814	1
3	164737450	164737451	38	7	1.69	1	0	0.31	1	1	0.69	unphased	1.36591919191919	1.36591919191919	1
3	172631504	172631505	44	13	2	1	1	0.4	1	1	0.6	unphased	2.07336523125997	2.07336523125997	1
3	178745258	178745259	41	9	2	1	1	0.4	1	1	0.6	unphased	1.63636363636364	1.63636363636364	1
3	179533740	179533741	29	5	2	1	1	0.4	1	1	0.6	unphased	1.33689839572193	1.33689839572193	1
3	186338594	186338595	56	13	2	1	1	0.4	1	1	0.6	unphased	1.71277997364954	1.71277997364954	1
3	194366945	194366946	57	8	2	1	1	0.39	1	1	0.61	unphased	1.11888111888112	1.11888111888112	1
3	197421305	197421306	64	9	2	1	1	0.39	1	1	0.61	unphased	1.12079701120797	1.12079701120797	1
3	197557691	197557692	64	11	2	1	1	0.39	1	1	0.61	unphased	1.33333333333333	1.33333333333333	1
4	26483639	26483640	76	7	2	1	1	0.17	1	1	0.83	unphased	0.76670317634173	0.76670317634173	1
4	41607986	41607987	25	4	2	1	1	0.22	1	1	0.78	unphased	1.25391849529781	1.25391849529781	1
4	46099245	46099246	54	5	2	1	1	0.22	1	1	0.78	unphased	0.770416024653313	0.770416024653313	1
4	46930513	46930514	56	5	2	1	1	0.22	1	1	0.78	unphased	0.745156482861401	0.745156482861401	1
4	49032855	49032856	55	5	2	1	1	0.22	1	1	0.78	unphased	0.757575757575758	0.757575757575758	1
4	70351079	70351080	166	11	2	1	1	0.2	1	1	0.8	unphased	0.564971751412429	0.706214689265537	0.8
4	71024242	71024243	108	12	2	1	1	0.2	1	1	0.8	unphased	0.909090909090909	0.909090909090909	1
4	74703376	74703377	58	5	2	1	1	0.2	1	1	0.8	unphased	0.721500721500721	0.721500721500721	1
4	74863307	74863308	33	3	2	1	1	0.2	1	1	0.8	unphased	0.757575757575758	0.757575757575758	1
4	94693359	94693360	67	12	2	1	1	0.2	1	1	0.8	unphased	1.38089758342923	1.38089758342923	1
4	94750812	94750813	23	3	2	1	1	0.2	1	1	0.8	unphased	1.04895104895105	1.04895104895105	1
4	96140400	96140401	171	15	2	1	1	0.2	1	1	0.8	unphased	0.733137829912023	0.733137829912023	1
4	99997509	99997510	38	3	2	1	1	0.2	1	1	0.8	unphased	0.665188470066519	0.665188470066519	1
4	100460509	100460510	48	5	2	1	1	0.2	1	1	0.8	unphased	0.857632933104631	0.857632933104631	1
4	100544082	100544083	17	3	2	1	1	0.2	1	1	0.8	unphased	1.36363636363636	1.36363636363636	1
4	107152925	107152926	26	4	2	1	1	0.2	1	1	0.8	unphased	1.21212121212121	1.21212121212121	1
4	109084839	109084840	39	5	2	1	1	0.2	1	1	0.8	unphased	1.03305785123967	1.03305785123967	1
4	110757268	110757269	90	8	2	1	1	0.2	1	1	0.8	unphased	0.742115027829313	0.742115027829313	1
4	110866300	110866301	38	9	2	1	1	0.2	1	1	0.8	unphased	1.74081237911025	1.74081237911025	1
4	113468493	113468494	22	4	2	1	1	0.2	1	1	0.8	unphased	1.3986013986014	1.3986013986014	1
4	128651877	128651878	31	3	2	1	1	0.19	1	1	0.81	unphased	0.802139037433155	0.802139037433155	1
4	138449941	138449942	68	5	2	1	1	0.18	1	1	0.82	unphased	0.62266500622665	0.62266500622665	1
4	142640530	142640531	15	3	2	1	1	0.18	1	1	0.82	unphased	1.51515151515152	1.51515151515152	1
4	144107039	144107040	47	4	2	1	1	0.18	1	1	0.82	unphased	0.71301247771836	0.71301247771836	1
4	145636548	145636549	82	15	2	1	1	0.15	1	1	0.85	unphased	1.4058106841612	1.4058106841612	1
4	155157949	155157950	43	7	2	1	1	0.15	1	1	0.85	unphased	1.27272727272727	1.27272727272727	1
4	155295098	155295099	41	4	2	1	1	0.15	1	1	0.85	unphased	0.808080808080808	0.808080808080808	1
4	158254501	158254502	31	3	2	1	1	0.19	1	1	0.81	unphased	0.802139037433155	0.802139037433155	1
4	162508685	162508686	68	9	2	1	1	0.24	1	1	0.76	unphased	1.06257378984652	1.06257378984652	1
4	162508686	162508687	66	9	2	1	1	0.24	1	1	0.76	unphased	1.09090909090909	1.09090909090909	1
4	162697070	162697071	42	4	2	1	1	0.24	1	1	0.76	unphased	0.790513833992095	0.790513833992095	1
4	164393848	164393849	86	7	2	1	1	0.24	1	1	0.76	unphased	0.684261974584555	0.684261974584555	1
4	164534478	164534479	57	9	2	1	1	0.24	1	1	0.76	unphased	1.2396694214876	1.2396694214876	1
4	166963262	166963263	66	11	2	1	1	0.24	1	1	0.76	unphased	1.2987012987013	1.2987012987013	1
4	187455640	187455641	30	3	2	1	1	0.22	1	1	0.78	unphased	0.826446280991736	0.826446280991736	1
4	187557321	187557322	27	3	2	1	1	0.22	1	1	0.78	unphased	0.909090909090909	0.909090909090909	1
5	644451	644452	105	6	3	2	1	1	NA	NA	NA	unphased	0.545454545454546	0.545454545454546	1
5	6600041	6600042	67	11	3	2	1	1	NA	NA	NA	unphased	1.42307692307692	1.42307692307692	1
5	9238001	9238002	78	13	3	2	1	1	NA	NA	NA	unphased	1.44155844155844	1.44155844155844	1
5	10448476	10448477	27	3	3	2	1	1	NA	NA	NA	unphased	1.00909090909091	1.00909090909091	1
5	14291233	14291234	53	18	3	2	1	1	NA	NA	NA	unphased	2.55825864276569	1.27912932138284	2
5	26915893	26915894	159	12	3	2	1	1	NA	NA	NA	unphased	0.708133971291866	0.708133971291866	1
5	32091232	32091233	25	9	3	2	1	1	NA	NA	NA	unphased	2.67112299465241	1.3355614973262	2
5	33549420	33549421	44	14	3	2	1	1	NA	NA	NA	unphased	2.43573667711599	1.21786833855799	2
5	35065858	35065859	71	20	3	2	1	1	NA	NA	NA	unphased	2.21778221778222	1.10889110889111	2
5	35740250	35740251	77	8	3	2	1	1	NA	NA	NA	unphased	0.949732620320856	0.949732620320856	1
5	35954407	35954408	25	3	3	2	1	1	NA	NA	NA	unphased	1.08116883116883	1.08116883116883	1
5	37196080	37196081	35	6	3	2	1	1	NA	NA	NA	unphased	1.47671840354767	1.47671840354767	1
5	38950620	38950621	72	15	3	2	1	1	NA	NA	NA	unphased	1.73981191222571	0.869905956112853	2
5	55407131	55407132	71	11	1	1	0	1	NA	NA	NA	unphased	1.08536585365854	1.08536585365854	1
5	75950815	75950816	68	9	1	1	0	1	NA	NA	NA	unphased	0.9456906729634	0.9456906729634	1
5	82816020	82816021	72	15	1	1	0	1	NA	NA	NA	unphased	1.39498432601881	1.39498432601881	1
5	110560211	110560212	9	3	1	1	0	1	NA	NA	NA	unphased	2.02272727272727	2.02272727272727	1
5	110679720	110679721	101	12	1	1	0	1	NA	NA	NA	unphased	0.859211584875302	0.859211584875302	1
5	126732231	126732232	125	15	1	1	0	1	NA	NA	NA	unphased	0.866883116883117	0.866883116883117	1
5	126746161	126746162	20	5	1	1	0	1	NA	NA	NA	unphased	1.61818181818182	1.61818181818182	1
5	134147407	134147408	33	6	1	1	0	1	NA	NA	NA	unphased	1.24475524475525	1.24475524475525	1
5	139876447	139876448	53	5	1	1	0	1	NA	NA	NA	unphased	0.697492163009405	0.697492163009405	1
5	139876592	139876593	55	5	1	1	0	1	NA	NA	NA	unphased	0.674242424242424	0.674242424242424	1
5	140202917	140202918	88	11	1	1	0	1	NA	NA	NA	unphased	0.898989898989899	0.898989898989899	1
5	140255165	140255166	58	4	1	1	0	1	NA	NA	NA	unphased	0.521994134897361	0.521994134897361	1
5	140480745	140480746	55	6	1	1	0	1	NA	NA	NA	unphased	0.795827123695976	0.795827123695976	1
5	140517048	140517049	107	15	1	1	0	1	NA	NA	NA	unphased	0.99478390461997	0.99478390461997	1
5	140531144	140531145	95	13	1	1	0	1	NA	NA	NA	unphased	0.973905723905724	0.973905723905724	1
5	140572311	140572312	46	4	1	1	0	1	NA	NA	NA	unphased	0.647272727272727	0.647272727272727	1
5	140573449	140573450	94	11	1	1	0	1	NA	NA	NA	unphased	0.847619047619048	0.847619047619048	1
5	141050077	141050078	59	16	1	1	0	1	NA	NA	NA	unphased	1.72606060606061	1.72606060606061	1
5	150714906	150714907	12	3	1	1	0	1	NA	NA	NA	unphased	1.61818181818182	1.61818181818182	1
5	156608059	156608060	55	6	1	1	0	1	NA	NA	NA	unphased	0.795827123695976	0.795827123695976	1
5	169506008	169506009	74	11	1	1	0	1	NA	NA	NA	unphased	1.04705882352941	1.04705882352941	1
5	175717934	175717935	13	3	1	1	0	1	NA	NA	NA	unphased	1.51704545454545	1.51704545454545	1
5	180477110	180477111	34	4	1	1	0	1	NA	NA	NA	unphased	0.851674641148325	0.851674641148325	1
5	180582215	180582216	78	8	1	1	0	1	NA	NA	NA	unphased	0.752642706131078	0.752642706131078	1
6	1390822	1390823	26	3	1	1	0	1	NA	NA	NA	unphased	0.836990595611285	0.836990595611285	1
6	3850602	3850603	37	3	1	1	0	1	NA	NA	NA	unphased	0.606818181818182	0.606818181818182	1
6	12164623	12164624	31	4	1	1	0	0.13	1	0	0.87	unphased	0.924675324675325	0.924675324675325	1
6	15651561	15651562	86	9	1	1	0	0.13	1	0	0.87	unphased	0.766507177033493	0.766507177033493	1
6	15651562	15651563	88	9	1	1	0	0.13	1	0	0.87	unphased	0.750702905342081	0.750702905342081	1
6	29142344	29142345	26	3	1	1	0	0.13	1	0	0.87	unphased	0.836990595611285	0.836990595611285	1
6	29323745	29323746	58	5	1	1	0	0.13	1	0	0.87	unphased	0.642135642135642	0.642135642135642	1
6	30157249	30157250	41	4	1	1	0	1	NA	NA	NA	unphased	0.719191919191919	0.719191919191919	1
6	30671313	30671314	144	7	1	1	0	1	NA	NA	NA	unphased	0.375075255869958	0.375075255869958	1
6	33656118	33656119	43	5	1	1	0	0.07	0	1	0.93	unphased	0.84280303030303	0.84280303030303	1
6	35108610	35108611	16	3	1	1	0	0.07	0	1	0.93	unphased	1.27751196172249	1.27751196172249	1
6	35393849	35393850	25	3	1	1	0	0.07	0	1	0.93	unphased	0.866883116883117	0.866883116883117	1
6	43018066	43018067	59	5	1	1	0	0.07	0	1	0.93	unphased	0.632102272727273	0.632102272727273	1
6	43306507	43306508	67	4	1	1	0	0.07	0	1	0.93	unphased	0.455825864276569	0.455825864276569	1
6	44144708	44144709	63	4	1	1	0	0.07	0	1	0.93	unphased	0.48303934871099	0.48303934871099	1
6	47253743	47253744	43	5	1	1	0	0.07	0	1	0.93	unphased	0.84280303030303	0.84280303030303	1
6	50683256	50683257	56	11	1	1	0	0.07	0	1	0.93	unphased	1.32835820895522	1.32835820895522	1
6	71190725	71190726	53	4	2.08	2	1	0.54	1	0	0.46	unphased	0.643572567783094	0.643572567783094	1
6	83075226	83075227	122	8	2	2	0	1	NA	NA	NA	unphased	0.559440559440559	0.559440559440559	1
6	89974139	89974140	26	4	2	2	0	1	NA	NA	NA	unphased	1.21212121212121	1.21212121212121	1
6	96034715	96034716	59	12	2	2	0	1	NA	NA	NA	unphased	1.53649167733675	1.53649167733675	1
6	97720932	97720933	61	14	2	2	0	1	NA	NA	NA	unphased	1.6969696969697	0.848484848484849	2
6	105609618	105609619	55	12	2	2	0	1	NA	NA	NA	unphased	1.62822252374491	1.62822252374491	1
6	110528727	110528728	66	8	2	2	0	1	NA	NA	NA	unphased	0.982800982800983	0.982800982800983	1
6	112496634	112496635	97	20	2	2	0	1	NA	NA	NA	unphased	1.55400155400155	0.777000777000777	2
6	116937881	116937882	38	4	2	2	0	1	NA	NA	NA	unphased	0.865800865800866	0.865800865800866	1
6	117663561	117663562	45	12	2	2	0	1	NA	NA	NA	unphased	1.91387559808612	0.956937799043062	2
6	119327718	119327719	92	5	2	2	0	1	NA	NA	NA	unphased	0.468603561387066	0.468603561387066	1
6	121563475	121563476	53	6	2	2	0	1	NA	NA	NA	unphased	0.924499229583975	0.924499229583975	1
6	129609079	129609080	125	36	2	2	0	1	NA	NA	NA	unphased	2.03274985883682	1.01637492941841	2
6	129762057	129762058	28	4	2	2	0	1	NA	NA	NA	unphased	1.13636363636364	1.13636363636364	1
6	131190753	131190754	70	14	2	2	0	1	NA	NA	NA	unphased	1.51515151515152	1.51515151515152	1
6	132031795	132031796	67	12	2	2	0	1	NA	NA	NA	unphased	1.38089758342923	1.38089758342923	1
6	132874418	132874419	66	10	2	2	0	1	NA	NA	NA	unphased	1.19617224880383	1.19617224880383	1
6	138201287	138201288	27	4	2	2	0	1	NA	NA	NA	unphased	1.17302052785924	1.17302052785924	1
6	138601267	138601268	22	3	2	2	0	1	NA	NA	NA	unphased	1.09090909090909	1.09090909090909	1
6	143094291	143094292	34	12	2	2	0	1	NA	NA	NA	unphased	2.37154150197628	1.18577075098814	2
6	143810302	143810303	57	13	2	2	0	1	NA	NA	NA	unphased	1.68831168831169	0.844155844155844	2
6	150048096	150048097	15	3	2	2	0	1	NA	NA	NA	unphased	1.51515151515152	1.51515151515152	1
6	152702344	152702345	51	8	2	2	0	1	NA	NA	NA	unphased	1.2326656394453	1.2326656394453	1
7	1131331	1131332	53	4	2	1	1	1	NA	NA	NA	unphased	0.637958532695375	0.637958532695375	1
7	12728459	12728460	55	6	2	1	1	1	NA	NA	NA	unphased	0.894187779433681	0.894187779433681	1
7	19765371	19765372	42	3	2	1	1	1	NA	NA	NA	unphased	0.606060606060606	0.606060606060606	1
7	31682919	31682920	48	6	2	1	1	1	NA	NA	NA	unphased	1.01010101010101	1.01010101010101	1
7	31855754	31855755	78	9	2	1	1	1	NA	NA	NA	unphased	0.940438871473354	0.940438871473354	1
7	35293130	35293131	17	5	2	1	1	1	NA	NA	NA	unphased	2.06611570247934	2.06611570247934	1
7	36917703	36917704	68	13	2	1	1	1	NA	NA	NA	unphased	1.45903479236813	1.45903479236813	1
7	37780247	37780248	45	5	2	1	1	1	NA	NA	NA	unphased	0.909090909090909	0.909090909090909	1
7	37780329	37780330	52	5	2	1	1	1	NA	NA	NA	unphased	0.797448165869218	0.797448165869218	1
7	43485096	43485097	24	4	2	1	1	1	NA	NA	NA	unphased	1.2987012987013	1.2987012987013	1
7	43508546	43508547	39	9	2	1	1	1	NA	NA	NA	unphased	1.70454545454545	1.70454545454545	1
7	48312648	48312649	57	5	2	1	1	1	NA	NA	NA	unphased	0.733137829912023	0.733137829912023	1
7	53104184	53104185	43	7	2	1	1	1	NA	NA	NA	unphased	1.27272727272727	1.27272727272727	1
7	55468969	55468970	45	10	2	1	1	1	NA	NA	NA	unphased	1.65289256198347	1.65289256198347	1
7	56007604	56007605	46	4	2	1	1	1	NA	NA	NA	unphased	0.727272727272727	0.727272727272727	1
7	66410185	66410186	71	8	2	1	1	1	NA	NA	NA	unphased	0.920598388952819	0.920598388952819	1
7	72891854	72891855	51	8	2	1	1	1	NA	NA	NA	unphased	1.2326656394453	1.2326656394453	1
7	77407725	77407726	50	6	2	1	1	1	NA	NA	NA	unphased	0.974025974025974	0.974025974025974	1
7	83590801	83590802	76	14	2	1	1	1	NA	NA	NA	unphased	1.41414141414141	1.41414141414141	1
7	83590818	83590819	64	7	2	1	1	1	NA	NA	NA	unphased	0.896286811779769	0.896286811779769	1
7	84670033	84670034	35	3	2	1	1	1	NA	NA	NA	unphased	0.717703349282297	0.717703349282297	1
7	97911714	97911715	35	5	1.2	1	1	0.2	1	0	0.8	unphased	1.03636363636364	1.03636363636364	1
7	98995530	98995531	52	4	2	1	1	1	NA	NA	NA	unphased	0.649350649350649	0.649350649350649	1
7	100466170	100466171	49	8	2	1	1	1	NA	NA	NA	unphased	1.27591706539075	1.27591706539075	1
7	102047944	102047945	13	4	2	1	1	1	NA	NA	NA	unphased	2.13903743315508	2.13903743315508	1
7	107415259	107415260	57	13	2	1	1	1	NA	NA	NA	unphased	1.68831168831169	1.68831168831169	1
7	108112916	108112917	27	3	2	1	1	1	NA	NA	NA	unphased	0.909090909090909	0.909090909090909	1
7	113518469	113518470	78	6	2	1	1	1	NA	NA	NA	unphased	0.649350649350649	0.649350649350649	1
7	119915259	119915260	42	4	2	1	1	1	NA	NA	NA	unphased	0.790513833992095	0.790513833992095	1
7	127224981	127224982	45	5	2	1	1	1	NA	NA	NA	unphased	0.909090909090909	0.909090909090909	1
7	128845609	128845610	35	5	2	1	1	1	NA	NA	NA	unphased	1.13636363636364	1.13636363636364	1
7	129519451	129519452	89	8	2	1	1	1	NA	NA	NA	unphased	0.749765698219306	0.749765698219306	1
7	138604030	138604031	78	16	2	1	1	0.24	1	1	0.76	unphased	1.54738878143133	1.54738878143133	1
7	142622614	142622615	25	5	2	1	1	0.2	1	1	0.8	unphased	1.51515151515152	1.51515151515152	1
7	144098259	144098260	23	4	2	1	1	0.26	1	1	0.74	unphased	1.34680134680135	1.34680134680135	1
7	148802566	148802567	102	9	2	1	1	0.26	1	1	0.74	unphased	0.737100737100737	0.737100737100737	1
7	149521614	149521615	33	4	2	1	1	0.26	1	1	0.74	unphased	0.982800982800983	0.982800982800983	1
7	149530924	149530925	21	4	2	1	1	0.26	1	1	0.74	unphased	1.45454545454545	1.45454545454545	1
7	150499374	150499375	43	3	2	1	1	0.26	1	1	0.74	unphased	0.592885375494071	0.592885375494071	1
7	151133281	151133282	15	3	2	1	1	0.26	1	1	0.74	unphased	1.51515151515152	1.51515151515152	1
7	154679433	154679434	150	6	2	1	1	0.19	1	1	0.81	unphased	0.34965034965035	0.34965034965035	1
7	154679441	154679442	142	10	2	1	1	0.19	1	1	0.81	unphased	0.598086124401914	0.598086124401914	1
8	17491597	17491598	118	26	1	1	0	1	NA	NA	NA	unphased	1.46085858585859	1.46085858585859	1
8	18258100	18258101	56	7	1	1	0	1	NA	NA	NA	unphased	0.898989898989899	0.898989898989899	1
8	21891771	21891772	36	5	1	1	0	1	NA	NA	NA	unphased	0.98669623059867	0.98669623059867	1
8	27311699	27311700	32	3	1	1	0	1	NA	NA	NA	unphased	0.693506493506494	0.693506493506494	1
8	30210419	30210420	40	4	1	1	0	1	NA	NA	NA	unphased	0.735537190082645	0.735537190082645	1
8	51569492	51569493	58	7	1.12	1	1	0.12	0	1	0.88	unphased	0.884251748251748	0.884251748251748	1
8	53569414	53569415	77	5	1.12	1	1	0.12	0	1	0.88	unphased	0.500665188470066	0.500665188470066	1
8	55538034	55538035	31	4	1.12	1	1	0.12	0	1	0.88	unphased	0.93838961038961	0.93838961038961	1
8	67428162	67428163	62	4	2	1	1	1	NA	NA	NA	unphased	0.550964187327824	0.550964187327824	1
8	67578454	67578455	44	4	2	1	1	1	NA	NA	NA	unphased	0.757575757575758	0.757575757575758	1
8	70512988	70512989	65	7	2	1	1	1	NA	NA	NA	unphased	0.883838383838384	0.883838383838384	1
8	72984101	72984102	32	3	2	1	1	1	NA	NA	NA	unphased	0.779220779220779	0.779220779220779	1
8	75737480	75737481	230	8	2	1	1	1	NA	NA	NA	unphased	0.305576776165011	0.305576776165011	1
8	76459828	76459829	39	6	2	1	1	1	NA	NA	NA	unphased	1.21212121212121	1.21212121212121	1
8	81411826	81411827	38	6	2	1	1	1	NA	NA	NA	unphased	1.2396694214876	1.2396694214876	1
8	87680347	87680348	57	7	2	1	1	1	NA	NA	NA	unphased	0.994318181818182	0.994318181818182	1
8	88885926	88885927	94	10	2	1	1	1	NA	NA	NA	unphased	0.874125874125874	0.874125874125874	1
8	89179896	89179897	25	5	2	1	1	1	NA	NA	NA	unphased	1.51515151515152	1.51515151515152	1
8	99170195	99170196	66	8	2	1	1	1	NA	NA	NA	unphased	0.982800982800983	0.982800982800983	1
8	100883751	100883752	66	5	2	1	1	1	NA	NA	NA	unphased	0.640204865556978	0.640204865556978	1
8	109240548	109240549	71	8	2	1	1	1	NA	NA	NA	unphased	0.920598388952819	0.920598388952819	1
8	110394765	110394766	39	10	2	1	1	1	NA	NA	NA	unphased	1.85528756957328	1.85528756957328	1
8	113420588	113420589	72	10	2	1	1	1	NA	NA	NA	unphased	1.10864745011086	1.10864745011086	1
8	113651101	113651102	47	6	2	1	1	1	NA	NA	NA	unphased	1.02915951972556	1.02915951972556	1
8	120613668	120613669	28	9	2	1	1	1	NA	NA	NA	unphased	2.21130221130221	2.21130221130221	1
8	122626903	122626904	82	6	2	1	1	1	NA	NA	NA	unphased	0.619834710743802	0.619834710743802	1
8	131964245	131964246	35	4	2	1	1	1	NA	NA	NA	unphased	0.932400932400932	0.932400932400932	1
8	133759244	133759245	66	6	2	1	1	1	NA	NA	NA	unphased	0.757575757575758	0.757575757575758	1
8	134050889	134050890	64	6	2	1	1	1	NA	NA	NA	unphased	0.779220779220779	0.779220779220779	1
8	139160874	139160875	47	6	2	1	1	1	NA	NA	NA	unphased	1.02915951972556	1.02915951972556	1
8	143565391	143565392	83	12	2	1	1	1	NA	NA	NA	unphased	1.14832535885167	1.14832535885167	1
8	143961223	143961224	104	8	2	1	1	1	NA	NA	NA	unphased	0.649350649350649	0.649350649350649	1
8	145108189	145108190	42	5	2	1	1	1	NA	NA	NA	unphased	0.967117988394584	0.967117988394584	1
9	14720258	14720259	43	7	1	1	0	1	NA	NA	NA	unphased	1.13272727272727	1.13272727272727	1
9	20363543	20363544	21	5	1	1	0	1	NA	NA	NA	unphased	1.55594405594406	1.55594405594406	1
9	26997932	26997933	51	4	1	1	0	1	NA	NA	NA	unphased	0.588429752066116	0.588429752066116	1
9	82324565	82324566	21	4	1	1	0	1	NA	NA	NA	unphased	1.29454545454545	1.29454545454545	1
9	84609736	84609737	25	5	1	1	0	1	NA	NA	NA	unphased	1.34848484848485	1.34848484848485	1
9	97062227	97062228	44	4	1	1	0	0	0	1	1	unphased	0.674242424242424	0.674242424242424	1
9	104238336	104238337	25	7	1	1	0	0	0	1	1	unphased	1.76988636363636	1.76988636363636	1
9	104432719	104432720	59	6	1	1	0	0	0	1	1	unphased	0.746853146853147	0.746853146853147	1
9	104432720	104432721	58	6	1	1	0	0	0	1	1	unphased	0.758522727272727	0.758522727272727	1
9	105767966	105767967	27	6	1	1	0	0	0	1	1	unphased	1.47107438016529	1.47107438016529	1
9	107361402	107361403	35	6	1	1	0	0	0	1	1	unphased	1.1840354767184	1.1840354767184	1
9	107361654	107361655	56	6	1	1	0	0	0	1	1	unphased	0.782991202346041	0.782991202346041	1
9	113208190	113208191	57	7	2	1	1	0.15	1	1	0.85	unphased	0.994318181818182	0.994318181818182	1
9	113208191	113208192	57	7	2	1	1	0.15	1	1	0.85	unphased	0.994318181818182	0.994318181818182	1
9	119977000	119977001	30	5	2	1	1	0.15	1	1	0.85	unphased	1.2987012987013	1.2987012987013	1
9	120474743	120474744	36	3	2	1	1	0.15	1	1	0.85	unphased	0.699300699300699	0.699300699300699	1
9	125281512	125281513	70	14	2	1	1	0.15	1	1	0.85	unphased	1.51515151515152	1.51515151515152	1
9	126146141	126146142	64	7	2	1	1	0.15	1	1	0.85	unphased	0.896286811779769	0.896286811779769	1
9	127920637	127920638	92	12	2	1	1	0.15	1	1	0.85	unphased	1.04895104895105	1.04895104895105	1
9	128697860	128697861	34	4	2	1	1	0.15	1	1	0.85	unphased	0.956937799043062	0.956937799043062	1
9	130207520	130207521	27	4	1	1	0	0.3	1	0	0.7	unphased	1.04398826979472	1.04398826979472	1
9	136217921	136217922	24	3	1	1	0	0.3	1	0	0.7	unphased	0.898989898989899	0.898989898989899	1
9	139396293	139396294	15	3	1	1	0	0.44	1	0	0.56	unphased	1.34848484848485	1.34848484848485	1
X	5811433	5811434	67	8	NA	NA	NA	NA	NA	NA	NA	unphased	NA	NA	1
X	9622302	9622303	18	6	NA	NA	NA	NA	NA	NA	NA	unphased	NA	NA	1
X	12994930	12994931	45	14	NA	NA	NA	NA	NA	NA	NA	unphased	NA	NA	1
X	30236790	30236791	14	3	NA	NA	NA	NA	NA	NA	NA	unphased	NA	NA	1
X	30578035	30578036	34	4	NA	NA	NA	NA	NA	NA	NA	unphased	NA	NA	1
X	34148489	34148490	29	4	NA	NA	NA	NA	NA	NA	NA	unphased	NA	NA	1
X	37027476	37027477	55	14	NA	NA	NA	NA	NA	NA	NA	unphased	NA	NA	1
X	37027706	37027707	30	10	NA	NA	NA	NA	NA	NA	NA	unphased	NA	NA	1
X	40993994	40993995	22	3	NA	NA	NA	NA	NA	NA	NA	unphased	NA	NA	1
X	53579640	53579641	21	5	NA	NA	NA	NA	NA	NA	NA	unphased	NA	NA	1
X	70598760	70598761	51	4	NA	NA	NA	NA	NA	NA	NA	unphased	NA	NA	1
X	88009042	88009043	13	5	NA	NA	NA	NA	NA	NA	NA	unphased	NA	NA	1
X	100086571	100086572	23	16	NA	NA	NA	NA	NA	NA	NA	unphased	NA	NA	1
X	103349406	103349407	47	4	NA	NA	NA	NA	NA	NA	NA	unphased	NA	NA	1
X	105855387	105855388	52	6	NA	NA	NA	NA	NA	NA	NA	unphased	NA	NA	1
X	105883815	105883816	51	13	NA	NA	NA	NA	NA	NA	NA	unphased	NA	NA	1
X	110979967	110979968	48	11	NA	NA	NA	NA	NA	NA	NA	unphased	NA	NA	1
X	114141828	114141829	60	5	NA	NA	NA	NA	NA	NA	NA	unphased	NA	NA	1
X	114141982	114141983	28	3	NA	NA	NA	NA	NA	NA	NA	unphased	NA	NA	1
X	119394842	119394843	23	5	NA	NA	NA	NA	NA	NA	NA	unphased	NA	NA	1
X	123211829	123211830	56	5	NA	NA	NA	NA	NA	NA	NA	unphased	NA	NA	1
X	123775841	123775842	65	7	NA	NA	NA	NA	NA	NA	NA	unphased	NA	NA	1
X	123779022	123779023	48	9	NA	NA	NA	NA	NA	NA	NA	unphased	NA	NA	1
X	123779059	123779060	62	16	NA	NA	NA	NA	NA	NA	NA	unphased	NA	NA	1
X	134856851	134856852	149	11	NA	NA	NA	NA	NA	NA	NA	unphased	NA	NA	1
X	134947440	134947441	31	10	NA	NA	NA	NA	NA	NA	NA	unphased	NA	NA	1
X	135570576	135570577	36	9	NA	NA	NA	NA	NA	NA	NA	unphased	NA	NA	1
X	135754227	135754228	64	11	NA	NA	NA	NA	NA	NA	NA	unphased	NA	NA	1
X	142718065	142718066	47	10	NA	NA	NA	NA	NA	NA	NA	unphased	NA	NA	1
X	148062282	148062283	60	5	NA	NA	NA	NA	NA	NA	NA	unphased	NA	NA	1
X	148770583	148770584	38	8	NA	NA	NA	NA	NA	NA	NA	unphased	NA	NA	1
X	151533016	151533017	39	13	NA	NA	NA	NA	NA	NA	NA	unphased	NA	NA	1
X	153132262	153132263	21	5	NA	NA	NA	NA	NA	NA	NA	unphased	NA	NA	1
X	153588907	153588908	16	3	NA	NA	NA	NA	NA	NA	NA	unphased	NA	NA	1
Y	4925091	4925092	33	6	NA	NA	NA	NA	NA	NA	NA	unphased	NA	NA	1
