chr	start	end	WT.count	mut.count	subclonal.CN	nMaj1	nMin1	frac1	nMaj2	nMin2	frac2	phase	mutation.copy.number	subclonal.fraction	no.chrs.bearing.mut
1	6638878	6638879	46	4	2	1	1	0.2	1	1	0.8	unphased	0.275862068965517	0.275862068965517	1
1	14107939	14107940	84	45	2	1	1	0.2	1	1	0.8	unphased	1.20288692862871	1.20288692862871	1
1	18808345	18808346	108	13	2	1	1	0.21	1	1	0.79	unphased	0.370475919065261	0.370475919065261	1
1	23908027	23908028	15	5	2	1	1	0.21	1	1	0.79	unphased	0.862068965517241	0.862068965517241	1
1	36915886	36915887	58	22	2	1	1	0.19	1	1	0.81	unphased	0.948275862068966	0.948275862068966	1
1	70555455	70555456	55	4	2	1	1	0.16	1	1	0.84	unphased	0.233781414377557	0.233781414377557	1
1	94522184	94522185	44	3	1	1	1	0	0	1	1	unphased	0.156272927366104	0.156272927366104	1
1	102269933	102269934	127	67	1	1	1	0	0	1	1	unphased	0.845538570920725	0.845538570920725	1
1	103491878	103491879	31	18	1	1	1	0	0	1	1	unphased	0.899366643209008	0.899366643209008	1
1	145441179	145441180	37	14	1.08	1	1	0.08	0	1	0.92	unphased	0.694036511156187	0.694036511156187	1
1	172411383	172411384	60	4	1.03	1	1	0.03	0	1	0.97	unphased	0.15489224137931	0.15489224137931	1
1	197029586	197029587	44	8	2	1	1	0.32	1	1	0.68	unphased	0.530503978779841	0.780152909970354	0.68
1	197029588	197029589	44	8	2	1	1	0.32	1	1	0.68	unphased	0.530503978779841	0.780152909970354	0.68
1	198498227	198498228	48	13	2	1	1	0.32	1	1	0.68	unphased	0.73487846240814	0.73487846240814	1
1	204092917	204092918	42	4	2	1	1	0.32	1	1	0.68	unphased	0.299850074962519	0.440955992591939	0.68
1	222892289	222892290	95	7	2	1	1	0.32	1	1	0.68	unphased	0.236646382691007	0.236646382691007	1
1	231004057	231004058	20	6	2	1	1	0.32	1	1	0.68	unphased	0.795755968169761	0.795755968169761	1
1	244816607	244816608	73	11	2	1	1	0.32	1	1	0.68	unphased	0.451559934318555	0.664058726939052	0.68
1	247492837	247492838	118	9	2	1	1	0.32	1	1	0.68	unphased	0.244366005973391	0.244366005973391	1
1	248512614	248512615	52	20	2	1	1	0.38	1	1	0.62	unphased	0.957854406130268	0.957854406130268	1
1	248616703	248616704	59	13	2	1	1	0.38	1	1	0.62	unphased	0.622605363984674	1.00420219997528	0.62
10	7409729	7409730	63	12	2.16	2	1	0.58	1	0	0.42	unphased	0.577324137931034	0.99538644470868	0.58
10	31810062	31810063	73	37	2.16	2	1	0.58	1	0	0.42	unphased	1.21369278996865	1.21369278996865	1
10	55582331	55582332	36	7	1	1	0	1	NA	NA	NA	unphased	0.398556535685646	0.398556535685646	1
10	64403637	64403638	30	13	1	1	0	1	NA	NA	NA	unphased	0.740176423416199	0.740176423416199	1
10	100380444	100380445	19	11	2	1	1	0.28	1	1	0.72	unphased	1.26436781609195	1.26436781609195	1
10	102256947	102256948	60	13	2	1	1	0.28	1	1	0.72	unphased	0.614076523382145	0.852884060252979	0.72
10	124896921	124896922	43	13	2	1	1	0.28	1	1	0.72	unphased	0.800492610837439	0.800492610837439	1
11	862656	862657	27	19	1	1	0	1	NA	NA	NA	unphased	1.01124437781109	1.01124437781109	1
11	33308343	33308344	103	18	1.33	1	1	0.33	1	0	0.67	unphased	0.413297235679681	1.252415865696	0.33
11	55890266	55890267	123	58	1.33	1	1	0.33	1	0	0.67	unphased	0.890276243093923	0.890276243093923	1
11	57367461	57367462	43	21	1.33	1	1	0.33	1	0	0.67	unphased	0.91162176724138	0.91162176724138	1
11	58916366	58916367	33	8	1.33	1	1	0.33	1	0	0.67	unphased	0.542102607232969	0.542102607232969	1
11	64496481	64496482	11	8	1.33	1	1	0.33	1	0	0.67	unphased	1.16980036297641	1.16980036297641	1
11	85375300	85375301	43	20	1.33	1	1	0.33	1	0	0.67	unphased	0.881992337164751	0.881992337164751	1
11	95578275	95578276	55	12	2	1	1	1	NA	NA	NA	unphased	0.617601646937725	0.617601646937725	1
12	7843025	7843026	139	13	2.42	2	1	0.71	1	0	0.29	unphased	0.330839382940109	0.330839382940109	1
12	21757407	21757408	84	68	2.42	2	1	0.71	1	0	0.29	unphased	1.7305444646098	1.01201430678936	1.71
12	21997728	21997729	118	32	2.42	2	1	0.71	1	0	0.29	unphased	0.825232183908046	0.825232183908046	1
12	27830002	27830003	43	21	2	1	1	0.41	1	1	0.59	unphased	1.13146551724138	1.13146551724138	1
12	52699490	52699491	66	22	2	1	1	0.18	1	1	0.82	unphased	0.862068965517241	0.862068965517241	1
13	19748221	19748222	74	35	2	1	1	0.16	1	1	0.84	unphased	1.10724454286618	1.10724454286618	1
13	113055451	113055452	27	15	1	1	0	1	NA	NA	NA	unphased	0.874384236453202	0.874384236453202	1
14	23846482	23846483	50	20	1	1	0	1	NA	NA	NA	unphased	0.699507389162561	0.699507389162561	1
14	51410960	51410961	40	3	1	1	0	1	NA	NA	NA	unphased	0.170809943865277	0.170809943865277	1
15	22369030	22369031	142	22	0	0	0	1	NA	NA	NA	unphased	0.194280908326325	0.194280908326325	1
15	23931964	23931965	77	8	2	1	1	0.25	1	1	0.75	unphased	0.324543610547667	0.324543610547667	1
15	41679667	41679668	86	27	2	1	1	0.16	1	1	0.84	unphased	0.823924321025328	0.823924321025328	1
15	50190398	50190399	48	3	2	1	1	0.13	1	1	0.87	unphased	0.202839756592292	0.202839756592292	1
15	55612562	55612563	31	11	2	1	1	0.13	1	1	0.87	unphased	0.90311986863711	0.90311986863711	1
15	75015240	75015241	51	15	2	1	1	0.13	1	1	0.87	unphased	0.783699059561129	0.783699059561129	1
15	86260585	86260586	46	14	2	1	1	0.25	1	1	0.75	unphased	0.804597701149425	0.804597701149425	1
16	319297	319298	12	6	0.98	0	0	0.51	1	1	0.49	unphased	0.809425287356322	0.809425287356322	1
16	8993484	8993485	49	7	0.98	0	0	0.51	1	1	0.49	unphased	0.303534482758621	0.619458128078818	0.49
16	21288752	21288753	24	4	1	0	0	0.5	1	1	0.5	unphased	0.349753694581281	0.699507389162561	0.5
16	56660943	56660944	25	4	2	1	1	0.16	1	1	0.84	unphased	0.475624256837099	0.475624256837099	1
16	68014042	68014043	76	29	2	1	1	0.16	1	1	0.84	unphased	0.952380952380953	0.952380952380953	1
16	71318241	71318242	51	10	2	1	1	0.16	1	1	0.84	unphased	0.565291124929339	0.672965624915879	0.84
16	84623713	84623714	48	23	2	1	1	0.13	1	1	0.87	unphased	1.11704711024769	1.11704711024769	1
17	6610052	6610053	17	6	1	1	0	0.04	0	1	0.96	unphased	0.638680659670165	0.638680659670165	1
17	12883515	12883516	51	7	1	1	0	0.04	0	1	0.96	unphased	0.295481569560048	0.295481569560048	1
17	12883522	12883523	50	5	1	1	0	0.04	0	1	0.96	unphased	0.22257053291536	0.22257053291536	1
17	28380769	28380770	190	61	2	1	1	1	NA	NA	NA	unphased	0.838027201538673	0.838027201538673	1
17	29632455	29632456	182	33	2	1	1	1	NA	NA	NA	unphased	0.529270248596632	0.529270248596632	1
17	42818801	42818802	62	21	2	1	1	1	NA	NA	NA	unphased	0.872455338595762	0.872455338595762	1
17	60637376	60637377	50	3	2	1	1	1	NA	NA	NA	unphased	0.195185426154847	0.195185426154847	1
17	62500106	62500107	149	72	2	1	1	1	NA	NA	NA	unphased	1.12342019035731	1.12342019035731	1
18	28711599	28711600	80	40	2	1	1	0.21	1	1	0.79	unphased	1.14942528735632	1.14942528735632	1
18	33691101	33691102	45	18	2	1	1	0.21	1	1	0.79	unphased	0.985221674876847	0.985221674876847	1
18	61154285	61154286	47	22	2	1	1	1	NA	NA	NA	unphased	1.09945027486257	1.09945027486257	1
19	1506626	1506627	32	4	2	2	0	0.82	1	1	0.18	unphased	0.383141762452107	0.383141762452107	1
19	2116238	2116239	38	37	2	2	0	0.82	1	1	0.18	unphased	1.70114942528736	0.934697486421625	1.82
19	23406570	23406571	18	4	2	1	1	1	NA	NA	NA	unphased	0.626959247648903	0.626959247648903	1
19	36940625	36940626	110	35	2.57	2	1	0.57	1	1	0.43	unphased	0.969928656361475	0.969928656361475	1
2	37586747	37586748	43	4	2	1	1	0.09	1	1	0.91	unphased	0.293470286133529	0.293470286133529	1
2	79313567	79313568	68	19	2	1	1	0.09	1	1	0.91	unphased	0.753071739992073	0.753071739992073	1
2	90211744	90211745	52	12	2	1	1	0.09	1	1	0.91	unphased	0.646551724137931	0.710496400151573	0.91
2	97364867	97364868	9	11	2	1	1	1	NA	NA	NA	unphased	1.89655172413793	1.89655172413793	1
2	141709501	141709502	29	16	2	1	1	0.18	1	1	0.82	unphased	1.22605363984674	1.22605363984674	1
2	166172077	166172078	37	13	2	1	1	0.18	1	1	0.82	unphased	0.896551724137931	0.896551724137931	1
2	188247954	188247955	59	14	2	1	1	0.16	1	1	0.84	unphased	0.661313179026925	0.787277594079672	0.84
2	189599640	189599641	58	8	2	1	1	0.16	1	1	0.84	unphased	0.417972831765935	0.417972831765935	1
2	219339388	219339389	69	29	2	1	1	0.19	1	1	0.81	unphased	1.02040816326531	1.02040816326531	1
20	56078561	56078562	122	75	2.98	2	1	0.99	0	1	0.01	unphased	1.68589182566077	0.851460518010492	1.98
20	57769218	57769219	32	4	2.98	2	1	0.99	0	1	0.01	unphased	0.492030651340996	0.492030651340996	1
21	18931433	18931434	77	42	1.17	1	1	0.17	1	0	0.83	unphased	0.924097363083164	0.924097363083164	1
21	22664431	22664432	183	32	9	7	2	1	0	1	0	unphased	1.55509222133119	0.777546110665597	2
22	24574025	24574026	96	32	2	1	1	1	NA	NA	NA	unphased	0.862068965517241	0.862068965517241	1
3	15497990	15497991	43	4	1	1	0	1	NA	NA	NA	unphased	0.208363903154806	0.208363903154806	1
3	101574685	101574686	99	9	2.48	2	1	0.74	1	0	0.26	unphased	0.32735632183908	0.32735632183908	1
3	123022986	123022987	52	14	2.38	2	1	0.69	1	0	0.31	unphased	0.812058516196447	0.812058516196447	1
3	142141555	142141556	68	7	2.68	2	1	0.68	1	1	0.32	unphased	0.385305747126437	0.566626098715348	0.68
3	164777799	164777800	184	7	4.32	5	1	0.58	1	1	0.42	unphased	0.21140278028525	0.21140278028525	1
4	628608	628609	36	25	1	1	0	1	NA	NA	NA	unphased	1.00339174674958	1.00339174674958	1
4	3948635	3948636	26	21	1	1	0	1	NA	NA	NA	unphased	1.09391049156273	1.09391049156273	1
4	52861392	52861393	224	12	2.45	3	2	0.15	1	1	0.85	unphased	0.198217416715371	1.32144944476914	0.15
4	52861393	52861394	224	12	2.45	3	2	0.15	1	1	0.85	unphased	0.198217416715371	1.32144944476914	0.15
4	56770675	56770676	51	35	3.56	3	2	0.52	1	1	0.48	unphased	2.03825180433039	0.999143041338428	2.04
4	114276996	114276997	62	19	1	1	0	0.36	1	0	0.64	unphased	0.57428693060877	0.897323329076203	0.64
5	40767743	40767744	83	5	2	1	1	0.37	1	1	0.63	unphased	0.195924764890282	0.195924764890282	1
5	43644790	43644791	72	9	2	1	1	0.37	1	1	0.63	unphased	0.383141762452107	0.608161527701758	0.63
5	64907533	64907534	93	4	1	1	0	1	NA	NA	NA	unphased	0.100959829363669	0.100959829363669	1
5	82868297	82868298	48	8	1	1	0	1	NA	NA	NA	unphased	0.349753694581281	0.349753694581281	1
5	96232173	96232174	38	6	1	1	0	1	NA	NA	NA	unphased	0.333855799373041	0.333855799373041	1
6	26247050	26247051	46	15	2	1	1	0.15	1	1	0.85	unphased	0.847936687394008	0.847936687394008	1
6	27799065	27799066	53	19	2	1	1	0.15	1	1	0.85	unphased	0.909961685823755	0.909961685823755	1
6	36945855	36945856	63	6	2	1	1	0.11	1	1	0.89	unphased	0.299850074962519	0.299850074962519	1
6	43476649	43476650	18	4	2	1	1	0.11	1	1	0.89	unphased	0.626959247648903	0.626959247648903	1
6	49696393	49696394	62	12	2	1	1	0.11	1	1	0.89	unphased	0.559179869524697	0.628291988229997	0.89
6	56401650	56401651	94	35	2	1	1	0.11	1	1	0.89	unphased	0.935578722266774	0.935578722266774	1
6	87795965	87795966	91	25	2	1	1	0.21	1	1	0.79	unphased	0.743162901307967	0.940712533301224	0.79
6	117631314	117631315	82	38	2	1	1	0.16	1	1	0.84	unphased	1.09195402298851	1.09195402298851	1
7	4273001	4273002	102	6	2	1	1	1	NA	NA	NA	unphased	0.191570881226054	0.191570881226054	1
7	4900039	4900040	63	18	2	1	1	1	NA	NA	NA	unphased	0.766283524904215	0.766283524904215	1
7	37136230	37136231	65	4	2	1	1	1	NA	NA	NA	unphased	0.199900049975013	0.199900049975013	1
7	111503529	111503530	25	9	2	1	1	0.13	1	1	0.87	unphased	0.912778904665315	0.912778904665315	1
7	135614589	135614590	29	7	2	1	1	0.13	1	1	0.87	unphased	0.670498084291188	0.670498084291188	1
7	142247245	142247246	80	17	2	1	1	0.13	1	1	0.87	unphased	0.604337006754355	0.694640237648684	0.87
8	41397506	41397507	52	7	1.08	1	1	0.08	0	1	0.92	unphased	0.299964932787843	0.299964932787843	1
8	87560655	87560656	95	11	2	1	1	1	NA	NA	NA	unphased	0.357839947950553	0.357839947950553	1
8	143618385	143618386	18	5	2	1	1	1	NA	NA	NA	unphased	0.749625187406297	0.749625187406297	1
9	27209225	27209226	33	9	1	1	0	1	NA	NA	NA	unphased	0.524630541871921	0.524630541871921	1
9	74345725	74345726	34	27	1	1	0	1	NA	NA	NA	unphased	1.08366308648954	1.08366308648954	1
9	123715054	123715055	40	6	1	1	0	1	NA	NA	NA	unphased	0.319340329835082	0.319340329835082	1
9	137804881	137804882	12	13	1	1	0	1	NA	NA	NA	unphased	1.27310344827586	1.27310344827586	1
X	22291382	22291383	25	34	NA	NA	NA	NA	NA	NA	NA	unphased	NA	NA	1
X	82764120	82764121	19	29	NA	NA	NA	NA	NA	NA	NA	unphased	NA	NA	1
X	103080672	103080673	48	42	NA	NA	NA	NA	NA	NA	NA	unphased	NA	NA	1
