chr	start	end	WT.count	mut.count	subclonal.CN	nMaj1	nMin1	frac1	nMaj2	nMin2	frac2	phase	mutation.copy.number	subclonal.fraction	no.chrs.bearing.mut
1	1635299	1635300	19	14	2	2	0	1	NA	NA	NA	unphased	1.24777183600713	1.24777183600713	1
1	6655606	6655607	21	9	2	2	0	1	NA	NA	NA	unphased	0.88235294117647	0.88235294117647	1
1	14107967	14107968	76	38	2	2	0	1	NA	NA	NA	unphased	0.980392156862745	0.980392156862745	1
1	67519652	67519653	15	28	2	2	0	1	NA	NA	NA	unphased	1.91518467852257	0.957592339261286	2
1	87045965	87045966	23	10	2	2	0	1	NA	NA	NA	unphased	0.89126559714795	0.89126559714795	1
1	103405968	103405969	10	25	2	2	0	1	NA	NA	NA	unphased	2.10084033613445	1.05042016806723	2
1	145663349	145663350	88	36	1.92	3	2	0.23	1	0	0.77	unphased	0.830664136622391	0.830664136622391	1
1	161088956	161088957	144	29	1.68	3	2	0.17	1	0	0.83	unphased	0.439387963277797	0.439387963277797	1
1	181702134	181702135	64	12	1.68	3	2	0.17	1	0	0.83	unphased	0.413869969040248	0.413869969040248	1
1	196759337	196759338	188	32	NA	NA	NA	NA	NA	NA	NA	unphased	NA	NA	1
1	196762481	196762482	103	16	NA	NA	NA	NA	NA	NA	NA	unphased	NA	NA	1
1	203053043	203053044	10	5	1.6	3	2	0.15	1	0	0.85	unphased	0.847058823529412	0.847058823529412	1
1	203148530	203148531	58	49	1.6	3	2	0.15	1	0	0.85	unphased	1.16371632765256	1.16371632765256	1
1	220273895	220273896	51	41	5	3	2	1	NA	NA	NA	unphased	2.64769820971867	0.882566069906223	3
1	226455688	226455689	69	14	5	3	2	1	NA	NA	NA	unphased	1.00212615166549	1.00212615166549	1
1	228582918	228582919	15	4	5	3	2	1	NA	NA	NA	unphased	1.25077399380805	1.25077399380805	1
1	236917317	236917318	104	39	5	3	2	1	NA	NA	NA	unphased	1.62032085561497	0.810160427807487	2
1	240370747	240370748	148	32	5	3	2	1	NA	NA	NA	unphased	1.0562091503268	1.0562091503268	1
1	243471357	243471358	239	46	5	3	2	1	NA	NA	NA	unphased	0.958926728586171	0.958926728586171	1
1	247978702	247978703	131	18	5	3	2	1	NA	NA	NA	unphased	0.717726016581129	0.717726016581129	1
10	27423039	27423040	48	19	4	2	2	1	NA	NA	NA	unphased	1.40122914837577	1.40122914837577	1
10	46967682	46967683	373	18	6	5	1	1	NA	NA	NA	unphased	0.319542650819919	0.319542650819919	1
10	56129018	56129019	64	14	4	2	2	1	NA	NA	NA	unphased	0.886877828054299	0.886877828054299	1
10	98760933	98760934	102	28	3	2	1	1	NA	NA	NA	unphased	0.848868778280543	0.848868778280543	1
10	129847915	129847916	53	16	4	2	2	1	NA	NA	NA	unphased	1.1457800511509	1.1457800511509	1
11	1642784	1642785	206	67	2.22	2	1	0.22	1	1	0.78	unphased	0.775819866408102	0.775819866408102	1
11	7817762	7817763	92	4	2.13	2	1	0.13	1	1	0.87	unphased	0.12796568627451	0.984351432880845	0.13
11	21581912	21581913	41	10	1.2	2	1	0.1	1	0	0.9	unphased	0.419838523644752	0.419838523644752	1
11	45672477	45672478	16	24	1.2	2	1	0.1	1	0	0.9	unphased	1.28470588235294	1.28470588235294	1
11	55682055	55682056	36	26	1.1	2	1	0.05	0	1	0.95	unphased	0.855977229601518	0.855977229601518	1
11	55945000	55945001	49	15	1.1	2	1	0.05	0	1	0.95	unphased	0.478400735294118	0.478400735294118	1
11	62362103	62362104	69	14	1.1	2	1	0.05	0	1	0.95	unphased	0.344294826364281	0.344294826364281	1
11	62519804	62519805	44	15	1.1	2	1	0.05	0	1	0.95	unphased	0.518943170488534	0.518943170488534	1
11	92714944	92714945	37	5	1.22	2	1	0.11	1	0	0.89	unphased	0.257282913165266	0.257282913165266	1
11	94599177	94599178	44	13	1.22	2	1	0.11	1	0	0.89	unphased	0.492899896800825	0.492899896800825	1
11	108549099	108549100	92	24	1.22	2	1	0.11	1	0	0.89	unphased	0.447139959432049	0.447139959432049	1
11	123756028	123756029	98	5	1.22	2	1	0.11	1	0	0.89	unphased	0.104911479154769	0.953740719588806	0.11
11	125788525	125788526	35	9	1.22	2	1	0.11	1	0	0.89	unphased	0.442058823529412	0.442058823529412	1
12	1137213	1137214	74	99	5	4	1	1	NA	NA	NA	unphased	3.39986399183951	1.13328799727984	3
12	7551134	7551135	134	24	5	4	1	1	NA	NA	NA	unphased	0.902457185405808	0.902457185405808	1
12	8084032	8084033	61	90	5	4	1	1	NA	NA	NA	unphased	3.54109855862875	0.885274639657187	4
12	18854695	18854696	30	4	5	4	1	1	NA	NA	NA	unphased	0.698961937716263	0.698961937716263	1
12	25398284	25398285	25	31	5	4	1	1	NA	NA	NA	unphased	3.28886554621849	1.09628851540616	3
12	29786198	29786199	49	102	5	4	1	1	NA	NA	NA	unphased	4.01324503311258	1.00331125827815	4
12	41419052	41419053	404	68	1.44	4	1	0.11	1	0	0.89	unphased	0.343050847457627	0.343050847457627	1
12	52695846	52695847	69	11	5	4	1	1	NA	NA	NA	unphased	0.816911764705882	0.816911764705882	1
12	55688657	55688658	47	82	5	4	1	1	NA	NA	NA	unphased	3.7765617875057	0.944140446876425	4
12	57577917	57577918	61	8	5	4	1	1	NA	NA	NA	unphased	0.688832054560955	0.688832054560955	1
12	58016618	58016619	103	26	5	4	1	1	NA	NA	NA	unphased	1.19744642042864	1.19744642042864	1
12	75875809	75875810	164	38	5	4	1	1	NA	NA	NA	unphased	1.11764705882353	1.11764705882353	1
12	100042228	100042229	162	24	5	4	1	1	NA	NA	NA	unphased	0.766603415559772	0.766603415559772	1
13	38266438	38266439	14	5	2	1	1	1	NA	NA	NA	unphased	0.773993808049536	0.773993808049536	1
14	23793489	23793490	140	25	6	4	2	1	NA	NA	NA	unphased	1.05169340463458	1.05169340463458	1
14	77492109	77492110	45	23	4	2	2	1	NA	NA	NA	unphased	1.67128027681661	0.835640138408305	2
14	89163291	89163292	29	20	4	2	2	1	NA	NA	NA	unphased	2.01680672268908	1.00840336134454	2
14	93118468	93118469	53	23	4	2	2	1	NA	NA	NA	unphased	1.4953560371517	0.747678018575851	2
15	74836696	74836697	17	8	2	2	0	1	NA	NA	NA	unphased	0.941176470588235	0.941176470588235	1
15	74919992	74919993	112	38	2	2	0	1	NA	NA	NA	unphased	0.745098039215686	0.745098039215686	1
16	1509121	1509122	23	8	1.18	2	1	0.09	1	0	0.91	unphased	0.547400379506641	0.547400379506641	1
16	2980840	2980841	24	4	1.18	2	1	0.09	1	0	0.91	unphased	0.303025210084034	0.303025210084034	1
16	16173331	16173332	42	7	3	2	1	1	NA	NA	NA	unphased	0.563025210084034	0.563025210084034	1
16	28922452	28922453	51	19	3	2	1	1	NA	NA	NA	unphased	1.06974789915966	1.06974789915966	1
16	30566484	30566485	34	8	3	2	1	1	NA	NA	NA	unphased	0.750700280112045	0.750700280112045	1
16	58528890	58528891	24	6	3	2	1	1	NA	NA	NA	unphased	0.788235294117647	0.788235294117647	1
16	61687616	61687617	46	39	3	2	1	1	NA	NA	NA	unphased	1.8083044982699	0.904152249134948	2
17	45886268	45886269	77	109	3.94	3	1	0.98	0	1	0.02	unphased	2.86047438330171	0.972950470510785	2.94
17	51902185	51902186	160	12	1	3	1	0	0	1	1	unphased	0.135430916552668	0.135430916552668	1
17	73840387	73840388	21	8	4	3	1	1	NA	NA	NA	unphased	1.3630831643002	1.3630831643002	1
17	73900769	73900770	15	4	4	3	1	1	NA	NA	NA	unphased	1.04024767801858	1.04024767801858	1
17	73900773	73900774	14	4	4	3	1	1	NA	NA	NA	unphased	1.09803921568627	1.09803921568627	1
17	76535858	76535859	44	5	4	3	1	1	NA	NA	NA	unphased	0.504201680672269	0.504201680672269	1
18	14478710	14478711	49	7	3	2	1	1	NA	NA	NA	unphased	0.492647058823529	0.492647058823529	1
18	43330068	43330069	9	4	3	2	1	1	NA	NA	NA	unphased	1.21266968325792	1.21266968325792	1
18	48500917	48500918	61	8	3	2	1	1	NA	NA	NA	unphased	0.45694799658994	0.45694799658994	1
18	51750539	51750540	3	5	3	2	1	1	NA	NA	NA	unphased	2.46323529411765	1.23161764705882	2
19	1221227	1221228	5	23	3	3	0	1	NA	NA	NA	unphased	3.23739495798319	1.07913165266106	3
19	1230953	1230954	17	44	3	3	0	1	NA	NA	NA	unphased	2.84281581485053	0.947605271616843	3
19	3425169	3425170	16	7	3	3	0	1	NA	NA	NA	unphased	1.19948849104859	1.19948849104859	1
19	10747090	10747091	67	59	3	3	0	1	NA	NA	NA	unphased	1.84547152194211	0.922735760971055	2
19	11353739	11353740	62	12	3	3	0	1	NA	NA	NA	unphased	0.639109697933227	0.639109697933227	1
19	19356205	19356206	65	25	3	3	0	1	NA	NA	NA	unphased	1.09477124183007	1.09477124183007	1
19	35630981	35630982	29	46	3	3	0	1	NA	NA	NA	unphased	2.41725490196078	0.805751633986928	3
19	44378154	44378155	82	21	3	3	0	1	NA	NA	NA	unphased	0.803540833809252	0.803540833809252	1
19	46375618	46375619	84	29	3	3	0	1	NA	NA	NA	unphased	1.01145236855804	1.01145236855804	1
19	49641580	49641581	16	31	3	3	0	1	NA	NA	NA	unphased	2.59949937421777	0.866499791405924	3
19	56156437	56156438	107	33	3	3	0	1	NA	NA	NA	unphased	0.928991596638655	0.928991596638655	1
2	20174333	20174334	33	24	3	2	1	1	NA	NA	NA	unphased	1.6594427244582	0.829721362229102	2
2	33588492	33588493	59	45	3	2	1	1	NA	NA	NA	unphased	1.70531674208145	0.852658371040724	2
2	71797811	71797812	36	15	3	2	1	1	NA	NA	NA	unphased	1.15916955017301	1.15916955017301	1
2	125281903	125281904	50	22	3	2	1	1	NA	NA	NA	unphased	1.20424836601307	1.20424836601307	1
2	168102370	168102371	71	72	3	2	1	1	NA	NA	NA	unphased	1.98436857260387	0.992184286301933	2
2	175335283	175335284	36	9	3	2	1	1	NA	NA	NA	unphased	0.788235294117647	0.788235294117647	1
2	175618414	175618415	39	25	3	2	1	1	NA	NA	NA	unphased	1.53952205882353	0.769761029411765	2
2	179545886	179545887	27	5	3	2	1	1	NA	NA	NA	unphased	0.615808823529412	0.615808823529412	1
2	179598557	179598558	111	30	3	2	1	1	NA	NA	NA	unphased	0.838548185231539	0.838548185231539	1
2	187531902	187531903	71	30	3	2	1	1	NA	NA	NA	unphased	1.17064647641235	1.17064647641235	1
2	219869127	219869128	145	44	3	2	1	1	NA	NA	NA	unphased	0.917522564581388	0.917522564581388	1
2	242202217	242202218	60	40	1.16	2	1	0.08	1	0	0.92	unphased	0.840470588235294	0.840470588235294	1
20	9495395	9495396	6	4	4	2	2	1	NA	NA	NA	unphased	1.97647058823529	1.97647058823529	1
20	9520106	9520107	224	56	4	2	2	1	NA	NA	NA	unphased	0.988235294117647	0.988235294117647	1
20	16730538	16730539	38	14	4	2	2	1	NA	NA	NA	unphased	1.33031674208145	1.33031674208145	1
20	21376891	21376892	19	8	4	2	2	1	NA	NA	NA	unphased	1.4640522875817	1.4640522875817	1
20	33874902	33874903	40	18	4	2	2	1	NA	NA	NA	unphased	1.53346855983773	0.766734279918864	2
20	43927089	43927090	80	19	4	2	2	1	NA	NA	NA	unphased	0.948306595365419	0.948306595365419	1
20	47863685	47863686	13	13	4	2	2	1	NA	NA	NA	unphased	2.47058823529412	1.23529411764706	2
20	61950472	61950473	53	13	4	2	2	1	NA	NA	NA	unphased	0.973262032085561	0.973262032085561	1
21	15870822	15870823	21	36	2	2	0	1	NA	NA	NA	unphased	1.85758513931889	0.928792569659443	2
21	39493331	39493332	21	12	2	2	0	1	NA	NA	NA	unphased	1.06951871657754	1.06951871657754	1
22	22316963	22316964	15	24	2	2	0	1	NA	NA	NA	unphased	1.80995475113122	0.904977375565611	2
22	29517410	29517411	43	32	2	2	0	1	NA	NA	NA	unphased	1.25490196078431	1.25490196078431	1
22	47393547	47393548	47	15	2	2	0	1	NA	NA	NA	unphased	0.71157495256167	0.71157495256167	1
3	16250089	16250090	129	41	3	2	1	1	NA	NA	NA	unphased	0.950519031141868	0.950519031141868	1
3	33896715	33896716	102	29	3	2	1	1	NA	NA	NA	unphased	0.872474180511899	0.872474180511899	1
3	52248316	52248317	12	17	3	2	1	1	NA	NA	NA	unphased	2.31034482758621	1.1551724137931	2
3	52469786	52469787	85	18	3	2	1	1	NA	NA	NA	unphased	0.688749286122216	0.688749286122216	1
3	55733404	55733405	160	53	3	2	1	1	NA	NA	NA	unphased	0.980668323667495	0.980668323667495	1
3	62636609	62636610	109	29	3	2	1	1	NA	NA	NA	unphased	0.828218243819267	0.828218243819267	1
3	73438976	73438977	84	13	3	2	1	1	NA	NA	NA	unphased	0.528198908429351	0.528198908429351	1
3	74418509	74418510	69	23	3	2	1	1	NA	NA	NA	unphased	0.985294117647059	0.985294117647059	1
3	142151650	142151651	56	17	3	2	1	1	NA	NA	NA	unphased	0.917808219178082	0.917808219178082	1
3	183887979	183887980	21	18	3	2	1	1	NA	NA	NA	unphased	1.81900452488688	0.909502262443439	2
3	188406619	188406620	39	29	3	2	1	1	NA	NA	NA	unphased	1.68079584775086	0.840397923875432	2
4	80327717	80327718	63	13	3	2	1	1	NA	NA	NA	unphased	0.674148606811145	0.674148606811145	1
4	84216551	84216552	85	52	3	2	1	1	NA	NA	NA	unphased	1.49592099613568	0.74796049806784	2
4	119475216	119475217	15	4	3	2	1	1	NA	NA	NA	unphased	0.829721362229102	0.829721362229102	1
4	129783280	129783281	61	25	3	2	1	1	NA	NA	NA	unphased	1.14569083447332	1.14569083447332	1
4	134073608	134073609	43	9	3	2	1	1	NA	NA	NA	unphased	0.682126696832579	0.682126696832579	1
5	7690863	7690864	35	4	1.34	2	1	0.17	1	0	0.83	unphased	0.233966817496229	1.37627539703664	0.17
5	33461005	33461006	40	15	3	2	1	1	NA	NA	NA	unphased	1.07486631016043	1.07486631016043	1
5	35910140	35910141	54	49	3	2	1	1	NA	NA	NA	unphased	1.87492861222159	0.937464306110794	2
5	110428001	110428002	65	26	2	1	1	1	NA	NA	NA	unphased	0.840336134453781	0.840336134453781	1
5	140167227	140167228	79	31	2	1	1	1	NA	NA	NA	unphased	0.828877005347593	0.828877005347593	1
5	167674259	167674260	124	39	2	1	1	1	NA	NA	NA	unphased	0.703717069649946	0.703717069649946	1
5	172659550	172659551	11	7	2	1	1	1	NA	NA	NA	unphased	1.1437908496732	1.1437908496732	1
6	24437511	24437512	67	11	1.02	2	1	0.01	0	1	0.99	unphased	0.27657616892911	0.27657616892911	1
6	46605582	46605583	82	4	1.06	2	1	0.03	0	1	0.97	unphased	0.093077975376197	0.093077975376197	1
6	52622775	52622776	49	18	1.06	2	1	0.03	0	1	0.97	unphased	0.537629499561018	0.537629499561018	1
6	107955498	107955499	2	7	2	2	0	1	NA	NA	NA	unphased	2.28758169934641	1.1437908496732	2
6	127797441	127797442	110	11	2	2	0	1	NA	NA	NA	unphased	0.267379679144385	0.267379679144385	1
7	22999966	22999967	128	53	2	1	1	1	NA	NA	NA	unphased	0.861228469288268	0.861228469288268	1
7	29132282	29132283	45	16	3	2	1	1	NA	NA	NA	unphased	1.03375120540019	1.03375120540019	1
7	100211253	100211254	78	23	1.2	2	1	0.1	1	0	0.9	unphased	0.487594641817123	0.487594641817123	1
7	129962505	129962506	52	49	3	2	1	1	NA	NA	NA	unphased	1.9120559114735	0.95602795573675	2
7	131853218	131853219	65	13	3	2	1	1	NA	NA	NA	unphased	0.656862745098039	0.656862745098039	1
7	131878845	131878846	61	20	3	2	1	1	NA	NA	NA	unphased	0.973129992737836	0.973129992737836	1
7	136699567	136699568	44	16	3	2	1	1	NA	NA	NA	unphased	1.05098039215686	1.05098039215686	1
7	150733015	150733016	48	22	3	2	1	1	NA	NA	NA	unphased	1.23865546218487	1.23865546218487	1
8	12040294	12040295	74	12	NA	NA	NA	NA	NA	NA	NA	unphased	NA	NA	1
8	43152485	43152486	91	51	4	2	2	1	NA	NA	NA	unphased	1.77464788732394	0.887323943661972	2
8	43197449	43197450	113	20	4	2	2	1	NA	NA	NA	unphased	0.743034055727554	0.743034055727554	1
8	59059511	59059512	142	21	4	2	2	1	NA	NA	NA	unphased	0.636593287621797	0.636593287621797	1
8	77765956	77765957	54	19	1.45	4	2	0.09	1	0	0.91	unphased	0.622360999194198	0.622360999194198	1
8	87439918	87439919	159	72	1.45	4	2	0.09	1	0	0.91	unphased	0.745301757066463	0.745301757066463	1
8	122641180	122641181	448	56	6	4	2	1	NA	NA	NA	unphased	0.771241830065359	0.771241830065359	1
8	133980141	133980142	70	10	6	4	2	1	NA	NA	NA	unphased	0.867647058823529	0.867647058823529	1
8	143994078	143994079	113	47	5.2	4	2	0.84	1	0	0.16	unphased	1.80397058823529	0.980418797953964	1.84
8	145151602	145151603	108	40	5.15	4	2	0.83	1	0	0.17	unphased	1.64626391096979	0.899597765557264	1.83
9	20414268	20414269	102	56	2	1	1	1	NA	NA	NA	unphased	1.04244229337305	1.04244229337305	1
9	35105220	35105221	17	13	4	3	1	1	NA	NA	NA	unphased	2.14117647058824	1.07058823529412	2
9	95875329	95875330	10	6	2	1	1	1	NA	NA	NA	unphased	1.10294117647059	1.10294117647059	1
9	99286008	99286009	22	7	2	1	1	1	NA	NA	NA	unphased	0.709939148073022	0.709939148073022	1
9	104238103	104238104	25	16	2	1	1	1	NA	NA	NA	unphased	1.14777618364419	1.14777618364419	1
9	120475522	120475523	35	19	2	1	1	1	NA	NA	NA	unphased	1.03485838779956	1.03485838779956	1
9	140139179	140139180	7	7	2	1	1	1	NA	NA	NA	unphased	1.47058823529412	1.47058823529412	1
X	3235841	3235842	51	18	NA	NA	NA	NA	NA	NA	NA	unphased	NA	NA	1
X	17750170	17750171	90	5	NA	NA	NA	NA	NA	NA	NA	unphased	NA	NA	1
X	17750171	17750172	89	5	NA	NA	NA	NA	NA	NA	NA	unphased	NA	NA	1
X	22095702	22095703	37	149	NA	NA	NA	NA	NA	NA	NA	unphased	NA	NA	1
X	30269466	30269467	48	42	NA	NA	NA	NA	NA	NA	NA	unphased	NA	NA	1
X	36007509	36007510	15	40	NA	NA	NA	NA	NA	NA	NA	unphased	NA	NA	1
X	50089772	50089773	33	14	NA	NA	NA	NA	NA	NA	NA	unphased	NA	NA	1
X	107923921	107923922	18	21	NA	NA	NA	NA	NA	NA	NA	unphased	NA	NA	1
X	133922823	133922824	34	20	NA	NA	NA	NA	NA	NA	NA	unphased	NA	NA	1
