chr	start	end	WT.count	mut.count	subclonal.CN	nMaj1	nMin1	frac1	nMaj2	nMin2	frac2	phase	mutation.copy.number	subclonal.fraction	no.chrs.bearing.mut
1	12820699	12820700	49	17	2	2	0	1	NA	NA	NA	unphased	1.66177908113392	0.83088954056696	2
1	27709042	27709043	16	27	2	2	0	1	NA	NA	NA	unphased	4.0510127531883	2.02550637659415	2
1	31901853	31901854	124	51	2	2	0	1	NA	NA	NA	unphased	1.88018433179724	0.940092165898618	2
1	31901854	31901855	124	51	2	2	0	1	NA	NA	NA	unphased	1.88018433179724	0.940092165898618	2
1	50610855	50610856	75	12	2	2	0	1	NA	NA	NA	unphased	0.889877641824249	0.889877641824249	1
1	71440023	71440024	31	9	2	2	0	1	NA	NA	NA	unphased	1.45161290322581	1.45161290322581	1
1	108145703	108145704	83	5	2	2	0	1	NA	NA	NA	unphased	0.366568914956012	0.366568914956012	1
1	144868154	144868155	58	9	NA	NA	NA	NA	NA	NA	NA	unphased	NA	NA	1
1	145109538	145109539	178	20	NA	NA	NA	NA	NA	NA	NA	unphased	NA	NA	1
1	151501941	151501942	42	6	4	2	2	1	NA	NA	NA	unphased	1.05645161290323	1.05645161290323	1
1	152282596	152282597	163	67	4	2	2	1	NA	NA	NA	unphased	2.46199158485273	1.23099579242637	2
1	152286709	152286710	67	11	4	2	2	1	NA	NA	NA	unphased	1.191894127378	1.191894127378	1
1	158435879	158435880	217	66	4	2	2	1	NA	NA	NA	unphased	1.97104753220107	0.985523766100536	2
1	158736361	158736362	59	22	4	2	2	1	NA	NA	NA	unphased	2.29549980087614	1.14774990043807	2
1	159035995	159035996	76	26	4	2	2	1	NA	NA	NA	unphased	2.15433270082226	1.07716635041113	2
1	159284347	159284348	236	20	4	2	2	1	NA	NA	NA	unphased	0.660282258064516	0.660282258064516	1
1	160259851	160259852	245	19	4	2	2	1	NA	NA	NA	unphased	0.608260019550342	0.608260019550342	1
1	169513714	169513715	39	7	4	2	2	1	NA	NA	NA	unphased	1.28611500701262	1.28611500701262	1
1	169528520	169528521	55	14	4	2	2	1	NA	NA	NA	unphased	1.71482000935016	0.857410004675082	2
1	173951991	173951992	71	18	4	2	2	1	NA	NA	NA	unphased	1.70931496919174	0.854657484595868	2
1	176525546	176525547	86	26	4	2	2	1	NA	NA	NA	unphased	1.96198156682028	0.980990783410138	2
1	177250278	177250279	46	14	4	2	2	1	NA	NA	NA	unphased	1.97204301075269	0.986021505376344	2
1	180904342	180904343	12	5	4	2	2	1	NA	NA	NA	unphased	2.48576850094877	1.24288425047438	2
1	183072552	183072553	68	26	4	2	2	1	NA	NA	NA	unphased	2.33768016472203	1.16884008236102	2
1	200880889	200880890	52	10	4	2	2	1	NA	NA	NA	unphased	1.36316337148803	1.36316337148803	1
1	202850003	202850004	21	7	4	2	2	1	NA	NA	NA	unphased	2.11290322580645	1.05645161290323	2
1	204971807	204971808	52	16	4	2	2	1	NA	NA	NA	unphased	1.98861480075901	0.994307400379507	2
1	207872582	207872583	76	23	4	2	2	1	NA	NA	NA	unphased	1.96350602802216	0.981753014011079	2
1	230846493	230846494	80	8	4	2	2	1	NA	NA	NA	unphased	0.768328445747801	0.768328445747801	1
1	233296140	233296141	33	14	4	2	2	1	NA	NA	NA	unphased	2.5175017158545	1.25875085792725	2
1	243328497	243328498	24	15	4	2	2	1	NA	NA	NA	unphased	3.25062034739454	1.62531017369727	2
1	247695591	247695592	53	7	4	2	2	1	NA	NA	NA	unphased	0.986021505376344	0.986021505376344	1
1	248224524	248224525	159	40	NA	NA	NA	NA	NA	NA	NA	unphased	NA	NA	1
10	22048178	22048179	57	14	2	2	0	1	NA	NA	NA	unphased	1.27214902317129	1.27214902317129	1
10	26436448	26436449	86	27	2	2	0	1	NA	NA	NA	unphased	1.54153582643448	0.770767913217242	2
10	102088966	102088967	52	11	2	2	0	1	NA	NA	NA	unphased	1.12647209421403	1.12647209421403	1
10	113928266	113928267	53	5	2	2	0	1	NA	NA	NA	unphased	0.556173526140156	0.556173526140156	1
10	131665476	131665477	17	8	2	2	0	1	NA	NA	NA	unphased	2.06451612903226	1.03225806451613	2
11	1629612	1629613	171	27	2.5	3	1	0.5	1	0	0.5	unphased	0.947947214076246	0.947947214076246	1
11	17470197	17470198	99	44	2.5	3	1	0.5	1	0	0.5	unphased	2.13895781637717	1.06947890818859	2
11	17531008	17531009	120	6	2.5	3	1	0.5	1	0	0.5	unphased	0.331029185867895	0.662058371735791	0.5
11	55036716	55036717	31	13	2.5	3	1	0.5	1	0	0.5	unphased	2.05388563049853	1.02694281524927	2
11	55432827	55432828	127	6	2.5	3	1	0.5	1	0	0.5	unphased	0.313606597138006	0.627213194276013	0.5
11	55926961	55926962	38	4	2.5	3	1	0.5	1	0	0.5	unphased	0.662058371735791	0.662058371735791	1
11	55926992	55926993	40	6	2.5	3	1	0.5	1	0	0.5	unphased	0.906732117812062	0.906732117812062	1
11	56510474	56510475	102	12	2.5	3	1	0.5	1	0	0.5	unphased	0.731748726655348	0.731748726655348	1
11	58126474	58126475	74	7	2.5	3	1	0.5	1	0	0.5	unphased	0.600756670649144	0.600756670649144	1
11	58980253	58980254	205	12	2.5	3	1	0.5	1	0	0.5	unphased	0.384420990040137	0.768841980080274	0.5
11	61291326	61291327	302	43	2.5	3	1	0.5	1	0	0.5	unphased	0.86643291257597	0.86643291257597	1
11	66061904	66061905	22	5	2.5	3	1	0.5	1	0	0.5	unphased	1.28733572281959	1.28733572281959	1
11	67168268	67168269	100	9	2.5	3	1	0.5	1	0	0.5	unphased	0.573986386504883	1.14797277300977	0.5
11	73598407	73598408	94	16	10	7	3	1	NA	NA	NA	unphased	2.10205278592375	1.05102639296188	2
11	92085584	92085585	28	6	2	1	1	1	NA	NA	NA	unphased	1.13851992409867	1.13851992409867	1
11	107940896	107940897	60	7	2	1	1	0.78	1	1	0.22	unphased	0.674049109292248	0.674049109292248	1
11	111899287	111899288	57	7	2	1	1	0.78	1	1	0.22	unphased	0.705645161290323	0.705645161290323	1
11	114183003	114183004	41	7	2	1	1	0.78	1	1	0.22	unphased	0.940860215053763	0.940860215053763	1
11	116656577	116656578	87	11	2	1	1	0.78	1	1	0.22	unphased	0.724160631994733	0.724160631994733	1
11	123900825	123900826	141	41	2	1	1	0.78	1	1	0.22	unphased	1.45338532435307	1.45338532435307	1
11	134253954	134253955	27	5	NA	NA	NA	NA	NA	NA	NA	unphased	NA	NA	1
11	134254054	134254055	42	10	NA	NA	NA	NA	NA	NA	NA	unphased	NA	NA	1
12	9006836	9006837	48	18	2.34	2	2	0.17	1	1	0.83	unphased	1.85225806451613	1.58312655086849	1.17
12	14781633	14781634	55	6	2.34	2	2	0.17	1	1	0.83	unphased	0.668027498677948	0.668027498677948	1
12	14781634	14781635	55	7	2.34	2	2	0.17	1	1	0.83	unphased	0.766795005202914	0.766795005202914	1
12	20905448	20905449	43	5	2.34	2	2	0.17	1	1	0.83	unphased	0.707459677419355	0.707459677419355	1
12	33031310	33031311	108	32	2.34	2	2	0.17	1	1	0.83	unphased	1.55236866359447	1.32681082358502	1.17
12	47629814	47629815	121	19	3	2	1	1	NA	NA	NA	unphased	1.01129032258064	1.01129032258064	1
12	52200678	52200679	95	5	3	2	1	1	NA	NA	NA	unphased	0.37258064516129	0.37258064516129	1
12	55421099	55421100	393	139	3	2	1	1	NA	NA	NA	unphased	1.94694397283531	0.973471986417657	2
12	80771781	80771782	7	4	3	2	1	1	NA	NA	NA	unphased	2.70967741935484	1.35483870967742	2
12	86373833	86373834	45	10	3	2	1	1	NA	NA	NA	unphased	1.35483870967742	1.35483870967742	1
12	109530603	109530604	59	4	3	2	1	1	NA	NA	NA	unphased	0.473118279569892	0.473118279569892	1
13	32930635	32930636	78	24	2	2	0	1	NA	NA	NA	unphased	1.5180265654649	0.759013282732448	2
13	50589833	50589834	64	11	2	2	0	1	NA	NA	NA	unphased	0.946236559139785	0.946236559139785	1
13	70456462	70456463	88	12	2	2	0	1	NA	NA	NA	unphased	0.774193548387097	0.774193548387097	1
13	100953816	100953817	74	44	2	2	0	1	NA	NA	NA	unphased	2.40568616730454	1.20284308365227	2
13	101747966	101747967	25	14	2	2	0	1	NA	NA	NA	unphased	2.31596360628619	1.15798180314309	2
14	20502106	20502107	20	21	10	7	3	1	0	1	0	unphased	7.40204563335956	1.05743509047994	7
14	20850853	20850854	76	88	10	7	3	1	0	1	0	unphased	7.75452399685287	1.10778914240755	7
14	22294059	22294060	109	104	10	7	3	1	0	1	0	unphased	7.05618658185673	1.00802665455096	7
14	23884648	23884649	220	11	10	7	3	1	0	1	0	unphased	0.688172043010753	0.688172043010753	1
14	23884935	23884936	219	22	10	7	3	1	0	1	0	unphased	1.31923437290858	1.31923437290858	1
14	26917907	26917908	108	115	10	7	3	1	0	1	0	unphased	7.45262548821062	1.06466078403009	7
14	29237424	29237425	413	20	10	7	3	1	0	1	0	unphased	0.667510988601654	0.667510988601654	1
14	29237489	29237490	557	27	10	7	3	1	0	1	0	unphased	0.668139637649138	0.668139637649138	1
14	37777668	37777669	92	117	9	7	2	1	NA	NA	NA	unphased	7.53032875443741	1.07576125063392	7
14	55817703	55817704	50	11	3	2	1	1	NA	NA	NA	unphased	1.34373347435219	1.34373347435219	1
14	60193672	60193673	6	3	3	2	1	1	NA	NA	NA	unphased	2.48387096774194	2.48387096774194	1
14	70712799	70712800	135	19	3	2	1	1	NA	NA	NA	unphased	0.919354838709677	0.919354838709677	1
14	100360992	100360993	21	4	2.46	2	1	0.46	1	1	0.54	unphased	1.10585806451613	1.10585806451613	1
15	25223585	25223586	159	12	2	2	0	1	NA	NA	NA	unphased	0.452744765138653	0.452744765138653	1
15	33023436	33023437	24	15	2	2	0	1	NA	NA	NA	unphased	2.48138957816377	1.24069478908189	2
15	40675155	40675156	72	22	2	2	0	1	NA	NA	NA	unphased	1.50995195607413	0.754975978037063	2
15	78921619	78921620	29	17	2	2	0	1	NA	NA	NA	unphased	2.38429172510519	1.19214586255259	2
16	24902316	24902317	168	22	2	2	0	1	NA	NA	NA	unphased	0.747028862478778	0.747028862478778	1
16	28916786	28916787	13	7	NA	NA	NA	NA	NA	NA	NA	unphased	NA	NA	1
16	28916787	28916788	13	7	NA	NA	NA	NA	NA	NA	NA	unphased	NA	NA	1
16	29376227	29376228	27	12	3.35	4	2	0.47	1	0	0.53	unphased	2.40049627791563	0.99605654685296	2.41
16	31374279	31374280	97	60	3.35	4	2	0.47	1	0	0.53	unphased	2.98150811588247	1.01411840676275	2.94
16	31383735	31383736	130	23	3.35	4	2	0.47	1	0	0.53	unphased	1.17279148218427	1.17279148218427	1
16	31391338	31391339	88	7	3.35	4	2	0.47	1	0	0.53	unphased	0.574855687606112	0.574855687606112	1
16	56377714	56377715	12	7	3	3	0	1	NA	NA	NA	unphased	2.74533106960951	0.915110356536502	3
16	57005921	57005922	49	19	3	3	0	1	NA	NA	NA	unphased	2.08206831119545	1.04103415559772	2
16	65006837	65006838	44	15	3	3	0	1	NA	NA	NA	unphased	1.89447785675232	0.947238928376162	2
16	84494390	84494391	56	42	3	3	0	1	NA	NA	NA	unphased	3.19354838709677	1.06451612903226	3
16	87377367	87377368	27	23	3	3	0	1	NA	NA	NA	unphased	3.42774193548387	1.14258064516129	3
17	7578525	7578526	49	5	3	2	1	1	NA	NA	NA	unphased	0.689964157706093	0.689964157706093	1
17	16527636	16527637	81	11	3	2	1	1	NA	NA	NA	unphased	0.890953716690042	0.890953716690042	1
17	20799212	20799213	76	15	3	2	1	1	NA	NA	NA	unphased	1.22828784119107	1.22828784119107	1
17	21730846	21730847	18	9	3	2	1	1	NA	NA	NA	unphased	2.48387096774194	1.24193548387097	2
17	27027499	27027500	123	18	3	2	1	1	NA	NA	NA	unphased	0.951269732326699	0.951269732326699	1
17	40673123	40673124	118	42	3	2	1	1	NA	NA	NA	unphased	1.95604838709677	0.978024193548387	2
17	41368553	41368554	166	32	3	2	1	1	NA	NA	NA	unphased	1.20430107526882	1.20430107526882	1
17	44073927	44073928	29	6	3	2	1	1	NA	NA	NA	unphased	1.27741935483871	1.27741935483871	1
17	48244832	48244833	93	24	3	2	1	1	NA	NA	NA	unphased	1.52853598014888	0.764267990074442	2
17	72363867	72363868	26	3	2.14	2	1	0.14	1	1	0.86	unphased	0.681890989988877	0.681890989988877	1
17	73498336	73498337	9	7	2.14	2	1	0.14	1	1	0.86	unphased	2.88383064516129	2.52967600452745	1.14
17	73565149	73565150	17	4	2.14	2	1	0.14	1	1	0.86	unphased	1.25554531490015	1.25554531490015	1
17	73871180	73871181	48	7	2.14	2	1	0.14	1	1	0.86	unphased	0.838932551319648	0.838932551319648	1
18	6263971	6263972	44	10	4	2	2	1	NA	NA	NA	unphased	1.56511350059737	1.56511350059737	1
18	8798225	8798226	63	11	4	2	2	1	NA	NA	NA	unphased	1.256320836966	1.256320836966	1
18	24441240	24441241	52	6	4	2	2	1	NA	NA	NA	unphased	0.874304783092325	0.874304783092325	1
18	30092068	30092069	23	4	4	2	2	1	NA	NA	NA	unphased	1.2520908004779	1.2520908004779	1
18	50589718	50589719	165	18	2	2	0	1	NA	NA	NA	unphased	0.634584875727129	0.634584875727129	1
19	6670129	6670130	22	10	2.8	2	2	0.4	1	1	0.6	unphased	2.26612903225806	1.61866359447005	1.4
19	6904147	6904148	41	12	2.8	2	2	0.4	1	1	0.6	unphased	1.6418746195983	1.17276758542735	1.4
19	7117209	7117210	115	9	2.8	2	2	0.4	1	1	0.6	unphased	0.526326742976067	1.31581685744017	0.4
19	16222589	16222590	60	3	1.18	2	2	0.06	0	1	0.94	unphased	0.268172043010753	0.268172043010753	1
19	19313198	19313199	197	10	1.18	2	2	0.06	0	1	0.94	unphased	0.272058594358735	0.272058594358735	1
19	21239982	21239983	68	9	1.18	2	2	0.06	0	1	0.94	unphased	0.658240469208211	0.658240469208211	1
19	21606801	21606802	24	6	1.18	2	2	0.06	0	1	0.94	unphased	1.12632258064516	1.12632258064516	1
19	23543969	23543970	55	4	1.18	2	2	0.06	0	1	0.94	unphased	0.381804264625478	0.381804264625478	1
19	31039369	31039370	238	13	1.18	2	2	0.06	0	1	0.94	unphased	0.291677162318468	0.291677162318468	1
19	37678049	37678050	48	5	1.18	2	2	0.06	0	1	0.94	unphased	0.531284236153378	0.531284236153378	1
19	41808724	41808725	28	15	1.18	2	2	0.06	0	1	0.94	unphased	1.96451612903226	1.85331710286062	1.06
19	42406034	42406035	32	4	1.18	2	2	0.06	0	1	0.94	unphased	0.62573476702509	0.62573476702509	1
19	47969375	47969376	47	6	1.18	2	2	0.06	0	1	0.94	unphased	0.637541083384054	0.637541083384054	1
19	52327825	52327826	86	9	1.18	2	2	0.06	0	1	0.94	unphased	0.533521222410866	0.533521222410866	1
19	53667847	53667848	64	12	1.18	2	2	0.06	0	1	0.94	unphased	0.889202037351443	0.889202037351443	1
19	54866917	54866918	105	49	1.18	2	2	0.06	0	1	0.94	unphased	1.79187683284457	1.6904498423062	1.06
19	55604529	55604530	25	10	1.18	2	2	0.06	0	1	0.94	unphased	1.60903225806452	1.60903225806452	1
19	56243814	56243815	106	32	1.18	2	2	0.06	0	1	0.94	unphased	1.30588125292193	1.30588125292193	1
2	8957761	8957762	98	13	3	2	1	1	NA	NA	NA	unphased	0.872711421098518	0.872711421098518	1
2	74469146	74469147	34	3	3	2	1	1	NA	NA	NA	unphased	0.604184829991282	0.604184829991282	1
2	86378493	86378494	41	8	3	2	1	1	NA	NA	NA	unphased	1.21658986175115	1.21658986175115	1
2	90060772	90060773	11	7	2	2	0	1	NA	NA	NA	unphased	2.5089605734767	1.25448028673835	2
2	90212185	90212186	77	17	2	2	0	1	NA	NA	NA	unphased	1.16678105696637	1.16678105696637	1
2	98413959	98413960	72	8	2	2	0	1	NA	NA	NA	unphased	0.645161290322581	0.645161290322581	1
2	125530546	125530547	449	29	9	7	2	1	NA	NA	NA	unphased	0.816102038061817	0.816102038061817	1
2	136566225	136566226	69	31	2	2	0	1	NA	NA	NA	unphased	2	1	2
2	152528961	152528962	51	14	2	2	0	1	NA	NA	NA	unphased	1.38957816377171	1.38957816377171	1
2	178098807	178098808	30	14	2	2	0	1	NA	NA	NA	unphased	2.05278592375367	1.02639296187683	2
2	178098808	178098809	30	15	2	2	0	1	NA	NA	NA	unphased	2.1505376344086	1.0752688172043	2
2	241713622	241713623	29	9	2	2	0	1	NA	NA	NA	unphased	1.52801358234295	1.52801358234295	1
2	242035438	242035439	50	31	2	2	0	1	NA	NA	NA	unphased	2.46913580246914	1.23456790123457	2
20	10620139	10620140	154	42	4	2	2	1	NA	NA	NA	unphased	1.8110599078341	0.905529953917051	2
20	13866979	13866980	44	12	4	2	2	1	NA	NA	NA	unphased	1.8110599078341	0.905529953917051	2
20	18462396	18462397	296	86	4	2	2	1	NA	NA	NA	unphased	1.9027191352812	0.951359567640601	2
20	23432484	23432485	74	20	4	2	2	1	NA	NA	NA	unphased	1.79821551132464	0.89910775566232	2
20	34025446	34025447	33	10	4	2	2	1	NA	NA	NA	unphased	1.96549137284321	0.982745686421605	2
20	54945593	54945594	47	5	4	2	2	1	NA	NA	NA	unphased	0.812655086848635	0.812655086848635	1
21	41516526	41516527	42	22	2	2	0	1	NA	NA	NA	unphased	2.21774193548387	1.10887096774194	2
21	41719644	41719645	185	69	2	2	0	1	NA	NA	NA	unphased	1.75260350520701	0.876301752603505	2
21	45877249	45877250	57	5	2	2	0	1	NA	NA	NA	unphased	0.520291363163371	0.520291363163371	1
21	47552165	47552166	8	4	2	2	0	1	NA	NA	NA	unphased	2.1505376344086	2.1505376344086	1
22	39714491	39714492	48	3	2.13	2	1	0.13	1	1	0.87	unphased	0.387153700189753	0.387153700189753	1
3	44952878	44952879	62	18	2	2	0	1	NA	NA	NA	unphased	1.45161290322581	1.45161290322581	1
3	48510378	48510379	6	4	2	2	0	1	NA	NA	NA	unphased	2.58064516129032	1.29032258064516	2
3	113775304	113775305	113	10	2.44	4	1	0.36	1	0	0.64	unphased	0.560293731969578	0.560293731969578	1
3	121414394	121414395	112	28	2.44	4	1	0.36	1	0	0.64	unphased	1.37832258064516	1.0134724857685	1.36
3	122004105	122004106	12	7	2.44	4	1	0.36	1	0	0.64	unphased	2.53901528013582	0.933461500049935	2.72
3	122004108	122004109	13	3	2.44	4	1	0.36	1	0	0.64	unphased	1.29217741935484	1.29217741935484	1
3	128780765	128780766	41	13	2.44	4	1	0.36	1	0	0.64	unphased	1.65909199522103	0.964588369314551	1.72
3	130437249	130437250	219	25	2.44	4	1	0.36	1	0	0.64	unphased	0.706107879428874	0.706107879428874	1
3	134851696	134851697	56	5	2.44	4	1	0.36	1	0	0.64	unphased	0.564886303543099	0.564886303543099	1
3	138433506	138433507	140	13	2.44	4	1	0.36	1	0	0.64	unphased	0.585561880666245	0.585561880666245	1
3	142756044	142756045	22	5	2.44	4	1	0.36	1	0	0.64	unphased	1.27622461170848	1.27622461170848	1
3	147113750	147113751	149	49	2.44	4	1	0.36	1	0	0.64	unphased	1.70550016291952	0.99156986216251	1.72
3	157154668	157154669	57	5	2.44	4	1	0.36	1	0	0.64	unphased	0.555775234131113	0.555775234131113	1
3	158991624	158991625	27	9	2.44	4	1	0.36	1	0	0.64	unphased	1.72290322580645	1.72290322580645	1
3	166958566	166958567	67	50	2.44	4	1	0.36	1	0	0.64	unphased	2.94513371932727	1.08276974975267	2.72
3	167035371	167035372	71	9	2.44	4	1	0.36	1	0	0.64	unphased	0.775306451612903	0.775306451612903	1
3	167090682	167090683	28	27	2.44	4	1	0.36	1	0	0.64	unphased	3.38315542521994	1.00689149560117	3.36
3	172491782	172491783	45	23	2.44	4	1	0.36	1	0	0.64	unphased	2.33098671726755	0.987706236130319	2.36
3	190122669	190122670	104	41	1.85	5	1	0.17	1	0	0.83	unphased	1.78183537263626	1.06061629323587	1.68
3	193002849	193002850	77	17	1.85	5	1	0.17	1	0	0.83	unphased	1.1396533973919	1.1396533973919	1
3	197579466	197579467	116	11	NA	NA	NA	NA	NA	NA	NA	unphased	NA	NA	1
4	6602463	6602464	25	10	2	2	0	1	NA	NA	NA	unphased	1.84331797235023	0.921658986175115	2
4	55976667	55976668	74	35	7	5	2	1	NA	NA	NA	unphased	3.67712340929269	0.919280852323173	4
4	76440675	76440676	76	27	2	2	0	1	NA	NA	NA	unphased	1.69119949890385	0.845599749451926	2
4	79841817	79841818	43	17	2	2	0	1	NA	NA	NA	unphased	1.82795698924731	0.913978494623656	2
4	113351706	113351707	26	7	2	2	0	1	NA	NA	NA	unphased	1.36852394916911	1.36852394916911	1
4	177071011	177071012	97	61	3	3	0	1	NA	NA	NA	unphased	2.87688852592895	0.958962841976317	3
5	6337292	6337293	121	9	2.26	2	2	0.13	1	1	0.87	unphased	0.464650124069479	0.464650124069479	1
5	13883045	13883046	105	42	2.26	2	2	0.13	1	1	0.87	unphased	1.91760368663594	1.69699441295216	1.13
5	26890672	26890673	85	18	2.26	2	2	0.13	1	1	0.87	unphased	1.17290322580645	1.17290322580645	1
5	35068965	35068966	44	4	2.26	2	2	0.13	1	1	0.87	unphased	0.559301075268817	0.559301075268817	1
5	38931988	38931989	83	4	2.26	2	2	0.13	1	1	0.87	unphased	0.308579903596589	0.308579903596589	1
5	88057043	88057044	60	25	2	2	0	1	NA	NA	NA	unphased	1.89753320683112	0.94876660341556	2
5	126755873	126755874	52	10	2	2	0	1	NA	NA	NA	unphased	1.04058272632674	1.04058272632674	1
5	135391428	135391429	24	4	2	2	0	1	NA	NA	NA	unphased	0.921658986175115	0.921658986175115	1
5	140744904	140744905	33	17	2	2	0	1	NA	NA	NA	unphased	2.19354838709677	1.09677419354839	2
6	15513220	15513221	84	6	1.03	2	0	0.03	0	1	0.97	unphased	0.365440860215054	0.365440860215054	1
6	22297194	22297195	25	9	1.03	2	0	0.03	0	1	0.97	unphased	1.45101518026565	1.45101518026565	1
6	26017593	26017594	29	5	1.03	2	0	0.03	0	1	0.97	unphased	0.80611954459203	0.80611954459203	1
6	30919777	30919778	20	3	1.03	2	0	0.03	0	1	0.97	unphased	0.714992987377279	0.714992987377279	1
6	32902680	32902681	31	4	1.03	2	0	0.03	0	1	0.97	unphased	0.626470046082949	0.626470046082949	1
6	37358667	37358668	12	9	1.03	2	0	0.03	0	1	0.97	unphased	2.34926267281106	2.28083754641851	1.03
6	37622662	37622663	99	8	1.03	2	0	0.03	0	1	0.97	unphased	0.409840217063612	0.409840217063612	1
6	38879358	38879359	24	8	1.03	2	0	0.03	0	1	0.97	unphased	1.37040322580645	1.37040322580645	1
6	38957917	38957918	124	12	1.03	2	0	0.03	0	1	0.97	unphased	0.483671726755218	0.483671726755218	1
6	42832546	42832547	37	14	1.03	2	0	0.03	0	1	0.97	unphased	1.50475648323846	1.50475648323846	1
6	46657275	46657276	56	4	1.03	2	0	0.03	0	1	0.97	unphased	0.365440860215054	0.365440860215054	1
6	50683062	50683063	197	6	7	7	0	1	NA	NA	NA	unphased	0.338471317336723	0.338471317336723	1
6	88853702	88853703	119	56	3	3	0	1	NA	NA	NA	unphased	2.38451612903226	1.19225806451613	2
6	152651858	152651859	46	43	3	3	0	1	NA	NA	NA	unphased	3.60021747009786	1.20007249003262	3
6	160958903	160958904	42	6	3	3	0	1	NA	NA	NA	unphased	0.931451612903226	0.931451612903226	1
7	1607315	1607316	65	20	4	2	2	1	NA	NA	NA	unphased	1.98861480075901	0.994307400379507	2
7	5983023	5983024	50	13	4	2	2	1	NA	NA	NA	unphased	1.74398361495136	0.871991807475679	2
7	8196729	8196730	40	6	4	2	2	1	NA	NA	NA	unphased	1.10238429172511	1.10238429172511	1
7	14613879	14613880	125	33	4	2	2	1	NA	NA	NA	unphased	1.76521028991425	0.882605144957125	2
7	27196205	27196206	78	11	4	2	2	1	NA	NA	NA	unphased	1.04458137006162	1.04458137006162	1
7	37988574	37988575	56	17	4	2	2	1	NA	NA	NA	unphased	1.96818382677861	0.984091913389306	2
7	53103943	53103944	38	12	4	2	2	1	NA	NA	NA	unphased	2.02838709677419	1.0141935483871	2
7	57188260	57188261	48	4	3	2	1	1	NA	NA	NA	unphased	0.573200992555831	0.573200992555831	1
7	72992905	72992906	16	3	3	2	1	1	NA	NA	NA	unphased	1.17657045840407	1.17657045840407	1
7	83035312	83035313	94	38	3	2	1	1	NA	NA	NA	unphased	2.14516129032258	1.07258064516129	2
7	88389390	88389391	64	9	3	2	1	1	NA	NA	NA	unphased	0.918692001767565	0.918692001767565	1
7	92732856	92732857	58	7	3	2	1	1	NA	NA	NA	unphased	0.802481389578164	0.802481389578164	1
7	97833001	97833002	21	4	3	2	1	1	NA	NA	NA	unphased	1.19225806451613	1.19225806451613	1
7	103252214	103252215	41	6	3	2	1	1	NA	NA	NA	unphased	0.951269732326699	0.951269732326699	1
7	120387735	120387736	18	11	3	2	1	1	NA	NA	NA	unphased	2.82647385984427	1.41323692992214	2
7	120901771	120901772	6	3	3	2	1	1	NA	NA	NA	unphased	2.48387096774194	2.48387096774194	1
7	122635711	122635712	35	3	3	2	1	1	NA	NA	NA	unphased	0.588285229202037	0.588285229202037	1
7	123136948	123136949	32	5	3	2	1	1	NA	NA	NA	unphased	1.00697471665214	1.00697471665214	1
7	136700485	136700486	62	4	3	2	1	1	NA	NA	NA	unphased	0.451612903225806	0.451612903225806	1
7	144062308	144062309	213	10	3	2	1	1	NA	NA	NA	unphased	0.334153044987704	0.334153044987704	1
7	150499384	150499385	51	11	3	2	1	1	NA	NA	NA	unphased	1.32206035379813	1.32206035379813	1
8	9627679	9627680	40	11	1.28	2	1	0.14	1	0	0.86	unphased	1.2362302340291	1.2362302340291	1
8	24772070	24772071	45	7	1.28	2	1	0.14	1	0	0.86	unphased	0.771563275434243	0.771563275434243	1
8	32505254	32505255	56	6	1.28	2	1	0.14	1	0	0.86	unphased	0.554672216441207	0.554672216441207	1
8	42914302	42914303	26	5	1.28	2	1	0.14	1	0	0.86	unphased	0.924453694068678	0.924453694068678	1
8	67047273	67047274	94	4	1.28	2	1	0.14	1	0	0.86	unphased	0.233943383805135	1.67102417003668	0.14
8	67369094	67369095	42	7	1.28	2	1	0.14	1	0	0.86	unphased	0.818801843317972	0.818801843317972	1
8	77764323	77764324	66	10	1.28	2	1	0.14	1	0	0.86	unphased	0.754159592529711	0.754159592529711	1
8	81599562	81599563	48	7	1.28	2	1	0.14	1	0	0.86	unphased	0.729478005865103	0.729478005865103	1
8	82715423	82715424	34	4	1.28	2	1	0.14	1	0	0.86	unphased	0.603327674023769	0.603327674023769	1
8	91638002	91638003	40	9	1.28	2	1	0.14	1	0	0.86	unphased	1.05274522712311	1.05274522712311	1
8	91643935	91643936	43	18	1.28	2	1	0.14	1	0	0.86	unphased	1.69129561078794	1.48359264104205	1.14
8	100831653	100831654	92	7	5	4	1	1	NA	NA	NA	unphased	0.668295861844249	0.668295861844249	1
8	123963772	123963773	18	5	5	4	1	1	NA	NA	NA	unphased	2.054698457223	2.054698457223	1
8	133141664	133141665	41	25	5	4	1	1	NA	NA	NA	unphased	3.58015640273705	0.895039100684262	4
8	139163866	139163867	131	9	5	4	1	1	NA	NA	NA	unphased	0.607603686635945	0.607603686635945	1
8	144657641	144657642	73	13	5	4	1	1	NA	NA	NA	unphased	1.42873218304576	1.42873218304576	1
8	144946521	144946522	84	7	5	4	1	1	NA	NA	NA	unphased	0.727047146401985	0.727047146401985	1
9	5335384	5335385	64	12	4.4	4	1	0.85	1	0	0.15	unphased	1.39762308998302	1.39762308998302	1
9	8375952	8375953	43	24	4.4	4	1	0.85	1	0	0.15	unphased	3.17072701011074	0.893162538059362	3.55
9	15666186	15666187	31	29	4.4	4	1	0.85	1	0	0.15	unphased	4.27827956989247	1.11124144672532	3.85
9	23701593	23701594	50	35	4.4	4	1	0.85	1	0	0.15	unphased	3.64478178368121	0.985076157751679	3.7
9	32633268	32633269	110	75	4.4	4	1	0.85	1	0	0.15	unphased	3.58849171752398	1.0108427373307	3.55
9	32634250	32634251	133	95	4.4	4	1	0.85	1	0	0.15	unphased	3.68817204301075	0.996803254867771	3.7
9	34709412	34709413	108	26	11	7	4	1	NA	NA	NA	unphased	2.99807414540202	0.999358048467341	3
9	84532685	84532686	19	7	3	2	1	1	NA	NA	NA	unphased	2.00620347394541	1.0031017369727	2
9	85863266	85863267	104	16	3	2	1	1	NA	NA	NA	unphased	0.993548387096774	0.993548387096774	1
9	96212766	96212767	85	9	3	2	1	1	NA	NA	NA	unphased	0.713452299245024	0.713452299245024	1
9	96422841	96422842	11	4	3	2	1	1	NA	NA	NA	unphased	1.98709677419355	1.98709677419355	1
9	107332174	107332175	49	10	3	2	1	1	NA	NA	NA	unphased	1.26298523783488	1.26298523783488	1
9	123620552	123620553	22	5	3	2	1	1	NA	NA	NA	unphased	1.37992831541219	1.37992831541219	1
9	139391042	139391043	81	10	3	2	1	1	NA	NA	NA	unphased	0.818858560794045	0.818858560794045	1
X	69424308	69424309	17	16	NA	NA	NA	NA	NA	NA	NA	unphased	NA	NA	1
X	73065800	73065801	49	39	NA	NA	NA	NA	NA	NA	NA	unphased	NA	NA	1
X	84519279	84519280	7	5	NA	NA	NA	NA	NA	NA	NA	unphased	NA	NA	1
X	118603878	118603879	67	45	NA	NA	NA	NA	NA	NA	NA	unphased	NA	NA	1
X	142718385	142718386	73	12	NA	NA	NA	NA	NA	NA	NA	unphased	NA	NA	1
