chr	start	end	WT.count	mut.count	subclonal.CN	nMaj1	nMin1	frac1	nMaj2	nMin2	frac2	phase	mutation.copy.number	subclonal.fraction	no.chrs.bearing.mut
1	17961403	17961404	7	3	1	1	0	1	NA	NA	NA	unphased	0.6375	0.6375	1
1	29638261	29638262	64	42	1	1	0	1	NA	NA	NA	unphased	0.841981132075472	0.841981132075472	1
1	38082222	38082223	31	31	1	1	0	1	NA	NA	NA	unphased	1.0625	1.0625	1
1	41215343	41215344	37	25	1	1	0	1	NA	NA	NA	unphased	0.856854838709677	0.856854838709677	1
1	90470689	90470690	25	30	1	1	0	1	NA	NA	NA	unphased	1.15909090909091	1.15909090909091	1
1	158324234	158324235	42	22	2	1	1	1	NA	NA	NA	unphased	1.07421875	1.07421875	1
1	159504912	159504913	69	20	2	1	1	1	NA	NA	NA	unphased	0.702247191011236	0.702247191011236	1
1	160160581	160160582	15	5	2	1	1	1	NA	NA	NA	unphased	0.78125	0.78125	1
1	161479756	161479757	48	17	2	1	1	1	NA	NA	NA	unphased	0.817307692307692	0.817307692307692	1
1	169578831	169578832	41	9	2	1	1	1	NA	NA	NA	unphased	0.5625	0.5625	1
1	175046648	175046649	32	11	2	1	1	1	NA	NA	NA	unphased	0.799418604651163	0.799418604651163	1
1	186086168	186086169	57	23	2	1	1	1	NA	NA	NA	unphased	0.8984375	0.8984375	1
1	190067164	190067165	84	38	2	1	1	1	NA	NA	NA	unphased	0.973360655737705	0.973360655737705	1
1	190068001	190068002	89	38	2	1	1	1	NA	NA	NA	unphased	0.93503937007874	0.93503937007874	1
1	196367693	196367694	22	5	2	1	1	1	NA	NA	NA	unphased	0.578703703703704	0.578703703703704	1
1	206224514	206224515	129	49	2	1	1	1	NA	NA	NA	unphased	0.860252808988764	0.860252808988764	1
1	210971088	210971089	32	13	2	1	1	1	NA	NA	NA	unphased	0.902777777777778	0.902777777777778	1
1	212799643	212799644	35	26	2	1	1	1	NA	NA	NA	unphased	1.33196721311475	1.33196721311475	1
1	214815257	214815258	34	18	2	1	1	1	NA	NA	NA	unphased	1.08173076923077	1.08173076923077	1
1	216420379	216420380	66	27	2	1	1	1	NA	NA	NA	unphased	0.907258064516129	0.907258064516129	1
1	221054544	221054545	97	54	2	1	1	1	NA	NA	NA	unphased	1.11754966887417	1.11754966887417	1
1	237802418	237802419	15	10	2	1	1	1	NA	NA	NA	unphased	1.25	1.25	1
1	237948180	237948181	9	4	2	1	1	1	NA	NA	NA	unphased	0.961538461538462	0.961538461538462	1
1	248058993	248058994	55	24	2	1	1	1	NA	NA	NA	unphased	0.949367088607595	0.949367088607595	1
1	248790091	248790092	25	12	2	1	1	1	NA	NA	NA	unphased	1.01351351351351	1.01351351351351	1
10	43016389	43016390	17	11	1	1	0	1	NA	NA	NA	unphased	0.834821428571428	0.834821428571428	1
10	61012662	61012663	17	17	1	1	0	1	NA	NA	NA	unphased	1.0625	1.0625	1
10	87489355	87489356	19	24	1	1	0	1	NA	NA	NA	unphased	1.18604651162791	1.18604651162791	1
10	95386453	95386454	17	12	1	1	0	1	NA	NA	NA	unphased	0.879310344827586	0.879310344827586	1
10	95557628	95557629	13	10	1	1	0	1	NA	NA	NA	unphased	0.923913043478261	0.923913043478261	1
10	102584735	102584736	27	14	1	1	0	1	NA	NA	NA	unphased	0.725609756097561	0.725609756097561	1
10	126678052	126678053	26	19	1	1	0	1	NA	NA	NA	unphased	0.897222222222222	0.897222222222222	1
10	129537265	129537266	7	5	1	1	0	1	NA	NA	NA	unphased	0.885416666666667	0.885416666666667	1
11	2186496	2186497	60	21	2	1	1	1	NA	NA	NA	unphased	0.810185185185185	0.810185185185185	1
11	5080364	5080365	15	10	2	1	1	1	NA	NA	NA	unphased	1.25	1.25	1
11	5246879	5246880	41	23	2	1	1	1	NA	NA	NA	unphased	1.123046875	1.123046875	1
11	6459634	6459635	114	45	2	1	1	1	NA	NA	NA	unphased	0.884433962264151	0.884433962264151	1
11	6630778	6630779	75	33	2	1	1	1	NA	NA	NA	unphased	0.954861111111111	0.954861111111111	1
11	6643164	6643165	21	10	2	1	1	1	NA	NA	NA	unphased	1.00806451612903	1.00806451612903	1
11	7335112	7335113	103	43	2	1	1	1	NA	NA	NA	unphased	0.920376712328767	0.920376712328767	1
11	7437286	7437287	68	34	2	1	1	1	NA	NA	NA	unphased	1.04166666666667	1.04166666666667	1
11	32697428	32697429	120	29	2	1	1	1	NA	NA	NA	unphased	0.608221476510067	0.608221476510067	1
11	44074260	44074261	277	107	2	1	1	1	NA	NA	NA	unphased	0.870768229166667	0.870768229166667	1
11	55063037	55063038	19	8	2	1	1	1	NA	NA	NA	unphased	0.925925925925926	0.925925925925926	1
11	55065006	55065007	57	14	2	1	1	1	NA	NA	NA	unphased	0.616197183098592	0.616197183098592	1
11	56086261	56086262	51	28	2	1	1	1	NA	NA	NA	unphased	1.10759493670886	1.10759493670886	1
11	56510509	56510510	54	19	2	1	1	1	NA	NA	NA	unphased	0.813356164383562	0.813356164383562	1
11	60296841	60296842	46	18	2	1	1	1	NA	NA	NA	unphased	0.87890625	0.87890625	1
11	62293137	62293138	223	100	2	1	1	1	NA	NA	NA	unphased	0.96749226006192	0.96749226006192	1
11	64032671	64032672	12	9	2	1	1	1	NA	NA	NA	unphased	1.33928571428571	1.33928571428571	1
11	68191146	68191147	29	17	2	1	1	1	NA	NA	NA	unphased	1.15489130434783	1.15489130434783	1
11	88323874	88323875	59	25	2	1	1	1	NA	NA	NA	unphased	0.930059523809524	0.930059523809524	1
11	89421775	89421776	131	55	2	1	1	1	NA	NA	NA	unphased	0.924059139784946	0.924059139784946	1
11	107463055	107463056	29	18	2	1	1	1	NA	NA	NA	unphased	1.1968085106383	1.1968085106383	1
11	108225543	108225544	73	22	2	1	1	1	NA	NA	NA	unphased	0.723684210526316	0.723684210526316	1
11	120008123	120008124	36	3	2	1	1	1	NA	NA	NA	unphased	0.240384615384615	0.240384615384615	1
11	124756968	124756969	14	18	1	1	0	1	NA	NA	NA	unphased	1.1953125	1.1953125	1
12	21391957	21391958	34	15	2	1	1	1	NA	NA	NA	unphased	0.956632653061224	0.956632653061224	1
12	32137980	32137981	40	15	2	1	1	1	NA	NA	NA	unphased	0.852272727272727	0.852272727272727	1
12	46623013	46623014	33	25	2	1	1	1	NA	NA	NA	unphased	1.34698275862069	1.34698275862069	1
12	49434130	49434131	42	15	2	1	1	1	NA	NA	NA	unphased	0.822368421052632	0.822368421052632	1
12	52943107	52943108	72	37	2	1	1	1	NA	NA	NA	unphased	1.06077981651376	1.06077981651376	1
12	53012008	53012009	74	45	2	1	1	1	NA	NA	NA	unphased	1.18172268907563	1.18172268907563	1
12	55614917	55614918	140	68	2	1	1	1	NA	NA	NA	unphased	1.02163461538462	1.02163461538462	1
12	55945687	55945688	44	26	2	1	1	1	NA	NA	NA	unphased	1.16071428571429	1.16071428571429	1
12	57861797	57861798	30	10	2	1	1	1	NA	NA	NA	unphased	0.78125	0.78125	1
12	68708996	68708997	70	37	2	1	1	1	NA	NA	NA	unphased	1.08060747663551	1.08060747663551	1
12	75698566	75698567	37	7	2	1	1	1	NA	NA	NA	unphased	0.497159090909091	0.497159090909091	1
12	104031860	104031861	77	34	2	1	1	1	NA	NA	NA	unphased	0.957207207207207	0.957207207207207	1
12	118490248	118490249	70	17	2	1	1	1	NA	NA	NA	unphased	0.610632183908046	0.610632183908046	1
12	122018730	122018731	110	46	2	1	1	1	NA	NA	NA	unphased	0.921474358974359	0.921474358974359	1
12	129822278	129822279	99	48	2	1	1	1	NA	NA	NA	unphased	1.02040816326531	1.02040816326531	1
13	60737860	60737861	5	3	1	1	0	1	NA	NA	NA	unphased	0.796875	0.796875	1
13	101707735	101707736	60	51	1	1	0	1	NA	NA	NA	unphased	0.976351351351351	0.976351351351351	1
13	108882177	108882178	37	44	1	1	0	1	NA	NA	NA	unphased	1.15432098765432	1.15432098765432	1
14	19553439	19553440	47	9	NA	NA	NA	NA	NA	NA	NA	unphased	NA	NA	1
14	23896901	23896902	23	20	1	1	0	1	NA	NA	NA	unphased	0.988372093023256	0.988372093023256	1
14	50472474	50472475	74	60	1	1	0	1	NA	NA	NA	unphased	0.951492537313433	0.951492537313433	1
14	59112625	59112626	11	12	1	1	0	1	NA	NA	NA	unphased	1.10869565217391	1.10869565217391	1
14	101522566	101522567	14	10	1	1	0	1	NA	NA	NA	unphased	0.885416666666667	0.885416666666667	1
14	106204097	106204098	18	22	1	1	0	1	NA	NA	NA	unphased	1.16875	1.16875	1
15	28525320	28525321	73	17	1.01	1	1	0.01	0	1	0.99	unphased	0.403277777777778	0.403277777777778	1
15	33954926	33954927	38	11	1.01	1	1	0.01	0	1	0.99	unphased	0.479285714285714	0.479285714285714	1
15	48566822	48566823	10	7	1.01	1	1	0.01	0	1	0.99	unphased	0.879117647058823	0.879117647058823	1
15	79224730	79224731	33	8	1.05	1	1	0.05	0	1	0.95	unphased	0.424390243902439	0.424390243902439	1
16	1394487	1394488	55	17	2	1	1	0.09	1	1	0.91	unphased	0.737847222222222	0.737847222222222	1
16	20482946	20482947	111	48	2	1	1	0.09	1	1	0.91	unphased	0.943396226415094	0.943396226415094	1
16	24104149	24104150	96	20	2	1	1	0.1	1	1	0.9	unphased	0.538793103448276	0.538793103448276	1
16	24104150	24104151	97	20	2	1	1	0.1	1	1	0.9	unphased	0.534188034188034	0.534188034188034	1
16	31075329	31075330	8	4	1.03	1	1	0.03	0	1	0.97	unphased	0.718333333333333	0.718333333333333	1
16	31102433	31102434	20	11	1.03	1	1	0.03	0	1	0.97	unphased	0.764677419354839	0.764677419354839	1
16	50746043	50746044	25	29	2	1	1	1	NA	NA	NA	unphased	1.67824074074074	1.67824074074074	1
16	61687869	61687870	145	62	2	1	1	1	NA	NA	NA	unphased	0.935990338164251	0.935990338164251	1
16	71209522	71209523	70	19	2	1	1	1	NA	NA	NA	unphased	0.667134831460674	0.667134831460674	1
16	77327096	77327097	33	17	2	1	1	0.08	1	1	0.92	unphased	1.0625	1.0625	1
16	88705460	88705461	61	25	2	1	1	0.08	1	1	0.92	unphased	0.90843023255814	0.90843023255814	1
17	7578279	7578280	17	8	1	1	0	1	NA	NA	NA	unphased	0.68	0.68	1
17	10404458	10404459	33	28	1	1	0	1	NA	NA	NA	unphased	0.975409836065574	0.975409836065574	1
17	33269605	33269606	30	16	2	1	1	1	NA	NA	NA	unphased	1.08695652173913	1.08695652173913	1
17	36099468	36099469	84	29	2	1	1	1	NA	NA	NA	unphased	0.801991150442478	0.801991150442478	1
17	40997746	40997747	147	36	2	1	1	1	NA	NA	NA	unphased	0.614754098360656	0.614754098360656	1
17	42850734	42850735	34	14	2	1	1	1	NA	NA	NA	unphased	0.911458333333333	0.911458333333333	1
17	51902289	51902290	55	30	2	1	1	1	NA	NA	NA	unphased	1.10294117647059	1.10294117647059	1
17	62969602	62969603	13	6	2	1	1	1	NA	NA	NA	unphased	0.986842105263158	0.986842105263158	1
17	72541056	72541057	36	19	2	1	1	1	NA	NA	NA	unphased	1.07954545454545	1.07954545454545	1
17	72838726	72838727	9	4	2	1	1	1	NA	NA	NA	unphased	0.961538461538462	0.961538461538462	1
18	11889447	11889448	43	27	2	1	1	1	NA	NA	NA	unphased	1.20535714285714	1.20535714285714	1
18	61390704	61390705	18	10	2	1	1	1	NA	NA	NA	unphased	1.11607142857143	1.11607142857143	1
18	71803081	71803082	30	11	2	1	1	1	NA	NA	NA	unphased	0.838414634146342	0.838414634146342	1
18	74980784	74980785	78	36	2	1	1	1	NA	NA	NA	unphased	0.986842105263158	0.986842105263158	1
19	6418059	6418060	28	6	2	1	1	1	NA	NA	NA	unphased	0.551470588235294	0.551470588235294	1
19	7687415	7687416	32	15	2	1	1	1	NA	NA	NA	unphased	0.997340425531915	0.997340425531915	1
19	8973573	8973574	7	5	2	1	1	1	NA	NA	NA	unphased	1.30208333333333	1.30208333333333	1
19	9204256	9204257	36	15	2	1	1	1	NA	NA	NA	unphased	0.919117647058824	0.919117647058824	1
19	15063744	15063745	48	16	2	1	1	1	NA	NA	NA	unphased	0.78125	0.78125	1
19	15079173	15079174	12	3	2	1	1	1	NA	NA	NA	unphased	0.625	0.625	1
19	15132168	15132169	11	4	2	1	1	1	NA	NA	NA	unphased	0.833333333333333	0.833333333333333	1
19	18092697	18092698	14	6	2	1	1	1	NA	NA	NA	unphased	0.9375	0.9375	1
19	18994968	18994969	19	5	2	1	1	1	NA	NA	NA	unphased	0.651041666666667	0.651041666666667	1
19	44590877	44590878	96	46	2	1	1	1	NA	NA	NA	unphased	1.01232394366197	1.01232394366197	1
19	49552139	49552140	5	8	2	1	1	1	NA	NA	NA	unphased	1.92307692307692	1.92307692307692	1
19	50154697	50154698	6	5	2	1	1	1	NA	NA	NA	unphased	1.42045454545455	1.42045454545455	1
19	50209561	50209562	8	8	2	1	1	1	NA	NA	NA	unphased	1.5625	1.5625	1
19	53014400	53014401	42	21	2	1	1	1	NA	NA	NA	unphased	1.04166666666667	1.04166666666667	1
19	54969560	54969561	45	10	2	1	1	1	NA	NA	NA	unphased	0.568181818181818	0.568181818181818	1
2	86255153	86255154	44	15	2	1	1	1	NA	NA	NA	unphased	0.794491525423729	0.794491525423729	1
2	95770475	95770476	34	12	2	1	1	1	NA	NA	NA	unphased	0.815217391304348	0.815217391304348	1
2	95770476	95770477	34	12	2	1	1	1	NA	NA	NA	unphased	0.815217391304348	0.815217391304348	1
2	113950125	113950126	31	18	2	1	1	1	NA	NA	NA	unphased	1.14795918367347	1.14795918367347	1
2	133540485	133540486	51	19	2	1	1	1	NA	NA	NA	unphased	0.848214285714286	0.848214285714286	1
2	136575023	136575024	30	17	2	1	1	1	NA	NA	NA	unphased	1.13031914893617	1.13031914893617	1
2	136873004	136873005	53	21	2	1	1	1	NA	NA	NA	unphased	0.886824324324324	0.886824324324324	1
2	141819730	141819731	50	16	1.86	1	0	0.14	1	1	0.86	unphased	0.723636363636364	0.723636363636364	1
2	154996888	154996889	43	19	2	1	1	1	NA	NA	NA	unphased	0.957661290322581	0.957661290322581	1
2	163279989	163279990	54	35	2	1	1	1	NA	NA	NA	unphased	1.22893258426966	1.22893258426966	1
2	166606292	166606293	106	40	2	1	1	1	NA	NA	NA	unphased	0.856164383561644	0.856164383561644	1
2	168106210	168106211	38	9	2	1	1	1	NA	NA	NA	unphased	0.598404255319149	0.598404255319149	1
2	178098959	178098960	25	22	2	1	1	1	NA	NA	NA	unphased	1.46276595744681	1.46276595744681	1
2	179408211	179408212	22	12	2	1	1	1	NA	NA	NA	unphased	1.10294117647059	1.10294117647059	1
2	179428369	179428370	98	45	2	1	1	1	NA	NA	NA	unphased	0.983391608391608	0.983391608391608	1
2	179438523	179438524	61	15	2	1	1	1	NA	NA	NA	unphased	0.616776315789474	0.616776315789474	1
2	179473093	179473094	18	7	2	1	1	1	NA	NA	NA	unphased	0.875	0.875	1
2	179587776	179587777	33	12	2	1	1	1	NA	NA	NA	unphased	0.833333333333333	0.833333333333333	1
2	179593629	179593630	31	5	2	1	1	1	NA	NA	NA	unphased	0.434027777777778	0.434027777777778	1
2	179595774	179595775	59	28	2	1	1	1	NA	NA	NA	unphased	1.00574712643678	1.00574712643678	1
2	179610309	179610310	54	14	2	1	1	1	NA	NA	NA	unphased	0.643382352941176	0.643382352941176	1
2	179634820	179634821	80	36	2	1	1	1	NA	NA	NA	unphased	0.969827586206897	0.969827586206897	1
2	179730523	179730524	178	82	2	1	1	1	NA	NA	NA	unphased	0.985576923076923	0.985576923076923	1
2	185801925	185801926	47	16	2	1	1	1	NA	NA	NA	unphased	0.793650793650794	0.793650793650794	1
2	224463940	224463941	37	26	1	1	0	1	NA	NA	NA	unphased	0.876984126984127	0.876984126984127	1
20	2845861	2845862	43	17	2	1	1	1	NA	NA	NA	unphased	0.885416666666667	0.885416666666667	1
20	9459609	9459610	9	12	1	1	0	1	NA	NA	NA	unphased	1.21428571428571	1.21428571428571	1
20	31626740	31626741	137	68	1.06	1	1	0.06	0	1	0.94	unphased	0.724780487804878	0.724780487804878	1
20	35526851	35526852	74	25	1.06	1	1	0.06	0	1	0.94	unphased	0.551767676767677	0.551767676767677	1
20	36024621	36024622	37	25	1.06	1	1	0.06	0	1	0.94	unphased	0.881048387096774	0.881048387096774	1
20	44637635	44637636	11	6	1.06	1	1	0.06	0	1	0.94	unphased	0.771176470588235	0.771176470588235	1
20	44642347	44642348	15	6	1.06	1	1	0.06	0	1	0.94	unphased	0.624285714285714	0.624285714285714	1
20	47991291	47991292	45	15	1.06	1	1	0.06	0	1	0.94	unphased	0.54625	0.54625	1
20	57428556	57428557	8	10	2	1	1	0.14	1	1	0.86	unphased	1.73611111111111	1.73611111111111	1
20	57896142	57896143	50	25	2	1	1	0.14	1	1	0.86	unphased	1.04166666666667	1.04166666666667	1
20	62607156	62607157	10	8	2	1	1	0.14	1	1	0.86	unphased	1.38888888888889	1.38888888888889	1
21	10910382	10910383	78	14	NA	NA	NA	NA	NA	NA	NA	unphased	NA	NA	1
21	22804494	22804495	26	23	1	1	0	1	NA	NA	NA	unphased	0.997448979591837	0.997448979591837	1
21	34166168	34166169	24	26	1	1	0	1	NA	NA	NA	unphased	1.105	1.105	1
22	19384373	19384374	32	14	2	1	1	0.16	1	1	0.84	unphased	0.951086956521739	0.951086956521739	1
22	32555034	32555035	122	41	2	1	1	0.24	1	1	0.76	unphased	0.786042944785276	1.03426703261221	0.76
22	36113942	36113943	60	17	2	1	1	0.24	1	1	0.76	unphased	0.689935064935065	0.907809295967191	0.76
22	39427725	39427726	109	33	2	1	1	0.24	1	1	0.76	unphased	0.726232394366197	0.955568939955523	0.76
3	18393546	18393547	71	8	1	1	0	1	NA	NA	NA	unphased	0.215189873417721	0.215189873417721	1
3	38647614	38647615	24	13	1	1	0	1	NA	NA	NA	unphased	0.746621621621622	0.746621621621622	1
3	49755593	49755594	43	45	1	1	0	1	NA	NA	NA	unphased	1.08664772727273	1.08664772727273	1
3	109049643	109049644	31	16	1	1	0	1	NA	NA	NA	unphased	0.723404255319149	0.723404255319149	1
3	124356068	124356069	76	39	1.05	1	1	0.05	0	1	0.95	unphased	0.737608695652174	0.737608695652174	1
3	129389920	129389921	156	65	1.05	1	1	0.05	0	1	0.95	unphased	0.639705882352941	0.639705882352941	1
3	173996927	173996928	90	235	6.52	6	1	0.92	0	1	0.08	unphased	5.52792307692308	1.0014353400223	5.52
3	173998931	173998932	135	17	6.52	6	1	0.92	0	1	0.08	unphased	0.855032894736842	0.855032894736842	1
3	195594291	195594292	20	4	4.07	4	1	0.69	1	1	0.31	unphased	0.865833333333333	0.865833333333333	1
3	197680934	197680935	63	10	4.07	4	1	0.69	1	1	0.31	unphased	0.711643835616439	0.711643835616439	1
4	53290	53291	54	8	NA	NA	NA	NA	NA	NA	NA	unphased	NA	NA	1
4	22456539	22456540	40	13	2	1	1	0.13	1	1	0.87	unphased	0.766509433962264	0.766509433962264	1
4	46252329	46252330	48	6	2	1	1	0.15	1	1	0.85	unphased	0.347222222222222	0.347222222222222	1
4	70920143	70920144	45	16	2	1	1	0.12	1	1	0.88	unphased	0.819672131147541	0.819672131147541	1
4	88732920	88732921	23	7	2	1	1	0.12	1	1	0.88	unphased	0.729166666666667	0.729166666666667	1
4	100129912	100129913	171	93	2	1	1	0.12	1	1	0.88	unphased	1.10085227272727	1.10085227272727	1
4	110788804	110788805	81	13	2	1	1	0.12	1	1	0.88	unphased	0.43218085106383	0.43218085106383	1
4	113539764	113539765	59	21	2	1	1	0.12	1	1	0.88	unphased	0.8203125	0.8203125	1
4	134084325	134084326	79	12	2	1	1	0.12	1	1	0.88	unphased	0.412087912087912	0.412087912087912	1
4	141484539	141484540	88	17	2	1	1	0.12	1	1	0.88	unphased	0.505952380952381	0.505952380952381	1
4	152212546	152212547	23	12	2	1	1	0.12	1	1	0.88	unphased	1.07142857142857	1.07142857142857	1
4	156751119	156751120	41	13	2	1	1	0.12	1	1	0.88	unphased	0.752314814814815	0.752314814814815	1
5	7866078	7866079	62	20	2	1	1	1	NA	NA	NA	unphased	0.76219512195122	0.76219512195122	1
5	31421485	31421486	83	34	2	1	1	0.09	1	1	0.91	unphased	0.908119658119658	0.908119658119658	1
5	41010070	41010071	36	13	2	1	1	0.09	1	1	0.91	unphased	0.829081632653061	0.829081632653061	1
5	73190313	73190314	15	10	1	1	0	1	NA	NA	NA	unphased	0.85	0.85	1
5	79033145	79033146	32	33	1	1	0	1	NA	NA	NA	unphased	1.07884615384615	1.07884615384615	1
5	102285605	102285606	7	5	1	1	0	1	NA	NA	NA	unphased	0.885416666666667	0.885416666666667	1
5	118280281	118280282	25	22	1	1	0	1	NA	NA	NA	unphased	0.99468085106383	0.99468085106383	1
5	129243859	129243860	18	17	1	1	0	1	NA	NA	NA	unphased	1.03214285714286	1.03214285714286	1
5	140811183	140811184	65	5	1	1	0	1	NA	NA	NA	unphased	0.151785714285714	0.151785714285714	1
5	143853397	143853398	28	17	1	1	0	1	NA	NA	NA	unphased	0.802777777777778	0.802777777777778	1
5	177695747	177695748	10	11	1	1	0	1	NA	NA	NA	unphased	1.11309523809524	1.11309523809524	1
6	10709614	10709615	47	19	2	1	1	1	NA	NA	NA	unphased	0.899621212121212	0.899621212121212	1
6	29012444	29012445	26	23	1	1	0	1	NA	NA	NA	unphased	0.997448979591837	0.997448979591837	1
6	31795770	31795771	12	8	1	1	0	1	NA	NA	NA	unphased	0.85	0.85	1
6	33287977	33287978	31	14	1	1	0	1	NA	NA	NA	unphased	0.661111111111111	0.661111111111111	1
6	43023857	43023858	43	14	2	1	1	1	NA	NA	NA	unphased	0.767543859649123	0.767543859649123	1
6	44329667	44329668	90	43	2	1	1	1	NA	NA	NA	unphased	1.01033834586466	1.01033834586466	1
6	50805806	50805807	47	17	2	1	1	1	NA	NA	NA	unphased	0.830078125	0.830078125	1
6	70990577	70990578	17	8	2	1	1	1	NA	NA	NA	unphased	1	1	1
6	73904304	73904305	79	25	2	1	1	1	NA	NA	NA	unphased	0.751201923076923	0.751201923076923	1
6	123318844	123318845	25	10	2	1	1	1	NA	NA	NA	unphased	0.892857142857143	0.892857142857143	1
6	123318954	123318955	35	15	2	1	1	1	NA	NA	NA	unphased	0.9375	0.9375	1
6	132636911	132636912	58	22	2	1	1	1	NA	NA	NA	unphased	0.859375	0.859375	1
6	132636914	132636915	59	20	2	1	1	1	NA	NA	NA	unphased	0.791139240506329	0.791139240506329	1
6	152631146	152631147	26	5	2	1	1	1	NA	NA	NA	unphased	0.504032258064516	0.504032258064516	1
6	152722348	152722349	75	31	2	1	1	1	NA	NA	NA	unphased	0.913915094339623	0.913915094339623	1
6	160237602	160237603	66	27	2	1	1	1	NA	NA	NA	unphased	0.907258064516129	0.907258064516129	1
6	166571880	166571881	66	23	2	1	1	1	NA	NA	NA	unphased	0.807584269662921	0.807584269662921	1
6	170592431	170592432	62	23	2	1	1	1	NA	NA	NA	unphased	0.845588235294118	0.845588235294118	1
7	24789261	24789262	120	44	2	1	1	1	NA	NA	NA	unphased	0.838414634146342	0.838414634146342	1
7	83029501	83029502	85	33	2	1	1	1	NA	NA	NA	unphased	0.873940677966102	0.873940677966102	1
7	87436747	87436748	75	30	2	1	1	1	NA	NA	NA	unphased	0.892857142857143	0.892857142857143	1
7	87912181	87912182	52	15	2	1	1	1	NA	NA	NA	unphased	0.699626865671642	0.699626865671642	1
7	99170996	99170997	52	14	2	1	1	1	NA	NA	NA	unphased	0.662878787878788	0.662878787878788	1
7	100685086	100685087	202	89	2	1	1	1	NA	NA	NA	unphased	0.955756013745705	0.955756013745705	1
7	103131259	103131260	25	4	2	1	1	1	NA	NA	NA	unphased	0.431034482758621	0.431034482758621	1
7	111409672	111409673	29	14	2	1	1	1	NA	NA	NA	unphased	1.01744186046512	1.01744186046512	1
7	128478811	128478812	56	18	2	1	1	1	NA	NA	NA	unphased	0.760135135135135	0.760135135135135	1
7	151818701	151818702	41	15	2	1	1	1	NA	NA	NA	unphased	0.837053571428571	0.837053571428571	1
8	22009367	22009368	21	13	1	1	0	1	NA	NA	NA	unphased	0.8125	0.8125	1
8	30701823	30701824	52	30	1	1	0	1	NA	NA	NA	unphased	0.777439024390244	0.777439024390244	1
8	87060793	87060794	36	21	1	1	0	1	NA	NA	NA	unphased	0.782894736842105	0.782894736842105	1
9	21837936	21837937	77	60	1	1	0	1	NA	NA	NA	unphased	0.930656934306569	0.930656934306569	1
9	22451906	22451907	38	24	1	1	0	1	NA	NA	NA	unphased	0.82258064516129	0.82258064516129	1
9	36162509	36162510	28	5	2.92	4	0	0.64	1	0	0.36	unphased	0.612878787878788	0.612878787878788	1
9	43627890	43627891	227	25	NA	NA	NA	NA	NA	NA	NA	unphased	NA	NA	1
9	75435923	75435924	97	51	2	1	1	1	NA	NA	NA	unphased	1.07685810810811	1.07685810810811	1
9	79322516	79322517	24	11	2	1	1	1	NA	NA	NA	unphased	0.982142857142857	0.982142857142857	1
9	88590048	88590049	46	16	2	1	1	1	NA	NA	NA	unphased	0.806451612903226	0.806451612903226	1
9	113139572	113139573	38	16	2	1	1	1	NA	NA	NA	unphased	0.925925925925926	0.925925925925926	1
9	116049091	116049092	245	103	2	1	1	1	NA	NA	NA	unphased	0.92492816091954	0.92492816091954	1
9	123768202	123768203	46	12	2	1	1	1	NA	NA	NA	unphased	0.646551724137931	0.646551724137931	1
9	125289472	125289473	33	9	2	1	1	1	NA	NA	NA	unphased	0.669642857142857	0.669642857142857	1
9	134404927	134404928	83	9	2	1	1	1	NA	NA	NA	unphased	0.30570652173913	0.30570652173913	1
9	140166621	140166622	48	21	2	1	1	0.1	1	1	0.9	unphased	0.951086956521739	0.951086956521739	1
X	2867651	2867652	24	13	NA	NA	NA	NA	NA	NA	NA	unphased	NA	NA	1
X	5811489	5811490	92	31	NA	NA	NA	NA	NA	NA	NA	unphased	NA	NA	1
X	10176578	10176579	100	43	NA	NA	NA	NA	NA	NA	NA	unphased	NA	NA	1
X	15262662	15262663	80	27	NA	NA	NA	NA	NA	NA	NA	unphased	NA	NA	1
X	15350108	15350109	16	8	NA	NA	NA	NA	NA	NA	NA	unphased	NA	NA	1
X	21675084	21675085	23	9	NA	NA	NA	NA	NA	NA	NA	unphased	NA	NA	1
X	41007800	41007801	57	23	NA	NA	NA	NA	NA	NA	NA	unphased	NA	NA	1
X	41075558	41075559	59	23	NA	NA	NA	NA	NA	NA	NA	unphased	NA	NA	1
X	49851243	49851244	38	21	NA	NA	NA	NA	NA	NA	NA	unphased	NA	NA	1
X	69255218	69255219	12	8	NA	NA	NA	NA	NA	NA	NA	unphased	NA	NA	1
X	70316395	70316396	6	4	NA	NA	NA	NA	NA	NA	NA	unphased	NA	NA	1
X	70469147	70469148	16	4	NA	NA	NA	NA	NA	NA	NA	unphased	NA	NA	1
X	70472845	70472846	26	7	NA	NA	NA	NA	NA	NA	NA	unphased	NA	NA	1
X	72092366	72092367	27	10	NA	NA	NA	NA	NA	NA	NA	unphased	NA	NA	1
X	73068251	73068252	16	6	NA	NA	NA	NA	NA	NA	NA	unphased	NA	NA	1
X	73811749	73811750	34	6	NA	NA	NA	NA	NA	NA	NA	unphased	NA	NA	1
X	73961212	73961213	54	55	NA	NA	NA	NA	NA	NA	NA	unphased	NA	NA	1
X	74644588	74644589	21	22	NA	NA	NA	NA	NA	NA	NA	unphased	NA	NA	1
X	75648216	75648217	24	9	NA	NA	NA	NA	NA	NA	NA	unphased	NA	NA	1
X	85950103	85950104	425	21	NA	NA	NA	NA	NA	NA	NA	unphased	NA	NA	1
X	86890723	86890724	63	476	NA	NA	NA	NA	NA	NA	NA	unphased	NA	NA	1
X	100515565	100515566	174	62	NA	NA	NA	NA	NA	NA	NA	unphased	NA	NA	1
X	100630231	100630232	171	52	NA	NA	NA	NA	NA	NA	NA	unphased	NA	NA	1
X	106109066	106109067	185	94	NA	NA	NA	NA	NA	NA	NA	unphased	NA	NA	1
X	107827712	107827713	38	13	NA	NA	NA	NA	NA	NA	NA	unphased	NA	NA	1
X	107978496	107978497	145	57	NA	NA	NA	NA	NA	NA	NA	unphased	NA	NA	1
X	111155827	111155828	81	49	NA	NA	NA	NA	NA	NA	NA	unphased	NA	NA	1
X	114082704	114082705	114	38	NA	NA	NA	NA	NA	NA	NA	unphased	NA	NA	1
X	119243214	119243215	227	72	NA	NA	NA	NA	NA	NA	NA	unphased	NA	NA	1
X	125685972	125685973	36	13	NA	NA	NA	NA	NA	NA	NA	unphased	NA	NA	1
X	127185798	127185799	149	57	NA	NA	NA	NA	NA	NA	NA	unphased	NA	NA	1
X	127185799	127185800	147	58	NA	NA	NA	NA	NA	NA	NA	unphased	NA	NA	1
X	129318610	129318611	44	14	NA	NA	NA	NA	NA	NA	NA	unphased	NA	NA	1
X	130218326	130218327	40	27	NA	NA	NA	NA	NA	NA	NA	unphased	NA	NA	1
X	135314254	135314255	175	69	NA	NA	NA	NA	NA	NA	NA	unphased	NA	NA	1
X	138619225	138619226	126	62	NA	NA	NA	NA	NA	NA	NA	unphased	NA	NA	1
X	142717506	142717507	77	28	NA	NA	NA	NA	NA	NA	NA	unphased	NA	NA	1
X	144904824	144904825	51	15	NA	NA	NA	NA	NA	NA	NA	unphased	NA	NA	1
X	144904825	144904826	50	15	NA	NA	NA	NA	NA	NA	NA	unphased	NA	NA	1
X	144906431	144906432	63	18	NA	NA	NA	NA	NA	NA	NA	unphased	NA	NA	1
X	146366173	146366174	62	18	NA	NA	NA	NA	NA	NA	NA	unphased	NA	NA	1
X	151900655	151900656	64	21	NA	NA	NA	NA	NA	NA	NA	unphased	NA	NA	1
X	153046734	153046735	11	8	NA	NA	NA	NA	NA	NA	NA	unphased	NA	NA	1
