chr	start	end	WT.count	mut.count	subclonal.CN	nMaj1	nMin1	frac1	nMaj2	nMin2	frac2	phase	mutation.copy.number	subclonal.fraction	no.chrs.bearing.mut
1	6655583	6655584	39	13	3	2	1	1	NA	NA	NA	unphased	1.60135135135135	0.800675675675676	2
1	8390291	8390292	83	5	3	2	1	1	NA	NA	NA	unphased	0.363943488943489	0.363943488943489	1
1	21050588	21050589	29	6	3	2	1	1	NA	NA	NA	unphased	1.0980694980695	1.0980694980695	1
1	28818171	28818172	87	36	3	2	1	1	NA	NA	NA	unphased	1.87475280158207	0.937376400791035	2
1	39852908	39852909	261	35	3	2	1	1	NA	NA	NA	unphased	0.757395909422937	0.757395909422937	1
1	45473081	45473082	44	16	3	2	1	1	NA	NA	NA	unphased	1.70810810810811	0.854054054054054	2
1	76387903	76387904	52	15	3	2	1	1	NA	NA	NA	unphased	1.43404598628479	1.43404598628479	1
1	82456563	82456564	93	7	3	2	1	1	NA	NA	NA	unphased	0.448378378378378	0.448378378378378	1
1	91403191	91403192	96	19	3	2	1	1	NA	NA	NA	unphased	1.05828437132785	1.05828437132785	1
1	100572477	100572478	27	5	3	2	1	1	NA	NA	NA	unphased	1.00084459459459	1.00084459459459	1
1	113269261	113269262	50	15	3	2	1	1	NA	NA	NA	unphased	1.47817047817048	1.47817047817048	1
1	120166699	120166700	20	4	3	2	1	1	NA	NA	NA	unphased	1.06756756756757	1.06756756756757	1
1	151820279	151820280	63	43	4.45	4	2	0.69	1	0	0.31	unphased	3.18662672106068	1.03798915995462	3.07
1	154530852	154530853	6	3	4.45	4	2	0.69	1	0	0.31	unphased	2.61846846846847	2.61846846846847	1
1	155237842	155237843	131	89	4.45	4	2	0.69	1	0	0.31	unphased	3.17786855036855	1.03513633562493	3.07
1	158152850	158152851	102	52	4.45	4	2	0.69	1	0	0.31	unphased	2.65247455247455	0.986050019507268	2.69
1	158725165	158725166	106	50	4.45	4	2	0.69	1	0	0.31	unphased	2.51775814275814	1.05788157258745	2.38
1	160063848	160063849	78	5	4.45	4	2	0.69	1	0	0.31	unphased	0.473217193096711	0.685822018980741	0.69
1	163039312	163039313	66	5	4.45	4	2	0.69	1	0	0.31	unphased	0.553197563760944	0.553197563760944	1
1	171504669	171504670	209	66	4.45	4	2	0.69	1	0	0.31	unphased	1.8852972972973	1.11556053094515	1.69
1	176845700	176845701	70	26	4.45	4	2	0.69	1	0	0.31	unphased	2.12750563063063	0.893909928836399	2.38
1	176927583	176927584	29	9	4.45	4	2	0.69	1	0	0.31	unphased	1.86049075391181	1.10088210290639	1.69
1	190067323	190067324	79	32	4	2	2	1	NA	NA	NA	unphased	2.13489164840516	1.06744582420258	2
1	201293708	201293709	22	11	3.7	4	2	0.54	1	0	0.46	unphased	2.36846846846847	0.932467900971838	2.54
1	236761271	236761272	58	27	3.7	4	2	0.54	1	0	0.46	unphased	2.25701112877583	1.08510150421915	2.08
1	237789030	237789031	82	26	3.7	4	2	0.54	1	0	0.46	unphased	1.71056056056056	1.11075361075361	1.54
1	248005038	248005039	25	6	NA	NA	NA	NA	NA	NA	NA	unphased	NA	NA	1
1	248224862	248224863	87	28	NA	NA	NA	NA	NA	NA	NA	unphased	NA	NA	1
1	248616538	248616539	171	34	NA	NA	NA	NA	NA	NA	NA	unphased	NA	NA	1
10	5788305	5788306	88	6	2.66	2	2	0.33	1	1	0.67	unphased	0.387153536515239	1.17319253489466	0.33
10	18795464	18795465	30	20	2.66	2	2	0.33	1	1	0.67	unphased	2.42616216216216	1.82418207681366	1.33
10	27375512	27375513	132	39	2.66	2	2	0.33	1	1	0.67	unphased	1.38333807491702	1.04010381572708	1.33
10	45498737	45498738	14	6	2.66	2	2	0.33	1	1	0.67	unphased	1.81962162162162	1.81962162162162	1
10	47087518	47087519	77	12	2.66	2	2	0.33	1	1	0.67	unphased	0.81780747039174	0.81780747039174	1
10	70202765	70202766	25	8	2.66	2	2	0.33	1	1	0.67	unphased	1.47040131040131	1.47040131040131	1
10	92616927	92616928	7	17	2.66	2	2	0.33	1	1	0.67	unphased	4.29632882882883	3.23032242769085	1.33
10	98078205	98078206	117	40	2.66	2	2	0.33	1	1	0.67	unphased	1.54532621793768	1.16189941198322	1.33
10	99969245	99969246	75	8	2.66	2	2	0.33	1	1	0.67	unphased	0.58461738847281	0.58461738847281	1
10	105362428	105362429	71	11	2.66	2	2	0.33	1	1	0.67	unphased	0.813651944627555	0.813651944627555	1
10	108337045	108337046	82	42	2.66	2	2	0.33	1	1	0.67	unphased	2.05441150828248	1.54467030697931	1.33
10	135367821	135367822	83	26	NA	NA	NA	NA	NA	NA	NA	unphased	NA	NA	1
11	5080208	5080209	78	4	1.39	2	2	0.13	1	0	0.87	unphased	0.233922214897825	0.233922214897825	1
11	7530833	7530834	39	24	1.39	2	2	0.13	1	0	0.87	unphased	1.82682110682111	1.61665584674434	1.13
11	11976664	11976665	107	47	1.39	2	2	0.13	1	0	0.87	unphased	1.46353281853282	1.29516178631223	1.13
11	18047171	18047172	90	43	1.39	2	2	0.13	1	0	0.87	unphased	1.55039422881528	1.37203029098697	1.13
11	46455070	46455071	20	8	1.39	2	2	0.13	1	0	0.87	unphased	1.37011583011583	1.37011583011583	1
11	55038381	55038382	162	50	1.39	2	2	0.13	1	0	0.87	unphased	1.1309918408975	1.1309918408975	1
11	60184409	60184410	92	34	1.39	2	2	0.13	1	0	0.87	unphased	1.29399828399828	1.29399828399828	1
11	60231727	60231728	29	13	1.39	2	2	0.13	1	0	0.87	unphased	1.48429214929215	1.48429214929215	1
11	62416482	62416483	56	25	1.39	2	2	0.13	1	0	0.87	unphased	1.48006339673006	1.30979061657528	1.13
11	62519946	62519947	61	23	1.39	2	2	0.13	1	0	0.87	unphased	1.31302767052767	1.31302767052767	1
11	62568673	62568674	45	13	1.39	2	2	0.13	1	0	0.87	unphased	1.07483224603914	1.07483224603914	1
11	62571287	62571288	160	17	1.39	2	2	0.13	1	0	0.87	unphased	0.460575660406169	0.460575660406169	1
11	65269681	65269682	50	15	1.39	2	2	0.13	1	0	0.87	unphased	1.10663201663202	1.10663201663202	1
11	65743991	65743992	37	10	1.39	2	2	0.13	1	0	0.87	unphased	1.02029902242668	1.02029902242668	1
11	70507766	70507767	217	28	1.39	2	2	0.13	1	0	0.87	unphased	0.548046332046332	0.548046332046332	1
11	76371670	76371671	49	23	1.39	2	2	0.13	1	0	0.87	unphased	1.53186561561562	1.35563328815541	1.13
11	77635772	77635773	53	12	1.39	2	2	0.13	1	0	0.87	unphased	0.885305613305613	0.885305613305613	1
11	115049440	115049441	133	10	1.39	2	2	0.13	1	0	0.87	unphased	0.335343035343035	0.335343035343035	1
11	123597328	123597329	102	49	1.39	2	2	0.13	1	0	0.87	unphased	1.5561249328799	1.37710171051319	1.13
11	124740964	124740965	47	22	1.39	2	2	0.13	1	0	0.87	unphased	1.52896983940462	1.35307065434037	1.13
11	126215395	126215396	113	20	1.39	2	2	0.13	1	0	0.87	unphased	0.721113594797805	0.721113594797805	1
11	129784678	129784679	133	80	1.39	2	2	0.13	1	0	0.87	unphased	1.80109123207715	1.59388604608597	1.13
11	134131718	134131719	32	15	1.39	2	2	0.13	1	0	0.87	unphased	1.53044853364002	1.35437923330976	1.13
12	977029	977030	30	14	2.66	2	2	0.33	1	1	0.67	unphased	1.92990171990172	1.45105392473814	1.33
12	6981811	6981812	31	23	2	2	0	1	NA	NA	NA	unphased	2.3023023023023	1.15115115115115	2
12	9231856	9231857	68	21	2	2	0	1	NA	NA	NA	unphased	1.27543273610689	1.27543273610689	1
12	10467406	10467407	48	28	2	2	0	1	NA	NA	NA	unphased	1.99146514935989	0.995732574679943	2
12	21471750	21471751	98	39	3.83	3	2	0.61	1	1	0.39	unphased	2.05971394752417	0.927799075461336	2.22
12	22068790	22068791	59	29	3.83	3	2	0.61	1	1	0.39	unphased	2.38439496314496	1.07405178520043	2.22
12	25398283	25398284	17	16	7	5	2	1	NA	NA	NA	unphased	5.04504504504504	1.00900900900901	5
12	41582587	41582588	5	4	2.8	2	2	0.4	1	1	0.6	unphased	2.75795795795796	1.96996996996997	1.4
12	52843582	52843583	161	6	2.8	2	2	0.4	1	1	0.6	unphased	0.222948697200194	0.557371743000486	0.4
12	53899013	53899014	89	6	2.8	2	2	0.4	1	1	0.6	unphased	0.391920341394026	0.979800853485064	0.4
12	57972079	57972080	115	52	2.8	2	2	0.4	1	1	0.6	unphased	1.93222204240168	1.38015860171549	1.4
12	75444757	75444758	57	18	2.8	2	2	0.4	1	1	0.6	unphased	1.4892972972973	1.06378378378378	1.4
12	80661043	80661044	11	5	2.8	2	2	0.4	1	1	0.6	unphased	1.93918918918919	1.93918918918919	1
12	114793672	114793673	54	18	2.8	2	2	0.4	1	1	0.6	unphased	1.55135135135135	1.10810810810811	1.4
12	122079354	122079355	65	9	2.8	2	2	0.4	1	1	0.6	unphased	0.754711468224982	0.754711468224982	1
12	122657104	122657105	121	19	2.8	2	2	0.4	1	1	0.6	unphased	0.842162162162162	0.842162162162162	1
12	123419911	123419912	67	4	2.8	2	2	0.4	1	1	0.6	unphased	0.349600304529882	0.874000761324705	0.4
12	133438085	133438086	114	43	NA	NA	NA	NA	NA	NA	NA	unphased	NA	NA	1
13	19751728	19751729	55	15	1.18	2	1	0.09	0	1	0.91	unphased	0.982586872586873	0.982586872586873	1
13	26620765	26620766	53	20	1.18	2	1	0.09	0	1	0.91	unphased	1.25627545353573	1.25627545353573	1
13	38320114	38320115	213	10	1.18	2	1	0.09	0	1	0.91	unphased	0.205623560780511	0.205623560780511	1
13	52598304	52598305	104	7	1.18	2	1	0.09	0	1	0.91	unphased	0.289169710250791	0.289169710250791	1
13	70456452	70456453	102	5	1.18	2	1	0.09	0	1	0.91	unphased	0.214271280626421	0.214271280626421	1
13	96601612	96601613	37	20	1.18	2	1	0.09	0	1	0.91	unphased	1.60891417733523	1.47606805260113	1.09
13	109699268	109699269	120	13	1.18	2	1	0.09	0	1	0.91	unphased	0.4481975208291	0.4481975208291	1
13	110813625	110813626	59	7	1.18	2	1	0.09	0	1	0.91	unphased	0.486330876330876	0.486330876330876	1
14	19378062	19378063	756	49	NA	NA	NA	NA	NA	NA	NA	unphased	NA	NA	1
14	21502072	21502073	183	22	3.35	3	2	0.45	1	1	0.55	unphased	0.724970336189849	0.724970336189849	1
14	21795900	21795901	44	18	3.35	3	2	0.45	1	1	0.55	unphased	1.96124673060157	1.03223512136925	1.9
14	33292101	33292102	138	7	3.35	3	2	0.45	1	1	0.55	unphased	0.326123019571295	0.724717821269545	0.45
14	35554834	35554835	80	21	3.35	3	2	0.45	1	1	0.55	unphased	1.40458924270805	1.40458924270805	1
14	47351410	47351411	53	13	3.35	3	2	0.45	1	1	0.55	unphased	1.33061015561016	1.33061015561016	1
14	51058327	51058328	65	21	3.35	3	2	0.45	1	1	0.55	unphased	1.64957573852923	0.868197757120646	1.9
14	55231188	55231189	227	137	3.35	3	2	0.45	1	1	0.55	unphased	2.54255643005643	1.03777813471691	2.45
14	66209191	66209192	11	4	3.35	3	2	0.45	1	1	0.55	unphased	1.80144144144144	1.80144144144144	1
14	93199090	93199091	123	32	3.35	3	2	0.45	1	1	0.55	unphased	1.39466434176112	0.961837477076632	1.45
14	95030053	95030054	75	40	3.35	3	2	0.45	1	1	0.55	unphased	2.3497062279671	0.959063766517183	2.45
14	102508449	102508450	48	26	3.35	3	2	0.45	1	1	0.55	unphased	2.37352081811541	0.968784007394046	2.45
14	103371648	103371649	54	21	3.35	3	2	0.45	1	1	0.55	unphased	1.89151351351351	0.995533428165007	1.9
14	106815879	106815880	31	43	NA	NA	NA	NA	NA	NA	NA	unphased	NA	NA	1
15	32915736	32915737	85	6	2	1	1	0.74	1	1	0.26	unphased	0.356400356400356	1.37077060153983	0.26
15	74290521	74290522	39	7	1.76	2	1	0.38	1	0	0.62	unphased	0.786039952996475	0.786039952996475	1
15	80260010	80260011	41	12	1.76	2	1	0.38	1	0	0.62	unphased	1.16952575216726	1.16952575216726	1
15	88669522	88669523	34	14	1.76	2	1	0.38	1	0	0.62	unphased	1.50657657657658	1.50657657657658	1
15	89450562	89450563	33	5	1.76	2	1	0.38	1	0	0.62	unphased	0.679658605974395	0.679658605974395	1
15	89698681	89698682	119	18	1.76	2	1	0.38	1	0	0.62	unphased	0.678666403629907	0.678666403629907	1
15	101464887	101464888	30	13	1.76	2	1	0.38	1	0	0.62	unphased	1.56163419233187	1.56163419233187	1
16	17228488	17228489	128	50	2.46	2	2	0.23	1	1	0.77	unphased	1.64758578803523	1.33950064067905	1.23
16	20996904	20996905	152	8	2.46	2	2	0.23	1	1	0.77	unphased	0.29327027027027	1.27508813160987	0.23
16	21698946	21698947	17	7	2.46	2	2	0.23	1	1	0.77	unphased	1.71074324324324	1.71074324324324	1
16	27459936	27459937	50	8	2.46	2	2	0.23	1	1	0.77	unphased	0.809021435228332	0.809021435228332	1
16	28550161	28550162	62	18	2.46	2	2	0.23	1	1	0.77	unphased	1.31971621621622	1.31971621621622	1
16	29934553	29934554	33	10	2.46	2	2	0.23	1	1	0.77	unphased	1.36404776869893	1.36404776869893	1
16	30041830	30041831	22	14	2.46	2	2	0.23	1	1	0.77	unphased	2.28099099099099	1.85446422031788	1.23
16	30667569	30667570	75	6	2.46	2	2	0.23	1	1	0.77	unphased	0.434474474474474	0.434474474474474	1
16	31157116	31157117	111	36	2.46	2	2	0.23	1	1	0.77	unphased	1.43642581356867	1.16782586468998	1.23
16	50388359	50388360	334	31	2.46	2	2	0.23	1	1	0.77	unphased	0.498157719363199	0.498157719363199	1
16	75269173	75269174	36	15	2.62	2	2	0.31	1	1	0.69	unphased	1.77217806041335	1.35280767970485	1.31
16	87743081	87743082	17	8	2.62	2	2	0.31	1	1	0.69	unphased	1.92812972972973	1.47185475551888	1.31
16	89998932	89998933	24	7	NA	NA	NA	NA	NA	NA	NA	unphased	NA	NA	1
17	12666715	12666716	65	6	3	3	0	1	NA	NA	NA	unphased	0.541301865245527	0.541301865245527	1
17	28525390	28525391	21	4	5	3	2	1	NA	NA	NA	unphased	1.34486486486487	1.34486486486487	1
17	38922677	38922678	18	7	5	3	2	1	NA	NA	NA	unphased	2.35351351351351	1.17675675675676	2
17	39633866	39633867	103	7	5	3	2	1	NA	NA	NA	unphased	0.534889434889435	0.534889434889435	1
17	49079163	49079164	94	12	5	3	2	1	NA	NA	NA	unphased	0.95155532891382	0.95155532891382	1
17	54230858	54230859	94	52	5	3	2	1	NA	NA	NA	unphased	2.99370603480193	0.997902011600642	3
17	59967148	59967149	11	7	5	3	2	1	NA	NA	NA	unphased	3.26876876876877	1.08958958958959	3
17	65871781	65871782	46	20	5	3	2	1	NA	NA	NA	unphased	2.54709254709255	0.849030849030849	3
17	74473791	74473792	80	51	5	3	2	1	NA	NA	NA	unphased	3.27233340210439	1.09077780070146	3
17	77709205	77709206	62	28	5	3	2	1	NA	NA	NA	unphased	2.61501501501502	0.871671671671672	3
17	79094821	79094822	16	5	5	3	2	1	NA	NA	NA	unphased	2.001287001287	2.001287001287	1
17	80436741	80436742	35	13	5	3	2	1	NA	NA	NA	unphased	2.27646396396396	1.13823198198198	2
18	13387595	13387596	14	5	4	2	2	1	NA	NA	NA	unphased	1.94879089615932	1.94879089615932	1
18	19345791	19345792	63	12	4	2	2	1	NA	NA	NA	unphased	1.18486486486486	1.18486486486486	1
18	19997689	19997690	39	13	4	2	2	1	NA	NA	NA	unphased	1.85135135135135	0.925675675675676	2
18	28574417	28574418	35	12	4	2	2	1	NA	NA	NA	unphased	1.89074180563542	0.945370902817711	2
18	30091909	30091910	58	22	4	2	2	1	NA	NA	NA	unphased	2.03648648648649	1.01824324324324	2
18	31324041	31324042	169	49	4	2	2	1	NA	NA	NA	unphased	1.66451772873791	0.832258864368956	2
18	34850742	34850743	82	23	4	2	2	1	NA	NA	NA	unphased	1.62213642213642	0.811068211068211	2
19	6731115	6731116	41	6	3	2	1	1	NA	NA	NA	unphased	0.817711328349626	0.817711328349626	1
19	7754257	7754258	15	5	3	2	1	1	NA	NA	NA	unphased	1.60135135135135	1.60135135135135	1
19	8550608	8550609	134	12	3	2	1	1	NA	NA	NA	unphased	0.526471677156609	0.526471677156609	1
19	9048992	9048993	118	27	3	2	1	1	NA	NA	NA	unphased	1.19273066169618	1.19273066169618	1
19	9213075	9213076	61	25	3	2	1	1	NA	NA	NA	unphased	1.86203645505971	0.931018227529856	2
19	11303644	11303645	43	18	3	2	1	1	NA	NA	NA	unphased	1.89011962782455	0.945059813912273	2
19	12461716	12461717	122	37	3	2	1	1	NA	NA	NA	unphased	1.49056603773585	0.745283018867924	2
19	12986925	12986926	73	13	3	2	1	1	NA	NA	NA	unphased	0.96825895663105	0.96825895663105	1
19	14743800	14743801	40	13	3	2	1	1	NA	NA	NA	unphased	1.57113717491076	1.57113717491076	1
19	19760640	19760641	44	5	3	2	1	1	NA	NA	NA	unphased	0.653612796469939	0.653612796469939	1
19	30498450	30498451	37	6	3	2	1	1	NA	NA	NA	unphased	0.893777498428661	0.893777498428661	1
19	30934760	30934761	19	4	3	2	1	1	NA	NA	NA	unphased	1.11398354876616	1.11398354876616	1
19	37854367	37854368	34	22	3	2	1	1	NA	NA	NA	unphased	2.51640926640927	1.25820463320463	2
19	41782089	41782090	104	39	3	2	1	1	NA	NA	NA	unphased	1.74692874692875	0.873464373464373	2
19	42867242	42867243	16	8	3	2	1	1	NA	NA	NA	unphased	2.13513513513514	1.06756756756757	2
19	43258443	43258444	246	37	3	2	1	1	NA	NA	NA	unphased	0.837455830388693	0.837455830388693	1
19	43698708	43698709	227	85	3	2	1	1	NA	NA	NA	unphased	1.74506237006237	0.872531185031185	2
19	44792686	44792687	80	6	3	2	1	1	NA	NA	NA	unphased	0.446888749214331	0.446888749214331	1
19	46326728	46326729	31	3	3	2	1	1	NA	NA	NA	unphased	0.565182829888712	0.565182829888712	1
19	50979146	50979147	9	13	3	2	1	1	NA	NA	NA	unphased	3.78501228501229	1.89250614250614	2
19	51379886	51379887	38	25	3	2	1	1	NA	NA	NA	unphased	2.54182754182754	1.27091377091377	2
19	51768812	51768813	72	12	3	2	1	1	NA	NA	NA	unphased	0.915057915057915	0.915057915057915	1
19	55494059	55494060	28	6	3	2	1	1	NA	NA	NA	unphased	1.13036565977742	1.13036565977742	1
19	58262173	58262174	150	11	3	2	1	1	NA	NA	NA	unphased	0.437636394158133	0.437636394158133	1
19	58287979	58287980	226	48	3	2	1	1	NA	NA	NA	unphased	1.12211481554547	1.12211481554547	1
19	58439156	58439157	168	17	3	2	1	1	NA	NA	NA	unphased	0.588604821037254	0.588604821037254	1
2	1893158	1893159	78	25	3.6	3	2	0.65	1	0	0.35	unphased	1.70034111781685	1.03050976837385	1.65
2	15496519	15496520	87	19	3.6	3	2	0.65	1	0	0.35	unphased	1.2556858745538	1.2556858745538	1
2	48033435	48033436	86	7	3.6	3	2	0.65	1	0	0.35	unphased	0.527288578901482	0.811213198309973	0.65
2	74650613	74650614	66	25	3.6	3	2	0.65	1	0	0.35	unphased	1.92456192456192	0.836766054157359	2.3
2	80529974	80529975	26	4	3.6	3	2	0.65	1	0	0.35	unphased	0.934054054054054	0.934054054054054	1
2	98277061	98277062	94	27	3.6	3	2	0.65	1	0	0.35	unphased	1.56318963591691	0.94738765813146	1.65
2	107460275	107460276	44	8	3.6	3	2	0.65	1	0	0.35	unphased	1.07775467775468	1.07775467775468	1
2	128712557	128712558	79	14	3.6	3	2	0.65	1	0	0.35	unphased	1.05457715780296	1.05457715780296	1
2	132054492	132054493	10	5	3.6	3	2	0.65	1	0	0.35	unphased	2.33513513513514	1.01527614571093	2.3
2	135214205	135214206	6	6	3.6	3	2	0.65	1	0	0.35	unphased	3.5027027027027	1.32177460479347	2.65
2	142238043	142238044	57	5	3.6	3	2	0.65	1	0	0.35	unphased	0.564952048823017	0.564952048823017	1
2	172966193	172966194	10	3	3.6	3	2	0.65	1	0	0.35	unphased	1.61663201663202	1.61663201663202	1
2	178483344	178483345	21	5	3.6	3	2	0.65	1	0	0.35	unphased	1.34719334719335	1.34719334719335	1
2	179320855	179320856	26	12	3.6	3	2	0.65	1	0	0.35	unphased	2.2122332859175	0.961840559094564	2.3
2	179592312	179592313	238	18	3.6	3	2	0.65	1	0	0.35	unphased	0.492567567567568	0.757796257796258	0.65
2	190738321	190738322	88	38	3.6	3	2	0.65	1	0	0.35	unphased	2.11274131274131	0.918583179452745	2.3
2	198949107	198949108	131	8	3.6	3	2	0.65	1	0	0.35	unphased	0.403188800311102	0.620290462017081	0.65
2	198950296	198950297	149	5	3.6	3	2	0.65	1	0	0.35	unphased	0.227448227448227	0.227448227448227	1
2	207621720	207621721	54	16	3.6	3	2	0.65	1	0	0.35	unphased	1.60123552123552	0.97044577044577	1.65
2	209103825	209103826	82	19	3.6	3	2	0.65	1	0	0.35	unphased	1.31784854161092	1.31784854161092	1
2	209104695	209104696	65	27	3.6	3	2	0.65	1	0	0.35	unphased	2.05593419506463	0.893884432636796	2.3
2	219890791	219890792	62	5	2.8	2	2	0.4	1	1	0.6	unphased	0.463089955627269	1.15772488906817	0.4
2	234590852	234590853	144	60	2.8	2	2	0.4	1	1	0.6	unphased	1.82511923688394	1.30365659777425	1.4
2	239988417	239988418	136	58	2.8	2	2	0.4	1	1	0.6	unphased	1.85522429646141	1.32516021175815	1.4
2	241569992	241569993	29	21	2.8	2	2	0.4	1	1	0.6	unphased	2.60627027027027	1.86162162162162	1.4
2	241622060	241622061	37	19	2.8	2	2	0.4	1	1	0.6	unphased	2.10540540540541	1.503861003861	1.4
20	30436162	30436163	11	15	3	3	0	1	NA	NA	NA	unphased	3.6954261954262	1.23180873180873	3
20	35060506	35060507	245	25	10	7	3	1	NA	NA	NA	unphased	1.24124124124124	1.24124124124124	1
20	35627147	35627148	16	13	3	3	0	1	NA	NA	NA	unphased	2.87138863000932	0.95712954333644	3
20	37547131	37547132	22	22	3	3	0	1	NA	NA	NA	unphased	3.2027027027027	1.06756756756757	3
20	43929580	43929581	21	13	3	3	0	1	NA	NA	NA	unphased	2.44912559618442	0.81637519872814	3
20	55027048	55027049	191	39	10	7	3	1	0	1	0	unphased	2.27309048178613	1.13654524089307	2
20	55027049	55027050	193	39	10	7	3	1	0	1	0	unphased	2.25349487418453	1.12674743709226	2
20	57876512	57876513	35	84	10	7	3	1	0	1	0	unphased	9.46263910969793	1.3518055870997	7
20	61430849	61430850	181	9	10	7	3	1	NA	NA	NA	unphased	0.634992887624467	0.634992887624467	1
21	10908860	10908861	108	4	NA	NA	NA	NA	NA	NA	NA	unphased	NA	NA	1
21	16339432	16339433	107	54	4	3	1	1	NA	NA	NA	unphased	2.48380057075709	0.827933523585698	3
21	19687462	19687463	88	10	4	3	1	1	NA	NA	NA	unphased	0.75565361279647	0.75565361279647	1
21	32559329	32559330	197	119	4	3	1	1	NA	NA	NA	unphased	2.78874444064317	0.929581480214392	3
21	37623550	37623551	84	27	4	3	1	1	NA	NA	NA	unphased	1.80131482834186	0.900657414170928	2
21	48064291	48064292	69	54	NA	NA	NA	NA	NA	NA	NA	unphased	NA	NA	1
22	18301724	18301725	23	8	2	1	1	0.53	1	1	0.47	unphased	1.3949433304272	1.3949433304272	1
22	23237607	23237608	30	11	2	1	1	0.53	1	1	0.47	unphased	1.4502307185234	1.4502307185234	1
22	29881764	29881765	46	13	2	1	1	0.53	1	1	0.47	unphased	1.19102153000458	1.19102153000458	1
22	30688781	30688782	23	3	2	1	1	0.53	1	1	0.47	unphased	0.623700623700624	0.623700623700624	1
22	37333577	37333578	25	8	2	1	1	0.53	1	1	0.47	unphased	1.31040131040131	1.31040131040131	1
22	38620937	38620938	14	5	2	1	1	0.53	1	1	0.47	unphased	1.42247510668563	1.42247510668563	1
22	40661418	40661419	39	12	2	1	1	0.53	1	1	0.47	unphased	1.27186009538951	1.27186009538951	1
22	41253211	41253212	16	6	2	1	1	0.53	1	1	0.47	unphased	1.47420147420147	1.47420147420147	1
3	14200113	14200114	220	83	4.36	3	3	0.59	1	1	0.41	unphased	2.12715725626617	0.975760209296407	2.18
3	38991609	38991610	80	29	4.36	3	3	0.59	1	1	0.41	unphased	2.06602529134639	0.947718023553391	2.18
3	39307361	39307362	107	44	4.36	3	3	0.59	1	1	0.41	unphased	2.26276713799893	1.03796657706373	2.18
3	46014652	46014653	63	47	4.36	3	3	0.59	1	1	0.41	unphased	3.31794594594595	1.28106021078994	2.59
3	58183596	58183597	57	23	4.36	3	3	0.59	1	1	0.41	unphased	2.23255405405405	1.02410736424498	2.18
3	64640244	64640245	117	44	4.36	3	3	0.59	1	1	0.41	unphased	2.12222259526607	0.973496603333061	2.18
3	98109909	98109910	143	55	4.36	3	3	0.59	1	1	0.41	unphased	2.15705705705706	0.989475714246356	2.18
3	100604423	100604424	8	6	4.36	3	3	0.59	1	1	0.41	unphased	3.32803088803089	1.28495401082274	2.59
3	101090929	101090930	135	5	4.36	3	3	0.59	1	1	0.41	unphased	0.277335907335907	0.470060859891368	0.59
3	113002296	113002297	186	73	4.36	3	3	0.59	1	1	0.41	unphased	2.18870499843473	1.00399311854804	2.18
3	113119470	113119471	79	7	4.36	3	3	0.59	1	1	0.41	unphased	0.632067881835324	0.632067881835324	1
3	124462772	124462773	66	30	4.36	3	3	0.59	1	1	0.41	unphased	2.42668918918919	0.936945632891579	2.59
3	135870108	135870109	79	7	4.36	3	3	0.59	1	1	0.41	unphased	0.632067881835324	0.632067881835324	1
3	186257350	186257351	41	25	3	3	0	1	NA	NA	NA	unphased	2.42628992628993	0.808763308763309	3
3	187447127	187447128	211	28	3	3	0	1	NA	NA	NA	unphased	0.750424064231596	0.750424064231596	1
4	7728605	7728606	34	20	3.76	3	1	0.92	0	1	0.08	unphased	2.65385385385385	0.961541251396324	2.76
4	40104286	40104287	98	18	3.76	3	1	0.92	0	1	0.08	unphased	1.11187325256291	1.11187325256291	1
4	62778452	62778453	99	23	3.76	3	1	0.92	0	1	0.08	unphased	1.35085511741249	1.35085511741249	1
4	65147239	65147240	50	19	3.76	3	1	0.92	0	1	0.08	unphased	1.97308264786526	1.02764721242982	1.92
4	71347155	71347156	122	67	3.76	3	1	0.92	0	1	0.08	unphased	2.54011726011726	0.920332340622196	2.76
4	96762443	96762444	97	13	3.76	3	1	0.92	0	1	0.08	unphased	0.846820638820639	0.846820638820639	1
4	126372403	126372404	209	14	3.76	3	1	0.92	0	1	0.08	unphased	0.44984607926312	0.44984607926312	1
4	134071513	134071514	120	7	3.76	3	1	0.92	0	1	0.08	unphased	0.394943605022345	0.394943605022345	1
5	5200304	5200305	51	9	5.45	4	2	0.89	0	1	0.11	unphased	1.32831081081081	1.32831081081081	1
5	24537673	24537674	127	28	5.45	4	2	0.89	0	1	0.11	unphased	1.59968613775065	0.898700077388008	1.78
5	34937467	34937468	36	29	5.45	4	2	0.89	0	1	0.11	unphased	3.95087318087318	1.01564863261521	3.89
5	37299056	37299057	51	4	5.45	4	2	0.89	0	1	0.11	unphased	0.644029484029484	0.644029484029484	1
5	38458489	38458490	68	19	5.45	4	2	0.89	0	1	0.11	unphased	1.93393911152532	1.02324820715625	1.89
5	38883970	38883971	134	35	5.45	4	2	0.89	0	1	0.11	unphased	1.83395969934432	0.970349047272124	1.89
5	39383195	39383196	170	47	5.45	4	2	0.89	0	1	0.11	unphased	1.91799103250716	1.01481007010961	1.89
5	79855059	79855060	99	34	4	2	2	1	NA	NA	NA	unphased	1.89311115626905	0.946555578134526	2
5	95764991	95764992	107	5	4	2	2	1	NA	NA	NA	unphased	0.330598455598456	0.330598455598456	1
5	122909089	122909090	172	8	4	2	2	1	NA	NA	NA	unphased	0.329129129129129	0.329129129129129	1
5	127713550	127713551	216	15	4	2	2	1	NA	NA	NA	unphased	0.480870480870481	0.480870480870481	1
5	127713566	127713567	193	12	4	2	2	1	NA	NA	NA	unphased	0.433487145682268	0.433487145682268	1
5	140502876	140502877	128	34	4	2	2	1	NA	NA	NA	unphased	1.55422088755422	0.77711044377711	2
5	140554463	140554464	83	40	4	2	2	1	NA	NA	NA	unphased	2.40826192045704	1.20413096022852	2
5	140732044	140732045	140	28	4	2	2	1	NA	NA	NA	unphased	1.23423423423423	1.23423423423423	1
5	140735711	140735712	20	7	4	2	2	1	NA	NA	NA	unphased	1.91991991991992	1.91991991991992	1
5	141387388	141387389	221	70	4	2	2	1	NA	NA	NA	unphased	1.78136899786384	0.890684498931922	2
5	149240473	149240474	27	10	4	2	2	1	NA	NA	NA	unphased	2.00146092037984	1.00073046018992	2
5	162896810	162896811	23	21	4	2	2	1	NA	NA	NA	unphased	3.53439803439804	1.76719901719902	2
5	176332313	176332314	103	10	4	2	2	1	NA	NA	NA	unphased	0.655345611097824	0.655345611097824	1
6	4032757	4032758	59	72	4.07	4	1	0.69	1	1	0.31	unphased	4.10861976480297	1.11344709073251	3.69
6	6196056	6196057	79	4	4.07	4	1	0.69	1	1	0.31	unphased	0.360260501465321	0.52211666879032	0.69
6	21065369	21065370	74	27	4.07	4	1	0.69	1	1	0.31	unphased	1.99837570243511	0.83965365648534	2.38
6	30121945	30121946	20	26	4.07	4	1	0.69	1	1	0.31	unphased	4.22522914218566	1.14504854801779	3.69
6	49753967	49753968	129	113	4.07	4	1	0.69	1	1	0.31	unphased	3.49058186285459	1.03271652747177	3.38
6	56857337	56857338	267	22	4.07	4	1	0.69	1	1	0.31	unphased	0.56906200317965	0.824727540840073	0.69
6	69728292	69728293	116	7	4.07	4	1	0.69	1	1	0.31	unphased	0.425429575917381	0.616564602778813	0.69
6	70490433	70490434	35	41	4.07	4	1	0.69	1	1	0.31	unphased	4.03278449502134	1.09289552710605	3.69
6	128294252	128294253	171	29	4.07	4	1	0.69	1	1	0.31	unphased	1.08393378378378	1.08393378378378	1
6	133044834	133044835	18	5	4.07	4	1	0.69	1	1	0.31	unphased	1.62508813160987	1.62508813160987	1
6	135263562	135263563	44	28	4.07	4	1	0.69	1	1	0.31	unphased	2.9071021021021	0.946938795472998	3.07
6	146720433	146720434	95	58	4.07	4	1	0.69	1	1	0.31	unphased	2.83381381381381	1.0534623843174	2.69
6	166571969	166571970	57	4	1	3	1	0	0	1	1	unphased	0.288879042977404	0.288879042977404	1
6	166872948	166872949	21	4	1	3	1	0	0	1	1	unphased	0.704864864864865	0.704864864864865	1
7	1012906	1012907	65	8	4	2	2	1	NA	NA	NA	unphased	0.811551277304702	0.811551277304702	1
7	7480481	7480482	52	16	4	2	2	1	NA	NA	NA	unphased	1.74244833068362	0.871224165341812	2
7	8110749	8110750	100	20	4	2	2	1	NA	NA	NA	unphased	1.23423423423423	1.23423423423423	1
7	19156564	19156565	25	4	4	2	2	1	NA	NA	NA	unphased	1.02143522833178	1.02143522833178	1
7	31917642	31917643	32	28	4	2	2	1	NA	NA	NA	unphased	3.45585585585586	1.72792792792793	2
7	48314883	48314884	71	9	4	2	2	1	NA	NA	NA	unphased	0.833108108108108	0.833108108108108	1
7	56049249	56049250	103	42	4	2	2	1	NA	NA	NA	unphased	2.14501397949674	1.07250698974837	2
7	73245706	73245707	51	11	4	2	2	1	NA	NA	NA	unphased	1.31386224934612	1.31386224934612	1
7	92730824	92730825	60	19	4	2	2	1	NA	NA	NA	unphased	1.78104686965446	0.890523434827232	2
7	96650226	96650227	36	14	4	2	2	1	NA	NA	NA	unphased	2.07351351351351	1.03675675675676	2
7	98592339	98592340	181	64	4	2	2	1	NA	NA	NA	unphased	1.93447324875896	0.967236624379482	2
7	99809100	99809101	135	35	4	2	2	1	NA	NA	NA	unphased	1.52464228934817	0.762321144674086	2
7	103018233	103018234	79	22	4	2	2	1	NA	NA	NA	unphased	1.61305860315761	0.806529301578807	2
7	103206712	103206713	65	17	4	2	2	1	NA	NA	NA	unphased	1.53526697429136	0.767633487145682	2
7	105108804	105108805	201	57	4	2	2	1	NA	NA	NA	unphased	1.63607793840352	0.81803896920176	2
7	108213679	108213680	101	9	4	2	2	1	NA	NA	NA	unphased	0.605896805896806	0.605896805896806	1
7	112462325	112462326	23	7	4	2	2	1	NA	NA	NA	unphased	1.72792792792793	1.72792792792793	1
7	127231283	127231284	26	13	4	2	2	1	NA	NA	NA	unphased	2.46846846846847	1.23423423423423	2
7	129125677	129125678	121	7	4	2	2	1	NA	NA	NA	unphased	0.404983108108108	0.404983108108108	1
7	129765720	129765721	54	13	4	2	2	1	NA	NA	NA	unphased	1.43686970552642	1.43686970552642	1
7	129916549	129916550	100	31	4	2	2	1	NA	NA	NA	unphased	1.7524241799051	0.876212089952548	2
7	141738390	141738391	24	7	4	2	2	1	NA	NA	NA	unphased	1.67218831734961	1.67218831734961	1
7	142575518	142575519	111	32	4	2	2	1	NA	NA	NA	unphased	1.65715365715366	0.828576828576829	2
7	143043747	143043748	102	27	4	2	2	1	NA	NA	NA	unphased	1.54996857322439	0.774984286612194	2
7	150217053	150217054	59	14	4	2	2	1	NA	NA	NA	unphased	1.42021473528323	1.42021473528323	1
7	150417161	150417162	237	90	4	2	2	1	NA	NA	NA	unphased	2.03818497396479	1.0190924869824	2
8	24184142	24184143	100	110	4	4	0	1	NA	NA	NA	unphased	3.87902187902188	0.96975546975547	4
8	59511848	59511849	350	37	12	7	5	1	0	1	0	unphased	1.47286821705426	0.736434108527132	2
8	68031018	68031019	112	13	12	7	5	1	0	1	0	unphased	1.60216216216216	1.60216216216216	1
8	72156923	72156924	40	12	12	7	5	1	0	1	0	unphased	3.55509355509355	0.888773388773389	4
8	75149447	75149448	115	53	12	7	5	1	0	1	0	unphased	4.86003861003861	0.972007722007722	5
8	75757409	75757410	320	9	12	7	5	1	0	1	0	unphased	0.421424463977655	0.421424463977655	1
8	77766033	77766034	56	31	12	7	5	1	0	1	0	unphased	5.48928238583411	0.914880397639018	6
8	77766281	77766282	204	85	12	7	5	1	0	1	0	unphased	4.53100158982512	0.906200317965024	5
8	103572935	103572936	87	21	12	7	5	1	0	1	0	unphased	2.9954954954955	0.998498498498498	3
8	104973291	104973292	289	100	12	7	5	1	0	1	0	unphased	3.96025845897311	0.990064614743278	4
8	110523009	110523010	544	43	12	7	5	1	0	1	0	unphased	1.12850499562595	1.12850499562595	1
8	122641477	122641478	151	8	12	7	5	1	0	1	0	unphased	0.775114737378888	0.775114737378888	1
8	124992921	124992922	205	11	12	7	5	1	0	1	0	unphased	0.784534534534534	0.784534534534534	1
8	143996604	143996605	47	35	12	7	5	1	0	1	0	unphased	6.57547791694133	0.939353988134476	7
8	145151254	145151255	299	39	12	7	5	1	0	1	0	unphased	1.77754677754678	0.888773388773389	2
8	145161785	145161786	51	4	12	7	5	1	0	1	0	unphased	1.12039312039312	1.12039312039312	1
9	2047449	2047450	20	9	4.52	3	3	0.63	1	1	0.37	unphased	2.45960857409133	0.935212385586058	2.63
9	14846065	14846066	11	6	4.52	3	3	0.63	1	1	0.37	unphased	2.79720190779014	1.06357486988218	2.63
9	15471115	15471116	35	7	4.52	3	3	0.63	1	1	0.37	unphased	1.3209009009009	1.3209009009009	1
9	18905848	18905849	18	9	4.52	3	3	0.63	1	1	0.37	unphased	2.6418018018018	1.00448737711095	2.63
9	38396337	38396338	81	29	4.52	3	3	0.63	1	1	0.37	unphased	2.08942506142506	0.924524363462416	2.26
9	71152350	71152351	64	16	4.52	3	3	0.63	1	1	0.37	unphased	1.58508108108108	0.972442381031338	1.63
9	73399096	73399097	78	20	4.52	3	3	0.63	1	1	0.37	unphased	1.61742967457253	0.992288143909529	1.63
9	77353457	77353458	70	12	4	2	2	1	NA	NA	NA	unphased	1.08371786420567	1.08371786420567	1
9	78686766	78686767	222	51	4	2	2	1	NA	NA	NA	unphased	1.38342738342738	0.691713691713692	2
9	104071740	104071741	59	18	4	2	2	1	NA	NA	NA	unphased	1.73113373113373	0.865566865566866	2
9	110068801	110068802	94	11	4	2	2	1	NA	NA	NA	unphased	0.775804375804376	0.775804375804376	1
9	140809116	140809117	24	11	4	2	2	1	NA	NA	NA	unphased	2.32741312741313	1.16370656370656	2
X	32663165	32663166	100	13	NA	NA	NA	NA	NA	NA	NA	unphased	NA	NA	1
X	35974305	35974306	8	15	NA	NA	NA	NA	NA	NA	NA	unphased	NA	NA	1
X	50112014	50112015	32	3	NA	NA	NA	NA	NA	NA	NA	unphased	NA	NA	1
X	75396787	75396788	27	32	NA	NA	NA	NA	NA	NA	NA	unphased	NA	NA	1
X	99854658	99854659	9	13	NA	NA	NA	NA	NA	NA	NA	unphased	NA	NA	1
X	123554294	123554295	20	13	NA	NA	NA	NA	NA	NA	NA	unphased	NA	NA	1
X	150828214	150828215	68	5	NA	NA	NA	NA	NA	NA	NA	unphased	NA	NA	1
