chr	start	end	WT.count	mut.count	subclonal.CN	nMaj1	nMin1	frac1	nMaj2	nMin2	frac2	phase	mutation.copy.number	subclonal.fraction	no.chrs.bearing.mut
1	11308079	11308080	126	16	2	1	1	1	NA	NA	NA	unphased	0.72694229895502	0.72694229895502	1
1	12918927	12918928	89	11	2	1	1	1	NA	NA	NA	unphased	0.709677419354839	0.709677419354839	1
1	17410261	17410262	84	11	2	1	1	1	NA	NA	NA	unphased	0.747028862478778	0.747028862478778	1
1	19449429	19449430	59	14	2	1	1	1	NA	NA	NA	unphased	1.23729562527618	1.23729562527618	1
1	22222443	22222444	36	6	2	1	1	1	NA	NA	NA	unphased	0.921658986175115	0.921658986175115	1
1	28477275	28477276	44	4	2	1	1	1	NA	NA	NA	unphased	0.537634408602151	0.537634408602151	1
1	31426787	31426788	111	15	2	1	1	1	NA	NA	NA	unphased	0.768049155145929	0.768049155145929	1
1	41486065	41486066	57	7	2	1	1	1	NA	NA	NA	unphased	0.705645161290323	0.705645161290323	1
1	67263819	67263820	81	11	2	1	1	1	NA	NA	NA	unphased	0.771388499298738	0.771388499298738	1
1	74507106	74507107	172	20	2	1	1	1	NA	NA	NA	unphased	0.672043010752688	0.672043010752688	1
1	76253182	76253183	72	26	2	1	1	1	NA	NA	NA	unphased	1.71165240289664	1.71165240289664	1
1	86951076	86951077	75	18	2	1	1	1	NA	NA	NA	unphased	1.24869927159209	1.24869927159209	1
1	99771541	99771542	47	6	2	1	1	1	NA	NA	NA	unphased	0.730371272063299	0.730371272063299	1
1	102270472	102270473	51	13	2	1	1	1	NA	NA	NA	unphased	1.31048387096774	1.31048387096774	1
1	111146094	111146095	115	28	2	1	1	1	NA	NA	NA	unphased	1.2632528761561	1.2632528761561	1
1	114505012	114505013	51	12	2	1	1	1	NA	NA	NA	unphased	1.22887864823349	1.22887864823349	1
1	152975938	152975939	22	7	2	1	1	1	NA	NA	NA	unphased	1.55728587319244	1.55728587319244	1
1	158368883	158368884	102	25	2	1	1	1	NA	NA	NA	unphased	1.27000254000508	1.27000254000508	1
1	158592829	158592830	275	55	2	1	1	1	NA	NA	NA	unphased	1.0752688172043	1.0752688172043	1
1	159283953	159283954	24	5	2	1	1	1	NA	NA	NA	unphased	1.11234705228031	1.11234705228031	1
1	164789368	164789369	89	6	2	1	1	1	NA	NA	NA	unphased	0.407470288624788	0.407470288624788	1
1	169670772	169670773	11	4	2	1	1	1	NA	NA	NA	unphased	1.72043010752688	1.72043010752688	1
1	173493225	173493226	55	12	2	1	1	1	NA	NA	NA	unphased	1.15551275878671	1.15551275878671	1
1	180886013	180886014	164	34	2	1	1	1	NA	NA	NA	unphased	1.10785272075595	1.10785272075595	1
1	182827318	182827319	89	16	2	1	1	1	NA	NA	NA	unphased	0.98310291858679	0.98310291858679	1
1	197112662	197112663	148	28	2	1	1	1	NA	NA	NA	unphased	1.02639296187683	1.02639296187683	1
1	200960045	200960046	49	12	2	1	1	1	NA	NA	NA	unphased	1.26916975145426	1.26916975145426	1
1	203453066	203453067	110	20	2	1	1	1	NA	NA	NA	unphased	0.992555831265509	0.992555831265509	1
1	212798393	212798394	74	16	2	1	1	1	NA	NA	NA	unphased	1.14695340501792	1.14695340501792	1
1	215408345	215408346	43	7	2	1	1	1	NA	NA	NA	unphased	0.903225806451613	0.903225806451613	1
1	216424376	216424377	55	10	2	1	1	1	NA	NA	NA	unphased	0.992555831265509	0.992555831265509	1
1	218607526	218607527	127	26	2	1	1	1	NA	NA	NA	unphased	1.09635251950242	1.09635251950242	1
1	229438645	229438646	84	15	2	1	1	1	NA	NA	NA	unphased	0.977517106549365	0.977517106549365	1
1	235715384	235715385	287	35	2	1	1	1	NA	NA	NA	unphased	0.701262272089762	0.701262272089762	1
1	235918892	235918893	277	62	2	1	1	1	NA	NA	NA	unphased	1.17994100294985	1.17994100294985	1
1	240656260	240656261	14	3	2	1	1	1	NA	NA	NA	unphased	1.13851992409867	1.13851992409867	1
1	248224587	248224588	120	14	NA	NA	NA	NA	NA	NA	NA	unphased	NA	NA	1
1	248487472	248487473	192	37	NA	NA	NA	NA	NA	NA	NA	unphased	NA	NA	1
10	93407	93408	114	42	NA	NA	NA	NA	NA	NA	NA	unphased	NA	NA	1
10	43608330	43608331	21	6	2	1	1	1	NA	NA	NA	unphased	1.4336917562724	1.4336917562724	1
10	45877967	45877968	30	7	2	1	1	1	NA	NA	NA	unphased	1.2205754141238	1.2205754141238	1
10	71392866	71392867	84	16	2	1	1	1	NA	NA	NA	unphased	1.03225806451613	1.03225806451613	1
10	84745263	84745264	48	8	2	1	1	1	NA	NA	NA	unphased	0.921658986175115	0.921658986175115	1
10	88681385	88681386	126	20	2	1	1	1	NA	NA	NA	unphased	0.883782589482987	0.883782589482987	1
10	90768651	90768652	354	60	2	1	1	1	NA	NA	NA	unphased	0.935016362786349	0.935016362786349	1
10	95351676	95351677	10	4	2	1	1	1	NA	NA	NA	unphased	1.84331797235023	1.84331797235023	1
10	97583119	97583120	59	11	2	1	1	1	NA	NA	NA	unphased	1.01382488479263	1.01382488479263	1
10	98778812	98778813	23	4	2	1	1	1	NA	NA	NA	unphased	0.955794504181601	0.955794504181601	1
10	98799742	98799743	47	9	2	1	1	1	NA	NA	NA	unphased	1.036866359447	1.036866359447	1
10	99144969	99144970	108	21	2	1	1	1	NA	NA	NA	unphased	1.05026256564141	1.05026256564141	1
10	105794441	105794442	16	6	2	1	1	1	NA	NA	NA	unphased	1.75953079178886	1.75953079178886	1
10	105952007	105952008	91	14	2	1	1	1	NA	NA	NA	unphased	0.860215053763441	0.860215053763441	1
10	108448048	108448049	93	10	2	1	1	1	NA	NA	NA	unphased	0.626370184779204	0.626370184779204	1
10	115383306	115383307	75	12	2	1	1	1	NA	NA	NA	unphased	0.889877641824249	0.889877641824249	1
10	116698035	116698036	30	3	2	1	1	1	NA	NA	NA	unphased	0.586510263929619	0.586510263929619	1
10	127530319	127530320	77	11	2	1	1	1	NA	NA	NA	unphased	0.806451612903226	0.806451612903226	1
10	132891505	132891506	87	21	2	1	1	1	NA	NA	NA	unphased	1.25448028673835	1.25448028673835	1
10	134664737	134664738	29	7	2	1	1	1	NA	NA	NA	unphased	1.25448028673835	1.25448028673835	1
11	379987	379988	45	7	NA	NA	NA	NA	NA	NA	NA	unphased	NA	NA	1
11	1084794	1084795	7	3	2	1	1	0.16	1	1	0.84	unphased	1.93548387096774	1.93548387096774	1
11	5080579	5080580	12	6	2	1	1	0.16	1	1	0.84	unphased	2.1505376344086	2.1505376344086	1
11	5410855	5410856	93	21	2	1	1	0.16	1	1	0.84	unphased	1.18845500848896	1.18845500848896	1
11	5475121	5475122	112	22	2	1	1	0.16	1	1	0.84	unphased	1.05922002888782	1.05922002888782	1
11	5530682	5530683	88	19	2	1	1	0.16	1	1	0.84	unphased	1.14561350618028	1.14561350618028	1
11	5603031	5603032	134	26	2	1	1	0.16	1	1	0.84	unphased	1.04838709677419	1.04838709677419	1
11	5776692	5776693	144	15	2	1	1	0.16	1	1	0.84	unphased	0.608642726719416	0.724574674665971	0.84
11	17517184	17517185	133	25	2	1	1	0.16	1	1	0.84	unphased	1.02082482645978	1.02082482645978	1
11	18765711	18765712	129	24	2	1	1	0.16	1	1	0.84	unphased	1.01201771030993	1.01201771030993	1
11	26669344	26669345	61	12	2	1	1	0.16	1	1	0.84	unphased	1.06053910737958	1.06053910737958	1
11	30932926	30932927	10	5	2	1	1	0.16	1	1	0.84	unphased	2.1505376344086	2.1505376344086	1
11	35515795	35515796	66	16	2	1	1	0.16	1	1	0.84	unphased	1.2588512981904	1.2588512981904	1
11	44069675	44069676	50	5	2	1	1	0.16	1	1	0.84	unphased	0.586510263929619	0.586510263929619	1
11	46398735	46398736	24	6	2	1	1	0.16	1	1	0.84	unphased	1.29032258064516	1.29032258064516	1
11	55595243	55595244	216	31	2	1	1	0.16	1	1	0.84	unphased	0.809716599190283	0.809716599190283	1
11	55735506	55735507	56	9	2	1	1	0.16	1	1	0.84	unphased	0.893300248138958	0.893300248138958	1
11	55873076	55873077	199	38	2	1	1	0.16	1	1	0.84	unphased	1.03443582414591	1.03443582414591	1
11	57381887	57381888	52	8	2	1	1	0.16	1	1	0.84	unphased	0.860215053763441	0.860215053763441	1
11	60073660	60073661	92	13	2	1	1	0.16	1	1	0.84	unphased	0.798771121351767	0.798771121351767	1
11	65988114	65988115	51	6	2	1	1	0.16	1	1	0.84	unphased	0.67911714770798	0.67911714770798	1
11	67432012	67432013	33	8	2	1	1	0.16	1	1	0.84	unphased	1.2588512981904	1.2588512981904	1
11	74876919	74876920	126	26	2	1	1	0.16	1	1	0.84	unphased	1.10356536502547	1.10356536502547	1
11	87847168	87847169	98	19	2	1	1	0.16	1	1	0.84	unphased	1.04769782189137	1.04769782189137	1
11	88300970	88300971	28	7	2	1	1	0.16	1	1	0.84	unphased	1.29032258064516	1.29032258064516	1
11	89768761	89768762	73	9	2	1	1	0.16	1	1	0.84	unphased	0.708103855232101	0.708103855232101	1
11	111782352	111782353	9	4	2	1	1	0.16	1	1	0.84	unphased	1.98511166253102	1.98511166253102	1
11	114453727	114453728	179	7	2	1	1	0.16	1	1	0.84	unphased	0.242802636142907	0.242802636142907	1
11	118498622	118498623	34	13	2	1	1	0.16	1	1	0.84	unphased	1.78448867536033	1.78448867536033	1
11	121177913	121177914	169	6	2	1	1	0.16	1	1	0.84	unphased	0.221198156682028	0.221198156682028	1
11	123513201	123513202	36	15	2	1	1	0.16	1	1	0.84	unphased	1.89753320683112	1.89753320683112	1
11	126301279	126301280	10	3	2	1	1	0.16	1	1	0.84	unphased	1.48883374689826	1.48883374689826	1
12	10568379	10568380	58	7	2	1	1	1	NA	NA	NA	unphased	0.694789081885856	0.694789081885856	1
12	15747893	15747894	73	9	2	1	1	1	NA	NA	NA	unphased	0.708103855232101	0.708103855232101	1
12	20522823	20522824	25	4	2	1	1	1	NA	NA	NA	unphased	0.889877641824249	0.889877641824249	1
12	21661495	21661496	91	12	2	1	1	1	NA	NA	NA	unphased	0.751644221735045	0.751644221735045	1
12	25398283	25398284	21	7	2	1	1	1	NA	NA	NA	unphased	1.61290322580645	1.61290322580645	1
12	29670371	29670372	96	12	2	1	1	1	NA	NA	NA	unphased	0.716845878136201	0.716845878136201	1
12	41327515	41327516	124	28	2	1	1	1	NA	NA	NA	unphased	1.18845500848896	1.18845500848896	1
12	45409970	45409971	13	6	2	1	1	1	NA	NA	NA	unphased	2.03735144312394	2.03735144312394	1
12	45410013	45410014	44	3	2	1	1	1	NA	NA	NA	unphased	0.411805078929307	0.411805078929307	1
12	45566944	45566945	51	7	2	1	1	1	NA	NA	NA	unphased	0.778642936596218	0.778642936596218	1
12	52377916	52377917	25	4	2	1	1	1	NA	NA	NA	unphased	0.889877641824249	0.889877641824249	1
12	53096690	53096691	110	10	2	1	1	1	NA	NA	NA	unphased	0.537634408602151	0.537634408602151	1
12	57850273	57850274	85	15	2	1	1	1	NA	NA	NA	unphased	0.967741935483871	0.967741935483871	1
12	66221814	66221815	39	8	2	1	1	1	NA	NA	NA	unphased	1.09814687714482	1.09814687714482	1
12	75875625	75875626	183	29	2	1	1	1	NA	NA	NA	unphased	0.882531953743153	0.882531953743153	1
12	85518289	85518290	203	30	2	1	1	1	NA	NA	NA	unphased	0.830679772947529	0.830679772947529	1
12	95927531	95927532	83	21	2	1	1	1	NA	NA	NA	unphased	1.30272952853598	1.30272952853598	1
12	96707199	96707200	48	4	2	1	1	1	NA	NA	NA	unphased	0.496277915632754	0.496277915632754	1
12	97313899	97313900	106	14	2	1	1	1	NA	NA	NA	unphased	0.752688172043011	0.752688172043011	1
12	103699903	103699904	49	9	2	1	1	1	NA	NA	NA	unphased	1.00111234705228	1.00111234705228	1
12	108086636	108086637	77	7	2	1	1	1	NA	NA	NA	unphased	0.537634408602151	0.537634408602151	1
12	113557021	113557022	37	13	2	1	1	1	NA	NA	NA	unphased	1.67741935483871	1.67741935483871	1
12	113812723	113812724	60	13	2	1	1	1	NA	NA	NA	unphased	1.14891736632788	1.14891736632788	1
12	123950104	123950105	40	10	2	1	1	1	NA	NA	NA	unphased	1.29032258064516	1.29032258064516	1
12	130926761	130926762	46	5	2	1	1	0.17	1	1	0.83	unphased	0.632511068943706	0.632511068943706	1
13	25060346	25060347	70	12	1.08	1	1	0.08	0	1	0.92	unphased	0.809504327301337	0.809504327301337	1
13	26974648	26974649	135	20	1.08	1	1	0.08	0	1	0.92	unphased	0.713756503642039	0.713756503642039	1
13	38143959	38143960	80	23	1.08	1	1	0.08	0	1	0.92	unphased	1.23521453178829	1.23521453178829	1
13	44411447	44411448	73	6	1.08	1	1	0.08	0	1	0.92	unphased	0.420122498979175	0.420122498979175	1
13	44411448	44411449	75	6	1.08	1	1	0.08	0	1	0.92	unphased	0.409749103942652	0.409749103942652	1
13	44457979	44457980	86	21	1.08	1	1	0.08	0	1	0.92	unphased	1.08564365390413	1.08564365390413	1
13	49281192	49281193	65	15	1.08	1	1	0.08	0	1	0.92	unphased	1.03717741935484	1.03717741935484	1
13	52035122	52035123	23	5	1.08	1	1	0.08	0	1	0.92	unphased	0.98778801843318	0.98778801843318	1
13	70281874	70281875	70	20	1.08	1	1	0.08	0	1	0.92	unphased	1.22924731182796	1.22924731182796	1
13	88329775	88329776	26	4	1.08	1	1	0.08	0	1	0.92	unphased	0.737548387096774	0.737548387096774	1
13	114193695	114193696	52	11	1.08	1	1	0.08	0	1	0.92	unphased	0.965837173579109	0.965837173579109	1
13	115091622	115091623	63	16	NA	NA	NA	NA	NA	NA	NA	unphased	NA	NA	1
14	20443946	20443947	131	23	NA	NA	NA	NA	NA	NA	NA	unphased	NA	NA	1
14	24648810	24648811	52	10	1	1	0	1	NA	NA	NA	unphased	0.879292403746098	0.879292403746098	1
14	42356223	42356224	70	6	1	1	0	1	NA	NA	NA	unphased	0.430390492359932	0.430390492359932	1
14	47530707	47530708	61	9	1	1	0	1	NA	NA	NA	unphased	0.700921658986175	0.700921658986175	1
14	51371122	51371123	90	26	1	1	0	1	NA	NA	NA	unphased	1.22191323692992	1.22191323692992	1
14	58941419	58941420	40	10	1	1	0	1	NA	NA	NA	unphased	1.09032258064516	1.09032258064516	1
14	71576294	71576295	28	6	1	1	0	1	NA	NA	NA	unphased	0.962049335863378	0.962049335863378	1
15	22383395	22383396	63	12	NA	NA	NA	NA	NA	NA	NA	unphased	NA	NA	1
15	24923778	24923779	108	8	2	1	1	0.22	1	1	0.78	unphased	0.444938820912125	0.570434385784775	0.78
15	25417792	25417793	128	10	2	1	1	0.22	1	1	0.78	unphased	0.467508181393174	0.599369463324583	0.78
15	25427384	25427385	11	4	2	1	1	0.22	1	1	0.78	unphased	1.72043010752688	1.72043010752688	1
15	25444452	25444453	25	5	2	1	1	0.22	1	1	0.78	unphased	1.0752688172043	1.0752688172043	1
15	26806080	26806081	176	38	2	1	1	0.22	1	1	0.78	unphased	1.14561350618028	1.14561350618028	1
15	34652347	34652348	92	4	2	1	1	0.22	1	1	0.78	unphased	0.268817204301075	0.268817204301075	1
15	40568141	40568142	71	6	2	1	1	0.22	1	1	0.78	unphased	0.502723083368245	0.644516773549032	0.78
15	42107525	42107526	35	9	2	1	1	0.22	1	1	0.78	unphased	1.31964809384164	1.31964809384164	1
15	63132785	63132786	19	4	2	1	1	0.22	1	1	0.78	unphased	1.12201963534362	1.12201963534362	1
15	65489471	65489472	59	7	2	1	1	0.22	1	1	0.78	unphased	0.684261974584555	0.684261974584555	1
15	88679798	88679799	30	3	2	1	1	0.22	1	1	0.78	unphased	0.586510263929619	0.586510263929619	1
16	17235203	17235204	48	13	2	1	1	1	NA	NA	NA	unphased	1.37493389740878	1.37493389740878	1
16	17294434	17294435	141	22	2	1	1	1	NA	NA	NA	unphased	0.870769839699189	0.870769839699189	1
16	20748555	20748556	83	13	2	1	1	1	NA	NA	NA	unphased	0.873655913978495	0.873655913978495	1
16	28990741	28990742	80	18	2	1	1	1	NA	NA	NA	unphased	1.18499012508229	1.18499012508229	1
16	30198004	30198005	16	5	2	1	1	1	NA	NA	NA	unphased	1.53609831029186	1.53609831029186	1
16	30776604	30776605	39	10	2	1	1	1	NA	NA	NA	unphased	1.31665569453588	1.31665569453588	1
16	31422733	31422734	196	24	2	1	1	1	NA	NA	NA	unphased	0.703812316715542	0.703812316715542	1
16	51173275	51173276	22	9	2	1	1	1	NA	NA	NA	unphased	1.87304890738814	1.87304890738814	1
16	69964118	69964119	54	12	2	1	1	1	NA	NA	NA	unphased	1.17302052785924	1.17302052785924	1
16	76350315	76350316	29	9	2	1	1	1	NA	NA	NA	unphased	1.52801358234295	1.52801358234295	1
16	76509914	76509915	59	6	2	1	1	1	NA	NA	NA	unphased	0.595533498759305	0.595533498759305	1
16	77355073	77355074	111	14	2	1	1	1	NA	NA	NA	unphased	0.72258064516129	0.72258064516129	1
16	89293776	89293777	94	15	2	1	1	1	NA	NA	NA	unphased	0.887836638058597	0.887836638058597	1
17	6913415	6913416	21	8	1.05	1	1	0.05	0	1	0.95	unphased	1.51768631813126	1.51768631813126	1
17	7574033	7574034	17	6	1.05	1	1	0.05	0	1	0.95	unphased	1.43520336605891	1.43520336605891	1
17	10543657	10543658	67	6	1.05	1	1	0.05	0	1	0.95	unphased	0.45218736190897	0.45218736190897	1
17	11592947	11592948	76	13	1.05	1	1	0.05	0	1	0.95	unphased	0.80360637912287	0.80360637912287	1
17	11592948	11592949	79	13	1.05	1	1	0.05	0	1	0.95	unphased	0.777401823281907	0.777401823281907	1
17	16320922	16320923	21	4	1.05	1	1	0.05	0	1	0.95	unphased	0.880258064516129	0.880258064516129	1
17	18196025	18196026	53	10	1.05	1	1	0.05	0	1	0.95	unphased	0.873271889400921	0.873271889400921	1
17	34072003	34072004	33	10	1.05	1	1	0.05	0	1	0.95	unphased	1.2794448612153	1.2794448612153	1
17	39034617	39034618	62	7	1.05	1	1	0.05	0	1	0.95	unphased	0.558134642356241	0.558134642356241	1
17	41103886	41103887	32	7	1.05	1	1	0.05	0	1	0.95	unphased	0.987468982630273	0.987468982630273	1
17	42340240	42340241	92	16	1.05	1	1	0.05	0	1	0.95	unphased	0.81505376344086	0.81505376344086	1
17	42857162	42857163	33	4	1.05	1	1	0.05	0	1	0.95	unphased	0.594768962510898	0.594768962510898	1
17	42857178	42857179	22	3	1.05	1	1	0.05	0	1	0.95	unphased	0.660193548387097	0.660193548387097	1
17	45913759	45913760	28	9	1.05	1	1	0.05	0	1	0.95	unphased	1.33823016564952	1.33823016564952	1
17	57050270	57050271	66	15	1.05	1	1	0.05	0	1	0.95	unphased	1.01881720430108	1.01881720430108	1
17	58234888	58234889	143	23	1.05	1	1	0.05	0	1	0.95	unphased	0.762271667314419	0.762271667314419	1
17	60754844	60754845	22	3	1.05	1	1	0.05	0	1	0.95	unphased	0.660193548387097	0.660193548387097	1
17	61958499	61958500	251	49	1.05	1	1	0.05	0	1	0.95	unphased	0.898596774193548	0.898596774193548	1
17	74288677	74288678	53	9	1.05	1	1	0.05	0	1	0.95	unphased	0.798621227887617	0.798621227887617	1
17	74383633	74383634	59	5	1.05	1	1	0.05	0	1	0.95	unphased	0.429813508064516	0.429813508064516	1
18	9257678	9257679	46	12	1	1	0	1	NA	NA	NA	unphased	1.12791991101224	1.12791991101224	1
18	29205559	29205560	65	22	1	1	0	1	NA	NA	NA	unphased	1.37856878012607	1.37856878012607	1
18	43796478	43796479	40	6	1	1	0	1	NA	NA	NA	unphased	0.711079943899018	0.711079943899018	1
18	47390573	47390574	48	15	1	1	0	1	NA	NA	NA	unphased	1.29800307219662	1.29800307219662	1
18	59217254	59217255	32	4	1	1	0	1	NA	NA	NA	unphased	0.60573476702509	0.60573476702509	1
18	70451041	70451042	107	32	1	1	0	1	NA	NA	NA	unphased	1.25504757484335	1.25504757484335	1
18	77133994	77133995	45	3	NA	NA	NA	NA	NA	NA	NA	unphased	NA	NA	1
19	3452573	3452574	128	30	1	1	0	0.02	0	1	0.98	unphased	1.03511637403022	1.03511637403022	1
19	3964951	3964952	50	6	1	1	0	0.02	0	1	0.98	unphased	0.584101382488479	0.584101382488479	1
19	7174599	7174600	46	6	1	1	0	0.02	0	1	0.98	unphased	0.629032258064516	0.629032258064516	1
19	9061892	9061893	91	22	1	1	0	0.02	0	1	0.98	unphased	1.06137596345989	1.06137596345989	1
19	9090510	9090511	76	20	1	1	0	0.02	0	1	0.98	unphased	1.13575268817204	1.13575268817204	1
19	12951813	12951814	75	7	1	1	0	0.02	0	1	0.98	unphased	0.465381589299764	0.465381589299764	1
19	22156078	22156079	22	6	1	1	0	0.02	0	1	0.98	unphased	1.16820276497696	1.16820276497696	1
19	38621382	38621383	41	10	1	1	0	0.02	0	1	0.98	unphased	1.06894370651486	1.06894370651486	1
19	38817959	38817960	49	10	1	1	0	0.02	0	1	0.98	unphased	0.924002186987425	0.924002186987425	1
19	39660360	39660361	32	10	1	1	0	0.02	0	1	0.98	unphased	1.29800307219662	1.29800307219662	1
19	39788641	39788642	53	6	1	1	0	0.02	0	1	0.98	unphased	0.554401312192455	0.554401312192455	1
19	41063081	41063082	26	7	1	1	0	0.02	0	1	0.98	unphased	1.1564027370479	1.1564027370479	1
19	49243434	49243435	54	7	2	1	1	1	NA	NA	NA	unphased	0.74034902168165	0.74034902168165	1
19	51135638	51135639	39	7	2	1	1	1	NA	NA	NA	unphased	0.981767180925666	0.981767180925666	1
19	51960763	51960764	15	5	2	1	1	1	NA	NA	NA	unphased	1.61290322580645	1.61290322580645	1
19	52149085	52149086	50	10	2	1	1	1	NA	NA	NA	unphased	1.0752688172043	1.0752688172043	1
19	52941034	52941035	35	4	2	1	1	1	NA	NA	NA	unphased	0.661703887510339	0.661703887510339	1
19	53643936	53643937	148	20	2	1	1	1	NA	NA	NA	unphased	0.768049155145929	0.768049155145929	1
19	54849249	54849250	51	9	2	1	1	1	NA	NA	NA	unphased	0.967741935483871	0.967741935483871	1
19	55086240	55086241	85	25	2	1	1	1	NA	NA	NA	unphased	1.46627565982405	1.46627565982405	1
19	55107773	55107774	66	15	2	1	1	1	NA	NA	NA	unphased	1.194743130227	1.194743130227	1
19	55175418	55175419	186	27	2	1	1	1	NA	NA	NA	unphased	0.817810086324398	0.817810086324398	1
19	55220480	55220481	10	3	2	1	1	1	NA	NA	NA	unphased	1.48883374689826	1.48883374689826	1
19	55805584	55805585	82	16	2	1	1	1	NA	NA	NA	unphased	1.0533245556287	1.0533245556287	1
19	56701646	56701647	100	17	2	1	1	1	NA	NA	NA	unphased	0.937413840639647	0.937413840639647	1
19	57765063	57765064	30	6	2	1	1	1	NA	NA	NA	unphased	1.0752688172043	1.0752688172043	1
19	57910757	57910758	46	8	2	1	1	1	NA	NA	NA	unphased	0.955794504181601	0.955794504181601	1
19	58101971	58101972	38	5	2	1	1	1	NA	NA	NA	unphased	0.750187546886722	0.750187546886722	1
19	58196641	58196642	107	19	2	1	1	1	NA	NA	NA	unphased	0.972862263184844	0.972862263184844	1
2	11922599	11922600	49	9	2	1	1	1	NA	NA	NA	unphased	1.00111234705228	1.00111234705228	1
2	15358905	15358906	88	16	2	1	1	1	NA	NA	NA	unphased	0.992555831265509	0.992555831265509	1
2	26689580	26689581	31	5	2	1	1	1	NA	NA	NA	unphased	0.896057347670251	0.896057347670251	1
2	37032693	37032694	77	11	2	1	1	1	NA	NA	NA	unphased	0.806451612903226	0.806451612903226	1
2	46851310	46851311	102	22	2	1	1	1	NA	NA	NA	unphased	1.14464099895942	1.14464099895942	1
2	48026965	48026966	132	6	2	1	1	1	NA	NA	NA	unphased	0.280504908835905	0.280504908835905	1
2	71303831	71303832	16	3	2	1	1	1	NA	NA	NA	unphased	1.01867572156197	1.01867572156197	1
2	71753444	71753445	162	30	2	1	1	1	NA	NA	NA	unphased	1.00806451612903	1.00806451612903	1
2	89246972	89246973	86	15	2	1	1	1	NA	NA	NA	unphased	0.958160332162248	0.958160332162248	1
2	89278501	89278502	74	8	2	1	1	1	NA	NA	NA	unphased	0.629425649095201	0.629425649095201	1
2	89309478	89309479	95	26	2	1	1	1	NA	NA	NA	unphased	1.38629698747001	1.38629698747001	1
2	102964499	102964500	71	5	2	1	1	1	NA	NA	NA	unphased	0.424448217317487	0.424448217317487	1
2	108618443	108618444	54	11	2	1	1	1	NA	NA	NA	unphased	1.09181141439206	1.09181141439206	1
2	113742477	113742478	67	14	2	1	1	1	NA	NA	NA	unphased	1.11509358821187	1.11509358821187	1
2	113820089	113820090	38	6	2	1	1	1	NA	NA	NA	unphased	0.879765395894428	0.879765395894428	1
2	113832334	113832335	101	18	2	1	1	1	NA	NA	NA	unphased	0.975874220656004	0.975874220656004	1
2	130872805	130872806	86	10	2	1	1	1	NA	NA	NA	unphased	0.672043010752688	0.672043010752688	1
2	130877747	130877748	97	13	2	1	1	1	NA	NA	NA	unphased	0.762463343108504	0.762463343108504	1
2	131519958	131519959	15	5	2	1	1	1	NA	NA	NA	unphased	1.61290322580645	1.61290322580645	1
2	133543132	133543133	96	15	2	1	1	1	NA	NA	NA	unphased	0.871839581517001	0.871839581517001	1
2	133543133	133543134	96	15	2	1	1	1	NA	NA	NA	unphased	0.871839581517001	0.871839581517001	1
2	141533672	141533673	103	11	2	1	1	1	NA	NA	NA	unphased	0.622524052065648	0.622524052065648	1
2	153535965	153535966	22	5	2	1	1	1	NA	NA	NA	unphased	1.194743130227	1.194743130227	1
2	162274295	162274296	84	12	2	1	1	1	NA	NA	NA	unphased	0.806451612903226	0.806451612903226	1
2	175618296	175618297	87	18	2	1	1	1	NA	NA	NA	unphased	1.10599078341014	1.10599078341014	1
2	178528659	178528660	53	14	2	1	1	1	NA	NA	NA	unphased	1.3480982185845	1.3480982185845	1
2	182412571	182412572	193	30	2	1	1	1	NA	NA	NA	unphased	0.86792998698105	0.86792998698105	1
2	187615875	187615876	137	20	2	1	1	1	NA	NA	NA	unphased	0.821861516334498	0.821861516334498	1
2	187712477	187712478	97	12	2	1	1	1	NA	NA	NA	unphased	0.710269310446878	0.710269310446878	1
2	187712478	187712479	97	11	2	1	1	1	NA	NA	NA	unphased	0.657108721624851	0.657108721624851	1
2	189943286	189943287	161	27	2	1	1	1	NA	NA	NA	unphased	0.92656142759094	0.92656142759094	1
2	203407113	203407114	64	11	2	1	1	1	NA	NA	NA	unphased	0.946236559139785	0.946236559139785	1
2	207003313	207003314	108	14	2	1	1	1	NA	NA	NA	unphased	0.74034902168165	0.74034902168165	1
2	210561274	210561275	71	8	2	1	1	1	NA	NA	NA	unphased	0.653327888934259	0.653327888934259	1
2	219294031	219294032	77	7	2	1	1	1	NA	NA	NA	unphased	0.537634408602151	0.537634408602151	1
2	219890774	219890775	47	7	2	1	1	1	NA	NA	NA	unphased	0.836320191158901	0.836320191158901	1
2	219892627	219892628	30	11	2	1	1	1	NA	NA	NA	unphased	1.7309205350118	1.7309205350118	1
2	225710296	225710297	82	19	2	1	1	1	NA	NA	NA	unphased	1.21366975407218	1.21366975407218	1
2	231774830	231774831	87	15	2	1	1	1	NA	NA	NA	unphased	0.94876660341556	0.94876660341556	1
2	231775405	231775406	46	3	2	1	1	1	NA	NA	NA	unphased	0.394996708360764	0.394996708360764	1
2	238274634	238274635	105	18	2	1	1	1	NA	NA	NA	unphased	0.944138473642801	0.944138473642801	1
2	239049494	239049495	30	5	2	1	1	1	NA	NA	NA	unphased	0.921658986175115	0.921658986175115	1
20	1617080	1617081	42	10	1	1	0	0.02	0	1	0.98	unphased	1.04838709677419	1.04838709677419	1
20	3018721	3018722	77	16	1	1	0	0.02	0	1	0.98	unphased	0.937911897329171	0.937911897329171	1
20	9459612	9459613	24	5	1	1	0	0.02	0	1	0.98	unphased	0.939933259176863	0.939933259176863	1
20	42893133	42893134	36	6	1	1	0	0.02	0	1	0.98	unphased	0.778801843317972	0.778801843317972	1
20	47989563	47989564	37	4	1	1	0	0.02	0	1	0.98	unphased	0.531864673485445	0.531864673485445	1
20	57768947	57768948	66	11	1	1	0	0.02	0	1	0.98	unphased	0.778801843317972	0.778801843317972	1
20	62493423	62493424	14	3	NA	NA	NA	NA	NA	NA	NA	unphased	NA	NA	1
20	62839560	62839561	92	20	NA	NA	NA	NA	NA	NA	NA	unphased	NA	NA	1
21	32185357	32185358	54	18	1	1	0	1	NA	NA	NA	unphased	1.36290322580645	1.36290322580645	1
22	19029327	19029328	53	5	1	1	0	1	NA	NA	NA	unphased	0.469966629588432	0.469966629588432	1
22	40366980	40366981	36	10	1	1	0	1	NA	NA	NA	unphased	1.1851332398317	1.1851332398317	1
3	26751339	26751340	43	9	1	1	0	1	NA	NA	NA	unphased	0.943548387096774	0.943548387096774	1
3	44948496	44948497	66	6	1	1	0	1	NA	NA	NA	unphased	0.454301075268817	0.454301075268817	1
3	98109905	98109906	87	52	2	2	0	1	NA	NA	NA	unphased	2.41355302854491	1.20677651427245	2
3	131404801	131404802	30	14	2	2	0	1	NA	NA	NA	unphased	2.05278592375367	1.02639296187683	2
3	150931004	150931005	57	24	2	2	0	1	NA	NA	NA	unphased	1.9115890083632	0.955794504181601	2
3	151474790	151474791	43	30	2	2	0	1	NA	NA	NA	unphased	2.65134776844896	1.32567388422448	2
3	183689507	183689508	39	18	2	2	0	1	NA	NA	NA	unphased	2.03735144312394	1.01867572156197	2
3	196089415	196089416	109	49	2	2	0	1	NA	NA	NA	unphased	2.00081665986117	1.00040832993058	2
4	22749244	22749245	121	27	1	1	0	1	NA	NA	NA	unphased	0.994551002615519	0.994551002615519	1
4	42554574	42554575	74	12	1	1	0	1	NA	NA	NA	unphased	0.760690172543136	0.760690172543136	1
4	46086070	46086071	11	4	1	1	0	1	NA	NA	NA	unphased	1.45376344086022	1.45376344086022	1
4	66201736	66201737	47	9	1	1	0	1	NA	NA	NA	unphased	0.876152073732719	0.876152073732719	1
4	68919561	68919562	17	6	1	1	0	1	NA	NA	NA	unphased	1.42215988779804	1.42215988779804	1
4	69962327	69962328	104	17	1	1	0	1	NA	NA	NA	unphased	0.765929085577179	0.765929085577179	1
4	139980358	139980359	108	24	1	1	0	1	NA	NA	NA	unphased	0.991202346041056	0.991202346041056	1
4	155226378	155226379	29	6	1	1	0	1	NA	NA	NA	unphased	0.934562211981567	0.934562211981567	1
4	159568061	159568062	96	11	1	1	0	1	NA	NA	NA	unphased	0.560446186312933	0.560446186312933	1
4	178896989	178896990	86	19	1	1	0	1	NA	NA	NA	unphased	0.986482334869432	0.986482334869432	1
4	190883019	190883020	254	23	NA	NA	NA	NA	NA	NA	NA	unphased	NA	NA	1
5	908505	908506	47	8	NA	NA	NA	NA	NA	NA	NA	unphased	NA	NA	1
5	11364897	11364898	38	4	1	1	0	0.06	0	1	0.94	unphased	0.519201228878648	0.519201228878648	1
5	13786381	13786382	51	12	1	1	0	0.06	0	1	0.94	unphased	1.0384024577573	1.0384024577573	1
5	24509703	24509704	72	17	1	1	0	0.06	0	1	0.94	unphased	1.04131931859369	1.04131931859369	1
5	31294066	31294067	76	6	1	1	0	0.06	0	1	0.94	unphased	0.398898505114083	0.398898505114083	1
5	35753775	35753776	127	23	1	1	0	0.06	0	1	0.94	unphased	0.835913978494624	0.835913978494624	1
5	53815084	53815085	37	4	1	1	0	0.06	0	1	0.94	unphased	0.531864673485445	0.531864673485445	1
5	55168176	55168177	65	18	1	1	0	0.06	0	1	0.94	unphased	1.18227749708511	1.18227749708511	1
5	112214481	112214482	100	23	1	1	0	0.06	0	1	0.94	unphased	1.0194072908471	1.0194072908471	1
5	121187724	121187725	9	5	1	1	0	0.06	0	1	0.94	unphased	1.94700460829493	1.94700460829493	1
5	138713676	138713677	14	3	1	1	0	0.06	0	1	0.94	unphased	0.962049335863378	0.962049335863378	1
5	138994324	138994325	60	18	1	1	0	0.06	0	1	0.94	unphased	1.25806451612903	1.25806451612903	1
5	140537600	140537601	71	11	1	1	0	0.06	0	1	0.94	unphased	0.731313926042486	0.731313926042486	1
5	140537601	140537602	74	11	1	1	0	0.06	0	1	0.94	unphased	0.70550284629981	0.70550284629981	1
5	140753948	140753949	60	12	1	1	0	0.06	0	1	0.94	unphased	0.908602150537634	0.908602150537634	1
5	140767760	140767761	35	7	1	1	0	0.06	0	1	0.94	unphased	0.908602150537634	0.908602150537634	1
5	175716731	175716732	14	5	1	1	0	0.06	0	1	0.94	unphased	1.43463497453311	1.43463497453311	1
5	176026690	176026691	79	13	1	1	0	0.06	0	1	0.94	unphased	0.770336605890603	0.770336605890603	1
5	176887644	176887645	41	5	1	1	0	0.06	0	1	0.94	unphased	0.592566619915848	0.592566619915848	1
6	348144	348145	140	12	NA	NA	NA	NA	NA	NA	NA	unphased	NA	NA	1
6	33287400	33287401	68	31	2	2	0	1	NA	NA	NA	unphased	2.02020202020202	1.01010101010101	2
6	36274106	36274107	136	32	2	2	0	1	NA	NA	NA	unphased	1.22887864823349	1.22887864823349	1
6	43538666	43538667	105	43	2	2	0	1	NA	NA	NA	unphased	1.87445510026155	0.937227550130776	2
6	49586928	49586929	53	16	2	2	0	1	NA	NA	NA	unphased	1.49602618045816	1.49602618045816	1
6	53133855	53133856	37	21	2	2	0	1	NA	NA	NA	unphased	2.33592880978865	1.16796440489433	2
6	74073548	74073549	29	8	2	2	0	1	NA	NA	NA	unphased	1.3949433304272	1.3949433304272	1
6	87967001	87967002	16	11	2	2	0	1	NA	NA	NA	unphased	2.6284348864994	1.3142174432497	2
6	136597525	136597526	511	39	2	2	0	1	NA	NA	NA	unphased	0.457478005865103	0.457478005865103	1
7	2622282	2622283	16	4	1	1	0	1	NA	NA	NA	unphased	1.09032258064516	1.09032258064516	1
7	20739551	20739552	32	6	1	1	0	1	NA	NA	NA	unphased	0.860780984719864	0.860780984719864	1
7	27135408	27135409	46	9	1	1	0	1	NA	NA	NA	unphased	0.89208211143695	0.89208211143695	1
7	56087348	56087349	35	5	1	1	0	1	NA	NA	NA	unphased	0.681451612903226	0.681451612903226	1
7	56087350	56087351	35	5	1	1	0	1	NA	NA	NA	unphased	0.681451612903226	0.681451612903226	1
7	57188425	57188426	31	4	1	1	0	1	NA	NA	NA	unphased	0.623041474654378	0.623041474654378	1
7	64639798	64639799	72	9	1	1	0	1	NA	NA	NA	unphased	0.60573476702509	0.60573476702509	1
7	82583853	82583854	45	11	3	2	1	1	NA	NA	NA	unphased	1.46370967741935	1.46370967741935	1
7	83636732	83636733	73	38	3	2	1	1	NA	NA	NA	unphased	2.55100261551874	1.27550130775937	2
7	88424135	88424136	142	36	3	2	1	1	NA	NA	NA	unphased	1.5070677781805	0.75353388909025	2
7	91712730	91712731	60	14	3	2	1	1	NA	NA	NA	unphased	1.40976460331299	1.40976460331299	1
7	92733293	92733294	151	56	3	2	1	1	NA	NA	NA	unphased	2.01589527816737	1.00794763908368	2
7	94057002	94057003	77	29	3	2	1	1	NA	NA	NA	unphased	2.03864881314668	1.01932440657334	2
7	97362025	97362026	64	22	3	2	1	1	NA	NA	NA	unphased	1.90622655663916	0.95311327831958	2
7	97852405	97852406	13	3	3	2	1	1	NA	NA	NA	unphased	1.39717741935484	1.39717741935484	1
7	99074070	99074071	34	9	3	2	1	1	NA	NA	NA	unphased	1.55963990997749	1.55963990997749	1
7	101090976	101090977	7	3	3	2	1	1	NA	NA	NA	unphased	2.23548387096774	2.23548387096774	1
7	102667915	102667916	83	14	3	2	1	1	NA	NA	NA	unphased	1.07549052211506	1.07549052211506	1
7	107427871	107427872	165	31	3	2	1	1	NA	NA	NA	unphased	1.17857142857143	1.17857142857143	1
7	107871485	107871486	57	4	3	2	1	1	NA	NA	NA	unphased	0.488630354309889	0.488630354309889	1
7	113518072	113518073	231	34	3	2	1	1	NA	NA	NA	unphased	0.956055995130858	0.956055995130858	1
7	123349178	123349179	49	22	3	2	1	1	NA	NA	NA	unphased	2.30895047705588	1.15447523852794	2
7	124503539	124503540	123	53	3	2	1	1	NA	NA	NA	unphased	2.24395161290323	1.12197580645161	2
7	124510992	124510993	93	14	3	2	1	1	NA	NA	NA	unphased	0.974977389207115	0.974977389207115	1
7	129919382	129919383	65	23	3	2	1	1	NA	NA	NA	unphased	1.94758064516129	0.973790322580645	2
7	132169703	132169704	67	31	3	2	1	1	NA	NA	NA	unphased	2.35714285714286	1.17857142857143	2
7	135311039	135311040	83	27	3	2	1	1	NA	NA	NA	unphased	1.82903225806452	0.914516129032258	2
7	142032318	142032319	13	7	3	2	1	1	NA	NA	NA	unphased	2.60806451612903	1.30403225806452	2
7	142124243	142124244	173	27	3	2	1	1	NA	NA	NA	unphased	1.00596774193548	1.00596774193548	1
7	142562113	142562114	329	43	3	2	1	1	NA	NA	NA	unphased	0.861342351716961	0.861342351716961	1
7	143657536	143657537	46	19	3	2	1	1	NA	NA	NA	unphased	2.17816377171216	1.08908188585608	2
7	143827060	143827061	186	42	3	2	1	1	NA	NA	NA	unphased	1.37266553480475	0.686332767402377	2
7	148312476	148312477	127	17	3	2	1	1	NA	NA	NA	unphased	0.879704301075269	0.879704301075269	1
7	148964254	148964255	36	4	3	2	1	1	NA	NA	NA	unphased	0.745161290322581	0.745161290322581	1
7	150027588	150027589	177	39	3	2	1	1	NA	NA	NA	unphased	1.34543010752688	0.672715053763441	2
7	157000137	157000138	209	25	3	2	1	1	NA	NA	NA	unphased	0.796112489660877	0.796112489660877	1
8	2020567	2020568	19	6	1	1	0	1	NA	NA	NA	unphased	1.30838709677419	1.30838709677419	1
8	2057200	2057201	36	9	1	1	0	1	NA	NA	NA	unphased	1.09032258064516	1.09032258064516	1
8	10468154	10468155	43	4	1	1	0	1	NA	NA	NA	unphased	0.463967055593686	0.463967055593686	1
8	19362785	19362786	52	6	1	1	0	1	NA	NA	NA	unphased	0.563959955506118	0.563959955506118	1
8	27737265	27737266	16	5	1	1	0	1	NA	NA	NA	unphased	1.29800307219662	1.29800307219662	1
8	36663792	36663793	21	5	1	1	0	1	NA	NA	NA	unphased	1.04838709677419	1.04838709677419	1
8	52325733	52325734	44	14	1	1	0	1	NA	NA	NA	unphased	1.31590656284761	1.31590656284761	1
8	113299382	113299383	88	24	1	1	0	1	NA	NA	NA	unphased	1.16820276497696	1.16820276497696	1
8	139609155	139609156	210	76	1	1	0	1	NA	NA	NA	unphased	1.44868035190616	1.44868035190616	1
8	144641995	144641996	26	5	1	1	0	1	NA	NA	NA	unphased	0.879292403746098	0.879292403746098	1
9	5534763	5534764	64	8	2	1	1	1	NA	NA	NA	unphased	0.716845878136201	0.716845878136201	1
9	8465643	8465644	83	10	2	1	1	1	NA	NA	NA	unphased	0.693721817551162	0.693721817551162	1
9	12821418	12821419	148	28	2	1	1	1	NA	NA	NA	unphased	1.02639296187683	1.02639296187683	1
9	37746165	37746166	71	15	2	1	1	1	NA	NA	NA	unphased	1.12528132033008	1.12528132033008	1
9	78601128	78601129	75	16	2	1	1	1	NA	NA	NA	unphased	1.1343495214463	1.1343495214463	1
9	79321908	79321909	50	5	2	1	1	1	NA	NA	NA	unphased	0.586510263929619	0.586510263929619	1
9	79933208	79933209	93	17	2	1	1	1	NA	NA	NA	unphased	0.997067448680352	0.997067448680352	1
9	100126311	100126312	32	7	2	1	1	1	NA	NA	NA	unphased	1.15798180314309	1.15798180314309	1
9	102594967	102594968	39	12	2	1	1	1	NA	NA	NA	unphased	1.5180265654649	1.5180265654649	1
9	102778707	102778708	52	10	2	1	1	1	NA	NA	NA	unphased	1.04058272632674	1.04058272632674	1
9	117124770	117124771	8	3	2	1	1	1	NA	NA	NA	unphased	1.75953079178886	1.75953079178886	1
9	122075576	122075577	74	24	2	1	1	1	NA	NA	NA	unphased	1.57998683344305	1.57998683344305	1
9	130251777	130251778	8	3	2	1	1	1	NA	NA	NA	unphased	1.75953079178886	1.75953079178886	1
9	135447818	135447819	36	13	2	1	1	1	NA	NA	NA	unphased	1.71165240289664	1.71165240289664	1
9	137777621	137777622	43	6	2	1	1	1	NA	NA	NA	unphased	0.789993416721527	0.789993416721527	1
9	138011773	138011774	35	4	2	1	1	1	NA	NA	NA	unphased	0.661703887510339	0.661703887510339	1
9	138011774	138011775	36	3	2	1	1	1	NA	NA	NA	unphased	0.496277915632754	0.496277915632754	1
9	140389497	140389498	46	11	2	1	1	1	NA	NA	NA	unphased	1.2450481041313	1.2450481041313	1
X	12708434	12708435	90	19	NA	NA	NA	NA	NA	NA	NA	unphased	NA	NA	1
X	17818840	17818841	149	6	NA	NA	NA	NA	NA	NA	NA	unphased	NA	NA	1
X	17818841	17818842	148	6	NA	NA	NA	NA	NA	NA	NA	unphased	NA	NA	1
X	32503070	32503071	44	3	NA	NA	NA	NA	NA	NA	NA	unphased	NA	NA	1
X	65474944	65474945	44	6	NA	NA	NA	NA	NA	NA	NA	unphased	NA	NA	1
X	73961403	73961404	48	14	NA	NA	NA	NA	NA	NA	NA	unphased	NA	NA	1
X	73963751	73963752	111	26	NA	NA	NA	NA	NA	NA	NA	unphased	NA	NA	1
X	89177128	89177129	32	4	NA	NA	NA	NA	NA	NA	NA	unphased	NA	NA	1
X	104440259	104440260	54	16	NA	NA	NA	NA	NA	NA	NA	unphased	NA	NA	1
X	109697656	109697657	146	32	NA	NA	NA	NA	NA	NA	NA	unphased	NA	NA	1
X	130409974	130409975	55	11	NA	NA	NA	NA	NA	NA	NA	unphased	NA	NA	1
X	140926217	140926218	104	27	NA	NA	NA	NA	NA	NA	NA	unphased	NA	NA	1
X	151896251	151896252	44	12	NA	NA	NA	NA	NA	NA	NA	unphased	NA	NA	1
