chr	start	end	WT.count	mut.count	subclonal.CN	nMaj1	nMin1	frac1	nMaj2	nMin2	frac2	phase	mutation.copy.number	subclonal.fraction	no.chrs.bearing.mut
1	1735940	1735941	56	13	NA	NA	NA	NA	NA	NA	NA	unphased	NA	NA	1
1	6212557	6212558	51	5	2.62	2	1	0.81	1	0	0.19	unphased	0.427380952380952	0.527630805408583	0.81
1	17295744	17295745	20	7	2.62	2	1	0.81	1	0	0.19	unphased	1.24098765432099	1.24098765432099	1
1	25599053	25599054	75	27	2.62	2	1	0.81	1	0	0.19	unphased	1.26705882352941	1.26705882352941	1
1	25812154	25812155	60	44	2.62	2	1	0.81	1	0	0.19	unphased	2.02512820512821	1.11885536194928	1.81
1	28209198	28209199	52	3	2.62	2	1	0.81	1	0	0.19	unphased	0.261090909090909	0.261090909090909	1
1	29185557	29185558	65	46	2.62	2	1	0.81	1	0	0.19	unphased	1.98366366366366	1.09594677550479	1.81
1	29344941	29344942	81	21	2.62	2	1	0.81	1	0	0.19	unphased	0.985490196078431	0.985490196078431	1
1	32133783	32133784	42	14	2.62	2	1	0.81	1	0	0.19	unphased	1.19666666666667	1.19666666666667	1
1	32384697	32384698	26	4	2.62	2	1	0.81	1	0	0.19	unphased	0.638222222222222	0.638222222222222	1
1	45293818	45293819	54	14	2.62	2	1	0.81	1	0	0.19	unphased	0.985490196078431	0.985490196078431	1
1	47691504	47691505	29	6	2.62	2	1	0.81	1	0	0.19	unphased	0.820571428571429	0.820571428571429	1
1	66798113	66798114	69	17	2.62	2	1	0.81	1	0	0.19	unphased	0.946201550387597	0.946201550387597	1
1	70257802	70257803	88	23	2.62	2	1	0.81	1	0	0.19	unphased	0.991831831831832	0.991831831831832	1
1	75037665	75037666	46	10	2.62	2	1	0.81	1	0	0.19	unphased	0.854761904761905	0.854761904761905	1
1	86921042	86921043	134	73	2.62	2	1	0.81	1	0	0.19	unphased	1.68805152979066	0.932625154580475	1.81
1	91781505	91781506	22	4	2.62	2	1	0.81	1	0	0.19	unphased	0.736410256410256	0.736410256410256	1
1	102270216	102270217	42	12	2.62	2	1	0.81	1	0	0.19	unphased	1.0637037037037	1.0637037037037	1
1	115524082	115524083	70	4	2.62	2	1	0.81	1	0	0.19	unphased	0.258738738738739	0.258738738738739	1
1	118477232	118477233	75	18	2.62	2	1	0.81	1	0	0.19	unphased	0.926451612903226	0.926451612903226	1
1	148344735	148344736	362	31	2.62	2	1	0.81	1	0	0.19	unphased	0.377574215436811	0.377574215436811	1
1	152084686	152084687	42	6	2.62	2	1	0.81	1	0	0.19	unphased	0.598333333333333	0.598333333333333	1
1	152187858	152187859	113	70	2.62	2	1	0.81	1	0	0.19	unphased	1.83096539162113	1.01158308929344	1.81
1	154794599	154794600	47	7	2.62	2	1	0.81	1	0	0.19	unphased	0.620493827160494	0.620493827160494	1
1	158669944	158669945	42	23	2.62	2	1	0.81	1	0	0.19	unphased	1.69374358974359	0.935769939084856	1.81
1	158943550	158943551	56	10	2.62	2	1	0.81	1	0	0.19	unphased	0.725252525252525	0.725252525252525	1
1	158943551	158943552	55	10	2.62	2	1	0.81	1	0	0.19	unphased	0.736410256410256	0.736410256410256	1
1	167096166	167096167	24	18	2.62	2	1	0.81	1	0	0.19	unphased	2.05142857142857	1.13338595106551	1.81
1	172007502	172007503	64	35	2.62	2	1	0.81	1	0	0.19	unphased	1.69225589225589	0.934948006771211	1.81
1	175348714	175348715	28	16	2.62	2	1	0.81	1	0	0.19	unphased	1.74060606060606	0.961660806964674	1.81
1	176734913	176734914	99	21	2.62	2	1	0.81	1	0	0.19	unphased	0.837666666666667	0.837666666666667	1
1	181022728	181022729	76	39	2.62	2	1	0.81	1	0	0.19	unphased	1.62330434782609	0.896853230843142	1.81
1	183556089	183556090	80	14	2.62	2	1	0.81	1	0	0.19	unphased	0.71290780141844	0.71290780141844	1
1	184764369	184764370	40	7	2.62	2	1	0.81	1	0	0.19	unphased	0.71290780141844	0.71290780141844	1
1	193150273	193150274	104	53	2.62	2	1	0.81	1	0	0.19	unphased	1.61588110403397	0.892751991178989	1.81
1	200017435	200017436	93	55	2.62	2	1	0.81	1	0	0.19	unphased	1.77882882882883	0.982778358468966	1.81
1	211652541	211652542	9	7	2.62	2	1	0.81	1	0	0.19	unphased	2.09416666666667	1.15699815837937	1.81
1	220089207	220089208	76	51	2.62	2	1	0.81	1	0	0.19	unphased	1.92220472440945	1.06199156044721	1.81
1	220089208	220089209	73	50	2.62	2	1	0.81	1	0	0.19	unphased	1.94579945799458	1.07502732485888	1.81
1	227922484	227922485	28	16	2.62	2	1	0.81	1	0	0.19	unphased	1.74060606060606	0.961660806964674	1.81
1	228246696	228246697	17	4	2.62	2	1	0.81	1	0	0.19	unphased	0.911746031746032	0.911746031746032	1
1	229438695	229438696	86	54	2.62	2	1	0.81	1	0	0.19	unphased	1.84628571428571	1.02004735595896	1.81
1	237886464	237886465	160	41	2.62	2	1	0.81	1	0	0.19	unphased	0.976384742951907	0.976384742951907	1
1	238045812	238045813	46	21	2.62	2	1	0.81	1	0	0.19	unphased	1.50029850746269	0.828894203018059	1.81
1	240071383	240071384	172	31	2.62	2	1	0.81	1	0	0.19	unphased	0.730968801313629	0.902430618905715	0.81
1	247588876	247588877	35	11	2.62	2	1	0.81	1	0	0.19	unphased	1.14463768115942	1.14463768115942	1
1	248308929	248308930	185	105	NA	NA	NA	NA	NA	NA	NA	unphased	NA	NA	1
1	248684962	248684963	74	19	NA	NA	NA	NA	NA	NA	NA	unphased	NA	NA	1
1	248757004	248757005	34	18	NA	NA	NA	NA	NA	NA	NA	unphased	NA	NA	1
10	1142198	1142199	47	11	1.46	1	1	0.46	1	0	0.54	unphased	0.687816091954023	0.687816091954023	1
10	6470182	6470183	109	33	1.46	1	1	0.46	1	0	0.54	unphased	0.842816901408451	0.842816901408451	1
10	15145672	15145673	29	11	1.46	1	1	0.46	1	0	0.54	unphased	0.997333333333334	0.997333333333334	1
10	17905644	17905645	62	33	1.46	1	1	0.46	1	0	0.54	unphased	1.25978947368421	1.25978947368421	1
10	17905645	17905646	61	35	1.46	1	1	0.46	1	0	0.54	unphased	1.32222222222222	1.32222222222222	1
10	28879758	28879759	19	6	1.46	1	1	0.46	1	0	0.54	unphased	0.8704	0.8704	1
10	37508420	37508421	43	7	1.46	1	1	0.46	1	0	0.54	unphased	0.507733333333333	1.10376811594203	0.46
10	45644308	45644309	21	5	1.46	1	1	0.46	1	0	0.54	unphased	0.697435897435898	0.697435897435898	1
10	45644309	45644310	20	4	1.46	1	1	0.46	1	0	0.54	unphased	0.604444444444444	0.604444444444444	1
10	46143982	46143983	38	5	1.46	1	1	0.46	1	0	0.54	unphased	0.421705426356589	0.91675092686215	0.46
10	73122149	73122150	65	20	1.46	1	1	0.46	1	0	0.54	unphased	0.853333333333333	0.853333333333333	1
10	75519448	75519449	14	3	1.46	1	1	0.46	1	0	0.54	unphased	0.64	0.64	1
10	89624296	89624297	61	10	2	1	1	1	NA	NA	NA	unphased	0.586854460093897	0.586854460093897	1
10	90966672	90966673	37	10	2	1	1	1	NA	NA	NA	unphased	0.886524822695036	0.886524822695036	1
10	97387243	97387244	143	36	2	1	1	1	NA	NA	NA	unphased	0.837988826815643	0.837988826815643	1
10	119029875	119029876	76	21	2	1	1	1	NA	NA	NA	unphased	0.902061855670103	0.902061855670103	1
10	124361518	124361519	121	28	2	1	1	1	NA	NA	NA	unphased	0.782997762863535	0.782997762863535	1
10	124395558	124395559	50	14	2	1	1	1	NA	NA	NA	unphased	0.911458333333333	0.911458333333333	1
10	131640443	131640444	94	27	2	1	1	1	NA	NA	NA	unphased	0.929752066115702	0.929752066115702	1
10	135165552	135165553	64	20	2	1	1	1	NA	NA	NA	unphased	0.992063492063492	0.992063492063492	1
11	1093718	1093719	167	13	1.84	2	1	0.42	1	0	0.58	unphased	0.28937037037037	0.688977072310406	0.42
11	1093719	1093720	169	13	1.84	2	1	0.42	1	0	0.58	unphased	0.286190476190476	0.68140589569161	0.42
11	3380337	3380338	28	5	1.84	2	1	0.42	1	0	0.58	unphased	0.607070707070707	0.607070707070707	1
11	5411175	5411176	116	83	1.84	2	1	0.42	1	0	0.58	unphased	1.67112227805695	1.17684667468799	1.42
11	5758379	5758380	45	3	1.84	2	1	0.42	1	0	0.58	unphased	0.250416666666667	0.596230158730159	0.42
11	6244977	6244978	224	48	1.84	2	1	0.42	1	0	0.58	unphased	0.707058823529412	0.707058823529412	1
11	17169092	17169093	42	12	1.84	2	1	0.42	1	0	0.58	unphased	0.89037037037037	0.89037037037037	1
11	17408915	17408916	57	11	1.84	2	1	0.42	1	0	0.58	unphased	0.648137254901961	0.648137254901961	1
11	20178058	20178059	55	16	1.84	2	1	0.42	1	0	0.58	unphased	0.902910798122066	0.902910798122066	1
11	20652291	20652292	126	31	1.84	2	1	0.42	1	0	0.58	unphased	0.791125265392781	0.791125265392781	1
11	31482253	31482254	29	8	1.84	2	1	0.42	1	0	0.58	unphased	0.866306306306306	0.866306306306306	1
11	31482254	31482255	28	8	1.84	2	1	0.42	1	0	0.58	unphased	0.89037037037037	0.89037037037037	1
11	32635863	32635864	35	7	1.84	2	1	0.42	1	0	0.58	unphased	0.667777777777778	0.667777777777778	1
11	36103230	36103231	91	24	1.84	2	1	0.42	1	0	0.58	unphased	0.836173913043478	0.836173913043478	1
11	51411674	51411675	37	25	1.84	2	1	0.42	1	0	0.58	unphased	1.61559139784946	1.13774042102075	1.42
11	55861263	55861264	120	31	1.84	2	1	0.42	1	0	0.58	unphased	0.822560706401766	0.822560706401766	1
11	56043475	56043476	127	67	1.84	2	1	0.42	1	0	0.58	unphased	1.38374570446735	0.974468805962925	1.42
11	56085944	56085945	162	39	1.84	2	1	0.42	1	0	0.58	unphased	0.777412935323383	0.777412935323383	1
11	57798735	57798736	111	45	1.84	2	1	0.42	1	0	0.58	unphased	1.15576923076923	1.15576923076923	1
11	57886613	57886614	50	7	1.84	2	1	0.42	1	0	0.58	unphased	0.492046783625731	1.17153996101365	0.42
11	57982830	57982831	83	28	1.84	2	1	0.42	1	0	0.58	unphased	1.01069069069069	1.01069069069069	1
11	78381585	78381586	87	5	1.84	2	1	0.42	1	0	0.58	unphased	0.217753623188406	0.518461007591442	0.42
11	88300986	88300987	63	6	1.84	2	1	0.42	1	0	0.58	unphased	0.348405797101449	0.829537612146308	0.42
11	88780658	88780659	47	35	1.84	2	1	0.42	1	0	0.58	unphased	1.71016260162602	1.20433986030001	1.42
11	89424171	89424172	56	33	1.84	2	1	0.42	1	0	0.58	unphased	1.48561797752809	1.04620984332964	1.42
11	94564620	94564621	120	9	1.84	2	1	0.42	1	0	0.58	unphased	0.27953488372093	0.665559246954596	0.42
11	103325911	103325912	22	36	1.84	2	1	0.42	1	0	0.58	unphased	2.48689655172414	1.75133559980573	1.42
11	106849436	106849437	20	21	1.84	2	1	0.42	1	0	0.58	unphased	2.05219512195122	1.44520783236001	1.42
11	107974964	107974965	104	13	1.84	2	1	0.42	1	0	0.58	unphased	0.445185185185185	1.05996472663139	0.42
11	111631731	111631732	54	10	1.84	2	1	0.42	1	0	0.58	unphased	0.626041666666667	0.626041666666667	1
11	121000423	121000424	217	35	1.84	2	1	0.42	1	0	0.58	unphased	0.556481481481481	1.32495590828924	0.42
11	121016564	121016565	78	63	1.84	2	1	0.42	1	0	0.58	unphased	1.79021276595745	1.26071321546299	1.42
11	124180464	124180465	45	23	1.84	2	1	0.42	1	0	0.58	unphased	1.35519607843137	1.35519607843137	1
11	124481614	124481615	18	14	1.84	2	1	0.42	1	0	0.58	unphased	1.75291666666667	1.23444835680751	1.42
11	124743269	124743270	9	11	1.84	2	1	0.42	1	0	0.58	unphased	2.20366666666667	1.5518779342723	1.42
11	125618574	125618575	110	13	1.84	2	1	0.42	1	0	0.58	unphased	0.423468834688347	1.00825913021035	0.42
11	128850493	128850494	105	11	1.84	2	1	0.42	1	0	0.58	unphased	0.379942528735632	0.904625068418172	0.42
11	130332492	130332493	67	17	1.84	2	1	0.42	1	0	0.58	unphased	0.810873015873016	0.810873015873016	1
11	134054815	134054816	419	18	1.84	2	1	0.42	1	0	0.58	unphased	0.165034324942792	0.165034324942792	1
12	7802288	7802289	22	12	4	2	2	1	NA	NA	NA	unphased	2.17647058823529	1.08823529411765	2
12	13717499	13717500	105	56	4	2	2	1	NA	NA	NA	unphased	2.14492753623188	1.07246376811594	2
12	26592166	26592167	77	53	4	2	2	1	NA	NA	NA	unphased	2.51410256410256	1.25705128205128	2
12	28116697	28116698	100	44	4	2	2	1	NA	NA	NA	unphased	1.88425925925926	0.94212962962963	2
12	31820656	31820657	59	18	4	2	2	1	NA	NA	NA	unphased	1.44155844155844	1.44155844155844	1
12	43925938	43925939	92	42	4	2	2	1	NA	NA	NA	unphased	1.93283582089552	0.966417910447761	2
12	45814858	45814859	87	33	4	2	2	1	NA	NA	NA	unphased	1.69583333333333	0.847916666666667	2
12	49580522	49580523	82	30	4	2	2	1	NA	NA	NA	unphased	1.65178571428571	0.825892857142857	2
12	52309975	52309976	26	15	4	2	2	1	NA	NA	NA	unphased	2.25609756097561	1.1280487804878	2
12	52912741	52912742	201	8	4	2	2	1	NA	NA	NA	unphased	0.236044657097289	0.236044657097289	1
12	56221239	56221240	129	20	4	2	2	1	NA	NA	NA	unphased	0.827740492170022	0.827740492170022	1
12	57432272	57432273	64	24	4	2	2	1	NA	NA	NA	unphased	1.68181818181818	0.840909090909091	2
12	57442012	57442013	57	16	4	2	2	1	NA	NA	NA	unphased	1.35159817351598	1.35159817351598	1
12	76461175	76461176	88	44	4	2	2	1	NA	NA	NA	unphased	2.05555555555556	1.02777777777778	2
12	76461176	76461177	89	42	4	2	2	1	NA	NA	NA	unphased	1.97709923664122	0.988549618320611	2
12	79679691	79679692	36	14	4	2	2	1	NA	NA	NA	unphased	1.72666666666667	0.863333333333333	2
12	79679692	79679693	36	14	4	2	2	1	NA	NA	NA	unphased	1.72666666666667	0.863333333333333	2
12	99077001	99077002	68	29	4	2	2	1	NA	NA	NA	unphased	1.84364261168385	0.921821305841924	2
12	104071253	104071254	105	57	4	2	2	1	NA	NA	NA	unphased	2.16975308641975	1.08487654320988	2
12	117660573	117660574	116	63	4	2	2	1	NA	NA	NA	unphased	2.17039106145251	1.08519553072626	2
12	129559308	129559309	122	49	4	2	2	1	NA	NA	NA	unphased	1.76705653021442	0.883528265107212	2
12	133233824	133233825	117	37	NA	NA	NA	NA	NA	NA	NA	unphased	NA	NA	1
13	77844181	77844182	125	27	1.02	2	0	0.02	0	1	0.98	unphased	0.566052631578947	0.566052631578947	1
13	93879844	93879845	10	7	1.02	2	0	0.02	0	1	0.98	unphased	1.3121568627451	1.3121568627451	1
13	99578109	99578110	8	5	1.02	2	0	0.02	0	1	0.98	unphased	1.22564102564103	1.22564102564103	1
13	102359208	102359209	127	6	1.02	2	0	0.02	0	1	0.98	unphased	0.143759398496241	0.143759398496241	1
13	108862406	108862407	105	6	1.02	2	0	0.02	0	1	0.98	unphased	0.172252252252252	0.172252252252252	1
13	109318370	109318371	21	25	1.02	2	0	0.02	0	1	0.98	unphased	1.73188405797101	1.69792554703041	1.02
13	113824725	113824726	44	32	1.02	2	0	0.02	0	1	0.98	unphased	1.34175438596491	1.31544547643619	1.02
14	20768899	20768900	59	62	3	3	0	1	NA	NA	NA	unphased	2.64738292011019	0.882460973370064	3
14	60097239	60097240	56	56	3	3	0	1	NA	NA	NA	unphased	2.58333333333333	0.861111111111111	3
14	62547651	62547652	8	11	3	3	0	1	NA	NA	NA	unphased	2.99122807017544	0.997076023391813	3
14	64676107	64676108	35	3	3	3	0	1	NA	NA	NA	unphased	0.407894736842105	0.407894736842105	1
14	65239542	65239543	36	6	3	3	0	1	NA	NA	NA	unphased	0.738095238095238	0.738095238095238	1
14	70515732	70515733	37	3	3	3	0	1	NA	NA	NA	unphased	0.3875	0.3875	1
14	88654338	88654339	53	56	3	3	0	1	NA	NA	NA	unphased	2.65443425076453	0.884811416921509	3
14	88729617	88729618	41	4	3	3	0	1	NA	NA	NA	unphased	0.459259259259259	0.459259259259259	1
14	89041103	89041104	24	21	3	3	0	1	NA	NA	NA	unphased	2.41111111111111	0.803703703703704	3
14	92091350	92091351	10	10	3	3	0	1	NA	NA	NA	unphased	2.58333333333333	0.861111111111111	3
14	100809627	100809628	20	6	3	3	0	1	NA	NA	NA	unphased	1.19230769230769	1.19230769230769	1
14	102376003	102376004	34	42	3	3	0	1	NA	NA	NA	unphased	2.85526315789474	0.951754385964912	3
14	105356000	105356001	56	12	3	3	0	1	NA	NA	NA	unphased	0.911764705882353	0.911764705882353	1
14	105931140	105931141	17	11	3	3	0	1	NA	NA	NA	unphased	2.0297619047619	1.01488095238095	2
14	106452903	106452904	68	68	NA	NA	NA	NA	NA	NA	NA	unphased	NA	NA	1
15	23049236	23049237	19	3	NA	NA	NA	NA	NA	NA	NA	unphased	NA	NA	1
15	33999129	33999130	6	7	2	2	0	1	NA	NA	NA	unphased	2.24358974358974	1.12179487179487	2
15	45444550	45444551	19	16	2	2	0	1	NA	NA	NA	unphased	1.9047619047619	0.952380952380952	2
15	49037095	49037096	18	14	2	2	0	1	NA	NA	NA	unphased	1.82291666666667	0.911458333333333	2
15	52476877	52476878	26	25	2	2	0	1	NA	NA	NA	unphased	2.04248366013072	1.02124183006536	2
15	52521423	52521424	37	30	2	2	0	1	NA	NA	NA	unphased	1.86567164179104	0.932835820895522	2
15	54529859	54529860	7	8	2	2	0	1	NA	NA	NA	unphased	2.22222222222222	1.11111111111111	2
15	64332417	64332418	39	39	2	2	0	1	NA	NA	NA	unphased	2.08333333333333	1.04166666666667	2
15	80414100	80414101	23	5	2	2	0	1	NA	NA	NA	unphased	0.744047619047619	0.744047619047619	1
15	87089303	87089304	20	15	2	2	0	1	NA	NA	NA	unphased	1.78571428571429	0.892857142857143	2
15	88522529	88522530	18	19	2	2	0	1	NA	NA	NA	unphased	2.13963963963964	1.06981981981982	2
15	90019996	90019997	33	23	2	2	0	1	NA	NA	NA	unphased	1.71130952380952	0.855654761904762	2
15	99434839	99434840	23	7	2	2	0	1	NA	NA	NA	unphased	0.972222222222222	0.972222222222222	1
16	1272314	1272315	49	14	2	1	1	1	NA	NA	NA	unphased	0.925925925925926	0.925925925925926	1
16	3190989	3190990	16	3	2	1	1	1	NA	NA	NA	unphased	0.657894736842105	0.657894736842105	1
16	9857924	9857925	119	8	2	1	1	1	NA	NA	NA	unphased	0.26246719160105	0.26246719160105	1
16	9862796	9862797	43	12	2	1	1	1	NA	NA	NA	unphased	0.909090909090909	0.909090909090909	1
16	10788467	10788468	60	7	2	1	1	1	NA	NA	NA	unphased	0.435323383084577	0.435323383084577	1
16	19027818	19027819	37	9	2	1	1	1	NA	NA	NA	unphased	0.815217391304348	0.815217391304348	1
16	31539484	31539485	53	20	2	1	1	1	NA	NA	NA	unphased	1.14155251141553	1.14155251141553	1
16	46771769	46771770	47	16	2	1	1	1	NA	NA	NA	unphased	1.05820105820106	1.05820105820106	1
16	66885441	66885442	122	22	2	1	1	1	NA	NA	NA	unphased	0.636574074074074	0.636574074074074	1
16	67132753	67132754	24	10	2	1	1	1	NA	NA	NA	unphased	1.22549019607843	1.22549019607843	1
16	70404198	70404199	32	10	2	1	1	1	NA	NA	NA	unphased	0.992063492063492	0.992063492063492	1
16	74517006	74517007	93	30	2	1	1	1	NA	NA	NA	unphased	1.01626016260163	1.01626016260163	1
16	76509936	76509937	26	10	2	1	1	1	NA	NA	NA	unphased	1.15740740740741	1.15740740740741	1
16	81301670	81301671	62	7	2	1	1	1	NA	NA	NA	unphased	0.422705314009662	0.422705314009662	1
17	7574025	7574026	15	16	2	2	0	1	NA	NA	NA	unphased	2.1505376344086	1.0752688172043	2
17	8169595	8169596	27	22	2	2	0	1	NA	NA	NA	unphased	1.87074829931973	0.935374149659864	2
17	9792711	9792712	23	17	2	2	0	1	NA	NA	NA	unphased	1.77083333333333	0.885416666666667	2
17	10428923	10428924	42	6	2	2	0	1	NA	NA	NA	unphased	0.520833333333333	0.520833333333333	1
17	11775052	11775053	97	23	2	2	0	1	NA	NA	NA	unphased	0.798611111111111	0.798611111111111	1
17	31355355	31355356	41	19	1.12	2	1	0.06	0	1	0.94	unphased	1.04077777777778	1.04077777777778	1
17	32483171	32483172	66	42	1.12	2	1	0.06	0	1	0.94	unphased	1.27814814814815	1.2058001397624	1.06
17	40040488	40040489	47	38	1.12	2	1	0.06	0	1	0.94	unphased	1.46933333333333	1.38616352201258	1.06
17	45368539	45368540	21	3	1.12	2	1	0.06	0	1	0.94	unphased	0.410833333333333	0.410833333333333	1
17	53798011	53798012	125	50	1.12	2	1	0.06	0	1	0.94	unphased	0.939047619047619	0.939047619047619	1
17	61568687	61568688	80	40	1.12	2	1	0.06	0	1	0.94	unphased	1.09555555555556	1.09555555555556	1
17	61685206	61685207	59	36	1.12	2	1	0.06	0	1	0.94	unphased	1.24547368421053	1.24547368421053	1
17	62018249	62018250	32	21	1.12	2	1	0.06	0	1	0.94	unphased	1.3022641509434	1.3022641509434	1
17	62049966	62049967	11	5	1.12	2	1	0.06	0	1	0.94	unphased	1.02708333333333	1.02708333333333	1
17	74470139	74470140	43	14	1.12	2	1	0.06	0	1	0.94	unphased	0.807251461988304	0.807251461988304	1
17	76456045	76456046	61	7	1.12	2	1	0.06	0	1	0.94	unphased	0.338333333333333	0.338333333333333	1
17	78519569	78519570	109	48	1.12	2	1	0.06	0	1	0.94	unphased	1.00484076433121	1.00484076433121	1
18	23847580	23847581	110	7	4.4	4	2	0.68	1	0	0.32	unphased	0.392877492877493	0.57776101893749	0.68
18	29052333	29052334	72	59	4.4	4	2	0.68	1	0	0.32	unphased	2.95750636132316	0.972863934645775	3.04
18	47376020	47376021	90	70	2	2	0	1	NA	NA	NA	unphased	1.82291666666667	0.911458333333333	2
18	61650832	61650833	40	32	2	2	0	1	NA	NA	NA	unphased	1.85185185185185	0.925925925925926	2
18	77107786	77107787	32	10	1	1	0	1	NA	NA	NA	unphased	0.753968253968254	0.753968253968254	1
19	1364517	1364518	52	12	1.4	2	1	0.2	1	0	0.8	unphased	0.66875	0.66875	1
19	4231229	4231230	26	6	1.4	2	1	0.2	1	0	0.8	unphased	0.66875	0.66875	1
19	7806449	7806450	84	53	1.4	2	1	0.2	1	0	0.8	unphased	1.37980535279805	1.14983779399838	1.2
19	9059087	9059088	89	45	1.4	2	1	0.2	1	0	0.8	unphased	1.19776119402985	1.19776119402985	1
19	10283798	10283799	80	9	1.4	2	1	0.2	1	0	0.8	unphased	0.360674157303371	0.360674157303371	1
19	15918285	15918286	83	13	1.4	2	1	0.2	1	0	0.8	unphased	0.482986111111111	0.482986111111111	1
19	18188343	18188344	13	4	1.4	2	1	0.2	1	0	0.8	unphased	0.83921568627451	0.83921568627451	1
19	22156727	22156728	72	14	3	2	1	1	NA	NA	NA	unphased	0.84108527131783	0.84108527131783	1
19	22941454	22941455	52	26	3	2	1	1	NA	NA	NA	unphased	1.72222222222222	0.861111111111111	2
19	23405875	23405876	26	4	3	2	1	1	NA	NA	NA	unphased	0.688888888888889	0.688888888888889	1
19	37382467	37382468	54	27	4	3	1	1	NA	NA	NA	unphased	2.05555555555556	1.02777777777778	2
19	40392595	40392596	36	36	4	3	1	1	NA	NA	NA	unphased	3.08333333333333	1.02777777777778	3
19	40420074	40420075	48	40	4	3	1	1	NA	NA	NA	unphased	2.8030303030303	0.934343434343434	3
19	40486220	40486221	152	34	4	3	1	1	NA	NA	NA	unphased	1.12724014336918	1.12724014336918	1
19	49357517	49357518	123	11	4	3	1	1	NA	NA	NA	unphased	0.506218905472637	0.506218905472637	1
19	52447847	52447848	135	15	4	3	1	1	NA	NA	NA	unphased	0.616666666666667	0.616666666666667	1
19	53740428	53740429	63	20	4	3	1	1	NA	NA	NA	unphased	1.4859437751004	0.742971887550201	2
19	54705064	54705065	66	12	4	3	1	1	NA	NA	NA	unphased	0.948717948717949	0.948717948717949	1
19	54849484	54849485	32	29	4	3	1	1	NA	NA	NA	unphased	2.93169398907104	0.977231329690346	3
19	55085903	55085904	60	11	4	3	1	1	NA	NA	NA	unphased	0.955399061032864	0.955399061032864	1
19	56321363	56321364	58	7	4	3	1	1	NA	NA	NA	unphased	0.664102564102564	0.664102564102564	1
19	56329359	56329360	71	50	4	3	1	1	NA	NA	NA	unphased	2.54820936639118	0.849403122130395	3
2	1891303	1891304	84	59	4.07	3	2	0.69	1	1	0.31	unphased	2.57317016317016	0.956568833892254	2.69
2	10937258	10937259	53	8	4.07	3	2	0.69	1	1	0.31	unphased	0.81792349726776	0.81792349726776	1
2	26652609	26652610	85	13	4.07	3	2	0.69	1	1	0.31	unphased	0.827312925170068	0.827312925170068	1
2	27429779	27429780	243	91	4.07	3	2	0.69	1	1	0.31	unphased	1.69921157684631	1.00545063718716	1.69
2	32656043	32656044	56	15	4.07	3	2	0.69	1	1	0.31	unphased	1.31760563380282	1.31760563380282	1
2	32656044	32656045	56	15	4.07	3	2	0.69	1	1	0.31	unphased	1.31760563380282	1.31760563380282	1
2	32743987	32743988	44	12	4.07	3	2	0.69	1	1	0.31	unphased	1.33642857142857	1.33642857142857	1
2	48915575	48915576	47	28	4.07	3	2	0.69	1	1	0.31	unphased	2.32835555555556	0.978300653594771	2.38
2	61456046	61456047	54	16	4.07	3	2	0.69	1	1	0.31	unphased	1.42552380952381	1.42552380952381	1
2	65495998	65495999	8	8	4.07	3	2	0.69	1	1	0.31	unphased	3.11833333333333	1.15923172242875	2.69
2	72362454	72362455	90	44	4.07	3	2	0.69	1	1	0.31	unphased	2.04786069651741	0.860445670805636	2.38
2	73829481	73829482	62	28	4.07	3	2	0.69	1	1	0.31	unphased	1.9402962962963	1.14810431733509	1.69
2	79348695	79348696	269	117	4.07	3	2	0.69	1	1	0.31	unphased	1.89038860103627	1.11857313670785	1.69
2	113286385	113286386	39	15	4.07	3	2	0.69	1	1	0.31	unphased	1.73240740740741	1.02509314047776	1.69
2	119727719	119727720	89	22	4.07	3	2	0.69	1	1	0.31	unphased	1.2360960960961	1.2360960960961	1
2	121047207	121047208	171	41	4.07	3	2	0.69	1	1	0.31	unphased	1.20614779874214	1.20614779874214	1
2	127818169	127818170	76	18	4.07	3	2	0.69	1	1	0.31	unphased	1.19425531914894	1.19425531914894	1
2	128622539	128622540	7	10	4.07	3	2	0.69	1	1	0.31	unphased	3.66862745098039	1.36380202638676	2.69
2	135620971	135620972	132	89	4.07	3	2	0.69	1	1	0.31	unphased	2.5115987933635	1.05529361065693	2.38
2	135965210	135965211	224	56	4.07	3	2	0.69	1	1	0.31	unphased	1.24733333333333	1.24733333333333	1
2	141298549	141298550	79	8	4.07	3	2	0.69	1	1	0.31	unphased	0.573486590038314	0.573486590038314	1
2	141680540	141680541	80	25	4.07	3	2	0.69	1	1	0.31	unphased	1.48492063492063	0.878651263266648	1.69
2	141680541	141680542	79	25	4.07	3	2	0.69	1	1	0.31	unphased	1.49919871794872	0.88709983310575	1.69
2	144314053	144314054	142	72	4.07	3	2	0.69	1	1	0.31	unphased	2.09831775700935	0.881646116390481	2.38
2	145158819	145158820	179	48	4.07	3	2	0.69	1	1	0.31	unphased	1.31876651982379	0.780335218830644	1.69
2	150432254	150432255	84	6	4.07	3	2	0.69	1	1	0.31	unphased	0.415777777777778	0.602576489533011	0.69
2	152226685	152226686	201	26	4.07	3	2	0.69	1	1	0.31	unphased	0.714331864904552	1.03526357232544	0.69
2	153519666	153519667	30	6	4.07	3	2	0.69	1	1	0.31	unphased	1.03944444444444	1.03944444444444	1
2	162660995	162660996	45	5	4.07	3	2	0.69	1	1	0.31	unphased	0.623666666666667	0.623666666666667	1
2	163250982	163250983	72	7	4.07	3	2	0.69	1	1	0.31	unphased	0.552616033755274	0.552616033755274	1
2	170090094	170090095	33	24	4.07	3	2	0.69	1	1	0.31	unphased	2.6259649122807	0.976195134676841	2.69
2	170151126	170151127	60	8	4.07	3	2	0.69	1	1	0.31	unphased	0.733725490196078	0.733725490196078	1
2	179433152	179433153	47	18	4.07	3	2	0.69	1	1	0.31	unphased	1.72707692307692	1.02193900773782	1.69
2	179577515	179577516	64	4	4.07	3	2	0.69	1	1	0.31	unphased	0.366862745098039	0.531685137823245	0.69
2	179585136	179585137	159	39	4.07	3	2	0.69	1	1	0.31	unphased	1.22843434343434	1.22843434343434	1
2	179654092	179654093	119	19	4.07	3	2	0.69	1	1	0.31	unphased	0.858671497584541	0.858671497584541	1
2	189406151	189406152	26	3	4.07	3	2	0.69	1	1	0.31	unphased	0.645172413793103	0.645172413793103	1
2	192250670	192250671	142	108	4.07	3	2	0.69	1	1	0.31	unphased	2.69424	1.00157620817844	2.69
2	196883954	196883955	74	37	4.07	3	2	0.69	1	1	0.31	unphased	2.07888888888889	0.873482726423903	2.38
2	197511159	197511160	92	49	4.07	3	2	0.69	1	1	0.31	unphased	2.16735224586288	0.910652204144069	2.38
2	197943359	197943360	10	11	4.07	3	2	0.69	1	1	0.31	unphased	3.2668253968254	1.21443323302059	2.69
2	206992533	206992534	121	16	4.07	3	2	0.69	1	1	0.31	unphased	0.728369829683698	0.728369829683698	1
2	217026712	217026713	31	22	4.07	3	2	0.69	1	1	0.31	unphased	2.58880503144654	0.962381052582357	2.69
2	219736541	219736542	10	9	4.07	3	2	0.69	1	1	0.31	unphased	2.95421052631579	1.09821952651145	2.69
2	219855574	219855575	78	27	4.07	3	2	0.69	1	1	0.31	unphased	1.60371428571429	0.94894336432798	1.69
2	220405281	220405282	33	16	4.07	3	2	0.69	1	1	0.31	unphased	2.03646258503401	0.855656548333619	2.38
2	227662209	227662210	115	28	4.07	3	2	0.69	1	1	0.31	unphased	1.2211655011655	1.2211655011655	1
2	228881982	228881983	125	28	4.07	3	2	0.69	1	1	0.31	unphased	1.14135076252723	1.14135076252723	1
2	231941803	231941804	71	9	4.07	3	2	0.69	1	1	0.31	unphased	0.701625	0.701625	1
2	242007259	242007260	33	6	4.07	3	2	0.69	1	1	0.31	unphased	0.95948717948718	0.95948717948718	1
20	865944	865945	5	4	4.32	4	1	0.83	1	0	0.17	unphased	2.88296296296296	1.01871482790211	2.83
20	34099234	34099235	53	59	4.32	4	1	0.83	1	0	0.17	unphased	3.41708333333333	0.979106972301815	3.49
20	40033321	40033322	181	22	4.32	4	1	0.83	1	0	0.17	unphased	0.702988505747126	0.846974103309791	0.83
20	43850966	43850967	108	22	4.32	4	1	0.83	1	0	0.17	unphased	1.09774358974359	1.09774358974359	1
20	43943145	43943146	72	74	4.32	4	1	0.83	1	0	0.17	unphased	3.28776255707763	0.942052308618231	3.49
20	50290726	50290727	40	18	3	2	1	1	NA	NA	NA	unphased	1.60344827586207	0.801724137931034	2
20	54940162	54940163	40	10	3	2	1	1	NA	NA	NA	unphased	1.03333333333333	1.03333333333333	1
20	56186892	56186893	12	3	3	2	1	1	NA	NA	NA	unphased	1.03333333333333	1.03333333333333	1
21	10862820	10862821	136	12	NA	NA	NA	NA	NA	NA	NA	unphased	NA	NA	1
21	28305216	28305217	28	10	2	2	0	1	NA	NA	NA	unphased	1.09649122807018	1.09649122807018	1
21	34113874	34113875	4	8	2	2	0	1	NA	NA	NA	unphased	2.77777777777778	1.38888888888889	2
21	34713447	34713448	32	16	2	2	0	1	NA	NA	NA	unphased	1.38888888888889	1.38888888888889	1
21	37713712	37713713	31	3	2	2	0	1	NA	NA	NA	unphased	0.367647058823529	0.367647058823529	1
21	38877684	38877685	39	46	2	2	0	1	NA	NA	NA	unphased	2.25490196078431	1.12745098039216	2
22	18028170	18028171	21	23	4	3	1	1	NA	NA	NA	unphased	3.22348484848485	1.07449494949495	3
22	21328812	21328813	30	5	4	3	1	1	NA	NA	NA	unphased	0.880952380952381	0.880952380952381	1
22	22892712	22892713	58	44	4	3	1	1	NA	NA	NA	unphased	2.66013071895425	0.886710239651416	3
22	23495313	23495314	173	24	4	3	1	1	NA	NA	NA	unphased	0.751269035532995	0.751269035532995	1
22	24095266	24095267	41	7	4	3	1	1	NA	NA	NA	unphased	0.899305555555556	0.899305555555556	1
22	26707909	26707910	86	77	4	3	1	1	NA	NA	NA	unphased	2.91308793456033	0.971029311520109	3
22	32555051	32555052	195	33	4	3	1	1	NA	NA	NA	unphased	0.892543859649123	0.892543859649123	1
22	39760249	39760250	111	37	4	3	1	1	NA	NA	NA	unphased	1.54166666666667	0.770833333333333	2
3	3214491	3214492	83	20	2	2	0	1	NA	NA	NA	unphased	0.809061488673139	0.809061488673139	1
3	10331755	10331756	22	8	2	2	0	1	NA	NA	NA	unphased	1.11111111111111	1.11111111111111	1
3	14939590	14939591	58	33	2	2	0	1	NA	NA	NA	unphased	1.51098901098901	0.755494505494505	2
3	23258793	23258794	20	22	2	2	0	1	NA	NA	NA	unphased	2.18253968253968	1.09126984126984	2
3	87313489	87313490	56	41	2	2	0	1	NA	NA	NA	unphased	1.76116838487973	0.880584192439863	2
3	98251958	98251959	42	18	3	2	1	1	NA	NA	NA	unphased	1.55	0.775	2
3	111602854	111602855	47	12	4	2	2	1	NA	NA	NA	unphased	1.25423728813559	1.25423728813559	1
3	113699587	113699588	120	59	4	2	2	1	NA	NA	NA	unphased	2.03258845437616	1.01629422718808	2
3	115439801	115439802	31	20	4	2	2	1	NA	NA	NA	unphased	2.41830065359477	1.20915032679739	2
3	115439821	115439822	24	14	4	2	2	1	NA	NA	NA	unphased	2.2719298245614	1.1359649122807	2
3	134898748	134898749	148	28	4	2	2	1	NA	NA	NA	unphased	0.981060606060606	0.981060606060606	1
3	142032011	142032012	119	73	4	2	2	1	NA	NA	NA	unphased	2.34461805555556	1.17230902777778	2
3	150644581	150644582	56	19	4	2	2	1	NA	NA	NA	unphased	1.56222222222222	0.781111111111111	2
3	155206548	155206549	48	15	4	2	2	1	NA	NA	NA	unphased	1.46825396825397	1.46825396825397	1
3	158537438	158537439	42	9	4	2	2	1	NA	NA	NA	unphased	1.08823529411765	1.08823529411765	1
3	159997153	159997154	48	20	4	2	2	1	NA	NA	NA	unphased	1.81372549019608	0.906862745098039	2
3	160965093	160965094	55	15	4	2	2	1	NA	NA	NA	unphased	1.32142857142857	1.32142857142857	1
3	164773009	164773010	105	37	4	2	2	1	NA	NA	NA	unphased	1.60680751173709	0.803403755868545	2
3	164773010	164773011	104	37	4	2	2	1	NA	NA	NA	unphased	1.61820330969267	0.809101654846336	2
3	169548372	169548373	29	7	4	2	2	1	NA	NA	NA	unphased	1.19907407407407	1.19907407407407	1
3	172634260	172634261	140	57	4	2	2	1	NA	NA	NA	unphased	1.78426395939086	0.892131979695431	2
3	179109830	179109831	71	14	4	2	2	1	NA	NA	NA	unphased	1.0156862745098	1.0156862745098	1
3	186006604	186006605	352	53	4	2	2	1	NA	NA	NA	unphased	0.806995884773663	0.806995884773663	1
3	186953672	186953673	32	4	4	2	2	1	NA	NA	NA	unphased	0.685185185185185	0.685185185185185	1
4	3231716	3231717	72	19	2.96	2	1	0.98	0	1	0.02	unphased	1.07040293040293	1.07040293040293	1
4	3318509	3318510	63	12	2.96	2	1	0.98	0	1	0.02	unphased	0.820266666666667	0.820266666666667	1
4	17528566	17528567	47	18	1.04	2	1	0.02	0	1	0.98	unphased	0.888	0.888	1
4	36230754	36230755	104	18	1.04	2	1	0.02	0	1	0.98	unphased	0.473114754098361	0.473114754098361	1
4	56759755	56759756	53	14	3	2	1	1	NA	NA	NA	unphased	1.07960199004975	1.07960199004975	1
4	57355573	57355574	49	28	3	2	1	1	NA	NA	NA	unphased	1.87878787878788	0.93939393939394	2
4	69512682	69512683	24	10	3	2	1	1	NA	NA	NA	unphased	1.51960784313726	1.51960784313726	1
4	69682259	69682260	137	69	3	2	1	1	NA	NA	NA	unphased	1.73058252427184	0.865291262135922	2
4	69978307	69978308	153	39	3	2	1	1	NA	NA	NA	unphased	1.04947916666667	1.04947916666667	1
4	73930971	73930972	60	14	3	2	1	1	NA	NA	NA	unphased	0.977477477477477	0.977477477477477	1
4	77003669	77003670	48	20	3	2	1	1	NA	NA	NA	unphased	1.51960784313726	0.759803921568628	2
4	77678056	77678057	50	34	3	2	1	1	NA	NA	NA	unphased	2.09126984126984	1.04563492063492	2
4	80246371	80246372	14	5	3	2	1	1	NA	NA	NA	unphased	1.35964912280702	1.35964912280702	1
4	106534617	106534618	80	17	3	2	1	1	NA	NA	NA	unphased	0.905498281786941	0.905498281786941	1
4	121774629	121774630	237	55	2	1	1	1	NA	NA	NA	unphased	0.784817351598174	0.784817351598174	1
4	121774630	121774631	237	55	2	1	1	1	NA	NA	NA	unphased	0.784817351598174	0.784817351598174	1
4	123239332	123239333	30	14	2	1	1	1	NA	NA	NA	unphased	1.32575757575758	1.32575757575758	1
4	123275056	123275057	30	8	2	1	1	1	NA	NA	NA	unphased	0.87719298245614	0.87719298245614	1
4	126412466	126412467	31	8	2	1	1	1	NA	NA	NA	unphased	0.854700854700855	0.854700854700855	1
4	134072932	134072933	74	16	2	1	1	1	NA	NA	NA	unphased	0.740740740740741	0.740740740740741	1
4	134072933	134072934	74	17	2	1	1	1	NA	NA	NA	unphased	0.778388278388278	0.778388278388278	1
4	146067461	146067462	62	33	3	2	1	1	NA	NA	NA	unphased	1.79473684210526	0.897368421052632	2
4	154217021	154217022	77	15	3	2	1	1	NA	NA	NA	unphased	0.842391304347826	0.842391304347826	1
4	155219211	155219212	47	13	3	2	1	1	NA	NA	NA	unphased	1.11944444444444	1.11944444444444	1
4	156135750	156135751	114	22	3	2	1	1	NA	NA	NA	unphased	0.83578431372549	0.83578431372549	1
4	158224905	158224906	121	55	3	2	1	1	NA	NA	NA	unphased	1.61458333333333	0.807291666666667	2
4	164247569	164247570	48	11	3	2	1	1	NA	NA	NA	unphased	0.963276836158192	0.963276836158192	1
4	164394542	164394543	51	12	3	2	1	1	NA	NA	NA	unphased	0.984126984126984	0.984126984126984	1
4	169433066	169433067	65	20	3	2	1	1	NA	NA	NA	unphased	1.2156862745098	1.2156862745098	1
4	184938350	184938351	13	5	3	2	1	1	NA	NA	NA	unphased	1.43518518518519	1.43518518518519	1
4	185045361	185045362	163	93	3	2	1	1	NA	NA	NA	unphased	1.876953125	0.9384765625	2
4	186380418	186380419	107	48	3	2	1	1	NA	NA	NA	unphased	1.6	0.8	2
4	189063477	189063478	45	24	NA	NA	NA	NA	NA	NA	NA	unphased	NA	NA	1
5	434219	434220	46	95	NA	NA	NA	NA	NA	NA	NA	unphased	NA	NA	1
5	1325907	1325908	202	13	9	7	2	1	NA	NA	NA	unphased	0.675193798449612	0.675193798449612	1
5	13845043	13845044	222	28	9	7	2	1	NA	NA	NA	unphased	1.25066666666667	1.25066666666667	1
5	16463613	16463614	188	28	8	7	1	1	0	1	0	unphased	1.3179012345679	1.3179012345679	1
5	16702691	16702692	16	4	8	7	1	1	0	1	0	unphased	2.03333333333333	2.03333333333333	1
5	21802311	21802312	90	5	8	7	1	1	0	1	0	unphased	0.535087719298246	0.535087719298246	1
5	23521246	23521247	202	25	8	7	1	1	0	1	0	unphased	1.11967694566814	1.11967694566814	1
5	23526884	23526885	100	234	8	7	1	1	0	1	0	unphased	7.12275449101796	1.01753635585971	7
5	33881418	33881419	281	39	8	7	1	1	0	1	0	unphased	1.2390625	1.2390625	1
5	33964077	33964078	112	7	8	7	1	1	0	1	0	unphased	0.598039215686274	0.598039215686274	1
5	35740049	35740050	131	15	8	7	1	1	0	1	0	unphased	1.04452054794521	1.04452054794521	1
5	35740059	35740060	139	9	8	7	1	1	0	1	0	unphased	0.618243243243243	0.618243243243243	1
5	35740110	35740111	181	11	8	7	1	1	0	1	0	unphased	0.582465277777778	0.582465277777778	1
5	35740297	35740298	211	12	8	7	1	1	0	1	0	unphased	0.547085201793722	0.547085201793722	1
5	40999803	40999804	50	123	8	7	1	1	0	1	0	unphased	7.22832369942197	1.032617671346	7
5	41009476	41009477	213	43	8	7	1	1	0	1	0	unphased	1.70768229166667	0.853841145833333	2
5	53815097	53815098	34	14	2	2	0	1	NA	NA	NA	unphased	1.21527777777778	1.21527777777778	1
5	87516536	87516537	26	19	2	2	0	1	NA	NA	NA	unphased	1.75925925925926	0.87962962962963	2
5	94025253	94025254	26	16	2	2	0	1	NA	NA	NA	unphased	1.58730158730159	0.793650793650794	2
5	106722943	106722944	8	7	2	2	0	1	NA	NA	NA	unphased	1.94444444444444	0.972222222222222	2
5	106722944	106722945	8	8	2	2	0	1	NA	NA	NA	unphased	2.08333333333333	1.04166666666667	2
5	112868740	112868741	17	13	2	2	0	1	NA	NA	NA	unphased	1.80555555555556	0.902777777777778	2
5	121787028	121787029	28	31	2	2	0	1	NA	NA	NA	unphased	2.18926553672316	1.09463276836158	2
5	138260941	138260942	21	20	2	2	0	1	NA	NA	NA	unphased	2.03252032520325	1.01626016260163	2
5	140579838	140579839	50	44	2	2	0	1	NA	NA	NA	unphased	1.95035460992908	0.975177304964539	2
5	147051452	147051453	18	9	2	2	0	1	NA	NA	NA	unphased	1.38888888888889	1.38888888888889	1
5	156456782	156456783	26	13	2	2	0	1	NA	NA	NA	unphased	1.38888888888889	1.38888888888889	1
6	2124917	2124918	41	12	3	2	1	1	NA	NA	NA	unphased	1.16981132075472	1.16981132075472	1
6	7231466	7231467	70	32	3	2	1	1	NA	NA	NA	unphased	1.62091503267974	0.810457516339869	2
6	26027343	26027344	45	28	3	2	1	1	NA	NA	NA	unphased	1.98173515981735	0.990867579908676	2
6	26043573	26043574	50	14	3	2	1	1	NA	NA	NA	unphased	1.13020833333333	1.13020833333333	1
6	29080196	29080197	81	54	3	2	1	1	NA	NA	NA	unphased	2.06666666666667	1.03333333333333	2
6	29627199	29627200	101	37	3	2	1	1	NA	NA	NA	unphased	1.38526570048309	0.692632850241546	2
6	31615555	31615556	176	35	3	2	1	1	NA	NA	NA	unphased	0.857030015797788	0.857030015797788	1
6	31777735	31777736	26	11	3	2	1	1	NA	NA	NA	unphased	1.53603603603604	1.53603603603604	1
6	40359873	40359874	21	5	3	2	1	1	NA	NA	NA	unphased	0.993589743589744	0.993589743589744	1
6	43028014	43028015	43	18	3	2	1	1	NA	NA	NA	unphased	1.52459016393443	0.762295081967213	2
6	54791238	54791239	74	15	3	2	1	1	NA	NA	NA	unphased	0.870786516853933	0.870786516853933	1
6	72968761	72968762	94	25	3	2	1	1	NA	NA	NA	unphased	1.08543417366947	1.08543417366947	1
6	75836186	75836187	24	8	3	2	1	1	NA	NA	NA	unphased	1.29166666666667	1.29166666666667	1
6	75836187	75836188	25	8	3	2	1	1	NA	NA	NA	unphased	1.25252525252525	1.25252525252525	1
6	84624134	84624135	23	16	3	2	1	1	NA	NA	NA	unphased	2.11965811965812	1.05982905982906	2
6	85446897	85446898	78	22	3	2	1	1	NA	NA	NA	unphased	1.13666666666667	1.13666666666667	1
6	133078856	133078857	88	9	3	2	1	1	NA	NA	NA	unphased	0.479381443298969	0.479381443298969	1
6	137540457	137540458	17	5	3	2	1	1	NA	NA	NA	unphased	1.17424242424242	1.17424242424242	1
6	144086871	144086872	96	13	3	2	1	1	NA	NA	NA	unphased	0.616207951070336	0.616207951070336	1
6	146126922	146126923	191	32	3	2	1	1	NA	NA	NA	unphased	0.741405082212257	0.741405082212257	1
6	146350652	146350653	179	21	3	2	1	1	NA	NA	NA	unphased	0.5425	0.5425	1
6	146351265	146351266	85	14	3	2	1	1	NA	NA	NA	unphased	0.730639730639731	0.730639730639731	1
6	146720069	146720070	146	45	3	2	1	1	NA	NA	NA	unphased	1.21727748691099	1.21727748691099	1
6	155579138	155579139	158	23	3	2	1	1	NA	NA	NA	unphased	0.656537753222836	0.656537753222836	1
6	157150474	157150475	70	7	3	2	1	1	NA	NA	NA	unphased	0.46969696969697	0.46969696969697	1
6	159398665	159398666	148	93	3	2	1	1	NA	NA	NA	unphased	1.99377593360996	0.996887966804979	2
6	161071529	161071530	147	85	3	2	1	1	NA	NA	NA	unphased	1.89295977011494	0.946479885057471	2
6	170143268	170143269	102	5	3	2	1	1	NA	NA	NA	unphased	0.241433021806854	0.241433021806854	1
7	36462359	36462360	95	72	3	2	1	1	NA	NA	NA	unphased	2.22754491017964	1.11377245508982	2
7	38766567	38766568	64	27	5	3	2	1	NA	NA	NA	unphased	2.12637362637363	1.06318681318681	2
7	42004455	42004456	72	32	3	2	1	1	NA	NA	NA	unphased	1.58974358974359	0.794871794871795	2
7	44365030	44365031	12	5	3	2	1	1	NA	NA	NA	unphased	1.51960784313726	1.51960784313726	1
7	90741933	90741934	76	46	3	2	1	1	NA	NA	NA	unphased	1.94808743169399	0.974043715846994	2
7	97870464	97870465	33	4	3	2	1	1	NA	NA	NA	unphased	0.558558558558559	0.558558558558559	1
7	120591236	120591237	104	21	3	2	1	1	NA	NA	NA	unphased	0.868	0.868	1
7	121653648	121653649	37	4	3	2	1	1	NA	NA	NA	unphased	0.504065040650407	0.504065040650407	1
7	121756777	121756778	44	6	3	2	1	1	NA	NA	NA	unphased	0.62	0.62	1
7	127253587	127253588	27	8	3	2	1	1	NA	NA	NA	unphased	1.18095238095238	1.18095238095238	1
7	128658013	128658014	35	6	3	2	1	1	NA	NA	NA	unphased	0.75609756097561	0.75609756097561	1
7	142458432	142458433	176	43	3	2	1	1	NA	NA	NA	unphased	1.0144596651446	1.0144596651446	1
7	151849884	151849885	104	17	3	2	1	1	NA	NA	NA	unphased	0.725895316804408	0.725895316804408	1
8	11615881	11615882	38	31	2	2	0	1	NA	NA	NA	unphased	1.8719806763285	0.935990338164251	2
8	11842083	11842084	36	35	2	2	0	1	NA	NA	NA	unphased	2.05399061032864	1.02699530516432	2
8	17613238	17613239	50	68	2	2	0	1	NA	NA	NA	unphased	2.40112994350282	1.20056497175141	2
8	22880141	22880142	13	5	2	2	0	1	NA	NA	NA	unphased	1.15740740740741	1.15740740740741	1
8	39695650	39695651	45	28	6	4	2	1	NA	NA	NA	unphased	3.1324200913242	1.0441400304414	3
8	75757733	75757734	53	14	1.04	2	1	0.02	0	1	0.98	unphased	0.670049751243781	0.670049751243781	1
8	77616290	77616291	10	6	1.04	2	1	0.02	0	1	0.98	unphased	1.2025	1.2025	1
8	82627301	82627302	32	11	1.04	2	1	0.02	0	1	0.98	unphased	0.82031007751938	0.82031007751938	1
8	87645057	87645058	26	23	1.04	2	1	0.02	0	1	0.98	unphased	1.50517006802721	1.47565692943844	1.02
8	92307848	92307849	82	14	1.04	2	1	0.02	0	1	0.98	unphased	0.467638888888889	0.467638888888889	1
8	97311952	97311953	140	72	1.04	2	1	0.02	0	1	0.98	unphased	1.08905660377358	1.08905660377358	1
8	103289269	103289270	90	54	1.04	2	1	0.02	0	1	0.98	unphased	1.2025	1.2025	1
8	105105798	105105799	55	28	1.04	2	1	0.02	0	1	0.98	unphased	1.08176706827309	1.08176706827309	1
8	110425663	110425664	14	8	5	3	2	1	NA	NA	NA	unphased	2.60606060606061	0.868686868686869	3
8	140743383	140743384	64	27	5	3	2	1	NA	NA	NA	unphased	2.12637362637363	1.06318681318681	2
9	5908665	5908666	172	7	5	5	0	1	NA	NA	NA	unphased	0.280260707635009	0.280260707635009	1
9	18777358	18777359	3	5	2	2	0	1	NA	NA	NA	unphased	2.60416666666667	1.30208333333333	2
9	32632534	32632535	359	46	5	4	1	1	NA	NA	NA	unphased	0.813991769547325	0.813991769547325	1
9	32784757	32784758	78	10	5	4	1	1	NA	NA	NA	unphased	0.814393939393939	0.814393939393939	1
9	37592387	37592388	30	3	3	2	1	1	NA	NA	NA	unphased	0.46969696969697	0.46969696969697	1
9	71998570	71998571	131	47	2	2	0	1	NA	NA	NA	unphased	1.1001872659176	1.1001872659176	1
9	84606048	84606049	69	53	2	2	0	1	NA	NA	NA	unphased	1.81010928961749	0.905054644808743	2
9	84608547	84608548	88	73	2	2	0	1	NA	NA	NA	unphased	1.88923395445135	0.944616977225673	2
9	107266562	107266563	29	18	2	2	0	1	NA	NA	NA	unphased	1.59574468085106	0.797872340425532	2
9	109736454	109736455	122	83	2	2	0	1	NA	NA	NA	unphased	1.6869918699187	0.84349593495935	2
9	133799656	133799657	6	5	2	2	0	1	NA	NA	NA	unphased	1.89393939393939	1.89393939393939	1
9	140880955	140880956	15	10	2	2	0	1	NA	NA	NA	unphased	1.66666666666667	1.66666666666667	1
X	1584676	1584677	30	15	NA	NA	NA	NA	NA	NA	NA	unphased	NA	NA	1
X	26157104	26157105	8	3	NA	NA	NA	NA	NA	NA	NA	unphased	NA	NA	1
X	27999051	27999052	7	8	NA	NA	NA	NA	NA	NA	NA	unphased	NA	NA	1
X	34148955	34148956	34	21	NA	NA	NA	NA	NA	NA	NA	unphased	NA	NA	1
X	76776392	76776393	38	6	NA	NA	NA	NA	NA	NA	NA	unphased	NA	NA	1
X	91090847	91090848	33	40	NA	NA	NA	NA	NA	NA	NA	unphased	NA	NA	1
X	100668166	100668167	89	115	NA	NA	NA	NA	NA	NA	NA	unphased	NA	NA	1
X	106185847	106185848	91	4	NA	NA	NA	NA	NA	NA	NA	unphased	NA	NA	1
X	118223054	118223055	15	24	NA	NA	NA	NA	NA	NA	NA	unphased	NA	NA	1
X	120009290	120009291	14	28	NA	NA	NA	NA	NA	NA	NA	unphased	NA	NA	1
X	132351480	132351481	43	79	NA	NA	NA	NA	NA	NA	NA	unphased	NA	NA	1
X	147024713	147024714	42	76	NA	NA	NA	NA	NA	NA	NA	unphased	NA	NA	1
X	150349575	150349576	35	42	NA	NA	NA	NA	NA	NA	NA	unphased	NA	NA	1
