chr	start	end	WT.count	mut.count	subclonal.CN	nMaj1	nMin1	frac1	nMaj2	nMin2	frac2	phase	mutation.copy.number	subclonal.fraction	no.chrs.bearing.mut
1	5924046	5924047	22	5	2	1	1	0.16	1	1	0.84	unphased	1.12233445566779	1.12233445566779	1
1	17084091	17084092	280	8	NA	NA	NA	NA	NA	NA	NA	unphased	NA	NA	1
1	20517068	20517069	139	13	2	1	1	0.17	1	1	0.83	unphased	0.518341307814992	0.624507599777099	0.83
1	22987884	22987885	51	4	2	1	1	0.17	1	1	0.83	unphased	0.440771349862259	0.531049819111155	0.83
1	25824923	25824924	113	18	2	1	1	0.17	1	1	0.83	unphased	0.832755031228314	0.832755031228314	1
1	26603735	26603736	108	11	2	1	1	0.17	1	1	0.83	unphased	0.560224089635854	0.6749687826938	0.83
1	32650178	32650179	106	16	2	1	1	0.17	1	1	0.83	unphased	0.794833581718828	0.794833581718828	1
1	34117963	34117964	105	25	2	1	1	0.17	1	1	0.83	unphased	1.16550116550117	1.16550116550117	1
1	35580572	35580573	144	34	2	1	1	0.17	1	1	0.83	unphased	1.15764385427307	1.15764385427307	1
1	64643224	64643225	297	34	2	1	1	0.17	1	1	0.83	unphased	0.622539595349263	0.750047705240076	0.83
1	67685375	67685376	90	14	2	1	1	0.17	1	1	0.83	unphased	0.815850815850816	0.815850815850816	1
1	70303922	70303923	25	3	2	1	1	0.17	1	1	0.83	unphased	0.649350649350649	0.649350649350649	1
1	79387396	79387397	75	4	2	1	1	0.22	1	1	0.78	unphased	0.30686612965094	0.393418114937102	0.78
1	100327972	100327973	126	19	2	1	1	0.22	1	1	0.78	unphased	0.794148380355277	0.794148380355277	1
1	104116954	104116955	190	34	2	1	1	0.22	1	1	0.78	unphased	0.91991341991342	0.91991341991342	1
1	111824375	111824376	50	6	2	1	1	0.22	1	1	0.78	unphased	0.649350649350649	0.649350649350649	1
1	113197231	113197232	159	29	2	1	1	0.15	1	1	0.85	unphased	0.934880722114765	0.934880722114765	1
1	117311297	117311298	157	14	2	1	1	0.15	1	1	0.85	unphased	0.49618996987418	0.49618996987418	1
1	118570995	118570996	99	10	2	1	1	0.15	1	1	0.85	unphased	0.556018904642758	0.654139887815009	0.85
1	150525585	150525586	57	16	2	1	1	0.49	1	1	0.51	unphased	1.32835201328352	1.32835201328352	1
1	152191360	152191361	289	27	2	1	1	0.49	1	1	0.51	unphased	0.517836593785961	1.01536587016855	0.51
1	158669489	158669490	67	19	2	1	1	0.44	1	1	0.56	unphased	1.33897110641297	1.33897110641297	1
1	165877038	165877039	82	31	2	1	1	0.44	1	1	0.56	unphased	1.66264414052025	1.66264414052025	1
1	171254513	171254514	55	16	2	1	1	0.44	1	1	0.56	unphased	1.36577037985489	1.36577037985489	1
1	171561046	171561047	54	13	2	1	1	0.44	1	1	0.56	unphased	1.17593848937133	1.17593848937133	1
1	186076021	186076022	125	13	2	1	1	0.44	1	1	0.56	unphased	0.57092665788318	1.01951188907711	0.56
1	197115398	197115399	184	56	2	1	1	0.45	1	1	0.55	unphased	1.41414141414141	1.41414141414141	1
1	198700798	198700799	89	15	2	1	1	0.45	1	1	0.55	unphased	0.874125874125874	0.874125874125874	1
1	209964078	209964079	68	16	2	1	1	0.45	1	1	0.55	unphased	1.15440115440115	1.15440115440115	1
1	214818922	214818923	89	31	2	1	1	0.45	1	1	0.55	unphased	1.56565656565657	1.56565656565657	1
1	215408460	215408461	88	15	2	1	1	0.45	1	1	0.55	unphased	0.88261253309797	0.88261253309797	1
1	216373050	216373051	58	15	2	1	1	0.45	1	1	0.55	unphased	1.2453300124533	1.2453300124533	1
1	223284335	223284336	61	26	2	1	1	0.45	1	1	0.55	unphased	1.81121560431905	1.81121560431905	1
1	228509156	228509157	12	3	2	1	1	0.45	1	1	0.55	unphased	1.21212121212121	1.21212121212121	1
1	228509157	228509158	12	3	2	1	1	0.45	1	1	0.55	unphased	1.21212121212121	1.21212121212121	1
1	235969329	235969330	99	7	2	1	1	0.45	1	1	0.55	unphased	0.400228702115495	0.727688549300899	0.55
1	237732580	237732581	32	4	2	1	1	0.45	1	1	0.55	unphased	0.673400673400673	0.673400673400673	1
1	238051807	238051808	59	13	2	1	1	0.45	1	1	0.55	unphased	1.09427609427609	1.09427609427609	1
1	240255982	240255983	40	12	2	1	1	0.45	1	1	0.55	unphased	1.3986013986014	1.3986013986014	1
1	240372001	240372002	79	24	2	1	1	0.45	1	1	0.55	unphased	1.41218005295675	1.41218005295675	1
1	247588784	247588785	51	9	2	1	1	0.45	1	1	0.55	unphased	0.909090909090909	0.909090909090909	1
1	247875565	247875566	90	12	2	1	1	0.45	1	1	0.55	unphased	0.71301247771836	0.71301247771836	1
1	248262678	248262679	92	9	2	1	1	0.45	1	1	0.55	unphased	0.54005400540054	0.981916373455527	0.55
1	248756790	248756791	56	27	NA	NA	NA	NA	NA	NA	NA	unphased	NA	NA	1
1	248790366	248790367	87	26	NA	NA	NA	NA	NA	NA	NA	unphased	NA	NA	1
10	8055776	8055777	128	8	2	1	1	0.11	1	1	0.89	unphased	0.35650623885918	0.35650623885918	1
10	18250566	18250567	68	8	2	1	1	0.15	1	1	0.85	unphased	0.637958532695375	0.637958532695375	1
10	27324281	27324282	106	9	2	1	1	0.15	1	1	0.85	unphased	0.474308300395257	0.558009765170891	0.85
10	29891190	29891191	26	3	2	1	1	0.15	1	1	0.85	unphased	0.626959247648903	0.626959247648903	1
10	47929867	47929868	69	27	2	1	1	0.15	1	1	0.85	unphased	1.70454545454545	1.70454545454545	1
10	50531522	50531523	58	6	2	1	1	0.15	1	1	0.85	unphased	0.568181818181818	0.568181818181818	1
10	61840372	61840373	25	3	2	1	1	0.15	1	1	0.85	unphased	0.649350649350649	0.649350649350649	1
10	68688195	68688196	71	10	2	1	1	0.15	1	1	0.85	unphased	0.748222970445193	0.748222970445193	1
10	75672000	75672001	67	12	2	1	1	0.15	1	1	0.85	unphased	0.920598388952819	0.920598388952819	1
10	79737342	79737343	111	21	2	1	1	1	NA	NA	NA	unphased	0.964187327823691	0.964187327823691	1
10	86014177	86014178	60	10	1.02	1	1	0.02	0	1	0.98	unphased	0.725800865800866	0.725800865800866	1
10	90521182	90521183	80	13	1.02	1	1	0.02	0	1	0.98	unphased	0.710192245030955	0.710192245030955	1
10	90987960	90987961	84	15	1.02	1	1	0.02	0	1	0.98	unphased	0.769788797061524	0.769788797061524	1
10	93754311	93754312	37	5	1	1	0	0.14	1	0	0.86	unphased	0.602453102453102	0.602453102453102	1
10	102058412	102058413	87	26	1	1	0	0.14	1	0	0.86	unphased	1.1643872351837	1.1643872351837	1
10	106160476	106160477	97	5	1	1	0	0.14	1	0	0.86	unphased	0.248068924539513	0.248068924539513	1
10	106163574	106163575	10	3	1	1	0	0.14	1	0	0.86	unphased	1.16783216783217	1.16783216783217	1
10	111642315	111642316	97	45	2	1	1	1	NA	NA	NA	unphased	1.92061459667093	1.92061459667093	1
10	112335123	112335124	66	7	2	1	1	1	NA	NA	NA	unphased	0.58115400581154	0.58115400581154	1
10	118138883	118138884	27	5	2	1	1	1	NA	NA	NA	unphased	0.946969696969697	0.946969696969697	1
10	119044980	119044981	33	5	2	1	1	1	NA	NA	NA	unphased	0.797448165869218	0.797448165869218	1
10	125426213	125426214	5	3	2	1	1	1	NA	NA	NA	unphased	2.27272727272727	2.27272727272727	1
10	127726892	127726893	21	3	2	1	1	1	NA	NA	NA	unphased	0.757575757575758	0.757575757575758	1
10	129903541	129903542	183	32	2	1	1	1	NA	NA	NA	unphased	0.902043692741367	0.902043692741367	1
10	134628379	134628380	166	9	2	1	1	1	NA	NA	NA	unphased	0.311688311688312	0.311688311688312	1
11	540678	540679	24	3	2	1	1	0.19	1	1	0.81	unphased	0.673400673400673	0.673400673400673	1
11	1215367	1215368	41	4	2	1	1	0.19	1	1	0.81	unphased	0.538720538720539	0.538720538720539	1
11	3424169	3424170	15	3	2	1	1	0.19	1	1	0.81	unphased	1.01010101010101	1.01010101010101	1
11	5153014	5153015	87	20	1.03	1	1	0.03	0	1	0.97	unphased	0.951515151515151	0.951515151515151	1
11	5172959	5172960	96	17	1.03	1	1	0.03	0	1	0.97	unphased	0.765843389648699	0.765843389648699	1
11	5291150	5291151	39	4	1.03	1	1	0.03	0	1	0.97	unphased	0.47354474982382	0.47354474982382	1
11	5474827	5474828	53	10	1.03	1	1	0.03	0	1	0.97	unphased	0.808032708032708	0.808032708032708	1
11	5528785	5528786	82	9	1.03	1	1	0.03	0	1	0.97	unphased	0.503466533466533	0.503466533466533	1
11	5731006	5731007	29	4	1.03	1	1	0.03	0	1	0.97	unphased	0.617043158861341	0.617043158861341	1
11	5757856	5757857	59	7	1.03	1	1	0.03	0	1	0.97	unphased	0.539912764003673	0.539912764003673	1
11	6007847	6007848	24	11	2	1	1	0.2	1	1	0.8	unphased	1.9047619047619	1.9047619047619	1
11	8190566	8190567	11	3	2	1	1	0.2	1	1	0.8	unphased	1.2987012987013	1.2987012987013	1
11	8190567	8190568	11	3	2	1	1	0.2	1	1	0.8	unphased	1.2987012987013	1.2987012987013	1
11	12379949	12379950	244	42	2	1	1	0.2	1	1	0.8	unphased	0.890019071837254	0.890019071837254	1
11	18330572	18330573	56	5	2	1	1	0.2	1	1	0.8	unphased	0.496770988574267	0.496770988574267	1
11	22833488	22833489	69	15	2	1	1	0.2	1	1	0.8	unphased	1.08225108225108	1.08225108225108	1
11	32635142	32635143	164	22	2	1	1	0.2	1	1	0.8	unphased	0.716845878136201	0.716845878136201	1
11	35453842	35453843	43	5	2	1	1	0.2	1	1	0.8	unphased	0.631313131313131	0.631313131313131	1
11	43603031	43603032	14	3	2	1	1	0.2	1	1	0.8	unphased	1.06951871657754	1.06951871657754	1
11	47317067	47317068	67	10	2	1	1	0.2	1	1	0.8	unphased	0.787091696182605	0.787091696182605	1
11	48238819	48238820	92	10	2	1	1	0.2	1	1	0.8	unphased	0.5941770647653	0.742721330956625	0.8
11	48267489	48267490	98	18	2	1	1	0.2	1	1	0.8	unphased	0.940438871473354	0.940438871473354	1
11	48346774	48346775	145	9	2	1	1	0.2	1	1	0.8	unphased	0.354191263282172	0.354191263282172	1
11	49197487	49197488	76	14	2	1	1	0.2	1	1	0.8	unphased	0.942760942760943	0.942760942760943	1
11	51411837	51411838	62	6	2	1	1	0.2	1	1	0.8	unphased	0.53475935828877	0.53475935828877	1
11	55135589	55135590	115	21	2	1	1	0.2	1	1	0.8	unphased	0.935828877005348	0.935828877005348	1
11	55541282	55541283	206	34	2	1	1	1	NA	NA	NA	unphased	0.858585858585859	0.858585858585859	1
11	55587188	55587189	95	24	2	1	1	1	NA	NA	NA	unphased	1.22230710466005	1.22230710466005	1
11	55606336	55606337	131	24	2	1	1	1	NA	NA	NA	unphased	0.93841642228739	0.93841642228739	1
11	55658654	55658655	128	24	2	1	1	1	NA	NA	NA	unphased	0.956937799043062	0.956937799043062	1
11	56020601	56020602	79	18	2	1	1	1	NA	NA	NA	unphased	1.12464854732896	1.12464854732896	1
11	56431309	56431310	262	41	2	1	1	1	NA	NA	NA	unphased	0.82008200820082	0.82008200820082	1
11	59282830	59282831	98	23	2	1	1	1	NA	NA	NA	unphased	1.15201602804909	1.15201602804909	1
11	59623482	59623483	83	15	2	1	1	1	NA	NA	NA	unphased	0.927643784786642	0.927643784786642	1
11	59814571	59814572	80	17	2	1	1	1	NA	NA	NA	unphased	1.06216807247735	1.06216807247735	1
11	61541454	61541455	42	5	2	1	1	1	NA	NA	NA	unphased	0.644745325596389	0.644745325596389	1
11	62009744	62009745	36	12	2	1	1	1	NA	NA	NA	unphased	1.51515151515152	1.51515151515152	1
11	62389347	62389348	26	11	2	1	1	1	NA	NA	NA	unphased	1.8018018018018	1.8018018018018	1
11	62568823	62568824	38	8	2	1	1	1	NA	NA	NA	unphased	1.05401844532279	1.05401844532279	1
11	65422483	65422484	9	3	2	1	1	1	NA	NA	NA	unphased	1.51515151515152	1.51515151515152	1
11	72289975	72289976	35	10	2	1	1	1	NA	NA	NA	unphased	1.34680134680135	1.34680134680135	1
11	73022701	73022702	60	8	2	1	1	1	NA	NA	NA	unphased	0.71301247771836	0.71301247771836	1
11	82693305	82693306	95	15	2	1	1	1	NA	NA	NA	unphased	0.826446280991735	0.826446280991735	1
11	85606378	85606379	44	9	2	1	1	1	NA	NA	NA	unphased	1.02915951972556	1.02915951972556	1
11	92531080	92531081	113	21	2	1	1	1	NA	NA	NA	unphased	0.949796472184532	0.949796472184532	1
11	111745876	111745877	37	5	2	1	1	1	NA	NA	NA	unphased	0.721500721500721	0.721500721500721	1
11	117314752	117314753	28	4	2	1	1	1	NA	NA	NA	unphased	0.757575757575758	0.757575757575758	1
11	120702729	120702730	76	18	2	1	1	1	NA	NA	NA	unphased	1.1605415860735	1.1605415860735	1
11	123908877	123908878	71	11	2	1	1	1	NA	NA	NA	unphased	0.813008130081301	0.813008130081301	1
11	125499161	125499162	114	19	2	1	1	1	NA	NA	NA	unphased	0.865800865800866	0.865800865800866	1
11	126143254	126143255	117	14	2	1	1	1	NA	NA	NA	unphased	0.647698357622022	0.647698357622022	1
11	128710110	128710111	119	7	2	1	1	1	NA	NA	NA	unphased	0.336700336700337	0.336700336700337	1
12	1967774	1967775	42	6	2	1	1	0.13	1	1	0.87	unphased	0.757575757575758	0.757575757575758	1
12	4736529	4736530	35	6	2	1	1	0.13	1	1	0.87	unphased	0.886917960088692	0.886917960088692	1
12	4855344	4855345	74	10	2	1	1	0.13	1	1	0.87	unphased	0.721500721500721	0.721500721500721	1
12	7656273	7656274	40	7	2	1	1	0.13	1	1	0.87	unphased	0.902643455834945	0.902643455834945	1
12	13906739	13906740	83	13	1	1	0	1	NA	NA	NA	unphased	0.685290404040404	0.685290404040404	1
12	15262138	15262139	119	38	2	1	1	0.36	1	1	0.64	unphased	1.46689828218491	1.46689828218491	1
12	18854480	18854481	70	28	2.34	2	1	0.67	1	0	0.33	unphased	1.82874458874459	1.09505663996682	1.67
12	21608978	21608979	60	11	1	1	0	1	NA	NA	NA	unphased	0.784037558685446	0.784037558685446	1
12	28603156	28603157	68	11	1	1	0	1	NA	NA	NA	unphased	0.70464135021097	0.70464135021097	1
12	48369266	48369267	72	16	2.69	2	1	0.69	1	1	0.31	unphased	1.22738292011019	1.22738292011019	1
12	48383581	48383582	109	19	2.69	2	1	0.69	1	1	0.31	unphased	1.00204308712121	1.00204308712121	1
12	50598412	50598413	60	22	2	2	0	1	NA	NA	NA	unphased	1.6260162601626	0.813008130081301	2
12	52565149	52565150	95	30	2	2	0	1	NA	NA	NA	unphased	1.45454545454545	0.727272727272727	2
12	58001201	58001202	23	5	2	2	0	1	NA	NA	NA	unphased	1.08225108225108	1.08225108225108	1
12	65462551	65462552	62	29	2	2	0	1	NA	NA	NA	unphased	1.93140193140193	0.965700965700966	2
12	81648673	81648674	65	16	2	2	0	1	NA	NA	NA	unphased	1.19715675271231	1.19715675271231	1
12	129467800	129467801	10	4	2	2	0	1	NA	NA	NA	unphased	1.73160173160173	1.73160173160173	1
13	20763552	20763553	80	15	1	1	0	1	NA	NA	NA	unphased	0.799043062200957	0.799043062200957	1
13	32759185	32759186	109	29	1	1	0	1	NA	NA	NA	unphased	1.06346069389548	1.06346069389548	1
13	36046591	36046592	26	4	1	1	0	1	NA	NA	NA	unphased	0.674747474747475	0.674747474747475	1
13	52439615	52439616	70	22	1	1	0	1	NA	NA	NA	unphased	1.21014492753623	1.21014492753623	1
13	58298771	58298772	50	12	1	1	0	1	NA	NA	NA	unphased	0.979472140762463	0.979472140762463	1
13	101735484	101735485	51	14	1	1	0	1	NA	NA	NA	unphased	1.08997668997669	1.08997668997669	1
13	113158416	113158417	81	18	1	1	0	1	NA	NA	NA	unphased	0.920110192837466	0.920110192837466	1
14	21424044	21424045	63	18	2	1	1	0.14	1	1	0.86	unphased	1.34680134680135	1.34680134680135	1
14	39763268	39763269	106	18	2	1	1	1	NA	NA	NA	unphased	0.879765395894428	0.879765395894428	1
14	52477608	52477609	127	6	2	1	1	0.28	1	1	0.72	unphased	0.273410799726589	0.273410799726589	1
14	64491693	64491694	71	11	2	1	1	0.28	1	1	0.72	unphased	0.813008130081301	0.813008130081301	1
14	67576857	67576858	101	11	2	1	1	0.28	1	1	0.72	unphased	0.595238095238095	0.826719576719577	0.72
14	74823780	74823781	21	10	2	1	1	0.19	1	1	0.81	unphased	1.95503421309873	1.95503421309873	1
14	89307379	89307380	102	9	2	1	1	0.19	1	1	0.81	unphased	0.491400491400491	0.60666727333394	0.81
14	90432511	90432512	33	4	2	1	1	0.19	1	1	0.81	unphased	0.655200655200655	0.655200655200655	1
14	94964382	94964383	89	31	2	1	1	0.19	1	1	0.81	unphased	1.56565656565657	1.56565656565657	1
14	104028347	104028348	73	6	2	1	1	0.19	1	1	0.81	unphased	0.46029919447641	0.568270610464703	0.81
14	106641566	106641567	191	41	2	1	1	0.19	1	1	0.81	unphased	1.07105538140021	1.07105538140021	1
14	106757817	106757818	78	10	2	1	1	0.19	1	1	0.81	unphased	0.68870523415978	0.68870523415978	1
14	107048874	107048875	84	11	1.97	1	0	0.03	1	1	0.97	unphased	0.698280701754386	0.698280701754386	1
14	107095199	107095200	139	13	1.97	1	0	0.03	1	1	0.97	unphased	0.515775518341308	0.515775518341308	1
15	25326335	25326336	33	4	1	1	0	1	NA	NA	NA	unphased	0.547092547092547	0.547092547092547	1
15	49924459	49924460	39	12	1	1	0	1	NA	NA	NA	unphased	1.19073083778966	1.19073083778966	1
15	50226285	50226286	79	15	1	1	0	1	NA	NA	NA	unphased	0.807543520309478	0.807543520309478	1
15	74636302	74636303	62	14	1.05	1	1	0.05	0	1	0.95	unphased	0.941427432216906	0.941427432216906	1
15	75122473	75122474	33	7	1.05	1	1	0.05	0	1	0.95	unphased	0.894356060606061	0.894356060606061	1
15	75682079	75682080	110	22	1.05	1	1	0.05	0	1	0.95	unphased	0.851767676767677	0.851767676767677	1
15	75702198	75702199	140	27	1.05	1	1	0.05	0	1	0.95	unphased	0.826265650517148	0.826265650517148	1
15	75977205	75977206	83	21	1.05	1	1	0.05	0	1	0.95	unphased	1.0319493006993	1.0319493006993	1
15	76496148	76496149	149	26	1.05	1	1	0.05	0	1	0.95	unphased	0.759290043290043	0.759290043290043	1
15	89382206	89382207	135	35	1.05	1	1	0.05	0	1	0.95	unphased	1.05218360071301	1.05218360071301	1
15	89834928	89834929	109	21	1.05	1	1	0.05	0	1	0.95	unphased	0.825559440559441	0.825559440559441	1
16	1391404	1391405	75	18	1	1	0	0.13	1	0	0.87	unphased	0.979472140762463	0.979472140762463	1
16	14041629	14041630	136	22	1.54	2	1	0.27	1	0	0.73	unphased	0.779831223628692	0.779831223628692	1
16	20476862	20476863	64	6	3.07	3	1	0.69	1	0	0.31	unphased	0.611194805194805	0.611194805194805	1
16	24196850	24196851	64	36	4	3	1	1	NA	NA	NA	unphased	2.90181818181818	0.967272727272727	3
16	30715382	30715383	82	15	2	1	1	0.13	1	1	0.87	unphased	0.937207122774133	0.937207122774133	1
16	31434962	31434963	75	11	2	1	1	0.13	1	1	0.87	unphased	0.775193798449612	0.775193798449612	1
16	56396462	56396463	67	5	2	1	1	0.24	1	1	0.76	unphased	0.420875420875421	0.553783448520291	0.76
16	58571123	58571124	72	13	2	1	1	0.24	1	1	0.76	unphased	0.926916221033868	0.926916221033868	1
16	58615250	58615251	51	8	2	1	1	0.24	1	1	0.76	unphased	0.821777092963534	0.821777092963534	1
16	68265156	68265157	58	5	2	1	1	0.24	1	1	0.76	unphased	0.481000481000481	0.632895369737475	0.76
16	68265989	68265990	28	4	2	1	1	0.24	1	1	0.76	unphased	0.757575757575758	0.757575757575758	1
16	70841703	70841704	93	6	2	1	1	0.22	1	1	0.78	unphased	0.367309458218549	0.470909561818653	0.78
16	70993552	70993553	34	4	2	1	1	0.22	1	1	0.78	unphased	0.637958532695375	0.637958532695375	1
16	71196620	71196621	9	5	2	1	1	0.22	1	1	0.78	unphased	2.16450216450216	2.16450216450216	1
16	75204188	75204189	60	7	2	1	1	0.14	1	1	0.86	unphased	0.633197648123021	0.633197648123021	1
16	84353037	84353038	36	8	2	1	1	0.17	1	1	0.83	unphased	1.10192837465565	1.10192837465565	1
16	88747977	88747978	32	9	2	1	1	0.17	1	1	0.83	unphased	1.33037694013304	1.33037694013304	1
17	7577098	7577099	30	10	1	1	0	1	NA	NA	NA	unphased	1.26515151515152	1.26515151515152	1
17	11671767	11671768	71	10	1	1	0	1	NA	NA	NA	unphased	0.624766180321736	0.624766180321736	1
17	38907491	38907492	75	5	2	1	1	0.24	1	1	0.76	unphased	0.378787878787879	0.498405103668262	0.76
17	38991027	38991028	190	16	2	1	1	0.24	1	1	0.76	unphased	0.470726684318917	0.470726684318917	1
17	39190601	39190602	39	4	2	1	1	0.24	1	1	0.76	unphased	0.563777307963354	0.563777307963354	1
17	40652821	40652822	155	14	2	1	1	0.19	1	1	0.81	unphased	0.502062040523579	0.61982967965874	0.81
17	43531526	43531527	31	5	1.08	1	1	0.08	0	1	0.92	unphased	0.713973063973064	0.713973063973064	1
17	49124735	49124736	89	9	2	1	1	0.19	1	1	0.81	unphased	0.556586270871985	0.687143544286401	0.81
17	56060313	56060314	59	10	2	1	1	0.19	1	1	0.81	unphased	0.878348704435661	0.878348704435661	1
17	60749181	60749182	40	8	2	1	1	0.19	1	1	0.81	unphased	1.01010101010101	1.01010101010101	1
17	66352910	66352911	55	10	2	1	1	0.19	1	1	0.81	unphased	0.932400932400932	0.932400932400932	1
17	66511482	66511483	20	4	2	1	1	0.19	1	1	0.81	unphased	1.01010101010101	1.01010101010101	1
17	72741178	72741179	62	6	2	1	1	0.19	1	1	0.81	unphased	0.53475935828877	0.53475935828877	1
17	72851152	72851153	22	3	2	1	1	0.19	1	1	0.81	unphased	0.727272727272727	0.727272727272727	1
17	73015847	73015848	36	4	2	1	1	0.19	1	1	0.81	unphased	0.606060606060606	0.606060606060606	1
17	80615706	80615707	126	20	2	1	1	0.19	1	1	0.81	unphased	0.8302200083022	0.8302200083022	1
18	33706777	33706778	99	16	2	1	1	0.13	1	1	0.87	unphased	0.843214756258234	0.843214756258234	1
18	45374865	45374866	89	12	1.86	1	0	0.14	1	1	0.86	unphased	0.703438343834383	0.703438343834383	1
18	50683727	50683728	186	20	1.86	1	0	0.14	1	1	0.86	unphased	0.574816122388938	0.668390839987137	0.86
19	8152785	8152786	90	11	1	1	0	0.24	1	0	0.76	unphased	0.551155115511551	0.725204099357304	0.76
19	8152787	8152788	88	11	1	1	0	0.24	1	0	0.76	unphased	0.562289562289562	0.739854687223108	0.76
19	9069055	9069056	39	7	1	1	0	1	NA	NA	NA	unphased	0.770092226613966	0.770092226613966	1
19	11114067	11114068	91	16	1	1	0	1	NA	NA	NA	unphased	0.75672613990371	0.75672613990371	1
19	11660567	11660568	81	15	1	1	0	1	NA	NA	NA	unphased	0.790719696969697	0.790719696969697	1
19	13418935	13418936	33	9	1	1	0	1	NA	NA	NA	unphased	1.08441558441558	1.08441558441558	1
19	14991684	14991685	124	23	1	1	0	1	NA	NA	NA	unphased	0.79179550608122	0.79179550608122	1
19	16631493	16631494	16	7	1	1	0	1	NA	NA	NA	unphased	1.54018445322793	1.54018445322793	1
19	20117397	20117398	71	20	1	1	0	1	NA	NA	NA	unphased	1.11222111222111	1.11222111222111	1
19	20807708	20807709	77	6	1	1	0	1	NA	NA	NA	unphased	0.365826944140197	0.365826944140197	1
19	30934861	30934862	40	7	1	1	0	1	NA	NA	NA	unphased	0.753707285622179	0.753707285622179	1
19	41216036	41216037	64	13	1	1	0	1	NA	NA	NA	unphased	0.854388036206218	0.854388036206218	1
19	44636249	44636250	78	15	1	1	0	1	NA	NA	NA	unphased	0.816226783968719	0.816226783968719	1
19	46828895	46828896	83	26	1	1	0	1	NA	NA	NA	unphased	1.20711704197943	1.20711704197943	1
19	56313015	56313016	80	20	1	1	0	1	NA	NA	NA	unphased	1.01212121212121	1.01212121212121	1
19	56369394	56369395	93	23	1	1	0	1	NA	NA	NA	unphased	1.0033960292581	1.0033960292581	1
19	56701791	56701792	132	35	1	1	0	1	NA	NA	NA	unphased	1.06060606060606	1.06060606060606	1
2	12880671	12880672	38	7	2	1	1	0.15	1	1	0.85	unphased	0.942760942760943	0.942760942760943	1
2	24929505	24929506	67	10	2	1	1	0.15	1	1	0.85	unphased	0.787091696182605	0.787091696182605	1
2	25467187	25467188	16	9	2	1	1	0.15	1	1	0.85	unphased	2.18181818181818	2.18181818181818	1
2	32445436	32445437	114	9	2	1	1	0.15	1	1	0.85	unphased	0.443458980044346	0.443458980044346	1
2	33590569	33590570	45	5	2	1	1	0.15	1	1	0.85	unphased	0.606060606060606	0.606060606060606	1
2	50699552	50699553	33	4	2	1	1	0.13	1	1	0.87	unphased	0.655200655200655	0.655200655200655	1
2	69172516	69172517	137	18	2	1	1	0.13	1	1	0.87	unphased	0.703812316715543	0.703812316715543	1
2	71791191	71791192	45	5	2	1	1	0.13	1	1	0.87	unphased	0.606060606060606	0.606060606060606	1
2	77745779	77745780	55	12	2	1	1	0.13	1	1	0.87	unphased	1.08548168249661	1.08548168249661	1
2	80835391	80835392	72	7	2	1	1	0.13	1	1	0.87	unphased	0.537015726889145	0.617259456194419	0.87
2	86371397	86371398	44	8	2	1	1	0.13	1	1	0.87	unphased	0.932400932400932	0.932400932400932	1
2	89292384	89292385	135	17	2	1	1	0.13	1	1	0.87	unphased	0.677830940988836	0.779116024125099	0.87
2	90198979	90198980	167	12	2	1	1	0.13	1	1	0.87	unphased	0.406297613001524	0.406297613001524	1
2	98351724	98351725	75	12	2	1	1	1	NA	NA	NA	unphased	0.83594566353187	0.83594566353187	1
2	103124707	103124708	33	10	2	1	1	1	NA	NA	NA	unphased	1.40944326990839	1.40944326990839	1
2	103431210	103431211	15	7	2	1	1	1	NA	NA	NA	unphased	1.92837465564738	1.92837465564738	1
2	108487808	108487809	71	17	2	1	1	1	NA	NA	NA	unphased	1.17079889807163	1.17079889807163	1
2	113089678	113089679	31	6	2	1	1	1	NA	NA	NA	unphased	0.982800982800983	0.982800982800983	1
2	116525922	116525923	40	8	2	1	1	1	NA	NA	NA	unphased	1.01010101010101	1.01010101010101	1
2	137814740	137814741	35	8	1	1	0	1	NA	NA	NA	unphased	0.941508104298802	0.941508104298802	1
2	168115465	168115466	22	7	1	1	0	0.03	0	1	0.97	unphased	1.22152560083595	1.22152560083595	1
2	172942560	172942561	42	13	1	1	0	0.03	0	1	0.97	unphased	1.19614325068871	1.19614325068871	1
2	179447685	179447686	25	3	1	1	0	0.03	0	1	0.97	unphased	0.542207792207792	0.542207792207792	1
2	179453672	179453673	39	6	1	1	0	0.03	0	1	0.97	unphased	0.674747474747475	0.674747474747475	1
2	179463667	179463668	55	13	1	1	0	0.03	0	1	0.97	unphased	0.9674688057041	0.9674688057041	1
2	179596220	179596221	70	10	1	1	0	0.03	0	1	0.97	unphased	0.632575757575758	0.632575757575758	1
2	182438564	182438565	52	10	1	1	0	0.03	0	1	0.97	unphased	0.816226783968719	0.816226783968719	1
2	189872835	189872836	25	3	2.2	2	1	0.2	1	1	0.8	unphased	0.670779220779221	0.670779220779221	1
2	193059163	193059164	77	19	2	1	1	1	NA	NA	NA	unphased	1.19949494949495	1.19949494949495	1
2	207172048	207172049	35	7	2	1	1	1	NA	NA	NA	unphased	1.01010101010101	1.01010101010101	1
2	207611129	207611130	48	5	2	1	1	1	NA	NA	NA	unphased	0.571755288736421	0.571755288736421	1
2	220503473	220503474	48	5	2	1	1	1	NA	NA	NA	unphased	0.571755288736421	0.571755288736421	1
2	228228679	228228680	82	16	2	1	1	1	NA	NA	NA	unphased	0.989486703772418	0.989486703772418	1
2	237994651	237994652	12	3	2	1	1	1	NA	NA	NA	unphased	1.21212121212121	1.21212121212121	1
2	238296627	238296628	67	10	2	1	1	1	NA	NA	NA	unphased	0.787091696182605	0.787091696182605	1
2	242573003	242573004	81	15	2	1	1	1	NA	NA	NA	unphased	0.946969696969697	0.946969696969697	1
2	242758328	242758329	12	3	2	1	1	1	NA	NA	NA	unphased	1.21212121212121	1.21212121212121	1
20	270259	270260	81	12	1	1	0	1	NA	NA	NA	unphased	0.652981427174976	0.652981427174976	1
20	3028484	3028485	51	9	1	1	0	0.05	0	1	0.95	unphased	0.759090909090909	0.759090909090909	1
20	3672707	3672708	24	6	1	1	0	0.05	0	1	0.95	unphased	1.01212121212121	1.01212121212121	1
20	5932745	5932746	68	10	1	1	0	0.08	0	1	0.92	unphased	0.648795648795649	0.648795648795649	1
20	8737756	8737757	77	7	1	1	0	0.08	0	1	0.92	unphased	0.421717171717172	0.421717171717172	1
20	20453523	20453524	30	5	1	1	0	0.08	0	1	0.92	unphased	0.722943722943723	0.722943722943723	1
20	23667807	23667808	150	38	1	1	0	0.08	0	1	0.92	unphased	1.02288845905867	1.02288845905867	1
20	25666739	25666740	133	16	1	1	0	0.08	0	1	0.92	unphased	0.543420785031523	0.543420785031523	1
20	34081265	34081266	162	29	1	1	0	0.08	0	1	0.92	unphased	0.768364270982072	0.768364270982072	1
20	34090952	34090953	34	4	1	1	0	0.08	0	1	0.92	unphased	0.532695374800638	0.532695374800638	1
20	35060542	35060543	81	13	1	1	0	0.08	0	1	0.92	unphased	0.699871050934881	0.699871050934881	1
20	36848060	36848061	104	21	1	1	0	0.08	0	1	0.92	unphased	0.850181818181818	0.850181818181818	1
20	43058357	43058358	71	13	1	1	0	0.08	0	1	0.92	unphased	0.783189033189033	0.783189033189033	1
20	57036135	57036136	98	24	2	1	1	1	NA	NA	NA	unphased	1.19225037257824	1.19225037257824	1
21	10921972	10921973	105	8	NA	NA	NA	NA	NA	NA	NA	unphased	NA	NA	1
21	15323417	15323418	72	8	2	1	1	0.4	1	1	0.6	unphased	0.606060606060606	0.606060606060606	1
21	32638649	32638650	82	10	2	1	1	0.4	1	1	0.6	unphased	0.658761528326746	0.658761528326746	1
21	34707907	34707908	73	20	2	1	1	0.4	1	1	0.6	unphased	1.30335614206582	1.30335614206582	1
21	34861693	34861694	75	10	2	1	1	0.4	1	1	0.6	unphased	0.71301247771836	0.71301247771836	1
21	41423904	41423905	134	23	2	1	1	0.4	1	1	0.6	unphased	0.887859486585601	0.887859486585601	1
21	46645383	46645384	52	5	2	1	1	0.4	1	1	0.6	unphased	0.531632110579479	0.531632110579479	1
22	24584389	24584390	46	11	1	1	0	1	NA	NA	NA	unphased	0.976608187134503	0.976608187134503	1
22	33960891	33960892	80	26	1	1	0	1	NA	NA	NA	unphased	1.24128073184677	1.24128073184677	1
22	38026924	38026925	46	6	1	1	0	1	NA	NA	NA	unphased	0.583916083916084	0.583916083916084	1
3	38739965	38739966	84	14	1	1	0	1	NA	NA	NA	unphased	0.722943722943723	0.722943722943723	1
3	58178644	58178645	8	3	1	1	0	1	NA	NA	NA	unphased	1.3801652892562	1.3801652892562	1
3	77623697	77623698	67	7	1	1	0	0.04	0	1	0.96	unphased	0.478705978705979	0.498652061152061	0.96
3	78667115	78667116	55	5	1	1	0	0.04	0	1	0.96	unphased	0.421717171717172	0.43928872053872	0.96
3	78734956	78734957	19	7	1	1	0	0.04	0	1	0.96	unphased	1.36247086247086	1.36247086247086	1
3	108776287	108776288	77	11	1	1	0	0.04	0	1	0.96	unphased	0.632575757575758	0.632575757575758	1
3	112642508	112642509	45	7	1	1	0	0.04	0	1	0.96	unphased	0.681235431235431	0.681235431235431	1
3	130283846	130283847	113	25	2	1	1	0.11	1	1	0.89	unphased	1.09793588054458	1.09793588054458	1
3	130284289	130284290	117	18	2	1	1	0.11	1	1	0.89	unphased	0.808080808080808	0.808080808080808	1
3	130285664	130285665	96	23	2	1	1	0.11	1	1	0.89	unphased	1.17137764196588	1.17137764196588	1
3	131254156	131254157	88	8	2	1	1	0.11	1	1	0.89	unphased	0.505050505050505	0.567472477584837	0.89
3	140409890	140409891	120	12	2	1	1	0.11	1	1	0.89	unphased	0.550964187327824	0.619060884638004	0.89
3	142772594	142772595	21	3	2	1	1	0.11	1	1	0.89	unphased	0.757575757575758	0.757575757575758	1
3	151075069	151075070	56	8	2	1	1	0.11	1	1	0.89	unphased	0.757575757575758	0.757575757575758	1
3	151156156	151156157	139	16	2	1	1	0.11	1	1	0.89	unphased	0.625610948191593	0.702933649653476	0.89
3	155551290	155551291	74	5	2	1	1	0.11	1	1	0.89	unphased	0.383582662063675	0.430991755127724	0.89
3	164776960	164776961	37	5	1.02	1	1	0.02	0	1	0.98	unphased	0.604834054834055	0.604834054834055	1
3	192053229	192053230	78	16	1.06	1	1	0.06	0	1	0.94	unphased	0.871592520954223	0.871592520954223	1
3	197427573	197427574	90	5	1.02	1	1	0.02	0	1	0.98	unphased	0.267400318979266	0.267400318979266	1
3	197430433	197430434	36	9	1.02	1	1	0.02	0	1	0.98	unphased	1.01612121212121	1.01612121212121	1
4	26997037	26997038	115	19	2	1	1	0.24	1	1	0.76	unphased	0.859339665309814	0.859339665309814	1
4	46043187	46043188	70	15	2	1	1	0.26	1	1	0.74	unphased	1.06951871657754	1.06951871657754	1
4	57861553	57861554	91	22	2	1	1	0.26	1	1	0.74	unphased	1.17994100294985	1.17994100294985	1
4	71509711	71509712	87	8	2	1	1	0.25	1	1	0.75	unphased	0.5103668261563	0.680489101541733	0.75
4	72205109	72205110	212	14	2	1	1	0.25	1	1	0.75	unphased	0.375435773665862	0.375435773665862	1
4	83799971	83799972	57	12	2	1	1	0.25	1	1	0.75	unphased	1.05401844532279	1.05401844532279	1
4	86938298	86938299	36	4	1	1	0	1	NA	NA	NA	unphased	0.506060606060606	0.506060606060606	1
4	88766947	88766948	66	8	1	1	0	1	NA	NA	NA	unphased	0.547092547092547	0.547092547092547	1
4	104103945	104103946	52	9	1	1	0	1	NA	NA	NA	unphased	0.746646795827124	0.746646795827124	1
4	106819104	106819105	40	6	1	1	0	1	NA	NA	NA	unphased	0.660079051383399	0.660079051383399	1
4	155510604	155510605	74	9	1	1	0	1	NA	NA	NA	unphased	0.548740416210296	0.548740416210296	1
4	159092506	159092507	32	8	1	1	0	1	NA	NA	NA	unphased	1.01212121212121	1.01212121212121	1
4	164534486	164534487	53	15	1	1	0	1	NA	NA	NA	unphased	1.11631016042781	1.11631016042781	1
5	16671036	16671037	30	6	2	1	1	1	NA	NA	NA	unphased	1.01010101010101	1.01010101010101	1
5	21755909	21755910	66	18	2	1	1	1	NA	NA	NA	unphased	1.2987012987013	1.2987012987013	1
5	23527273	23527274	112	18	2	1	1	1	NA	NA	NA	unphased	0.839160839160839	0.839160839160839	1
5	34043215	34043216	103	22	2	1	1	0.3	1	1	0.7	unphased	1.06666666666667	1.06666666666667	1
5	39202590	39202591	120	19	2	1	1	0.3	1	1	0.7	unphased	0.828428166557663	0.828428166557663	1
5	41049485	41049486	37	15	2	1	1	0.3	1	1	0.7	unphased	1.74825174825175	1.74825174825175	1
5	41149433	41149434	243	19	2	1	1	0.3	1	1	0.7	unphased	0.439509599814943	0.439509599814943	1
5	45262737	45262738	93	15	2	1	1	0.3	1	1	0.7	unphased	0.841750841750842	0.841750841750842	1
5	72311460	72311461	30	3	1	1	0	1	NA	NA	NA	unphased	0.460055096418733	0.460055096418733	1
5	93076428	93076429	20	4	1	1	0	1	NA	NA	NA	unphased	0.843434343434343	0.843434343434343	1
5	121759049	121759050	144	10	1	1	0	0.06	0	1	0.94	unphased	0.328610783156238	0.328610783156238	1
5	131545981	131545982	113	22	1	1	0	0.06	0	1	0.94	unphased	0.824691358024691	0.824691358024691	1
5	137897271	137897272	44	8	1	1	0	0.06	0	1	0.94	unphased	0.778554778554779	0.778554778554779	1
5	140175015	140175016	99	12	1	1	0	0.06	0	1	0.94	unphased	0.547092547092547	0.547092547092547	1
5	140176083	140176084	93	13	1	1	0	0.06	0	1	0.94	unphased	0.620640365923385	0.660255708429133	0.94
5	140203658	140203659	69	13	1	1	0	0.06	0	1	0.94	unphased	0.802291204730229	0.802291204730229	1
5	140481025	140481026	112	8	2	1	1	0.12	1	1	0.88	unphased	0.404040404040404	0.404040404040404	1
5	140589141	140589142	86	19	2	1	1	0.12	1	1	0.88	unphased	1.0966810966811	1.0966810966811	1
5	147505143	147505144	51	13	2	1	1	0.12	1	1	0.88	unphased	1.23106060606061	1.23106060606061	1
5	149264101	149264102	74	8	2	1	1	0.12	1	1	0.88	unphased	0.591278640059128	0.591278640059128	1
5	154396218	154396219	74	13	2	1	1	0.12	1	1	0.88	unphased	0.905607802159526	0.905607802159526	1
5	156479454	156479455	413	50	2	1	1	0.15	1	1	0.85	unphased	0.654493095097847	0.769991876585702	0.85
5	167798480	167798481	51	7	2	1	1	0.15	1	1	0.85	unphased	0.731452455590387	0.731452455590387	1
5	167850625	167850626	116	18	2	1	1	0.15	1	1	0.85	unphased	0.814111261872456	0.814111261872456	1
5	167850626	167850627	112	18	2	1	1	0.15	1	1	0.85	unphased	0.839160839160839	0.839160839160839	1
5	170346492	170346493	76	8	2	1	1	0.15	1	1	0.85	unphased	0.577200577200577	0.577200577200577	1
5	178392990	178392991	70	28	2.51	2	1	0.51	1	1	0.49	unphased	1.87731601731602	1.24325564060663	1.51
5	179300159	179300160	47	10	2.98	2	1	0.99	0	1	0.01	unphased	1.23519404572036	1.23519404572036	1
5	180219535	180219536	62	7	2.98	2	1	0.99	0	1	0.01	unphased	0.714264382960035	0.714264382960035	1
6	28264624	28264625	73	13	1.08	1	1	0.08	0	1	0.92	unphased	0.77706835799859	0.77706835799859	1
6	38029415	38029416	68	6	1.08	1	1	0.08	0	1	0.92	unphased	0.416805896805897	0.416805896805897	1
6	39552728	39552729	89	26	1.08	1	1	0.08	0	1	0.92	unphased	1.16222397891963	1.16222397891963	1
6	49665655	49665656	69	13	2	1	1	0.1	1	1	0.9	unphased	0.960827790096083	0.960827790096083	1
6	49754624	49754625	122	21	2	1	1	0.1	1	1	0.9	unphased	0.890019071837254	0.890019071837254	1
6	50683057	50683058	88	22	2	1	1	0.1	1	1	0.9	unphased	1.21212121212121	1.21212121212121	1
6	51503746	51503747	88	19	2	1	1	0.1	1	1	0.9	unphased	1.0761823845936	1.0761823845936	1
6	54805101	54805102	69	10	1.06	1	1	0.06	0	1	0.94	unphased	0.648177982355198	0.648177982355198	1
6	55145136	55145137	77	14	1.06	1	1	0.06	0	1	0.94	unphased	0.787785547785548	0.787785547785548	1
6	56031726	56031727	18	3	1.06	1	1	0.06	0	1	0.94	unphased	0.731515151515151	0.731515151515151	1
6	56989600	56989601	30	5	1.06	1	1	0.06	0	1	0.94	unphased	0.731515151515151	0.731515151515151	1
6	57012846	57012847	115	14	1.06	1	1	0.06	0	1	0.94	unphased	0.555724688747944	0.555724688747944	1
6	57512703	57512704	277	13	1.06	1	1	0.06	0	1	0.94	unphased	0.229544409613375	0.229544409613375	1
6	75823355	75823356	83	12	1	1	0	1	NA	NA	NA	unphased	0.639234449760765	0.639234449760765	1
6	102372514	102372515	64	9	1	1	0	1	NA	NA	NA	unphased	0.623910336239103	0.623910336239103	1
6	117128108	117128109	72	13	1	1	0	1	NA	NA	NA	unphased	0.77397504456328	0.77397504456328	1
6	117128109	117128110	72	12	1	1	0	1	NA	NA	NA	unphased	0.722943722943723	0.722943722943723	1
6	147124121	147124122	43	6	1	1	0	1	NA	NA	NA	unphased	0.619666048237477	0.619666048237477	1
6	149983375	149983376	48	9	1	1	0	1	NA	NA	NA	unphased	0.799043062200957	0.799043062200957	1
6	160328097	160328098	99	34	1	1	0	1	NA	NA	NA	unphased	1.29368876737298	1.29368876737298	1
6	160454098	160454099	41	12	1	1	0	1	NA	NA	NA	unphased	1.14579759862779	1.14579759862779	1
6	167789461	167789462	11	3	1	1	0	1	NA	NA	NA	unphased	1.08441558441558	1.08441558441558	1
7	4167058	4167059	118	20	2	1	1	1	NA	NA	NA	unphased	0.878348704435661	0.878348704435661	1
7	24870413	24870414	209	36	2	1	1	1	NA	NA	NA	unphased	0.890538033395176	0.890538033395176	1
7	27831726	27831727	65	10	2	1	1	1	NA	NA	NA	unphased	0.808080808080808	0.808080808080808	1
7	33312623	33312624	146	29	2	1	1	1	NA	NA	NA	unphased	1.004329004329	1.004329004329	1
7	38398335	38398336	91	24	2	1	1	1	NA	NA	NA	unphased	1.26482213438735	1.26482213438735	1
7	45750209	45750210	60	7	2	1	1	1	NA	NA	NA	unphased	0.633197648123021	0.633197648123021	1
7	83277872	83277873	23	5	2	1	1	1	NA	NA	NA	unphased	1.08225108225108	1.08225108225108	1
7	91624936	91624937	45	7	2	1	1	1	NA	NA	NA	unphased	0.815850815850816	0.815850815850816	1
7	96651578	96651579	114	22	2	1	1	1	NA	NA	NA	unphased	0.980392156862745	0.980392156862745	1
7	99669712	99669713	89	23	2	1	1	1	NA	NA	NA	unphased	1.24458874458874	1.24458874458874	1
7	103338515	103338516	168	37	2	1	1	1	NA	NA	NA	unphased	1.09386548410939	1.09386548410939	1
7	106526684	106526685	50	8	2	1	1	1	NA	NA	NA	unphased	0.83594566353187	0.83594566353187	1
7	112415278	112415279	67	9	2	1	1	1	NA	NA	NA	unphased	0.717703349282297	0.717703349282297	1
7	112415279	112415280	67	9	2	1	1	1	NA	NA	NA	unphased	0.717703349282297	0.717703349282297	1
7	113517869	113517870	83	13	2	1	1	1	NA	NA	NA	unphased	0.820707070707071	0.820707070707071	1
7	119915260	119915261	63	13	2	1	1	1	NA	NA	NA	unphased	1.03668261562998	1.03668261562998	1
7	122755556	122755557	79	8	2	1	1	1	NA	NA	NA	unphased	0.557297109021247	0.557297109021247	1
7	127235453	127235454	67	14	1	1	1	0	0	1	1	unphased	0.87467265245043	0.87467265245043	1
7	141292983	141292984	35	4	2	1	1	1	NA	NA	NA	unphased	0.621600621600622	0.621600621600622	1
7	141952014	141952015	23	10	2	1	1	1	NA	NA	NA	unphased	1.83654729109275	1.83654729109275	1
7	142139454	142139455	75	12	2	1	1	1	NA	NA	NA	unphased	0.83594566353187	0.83594566353187	1
7	142723820	142723821	78	9	2	1	1	1	NA	NA	NA	unphased	0.626959247648903	0.626959247648903	1
7	149493711	149493712	29	6	2	1	1	1	NA	NA	NA	unphased	1.03896103896104	1.03896103896104	1
7	154875907	154875908	43	9	2	1	1	1	NA	NA	NA	unphased	1.04895104895105	1.04895104895105	1
8	2910087	2910088	8	5	1	1	0	1	NA	NA	NA	unphased	1.94638694638695	1.94638694638695	1
8	11406631	11406632	6	3	1	1	0	1	NA	NA	NA	unphased	1.68686868686869	1.68686868686869	1
8	13948037	13948038	90	24	1	1	0	1	NA	NA	NA	unphased	1.06539074960128	1.06539074960128	1
8	30657228	30657229	102	20	1	1	0	1	NA	NA	NA	unphased	0.829607550919026	0.829607550919026	1
8	30890210	30890211	10	4	1	1	0	1	NA	NA	NA	unphased	1.44588744588745	1.44588744588745	1
8	37602156	37602157	113	16	3.4	4	1	0.6	1	0	0.4	unphased	0.925346488137186	0.925346488137186	1
8	39505940	39505941	44	26	4.4	4	1	0.8	1	1	0.2	unphased	3.14251082251082	0.924267888973771	3.4
8	41906266	41906267	190	28	4.4	4	1	0.8	1	1	0.2	unphased	1.08668334723381	1.08668334723381	1
8	43173742	43173743	112	21	2	1	1	1	NA	NA	NA	unphased	0.956937799043062	0.956937799043062	1
8	51363112	51363113	47	12	2	1	1	1	NA	NA	NA	unphased	1.2326656394453	1.2326656394453	1
8	52732934	52732935	64	7	2	1	1	1	NA	NA	NA	unphased	0.597524541186513	0.597524541186513	1
8	68131670	68131671	20	3	2	1	1	1	NA	NA	NA	unphased	0.790513833992095	0.790513833992095	1
8	72951129	72951130	55	12	2	1	1	1	NA	NA	NA	unphased	1.08548168249661	1.08548168249661	1
8	76456115	76456116	74	17	2	1	1	1	NA	NA	NA	unphased	1.13220113220113	1.13220113220113	1
8	87439905	87439906	115	24	2	1	1	1	NA	NA	NA	unphased	1.04643557880968	1.04643557880968	1
8	100155212	100155213	46	8	2	1	1	1	NA	NA	NA	unphased	0.897867564534231	0.897867564534231	1
8	103316393	103316394	58	10	2	1	1	1	NA	NA	NA	unphased	0.89126559714795	0.89126559714795	1
8	103841563	103841564	122	27	2	1	1	1	NA	NA	NA	unphased	1.09823062843197	1.09823062843197	1
8	105160930	105160931	62	8	2	1	1	1	NA	NA	NA	unphased	0.692640692640693	0.692640692640693	1
8	113317057	113317058	60	6	2	1	1	1	NA	NA	NA	unphased	0.550964187327824	0.550964187327824	1
8	124031532	124031533	24	3	2	1	1	1	NA	NA	NA	unphased	0.673400673400673	0.673400673400673	1
8	133816218	133816219	53	6	2	1	1	1	NA	NA	NA	unphased	0.61633281972265	0.61633281972265	1
8	139603680	139603681	29	4	2	1	1	1	NA	NA	NA	unphased	0.734618916437098	0.734618916437098	1
8	144994825	144994826	53	16	2	1	1	0.4	1	1	0.6	unphased	1.40535792709706	1.40535792709706	1
8	144997238	144997239	24	6	2	1	1	0.4	1	1	0.6	unphased	1.21212121212121	1.21212121212121	1
8	145699817	145699818	88	15	2	1	1	0.4	1	1	0.6	unphased	0.88261253309797	0.88261253309797	1
9	13168518	13168519	155	36	1	1	0	1	NA	NA	NA	unphased	0.953831508805331	0.953831508805331	1
9	27950699	27950700	20	3	1	1	0	1	NA	NA	NA	unphased	0.660079051383399	0.660079051383399	1
9	37746083	37746084	195	40	1	1	0	1	NA	NA	NA	unphased	0.861379754996776	0.861379754996776	1
9	43627228	43627229	431	89	NA	NA	NA	NA	NA	NA	NA	unphased	NA	NA	1
9	75435984	75435985	147	31	1	1	0	1	NA	NA	NA	unphased	0.881341504937011	0.881341504937011	1
9	79323520	79323521	35	7	1	1	0	1	NA	NA	NA	unphased	0.843434343434343	0.843434343434343	1
9	87482252	87482253	102	16	1	1	0	1	NA	NA	NA	unphased	0.686183872624551	0.686183872624551	1
9	90502745	90502746	49	5	1	1	0	1	NA	NA	NA	unphased	0.468574635241302	0.468574635241302	1
9	97897668	97897669	45	7	1	1	0	1	NA	NA	NA	unphased	0.681235431235431	0.681235431235431	1
9	120476200	120476201	45	12	1	1	0	1	NA	NA	NA	unphased	1.06539074960128	1.06539074960128	1
9	127789171	127789172	41	5	1	1	0	1	NA	NA	NA	unphased	0.550065876152833	0.550065876152833	1
9	136131528	136131529	13	5	1	1	0	1	NA	NA	NA	unphased	1.40572390572391	1.40572390572391	1
X	3228222	3228223	99	15	NA	NA	NA	NA	NA	NA	NA	unphased	NA	NA	1
X	9656163	9656164	21	4	NA	NA	NA	NA	NA	NA	NA	unphased	NA	NA	1
X	19389508	19389509	107	12	NA	NA	NA	NA	NA	NA	NA	unphased	NA	NA	1
X	26157553	26157554	16	5	NA	NA	NA	NA	NA	NA	NA	unphased	NA	NA	1
X	32305709	32305710	81	10	NA	NA	NA	NA	NA	NA	NA	unphased	NA	NA	1
X	32305710	32305711	81	10	NA	NA	NA	NA	NA	NA	NA	unphased	NA	NA	1
X	34149593	34149594	48	10	NA	NA	NA	NA	NA	NA	NA	unphased	NA	NA	1
X	35820409	35820410	37	8	NA	NA	NA	NA	NA	NA	NA	unphased	NA	NA	1
X	49084715	49084716	26	5	NA	NA	NA	NA	NA	NA	NA	unphased	NA	NA	1
X	52893882	52893883	67	14	NA	NA	NA	NA	NA	NA	NA	unphased	NA	NA	1
X	67339134	67339135	50	7	NA	NA	NA	NA	NA	NA	NA	unphased	NA	NA	1
X	77387161	77387162	122	18	NA	NA	NA	NA	NA	NA	NA	unphased	NA	NA	1
X	83128821	83128822	27	3	NA	NA	NA	NA	NA	NA	NA	unphased	NA	NA	1
X	92927306	92927307	61	18	NA	NA	NA	NA	NA	NA	NA	unphased	NA	NA	1
X	101911200	101911201	136	22	NA	NA	NA	NA	NA	NA	NA	unphased	NA	NA	1
X	108636225	108636226	142	23	NA	NA	NA	NA	NA	NA	NA	unphased	NA	NA	1
X	108719011	108719012	68	11	NA	NA	NA	NA	NA	NA	NA	unphased	NA	NA	1
X	112021644	112021645	24	5	NA	NA	NA	NA	NA	NA	NA	unphased	NA	NA	1
X	113965705	113965706	110	9	NA	NA	NA	NA	NA	NA	NA	unphased	NA	NA	1
X	118221391	118221392	38	5	NA	NA	NA	NA	NA	NA	NA	unphased	NA	NA	1
X	123519833	123519834	95	5	NA	NA	NA	NA	NA	NA	NA	unphased	NA	NA	1
X	150889972	150889973	47	8	NA	NA	NA	NA	NA	NA	NA	unphased	NA	NA	1
X	153582538	153582539	49	5	NA	NA	NA	NA	NA	NA	NA	unphased	NA	NA	1
