chr	start	end	WT.count	mut.count	subclonal.CN	nMaj1	nMin1	frac1	nMaj2	nMin2	frac2	phase	mutation.copy.number	subclonal.fraction	no.chrs.bearing.mut
1	6279358	6279359	39	5	2	1	1	0.34	1	1	0.66	unphased	0.874125874125874	0.874125874125874	1
1	9780185	9780186	85	7	2	1	1	0.34	1	1	0.66	unphased	0.585284280936455	0.585284280936455	1
1	12016981	12016982	69	10	2	1	1	0.34	1	1	0.66	unphased	0.973709834469328	0.973709834469328	1
1	17395666	17395667	78	9	2	1	1	0.29	1	1	0.71	unphased	0.795755968169761	0.795755968169761	1
1	22987402	22987403	34	6	2	1	1	0.29	1	1	0.71	unphased	1.15384615384615	1.15384615384615	1
1	28148838	28148839	56	4	2	1	1	0.29	1	1	0.71	unphased	0.512820512820513	0.512820512820513	1
1	28212409	28212410	50	7	2	1	1	0.29	1	1	0.71	unphased	0.944669365721997	0.944669365721997	1
1	32167797	32167798	51	6	2	1	1	0.29	1	1	0.71	unphased	0.809716599190283	0.809716599190283	1
1	32167798	32167799	52	6	2	1	1	0.29	1	1	0.71	unphased	0.795755968169761	0.795755968169761	1
1	40209549	40209550	14	4	2	1	1	0.29	1	1	0.71	unphased	1.70940170940171	1.70940170940171	1
1	53544281	53544282	98	6	2	1	1	0.29	1	1	0.71	unphased	0.443786982248521	0.625052087673973	0.71
1	61743206	61743207	39	11	2	1	1	0.29	1	1	0.71	unphased	1.69230769230769	1.69230769230769	1
1	65845192	65845193	134	21	2	1	1	0.29	1	1	0.71	unphased	1.04218362282878	1.04218362282878	1
1	70587480	70587481	29	3	2	1	1	0.29	1	1	0.71	unphased	0.721153846153846	0.721153846153846	1
1	75684205	75684206	120	9	1.12	1	1	0.12	1	0	0.88	unphased	0.475277280858676	0.475277280858676	1
1	104203095	104203096	262	28	1.12	1	1	0.12	1	0	0.88	unphased	0.657740053050398	0.657740053050398	1
1	114680338	114680339	49	12	2	1	1	0.23	1	1	0.77	unphased	1.51324085750315	1.51324085750315	1
1	150235473	150235474	51	11	1.09	1	1	0.09	0	1	0.91	unphased	1.20331265508685	1.20331265508685	1
1	154306584	154306585	197	33	2	1	1	0.21	1	1	0.79	unphased	1.10367892976589	1.10367892976589	1
1	155030163	155030164	85	10	2	1	1	0.21	1	1	0.79	unphased	0.809716599190283	0.809716599190283	1
1	155289623	155289624	110	11	2	1	1	0.21	1	1	0.79	unphased	0.699300699300699	0.699300699300699	1
1	158576527	158576528	156	8	2	1	1	0.21	1	1	0.79	unphased	0.375234521575985	0.375234521575985	1
1	158641867	158641868	75	5	2	1	1	0.21	1	1	0.79	unphased	0.480769230769231	0.480769230769231	1
1	161816262	161816263	33	7	2	1	1	0.21	1	1	0.79	unphased	1.34615384615385	1.34615384615385	1
1	163297276	163297277	49	4	2	1	1	0.21	1	1	0.79	unphased	0.58055152394775	0.58055152394775	1
1	167339406	167339407	44	4	2	1	1	0.21	1	1	0.79	unphased	0.641025641025641	0.641025641025641	1
1	170961416	170961417	50	5	2	1	1	0.21	1	1	0.79	unphased	0.699300699300699	0.699300699300699	1
1	205238490	205238491	40	10	2	1	1	0.22	1	1	0.78	unphased	1.53846153846154	1.53846153846154	1
1	214818159	214818160	35	5	2	1	1	0.22	1	1	0.78	unphased	0.961538461538461	0.961538461538461	1
1	216251654	216251655	183	11	2	1	1	0.22	1	1	0.78	unphased	0.436161776367962	0.55918176457431	0.78
1	220232112	220232113	46	6	2	1	1	0.22	1	1	0.78	unphased	0.887573964497041	0.887573964497041	1
1	229770665	229770666	31	7	2	1	1	0.23	1	1	0.77	unphased	1.417004048583	1.417004048583	1
1	238048532	238048533	31	5	2	1	1	0.3	1	1	0.7	unphased	1.06837606837607	1.06837606837607	1
1	243579076	243579077	30	5	2	1	1	0.3	1	1	0.7	unphased	1.0989010989011	1.0989010989011	1
1	247065835	247065836	85	6	2	1	1	0.3	1	1	0.7	unphased	0.507185122569738	0.724550175099626	0.7
1	247752039	247752040	162	9	2	1	1	0.3	1	1	0.7	unphased	0.404858299595142	0.578368999421631	0.7
1	248263108	248263109	161	9	2	1	1	0.3	1	1	0.7	unphased	0.407239819004525	0.581771170006464	0.7
1	248344003	248344004	167	10	2	1	1	0.3	1	1	0.7	unphased	0.434593654932638	0.620848078475197	0.7
1	248685321	248685322	62	5	2	1	1	0.3	1	1	0.7	unphased	0.574052812858783	0.574052812858783	1
1	248685322	248685323	61	5	2	1	1	0.3	1	1	0.7	unphased	0.582750582750583	0.582750582750583	1
10	7774371	7774372	35	4	1	1	0	0	0	1	1	unphased	0.686390532544379	0.686390532544379	1
10	18276528	18276529	88	10	1	1	0	0	0	1	1	unphased	0.682888540031397	0.682888540031397	1
10	33515145	33515146	53	12	1	1	0	0	0	1	1	unphased	1.23550295857988	1.23550295857988	1
10	50255076	50255077	152	14	1	1	0	0	0	1	1	unphased	0.564411492122335	0.564411492122335	1
10	50819794	50819795	99	8	1	1	0	0	0	1	1	unphased	0.500359453630482	0.500359453630482	1
10	76602786	76602787	56	9	1	1	0	0	0	1	1	unphased	0.926627218934911	0.926627218934911	1
10	76868955	76868956	31	4	1	1	0	0	0	1	1	unphased	0.764835164835165	0.764835164835165	1
10	81372964	81372965	110	11	1	1	0	0	0	1	1	unphased	0.608391608391608	0.608391608391608	1
10	83635734	83635735	32	7	1	1	0	0	0	1	1	unphased	1.20118343195266	1.20118343195266	1
10	98311144	98311145	57	14	1	1	0	0	0	1	1	unphased	1.31960996749729	1.31960996749729	1
10	99422666	99422667	55	6	1	1	0	0	0	1	1	unphased	0.658259773013871	0.658259773013871	1
10	101578664	101578665	43	9	1	1	0	0	0	1	1	unphased	1.15828402366864	1.15828402366864	1
11	721683	721684	38	7	2	1	1	0.43	1	1	0.57	unphased	1.1965811965812	1.1965811965812	1
11	4674604	4674605	87	14	2	1	1	0.18	1	1	0.82	unphased	1.06626047220107	1.06626047220107	1
11	6220887	6220888	23	3	2	1	1	0.24	1	1	0.76	unphased	0.887573964497041	0.887573964497041	1
11	7437332	7437333	58	5	2	1	1	0.24	1	1	0.76	unphased	0.61050061050061	0.61050061050061	1
11	7981972	7981973	57	6	2	1	1	0.24	1	1	0.76	unphased	0.732600732600733	0.732600732600733	1
11	12262606	12262607	84	20	2	1	1	0.24	1	1	0.76	unphased	1.4792899408284	1.4792899408284	1
11	46780963	46780964	49	6	2	1	1	0.18	1	1	0.82	unphased	0.839160839160839	0.839160839160839	1
11	51411696	51411697	47	9	2	2	0	1	NA	NA	NA	unphased	1.23626373626374	1.23626373626374	1
11	55927419	55927420	56	6	2	1	1	0.3	1	1	0.7	unphased	0.744416873449131	0.744416873449131	1
11	63312160	63312161	117	18	2	1	1	0.3	1	1	0.7	unphased	1.02564102564103	1.02564102564103	1
11	65983734	65983735	34	5	2	1	1	0.3	1	1	0.7	unphased	0.986193293885602	0.986193293885602	1
11	93822071	93822072	77	6	2	1	1	0.21	1	1	0.79	unphased	0.556070435588508	0.556070435588508	1
11	103006593	103006594	6	4	2	1	1	0.21	1	1	0.79	unphased	3.07692307692308	3.07692307692308	1
11	107506461	107506462	24	6	2	1	1	0.21	1	1	0.79	unphased	1.53846153846154	1.53846153846154	1
11	132205041	132205042	58	4	2	1	1	0.21	1	1	0.79	unphased	0.496277915632754	0.496277915632754	1
12	2694619	2694620	15	5	3.67	3	1	0.89	0	1	0.11	unphased	2.34057692307692	0.876620570440795	2.67
12	6499328	6499329	143	49	2	1	1	0.41	1	1	0.59	unphased	1.96314102564103	1.96314102564103	1
12	7241517	7241518	7	3	2	1	1	0.41	1	1	0.59	unphased	2.30769230769231	2.30769230769231	1
12	9001396	9001397	160	17	2	1	1	0.41	1	1	0.59	unphased	0.738809213385485	0.738809213385485	1
12	10124249	10124250	25	5	2	1	1	0.35	1	1	0.65	unphased	1.28205128205128	1.28205128205128	1
12	11420363	11420364	332	19	2	1	1	0.35	1	1	0.65	unphased	0.416392724085032	0.640604190900049	0.65
12	28123166	28123167	30	4	2	1	1	0.35	1	1	0.65	unphased	0.904977375565611	0.904977375565611	1
12	29502089	29502090	13	9	2	1	1	0.35	1	1	0.65	unphased	3.14685314685315	3.14685314685315	1
12	40716277	40716278	54	4	2	1	1	0.35	1	1	0.65	unphased	0.530503978779841	0.530503978779841	1
12	43840410	43840411	26	3	2	1	1	0.35	1	1	0.65	unphased	0.795755968169761	0.795755968169761	1
12	46318685	46318686	45	6	2	1	1	0.35	1	1	0.65	unphased	0.904977375565611	0.904977375565611	1
12	50236718	50236719	116	6	2	1	1	0.35	1	1	0.65	unphased	0.378310214375788	0.582015714424289	0.65
12	52788784	52788785	65	8	2	1	1	0.35	1	1	0.65	unphased	0.842992623814542	0.842992623814542	1
12	54757121	54757122	34	8	2	1	1	0.35	1	1	0.65	unphased	1.46520146520147	1.46520146520147	1
12	57604560	57604561	84	6	2	1	1	1	NA	NA	NA	unphased	0.512820512820513	0.512820512820513	1
12	58109616	58109617	71	13	2	1	1	1	NA	NA	NA	unphased	1.19047619047619	1.19047619047619	1
12	70072619	70072620	26	3	2	1	1	0.14	1	1	0.86	unphased	0.795755968169761	0.795755968169761	1
12	92538059	92538060	81	10	2	1	1	1	NA	NA	NA	unphased	0.84530853761623	0.84530853761623	1
12	101880200	101880201	65	8	2	1	1	1	NA	NA	NA	unphased	0.842992623814542	0.842992623814542	1
12	103246728	103246729	41	4	2	1	1	1	NA	NA	NA	unphased	0.683760683760684	0.683760683760684	1
12	109865284	109865285	126	14	2	1	1	1	NA	NA	NA	unphased	0.769230769230769	0.769230769230769	1
12	130647926	130647927	141	14	2	1	1	1	NA	NA	NA	unphased	0.694789081885856	0.694789081885856	1
13	32869530	32869531	42	8	1	1	0	0.04	0	1	0.96	unphased	1.07076923076923	1.07076923076923	1
13	46543989	46543990	184	11	1	1	0	0.09	0	1	0.91	unphased	0.377514792899408	0.377514792899408	1
13	49084907	49084908	33	7	1	1	0	0.09	0	1	0.91	unphased	1.17115384615385	1.17115384615385	1
13	79943015	79943016	41	10	1	1	0	0.12	1	0	0.88	unphased	1.31221719457014	1.31221719457014	1
13	103053980	103053981	24	9	1	1	0	0.12	1	0	0.88	unphased	1.82517482517482	1.82517482517482	1
14	24543355	24543356	52	9	2	1	1	1	NA	NA	NA	unphased	1.13493064312736	1.13493064312736	1
14	44974826	44974827	25	3	2	1	1	0.26	1	1	0.74	unphased	0.824175824175824	0.824175824175824	1
14	51288687	51288688	221	16	1.88	1	0	0.12	1	1	0.88	unphased	0.51121064589419	0.51121064589419	1
14	94469627	94469628	31	5	1	1	0	1	NA	NA	NA	unphased	0.92948717948718	0.92948717948718	1
14	105405647	105405648	33	4	1	1	0	1	NA	NA	NA	unphased	0.723492723492724	0.723492723492724	1
15	24921535	24921536	39	5	1	1	0	1	NA	NA	NA	unphased	0.76048951048951	0.76048951048951	1
15	41571024	41571025	31	6	1	1	0	1	NA	NA	NA	unphased	1.08523908523909	1.08523908523909	1
16	676120	676121	59	10	1.97	2	0	0.97	0	1	0.03	unphased	1.11047937569677	1.11047937569677	1
16	1816270	1816271	53	11	1.97	2	0	0.97	0	1	0.03	unphased	1.31695913461538	1.31695913461538	1
16	12121205	12121206	88	8	1.97	2	0	0.97	0	1	0.03	unphased	0.638525641025641	0.638525641025641	1
16	18866010	18866011	43	6	1.97	2	0	0.97	0	1	0.03	unphased	0.938241758241758	0.938241758241758	1
16	19557736	19557737	38	4	1.97	2	0	0.97	0	1	0.03	unphased	0.72974358974359	0.72974358974359	1
16	22385641	22385642	84	6	1.97	2	0	0.97	0	1	0.03	unphased	0.510820512820513	0.510820512820513	1
16	31424439	31424440	86	30	1.97	2	0	0.97	0	1	0.03	unphased	1.98163129973475	1.00590421306332	1.97
16	57104459	57104460	103	7	1	1	0	1	NA	NA	NA	unphased	0.425874125874126	0.425874125874126	1
16	57282507	57282508	42	4	1	1	0	1	NA	NA	NA	unphased	0.581939799331104	0.581939799331104	1
17	3493645	3493646	57	7	1	1	0	0.01	0	1	0.99	unphased	0.731971153846154	0.731971153846154	1
17	7577120	7577121	12	6	1	1	0	0.01	0	1	0.99	unphased	2.23076923076923	2.23076923076923	1
17	21207754	21207755	84	7	1	1	0	0.01	0	1	0.99	unphased	0.514792899408284	0.519992827685135	0.99
17	32688870	32688871	91	5	1	1	0	0.01	0	1	0.99	unphased	0.348557692307692	0.348557692307692	1
17	35872791	35872792	47	5	2	1	1	1	NA	NA	NA	unphased	0.739644970414201	0.739644970414201	1
17	36868999	36869000	93	11	2	1	1	1	NA	NA	NA	unphased	0.813609467455621	0.813609467455621	1
17	39506826	39506827	150	12	2	1	1	1	NA	NA	NA	unphased	0.56980056980057	0.56980056980057	1
17	51900932	51900933	90	8	2	1	1	1	NA	NA	NA	unphased	0.627943485086342	0.627943485086342	1
17	63221550	63221551	110	13	2	1	1	1	NA	NA	NA	unphased	0.813008130081301	0.813008130081301	1
17	74046513	74046514	52	5	2	1	1	1	NA	NA	NA	unphased	0.674763832658569	0.674763832658569	1
17	74732256	74732257	85	5	2	1	1	1	NA	NA	NA	unphased	0.427350427350427	0.427350427350427	1
17	76498852	76498853	32	8	2	1	1	1	NA	NA	NA	unphased	1.53846153846154	1.53846153846154	1
17	78262504	78262505	77	9	2	1	1	1	NA	NA	NA	unphased	0.805008944543828	0.805008944543828	1
17	80574408	80574409	124	26	2	1	1	1	NA	NA	NA	unphased	1.33333333333333	1.33333333333333	1
18	21425016	21425017	25	6	1	1	0	1	NA	NA	NA	unphased	1.29528535980149	1.29528535980149	1
18	32833590	32833591	38	6	1	1	0	1	NA	NA	NA	unphased	0.912587412587412	0.912587412587412	1
18	44561429	44561430	43	6	1	1	0	1	NA	NA	NA	unphased	0.819466248037677	0.819466248037677	1
18	64239469	64239470	24	11	1	1	0	1	NA	NA	NA	unphased	2.1032967032967	2.1032967032967	1
18	74649215	74649216	36	7	1	1	0	1	NA	NA	NA	unphased	1.08944543828265	1.08944543828265	1
19	8595208	8595209	208	12	0.8	0	0	0.6	1	1	0.4	unphased	0.354125874125874	0.885314685314685	0.4
19	9024894	9024895	92	8	0.8	0	0	0.6	1	1	0.4	unphased	0.519384615384615	1.29846153846154	0.4
19	9325051	9325052	43	4	0.8	0	0	0.6	1	1	0.4	unphased	0.55253682487725	0.55253682487725	1
19	12910717	12910718	53	5	0.8	0	0	0.6	1	1	0.4	unphased	0.559681697612732	0.559681697612732	1
19	23845834	23845835	58	7	0.9	0	0	0.55	1	1	0.45	unphased	0.709940828402367	0.709940828402367	1
19	35617206	35617207	8	4	3.38	2	2	0.69	1	1	0.31	unphased	3.02410256410256	1.78940980124412	1.69
19	37310662	37310663	21	4	3.38	2	2	0.69	1	1	0.31	unphased	1.45156923076923	1.45156923076923	1
19	37441969	37441970	38	4	3.38	2	2	0.69	1	1	0.31	unphased	0.864029304029304	0.864029304029304	1
19	37643965	37643966	167	10	3.38	2	2	0.69	1	1	0.31	unphased	0.512559756627553	0.742840226996454	0.69
19	38028150	38028151	27	4	3.38	2	2	0.69	1	1	0.31	unphased	1.17062034739454	1.17062034739454	1
19	40225009	40225010	138	8	3.38	2	2	0.69	1	1	0.31	unphased	0.497112750263435	0.720453261251355	0.69
19	40317963	40317964	32	12	3.38	2	2	0.69	1	1	0.31	unphased	2.47426573426573	1.46406256465428	1.69
19	40902523	40902524	260	18	3.38	2	2	0.69	1	1	0.31	unphased	0.587415605976757	0.851326965183706	0.69
19	43097974	43097975	185	35	3.38	2	2	0.69	1	1	0.31	unphased	1.44332167832168	0.85403649604833	1.69
19	43259259	43259260	182	44	3.38	2	2	0.69	1	1	0.31	unphased	1.76628999319265	1.0451420078063	1.69
19	43373097	43373098	175	37	3.38	2	2	0.69	1	1	0.31	unphased	1.58337445573295	0.936907961972158	1.69
19	44051064	44051065	78	6	3.38	2	2	0.69	1	1	0.31	unphased	0.648021978021978	0.648021978021978	1
19	44273592	44273593	85	18	3.38	2	2	0.69	1	1	0.31	unphased	1.58545182972367	0.938137177351287	1.69
19	44531238	44531239	167	34	3.38	2	2	0.69	1	1	0.31	unphased	1.53461921163414	0.908058705108957	1.69
19	45885958	45885959	46	10	1	1	0	1	NA	NA	NA	unphased	1.19505494505495	1.19505494505495	1
19	47883178	47883179	38	9	1	1	0	1	NA	NA	NA	unphased	1.28150572831424	1.28150572831424	1
19	49318370	49318371	35	8	2	2	0	1	NA	NA	NA	unphased	1.43112701252236	1.43112701252236	1
19	52149699	52149700	118	13	2	2	0	1	NA	NA	NA	unphased	0.763358778625954	0.763358778625954	1
19	54203337	54203338	30	9	2	2	0	1	NA	NA	NA	unphased	1.77514792899408	1.77514792899408	1
19	56206651	56206652	14	3	2	2	0	1	NA	NA	NA	unphased	1.35746606334842	1.35746606334842	1
19	57327125	57327126	46	13	2	2	0	1	NA	NA	NA	unphased	1.69491525423729	0.847457627118644	2
19	58016027	58016028	69	18	2	2	0	1	NA	NA	NA	unphased	1.59151193633952	0.795755968169761	2
19	58319621	58319622	49	4	2	2	0	1	NA	NA	NA	unphased	0.58055152394775	0.58055152394775	1
2	8872021	8872022	78	6	2	1	1	1	NA	NA	NA	unphased	0.549450549450549	0.549450549450549	1
2	11706730	11706731	105	15	2	1	1	1	NA	NA	NA	unphased	0.961538461538461	0.961538461538461	1
2	11758416	11758417	42	6	2	1	1	1	NA	NA	NA	unphased	0.961538461538461	0.961538461538461	1
2	17697559	17697560	27	4	2	1	1	1	NA	NA	NA	unphased	0.992555831265509	0.992555831265509	1
2	19552090	19552091	65	9	2	1	1	1	NA	NA	NA	unphased	0.935550935550936	0.935550935550936	1
2	21229380	21229381	79	9	2	1	1	1	NA	NA	NA	unphased	0.786713286713287	0.786713286713287	1
2	29084069	29084070	55	6	2	1	1	1	NA	NA	NA	unphased	0.756620428751576	0.756620428751576	1
2	44073348	44073349	47	4	2	1	1	1	NA	NA	NA	unphased	0.603318250377074	0.603318250377074	1
2	46739531	46739532	65	6	2	1	1	1	NA	NA	NA	unphased	0.650054171180932	0.650054171180932	1
2	56420235	56420236	112	14	2	1	1	1	NA	NA	NA	unphased	0.854700854700855	0.854700854700855	1
2	62449723	62449724	189	17	2	1	1	1	NA	NA	NA	unphased	0.634802091112771	0.634802091112771	1
2	62450360	62450361	54	12	2	1	1	1	NA	NA	NA	unphased	1.3986013986014	1.3986013986014	1
2	71742878	71742879	58	6	2	1	1	1	NA	NA	NA	unphased	0.721153846153846	0.721153846153846	1
2	72359432	72359433	14	5	2	1	1	1	NA	NA	NA	unphased	2.02429149797571	2.02429149797571	1
2	73118655	73118656	38	4	2	1	1	1	NA	NA	NA	unphased	0.732600732600733	0.732600732600733	1
2	79349201	79349202	69	8	2	1	1	1	NA	NA	NA	unphased	0.799200799200799	0.799200799200799	1
2	79363954	79363955	35	4	2	1	1	1	NA	NA	NA	unphased	0.788954635108481	0.788954635108481	1
2	80773109	80773110	29	4	2	1	1	1	NA	NA	NA	unphased	0.932400932400932	0.932400932400932	1
2	89265777	89265778	97	11	2	1	1	1	NA	NA	NA	unphased	0.783475783475783	0.783475783475783	1
2	89976373	89976374	134	25	2	1	1	1	NA	NA	NA	unphased	1.20948234155781	1.20948234155781	1
2	108478163	108478164	22	5	2	1	1	1	NA	NA	NA	unphased	1.42450142450142	1.42450142450142	1
2	109367716	109367717	90	9	2	1	1	1	NA	NA	NA	unphased	0.699300699300699	0.699300699300699	1
2	128409357	128409358	43	5	2	1	1	1	NA	NA	NA	unphased	0.801282051282051	0.801282051282051	1
2	131520530	131520531	50	10	2	1	1	1	NA	NA	NA	unphased	1.28205128205128	1.28205128205128	1
2	131976294	131976295	125	12	2	1	1	1	NA	NA	NA	unphased	0.673778775968557	0.673778775968557	1
2	133539997	133539998	38	4	2	1	1	1	NA	NA	NA	unphased	0.732600732600733	0.732600732600733	1
2	160085323	160085324	124	9	1.13	1	1	0.13	1	0	0.87	unphased	0.46165991902834	0.46165991902834	1
2	167168100	167168101	55	11	1.13	1	1	0.13	1	0	0.87	unphased	1.13705128205128	1.13705128205128	1
2	169707820	169707821	28	6	1.13	1	1	0.13	1	0	0.87	unphased	1.20393665158371	1.20393665158371	1
2	175446109	175446110	91	12	1.13	1	1	0.13	1	0	0.87	unphased	0.794831964152353	0.794831964152353	1
2	176996315	176996316	20	5	1.13	1	1	0.13	1	0	0.87	unphased	1.36446153846154	1.36446153846154	1
2	179602898	179602899	38	6	1.13	1	1	0.13	1	0	0.87	unphased	0.930314685314685	0.930314685314685	1
2	185802574	185802575	32	6	2	1	1	1	NA	NA	NA	unphased	1.21457489878543	1.21457489878543	1
2	186671206	186671207	53	5	2	1	1	1	NA	NA	NA	unphased	0.663129973474801	0.663129973474801	1
2	198540073	198540074	71	12	2	1	1	1	NA	NA	NA	unphased	1.11214087117702	1.11214087117702	1
2	206592739	206592740	35	6	2	1	1	1	NA	NA	NA	unphased	1.12570356472795	1.12570356472795	1
2	220115404	220115405	92	5	2	1	1	1	NA	NA	NA	unphased	0.396510705789056	0.396510705789056	1
2	232790145	232790146	27	7	2	1	1	1	NA	NA	NA	unphased	1.58371040723982	1.58371040723982	1
2	233404776	233404777	33	4	2	1	1	1	NA	NA	NA	unphased	0.831600831600832	0.831600831600832	1
2	239988488	239988489	52	17	2	1	1	1	NA	NA	NA	unphased	1.89520624303233	1.89520624303233	1
20	3233115	3233116	17	3	1.59	1	0	0.41	1	1	0.59	unphased	1.09234615384615	1.09234615384615	1
20	3846566	3846567	55	6	1.59	1	0	0.41	1	1	0.59	unphased	0.716292559899117	0.716292559899117	1
20	3846576	3846577	57	5	1.59	1	0	0.41	1	1	0.59	unphased	0.587282878411911	0.587282878411911	1
20	9400462	9400463	72	13	1.59	1	0	0.41	1	1	0.59	unphased	1.11376470588235	1.11376470588235	1
20	34241660	34241661	127	21	2	2	0	1	NA	NA	NA	unphased	1.09147609147609	1.09147609147609	1
20	34451131	34451132	53	14	2	2	0	1	NA	NA	NA	unphased	1.60734787600459	0.803673938002296	2
20	34451300	34451301	62	4	2	2	0	1	NA	NA	NA	unphased	0.466200466200466	0.466200466200466	1
20	51870908	51870909	43	26	2	2	0	1	NA	NA	NA	unphased	2.89855072463768	1.44927536231884	2
20	55904913	55904914	32	9	2	2	0	1	NA	NA	NA	unphased	1.68855534709193	1.68855534709193	1
20	57766302	57766303	12	7	2	2	0	1	NA	NA	NA	unphased	2.83400809716599	1.417004048583	2
20	57876711	57876712	141	19	2	2	0	1	NA	NA	NA	unphased	0.913461538461538	0.913461538461538	1
20	61340857	61340858	41	7	4	4	0	1	NA	NA	NA	unphased	1.41346153846154	1.41346153846154	1
20	61386135	61386136	71	9	4	4	0	1	NA	NA	NA	unphased	1.09038461538462	1.09038461538462	1
20	62332015	62332016	44	4	4	4	0	1	NA	NA	NA	unphased	0.807692307692308	0.807692307692308	1
21	19744510	19744511	38	8	2	1	1	0.25	1	1	0.75	unphased	1.33779264214047	1.33779264214047	1
21	37595647	37595648	30	6	2	1	1	0.25	1	1	0.75	unphased	1.28205128205128	1.28205128205128	1
21	38437992	38437993	32	4	2	1	1	0.25	1	1	0.75	unphased	0.854700854700855	0.854700854700855	1
21	43248562	43248563	166	18	2	1	1	0.25	1	1	0.75	unphased	0.752508361204013	0.752508361204013	1
22	39222550	39222551	80	7	1	1	0	1	NA	NA	NA	unphased	0.538461538461538	0.538461538461538	1
22	44064755	44064756	50	8	1	1	0	1	NA	NA	NA	unphased	0.923076923076923	0.923076923076923	1
22	45795000	45795001	64	8	1	1	0	1	NA	NA	NA	unphased	0.743589743589744	0.743589743589744	1
3	8983323	8983324	81	6	1	1	0	1	NA	NA	NA	unphased	0.461538461538462	0.461538461538462	1
3	13363282	13363283	175	32	1	1	0	1	NA	NA	NA	unphased	1.0345596432553	1.0345596432553	1
3	74315732	74315733	75	18	1	1	0	0.12	1	0	0.88	unphased	1.29528535980149	1.29528535980149	1
3	111603682	111603683	55	8	1.11	1	1	0.11	0	1	0.89	unphased	0.863785103785104	0.863785103785104	1
3	111887725	111887726	31	11	1.11	1	1	0.11	0	1	0.89	unphased	1.78155677655678	1.78155677655678	1
3	113955599	113955600	29	4	1.11	1	1	0.11	0	1	0.89	unphased	0.824522144522144	0.824522144522144	1
3	138255974	138255975	30	3	2.6	2	1	0.6	1	1	0.4	unphased	0.753846153846154	0.753846153846154	1
3	167250714	167250715	19	4	2.78	2	1	0.78	1	1	0.22	unphased	1.47344481605351	1.47344481605351	1
3	185393093	185393094	83	10	2.65	2	1	0.65	1	1	0.35	unphased	0.897022332506204	0.897022332506204	1
4	860220	860221	53	11	2	1	1	0.13	1	1	0.87	unphased	1.32211538461538	1.32211538461538	1
4	16504250	16504251	161	22	2	1	1	1	NA	NA	NA	unphased	0.924758301807482	0.924758301807482	1
4	17590460	17590461	64	7	2	1	1	1	NA	NA	NA	unphased	0.75839653304442	0.75839653304442	1
4	46967178	46967179	74	10	1.13	1	1	0.13	1	0	0.87	unphased	0.812179487179487	0.812179487179487	1
4	54011592	54011593	67	12	1.13	1	1	0.13	1	0	0.87	unphased	1.03629990262902	1.03629990262902	1
4	62812668	62812669	92	14	2	1	1	0.14	1	1	0.86	unphased	1.01596516690856	1.01596516690856	1
4	88902884	88902885	64	6	2	1	1	0.15	1	1	0.85	unphased	0.659340659340659	0.659340659340659	1
4	98480260	98480261	19	3	2	1	1	0.15	1	1	0.85	unphased	1.04895104895105	1.04895104895105	1
4	113362113	113362114	79	12	2	1	1	0.17	1	1	0.83	unphased	1.01437024513948	1.01437024513948	1
4	114275158	114275159	117	14	2	1	1	0.17	1	1	0.83	unphased	0.822078684674104	0.822078684674104	1
4	114275769	114275770	81	13	2	1	1	0.17	1	1	0.83	unphased	1.06382978723404	1.06382978723404	1
4	128565195	128565196	96	7	2	1	1	0.15	1	1	0.85	unphased	0.522778192681105	0.615033167860124	0.85
4	138451145	138451146	106	10	2	1	1	0.15	1	1	0.85	unphased	0.663129973474801	0.663129973474801	1
4	138452819	138452820	43	6	2	1	1	0.15	1	1	0.85	unphased	0.941915227629513	0.941915227629513	1
4	166960582	166960583	13	4	1.12	1	1	0.12	1	0	0.88	unphased	1.60289592760181	1.60289592760181	1
4	174312421	174312422	102	14	1.12	1	1	0.12	1	0	0.88	unphased	0.822175066312997	0.822175066312997	1
4	186572938	186572939	35	6	1.12	1	1	0.12	1	0	0.88	unphased	0.996923076923077	0.996923076923077	1
4	187208870	187208871	42	5	1.12	1	1	0.12	1	0	0.88	unphased	0.724713584288052	0.724713584288052	1
5	1089143	1089144	96	22	3.5	2	2	0.75	1	1	0.25	unphased	1.71382007822686	0.979325758986776	1.75
5	3599619	3599620	87	10	3.5	2	2	0.75	1	1	0.25	unphased	0.947660586835845	0.947660586835845	1
5	5463159	5463160	14	3	3.5	2	2	0.75	1	1	0.25	unphased	1.62217194570136	1.62217194570136	1
5	5464601	5464602	80	9	3.5	2	2	0.75	1	1	0.25	unphased	0.929559204840104	0.929559204840104	1
5	10415712	10415713	59	9	3.5	2	2	0.75	1	1	0.25	unphased	1.21662895927602	1.21662895927602	1
5	22078687	22078688	122	26	4	2	2	1	NA	NA	NA	unphased	1.7027027027027	0.851351351351351	2
5	33458711	33458712	39	4	2	2	0	1	NA	NA	NA	unphased	0.715563506261181	0.715563506261181	1
5	33937058	33937059	60	11	2	2	0	1	NA	NA	NA	unphased	1.19176598049837	1.19176598049837	1
5	38481971	38481972	67	6	2	2	0	1	NA	NA	NA	unphased	0.632244467860906	0.632244467860906	1
5	38933464	38933465	125	27	2	2	0	1	NA	NA	NA	unphased	1.3663967611336	1.3663967611336	1
5	41909946	41909947	16	5	2	2	0	1	NA	NA	NA	unphased	1.83150183150183	1.83150183150183	1
5	71757019	71757020	191	17	2	2	0	1	NA	NA	NA	unphased	0.628698224852071	0.628698224852071	1
5	81613923	81613924	46	9	2	2	0	1	NA	NA	NA	unphased	1.25874125874126	1.25874125874126	1
5	94922415	94922416	22	7	2	2	0	1	NA	NA	NA	unphased	1.85676392572944	1.85676392572944	1
5	133634304	133634305	30	10	2	2	0	1	NA	NA	NA	unphased	1.92307692307692	0.961538461538461	2
5	134223520	134223521	38	9	2	2	0	1	NA	NA	NA	unphased	1.47299509001637	1.47299509001637	1
5	137664209	137664210	65	8	2	2	0	1	NA	NA	NA	unphased	0.842992623814542	0.842992623814542	1
5	137681288	137681289	64	17	2	2	0	1	NA	NA	NA	unphased	1.61443494776828	0.80721747388414	2
5	140044601	140044602	24	3	2	2	0	1	NA	NA	NA	unphased	0.854700854700855	0.854700854700855	1
5	140176742	140176743	94	37	2	2	0	1	NA	NA	NA	unphased	2.17263652378156	1.08631826189078	2
5	140724832	140724833	43	19	2	2	0	1	NA	NA	NA	unphased	2.35732009925558	1.17866004962779	2
5	140724833	140724834	45	19	2	2	0	1	NA	NA	NA	unphased	2.28365384615385	1.14182692307692	2
5	140731831	140731832	140	36	2	2	0	1	NA	NA	NA	unphased	1.57342657342657	0.786713286713287	2
5	140744135	140744136	92	16	2	2	0	1	NA	NA	NA	unphased	1.13960113960114	1.13960113960114	1
5	140789107	140789108	67	10	2	2	0	1	NA	NA	NA	unphased	0.999000999000999	0.999000999000999	1
5	141337081	141337082	66	38	2	2	0	1	NA	NA	NA	unphased	2.81065088757396	1.40532544378698	2
5	154395493	154395494	66	16	2	2	0	1	NA	NA	NA	unphased	1.50093808630394	1.50093808630394	1
6	26217426	26217427	72	10	2	1	1	0.32	1	1	0.68	unphased	0.938086303939962	0.938086303939962	1
6	33639050	33639051	35	9	1.12	1	1	0.12	0	1	0.88	unphased	1.39342657342657	1.39342657342657	1
6	34256707	34256708	25	3	1.12	1	1	0.12	0	1	0.88	unphased	0.72989010989011	0.72989010989011	1
6	35438398	35438399	35	10	1.12	1	1	0.12	0	1	0.88	unphased	1.51384615384615	1.51384615384615	1
6	51890298	51890299	59	10	2	1	1	0.2	1	1	0.8	unphased	1.11482720178372	1.11482720178372	1
6	76023589	76023590	147	11	1.52	1	0	0.48	1	1	0.52	unphased	0.502122687439143	0.965620552767583	0.52
6	110300982	110300983	14	5	2	1	1	0.14	1	1	0.86	unphased	2.02429149797571	2.02429149797571	1
6	114383970	114383971	72	7	2	1	1	0.14	1	1	0.86	unphased	0.68159688412853	0.68159688412853	1
6	118606357	118606358	164	14	2	1	1	0.14	1	1	0.86	unphased	0.605012964563526	0.703503447166891	0.86
6	123318869	123318870	41	4	2	1	1	0.14	1	1	0.86	unphased	0.683760683760684	0.683760683760684	1
6	139094911	139094912	126	18	2	1	1	0.14	1	1	0.86	unphased	0.961538461538461	0.961538461538461	1
6	139609879	139609880	123	12	2	1	1	0.14	1	1	0.86	unphased	0.683760683760684	0.683760683760684	1
6	143091982	143091983	169	28	2	1	1	0.14	1	1	0.86	unphased	1.09332292073409	1.09332292073409	1
6	146755603	146755604	91	18	2	1	1	0.14	1	1	0.86	unphased	1.27028934368384	1.27028934368384	1
6	169621550	169621551	80	7	2	1	1	0.14	1	1	0.86	unphased	0.618921308576481	0.618921308576481	1
7	2696039	2696040	90	13	3.3	2	2	0.65	1	1	0.35	unphased	1.13495145631068	1.13495145631068	1
7	4862061	4862062	32	4	3.3	2	2	0.65	1	1	0.35	unphased	0.999145299145299	0.999145299145299	1
7	14613926	14613927	91	16	3.3	2	2	0.65	1	1	0.35	unphased	1.34464414090582	1.34464414090582	1
7	15599773	15599774	70	7	3.3	2	2	0.65	1	1	0.35	unphased	0.817482517482517	0.817482517482517	1
7	21630879	21630880	62	5	3.3	2	2	0.65	1	1	0.35	unphased	0.671067738231917	0.671067738231917	1
7	30490878	30490879	70	13	3.3	2	2	0.65	1	1	0.35	unphased	1.40843373493976	1.40843373493976	1
7	42065979	42065980	29	4	3.3	2	2	0.65	1	1	0.35	unphased	1.08997668997669	1.08997668997669	1
7	76247511	76247512	29	5	3.3	2	2	0.65	1	1	0.35	unphased	1.32239819004525	1.32239819004525	1
7	90895710	90895711	182	9	1.12	2	1	0.06	0	1	0.94	unphased	0.320998791784132	0.320998791784132	1
7	92763398	92763399	82	7	1.12	2	1	0.06	0	1	0.94	unphased	0.535799481417459	0.535799481417459	1
7	100551922	100551923	421	54	3	2	1	1	NA	NA	NA	unphased	0.988178137651822	0.988178137651822	1
7	107696086	107696087	95	14	3	2	1	1	NA	NA	NA	unphased	1.11644318983769	1.11644318983769	1
7	128489394	128489395	44	16	3	2	1	1	NA	NA	NA	unphased	2.31794871794872	1.15897435897436	2
7	135279334	135279335	75	7	3	2	1	1	NA	NA	NA	unphased	0.74202626641651	0.74202626641651	1
7	142111494	142111495	83	9	2.64	2	1	0.64	1	1	0.36	unphased	0.815117056856187	0.815117056856187	1
7	148802472	148802473	80	9	2.58	2	1	0.79	1	0	0.21	unphased	0.836525496974935	0.836525496974935	1
7	149486260	149486261	24	3	2.58	2	1	0.79	1	0	0.21	unphased	0.919145299145299	0.919145299145299	1
8	29025068	29025069	74	9	1	1	0	1	NA	NA	NA	unphased	0.725671918443003	0.725671918443003	1
8	40532243	40532244	81	14	2	1	1	0.33	1	1	0.67	unphased	1.1336032388664	1.1336032388664	1
8	48309082	48309083	92	25	2	1	1	0.33	1	1	0.67	unphased	1.64365548980934	1.64365548980934	1
8	77762549	77762550	19	5	2.84	2	1	0.92	0	1	0.08	unphased	1.7775641025641	1.7775641025641	1
8	77766326	77766327	61	5	2.84	2	1	0.92	0	1	0.08	unphased	0.646386946386946	0.646386946386946	1
8	95188782	95188783	91	21	2.84	2	1	0.92	0	1	0.08	unphased	1.59980769230769	0.869460702341137	1.84
8	95188783	95188784	91	21	2.84	2	1	0.92	0	1	0.08	unphased	1.59980769230769	0.869460702341137	1.84
8	97156874	97156875	30	5	2.84	2	1	0.92	0	1	0.08	unphased	1.2189010989011	1.2189010989011	1
8	100568675	100568676	20	4	2.84	2	1	0.92	0	1	0.08	unphased	1.42205128205128	1.42205128205128	1
8	114111075	114111076	32	4	1.2	2	1	0.1	0	1	0.9	unphased	0.765811965811966	0.765811965811966	1
8	121301935	121301936	70	10	3	2	1	1	NA	NA	NA	unphased	1.08653846153846	1.08653846153846	1
8	123966128	123966129	29	3	3	2	1	1	NA	NA	NA	unphased	0.814903846153846	0.814903846153846	1
8	131073027	131073028	135	13	2	1	1	0.43	1	1	0.57	unphased	0.675675675675676	0.675675675675676	1
8	133036671	133036672	11	5	2	1	1	0.43	1	1	0.57	unphased	2.40384615384615	2.40384615384615	1
8	143694458	143694459	11	3	2.69	2	1	0.69	1	1	0.31	unphased	1.79620879120879	1.79620879120879	1
8	143866682	143866683	23	6	2.69	2	1	0.69	1	1	0.31	unphased	1.73427055702918	1.73427055702918	1
8	145637834	145637835	108	9	2.69	2	1	0.69	1	1	0.31	unphased	0.644792899408284	0.644792899408284	1
9	2718915	2718916	36	7	1	1	0	1	NA	NA	NA	unphased	1.08944543828265	1.08944543828265	1
9	21350775	21350776	83	9	1	1	0	1	NA	NA	NA	unphased	0.654682274247492	0.654682274247492	1
9	32630067	32630068	28	5	1	1	0	1	NA	NA	NA	unphased	1.01398601398601	1.01398601398601	1
9	84533000	84533001	25	7	1	1	0	1	NA	NA	NA	unphased	1.46394230769231	1.46394230769231	1
9	108145505	108145506	107	28	1	1	0	1	NA	NA	NA	unphased	1.38803418803419	1.38803418803419	1
9	117266555	117266556	78	16	1	1	0	1	NA	NA	NA	unphased	1.13911620294599	1.13911620294599	1
9	135139694	135139695	210	39	1	1	0	1	NA	NA	NA	unphased	1.04819277108434	1.04819277108434	1
9	140059824	140059825	20	4	1	1	0	1	NA	NA	NA	unphased	1.11538461538462	1.11538461538462	1
X	8553413	8553414	41	6	NA	NA	NA	NA	NA	NA	NA	unphased	NA	NA	1
X	9863283	9863284	71	8	NA	NA	NA	NA	NA	NA	NA	unphased	NA	NA	1
X	19649987	19649988	36	6	NA	NA	NA	NA	NA	NA	NA	unphased	NA	NA	1
X	21675702	21675703	29	5	NA	NA	NA	NA	NA	NA	NA	unphased	NA	NA	1
X	27997631	27997632	38	6	NA	NA	NA	NA	NA	NA	NA	unphased	NA	NA	1
X	53591560	53591561	41	4	NA	NA	NA	NA	NA	NA	NA	unphased	NA	NA	1
X	56591110	56591111	45	7	NA	NA	NA	NA	NA	NA	NA	unphased	NA	NA	1
X	100273983	100273984	63	7	NA	NA	NA	NA	NA	NA	NA	unphased	NA	NA	1
X	105277375	105277376	18	3	NA	NA	NA	NA	NA	NA	NA	unphased	NA	NA	1
X	128582412	128582413	26	7	NA	NA	NA	NA	NA	NA	NA	unphased	NA	NA	1
X	152845594	152845595	229	17	NA	NA	NA	NA	NA	NA	NA	unphased	NA	NA	1
