chr	start	end	WT.count	mut.count	subclonal.CN	nMaj1	nMin1	frac1	nMaj2	nMin2	frac2	phase	mutation.copy.number	subclonal.fraction	no.chrs.bearing.mut
1	69743	69744	280	62	NA	NA	NA	NA	NA	NA	NA	unphased	NA	NA	1
1	7724998	7724999	222	112	1.4	2	1	0.2	1	0	0.8	unphased	1.22573576251752	1.0214464687646	1.2
1	11316161	11316162	27	17	1.4	2	1	0.2	1	0	0.8	unphased	1.41228239845261	1.41228239845261	1
1	12837210	12837211	174	64	1.4	2	1	0.2	1	0	0.8	unphased	0.982942964419811	0.982942964419811	1
1	13695698	13695699	30	10	1.4	2	1	0.2	1	0	0.8	unphased	0.913829787234043	0.913829787234043	1
1	13719043	13719044	12	13	1.4	2	1	0.2	1	0	0.8	unphased	1.90076595744681	1.58397163120567	1.2
1	14105512	14105513	66	28	1.4	2	1	0.2	1	0	0.8	unphased	1.08881846989588	1.08881846989588	1
1	15768969	15768970	34	8	1.4	2	1	0.2	1	0	0.8	unphased	0.696251266464032	0.696251266464032	1
1	15794004	15794005	31	34	1.4	2	1	0.2	1	0	0.8	unphased	1.91201309328969	1.59334424440807	1.2
1	20915691	20915692	53	23	1.4	2	1	0.2	1	0	0.8	unphased	1.1062150055991	1.1062150055991	1
1	26515263	26515264	77	18	3	2	1	1	NA	NA	NA	unphased	0.995744680851064	0.995744680851064	1
1	29040697	29040698	94	15	3	2	1	1	NA	NA	NA	unphased	0.723209057193051	0.723209057193051	1
1	33402591	33402592	107	22	3	2	1	1	NA	NA	NA	unphased	0.896255978888339	0.896255978888339	1
1	33992800	33992801	51	15	3	2	1	1	NA	NA	NA	unphased	1.19439071566731	1.19439071566731	1
1	34401427	34401428	83	15	3	2	1	1	NA	NA	NA	unphased	0.804385584020842	0.804385584020842	1
1	38003405	38003406	98	54	3	2	1	1	NA	NA	NA	unphased	1.86702127659574	0.933510638297872	2
1	39798539	39798540	39	23	3	2	1	1	NA	NA	NA	unphased	1.94955387783116	0.97477693891558	2
1	40557015	40557016	26	10	3	2	1	1	NA	NA	NA	unphased	1.45981087470449	1.45981087470449	1
1	43212625	43212626	60	17	3	2	1	1	NA	NA	NA	unphased	1.16026526664825	1.16026526664825	1
1	43240500	43240501	107	52	3	2	1	1	NA	NA	NA	unphased	1.71872072795397	0.859360363976984	2
1	46033702	46033703	41	19	3	2	1	1	NA	NA	NA	unphased	1.66418439716312	0.83209219858156	2
1	53975605	53975606	12	3	3	2	1	1	NA	NA	NA	unphased	1.05106382978723	1.05106382978723	1
1	57397541	57397542	43	13	3	2	1	1	NA	NA	NA	unphased	1.21998480243161	1.21998480243161	1
1	62713231	62713232	83	16	3	2	1	1	NA	NA	NA	unphased	0.849344508918977	0.849344508918977	1
1	77333317	77333318	81	40	3	2	1	1	NA	NA	NA	unphased	1.73729558642518	0.86864779321259	2
1	77510082	77510083	77	11	3	2	1	1	NA	NA	NA	unphased	0.656914893617021	0.656914893617021	1
1	86965586	86965587	140	47	3	2	1	1	NA	NA	NA	unphased	1.32085561497326	1.32085561497326	1
1	87033307	87033308	59	17	3	2	1	1	NA	NA	NA	unphased	1.17553191489362	1.17553191489362	1
1	89658710	89658711	112	16	3	2	1	1	NA	NA	NA	unphased	0.656914893617021	0.656914893617021	1
1	89844123	89844124	101	22	3	2	1	1	NA	NA	NA	unphased	0.939975782736551	0.939975782736551	1
1	91816428	91816429	62	11	3	2	1	1	NA	NA	NA	unphased	0.79189740600408	0.79189740600408	1
1	99753595	99753596	86	25	3	2	1	1	NA	NA	NA	unphased	1.18363043894959	1.18363043894959	1
1	103345354	103345355	45	38	3	2	1	1	NA	NA	NA	unphased	2.40604973083825	1.20302486541912	2
1	109803676	109803677	33	29	2	2	0	1	NA	NA	NA	unphased	1.99039121482498	0.995195607412491	2
1	150318554	150318555	554	99	11	7	4	1	NA	NA	NA	unphased	2.00961193835326	1.00480596917663	2
1	150413466	150413467	22	3	11	7	4	1	NA	NA	NA	unphased	1.59063829787234	1.59063829787234	1
1	152129057	152129058	702	527	11	7	4	1	NA	NA	NA	unphased	5.68393262122812	0.94732210353802	6
1	152187754	152187755	847	107	11	7	4	1	NA	NA	NA	unphased	1.48670770328739	0.743353851643695	2
1	152189164	152189165	47	5	11	7	4	1	NA	NA	NA	unphased	1.27454991816694	1.27454991816694	1
1	152190574	152190575	461	38	11	7	4	1	NA	NA	NA	unphased	1.00942310152219	1.00942310152219	1
1	152325045	152325046	1205	76	11	7	4	1	NA	NA	NA	unphased	0.78642018369957	0.78642018369957	1
1	152636699	152636700	438	81	11	7	4	1	NA	NA	NA	unphased	2.06874923133686	1.03437461566843	2
1	152777513	152777514	224	41	10	6	4	1	NA	NA	NA	unphased	1.89610598153352	0.94805299076676	2
1	153509821	153509822	142	70	10	6	4	1	NA	NA	NA	unphased	4.04656764351666	1.01164191087916	4
1	153932555	153932556	119	50	10	6	4	1	NA	NA	NA	unphased	3.62583406773259	0.906458516933149	4
1	154987362	154987363	165	30	10	6	4	1	NA	NA	NA	unphased	1.88543371522095	0.942716857610475	2
1	154988243	154988244	119	81	10	6	4	1	NA	NA	NA	unphased	4.96340425531915	0.99268085106383	5
1	158614140	158614141	65	24	4	4	0	1	NA	NA	NA	unphased	1.68682763566818	0.84341381783409	2
1	159827941	159827942	63	30	4	4	0	1	NA	NA	NA	unphased	2.0178448867536	1.0089224433768	2
1	160723081	160723082	8	8	4	4	0	1	NA	NA	NA	unphased	3.12765957446809	1.04255319148936	3
1	161018189	161018190	85	34	4	4	0	1	NA	NA	NA	unphased	1.78723404255319	0.893617021276596	2
1	161047400	161047401	114	27	4	4	0	1	NA	NA	NA	unphased	1.19782707107288	1.19782707107288	1
1	166896328	166896329	62	86	4	4	0	1	NA	NA	NA	unphased	3.63484761357102	0.908711903392754	4
1	167096671	167096672	32	66	4	4	0	1	NA	NA	NA	unphased	4.21276595744681	1.0531914893617	4
1	169947324	169947325	63	15	4	4	0	1	NA	NA	NA	unphased	1.20294599018003	1.20294599018003	1
1	171227272	171227273	73	28	4	4	0	1	NA	NA	NA	unphased	1.73414788287339	0.867073941436697	2
1	175372341	175372342	54	32	4	4	0	1	NA	NA	NA	unphased	2.32756061355764	1.16378030677882	2
1	180061999	180062000	6	4	4	4	0	1	NA	NA	NA	unphased	2.50212765957447	2.50212765957447	1
1	186375298	186375299	92	31	4	4	0	1	NA	NA	NA	unphased	1.57654385054489	0.788271925272444	2
1	198721773	198721774	51	24	4	4	0	1	NA	NA	NA	unphased	2.00170212765957	1.00085106382979	2
1	203316789	203316790	156	124	4.2	6	0	0.64	1	0	0.36	unphased	2.85878419452888	0.979035683057834	2.92
1	207317923	207317924	67	26	2.41	4	0	0.47	1	0	0.53	unphased	1.30428277282086	1.30428277282086	1
1	207782940	207782941	25	4	2.41	4	0	0.47	1	0	0.53	unphased	0.643492296404989	0.643492296404989	1
1	214787133	214787134	42	29	2	2	0	1	NA	NA	NA	unphased	1.7380881030866	0.869044051543302	2
1	214814635	214814636	66	37	2	2	0	1	NA	NA	NA	unphased	1.52860979136542	0.76430489568271	2
1	237872778	237872779	9	4	2	2	0	1	NA	NA	NA	unphased	1.30932896890344	1.30932896890344	1
1	238051770	238051771	32	46	2	2	0	1	NA	NA	NA	unphased	2.50954719039825	1.25477359519913	2
1	248436445	248436446	50	28	2	2	0	1	NA	NA	NA	unphased	1.52755046372068	0.763775231860338	2
1	248458397	248458398	60	45	2	2	0	1	NA	NA	NA	unphased	1.82370820668693	0.911854103343465	2
10	875332	875333	29	15	4	3	1	1	NA	NA	NA	unphased	2.13249516441006	1.06624758220503	2
10	6262722	6262723	151	17	3	2	1	1	NA	NA	NA	unphased	0.531788247213779	0.531788247213779	1
10	7745370	7745371	72	16	3	2	1	1	NA	NA	NA	unphased	0.955512572533849	0.955512572533849	1
10	11805528	11805529	4	5	3	2	1	1	NA	NA	NA	unphased	2.91962174940898	1.45981087470449	2
10	22021900	22021901	38	18	3	2	1	1	NA	NA	NA	unphased	1.68920972644377	0.844604863221885	2
10	26310595	26310596	49	33	3	2	1	1	NA	NA	NA	unphased	2.11494551115724	1.05747275557862	2
10	26507975	26507976	51	13	3	2	1	1	NA	NA	NA	unphased	1.06748670212766	1.06748670212766	1
10	27425219	27425220	54	9	3	2	1	1	NA	NA	NA	unphased	0.750759878419453	0.750759878419453	1
10	43693526	43693527	127	23	3	2	1	1	NA	NA	NA	unphased	0.805815602836879	0.805815602836879	1
10	45798671	45798672	5	8	3	2	1	1	NA	NA	NA	unphased	3.23404255319149	1.61702127659574	2
10	50121300	50121301	57	15	1.36	2	1	0.18	1	0	0.82	unphased	0.753191489361702	0.753191489361702	1
10	51555831	51555832	30	15	1.36	2	1	0.18	1	0	0.82	unphased	1.20510638297872	1.20510638297872	1
10	69881985	69881986	63	12	1.1	2	1	0.05	0	1	0.95	unphased	0.536851063829787	0.536851063829787	1
10	69959217	69959218	39	23	1.1	2	1	0.05	0	1	0.95	unphased	1.24471516815374	1.24471516815374	1
10	72520270	72520271	57	9	1.1	2	1	0.05	0	1	0.95	unphased	0.457543520309478	0.457543520309478	1
10	87362238	87362239	41	23	1.1	2	1	0.05	0	1	0.95	unphased	1.20581781914894	1.20581781914894	1
10	87362239	87362240	41	23	1.1	2	1	0.05	0	1	0.95	unphased	1.20581781914894	1.20581781914894	1
10	94700546	94700547	56	8	1.1	2	1	0.05	0	1	0.95	unphased	0.419414893617021	0.419414893617021	1
10	94828254	94828255	26	3	1.1	2	1	0.05	0	1	0.95	unphased	0.347101980924431	0.347101980924431	1
10	97916990	97916991	19	3	1.1	2	1	0.05	0	1	0.95	unphased	0.457543520309478	0.457543520309478	1
10	97916991	97916992	19	3	1.1	2	1	0.05	0	1	0.95	unphased	0.457543520309478	0.457543520309478	1
10	99371313	99371314	33	30	1.1	2	1	0.05	0	1	0.95	unphased	1.59777102330294	1.52168668885994	1.05
10	102743812	102743813	61	35	1.1	2	1	0.05	0	1	0.95	unphased	1.22329343971631	1.22329343971631	1
10	135086332	135086333	29	27	1.1	2	1	0.05	0	1	0.95	unphased	1.61774316109423	1.54070777247069	1.05
11	2191094	2191095	22	4	2	1	1	1	NA	NA	NA	unphased	0.654664484451719	0.654664484451719	1
11	3115614	3115615	21	3	2	1	1	1	NA	NA	NA	unphased	0.531914893617021	0.531914893617021	1
11	6292586	6292587	90	30	2	1	1	1	NA	NA	NA	unphased	1.06382978723404	1.06382978723404	1
11	6806767	6806768	83	21	2	1	1	1	NA	NA	NA	unphased	0.859247135842881	0.859247135842881	1
11	7722021	7722022	12	4	2	1	1	1	NA	NA	NA	unphased	1.06382978723404	1.06382978723404	1
11	17414644	17414645	39	13	2	1	1	1	NA	NA	NA	unphased	1.06382978723404	1.06382978723404	1
11	20099123	20099124	53	13	2	1	1	1	NA	NA	NA	unphased	0.838168923275306	0.838168923275306	1
11	25004778	25004779	91	21	2	1	1	1	NA	NA	NA	unphased	0.797872340425532	0.797872340425532	1
11	26695048	26695049	107	18	2	1	1	1	NA	NA	NA	unphased	0.612765957446809	0.612765957446809	1
11	27016753	27016754	24	12	2	1	1	1	NA	NA	NA	unphased	1.41843971631206	1.41843971631206	1
11	32697186	32697187	22	4	2	1	1	1	NA	NA	NA	unphased	0.654664484451719	0.654664484451719	1
11	33564326	33564327	35	8	2	1	1	1	NA	NA	NA	unphased	0.791687283523008	0.791687283523008	1
11	33564920	33564921	145	52	2	1	1	1	NA	NA	NA	unphased	1.12323145048061	1.12323145048061	1
11	43284493	43284494	18	5	2	1	1	1	NA	NA	NA	unphased	0.925069380203515	0.925069380203515	1
11	43776562	43776563	18	3	2	1	1	1	NA	NA	NA	unphased	0.60790273556231	0.60790273556231	1
11	44289114	44289115	74	23	2	1	1	1	NA	NA	NA	unphased	1.00899320026322	1.00899320026322	1
11	55339817	55339818	198	33	2	1	1	1	NA	NA	NA	unphased	0.60790273556231	0.60790273556231	1
11	55433082	55433083	97	58	NA	NA	NA	NA	NA	NA	NA	unphased	NA	NA	1
11	55579351	55579352	143	26	1.26	2	1	0.13	0	1	0.87	unphased	0.540818330605565	0.540818330605565	1
11	55587265	55587266	165	35	1.26	2	1	0.13	0	1	0.87	unphased	0.61518085106383	0.61518085106383	1
11	55653244	55653245	30	17	1.26	2	1	0.13	0	1	0.87	unphased	1.27149841557266	1.27149841557266	1
11	55681250	55681251	77	9	1.26	2	1	0.13	0	1	0.87	unphased	0.367882236516576	0.367882236516576	1
11	55735684	55735685	90	18	1.26	2	1	0.13	0	1	0.87	unphased	0.585886524822695	0.585886524822695	1
11	55798114	55798115	45	21	1.26	2	1	0.13	0	1	0.87	unphased	1.11851063829787	1.11851063829787	1
11	57982875	57982876	44	25	2	2	0	1	NA	NA	NA	unphased	1.54178230033919	0.770891150169596	2
11	58979448	58979449	21	13	2.2	2	1	0.2	1	1	0.8	unphased	1.70350438047559	1.41958698372966	1.2
11	60264872	60264873	130	33	2.2	2	1	0.2	1	1	0.8	unphased	0.901997128312231	0.901997128312231	1
11	62760666	62760667	6	7	2.2	2	1	0.2	1	1	0.8	unphased	2.39901800327332	1.99918166939444	1.2
11	62760667	62760668	6	7	2.2	2	1	0.2	1	1	0.8	unphased	2.39901800327332	1.99918166939444	1.2
11	64662452	64662453	100	16	2.2	2	1	0.2	1	1	0.8	unphased	0.61452677916361	0.61452677916361	1
11	66262833	66262834	33	59	6	4	2	1	NA	NA	NA	unphased	5.29417206290472	1.32354301572618	4
11	69957862	69957863	107	57	2.38	2	1	0.38	1	1	0.62	unphased	1.61105604566684	1.16743191714988	1.38
11	83497615	83497616	8	3	1.64	3	2	0.16	1	0	0.84	unphased	1.06235976789168	1.06235976789168	1
11	88911129	88911130	68	27	5	3	2	1	NA	NA	NA	unphased	2.06203807390817	1.03101903695409	2
11	89531791	89531792	70	10	5	3	2	1	NA	NA	NA	unphased	0.906914893617021	0.906914893617021	1
11	92087743	92087744	61	27	2.47	2	2	0.49	1	0	0.51	unphased	1.44981382978723	0.973029415964587	1.49
11	92535004	92535005	87	26	2.47	2	2	0.49	1	0	0.51	unphased	1.08724157409151	1.08724157409151	1
11	94862454	94862455	116	44	2.47	2	2	0.49	1	0	0.51	unphased	1.29946276595745	0.872122661716407	1.49
11	101786117	101786118	202	79	5	3	2	1	NA	NA	NA	unphased	2.03975164685394	1.01987582342697	2
11	101786118	101786119	200	78	5	3	2	1	NA	NA	NA	unphased	2.03566508495331	1.01783254247666	2
11	105836688	105836689	24	20	2	2	0	1	NA	NA	NA	unphased	1.93423597678917	0.967117988394584	2
11	116729995	116729996	36	24	2	2	0	1	NA	NA	NA	unphased	1.70212765957447	0.851063829787234	2
11	117097913	117097914	47	29	2	2	0	1	NA	NA	NA	unphased	1.62374020156775	0.811870100783875	2
11	117376304	117376305	38	31	2	2	0	1	NA	NA	NA	unphased	1.9118100524206	0.955905026210299	2
11	129812524	129812525	46	15	2	2	0	1	NA	NA	NA	unphased	1.04638995465644	1.04638995465644	1
12	4479657	4479658	32	13	1.08	2	0	0.08	0	1	0.92	unphased	0.963536643026005	0.963536643026005	1
12	4481826	4481827	90	18	1.08	2	0	0.08	0	1	0.92	unphased	0.555886524822695	0.555886524822695	1
12	13367623	13367624	60	26	2.2	2	1	0.2	1	1	0.8	unphased	1.34695695200396	1.34695695200396	1
12	29640680	29640681	10	7	2	2	0	1	NA	NA	NA	unphased	1.75219023779725	1.75219023779725	1
12	32900079	32900080	30	7	5	3	2	1	NA	NA	NA	unphased	1.37262794709603	1.37262794709603	1
12	43777617	43777618	72	44	3	2	1	1	NA	NA	NA	unphased	1.993396918562	0.996698459280998	2
12	43846209	43846210	58	9	3	2	1	1	NA	NA	NA	unphased	0.70593839314068	0.70593839314068	1
12	49312602	49312603	61	21	3	2	1	1	NA	NA	NA	unphased	1.34587441619097	1.34587441619097	1
12	49314777	49314778	52	5	3	2	1	1	NA	NA	NA	unphased	0.460992907801418	0.460992907801418	1
12	52314606	52314607	26	15	3	2	1	1	NA	NA	NA	unphased	1.92267773741567	0.961338868707836	2
12	52314607	52314608	25	15	3	2	1	1	NA	NA	NA	unphased	1.97074468085106	0.985372340425532	2
12	52778862	52778863	256	65	3	2	1	1	NA	NA	NA	unphased	1.06416119838271	1.06416119838271	1
12	71974078	71974079	173	31	3	2	1	1	NA	NA	NA	unphased	0.798602419691281	0.798602419691281	1
12	71977623	71977624	107	16	3	2	1	1	NA	NA	NA	unphased	0.683618751081128	0.683618751081128	1
12	73012764	73012765	53	6	3	2	1	1	NA	NA	NA	unphased	0.534439235485034	0.534439235485034	1
12	78574745	78574746	54	28	3	2	1	1	NA	NA	NA	unphased	1.79449922158796	0.89724961079398	2
12	94243994	94243995	57	49	5	4	1	1	NA	NA	NA	unphased	3.35387394620634	1.11795798206878	3
12	94243995	94243996	57	50	5	4	1	1	NA	NA	NA	unphased	3.39033605090475	1.13011201696825	3
12	98849907	98849908	45	8	5	4	1	1	NA	NA	NA	unphased	1.09514251304697	1.09514251304697	1
12	100200346	100200347	69	12	5	4	1	1	NA	NA	NA	unphased	1.07486209613869	1.07486209613869	1
12	107048011	107048012	112	19	5	4	1	1	NA	NA	NA	unphased	1.05229819717395	1.05229819717395	1
12	109185970	109185971	19	19	5	4	1	1	NA	NA	NA	unphased	3.62765957446808	0.906914893617021	4
12	109210908	109210909	136	12	5	4	1	1	NA	NA	NA	unphased	0.588269120184014	0.588269120184014	1
12	117287281	117287282	4	7	5	4	1	1	NA	NA	NA	unphased	4.61702127659574	1.15425531914894	4
12	117287282	117287283	4	7	5	4	1	1	NA	NA	NA	unphased	4.61702127659574	1.15425531914894	4
12	117725972	117725973	53	50	5	4	1	1	NA	NA	NA	unphased	3.52199958686222	0.880499896715555	4
12	124206995	124206996	31	35	5	4	1	1	NA	NA	NA	unphased	3.84751773049645	0.961879432624113	4
12	124330609	124330610	154	26	5	4	1	1	NA	NA	NA	unphased	1.04799054373522	1.04799054373522	1
12	129558696	129558697	89	85	5	4	1	1	NA	NA	NA	unphased	3.54426510149181	0.886066275372952	4
12	129566387	129566388	86	12	5	4	1	1	NA	NA	NA	unphased	0.888406426400347	0.888406426400347	1
13	25418793	25418794	68	21	2.44	2	2	0.22	1	1	0.78	unphased	1.10788429356921	1.10788429356921	1
13	32869529	32869530	67	36	2.44	2	2	0.22	1	1	0.78	unphased	1.6410824209874	1.34514952539951	1.22
13	37269430	37269431	72	54	2	2	0	1	NA	NA	NA	unphased	1.82370820668693	0.911854103343465	2
13	38225451	38225452	41	26	2	2	0	1	NA	NA	NA	unphased	1.65131787869165	0.825658939345824	2
13	72131181	72131182	59	36	2	2	0	1	NA	NA	NA	unphased	1.61254199328108	0.806270996640538	2
13	84454890	84454891	40	30	2	2	0	1	NA	NA	NA	unphased	1.82370820668693	0.911854103343465	2
13	86369941	86369942	63	49	2	2	0	1	NA	NA	NA	unphased	1.86170212765957	0.930851063829787	2
13	114792863	114792864	17	16	2	2	0	1	NA	NA	NA	unphased	2.06318504190845	1.03159252095422	2
14	19553505	19553506	357	73	NA	NA	NA	NA	NA	NA	NA	unphased	NA	NA	1
14	19553506	19553507	363	73	NA	NA	NA	NA	NA	NA	NA	unphased	NA	NA	1
14	20404740	20404741	61	14	3	3	0	1	NA	NA	NA	unphased	0.980992907801418	0.980992907801418	1
14	21467955	21467956	96	28	4	2	2	1	NA	NA	NA	unphased	1.41249142072752	0.706245710363761	2
14	21487317	21487318	56	19	4	2	2	1	NA	NA	NA	unphased	1.58468085106383	0.792340425531915	2
14	21821871	21821872	93	54	4	2	2	1	NA	NA	NA	unphased	2.29787234042553	1.14893617021277	2
14	23874573	23874574	107	35	4	2	2	1	NA	NA	NA	unphased	1.54180401558286	0.770902007791429	2
14	35872428	35872429	117	57	4	2	2	1	NA	NA	NA	unphased	2.04915627292737	1.02457813646368	2
14	51111626	51111627	73	30	4	2	2	1	NA	NA	NA	unphased	1.821937616195	0.9109688080975	2
14	52505563	52505564	83	29	4	2	2	1	NA	NA	NA	unphased	1.61968085106383	0.809840425531915	2
14	70237972	70237973	161	54	4	2	2	1	NA	NA	NA	unphased	1.57110341415141	0.785551707075705	2
14	76437954	76437955	51	12	4	2	2	1	NA	NA	NA	unphased	1.19148936170213	1.19148936170213	1
14	89124731	89124732	98	33	4	2	2	1	NA	NA	NA	unphased	1.57576741919766	0.787883709598831	2
14	92609388	92609389	91	30	4	2	2	1	NA	NA	NA	unphased	1.55090557411641	0.775452787058203	2
14	94526847	94526848	159	55	4	2	2	1	NA	NA	NA	unphased	1.60767548220322	0.803837741101611	2
14	94929227	94929228	5	3	4	2	2	1	NA	NA	NA	unphased	2.34574468085106	2.34574468085106	1
14	94964291	94964292	114	50	4	2	2	1	NA	NA	NA	unphased	1.90710949662688	0.953554748313441	2
14	102028787	102028788	39	17	4	2	2	1	NA	NA	NA	unphased	1.89893617021277	0.949468085106383	2
14	105415207	105415208	102	37	4	2	2	1	NA	NA	NA	unphased	1.66508495331394	0.832542476656972	2
14	105415702	105415703	114	38	4	2	2	1	NA	NA	NA	unphased	1.56382978723404	0.781914893617021	2
14	105421042	105421043	15	8	4	2	2	1	NA	NA	NA	unphased	2.17576318223867	1.08788159111933	2
15	24921896	24921897	57	18	1.08	1	1	0.08	0	1	0.92	unphased	0.800476595744681	0.800476595744681	1
15	24923357	24923358	185	24	1.08	1	1	0.08	0	1	0.92	unphased	0.383003155858699	0.383003155858699	1
15	25463926	25463927	81	17	1.08	1	1	0.08	0	1	0.92	unphased	0.578575770733825	0.578575770733825	1
15	27725870	27725871	12	6	1	1	0	1	NA	NA	NA	unphased	1.08510638297872	1.08510638297872	1
15	28436362	28436363	32	8	1	1	0	1	NA	NA	NA	unphased	0.651063829787234	0.651063829787234	1
15	29397661	29397662	23	7	1	1	0	1	NA	NA	NA	unphased	0.759574468085106	0.759574468085106	1
15	31776660	31776661	26	6	1	1	0	1	NA	NA	NA	unphased	0.610372340425532	0.610372340425532	1
15	34640602	34640603	24	12	2	1	1	1	NA	NA	NA	unphased	1.41843971631206	1.41843971631206	1
15	34648891	34648892	45	20	2	1	1	1	NA	NA	NA	unphased	1.30932896890344	1.30932896890344	1
15	40675100	40675101	37	11	2	1	1	1	NA	NA	NA	unphased	0.975177304964539	0.975177304964539	1
15	40751492	40751493	58	14	2	1	1	1	NA	NA	NA	unphased	0.8274231678487	0.8274231678487	1
15	43489611	43489612	50	20	2	1	1	1	NA	NA	NA	unphased	1.21580547112462	1.21580547112462	1
15	43507497	43507498	65	12	2	1	1	1	NA	NA	NA	unphased	0.663166620613429	0.663166620613429	1
15	43749266	43749267	61	9	2	1	1	1	NA	NA	NA	unphased	0.547112462006079	0.547112462006079	1
15	45554275	45554276	71	20	2	1	1	1	NA	NA	NA	unphased	0.935234977788169	0.935234977788169	1
15	54003626	54003627	58	12	2	1	1	1	NA	NA	NA	unphased	0.729483282674772	0.729483282674772	1
15	54306213	54306214	42	10	2	1	1	1	NA	NA	NA	unphased	0.818330605564648	0.818330605564648	1
15	63948095	63948096	11	4	2	1	1	1	NA	NA	NA	unphased	1.13475177304965	1.13475177304965	1
15	65108917	65108918	46	12	2	1	1	1	NA	NA	NA	unphased	0.880410858400587	0.880410858400587	1
15	65111420	65111421	28	5	2	1	1	1	NA	NA	NA	unphased	0.64474532559639	0.64474532559639	1
15	69003990	69003991	33	9	2	1	1	1	NA	NA	NA	unphased	0.911854103343465	0.911854103343465	1
15	69328255	69328256	94	16	2	1	1	1	NA	NA	NA	unphased	0.618955512572534	0.618955512572534	1
15	77474190	77474191	86	19	2	1	1	1	NA	NA	NA	unphased	0.770010131712259	0.770010131712259	1
15	78882621	78882622	61	17	2	1	1	1	NA	NA	NA	unphased	0.927441352973268	0.927441352973268	1
15	79748847	79748848	70	22	2	1	1	1	NA	NA	NA	unphased	1.01757631822387	1.01757631822387	1
15	88423572	88423573	74	17	2	1	1	1	NA	NA	NA	unphased	0.794949731119944	0.794949731119944	1
15	90796524	90796525	22	6	2	1	1	1	NA	NA	NA	unphased	0.911854103343465	0.911854103343465	1
15	101775671	101775672	111	30	2	1	1	1	NA	NA	NA	unphased	0.905387052965143	0.905387052965143	1
16	824873	824874	22	5	2	2	0	1	NA	NA	NA	unphased	0.788022064617809	0.788022064617809	1
16	2012151	2012152	50	5	2	2	0	1	NA	NA	NA	unphased	0.386847195357834	0.386847195357834	1
16	5123156	5123157	32	20	2	2	0	1	NA	NA	NA	unphased	1.6366612111293	0.818330605564648	2
16	16267189	16267190	26	39	2	2	0	1	NA	NA	NA	unphased	2.5531914893617	1.27659574468085	2
16	20430610	20430611	34	33	2	2	0	0.13	1	1	0.87	unphased	2.09590346141632	1.85478182426223	1.13
16	23722321	23722322	30	21	2	2	0	0.13	1	1	0.87	unphased	1.75219023779725	1.55061082990907	1.13
16	27475892	27475893	66	39	2	2	0	0.13	1	1	0.87	unphased	1.58054711246201	1.39871425881593	1.13
16	28509026	28509027	4	6	2	2	0	0.13	1	1	0.87	unphased	2.5531914893617	2.25946149501036	1.13
16	30732558	30732559	94	67	2	2	0	0.13	1	1	0.87	unphased	1.77084709924673	1.56712132676702	1.13
16	31309268	31309269	23	15	2	2	0	0.13	1	1	0.87	unphased	1.67973124300112	1.48648782566471	1.13
16	31927730	31927731	42	14	2	2	0	0.13	1	1	0.87	unphased	1.06382978723404	1.06382978723404	1
16	57954352	57954353	111	37	4.12	3	2	0.78	1	0	0.22	unphased	1.59382978723404	0.895409992828114	1.78
16	66974561	66974562	36	28	2	2	0	1	NA	NA	NA	unphased	1.86170212765957	0.930851063829787	2
16	68072015	68072016	33	31	2	2	0	1	NA	NA	NA	unphased	2.06117021276596	1.03058510638298	2
16	74446938	74446939	104	21	2	2	0	1	NA	NA	NA	unphased	0.714893617021277	0.714893617021277	1
16	75669670	75669671	41	34	2	2	0	1	NA	NA	NA	unphased	1.9290780141844	0.964539007092199	2
17	1257636	1257637	34	7	3	3	0	1	NA	NA	NA	unphased	0.89724961079398	0.89724961079398	1
17	3181687	3181688	95	50	3	3	0	1	NA	NA	NA	unphased	1.81217901687454	0.906089508437271	2
17	3591364	3591365	14	5	3	3	0	1	NA	NA	NA	unphased	1.38297872340426	1.38297872340426	1
17	3649079	3649080	58	13	3	3	0	1	NA	NA	NA	unphased	0.962241534312256	0.962241534312256	1
17	4047232	4047233	29	42	3	3	0	1	NA	NA	NA	unphased	3.10878034162421	1.03626011387474	3
17	4863162	4863163	83	22	3	3	0	1	NA	NA	NA	unphased	1.10111448834853	1.10111448834853	1
17	4863163	4863164	83	22	3	3	0	1	NA	NA	NA	unphased	1.10111448834853	1.10111448834853	1
17	7186800	7186801	133	16	3	3	0	1	NA	NA	NA	unphased	0.564329573040126	0.564329573040126	1
17	7578460	7578461	37	41	3	3	0	1	NA	NA	NA	unphased	2.76241134751773	0.92080378250591	3
17	7806655	7806656	92	16	3	3	0	1	NA	NA	NA	unphased	0.778565799842395	0.778565799842395	1
17	8808215	8808216	64	26	3	3	0	1	NA	NA	NA	unphased	1.51820330969267	0.759101654846336	2
17	9511435	9511436	20	22	3	3	0	1	NA	NA	NA	unphased	2.75278622087133	0.917595406957109	3
17	10304608	10304609	186	44	3	3	0	1	NA	NA	NA	unphased	1.00536540240518	1.00536540240518	1
17	10442631	10442632	155	89	3	3	0	1	NA	NA	NA	unphased	1.9168991977677	0.958449598883851	2
17	10535230	10535231	66	14	3	3	0	1	NA	NA	NA	unphased	0.91968085106383	0.91968085106383	1
17	17726882	17726883	43	13	1.25	2	0	0.25	1	0	0.75	unphased	0.813734802431611	0.813734802431611	1
17	19318440	19318441	29	21	3	2	1	1	NA	NA	NA	unphased	2.20723404255319	1.1036170212766	2
17	35445975	35445976	195	31	3	2	1	1	NA	NA	NA	unphased	0.720862361137262	0.720862361137262	1
17	38907457	38907458	55	20	3	2	1	1	NA	NA	NA	unphased	1.40141843971631	1.40141843971631	1
17	38978409	38978410	67	10	3	2	1	1	NA	NA	NA	unphased	0.682508980381321	0.682508980381321	1
17	39394373	39394374	99	51	3	2	1	1	NA	NA	NA	unphased	1.7868085106383	0.893404255319149	2
17	40948331	40948332	16	3	3	2	1	1	NA	NA	NA	unphased	0.829787234042553	0.829787234042553	1
17	41926236	41926237	74	34	3	2	1	1	NA	NA	NA	unphased	1.65445232466509	0.827226162332545	2
17	56404126	56404127	61	15	3	2	1	1	NA	NA	NA	unphased	1.03723404255319	1.03723404255319	1
17	59958410	59958411	51	28	3	2	1	1	NA	NA	NA	unphased	1.86264476164826	0.931322380824131	2
17	60060352	60060353	34	19	3	2	1	1	NA	NA	NA	unphased	1.88398233641108	0.94199116820554	2
17	60348784	60348785	72	9	3	2	1	1	NA	NA	NA	unphased	0.583924349881797	0.583924349881797	1
17	62021205	62021206	17	6	3	2	1	1	NA	NA	NA	unphased	1.37095282146161	1.37095282146161	1
17	67081324	67081325	8	14	3	2	1	1	NA	NA	NA	unphased	3.34429400386847	1.67214700193424	2
17	68171900	68171901	60	19	3	2	1	1	NA	NA	NA	unphased	1.26393751683275	1.26393751683275	1
17	70732842	70732843	108	12	3	2	1	1	NA	NA	NA	unphased	0.525531914893617	0.525531914893617	1
17	71382002	71382003	15	4	3	2	1	1	NA	NA	NA	unphased	1.1063829787234	1.1063829787234	1
17	72322507	72322508	76	33	3	2	1	1	NA	NA	NA	unphased	1.59105992582471	0.795529962912356	2
17	73500022	73500023	26	17	3	2	1	1	NA	NA	NA	unphased	2.07768431469569	1.03884215734785	2
17	73820481	73820482	8	5	3	2	1	1	NA	NA	NA	unphased	2.02127659574468	2.02127659574468	1
17	78210825	78210826	69	14	3	2	1	1	NA	NA	NA	unphased	0.886439374519354	0.886439374519354	1
18	3596995	3596996	38	8	1.3	2	1	0.15	1	0	0.85	unphased	0.61831637372803	0.61831637372803	1
18	5291981	5291982	70	28	1.3	2	1	0.15	1	0	0.85	unphased	1.01580547112462	1.01580547112462	1
18	9258051	9258052	79	36	3	2	1	1	NA	NA	NA	unphased	1.64514338575393	0.822571692876966	2
18	30092895	30092896	31	6	3	2	1	1	NA	NA	NA	unphased	0.852213916043703	0.852213916043703	1
18	30349896	30349897	51	31	3	2	1	1	NA	NA	NA	unphased	1.98676699532953	0.993383497664764	2
18	31324478	31324479	25	3	3	2	1	1	NA	NA	NA	unphased	0.56306990881459	0.56306990881459	1
18	33780027	33780028	83	28	3	2	1	1	NA	NA	NA	unphased	1.32566609162354	1.32566609162354	1
18	40854337	40854338	65	11	1.32	2	1	0.16	1	0	0.84	unphased	0.517480403135498	0.517480403135498	1
18	42532495	42532496	43	20	1.32	2	1	0.16	1	0	0.84	unphased	1.13502195204323	1.13502195204323	1
18	43418872	43418873	14	8	1.32	2	1	0.16	1	0	0.84	unphased	1.30011605415861	1.30011605415861	1
18	52921800	52921801	34	13	1	1	0	1	NA	NA	NA	unphased	0.900407424173834	0.900407424173834	1
18	55238744	55238745	62	21	2	1	1	1	NA	NA	NA	unphased	1.07664701358626	1.07664701358626	1
18	59206378	59206379	123	28	2	1	1	1	NA	NA	NA	unphased	0.78906580245174	0.78906580245174	1
18	59221582	59221583	87	16	2	1	1	1	NA	NA	NA	unphased	0.661020450320182	0.661020450320182	1
18	60645623	60645624	22	4	2	1	1	1	NA	NA	NA	unphased	0.654664484451719	0.654664484451719	1
18	66344148	66344149	37	9	2	1	1	1	NA	NA	NA	unphased	0.832562442183164	0.832562442183164	1
19	4307902	4307903	9	8	2	2	0	1	NA	NA	NA	unphased	2.00250312891114	1.00125156445557	2
19	4523625	4523626	93	65	2	2	0	1	NA	NA	NA	unphased	1.75060597899273	0.875302989496364	2
19	5594072	5594073	10	5	2	2	0	1	NA	NA	NA	unphased	1.41843971631206	1.41843971631206	1
19	5600190	5600191	51	38	2	2	0	1	NA	NA	NA	unphased	1.81687783887162	0.908438919435812	2
19	9070909	9070910	44	29	2	2	0	1	NA	NA	NA	unphased	1.69046925094725	0.845234625473623	2
19	9071638	9071639	62	47	2	2	0	1	NA	NA	NA	unphased	1.8348623853211	0.917431192660551	2
19	10103515	10103516	23	23	2	2	0	1	NA	NA	NA	unphased	2.12765957446809	1.06382978723404	2
19	10602327	10602328	10	8	2	2	0	1	NA	NA	NA	unphased	1.89125295508274	0.945626477541371	2
19	15807950	15807951	13	5	2	2	0	1	NA	NA	NA	unphased	1.18203309692671	1.18203309692671	1
19	15807951	15807952	13	5	2	2	0	1	NA	NA	NA	unphased	1.18203309692671	1.18203309692671	1
19	15990654	15990655	71	53	2	2	0	1	NA	NA	NA	unphased	1.81880576527111	0.909402882635553	2
19	17476917	17476918	89	60	2	2	0	1	NA	NA	NA	unphased	1.71355133514208	0.856775667571041	2
19	17886848	17886849	58	45	2	2	0	1	NA	NA	NA	unphased	1.85912001652551	0.929560008262756	2
19	19166181	19166182	30	19	2	2	0	1	NA	NA	NA	unphased	1.65002171081198	0.825010855405992	2
19	22785240	22785241	12	5	2	2	0	1	NA	NA	NA	unphased	1.25156445556946	1.25156445556946	1
19	24309420	24309421	91	40	2.3	2	2	0.15	1	1	0.85	unphased	1.39093714471333	1.20951056062029	1.15
19	31048268	31048269	17	10	2.3	2	2	0.15	1	1	0.85	unphased	1.68715524034673	1.46709151334498	1.15
19	35617781	35617782	37	14	2.3	2	2	0.15	1	1	0.85	unphased	1.25047976637463	1.25047976637463	1
19	37118541	37118542	13	7	2.3	2	2	0.15	1	1	0.85	unphased	1.59436170212766	1.59436170212766	1
19	40196476	40196477	32	9	2.3	2	2	0.15	1	1	0.85	unphased	0.999948105864037	0.999948105864037	1
19	40419692	40419693	109	36	2.3	2	2	0.15	1	1	0.85	unphased	1.13097578870139	1.13097578870139	1
19	43244528	43244529	164	47	2.3	2	2	0.15	1	1	0.85	unphased	1.01469194312796	1.01469194312796	1
19	43579659	43579660	434	174	2.3	2	2	0.15	1	1	0.85	unphased	1.30366041433371	1.13361775159453	1.15
19	45029167	45029168	78	26	2.3	2	2	0.15	1	1	0.85	unphased	1.13882978723404	1.13882978723404	1
19	45317415	45317416	115	41	2.3	2	2	0.15	1	1	0.85	unphased	1.19723131478451	1.19723131478451	1
19	47909635	47909636	42	19	2.3	2	2	0.15	1	1	0.85	unphased	1.41886989884897	1.41886989884897	1
19	49671575	49671576	119	35	2.3	2	2	0.15	1	1	0.85	unphased	1.0352998065764	1.0352998065764	1
19	51323222	51323223	41	28	2.3	2	2	0.15	1	1	0.85	unphased	1.84853530681468	1.60742200592581	1.15
19	51361806	51361807	153	16	2.3	2	2	0.15	1	1	0.85	unphased	0.431272818834194	0.431272818834194	1
19	52249797	52249798	89	34	2.3	2	2	0.15	1	1	0.85	unphased	1.25919391108805	1.25919391108805	1
19	52249798	52249799	87	34	2.3	2	2	0.15	1	1	0.85	unphased	1.28000703358537	1.28000703358537	1
19	52272483	52272484	95	35	2.3	2	2	0.15	1	1	0.85	unphased	1.22643207855974	1.22643207855974	1
19	52472296	52472297	154	66	2.3	2	2	0.15	1	1	0.85	unphased	1.36659574468085	1.18834412580944	1.15
19	53057984	53057985	89	28	2.3	2	2	0.15	1	1	0.85	unphased	1.09016184760866	1.09016184760866	1
19	53770624	53770625	44	6	2.3	2	2	0.15	1	1	0.85	unphased	0.54663829787234	0.54663829787234	1
19	53993750	53993751	146	62	2.3	2	2	0.15	1	1	0.85	unphased	1.35783551554828	1.18072653525938	1.15
19	54418757	54418758	46	15	2.3	2	2	0.15	1	1	0.85	unphased	1.12016044645971	1.12016044645971	1
19	54778478	54778479	33	11	2.3	2	2	0.15	1	1	0.85	unphased	1.13882978723404	1.13882978723404	1
19	55019256	55019257	109	29	2.3	2	2	0.15	1	1	0.85	unphased	0.957277212457601	0.957277212457601	1
19	55295408	55295409	10	19	2.3	2	2	0.15	1	1	0.85	unphased	2.98451944240646	2.59523429774474	1.15
19	55418136	55418137	73	29	2.3	2	2	0.15	1	1	0.85	unphased	1.29513975803087	1.29513975803087	1
19	55816899	55816900	254	81	2.3	2	2	0.15	1	1	0.85	unphased	1.10143537630994	1.10143537630994	1
19	55858681	55858682	4	7	2.3	2	2	0.15	1	1	0.85	unphased	2.89883945841393	2.5207299638382	1.15
19	56599580	56599581	13	3	2.3	2	2	0.15	1	1	0.85	unphased	0.854122340425532	0.854122340425532	1
19	57328075	57328076	93	32	2.3	2	2	0.15	1	1	0.85	unphased	1.16616170212766	1.16616170212766	1
19	57642669	57642670	66	23	2.3	2	2	0.15	1	1	0.85	unphased	1.17721730815204	1.17721730815204	1
19	58018656	58018657	143	49	2.3	2	2	0.15	1	1	0.85	unphased	1.16255540780142	1.16255540780142	1
19	58189555	58189556	78	23	2.3	2	2	0.15	1	1	0.85	unphased	1.03734990520329	1.03734990520329	1
19	58452489	58452490	74	29	2.3	2	2	0.15	1	1	0.85	unphased	1.28256558562281	1.28256558562281	1
19	58455328	58455329	131	27	2.3	2	2	0.15	1	1	0.85	unphased	0.778440614058713	0.778440614058713	1
2	669398	669399	8	5	4	2	2	1	NA	NA	NA	unphased	2.40589198036007	1.20294599018003	2
2	1094089	1094090	71	26	4	2	2	1	NA	NA	NA	unphased	1.67668348322	0.838341741610002	2
2	1251145	1251146	45	19	4	2	2	1	NA	NA	NA	unphased	1.85704787234043	0.928523936170213	2
2	14774112	14774113	34	8	4	2	2	1	NA	NA	NA	unphased	1.19148936170213	1.19148936170213	1
2	15330508	15330509	69	27	4	2	2	1	NA	NA	NA	unphased	1.7593085106383	0.879654255319149	2
2	17697659	17697660	42	14	4	2	2	1	NA	NA	NA	unphased	1.56382978723404	0.781914893617021	2
2	17698013	17698014	18	17	4	2	2	1	NA	NA	NA	unphased	3.03829787234043	1.51914893617021	2
2	20101526	20101527	81	37	4	2	2	1	NA	NA	NA	unphased	1.96141363144609	0.980706815723044	2
2	21236216	21236217	117	63	4	2	2	1	NA	NA	NA	unphased	2.18936170212766	1.09468085106383	2
2	28805268	28805269	25	9	4	2	2	1	NA	NA	NA	unphased	1.6558197747184	1.6558197747184	1
2	30791029	30791030	42	20	4	2	2	1	NA	NA	NA	unphased	2.0178448867536	1.0089224433768	2
2	30987005	30987006	11	5	4	2	2	1	NA	NA	NA	unphased	1.95478723404255	1.95478723404255	1
2	31596794	31596795	46	7	4	2	2	1	NA	NA	NA	unphased	0.826174227217985	0.826174227217985	1
2	37292049	37292050	61	25	4	2	2	1	NA	NA	NA	unphased	1.81840672934191	0.909203364670955	2
2	40656543	40656544	262	75	4	2	2	1	NA	NA	NA	unphased	1.39213334175137	0.696066670875687	2
2	45233557	45233558	132	66	4	2	2	1	NA	NA	NA	unphased	2.08510638297872	1.04255319148936	2
2	71297696	71297697	50	12	4	2	2	1	NA	NA	NA	unphased	1.21070693205216	1.21070693205216	1
2	73717764	73717765	245	71	4	2	2	1	NA	NA	NA	unphased	1.40546727713439	0.702733638567196	2
2	73799565	73799566	59	36	4	2	2	1	NA	NA	NA	unphased	2.37043673012318	1.18521836506159	2
2	75280859	75280860	58	25	4	2	2	1	NA	NA	NA	unphased	1.88413227377595	0.942066136887977	2
2	77745811	77745812	68	16	4	2	2	1	NA	NA	NA	unphased	1.19148936170213	1.19148936170213	1
2	77745978	77745979	17	4	4	2	2	1	NA	NA	NA	unphased	1.19148936170213	1.19148936170213	1
2	79386637	79386638	19	4	4	2	2	1	NA	NA	NA	unphased	1.08788159111933	1.08788159111933	1
2	84660551	84660552	48	10	4	2	2	1	NA	NA	NA	unphased	1.07850330154072	1.07850330154072	1
2	88991264	88991265	23	4	4	2	2	1	NA	NA	NA	unphased	0.926713947990544	0.926713947990544	1
2	89157115	89157116	24	12	4	2	2	1	NA	NA	NA	unphased	2.08510638297872	1.04255319148936	2
2	98430459	98430460	8	7	4	2	2	1	NA	NA	NA	unphased	2.91914893617021	1.45957446808511	2
2	100453949	100453950	57	17	4	2	2	1	NA	NA	NA	unphased	1.43703277745831	1.43703277745831	1
2	101604650	101604651	151	60	4	2	2	1	NA	NA	NA	unphased	1.77876373903398	0.889381869516991	2
2	105713766	105713767	49	15	4	2	2	1	NA	NA	NA	unphased	1.46609042553191	1.46609042553191	1
2	112566588	112566589	99	21	4	2	2	1	NA	NA	NA	unphased	1.09468085106383	1.09468085106383	1
2	112566589	112566590	102	22	4	2	2	1	NA	NA	NA	unphased	1.10981468771448	1.10981468771448	1
2	114002064	114002065	299	114	4	2	2	1	NA	NA	NA	unphased	1.72664983772088	0.86332491886044	2
2	119604507	119604508	5	5	4	2	2	1	NA	NA	NA	unphased	3.12765957446809	1.56382978723404	2
2	128341822	128341823	66	24	1.33	2	2	0.11	0	1	0.89	unphased	0.956085106382979	0.956085106382979	1
2	128408966	128408967	105	39	1.33	2	2	0.11	0	1	0.89	unphased	0.971023936170213	0.971023936170213	1
2	128495445	128495446	13	12	1.33	2	2	0.11	0	1	0.89	unphased	1.72095319148936	1.55040828062105	1.11
2	131981228	131981229	45	6	1.33	2	2	0.11	0	1	0.89	unphased	0.42180225281602	0.42180225281602	1
2	141128826	141128827	32	8	4	2	2	1	NA	NA	NA	unphased	1.25106382978723	1.25106382978723	1
2	141359162	141359163	30	15	4	2	2	1	NA	NA	NA	unphased	2.08510638297872	1.04255319148936	2
2	149247112	149247113	88	30	4	2	2	1	NA	NA	NA	unphased	1.59033537684818	0.795167688424089	2
2	150426644	150426645	35	27	4	2	2	1	NA	NA	NA	unphased	2.72409059711736	1.36204529855868	2
2	162849638	162849639	14	6	4	2	2	1	NA	NA	NA	unphased	1.87659574468085	1.87659574468085	1
2	165953839	165953840	66	38	4	2	2	1	NA	NA	NA	unphased	2.28559738134206	1.14279869067103	2
2	168106648	168106649	153	16	4	2	2	1	NA	NA	NA	unphased	0.592219564396324	0.592219564396324	1
2	168107616	168107617	61	39	4	2	2	1	NA	NA	NA	unphased	2.43957446808511	1.21978723404255	2
2	171850277	171850278	121	36	4	2	2	1	NA	NA	NA	unphased	1.43434069657135	0.717170348285676	2
2	176964531	176964532	149	49	4	2	2	1	NA	NA	NA	unphased	1.54803352675693	0.774016763378466	2
2	176988677	176988678	80	42	4	2	2	1	NA	NA	NA	unphased	2.15347052668294	1.07673526334147	2
2	179418844	179418845	152	75	4	2	2	1	NA	NA	NA	unphased	2.06673540163089	1.03336770081545	2
2	179423189	179423190	36	21	4	2	2	1	NA	NA	NA	unphased	2.30459126539754	1.15229563269877	2
2	179474467	179474468	237	110	4	2	2	1	NA	NA	NA	unphased	1.9829541970691	0.991477098534552	2
2	179495635	179495636	72	29	4	2	2	1	NA	NA	NA	unphased	1.79608173583316	0.898040867916579	2
2	179596622	179596623	102	46	4	2	2	1	NA	NA	NA	unphased	1.94422081656124	0.972110408280621	2
2	182396456	182396457	97	11	4	2	2	1	NA	NA	NA	unphased	0.637115839243499	0.637115839243499	1
2	185802876	185802877	103	17	4	2	2	1	NA	NA	NA	unphased	0.886170212765957	0.886170212765957	1
2	187709477	187709478	71	26	4	2	2	1	NA	NA	NA	unphased	1.67668348322	0.838341741610002	2
2	189873721	189873722	89	41	4	2	2	1	NA	NA	NA	unphased	1.97283142389525	0.986415711947627	2
2	197708647	197708648	52	20	4	2	2	1	NA	NA	NA	unphased	1.73758865248227	0.868794326241135	2
2	198260780	198260781	116	35	4	2	2	1	NA	NA	NA	unphased	1.44990841200507	0.724954206002536	2
2	198949310	198949311	100	48	4	2	2	1	NA	NA	NA	unphased	2.02875215641173	1.01437607820587	2
2	200246413	200246414	110	26	4	2	2	1	NA	NA	NA	unphased	1.19586983729662	1.19586983729662	1
2	204732571	204732572	14	4	4	2	2	1	NA	NA	NA	unphased	1.39007092198582	1.39007092198582	1
2	211542680	211542681	215	71	4	2	2	1	NA	NA	NA	unphased	1.55289391459604	0.776446957298021	2
2	222429062	222429063	158	53	4	2	2	1	NA	NA	NA	unphased	1.57124130281335	0.785620651406675	2
2	231775339	231775340	57	26	4	2	2	1	NA	NA	NA	unphased	1.95949756472699	0.979748782363497	2
2	232322390	232322391	134	21	4	2	2	1	NA	NA	NA	unphased	0.847494852436513	0.847494852436513	1
2	233839633	233839634	55	33	4	2	2	1	NA	NA	NA	unphased	2.34574468085106	1.17287234042553	2
2	235962336	235962337	173	54	4	2	2	1	NA	NA	NA	unphased	1.48804948917424	0.744024744587122	2
2	240016504	240016505	14	4	4	2	2	1	NA	NA	NA	unphased	1.39007092198582	1.39007092198582	1
2	241622264	241622265	25	30	4	2	2	1	NA	NA	NA	unphased	3.41199226305609	1.70599613152805	2
2	242813911	242813912	10	5	4	2	2	1	NA	NA	NA	unphased	2.08510638297872	2.08510638297872	1
20	870937	870938	66	18	2.35	3	1	0.45	1	0	0.55	unphased	0.986854103343465	0.986854103343465	1
20	870960	870961	62	10	2.35	3	1	0.45	1	0	0.55	unphased	0.639627659574468	0.639627659574468	1
20	1584723	1584724	48	30	NA	NA	NA	NA	NA	NA	NA	unphased	NA	NA	1
20	5903515	5903516	38	6	1.26	2	1	0.13	1	0	0.87	unphased	0.47936170212766	0.47936170212766	1
20	13912310	13912311	33	10	4	2	2	1	NA	NA	NA	unphased	1.45472538347353	1.45472538347353	1
20	23065664	23065665	68	20	4.55	4	2	0.71	1	0	0.29	unphased	1.54666344294004	0.90448154557897	1.71
20	23967074	23967075	46	10	2.32	2	2	0.16	1	1	0.84	unphased	0.817021276595745	0.817021276595745	1
20	42354839	42354840	24	20	2	2	0	1	NA	NA	NA	unphased	1.93423597678917	0.967117988394584	2
20	43385673	43385674	146	89	2	2	0	1	NA	NA	NA	unphased	1.61158895427795	0.805794477138977	2
20	45905407	45905408	108	80	2	2	0	1	NA	NA	NA	unphased	1.81077410593029	0.905387052965143	2
20	46282332	46282333	15	18	2	2	0	1	NA	NA	NA	unphased	2.321083172147	1.1605415860735	2
20	46282334	46282335	14	18	2	2	0	1	NA	NA	NA	unphased	2.3936170212766	1.1968085106383	2
20	46313215	46313216	14	12	2	2	0	1	NA	NA	NA	unphased	1.96399345335516	0.981996726677578	2
20	50048655	50048656	90	72	2	2	0	1	NA	NA	NA	unphased	1.89125295508274	0.945626477541371	2
20	55027042	55027043	52	27	2.36	2	2	0.18	1	1	0.82	unphased	1.57738755723135	1.33676911629775	1.18
20	55840828	55840829	12	5	2.36	2	2	0.18	1	1	0.82	unphased	1.35744680851064	1.35744680851064	1
20	57415079	57415080	23	12	2.36	2	2	0.18	1	1	0.82	unphased	1.58239513677812	1.58239513677812	1
20	57829042	57829043	85	42	2.36	2	2	0.18	1	1	0.82	unphased	1.52632601775842	1.293496625219	1.18
20	58490599	58490600	82	29	2.36	2	2	0.18	1	1	0.82	unphased	1.20580410197431	1.20580410197431	1
20	61453479	61453480	70	23	2.36	2	2	0.18	1	1	0.82	unphased	1.1414230153283	1.1414230153283	1
20	61951698	61951699	64	21	2.36	2	2	0.18	1	1	0.82	unphased	1.14025531914894	1.14025531914894	1
20	62521381	62521382	16	6	2.36	2	2	0.18	1	1	0.82	unphased	1.25872340425532	1.25872340425532	1
21	10906891	10906892	67	9	NA	NA	NA	NA	NA	NA	NA	unphased	NA	NA	1
21	11039207	11039208	220	18	NA	NA	NA	NA	NA	NA	NA	unphased	NA	NA	1
21	15561619	15561620	65	31	3	2	1	1	NA	NA	NA	unphased	1.69703014184397	0.848515070921986	2
21	32127494	32127495	151	55	3	2	1	1	NA	NA	NA	unphased	1.40311919024995	0.701559595124974	2
21	40555394	40555395	5	4	3	2	1	1	NA	NA	NA	unphased	2.33569739952719	2.33569739952719	1
21	41711092	41711093	76	13	3	2	1	1	NA	NA	NA	unphased	0.767630886923261	0.767630886923261	1
21	41711139	41711140	70	8	3	2	1	1	NA	NA	NA	unphased	0.539007092198582	0.539007092198582	1
21	41725581	41725582	45	10	3	2	1	1	NA	NA	NA	unphased	0.955512572533849	0.955512572533849	1
21	43309440	43309441	34	5	3	2	1	1	NA	NA	NA	unphased	0.673758865248227	0.673758865248227	1
21	43321825	43321826	29	19	3	2	1	1	NA	NA	NA	unphased	2.0802304964539	1.04011524822695	2
21	43802267	43802268	88	20	3	2	1	1	NA	NA	NA	unphased	0.973207249802994	0.973207249802994	1
21	43838678	43838679	44	10	3	2	1	1	NA	NA	NA	unphased	0.973207249802994	0.973207249802994	1
21	47632938	47632939	34	4	3	2	1	1	NA	NA	NA	unphased	0.553191489361702	0.553191489361702	1
22	16267032	16267033	621	29	4	2	2	1	NA	NA	NA	unphased	0.279083469721768	0.279083469721768	1
22	18368735	18368736	95	38	2	2	0	1	NA	NA	NA	unphased	1.21580547112462	1.21580547112462	1
22	39884730	39884731	19	16	2	2	0	1	NA	NA	NA	unphased	1.94528875379939	0.972644376899696	2
22	41921282	41921283	54	29	2	2	0	1	NA	NA	NA	unphased	1.48679825685722	0.743399128428608	2
3	3111858	3111859	83	43	2	2	0	1	NA	NA	NA	unphased	1.45221209050996	0.726106045254981	2
3	9862309	9862310	81	57	2	2	0	1	NA	NA	NA	unphased	1.75763182238668	0.87881591119334	2
3	20141432	20141433	32	11	2	2	0	1	NA	NA	NA	unphased	1.08857001484414	1.08857001484414	1
3	38766751	38766752	14	24	2	2	0	1	NA	NA	NA	unphased	2.68756998880179	1.3437849944009	2
3	42260986	42260987	104	55	2	2	0	1	NA	NA	NA	unphased	1.4719657433427	0.73598287167135	2
3	49869402	49869403	36	35	2	2	0	1	NA	NA	NA	unphased	2.09769253820797	1.04884626910399	2
3	49899270	49899271	20	13	2	2	0	1	NA	NA	NA	unphased	1.67633784655061	0.838168923275306	2
3	52847315	52847316	8	11	2	2	0	1	NA	NA	NA	unphased	2.46360582306831	1.23180291153415	2
3	58855171	58855172	33	42	2	2	0	1	NA	NA	NA	unphased	2.38297872340426	1.19148936170213	2
3	64619501	64619502	77	47	2	2	0	1	NA	NA	NA	unphased	1.61290322580645	0.806451612903226	2
3	73432878	73432879	51	32	2	2	0	1	NA	NA	NA	unphased	1.64060497308382	0.820302486541912	2
3	88040643	88040644	75	29	4	2	2	1	NA	NA	NA	unphased	1.74427168576105	0.872135842880524	2
3	89156732	89156733	5	7	4	2	2	1	NA	NA	NA	unphased	3.64893617021277	1.82446808510638	2
3	111343227	111343228	68	33	4	2	2	1	NA	NA	NA	unphased	2.04381714767221	1.02190857383611	2
3	118621507	118621508	91	38	4	2	2	1	NA	NA	NA	unphased	1.8426521523998	0.921326076199901	2
3	119426273	119426274	75	21	4	2	2	1	NA	NA	NA	unphased	1.36835106382979	1.36835106382979	1
3	121350711	121350712	94	26	4	2	2	1	NA	NA	NA	unphased	1.35531914893617	1.35531914893617	1
3	121822558	121822559	147	56	4	2	2	1	NA	NA	NA	unphased	1.72560528246515	0.862802641232575	2
3	122354801	122354802	74	29	4	2	2	1	NA	NA	NA	unphased	1.76120636232183	0.880603181160917	2
3	123953764	123953765	17	6	4	2	2	1	NA	NA	NA	unphased	1.631822386679	1.631822386679	1
3	125166625	125166626	68	17	4	2	2	1	NA	NA	NA	unphased	1.25106382978723	1.25106382978723	1
3	125279255	125279256	107	41	4	2	2	1	NA	NA	NA	unphased	1.73289246693502	0.86644623346751	2
3	125872150	125872151	16	7	4	2	2	1	NA	NA	NA	unphased	1.90379278445883	1.90379278445883	1
3	130293357	130293358	54	10	4	2	2	1	NA	NA	NA	unphased	0.977393617021277	0.977393617021277	1
3	130698183	130698184	90	38	4	2	2	1	NA	NA	NA	unphased	1.85704787234043	0.928523936170213	2
3	133166198	133166199	43	17	4	2	2	1	NA	NA	NA	unphased	1.77234042553191	0.886170212765957	2
3	134366294	134366295	16	6	4	2	2	1	NA	NA	NA	unphased	1.70599613152805	1.70599613152805	1
3	140401405	140401406	114	34	4	2	2	1	NA	NA	NA	unphased	1.43703277745831	0.718516388729155	2
3	140692564	140692565	52	18	4	2	2	1	NA	NA	NA	unphased	1.60851063829787	0.804255319148936	2
3	147113969	147113970	56	21	4	2	2	1	NA	NA	NA	unphased	1.70599613152805	0.852998065764023	2
3	148871333	148871334	105	42	4	2	2	1	NA	NA	NA	unphased	1.78723404255319	0.893617021276596	2
3	154147310	154147311	90	41	4	2	2	1	NA	NA	NA	unphased	1.95777164203346	0.978885821016729	2
3	165548008	165548009	90	31	4	2	2	1	NA	NA	NA	unphased	1.60260242658695	0.801301213293476	2
3	170715646	170715647	62	18	4	2	2	1	NA	NA	NA	unphased	1.40744680851064	1.40744680851064	1
3	178560586	178560587	54	28	4	2	2	1	NA	NA	NA	unphased	2.13596263622211	1.06798131811105	2
3	183756294	183756295	82	30	4	2	2	1	NA	NA	NA	unphased	1.67553191489362	0.837765957446809	2
3	183756295	183756296	80	29	4	2	2	1	NA	NA	NA	unphased	1.66425922311146	0.832129611555729	2
3	189582205	189582206	41	20	4	2	2	1	NA	NA	NA	unphased	2.05092431112661	1.02546215556331	2
3	193361890	193361891	72	23	1.36	2	2	0.12	0	1	0.88	unphased	0.875287793952968	0.875287793952968	1
3	194080147	194080148	75	26	1.36	2	2	0.12	0	1	0.88	unphased	0.930676216557826	0.930676216557826	1
3	195593857	195593858	35	14	4	2	2	1	NA	NA	NA	unphased	1.78723404255319	0.893617021276596	2
4	53253	53254	60	7	NA	NA	NA	NA	NA	NA	NA	unphased	NA	NA	1
4	7026817	7026818	101	79	2	2	0	1	NA	NA	NA	unphased	1.86761229314421	0.933806146572104	2
4	10079446	10079447	13	7	2	2	0	1	NA	NA	NA	unphased	1.48936170212766	1.48936170212766	1
4	20259526	20259527	121	27	2	2	0	1	NA	NA	NA	unphased	0.776308223116734	0.776308223116734	1
4	44631447	44631448	9	4	2	2	0	1	NA	NA	NA	unphased	1.30932896890344	1.30932896890344	1
4	65188443	65188444	44	26	2	2	0	1	NA	NA	NA	unphased	1.58054711246201	0.790273556231003	2
4	66467427	66467428	48	34	2	2	0	1	NA	NA	NA	unphased	1.76440062272963	0.882200311364816	2
4	73188761	73188762	117	58	2	2	0	1	NA	NA	NA	unphased	1.41033434650456	0.70516717325228	2
4	73188814	73188815	80	32	2	2	0	1	NA	NA	NA	unphased	1.21580547112462	1.21580547112462	1
4	73188815	73188816	78	33	2	2	0	1	NA	NA	NA	unphased	1.26509488211616	1.26509488211616	1
4	76785658	76785659	49	15	2	2	0	1	NA	NA	NA	unphased	0.997340425531915	0.997340425531915	1
4	81187940	81187941	22	15	2	2	0	1	NA	NA	NA	unphased	1.72512938470385	0.862564692351926	2
4	89311903	89311904	35	7	2	2	0	1	NA	NA	NA	unphased	0.709219858156028	0.709219858156028	1
4	90844374	90844375	129	77	2	2	0	1	NA	NA	NA	unphased	1.59058045858294	0.795290229291469	2
4	96761332	96761333	22	7	2	2	0	1	NA	NA	NA	unphased	1.02714600146735	1.02714600146735	1
4	126370037	126370038	30	15	2	2	0	1	NA	NA	NA	unphased	1.41843971631206	1.41843971631206	1
4	141607589	141607590	62	53	2	2	0	1	NA	NA	NA	unphased	1.96114708603145	0.980573543015726	2
4	155490674	155490675	37	34	2	2	0	1	NA	NA	NA	unphased	2.03775846568774	1.01887923284387	2
4	156135541	156135542	33	34	2	2	0	1	NA	NA	NA	unphased	2.15941568751985	1.07970784375992	2
4	162463827	162463828	41	18	2	2	0	1	NA	NA	NA	unphased	1.29823296069239	1.29823296069239	1
4	169602531	169602532	36	32	2	2	0	1	NA	NA	NA	unphased	2.00250312891114	1.00125156445557	2
4	183609452	183609453	38	28	2	2	0	1	NA	NA	NA	unphased	1.80528691166989	0.902643455834945	2
5	1222053	1222054	17	5	1.36	2	1	0.18	1	0	0.82	unphased	0.821663442940039	0.821663442940039	1
5	1422007	1422008	126	15	1.36	2	1	0.18	1	0	0.82	unphased	0.384608420099593	0.384608420099593	1
5	14286998	14286999	93	11	3	2	1	1	NA	NA	NA	unphased	0.555851063829787	0.555851063829787	1
5	23523454	23523455	70	27	4	2	2	1	NA	NA	NA	unphased	1.7411713094977	0.870585654748849	2
5	26881501	26881502	135	22	4	2	2	1	NA	NA	NA	unphased	0.876541536793604	0.876541536793604	1
5	26915836	26915837	127	70	4	2	2	1	NA	NA	NA	unphased	2.2227022356626	1.1113511178313	2
5	37022344	37022345	37	6	4	2	2	1	NA	NA	NA	unphased	0.872835230084117	0.872835230084117	1
5	43381977	43381978	151	57	4	2	2	1	NA	NA	NA	unphased	1.71419803600655	0.857099018003273	2
5	69730847	69730848	29	22	2	2	0	1	NA	NA	NA	unphased	1.83562786816854	0.917813934084272	2
5	82875930	82875931	71	49	2	2	0	1	NA	NA	NA	unphased	1.73758865248227	0.868794326241135	2
5	94956179	94956180	5	4	2	2	0	1	NA	NA	NA	unphased	1.89125295508274	1.89125295508274	1
5	126705693	126705694	22	15	2	2	0	1	NA	NA	NA	unphased	1.72512938470385	0.862564692351926	2
5	128887597	128887598	13	10	2	2	0	1	NA	NA	NA	unphased	1.85013876040703	0.925069380203515	2
5	130970731	130970732	14	14	2	2	0	1	NA	NA	NA	unphased	2.12765957446809	1.06382978723404	2
5	131007449	131007450	39	28	2	2	0	1	NA	NA	NA	unphased	1.7783423308987	0.889171165449349	2
5	131008449	131008450	85	41	2	2	0	1	NA	NA	NA	unphased	1.38466734211415	0.692333671057075	2
5	139892966	139892967	27	17	2	2	0	1	NA	NA	NA	unphased	1.64410058027079	0.822050290135397	2
5	139908661	139908662	80	58	2	2	0	1	NA	NA	NA	unphased	1.78846746839346	0.894233734196731	2
5	140176161	140176162	86	55	2	2	0	1	NA	NA	NA	unphased	1.65987626376943	0.829938131884714	2
5	140230180	140230181	67	41	2	2	0	1	NA	NA	NA	unphased	1.61544523246651	0.807722616233255	2
5	140554832	140554833	58	16	2	2	0	1	NA	NA	NA	unphased	0.920069005175388	0.920069005175388	1
5	140559274	140559275	181	32	2	2	0	1	NA	NA	NA	unphased	0.639296773549096	0.639296773549096	1
5	140574265	140574266	98	66	2	2	0	1	NA	NA	NA	unphased	1.712506486767	0.856253243383498	2
5	140725604	140725605	52	23	2	2	0	1	NA	NA	NA	unphased	1.30496453900709	1.30496453900709	1
5	140744374	140744375	19	11	2	2	0	1	NA	NA	NA	unphased	1.56028368794326	1.56028368794326	1
5	140789648	140789649	28	10	2	2	0	1	NA	NA	NA	unphased	1.11982082866741	1.11982082866741	1
5	142662287	142662288	59	8	2	2	0	1	NA	NA	NA	unphased	0.508097808828199	0.508097808828199	1
5	149501446	149501447	44	38	2	2	0	1	NA	NA	NA	unphased	1.97197716658018	0.985988583290088	2
5	151183478	151183479	59	39	2	2	0	1	NA	NA	NA	unphased	1.69344333478072	0.84672166739036	2
5	156899459	156899460	110	61	2	2	0	1	NA	NA	NA	unphased	1.51797934552694	0.758989672763469	2
5	161118971	161118972	58	32	2	2	0	1	NA	NA	NA	unphased	1.51300236406619	0.756501182033097	2
5	169116309	169116310	37	17	2	2	0	1	NA	NA	NA	unphased	1.33963750985028	1.33963750985028	1
5	178339719	178339720	11	6	2	2	0	1	NA	NA	NA	unphased	1.50187734668335	1.50187734668335	1
6	30525056	30525057	4	9	4	4	0	1	NA	NA	NA	unphased	4.33060556464812	1.08265139116203	4
6	32139276	32139277	13	16	4	4	0	1	NA	NA	NA	unphased	3.4512105649303	0.862802641232575	4
6	33179585	33179586	113	46	4	4	0	1	NA	NA	NA	unphased	1.80971497390606	0.904857486953031	2
6	51915069	51915070	49	46	6	4	2	1	NA	NA	NA	unphased	3.9973124300112	0.9993281075028	4
6	54806376	54806377	61	43	2.25	4	2	0.25	1	0	0.75	unphased	1.86277618657938	1.06444353518822	1.75
6	56846669	56846670	84	87	2.25	4	2	0.25	1	0	0.75	unphased	2.29217991787981	1.0187466301688	2.25
6	87994302	87994303	50	39	2	2	0	1	NA	NA	NA	unphased	1.86469041357877	0.932345206789386	2
6	99893963	99893964	40	22	2	2	0	1	NA	NA	NA	unphased	1.50995195607413	0.754975978037063	2
6	102266252	102266253	25	16	2	2	0	1	NA	NA	NA	unphased	1.66061235080436	0.83030617540218	2
6	112441594	112441595	33	14	2	2	0	1	NA	NA	NA	unphased	1.2675418741512	1.2675418741512	1
6	114378574	114378575	40	23	2	2	0	1	NA	NA	NA	unphased	1.55352921310368	0.776764606551841	2
6	116542389	116542390	68	38	2	2	0	1	NA	NA	NA	unphased	1.52549177037334	0.762745885186672	2
6	133005629	133005630	53	9	2	2	0	1	NA	NA	NA	unphased	0.61770761839396	0.61770761839396	1
6	146127504	146127505	46	43	2	2	0	1	NA	NA	NA	unphased	2.05594071240736	1.02797035620368	2
6	146719959	146719960	113	92	2	2	0	1	NA	NA	NA	unphased	1.90970420342501	0.954852101712507	2
6	163149343	163149344	90	56	2	2	0	1	NA	NA	NA	unphased	1.63217720781113	0.816088603905567	2
7	14378205	14378206	73	12	3	2	1	1	NA	NA	NA	unphased	0.741927409261577	0.741927409261577	1
7	16737810	16737811	166	57	3	2	1	1	NA	NA	NA	unphased	1.34328785421238	0.671643927106192	2
7	20795293	20795294	22	5	3	2	1	1	NA	NA	NA	unphased	0.973207249802994	0.973207249802994	1
7	27183015	27183016	28	6	3	2	1	1	NA	NA	NA	unphased	0.927409261576971	0.927409261576971	1
7	27205034	27205035	15	5	3	2	1	1	NA	NA	NA	unphased	1.31382978723404	1.31382978723404	1
7	41729621	41729622	126	53	3	2	1	1	NA	NA	NA	unphased	1.55604421728278	0.778022108641388	2
7	42004818	42004819	51	24	3	2	1	1	NA	NA	NA	unphased	1.68170212765957	0.840851063829787	2
7	44268413	44268414	10	5	3	2	1	1	NA	NA	NA	unphased	1.75177304964539	1.75177304964539	1
7	63720683	63720684	125	16	5	4	1	1	NA	NA	NA	unphased	0.823298626829636	0.823298626829636	1
7	63726646	63726647	12	7	5	4	1	1	NA	NA	NA	unphased	2.67301231802911	0.891004106009705	3
7	69364337	69364338	81	51	4	3	1	1	NA	NA	NA	unphased	2.41682785299807	0.805609284332689	3
7	73771659	73771660	56	7	4	3	1	1	NA	NA	NA	unphased	0.695035460992908	0.695035460992908	1
7	74197866	74197867	26	16	4	3	1	1	NA	NA	NA	unphased	2.38297872340426	1.19148936170213	2
7	82546110	82546111	92	22	4	3	1	1	NA	NA	NA	unphased	1.20716685330347	1.20716685330347	1
7	95157279	95157280	48	20	2.48	3	2	0.16	1	1	0.84	unphased	1.3927409261577	1.3927409261577	1
7	98529063	98529064	40	24	4.12	3	2	0.78	1	0	0.22	unphased	2.39074468085106	0.933884640957447	2.56
7	99319929	99319930	63	32	4.12	3	2	0.78	1	0	0.22	unphased	2.14747592385218	0.838857782754759	2.56
7	99771558	99771559	203	129	4.12	3	2	0.78	1	0	0.22	unphased	2.47715713919508	0.967639507498078	2.56
7	100490920	100490921	42	18	4.12	3	2	0.78	1	0	0.22	unphased	1.91259574468085	1.07449199139374	1.78
7	100677013	100677014	546	215	4.12	3	2	0.78	1	0	0.22	unphased	1.80117426678223	1.01189565549563	1.78
7	100683642	100683643	477	318	4.12	3	2	0.78	1	0	0.22	unphased	2.55012765957447	0.996143617021277	2.56
7	100807675	100807676	47	20	4.12	3	2	0.78	1	0	0.22	unphased	1.90308034296602	1.06914626009327	1.78
7	100817806	100817807	32	21	4.12	3	2	0.78	1	0	0.22	unphased	2.52606985146528	0.986746035728623	2.56
7	121755200	121755201	72	35	1.76	3	2	0.19	1	0	0.81	unphased	1.31342215152118	0.951755182261722	1.38
7	122774550	122774551	65	43	1.76	3	2	0.19	1	0	0.81	unphased	1.59869188337273	1.1584723792556	1.38
7	122774574	122774575	57	39	1.76	3	2	0.19	1	0	0.81	unphased	1.63122340425532	1.18204594511255	1.38
7	123152228	123152229	184	59	1.76	3	2	0.19	1	0	0.81	unphased	0.974912879782856	0.974912879782856	1
7	138341211	138341212	143	84	5	3	2	1	NA	NA	NA	unphased	2.68478770269004	0.894929234230012	3
7	139724635	139724636	77	12	5	3	2	1	NA	NA	NA	unphased	0.978245278508248	0.978245278508248	1
7	140159582	140159583	153	46	5	3	2	1	NA	NA	NA	unphased	1.67710894900032	0.83855447450016	2
7	140453154	140453155	81	40	5	3	2	1	NA	NA	NA	unphased	2.39845261121857	1.19922630560928	2
7	142423406	142423407	74	33	5	3	2	1	NA	NA	NA	unphased	2.23762179359714	1.11881089679857	2
7	142498916	142498917	136	28	5	3	2	1	NA	NA	NA	unphased	1.23871302542813	1.23871302542813	1
7	143554371	143554372	18	4	5	3	2	1	NA	NA	NA	unphased	1.31914893617021	1.31914893617021	1
7	143747921	143747922	182	115	5	3	2	1	NA	NA	NA	unphased	2.80929866036249	0.936432886787497	3
7	148963538	148963539	45	12	5	3	2	1	NA	NA	NA	unphased	1.52743561030235	1.52743561030235	1
7	149521585	149521586	37	20	5	3	2	1	NA	NA	NA	unphased	2.54572601717059	0.848575339056862	3
7	150491118	150491119	136	25	5	3	2	1	NA	NA	NA	unphased	1.12660235231928	1.12660235231928	1
7	150747240	150747241	87	26	5	3	2	1	NA	NA	NA	unphased	1.66936546789682	0.834682733948409	2
7	150747241	150747242	88	26	5	3	2	1	NA	NA	NA	unphased	1.65472191116088	0.82736095558044	2
7	154143390	154143391	76	16	5	3	2	1	NA	NA	NA	unphased	1.26179463459759	1.26179463459759	1
7	154519507	154519508	34	24	5	3	2	1	NA	NA	NA	unphased	3.002201027146	1.00073367571533	3
8	10388885	10388886	116	94	2	2	0	1	NA	NA	NA	unphased	1.9047619047619	0.952380952380952	2
8	25258555	25258556	107	108	2	2	0	1	NA	NA	NA	unphased	2.13755566551212	1.06877783275606	2
8	27764704	27764705	73	62	2	2	0	1	NA	NA	NA	unphased	1.95429472025217	0.977147360126084	2
8	30706482	30706483	48	45	2	2	0	1	NA	NA	NA	unphased	2.05902539464653	1.02951269732327	2
8	30933708	30933709	32	19	2	2	0	1	NA	NA	NA	unphased	1.58531497705465	0.792657488527326	2
8	30958371	30958372	11	11	2	2	0	1	NA	NA	NA	unphased	2.12765957446809	1.06382978723404	2
8	42287679	42287680	34	36	1.68	3	2	0.17	1	0	0.83	unphased	2.02387841945289	0.932662866107321	2.17
8	43171095	43171096	47	36	1.68	3	2	0.17	1	0	0.83	unphased	1.70688541399641	0.786583140090512	2.17
8	43197328	43197329	84	89	1.68	3	2	0.17	1	0	0.83	unphased	2.02452834829664	0.932962372486932	2.17
8	57025615	57025616	53	32	1.68	3	2	0.17	1	0	0.83	unphased	1.48153191489362	1.10562083201016	1.34
8	72111643	72111644	24	13	2.48	3	2	0.37	1	0	0.63	unphased	1.66376078205865	0.956184357504974	1.74
8	77766436	77766437	12	8	2.48	3	2	0.37	1	0	0.63	unphased	1.89412765957447	1.08857911469797	1.74
8	89339375	89339376	148	33	2.48	3	2	0.37	1	0	0.63	unphased	0.863345480192782	0.863345480192782	1
8	90965537	90965538	142	136	2.48	3	2	0.37	1	0	0.63	unphased	2.31655900811266	0.977451058275383	2.37
8	103664247	103664248	74	26	1.57	2	2	0.19	1	0	0.81	unphased	0.994582978723404	0.994582978723404	1
8	105261039	105261040	51	16	1.57	2	2	0.19	1	0	0.81	unphased	0.91350905049222	0.91350905049222	1
8	105261040	105261041	50	17	1.57	2	2	0.19	1	0	0.81	unphased	0.970603366147984	0.970603366147984	1
8	113871482	113871483	49	29	4.42	5	2	0.57	1	0	0.43	unphased	2.48184942716858	0.965700166213454	2.57
8	120431370	120431371	109	22	4.42	5	2	0.57	1	0	0.43	unphased	1.12104596394348	1.12104596394348	1
8	124515576	124515577	30	41	4.42	5	2	0.57	1	0	0.43	unphased	3.85476176206173	1.03901934287378	3.71
8	124710641	124710642	150	44	4.42	5	2	0.57	1	0	0.43	unphased	1.513989910068	0.964324783482801	1.57
8	131793006	131793007	130	136	4.42	5	2	0.57	1	0	0.43	unphased	3.4129451287794	1.04053205145713	3.28
8	139164092	139164093	92	85	4.42	5	2	0.57	1	0	0.43	unphased	3.20566173818969	1.02091138158907	3.14
8	139189616	139189617	46	12	4.42	5	2	0.57	1	0	0.43	unphased	1.381100513573	1.381100513573	1
8	141567329	141567330	105	98	4.42	5	2	0.57	1	0	0.43	unphased	3.22256786500367	0.982490202745021	3.28
8	143545833	143545834	9	6	4.42	5	2	0.57	1	0	0.43	unphased	2.67012765957447	0.985286959252571	2.71
8	145745098	145745099	22	18	4.42	5	2	0.57	1	0	0.43	unphased	3.00389361702128	0.956654018159642	3.14
9	5557752	5557753	65	32	2	2	0	1	NA	NA	NA	unphased	1.40381662645317	0.701908313226585	2
9	21481719	21481720	28	23	2	2	0	1	NA	NA	NA	unphased	1.91906549853984	0.959532749269921	2
9	21971055	21971056	9	11	2	2	0	1	NA	NA	NA	unphased	2.34042553191489	1.17021276595745	2
9	32630141	32630142	28	24	2	2	0	1	NA	NA	NA	unphased	1.96399345335516	0.981996726677578	2
9	32630209	32630210	67	50	2	2	0	1	NA	NA	NA	unphased	1.81851245681033	0.909256228405165	2
9	33465805	33465806	24	11	2	2	0	1	NA	NA	NA	unphased	1.33738601823708	1.33738601823708	1
9	84248426	84248427	7	5	3	2	1	1	NA	NA	NA	unphased	2.18971631205674	2.18971631205674	1
9	84530968	84530969	14	8	3	2	1	1	NA	NA	NA	unphased	1.9110251450677	0.955512572533849	2
9	84533310	84533311	19	3	3	2	1	1	NA	NA	NA	unphased	0.716634429400387	0.716634429400387	1
9	84562507	84562508	27	9	3	2	1	1	NA	NA	NA	unphased	1.31382978723404	1.31382978723404	1
9	87635143	87635144	134	24	3	2	1	1	NA	NA	NA	unphased	0.798276326420684	0.798276326420684	1
9	87636220	87636221	35	11	3	2	1	1	NA	NA	NA	unphased	1.25670675300648	1.25670675300648	1
9	105768039	105768040	57	33	3	2	1	1	NA	NA	NA	unphased	1.92695035460993	0.963475177304964	2
9	105768041	105768042	56	33	3	2	1	1	NA	NA	NA	unphased	1.94860148218982	0.974300741094908	2
9	114156555	114156556	19	8	3	2	1	1	NA	NA	NA	unphased	1.55713159968479	1.55713159968479	1
9	116132329	116132330	73	18	3	2	1	1	NA	NA	NA	unphased	1.03951367781155	1.03951367781155	1
9	125329927	125329928	101	15	3	2	1	1	NA	NA	NA	unphased	0.679567131327953	0.679567131327953	1
9	125652516	125652517	11	7	3	2	1	1	NA	NA	NA	unphased	2.04373522458629	1.02186761229314	2
9	125751588	125751589	64	30	3	2	1	1	NA	NA	NA	unphased	1.67722951561793	0.838614757808963	2
9	131495702	131495703	28	14	2.21	2	1	0.21	1	1	0.79	unphased	1.48843971631206	1.48843971631206	1
9	131765217	131765218	46	25	2.21	2	1	0.21	1	1	0.79	unphased	1.57229547497752	1.29941774791531	1.21
9	132620749	132620750	105	24	2.21	2	1	0.21	1	1	0.79	unphased	0.830757050964869	0.830757050964869	1
9	132863451	132863452	145	66	2.21	2	1	0.21	1	1	0.79	unphased	1.39673489966724	1.15432636336135	1.21
9	133376430	133376431	82	15	2.21	2	1	0.21	1	1	0.79	unphased	0.690513270454047	0.690513270454047	1
9	135945961	135945962	153	30	2.21	2	1	0.21	1	1	0.79	unphased	0.732019532612487	0.732019532612487	1
9	135985752	135985753	66	12	2.21	2	1	0.21	1	1	0.79	unphased	0.686972176759411	0.686972176759411	1
9	137644491	137644492	35	8	2.21	2	1	0.21	1	1	0.79	unphased	0.830757050964869	0.830757050964869	1
X	48339588	48339589	9	11	NA	NA	NA	NA	NA	NA	NA	unphased	NA	NA	1
X	49072003	49072004	13	14	NA	NA	NA	NA	NA	NA	NA	unphased	NA	NA	1
X	70145485	70145486	3	10	NA	NA	NA	NA	NA	NA	NA	unphased	NA	NA	1
X	91456417	91456418	21	24	NA	NA	NA	NA	NA	NA	NA	unphased	NA	NA	1
X	102529222	102529223	65	94	NA	NA	NA	NA	NA	NA	NA	unphased	NA	NA	1
X	107978160	107978161	45	73	NA	NA	NA	NA	NA	NA	NA	unphased	NA	NA	1
X	122532555	122532556	14	21	NA	NA	NA	NA	NA	NA	NA	unphased	NA	NA	1
X	130407892	130407893	70	85	NA	NA	NA	NA	NA	NA	NA	unphased	NA	NA	1
X	135405429	135405430	45	64	NA	NA	NA	NA	NA	NA	NA	unphased	NA	NA	1
X	144906314	144906315	47	71	NA	NA	NA	NA	NA	NA	NA	unphased	NA	NA	1
X	151900503	151900504	49	80	NA	NA	NA	NA	NA	NA	NA	unphased	NA	NA	1
Y	9195535	9195536	15	19	NA	NA	NA	NA	NA	NA	NA	unphased	NA	NA	1
