chr	start	end	WT.count	mut.count	subclonal.CN	nMaj1	nMin1	frac1	nMaj2	nMin2	frac2	phase	mutation.copy.number	subclonal.fraction	no.chrs.bearing.mut
1	13111690	13111691	14	5	NA	NA	NA	NA	NA	NA	NA	unphased	NA	NA	1
1	16952892	16952893	93	4	2	1	1	1	NA	NA	NA	unphased	0.133022946458264	0.133022946458264	1
1	16953728	16953729	76	6	2	1	1	1	NA	NA	NA	unphased	0.2360346184107	0.2360346184107	1
1	19184030	19184031	68	40	2	1	1	1	NA	NA	NA	unphased	1.194743130227	1.194743130227	1
1	20249234	20249235	40	20	2	1	1	1	NA	NA	NA	unphased	1.0752688172043	1.0752688172043	1
1	20304927	20304928	9	8	2	1	1	1	NA	NA	NA	unphased	1.5180265654649	1.5180265654649	1
1	21205815	21205816	99	46	2	1	1	1	NA	NA	NA	unphased	1.02335928809789	1.02335928809789	1
1	34330144	34330145	82	38	2	1	1	1	NA	NA	NA	unphased	1.02150537634409	1.02150537634409	1
1	54331951	54331952	43	18	2	1	1	1	NA	NA	NA	unphased	0.951877313590693	0.951877313590693	1
1	57537223	57537224	74	22	2	1	1	1	NA	NA	NA	unphased	0.739247311827957	0.739247311827957	1
1	71318404	71318405	33	14	2	1	1	1	NA	NA	NA	unphased	0.960878517501716	0.960878517501716	1
1	76190448	76190449	53	15	2	1	1	1	NA	NA	NA	unphased	0.71157495256167	0.71157495256167	1
1	76190449	76190450	54	15	2	1	1	1	NA	NA	NA	unphased	0.701262272089762	0.701262272089762	1
1	76349324	76349325	27	19	2	1	1	1	NA	NA	NA	unphased	1.33239831697055	1.33239831697055	1
1	86919277	86919278	48	20	2	1	1	1	NA	NA	NA	unphased	0.94876660341556	0.94876660341556	1
1	97278973	97278974	52	16	2	1	1	1	NA	NA	NA	unphased	0.759013282732448	0.759013282732448	1
1	99771932	99771933	107	36	2	1	1	1	NA	NA	NA	unphased	0.81209113467178	0.81209113467178	1
1	104203008	104203009	51	18	2	1	1	1	NA	NA	NA	unphased	0.841514726507714	0.841514726507714	1
1	150131408	150131409	99	52	2.2	2	2	0.1	1	1	0.9	unphased	1.17974791711173	1.17974791711173	1
1	150201428	150201429	99	52	2.2	2	2	0.1	1	1	0.9	unphased	1.17974791711173	1.17974791711173	1
1	152187937	152187938	230	50	2.2	2	2	0.1	1	1	0.9	unphased	0.611751152073733	0.611751152073733	1
1	152285922	152285923	298	119	2.2	2	2	0.1	1	1	0.9	unphased	0.977628220004642	0.977628220004642	1
1	154461699	154461700	45	33	2.2	2	2	0.1	1	1	0.9	unphased	1.44937965260546	1.31761786600496	1.1
1	156911686	156911687	86	59	2.2	2	2	0.1	1	1	0.9	unphased	1.3939488320356	1.26722621094145	1.1
1	158913668	158913669	80	19	2.2	2	2	0.1	1	1	0.9	unphased	0.657478005865103	0.657478005865103	1
1	162353079	162353080	23	13	2.2	2	2	0.1	1	1	0.9	unphased	1.23709677419355	1.23709677419355	1
1	165398197	165398198	29	11	2.2	2	2	0.1	1	1	0.9	unphased	0.942096774193549	0.942096774193549	1
1	169816849	169816850	131	61	2.2	2	2	0.1	1	1	0.9	unphased	1.08840725806452	1.08840725806452	1
1	170699422	170699423	272	131	2.2	2	2	0.1	1	1	0.9	unphased	1.11359961578484	1.11359961578484	1
1	176927510	176927511	72	47	2.2	2	2	0.1	1	1	0.9	unphased	1.35304960693955	1.23004509721777	1.1
1	177250276	177250277	90	45	2.2	2	2	0.1	1	1	0.9	unphased	1.14193548387097	1.14193548387097	1
1	180910190	180910191	21	13	2.2	2	2	0.1	1	1	0.9	unphased	1.30986717267552	1.30986717267552	1
1	197112094	197112095	153	26	2.2	2	2	0.1	1	1	0.9	unphased	0.497603171742656	0.497603171742656	1
1	203012562	203012563	31	11	2.2	2	2	0.1	1	1	0.9	unphased	0.897235023041475	0.897235023041475	1
1	205156671	205156672	49	25	2.2	2	2	0.1	1	1	0.9	unphased	1.15736704446382	1.15736704446382	1
1	208390424	208390425	124	75	2.2	2	2	0.1	1	1	0.9	unphased	1.29113308477873	1.17375734979885	1.1
1	220088834	220088835	324	143	2.2	2	2	0.1	1	1	0.9	unphased	1.04901568004421	1.04901568004421	1
1	226485449	226485450	123	67	2.2	2	2	0.1	1	1	0.9	unphased	1.20804753820034	1.09822503472758	1.1
1	237604626	237604627	53	28	2.2	2	2	0.1	1	1	0.9	unphased	1.184229390681	1.184229390681	1
1	237664017	237664018	278	126	2.2	2	2	0.1	1	1	0.9	unphased	1.06844458639412	1.06844458639412	1
1	237870569	237870570	9	10	2.2	2	2	0.1	1	1	0.9	unphased	1.80305602716469	1.63914184287699	1.1
1	248129592	248129593	97	34	NA	NA	NA	NA	NA	NA	NA	unphased	NA	NA	1
1	248367176	248367177	163	83	NA	NA	NA	NA	NA	NA	NA	unphased	NA	NA	1
10	7214463	7214464	35	13	4	2	2	1	NA	NA	NA	unphased	1.41532258064516	1.41532258064516	1
10	15254804	15254805	42	31	4	2	2	1	NA	NA	NA	unphased	2.21917808219178	1.10958904109589	2
10	16948340	16948341	115	54	4	2	2	1	NA	NA	NA	unphased	1.66978430998282	0.834892154991411	2
10	27538142	27538143	107	70	4	2	2	1	NA	NA	NA	unphased	2.06670311645708	1.03335155822854	2
10	42965715	42965716	7	5	4	2	2	1	NA	NA	NA	unphased	2.17741935483871	2.17741935483871	1
10	43606769	43606770	141	55	4	2	2	1	NA	NA	NA	unphased	1.46642527978934	0.733212639894668	2
10	70154112	70154113	97	23	2.28	2	2	0.14	1	1	0.86	unphased	0.67194623655914	0.67194623655914	1
10	71142368	71142369	43	27	2.28	2	2	0.14	1	1	0.86	unphased	1.35223963133641	1.18617511520737	1.14
10	72298676	72298677	114	71	2.28	2	2	0.14	1	1	0.86	unphased	1.3454716652136	1.18023830281895	1.14
10	73553130	73553131	78	38	2.28	2	2	0.14	1	1	0.86	unphased	1.14845383759733	1.14845383759733	1
10	78713661	78713662	80	39	2.28	2	2	0.14	1	1	0.86	unphased	1.14896177825969	1.14896177825969	1
10	79784816	79784817	134	70	2.28	2	2	0.14	1	1	0.86	unphased	1.20297280202404	1.05523930002108	1.14
10	94594582	94594583	62	43	2.28	2	2	0.14	1	1	0.86	unphased	1.43571121351767	1.25939580133129	1.14
10	98741349	98741350	89	49	2.28	2	2	0.14	1	1	0.86	unphased	1.24481533426835	1.09194327567399	1.14
10	103281467	103281468	79	37	2.28	2	2	0.14	1	1	0.86	unphased	1.11823136818687	1.11823136818687	1
10	103587001	103587002	98	54	2.28	2	2	0.14	1	1	0.86	unphased	1.24548387096774	1.09252971137521	1.14
10	104157746	104157747	231	36	2.28	2	2	0.14	1	1	0.86	unphased	0.472693004711852	0.472693004711852	1
10	106916928	106916929	83	39	2.28	2	2	0.14	1	1	0.86	unphased	1.1207086197779	1.1207086197779	1
10	115636689	115636690	80	35	2.28	2	2	0.14	1	1	0.86	unphased	1.06698457223001	1.06698457223001	1
10	116038541	116038542	103	65	2.28	2	2	0.14	1	1	0.86	unphased	1.35641321044547	1.18983614951357	1.14
10	120801568	120801569	80	49	2.28	2	2	0.14	1	1	0.86	unphased	1.33166291572893	1.1681253646745	1.14
10	131671760	131671761	71	39	2.28	2	2	0.14	1	1	0.86	unphased	1.24296774193548	1.24296774193548	1
11	294776	294777	70	6	NA	NA	NA	NA	NA	NA	NA	unphased	NA	NA	1
11	678762	678763	45	67	1	2	0	0	0	1	1	unphased	1.33150921658986	1.33150921658986	1
11	720163	720164	22	30	1	2	0	0	0	1	1	unphased	1.28411910669975	1.28411910669975	1
11	6498239	6498240	4	9	1	2	0	0	0	1	1	unphased	1.5409429280397	1.5409429280397	1
11	21581883	21581884	34	34	1	2	0	0	0	1	1	unphased	1.11290322580645	1.11290322580645	1
11	51412241	51412242	51	9	3	2	1	1	NA	NA	NA	unphased	0.633870967741935	0.633870967741935	1
11	51515940	51515941	88	24	3	2	1	1	NA	NA	NA	unphased	0.905529953917051	0.905529953917051	1
11	55063101	55063102	25	10	3	2	1	1	NA	NA	NA	unphased	1.2073732718894	1.2073732718894	1
11	55063103	55063104	26	10	3	2	1	1	NA	NA	NA	unphased	1.17383512544803	1.17383512544803	1
11	55579098	55579099	266	70	3	2	1	1	NA	NA	NA	unphased	0.880376344086022	0.880376344086022	1
11	57982930	57982931	81	49	3	2	1	1	NA	NA	NA	unphased	1.59280397022332	0.796401985111662	2
11	61042020	61042021	107	17	3	2	1	1	NA	NA	NA	unphased	0.579344432882414	0.579344432882414	1
11	61084006	61084007	208	57	3	2	1	1	NA	NA	NA	unphased	0.908947048082775	0.908947048082775	1
11	61096851	61096852	125	40	3	2	1	1	NA	NA	NA	unphased	1.02443792766373	1.02443792766373	1
11	61099117	61099118	79	23	3	2	1	1	NA	NA	NA	unphased	0.952877925363694	0.952877925363694	1
11	63177394	63177395	15	26	3	2	1	1	NA	NA	NA	unphased	2.67977970102282	1.33988985051141	2
11	67818086	67818087	165	28	3	2	1	1	NA	NA	NA	unphased	0.613070366037105	0.613070366037105	1
11	77921419	77921420	110	23	3	2	1	1	NA	NA	NA	unphased	0.73077855930148	0.73077855930148	1
11	89402665	89402666	50	16	3	2	1	1	NA	NA	NA	unphased	1.02443792766373	1.02443792766373	1
11	92086456	92086457	25	5	3	2	1	1	NA	NA	NA	unphased	0.704301075268817	0.704301075268817	1
11	94731652	94731653	23	17	3	2	1	1	NA	NA	NA	unphased	1.79596774193548	0.897983870967742	2
11	119290114	119290115	46	6	3	2	1	1	NA	NA	NA	unphased	0.487593052109181	0.487593052109181	1
11	124946669	124946670	76	22	3	2	1	1	NA	NA	NA	unphased	0.948650427913101	0.948650427913101	1
11	128391815	128391816	55	38	3	2	1	1	NA	NA	NA	unphased	1.72667360388484	0.863336801942421	2
11	131781261	131781262	9	12	3	2	1	1	NA	NA	NA	unphased	2.4147465437788	1.2073732718894	2
12	5155013	5155014	25	58	5	5	0	1	NA	NA	NA	unphased	4.35056354450058	1.08764088612515	4
12	6859919	6859920	14	73	5	5	0	1	NA	NA	NA	unphased	5.2239525398591	1.04479050797182	5
12	9243989	9243990	126	23	5	5	0	1	NA	NA	NA	unphased	0.961030526087898	0.961030526087898	1
12	9251202	9251203	2	11	5	5	0	1	NA	NA	NA	unphased	5.26799007444169	1.05359801488834	5
12	9317927	9317928	21	58	5	5	0	1	NA	NA	NA	unphased	4.57084524295631	0.914169048591262	5
12	25378561	25378562	21	101	5	5	0	1	NA	NA	NA	unphased	5.15415124272872	1.03083024854574	5
12	29920850	29920851	36	99	5	5	0	1	NA	NA	NA	unphased	4.56559139784946	0.913118279569892	5
12	40734099	40734100	107	121	2	2	0	1	NA	NA	NA	unphased	1.71194114318053	0.855970571590266	2
12	52200402	52200403	21	117	6	6	0	1	NA	NA	NA	unphased	6.12622720897616	1.02103786816269	6
12	53071242	53071243	29	112	6	6	0	1	NA	NA	NA	unphased	5.73964767787692	0.956607946312819	6
12	56231059	56231060	63	265	6	6	0	1	NA	NA	NA	unphased	5.83792289535799	0.972987149226331	6
12	58201180	58201181	37	157	6	6	0	1	NA	NA	NA	unphased	5.84768872630529	0.974614787717548	6
12	69158526	69158527	49	69	2	2	0	1	NA	NA	NA	unphased	1.88627665390924	0.94313832695462	2
12	75444826	75444827	127	5	2	2	0	1	NA	NA	NA	unphased	0.122189638318671	0.122189638318671	1
12	81101729	81101730	47	12	2	2	0	1	NA	NA	NA	unphased	0.656096227446692	0.656096227446692	1
12	111744884	111744885	14	21	2	2	0	1	NA	NA	NA	unphased	1.93548387096774	0.967741935483871	2
12	123089594	123089595	12	13	2	2	0	1	NA	NA	NA	unphased	1.67741935483871	0.838709677419355	2
13	36401829	36401830	130	36	3	2	1	1	NA	NA	NA	unphased	0.916439953361834	0.916439953361834	1
13	38357160	38357161	83	16	3	2	1	1	NA	NA	NA	unphased	0.68295861844249	0.68295861844249	1
13	43935495	43935496	92	75	3	2	1	1	NA	NA	NA	unphased	1.89781726868843	0.948908634344215	2
13	92345503	92345504	111	28	3	2	1	1	NA	NA	NA	unphased	0.851241587375261	0.851241587375261	1
13	95899971	95899972	62	45	3	2	1	1	NA	NA	NA	unphased	1.77720832077178	0.888604160385891	2
13	102105125	102105126	22	30	3	2	1	1	NA	NA	NA	unphased	2.43796526054591	1.21898263027295	2
13	109475527	109475528	135	44	3	2	1	1	NA	NA	NA	unphased	1.03874571994954	1.03874571994954	1
13	110827078	110827079	193	103	3	2	1	1	NA	NA	NA	unphased	1.47046643417611	0.735233217088056	2
14	22592099	22592100	69	43	4	2	2	1	NA	NA	NA	unphased	2.00633640552995	1.00316820276498	2
14	23863353	23863354	100	50	4	2	2	1	NA	NA	NA	unphased	1.74193548387097	0.870967741935484	2
14	45716192	45716193	77	55	3	2	1	1	NA	NA	NA	unphased	1.76075268817204	0.880376344086022	2
14	50074327	50074328	96	24	3	2	1	1	NA	NA	NA	unphased	0.845161290322581	0.845161290322581	1
14	63747807	63747808	82	21	3	2	1	1	NA	NA	NA	unphased	0.861572189163796	0.861572189163796	1
14	71197545	71197546	44	20	3	2	1	1	NA	NA	NA	unphased	1.32056451612903	1.32056451612903	1
14	74083827	74083828	216	130	3	2	1	1	NA	NA	NA	unphased	1.58773074771583	0.793865373857915	2
14	75019618	75019619	16	16	3	2	1	1	NA	NA	NA	unphased	2.11290322580645	1.05645161290323	2
14	80669423	80669424	33	20	3	2	1	1	NA	NA	NA	unphased	1.59464394400487	0.797321972002435	2
14	90782972	90782973	232	77	3	2	1	1	NA	NA	NA	unphased	1.05303267564464	1.05303267564464	1
14	94067066	94067067	30	23	3	2	1	1	NA	NA	NA	unphased	1.8338405356056	0.9169202678028	2
14	94914914	94914915	298	86	3	2	1	1	NA	NA	NA	unphased	0.946404569892473	0.946404569892473	1
14	95058669	95058670	53	64	3	2	1	1	NA	NA	NA	unphased	2.31155224703612	1.15577612351806	2
14	95921951	95921952	250	42	3	2	1	1	NA	NA	NA	unphased	0.607821475916924	0.607821475916924	1
14	100615315	100615316	93	13	3	2	1	1	NA	NA	NA	unphased	0.518259281801582	0.518259281801582	1
14	102973213	102973214	17	16	3	2	1	1	NA	NA	NA	unphased	2.04887585532747	1.02443792766373	2
14	104123945	104123946	112	12	3	2	1	1	NA	NA	NA	unphased	0.40894901144641	0.40894901144641	1
15	22873412	22873413	6	3	NA	NA	NA	NA	NA	NA	NA	unphased	NA	NA	1
15	25449567	25449568	194	133	2.32	2	2	0.16	1	1	0.84	unphased	1.4421781592187	1.24325703380923	1.16
15	33603216	33603217	7	6	2.32	2	2	0.16	1	1	0.84	unphased	1.63652605459057	1.63652605459057	1
15	33603234	33603235	16	10	2.32	2	2	0.16	1	1	0.84	unphased	1.36377171215881	1.36377171215881	1
15	34648660	34648661	96	42	2.32	2	2	0.16	1	1	0.84	unphased	1.07915848527349	1.07915848527349	1
15	40462862	40462863	77	12	2.32	2	2	0.16	1	1	0.84	unphased	0.478086263138818	0.478086263138818	1
15	42058760	42058761	165	22	2.32	2	2	0.16	1	1	0.84	unphased	0.417153700189753	0.417153700189753	1
15	45557791	45557792	152	14	2.32	2	2	0.16	1	1	0.84	unphased	0.299043917605907	0.299043917605907	1
15	48063495	48063496	158	62	2.32	2	2	0.16	1	1	0.84	unphased	0.999272727272727	0.999272727272727	1
15	48063496	48063497	159	64	2.32	2	2	0.16	1	1	0.84	unphased	1.01763055113554	1.01763055113554	1
15	49431797	49431798	76	49	2.32	2	2	0.16	1	1	0.84	unphased	1.38995612903226	1.19823804226919	1.16
15	65499137	65499138	209	44	2.32	2	2	0.16	1	1	0.84	unphased	0.616661991584853	0.616661991584853	1
15	68500661	68500662	171	35	2.32	2	2	0.16	1	1	0.84	unphased	0.602442843720639	0.602442843720639	1
15	74654232	74654233	68	34	2.32	2	2	0.16	1	1	0.84	unphased	1.18193548387097	1.18193548387097	1
15	79177319	79177320	59	31	2.32	2	2	0.16	1	1	0.84	unphased	1.22133333333333	1.22133333333333	1
15	83807848	83807849	10	3	2.32	2	2	0.16	1	1	0.84	unphased	0.818263027295285	0.818263027295285	1
15	88524524	88524525	51	22	2.32	2	2	0.16	1	1	0.84	unphased	1.06859920459567	1.06859920459567	1
15	88669515	88669516	64	24	2.32	2	2	0.16	1	1	0.84	unphased	0.967038123167155	0.967038123167155	1
16	814686	814687	83	118	3	3	0	1	NA	NA	NA	unphased	2.4808216979618	0.826940565987268	3
16	31368683	31368684	4	11	2	2	0	1	NA	NA	NA	unphased	2.36559139784946	1.18279569892473	2
16	53503960	53503961	65	16	1.06	2	1	0.03	0	1	0.97	unphased	0.451517323775388	0.451517323775388	1
16	56701271	56701272	67	16	1.06	2	1	0.03	0	1	0.97	unphased	0.440637388262728	0.440637388262728	1
16	61687552	61687553	66	61	1.06	2	1	0.03	0	1	0.97	unphased	1.09790703581407	1.09790703581407	1
16	61854976	61854977	76	16	1.06	2	1	0.03	0	1	0.97	unphased	0.397531556802244	0.397531556802244	1
17	3181333	3181334	31	58	2	2	0	1	NA	NA	NA	unphased	2.10221094599493	1.05110547299746	2
17	3785656	3785657	92	9	2	2	0	1	NA	NA	NA	unphased	0.287448099648675	0.287448099648675	1
17	4451461	4451462	25	35	2	2	0	1	NA	NA	NA	unphased	1.88172043010753	0.940860215053763	2
17	4796590	4796591	44	11	2	2	0	1	NA	NA	NA	unphased	0.645161290322581	0.645161290322581	1
17	5993694	5993695	27	35	2	2	0	1	NA	NA	NA	unphased	1.8210197710718	0.9105098855359	2
17	6328912	6328913	59	65	2	2	0	1	NA	NA	NA	unphased	1.69094693028096	0.845473465140479	2
17	6386988	6386989	24	40	2	2	0	1	NA	NA	NA	unphased	2.01612903225806	1.00806451612903	2
17	7577609	7577610	23	30	2	2	0	1	NA	NA	NA	unphased	1.82592818015825	0.912964090079123	2
17	10439913	10439914	9	15	2	2	0	1	NA	NA	NA	unphased	2.01612903225806	1.00806451612903	2
17	25746876	25746877	21	4	3	2	1	1	NA	NA	NA	unphased	0.676129032258065	0.676129032258065	1
17	30192422	30192423	57	51	3	2	1	1	NA	NA	NA	unphased	1.99551971326165	0.997759856630824	2
17	38245465	38245466	98	28	3	2	1	1	NA	NA	NA	unphased	0.939068100358423	0.939068100358423	1
17	38552627	38552628	74	16	3	2	1	1	NA	NA	NA	unphased	0.751254480286738	0.751254480286738	1
17	39661335	39661336	78	12	3	2	1	1	NA	NA	NA	unphased	0.563440860215054	0.563440860215054	1
17	40996620	40996621	331	267	3	2	1	1	NA	NA	NA	unphased	1.88677311468335	0.943386557341677	2
17	42336629	42336630	36	13	3	2	1	1	NA	NA	NA	unphased	1.1211323238973	1.1211323238973	1
17	45788014	45788015	91	19	3	2	1	1	NA	NA	NA	unphased	0.729912023460411	0.729912023460411	1
17	48628451	48628452	40	8	3	2	1	1	NA	NA	NA	unphased	0.704301075268817	0.704301075268817	1
17	48685362	48685363	12	3	3	2	1	1	NA	NA	NA	unphased	0.845161290322581	0.845161290322581	1
17	60767342	60767343	28	14	3	2	1	1	NA	NA	NA	unphased	1.40860215053763	1.40860215053763	1
17	61613302	61613303	26	20	3	2	1	1	NA	NA	NA	unphased	1.83730715287518	0.918653576437588	2
17	68128829	68128830	58	45	3	2	1	1	NA	NA	NA	unphased	1.84622611963671	0.923113059818353	2
17	73887248	73887249	75	30	3	2	1	1	NA	NA	NA	unphased	1.2073732718894	1.2073732718894	1
17	77082390	77082391	53	29	3	2	1	1	NA	NA	NA	unphased	1.49449252557042	0.747246262785209	2
17	78219000	78219001	39	34	3	2	1	1	NA	NA	NA	unphased	1.96818382677861	0.984091913389306	2
18	8784096	8784097	56	27	1	1	0	1	NA	NA	NA	unphased	0.724057520404197	0.724057520404197	1
18	13826675	13826676	67	51	1	1	0	1	NA	NA	NA	unphased	0.962001093493712	0.962001093493712	1
18	28993426	28993427	51	69	1	1	0	1	NA	NA	NA	unphased	1.27983870967742	1.27983870967742	1
18	29027856	29027857	11	13	1	1	0	1	NA	NA	NA	unphased	1.20564516129032	1.20564516129032	1
18	30275469	30275470	22	17	1	1	0	1	NA	NA	NA	unphased	0.970223325062035	0.970223325062035	1
18	44260212	44260213	47	35	1	1	0	1	NA	NA	NA	unphased	0.950039339103068	0.950039339103068	1
18	47527657	47527658	47	27	1	1	0	1	NA	NA	NA	unphased	0.812118570183086	0.812118570183086	1
19	881703	881704	51	77	2	2	0	1	NA	NA	NA	unphased	1.94052419354839	0.970262096774194	2
19	1221227	1221228	6	15	2	2	0	1	NA	NA	NA	unphased	2.30414746543779	1.15207373271889	2
19	9076247	9076248	60	60	2	2	0	1	NA	NA	NA	unphased	1.61290322580645	0.806451612903226	2
19	10610342	10610343	18	24	2	2	0	1	NA	NA	NA	unphased	1.84331797235023	0.921658986175115	2
19	16275586	16275587	23	38	2	2	0	1	NA	NA	NA	unphased	2.00951877313591	1.00475938656795	2
19	22846653	22846654	4	13	2	2	0	1	NA	NA	NA	unphased	2.46679316888046	1.23339658444023	2
19	23405523	23405524	21	25	2	2	0	1	NA	NA	NA	unphased	1.7531556802244	0.876577840112202	2
19	36340262	36340263	9	17	2	2	0	1	NA	NA	NA	unphased	2.10918114143921	1.0545905707196	2
19	42525510	42525511	13	8	2	2	0	1	NA	NA	NA	unphased	1.22887864823349	1.22887864823349	1
19	43674208	43674209	47	55	2	2	0	1	NA	NA	NA	unphased	1.73940543959519	0.869702719797596	2
19	50148668	50148669	51	54	2	2	0	1	NA	NA	NA	unphased	1.65898617511521	0.829493087557604	2
19	51918828	51918829	101	156	2	2	0	1	NA	NA	NA	unphased	1.95807706790511	0.979038533952554	2
19	55671279	55671280	39	48	2	2	0	1	NA	NA	NA	unphased	1.7797552836485	0.889877641824249	2
19	56895923	56895924	27	27	2	2	0	1	NA	NA	NA	unphased	1.61290322580645	0.806451612903226	2
19	57723653	57723654	31	33	2	2	0	1	NA	NA	NA	unphased	1.6633064516129	0.831653225806452	2
19	58350456	58350457	27	33	2	2	0	1	NA	NA	NA	unphased	1.7741935483871	0.887096774193548	2
2	12880877	12880878	50	41	1.02	2	1	0.01	0	1	0.99	unphased	1.0118468628146	1.0118468628146	1
2	21232871	21232872	102	80	1.02	2	1	0.01	0	1	0.99	unphased	0.987167671038639	0.987167671038639	1
2	26705388	26705389	86	50	1.02	2	1	0.01	0	1	0.99	unphased	0.825664136622391	0.825664136622391	1
2	27375603	27375604	70	14	1.02	2	1	0.01	0	1	0.99	unphased	0.374301075268817	0.374301075268817	1
2	31181309	31181310	101	17	1.02	2	1	0.01	0	1	0.99	unphased	0.323548387096774	0.323548387096774	1
2	32417449	32417450	109	23	1.02	2	1	0.01	0	1	0.99	unphased	0.391314760508309	0.391314760508309	1
2	39088701	39088702	114	32	1.02	2	1	0.01	0	1	0.99	unphased	0.492231551038445	0.492231551038445	1
2	44565503	44565504	58	12	1.02	2	1	0.01	0	1	0.99	unphased	0.384995391705069	0.384995391705069	1
2	46808291	46808292	21	23	3	2	1	1	NA	NA	NA	unphased	2.20894428152493	1.10447214076246	2
2	63631475	63631476	59	49	1.02	2	1	0.01	0	1	0.99	unphased	1.01893070489845	1.01893070489845	1
2	69784101	69784102	40	10	1.02	2	1	0.01	0	1	0.99	unphased	0.449161290322581	0.449161290322581	1
2	79314757	79314758	22	4	1.02	2	1	0.01	0	1	0.99	unphased	0.345508684863524	0.345508684863524	1
2	89544265	89544266	108	19	1.02	2	1	0.01	0	1	0.99	unphased	0.335986791973584	0.335986791973584	1
2	90139529	90139530	128	17	1.02	2	1	0.01	0	1	0.99	unphased	0.263301446051168	0.263301446051168	1
2	90193359	90193360	54	14	1.02	2	1	0.01	0	1	0.99	unphased	0.462371916508539	0.462371916508539	1
2	90193360	90193361	52	14	1.02	2	1	0.01	0	1	0.99	unphased	0.476383186705767	0.476383186705767	1
2	96799186	96799187	140	36	1.02	2	1	0.01	0	1	0.99	unphased	0.459369501466276	0.459369501466276	1
2	97866196	97866197	17	4	1.02	2	1	0.01	0	1	0.99	unphased	0.427772657450077	0.427772657450077	1
2	100627996	100627997	158	36	1.02	2	1	0.01	0	1	0.99	unphased	0.416747588959095	0.416747588959095	1
2	102789250	102789251	41	18	1.02	2	1	0.01	0	1	0.99	unphased	0.685161290322581	0.685161290322581	1
2	151326621	151326622	87	84	3	2	1	1	NA	NA	NA	unphased	2.07583474816072	1.03791737408036	2
2	165796038	165796039	36	23	3	2	1	1	NA	NA	NA	unphased	1.6473482777474	0.823674138873702	2
2	168098401	168098402	108	62	3	2	1	1	NA	NA	NA	unphased	1.54117647058824	0.770588235294118	2
2	179477786	179477787	53	13	3	2	1	1	NA	NA	NA	unphased	0.832355816226784	0.832355816226784	1
2	185802438	185802439	65	15	3	2	1	1	NA	NA	NA	unphased	0.792338709677419	0.792338709677419	1
2	200246415	200246416	107	39	3	2	1	1	NA	NA	NA	unphased	1.12881131241715	1.12881131241715	1
2	202671361	202671362	9	4	3	2	1	1	NA	NA	NA	unphased	1.30024813895782	1.30024813895782	1
2	211541794	211541795	181	48	3	2	1	1	NA	NA	NA	unphased	0.885758557543316	0.885758557543316	1
2	215812270	215812271	64	9	3	2	1	1	NA	NA	NA	unphased	0.520989836500221	0.520989836500221	1
2	231973146	231973147	7	6	3	2	1	1	NA	NA	NA	unphased	1.95037220843672	1.95037220843672	1
2	233199124	233199125	18	18	3	2	1	1	NA	NA	NA	unphased	2.11290322580645	1.05645161290323	2
2	238820226	238820227	34	31	3	2	1	1	NA	NA	NA	unphased	2.01538461538462	1.00769230769231	2
2	241631417	241631418	71	20	3	2	1	1	NA	NA	NA	unphased	0.928748670684155	0.928748670684155	1
2	241631418	241631419	71	19	3	2	1	1	NA	NA	NA	unphased	0.892114695340502	0.892114695340502	1
20	34487408	34487409	56	33	1.06	2	1	0.03	0	1	0.97	unphased	0.847546212395796	0.847546212395796	1
20	40116399	40116400	87	57	1.06	2	1	0.03	0	1	0.97	unphased	0.904798387096774	0.904798387096774	1
20	40116400	40116401	87	57	1.06	2	1	0.03	0	1	0.97	unphased	0.904798387096774	0.904798387096774	1
20	57415373	57415374	89	32	1.06	2	1	0.03	0	1	0.97	unphased	0.604510797120768	0.604510797120768	1
20	57768207	57768208	6	8	1.06	2	1	0.03	0	1	0.97	unphased	1.30617511520737	1.30617511520737	1
21	10951293	10951294	89	35	NA	NA	NA	NA	NA	NA	NA	unphased	NA	NA	1
21	10951294	10951295	89	34	NA	NA	NA	NA	NA	NA	NA	unphased	NA	NA	1
22	28196354	28196355	35	58	3	3	0	1	NA	NA	NA	unphased	2.63544918487686	0.878483061625622	3
22	32586719	32586720	44	78	3	3	0	1	NA	NA	NA	unphased	2.70174510840825	0.90058170280275	3
22	46611142	46611143	14	51	3	3	0	1	NA	NA	NA	unphased	3.31563275434243	1.10521091811414	3
3	3076338	3076339	25	44	2	2	0	1	NA	NA	NA	unphased	2.05703599812997	1.02851799906498	2
3	14940268	14940269	4	6	2	2	0	1	NA	NA	NA	unphased	1.93548387096774	1.93548387096774	1
3	32586468	32586469	50	62	2	2	0	1	NA	NA	NA	unphased	1.78571428571429	0.892857142857143	2
3	33863557	33863558	44	13	2	2	0	1	NA	NA	NA	unphased	0.735710243350311	0.735710243350311	1
3	48612516	48612517	24	46	2	2	0	1	NA	NA	NA	unphased	2.11981566820277	1.05990783410138	2
3	51752134	51752135	77	82	2	2	0	1	NA	NA	NA	unphased	1.66362345303307	0.831811726516535	2
3	52439223	52439224	75	116	2	2	0	1	NA	NA	NA	unphased	1.95912852558689	0.979564262793447	2
3	52442491	52442492	10	3	2	2	0	1	NA	NA	NA	unphased	0.744416873449132	0.744416873449132	1
3	98188518	98188519	92	162	3	3	0	1	NA	NA	NA	unphased	2.69519939039878	0.898399796799594	3
3	111632706	111632707	7	15	3	3	0	1	NA	NA	NA	unphased	2.88123167155425	0.960410557184751	3
3	118647442	118647443	25	55	3	3	0	1	NA	NA	NA	unphased	2.90524193548387	0.968413978494624	3
3	122170439	122170440	47	81	3	3	0	1	NA	NA	NA	unphased	2.67414314516129	0.891381048387097	3
3	126915770	126915771	25	83	3	3	0	1	NA	NA	NA	unphased	3.24761051373955	1.08253683791318	3
3	149678820	149678821	30	76	3	3	0	1	NA	NA	NA	unphased	3.02982349360925	1.00994116453642	3
3	154860026	154860027	99	56	3	3	0	1	NA	NA	NA	unphased	1.5267429760666	0.763371488033299	2
3	157818061	157818062	67	5	3	3	0	1	NA	NA	NA	unphased	0.293458781362007	0.293458781362007	1
3	170108087	170108088	45	94	3	3	0	1	NA	NA	NA	unphased	2.85773961475981	0.952579871586602	3
3	183705646	183705647	31	45	3	3	0	1	NA	NA	NA	unphased	2.50212224108659	0.834040747028863	3
4	420722	420723	14	2	NA	NA	NA	NA	NA	NA	NA	unphased	NA	NA	1
4	1957493	1957494	29	10	2	1	1	1	NA	NA	NA	unphased	0.827129859387924	0.827129859387924	1
4	2956196	2956197	114	55	2	1	1	1	NA	NA	NA	unphased	1.04981866768467	1.04981866768467	1
4	39271646	39271647	58	25	2	1	1	1	NA	NA	NA	unphased	0.971628449280995	0.971628449280995	1
4	43032599	43032600	37	14	2	1	1	1	NA	NA	NA	unphased	0.885515496521189	0.885515496521189	1
4	54232020	54232021	38	25	2	1	1	1	NA	NA	NA	unphased	1.28008192524322	1.28008192524322	1
4	57181920	57181921	37	17	2	1	1	1	NA	NA	NA	unphased	1.01553166069295	1.01553166069295	1
4	57215534	57215535	140	7	2	1	1	1	NA	NA	NA	unphased	0.153609831029186	0.153609831029186	1
4	68930430	68930431	65	30	2	1	1	1	NA	NA	NA	unphased	1.01867572156197	1.01867572156197	1
4	77675914	77675915	30	13	2	1	1	1	NA	NA	NA	unphased	0.975243810952738	0.975243810952738	1
4	88767145	88767146	42	18	2	1	1	1	NA	NA	NA	unphased	0.967741935483871	0.967741935483871	1
4	100063930	100063931	15	7	2	1	1	1	NA	NA	NA	unphased	1.02639296187683	1.02639296187683	1
4	104070560	104070561	33	8	2	1	1	1	NA	NA	NA	unphased	0.629425649095201	0.629425649095201	1
4	108566168	108566169	66	29	2	1	1	1	NA	NA	NA	unphased	0.984719864176571	0.984719864176571	1
4	141889012	141889013	77	42	2	1	1	1	NA	NA	NA	unphased	1.13851992409867	1.13851992409867	1
4	159572981	159572982	85	28	2	1	1	1	NA	NA	NA	unphased	0.799314872966029	0.799314872966029	1
4	164507068	164507069	26	11	2	1	1	1	NA	NA	NA	unphased	0.959023539668701	0.959023539668701	1
4	174169579	174169580	68	27	2	1	1	1	NA	NA	NA	unphased	0.916808149405772	0.916808149405772	1
4	178257372	178257373	86	28	2	1	1	1	NA	NA	NA	unphased	0.792303338992643	0.792303338992643	1
4	183696201	183696202	51	16	2	1	1	1	NA	NA	NA	unphased	0.770341839191141	0.770341839191141	1
5	5232578	5232579	158	74	4	2	2	1	NA	NA	NA	unphased	1.66685205784205	0.833426028921024	2
5	5463748	5463749	102	45	4	2	2	1	NA	NA	NA	unphased	1.59973666886109	0.799868334430547	2
5	11364946	11364947	76	31	2.2	2	2	0.1	1	1	0.9	unphased	0.992523364485981	0.992523364485981	1
5	21975205	21975206	143	63	5	3	2	1	NA	NA	NA	unphased	1.90400876918259	0.952004384591293	2
5	36105280	36105281	385	44	4.5	4	2	0.7	1	0	0.3	unphased	0.587262200165426	0.838946000236323	0.7
5	38425152	38425153	307	95	4.5	4	2	0.7	1	0	0.3	unphased	1.3531134649334	0.795949097019646	1.7
5	41160327	41160328	181	14	2	2	0	1	NA	NA	NA	unphased	0.231596360628619	0.231596360628619	1
5	79355629	79355630	234	11	2	2	0	1	NA	NA	NA	unphased	0.144832126398947	0.144832126398947	1
5	111091509	111091510	76	17	2	2	0	1	NA	NA	NA	unphased	0.589663544918488	0.589663544918488	1
5	121187856	121187857	15	17	2	2	0	1	NA	NA	NA	unphased	1.71370967741935	0.856854838709677	2
5	121402390	121402391	16	21	2	2	0	1	NA	NA	NA	unphased	1.8308631211857	0.915431560592851	2
5	130766775	130766776	133	5	2	2	0	1	NA	NA	NA	unphased	0.116877045348294	0.116877045348294	1
5	140589130	140589131	31	54	2	2	0	1	NA	NA	NA	unphased	2.04933586337761	1.0246679316888	2
5	146750235	146750236	59	63	2	2	0	1	NA	NA	NA	unphased	1.66578529878371	0.832892649391856	2
5	150276175	150276176	88	4	2	2	0	1	NA	NA	NA	unphased	0.140252454417952	0.140252454417952	1
5	175111082	175111083	38	45	2	2	0	1	NA	NA	NA	unphased	1.74893120870579	0.874465604352895	2
6	4892130	4892131	136	63	3.59	3	2	0.53	1	1	0.47	unphased	1.52460204247042	0.996471923183279	1.53
6	28116493	28116494	59	68	3.59	3	2	0.53	1	1	0.47	unphased	2.57854203708407	1.01918657592256	2.53
6	32975901	32975902	55	28	3.59	3	2	0.53	1	1	0.47	unphased	1.62460940536339	1.06183621265581	1.53
6	36260887	36260888	121	81	3.59	3	2	0.53	1	1	0.47	unphased	1.93109070584478	0.937422672740184	2.06
6	51613440	51613441	227	27	3.59	3	2	0.53	1	1	0.47	unphased	0.511916433832868	0.9658800638356	0.53
6	75827261	75827262	34	43	3	3	0	1	NA	NA	NA	unphased	2.3598659405111	1.17993297025555	2
6	80982856	80982857	21	32	3	3	0	1	NA	NA	NA	unphased	2.55143031040779	0.85047677013593	3
6	83898344	83898345	104	18	3	3	0	1	NA	NA	NA	unphased	0.623479640401904	0.623479640401904	1
6	87795418	87795419	4	5	3	3	0	1	NA	NA	NA	unphased	2.34767025089606	1.17383512544803	2
6	96651511	96651512	62	13	3	3	0	1	NA	NA	NA	unphased	0.73247311827957	0.73247311827957	1
6	102074442	102074443	43	72	3	3	0	1	NA	NA	NA	unphased	2.64572230014025	0.881907433380084	3
6	108225906	108225907	82	82	3	3	0	1	NA	NA	NA	unphased	2.11290322580645	1.05645161290323	2
6	128134687	128134688	50	98	3	3	0	1	NA	NA	NA	unphased	2.79816913687881	0.932723045626272	3
6	131962628	131962629	57	7	3	3	0	1	NA	NA	NA	unphased	0.462197580645161	0.462197580645161	1
6	132910780	132910781	36	82	3	3	0	1	NA	NA	NA	unphased	2.93657736468015	0.978859121560051	3
6	132966891	132966892	52	42	3	3	0	1	NA	NA	NA	unphased	1.88812628689087	0.944063143445436	2
6	139167809	139167810	192	252	2	2	0	1	NA	NA	NA	unphased	1.8308631211857	0.915431560592851	2
6	158914672	158914673	32	56	2	2	0	1	NA	NA	NA	unphased	2.05278592375367	1.02639296187683	2
7	901071	901072	93	46	4	2	2	1	NA	NA	NA	unphased	1.72940357391506	0.864701786957531	2
7	4167082	4167083	184	65	4	2	2	1	NA	NA	NA	unphased	1.36416634279052	0.682083171395259	2
7	11446938	11446939	18	14	4	2	2	1	NA	NA	NA	unphased	2.28629032258065	1.14314516129032	2
7	12263848	12263849	330	192	4	2	2	1	NA	NA	NA	unphased	1.92213570634038	0.961067853170189	2
7	16341065	16341066	38	10	4	2	2	1	NA	NA	NA	unphased	1.08870967741935	1.08870967741935	1
7	20762798	20762799	64	48	4	2	2	1	NA	NA	NA	unphased	2.23963133640553	1.11981566820277	2
7	37780618	37780619	210	105	4	2	2	1	NA	NA	NA	unphased	1.74193548387097	0.870967741935484	2
7	42004565	42004566	56	29	4	2	2	1	NA	NA	NA	unphased	1.78292220113852	0.89146110056926	2
7	56140736	56140737	85	42	4	2	2	1	NA	NA	NA	unphased	1.72821945643891	0.864109728219457	2
7	73020021	73020022	15	10	2.24	2	2	0.12	1	1	0.88	unphased	1.38632258064516	1.38632258064516	1
7	73668670	73668671	12	8	2.24	2	2	0.12	1	1	0.88	unphased	1.38632258064516	1.38632258064516	1
7	88966214	88966215	306	148	2.24	2	2	0.12	1	1	0.88	unphased	1.12982236748614	1.00876997096977	1.12
7	91603225	91603226	75	27	2.24	2	2	0.12	1	1	0.88	unphased	0.91741935483871	0.91741935483871	1
7	92763390	92763391	134	88	2.24	2	2	0.12	1	1	0.88	unphased	1.37383318802674	1.22663677502387	1.12
7	93108687	93108688	303	142	2.24	2	2	0.12	1	1	0.88	unphased	1.10594273287423	1.10594273287423	1
7	96339116	96339117	93	56	2.24	2	2	0.12	1	1	0.88	unphased	1.30258497510284	1.16302229919896	1.12
7	98257785	98257786	19	15	2.24	2	2	0.12	1	1	0.88	unphased	1.52903225806452	1.36520737327189	1.12
7	99802367	99802368	34	17	2.24	2	2	0.12	1	1	0.88	unphased	1.1552688172043	1.1552688172043	1
7	102236537	102236538	8	10	2.24	2	2	0.12	1	1	0.88	unphased	1.92544802867384	1.71915002560164	1.12
7	107236319	107236320	84	29	2.24	2	2	0.12	1	1	0.88	unphased	0.889454753068798	0.889454753068798	1
7	117267575	117267576	42	20	2.24	2	2	0.12	1	1	0.88	unphased	1.11800208116545	1.11800208116545	1
7	117400584	117400585	205	115	2.24	2	2	0.12	1	1	0.88	unphased	1.24552419354839	1.11207517281106	1.12
7	117874860	117874861	100	52	2.24	2	2	0.12	1	1	0.88	unphased	1.18567062818336	1.18567062818336	1
7	127252045	127252046	23	12	2.24	2	2	0.12	1	1	0.88	unphased	1.18827649769585	1.18827649769585	1
7	128492941	128492942	108	18	2.24	2	2	0.12	1	1	0.88	unphased	0.495115207373272	0.495115207373272	1
7	142562405	142562406	106	70	2.24	2	2	0.12	1	1	0.88	unphased	1.37844574780059	1.23075513196481	1.12
7	143510176	143510177	28	9	2.24	2	2	0.12	1	1	0.88	unphased	0.843034001743679	0.843034001743679	1
7	148851052	148851053	128	60	2.28	2	2	0.14	1	1	0.86	unphased	1.11887439945093	1.11887439945093	1
7	149489533	149489534	13	14	2.28	2	2	0.14	1	1	0.86	unphased	1.81782556750299	1.59458383114297	1.14
7	149559128	149559129	141	76	2.28	2	2	0.14	1	1	0.86	unphased	1.2278400475695	1.07705267330658	1.14
7	150498673	150498674	68	27	2.28	2	2	0.14	1	1	0.86	unphased	0.996387096774194	0.996387096774194	1
7	150731914	150731915	35	17	2.28	2	2	0.14	1	1	0.86	unphased	1.14612903225806	1.14612903225806	1
7	154172095	154172096	73	34	2.38	2	2	0.19	1	1	0.81	unphased	1.14577027434429	1.14577027434429	1
8	6735417	6735418	19	15	2	2	0	1	NA	NA	NA	unphased	1.42314990512334	1.42314990512334	1
8	21984808	21984809	116	147	2	2	0	1	NA	NA	NA	unphased	1.80301729424752	0.901508647123758	2
8	51363264	51363265	50	17	3.2	3	2	0.4	1	1	0.6	unphased	1.12296581608089	1.12296581608089	1
8	53569770	53569771	89	22	3.2	3	2	0.4	1	1	0.6	unphased	0.877186864283638	0.877186864283638	1
8	59059079	59059080	57	30	3.2	3	2	0.4	1	1	0.6	unphased	1.52614015572859	1.09010011123471	1.4
8	64098920	64098921	51	58	3.2	3	2	0.4	1	1	0.6	unphased	2.35501627700503	0.981256782085429	2.4
8	77620021	77620022	33	23	2.88	3	1	0.44	1	1	0.56	unphased	1.6863133640553	0.896975193646436	1.88
8	87126053	87126054	308	106	2.88	3	1	0.44	1	1	0.56	unphased	1.05124513012311	1.05124513012311	1
8	101629908	101629909	122	153	2.88	3	1	0.44	1	1	0.56	unphased	2.28432140762463	0.936197298206817	2.44
8	113303802	113303803	59	7	3.68	4	1	0.56	1	1	0.44	unphased	0.520312805474096	0.929130009775171	0.56
8	113303803	113303804	59	7	3.68	4	1	0.56	1	1	0.44	unphased	0.520312805474096	0.929130009775171	0.56
8	113317141	113317142	18	19	3.68	4	1	0.56	1	1	0.44	unphased	2.519197907585	0.984061682650392	2.56
8	121457312	121457313	246	36	3.68	4	1	0.56	1	1	0.44	unphased	0.62627316403569	1.11834493577802	0.56
8	133984063	133984064	173	39	3.68	4	1	0.56	1	1	0.44	unphased	0.902483262325015	0.902483262325015	1
8	139635991	139635992	486	198	3.68	4	1	0.56	1	1	0.44	unphased	1.42010186757216	0.910321709982151	1.56
8	145689868	145689869	160	19	NA	NA	NA	NA	NA	NA	NA	unphased	NA	NA	1
9	6506174	6506175	70	25	2	2	0	1	NA	NA	NA	unphased	0.848896434634974	0.848896434634974	1
9	21206910	21206911	55	68	2	2	0	1	NA	NA	NA	unphased	1.7833726724364	0.891686336218201	2
9	33443782	33443783	32	21	2	2	0	1	NA	NA	NA	unphased	1.27814972611077	1.27814972611077	1
9	36633174	36633175	42	54	2	2	0	1	NA	NA	NA	unphased	1.81451612903226	0.907258064516129	2
9	37126465	37126466	66	112	2	2	0	1	NA	NA	NA	unphased	2.02972091337441	1.01486045668721	2
9	87635208	87635209	96	87	2	2	0	1	NA	NA	NA	unphased	1.53358011634056	0.76679005817028	2
9	94485905	94485906	34	31	2	2	0	1	NA	NA	NA	unphased	1.53846153846154	0.769230769230769	2
9	99083415	99083416	10	14	2	2	0	1	NA	NA	NA	unphased	1.88172043010753	0.940860215053763	2
9	100133894	100133895	10	28	2	2	0	1	NA	NA	NA	unphased	2.37691001697793	1.18845500848896	2
9	119582986	119582987	39	43	2	2	0	1	NA	NA	NA	unphased	1.69158143194335	0.845790715971676	2
9	132404235	132404236	14	21	2	2	0	1	NA	NA	NA	unphased	1.93548387096774	0.967741935483871	2
X	11187743	11187744	67	93	NA	NA	NA	NA	NA	NA	NA	unphased	NA	NA	1
X	16635338	16635339	194	51	NA	NA	NA	NA	NA	NA	NA	unphased	NA	NA	1
X	16635351	16635352	166	44	NA	NA	NA	NA	NA	NA	NA	unphased	NA	NA	1
X	18230694	18230695	42	75	NA	NA	NA	NA	NA	NA	NA	unphased	NA	NA	1
X	23704430	23704431	32	6	NA	NA	NA	NA	NA	NA	NA	unphased	NA	NA	1
X	40498350	40498351	46	57	NA	NA	NA	NA	NA	NA	NA	unphased	NA	NA	1
X	48399785	48399786	196	58	NA	NA	NA	NA	NA	NA	NA	unphased	NA	NA	1
X	48771796	48771797	50	13	NA	NA	NA	NA	NA	NA	NA	unphased	NA	NA	1
X	54280509	54280510	191	64	NA	NA	NA	NA	NA	NA	NA	unphased	NA	NA	1
X	57934537	57934538	132	35	NA	NA	NA	NA	NA	NA	NA	unphased	NA	NA	1
X	67733216	67733217	66	9	NA	NA	NA	NA	NA	NA	NA	unphased	NA	NA	1
X	67938320	67938321	39	5	NA	NA	NA	NA	NA	NA	NA	unphased	NA	NA	1
X	67938389	67938390	34	11	NA	NA	NA	NA	NA	NA	NA	unphased	NA	NA	1
X	68059565	68059566	49	15	NA	NA	NA	NA	NA	NA	NA	unphased	NA	NA	1
X	77284868	77284869	180	63	NA	NA	NA	NA	NA	NA	NA	unphased	NA	NA	1
X	79975053	79975054	62	21	NA	NA	NA	NA	NA	NA	NA	unphased	NA	NA	1
X	83695582	83695583	48	6	NA	NA	NA	NA	NA	NA	NA	unphased	NA	NA	1
X	84502437	84502438	6	10	NA	NA	NA	NA	NA	NA	NA	unphased	NA	NA	1
X	84562227	84562228	40	8	NA	NA	NA	NA	NA	NA	NA	unphased	NA	NA	1
X	91133669	91133670	171	25	NA	NA	NA	NA	NA	NA	NA	unphased	NA	NA	1
X	91134127	91134128	232	94	NA	NA	NA	NA	NA	NA	NA	unphased	NA	NA	1
X	91134128	91134129	234	92	NA	NA	NA	NA	NA	NA	NA	unphased	NA	NA	1
X	99920542	99920543	112	19	NA	NA	NA	NA	NA	NA	NA	unphased	NA	NA	1
X	99941665	99941666	66	23	NA	NA	NA	NA	NA	NA	NA	unphased	NA	NA	1
X	99956256	99956257	73	14	NA	NA	NA	NA	NA	NA	NA	unphased	NA	NA	1
X	100662854	100662855	220	29	NA	NA	NA	NA	NA	NA	NA	unphased	NA	NA	1
X	102003950	102003951	134	26	NA	NA	NA	NA	NA	NA	NA	unphased	NA	NA	1
X	102864702	102864703	20	3	NA	NA	NA	NA	NA	NA	NA	unphased	NA	NA	1
X	104463938	104463939	59	40	NA	NA	NA	NA	NA	NA	NA	unphased	NA	NA	1
X	106882521	106882522	266	178	NA	NA	NA	NA	NA	NA	NA	unphased	NA	NA	1
X	111090455	111090456	200	119	NA	NA	NA	NA	NA	NA	NA	unphased	NA	NA	1
X	118221890	118221891	363	94	NA	NA	NA	NA	NA	NA	NA	unphased	NA	NA	1
X	118893472	118893473	33	8	NA	NA	NA	NA	NA	NA	NA	unphased	NA	NA	1
X	119388003	119388004	114	33	NA	NA	NA	NA	NA	NA	NA	unphased	NA	NA	1
X	122765636	122765637	393	88	NA	NA	NA	NA	NA	NA	NA	unphased	NA	NA	1
X	123518549	123518550	232	49	NA	NA	NA	NA	NA	NA	NA	unphased	NA	NA	1
X	123538979	123538980	262	10	NA	NA	NA	NA	NA	NA	NA	unphased	NA	NA	1
X	123631015	123631016	71	15	NA	NA	NA	NA	NA	NA	NA	unphased	NA	NA	1
X	128692824	128692825	138	24	NA	NA	NA	NA	NA	NA	NA	unphased	NA	NA	1
X	130416667	130416668	158	22	NA	NA	NA	NA	NA	NA	NA	unphased	NA	NA	1
X	130678553	130678554	345	156	NA	NA	NA	NA	NA	NA	NA	unphased	NA	NA	1
X	132458434	132458435	566	127	NA	NA	NA	NA	NA	NA	NA	unphased	NA	NA	1
X	134186195	134186196	27	20	NA	NA	NA	NA	NA	NA	NA	unphased	NA	NA	1
X	135426944	135426945	85	42	NA	NA	NA	NA	NA	NA	NA	unphased	NA	NA	1
X	135618293	135618294	189	25	NA	NA	NA	NA	NA	NA	NA	unphased	NA	NA	1
X	135827427	135827428	405	226	NA	NA	NA	NA	NA	NA	NA	unphased	NA	NA	1
X	138708395	138708396	128	25	NA	NA	NA	NA	NA	NA	NA	unphased	NA	NA	1
X	142121946	142121947	5	4	NA	NA	NA	NA	NA	NA	NA	unphased	NA	NA	1
X	150154607	150154608	42	32	NA	NA	NA	NA	NA	NA	NA	unphased	NA	NA	1
X	151092808	151092809	220	62	NA	NA	NA	NA	NA	NA	NA	unphased	NA	NA	1
X	151821479	151821480	103	54	NA	NA	NA	NA	NA	NA	NA	unphased	NA	NA	1
X	151869628	151869629	168	87	NA	NA	NA	NA	NA	NA	NA	unphased	NA	NA	1
X	152826335	152826336	131	30	NA	NA	NA	NA	NA	NA	NA	unphased	NA	NA	1
X	153039399	153039400	155	44	NA	NA	NA	NA	NA	NA	NA	unphased	NA	NA	1
X	153171597	153171598	131	38	NA	NA	NA	NA	NA	NA	NA	unphased	NA	NA	1
X	153216378	153216379	583	96	NA	NA	NA	NA	NA	NA	NA	unphased	NA	NA	1
X	153217515	153217516	14	7	NA	NA	NA	NA	NA	NA	NA	unphased	NA	NA	1
X	153278821	153278822	53	28	NA	NA	NA	NA	NA	NA	NA	unphased	NA	NA	1
X	153664275	153664276	136	67	NA	NA	NA	NA	NA	NA	NA	unphased	NA	NA	1
X	154158631	154158632	189	45	NA	NA	NA	NA	NA	NA	NA	unphased	NA	NA	1
X	154467158	154467159	112	37	NA	NA	NA	NA	NA	NA	NA	unphased	NA	NA	1
