chr	start	end	WT.count	mut.count	subclonal.CN	nMaj1	nMin1	frac1	nMaj2	nMin2	frac2	phase	mutation.copy.number	subclonal.fraction	no.chrs.bearing.mut
1	8074509	8074510	29	7	3.64	3	1	0.82	1	1	0.18	unphased	1.26739837398374	1.26739837398374	1
1	8921447	8921448	39	24	3.64	3	1	0.82	1	1	0.18	unphased	2.48306620209059	0.94055537957977	2.64
1	10355737	10355738	81	12	3.64	3	1	0.82	1	1	0.18	unphased	0.841038552321007	0.841038552321007	1
1	11898430	11898431	75	10	3.64	3	1	0.82	1	1	0.18	unphased	0.766829268292683	0.766829268292683	1
1	12919053	12919054	111	69	3.64	3	1	0.82	1	1	0.18	unphased	2.49858536585366	0.946433850702143	2.64
1	15771156	15771157	34	28	3.64	3	1	0.82	1	1	0.18	unphased	2.94363493312352	1.0438421748665	2.82
1	16462190	16462191	82	16	3.64	3	1	0.82	1	1	0.18	unphased	1.0641712294674	1.0641712294674	1
1	17431488	17431489	29	21	3.64	3	1	0.82	1	1	0.18	unphased	2.73758048780488	0.970773222625843	2.82
1	17708502	17708503	72	12	3.64	3	1	0.82	1	1	0.18	unphased	0.931149825783972	0.931149825783972	1
1	20474845	20474846	69	7	3.64	3	1	0.82	1	1	0.18	unphased	0.600346598202824	0.600346598202824	1
1	22313087	22313088	44	13	3.64	3	1	0.82	1	1	0.18	unphased	1.48657252888318	1.48657252888318	1
1	22313088	22313089	44	13	3.64	3	1	0.82	1	1	0.18	unphased	1.48657252888318	1.48657252888318	1
1	32542877	32542878	95	18	4	3	1	1	NA	NA	NA	unphased	1.09561838981222	1.09561838981222	1
1	34123631	34123632	101	18	4	3	1	1	NA	NA	NA	unphased	1.04037712646034	1.04037712646034	1
1	35652666	35652667	56	10	4	3	1	1	NA	NA	NA	unphased	1.04212860310421	1.04212860310421	1
1	35653583	35653584	88	16	4	3	1	1	NA	NA	NA	unphased	1.05816135084428	1.05816135084428	1
1	35936473	35936474	41	27	4	3	1	1	NA	NA	NA	unphased	2.73098995695839	0.910329985652798	3
1	44468287	44468288	85	8	4	3	1	1	NA	NA	NA	unphased	0.591660110149489	0.591660110149489	1
1	44595231	44595232	73	46	4	3	1	1	NA	NA	NA	unphased	2.65874154539865	0.886247181799549	3
1	44595232	44595233	74	46	4	3	1	1	NA	NA	NA	unphased	2.63658536585366	0.878861788617886	3
1	46775890	46775891	58	14	4	3	1	1	NA	NA	NA	unphased	1.33739837398374	1.33739837398374	1
1	50661257	50661258	55	39	4	3	1	1	NA	NA	NA	unphased	2.85365853658537	0.951219512195122	3
1	52344172	52344173	28	5	4	3	1	1	NA	NA	NA	unphased	1.04212860310421	1.04212860310421	1
1	70504159	70504160	25	27	4	3	1	1	NA	NA	NA	unphased	3.57129455909944	1.19043151969981	3
1	70504656	70504657	29	5	4	3	1	1	NA	NA	NA	unphased	1.01147776183644	1.01147776183644	1
1	70505210	70505211	37	5	4	3	1	1	NA	NA	NA	unphased	0.818815331010453	0.818815331010453	1
1	76356494	76356495	19	4	4	3	1	1	NA	NA	NA	unphased	1.19618239660657	1.19618239660657	1
1	82436069	82436070	68	8	4	3	1	1	NA	NA	NA	unphased	0.72400513478819	0.72400513478819	1
1	89847278	89847279	67	26	4	3	1	1	NA	NA	NA	unphased	1.92289535798584	0.961447678992919	2
1	103404643	103404644	36	27	4	3	1	1	NA	NA	NA	unphased	2.94773519163763	0.982578397212544	3
1	107937886	107937887	82	9	4	3	1	1	NA	NA	NA	unphased	0.680246582685607	0.680246582685607	1
1	115229484	115229485	51	6	4	3	1	1	NA	NA	NA	unphased	0.72400513478819	0.72400513478819	1
1	117633164	117633165	19	7	4	3	1	1	NA	NA	NA	unphased	1.85178236397749	1.85178236397749	1
1	118629349	118629350	37	30	4	3	1	1	NA	NA	NA	unphased	3.07972333454678	1.02657444484893	3
1	119466121	119466122	31	5	4	3	1	1	NA	NA	NA	unphased	0.955284552845529	0.955284552845529	1
1	120438670	120438671	58	5	4	3	1	1	NA	NA	NA	unphased	0.545876887340302	0.545876887340302	1
1	145415489	145415490	89	67	4.96	6	1	0.66	1	0	0.34	unphased	3.36634146341463	1.01395827211284	3.32
1	149761799	149761800	6	9	8	7	1	1	NA	NA	NA	unphased	6.52682926829268	0.932404181184669	7
1	150445544	150445545	102	11	8	7	1	1	NA	NA	NA	unphased	1.05892510252536	1.05892510252536	1
1	152185595	152185596	74	8	6	5	1	1	NA	NA	NA	unphased	0.866151100535396	0.866151100535396	1
1	152191727	152191728	103	8	6	5	1	1	NA	NA	NA	unphased	0.639859371566689	0.639859371566689	1
1	152191728	152191729	107	8	6	5	1	1	NA	NA	NA	unphased	0.617603393425239	0.617603393425239	1
1	152326306	152326307	201	49	6	5	1	1	NA	NA	NA	unphased	1.74009756097561	0.870048780487805	2
1	152538489	152538490	182	19	6	5	1	1	NA	NA	NA	unphased	0.839218541439146	0.839218541439146	1
1	152681786	152681787	102	9	6	5	1	1	NA	NA	NA	unphased	0.719841793012525	0.719841793012525	1
1	153431412	153431413	99	32	6	5	1	1	NA	NA	NA	unphased	2.16868367156954	1.08434183578477	2
1	154315330	154315331	85	8	6	5	1	1	NA	NA	NA	unphased	0.763703120902177	0.763703120902177	1
1	156618605	156618606	192	31	6	5	1	1	NA	NA	NA	unphased	1.23416821612162	1.23416821612162	1
1	156812255	156812256	81	18	6	5	1	1	NA	NA	NA	unphased	1.61419068736142	0.80709534368071	2
1	156814031	156814032	50	14	6	5	1	1	NA	NA	NA	unphased	1.94207317073171	0.971036585365854	2
1	158226678	158226679	126	10	6	5	1	1	NA	NA	NA	unphased	0.652797704447633	0.652797704447633	1
1	158549194	158549195	44	5	6	5	1	1	NA	NA	NA	unphased	0.905923344947735	0.905923344947735	1
1	158669565	158669566	27	8	6	5	1	1	NA	NA	NA	unphased	2.02926829268293	1.01463414634146	2
1	159175264	159175265	85	9	6	5	1	1	NA	NA	NA	unphased	0.850025947067981	0.850025947067981	1
1	160106047	160106048	89	9	6	5	1	1	NA	NA	NA	unphased	0.815331010452962	0.815331010452962	1
1	160709091	160709092	83	15	6	5	1	1	NA	NA	NA	unphased	1.3588850174216	1.3588850174216	1
1	161953435	161953436	98	10	6	5	1	1	NA	NA	NA	unphased	0.822041553748871	0.822041553748871	1
1	169495178	169495179	59	66	6	5	1	1	NA	NA	NA	unphased	4.68760975609756	0.937521951219512	5
1	171484911	171484912	21	3	6	5	1	1	NA	NA	NA	unphased	1.10975609756098	1.10975609756098	1
1	175348771	175348772	19	21	6	5	1	1	NA	NA	NA	unphased	4.6609756097561	0.93219512195122	5
1	176050384	176050385	65	7	6	5	1	1	NA	NA	NA	unphased	0.863143631436314	0.863143631436314	1
1	176564348	176564349	50	14	6	5	1	1	NA	NA	NA	unphased	1.94207317073171	0.971036585365854	2
1	179347788	179347789	41	5	6	5	1	1	NA	NA	NA	unphased	0.965005302226935	0.965005302226935	1
1	180885572	180885573	109	26	6	5	1	1	NA	NA	NA	unphased	1.70984643179765	0.854923215898826	2
1	181480530	181480531	240	16	6	5	1	1	NA	NA	NA	unphased	0.554878048780488	0.554878048780488	1
1	181732620	181732621	40	5	6	5	1	1	NA	NA	NA	unphased	0.986449864498645	0.986449864498645	1
1	182026997	182026998	100	11	6	5	1	1	NA	NA	NA	unphased	0.879806635904197	0.879806635904197	1
1	182026998	182026999	100	11	6	5	1	1	NA	NA	NA	unphased	0.879806635904197	0.879806635904197	1
1	186010215	186010216	91	8	6	5	1	1	NA	NA	NA	unphased	0.717418083271742	0.717418083271742	1
1	197404355	197404356	32	28	2.6	5	1	0.32	1	0	0.68	unphased	2.55642276422764	0.968341956146835	2.64
1	200950183	200950184	88	14	5.2	5	1	0.84	1	0	0.16	unphased	1.10875179340029	1.10875179340029	1
1	205031665	205031666	58	15	5	5	1	0.8	1	0	0.2	unphased	1.61877714667558	0.899320637041987	1.8
1	205039170	205039171	58	7	5	5	1	0.8	1	0	0.2	unphased	0.848405253283302	0.848405253283302	1
1	207103604	207103605	23	3	5	5	1	0.8	1	0	0.2	unphased	0.909005628517824	0.909005628517824	1
1	213415528	213415529	33	54	6	5	1	1	NA	NA	NA	unphased	5.51051303616485	1.10210260723297	5
1	215824051	215824052	187	20	6	5	1	1	NA	NA	NA	unphased	0.857782490868387	0.857782490868387	1
1	216373232	216373233	105	11	6	5	1	1	NA	NA	NA	unphased	0.84188393608074	0.84188393608074	1
1	220310247	220310248	10	12	6	5	1	1	NA	NA	NA	unphased	4.84257206208426	0.968514412416851	5
1	220310248	220310249	10	11	6	5	1	1	NA	NA	NA	unphased	4.65040650406504	0.930081300813008	5
1	220752823	220752824	54	7	6	5	1	1	NA	NA	NA	unphased	1.0187924830068	1.0187924830068	1
1	228238532	228238533	55	12	6	5	1	1	NA	NA	NA	unphased	1.59009828904259	1.59009828904259	1
1	228346829	228346830	18	27	6	5	1	1	NA	NA	NA	unphased	5.32682926829268	1.06536585365854	5
1	228509441	228509442	95	8	6	5	1	1	NA	NA	NA	unphased	0.689557186834004	0.689557186834004	1
1	230472932	230472933	39	34	6	5	1	1	NA	NA	NA	unphased	4.13498162378884	1.03374540594721	4
1	231473127	231473128	49	6	6	5	1	1	NA	NA	NA	unphased	0.968514412416851	0.968514412416851	1
1	237813249	237813250	124	17	6	5	1	1	NA	NA	NA	unphased	1.07040304445598	1.07040304445598	1
1	237837453	237837454	36	9	6	5	1	1	NA	NA	NA	unphased	1.77560975609756	1.77560975609756	1
1	240656257	240656258	28	47	2.3	5	1	0.26	1	0	0.74	unphased	3.24491056910569	0.99537134021647	3.26
1	240656265	240656266	65	16	2.3	5	1	0.26	1	0	0.74	unphased	1.02282445046673	1.02282445046673	1
1	241907700	241907701	32	36	8	7	1	1	NA	NA	NA	unphased	5.75896700143472	0.959827833572453	6
1	242159485	242159486	74	7	8	7	1	1	NA	NA	NA	unphased	0.940078289671786	0.940078289671786	1
1	247150743	247150744	21	4	8	7	1	1	NA	NA	NA	unphased	1.74048780487805	1.74048780487805	1
1	247150744	247150745	21	4	8	7	1	1	NA	NA	NA	unphased	1.74048780487805	1.74048780487805	1
1	247614725	247614726	51	12	8	7	1	1	NA	NA	NA	unphased	2.07200929152149	1.03600464576074	2
1	247712501	247712502	48	6	8	7	1	1	NA	NA	NA	unphased	1.20867208672087	1.20867208672087	1
1	247978212	247978213	40	5	8	7	1	1	NA	NA	NA	unphased	1.20867208672087	1.20867208672087	1
1	247978309	247978310	44	7	8	7	1	1	NA	NA	NA	unphased	1.49306551889048	1.49306551889048	1
1	248059579	248059580	204	70	8	7	1	1	NA	NA	NA	unphased	2.77906355705893	0.926354519019643	3
1	248224266	248224267	197	33	8	7	1	1	NA	NA	NA	unphased	1.56076352067869	0.780381760339343	2
1	248790065	248790066	84	8	8	7	1	1	NA	NA	NA	unphased	0.945917285259809	0.945917285259809	1
10	875464	875465	65	5	5	4	1	1	NA	NA	NA	unphased	0.562717770034843	0.562717770034843	1
10	7608353	7608354	22	14	5	4	1	1	NA	NA	NA	unphased	3.06368563685637	1.02122854561879	3
10	14870257	14870258	76	6	5	4	1	1	NA	NA	NA	unphased	0.57644259369423	0.57644259369423	1
10	15726082	15726083	50	4	5	4	1	1	NA	NA	NA	unphased	0.583559168925023	0.583559168925023	1
10	17199673	17199674	11	5	5	4	1	1	NA	NA	NA	unphased	2.46189024390244	0.820630081300813	3
10	17702527	17702528	31	25	5	4	1	1	NA	NA	NA	unphased	3.51698606271777	0.879246515679443	4
10	23244734	23244735	7	23	5	4	1	1	NA	NA	NA	unphased	6.03983739837398	1.5099593495935	4
10	27702721	27702722	170	26	5	4	1	1	NA	NA	NA	unphased	1.04504728720757	1.04504728720757	1
10	31809649	31809650	20	29	5	4	1	1	NA	NA	NA	unphased	4.66251866600299	1.16562966650075	4
10	35928724	35928725	57	26	5	4	1	1	NA	NA	NA	unphased	2.4678225095504	0.822607503183466	3
10	44053538	44053539	16	4	5	4	1	1	NA	NA	NA	unphased	1.57560975609756	1.57560975609756	1
10	48428974	48428975	19	7	2	1	1	1	NA	NA	NA	unphased	1.31332082551595	1.31332082551595	1
10	50531251	50531252	20	8	1.13	1	1	0.13	1	0	0.87	unphased	1.14515679442509	1.14515679442509	1
10	50873083	50873084	54	8	1.13	1	1	0.13	1	0	0.87	unphased	0.517167584579072	0.517167584579072	1
10	55583041	55583042	26	5	2	1	1	1	NA	NA	NA	unphased	0.786782061369001	0.786782061369001	1
10	62038858	62038859	37	7	2	1	1	1	NA	NA	NA	unphased	0.776053215077605	0.776053215077605	1
10	71174742	71174743	67	17	2	1	1	1	NA	NA	NA	unphased	0.987224157955865	0.987224157955865	1
10	71868844	71868845	58	12	2	1	1	1	NA	NA	NA	unphased	0.836236933797909	0.836236933797909	1
10	72025848	72025849	48	5	2	1	1	1	NA	NA	NA	unphased	0.460193281178095	0.460193281178095	1
10	72326462	72326463	9	3	2	1	1	1	NA	NA	NA	unphased	1.21951219512195	1.21951219512195	1
10	82040000	82040001	47	21	2	1	1	1	NA	NA	NA	unphased	1.506456241033	1.506456241033	1
10	87482766	87482767	18	4	2	1	1	1	NA	NA	NA	unphased	0.886917960088692	0.886917960088692	1
10	96708977	96708978	14	5	2	1	1	1	NA	NA	NA	unphased	1.28369704749679	1.28369704749679	1
10	98369517	98369518	103	18	2	1	1	1	NA	NA	NA	unphased	0.725660149163475	0.725660149163475	1
10	98405367	98405368	46	10	2	1	1	1	NA	NA	NA	unphased	0.871080139372822	0.871080139372822	1
10	101982728	101982729	14	8	2	1	1	1	NA	NA	NA	unphased	1.77383592017738	1.77383592017738	1
10	106602617	106602618	27	11	2	1	1	1	NA	NA	NA	unphased	1.41206675224647	1.41206675224647	1
10	108447981	108447982	55	8	2	1	1	1	NA	NA	NA	unphased	0.619434765776229	0.619434765776229	1
10	118220583	118220584	45	7	2	1	1	1	NA	NA	NA	unphased	0.656660412757974	0.656660412757974	1
10	121674282	121674283	86	15	2	1	1	1	NA	NA	NA	unphased	0.724462690171456	0.724462690171456	1
10	131760457	131760458	36	4	2	1	1	1	NA	NA	NA	unphased	0.487804878048781	0.487804878048781	1
11	4471019	4471020	77	8	3	2	1	1	NA	NA	NA	unphased	0.553228120516499	0.553228120516499	1
11	4928671	4928672	47	13	3	2	1	1	NA	NA	NA	unphased	1.27357723577236	1.27357723577236	1
11	5363987	5363988	26	18	3	2	1	1	NA	NA	NA	unphased	2.40465631929047	1.20232815964523	2
11	5565859	5565860	42	18	3	2	1	1	NA	NA	NA	unphased	1.76341463414634	0.881707317073171	2
11	6942350	6942351	41	12	3	2	1	1	NA	NA	NA	unphased	1.33087896916705	1.33087896916705	1
11	6942351	6942352	41	12	3	2	1	1	NA	NA	NA	unphased	1.33087896916705	1.33087896916705	1
11	7847234	7847235	73	10	3	2	1	1	NA	NA	NA	unphased	0.708198648251543	0.708198648251543	1
11	15212251	15212252	75	13	3	2	1	1	NA	NA	NA	unphased	0.868348115299335	0.868348115299335	1
11	17418583	17418584	87	15	3	2	1	1	NA	NA	NA	unphased	0.86441893830703	0.86441893830703	1
11	17452344	17452345	200	29	3	2	1	1	NA	NA	NA	unphased	0.744381723293216	0.744381723293216	1
11	18028239	18028240	51	24	3	2	1	1	NA	NA	NA	unphased	1.8809756097561	0.940487804878049	2
11	20177868	20177869	80	20	3	2	1	1	NA	NA	NA	unphased	1.17560975609756	1.17560975609756	1
11	21596619	21596620	8	4	3	2	1	1	NA	NA	NA	unphased	1.95934959349594	1.95934959349594	1
11	26586886	26586887	39	13	3	2	1	1	NA	NA	NA	unphased	1.46951219512195	1.46951219512195	1
11	30435837	30435838	40	6	3	2	1	1	NA	NA	NA	unphased	0.766702014846235	0.766702014846235	1
11	30915911	30915912	44	5	3	2	1	1	NA	NA	NA	unphased	0.599800895968143	0.599800895968143	1
11	36296059	36296060	33	8	3	2	1	1	NA	NA	NA	unphased	1.14693634741225	1.14693634741225	1
11	43511891	43511892	49	6	3	2	1	1	NA	NA	NA	unphased	0.641241685144124	0.641241685144124	1
11	45671454	45671455	82	19	3	2	1	1	NA	NA	NA	unphased	1.10577155276503	1.10577155276503	1
11	46748301	46748302	40	28	3	2	1	1	NA	NA	NA	unphased	2.42037302725968	1.21018651362984	2
11	55658736	55658737	58	24	3	2	1	1	NA	NA	NA	unphased	1.72040452111838	0.860202260559191	2
11	56185462	56185463	25	4	3	2	1	1	NA	NA	NA	unphased	0.810765349032801	0.810765349032801	1
11	56380695	56380696	31	15	3	2	1	1	NA	NA	NA	unphased	1.91675503711559	0.958377518557794	2
11	56431864	56431865	58	6	3	2	1	1	NA	NA	NA	unphased	0.551067073170732	0.551067073170732	1
11	57971421	57971422	73	17	3	2	1	1	NA	NA	NA	unphased	1.11029810298103	1.11029810298103	1
11	59211377	59211378	113	49	3	2	1	1	NA	NA	NA	unphased	1.7779283348389	0.888964167419452	2
11	59481115	59481116	24	3	3	2	1	1	NA	NA	NA	unphased	0.653116531165312	0.653116531165312	1
11	61133545	61133546	80	10	3	2	1	1	NA	NA	NA	unphased	0.653116531165312	0.653116531165312	1
11	62559844	62559845	74	42	3	2	1	1	NA	NA	NA	unphased	2.1282590412111	1.06412952060555	2
11	62744698	62744699	79	36	3	2	1	1	NA	NA	NA	unphased	1.84008483563097	0.920042417815483	2
11	63312206	63312207	89	20	3	2	1	1	NA	NA	NA	unphased	1.07854106063996	1.07854106063996	1
11	64358935	64358936	20	14	3	2	1	1	NA	NA	NA	unphased	2.42037302725968	1.21018651362984	2
11	64358936	64358937	20	15	3	2	1	1	NA	NA	NA	unphased	2.5191637630662	1.2595818815331	2
11	64853940	64853941	212	26	3	2	1	1	NA	NA	NA	unphased	0.642139782742365	0.642139782742365	1
11	66328218	66328219	78	24	5	3	2	1	NA	NA	NA	unphased	1.85365853658537	0.926829268292683	2
11	67075182	67075183	53	6	5	3	2	1	NA	NA	NA	unphased	0.801157503100455	0.801157503100455	1
11	67401769	67401770	77	24	5	3	2	1	NA	NA	NA	unphased	1.87201159140304	0.936005795701521	2
11	71820893	71820894	45	14	5	3	2	1	NA	NA	NA	unphased	1.86936750723439	0.934683753617197	2
11	76371442	76371443	21	6	5	3	2	1	NA	NA	NA	unphased	1.75067750677507	1.75067750677507	1
11	76751273	76751274	52	28	5	3	2	1	NA	NA	NA	unphased	2.75731707317073	0.919105691056911	3
11	89106597	89106598	49	8	5	3	2	1	NA	NA	NA	unphased	1.10569105691057	1.10569105691057	1
11	92086879	92086880	40	23	5	3	2	1	NA	NA	NA	unphased	2.87611304684475	0.958704348948251	3
11	92086880	92086881	40	23	5	3	2	1	NA	NA	NA	unphased	2.87611304684475	0.958704348948251	3
11	92715334	92715335	218	38	5	3	2	1	NA	NA	NA	unphased	1.16939786585366	1.16939786585366	1
11	101762126	101762127	98	40	5	3	2	1	NA	NA	NA	unphased	2.28349240014139	1.1417462000707	2
11	104868129	104868130	36	18	5	3	2	1	NA	NA	NA	unphased	2.6260162601626	0.875338753387534	3
11	105925068	105925069	8	3	5	3	2	1	NA	NA	NA	unphased	2.14855875831486	2.14855875831486	1
11	106558356	106558357	67	42	5	3	2	1	NA	NA	NA	unphased	3.03557842917879	1.01185947639293	3
11	113780034	113780035	41	19	5	3	2	1	NA	NA	NA	unphased	2.49471544715447	0.831571815718157	3
11	119059375	119059376	64	35	5	3	2	1	NA	NA	NA	unphased	2.78516876077852	0.928389586926172	3
11	122756716	122756717	54	40	5	3	2	1	NA	NA	NA	unphased	3.3523611831863	1.11745372772877	3
11	123065728	123065729	8	6	5	3	2	1	NA	NA	NA	unphased	3.37630662020906	1.12543554006969	3
11	123813820	123813821	54	29	5	3	2	1	NA	NA	NA	unphased	2.75257126065237	0.917523753550789	3
11	130064046	130064047	151	26	5	3	2	1	NA	NA	NA	unphased	1.15722750447843	1.15722750447843	1
12	2721101	2721102	31	4	2	2	0	1	NA	NA	NA	unphased	0.557491289198606	0.557491289198606	1
12	4920653	4920654	48	18	2	2	0	1	NA	NA	NA	unphased	1.33037694013304	1.33037694013304	1
12	7640162	7640163	48	22	2	2	0	1	NA	NA	NA	unphased	1.53310104529617	0.766550522648084	2
12	21636327	21636328	17	4	2	2	0	1	NA	NA	NA	unphased	0.929152148664344	0.929152148664344	1
12	21918783	21918784	47	13	2	2	0	1	NA	NA	NA	unphased	1.05691056910569	1.05691056910569	1
12	21919013	21919014	44	11	2	2	0	1	NA	NA	NA	unphased	0.975609756097561	0.975609756097561	1
12	22778505	22778506	3	5	2	2	0	1	NA	NA	NA	unphased	3.04878048780488	1.52439024390244	2
12	25302608	25302609	14	8	2	2	0	1	NA	NA	NA	unphased	1.77383592017738	1.77383592017738	1
12	27571019	27571020	31	7	2	2	0	1	NA	NA	NA	unphased	0.898587933247754	0.898587933247754	1
12	29904600	29904601	45	11	2	2	0	1	NA	NA	NA	unphased	0.958188153310105	0.958188153310105	1
12	33031065	33031066	32	13	2	2	0	1	NA	NA	NA	unphased	1.40921409214092	1.40921409214092	1
12	40076717	40076718	14	3	4	2	2	1	NA	NA	NA	unphased	1.21377331420373	1.21377331420373	1
12	49391072	49391073	21	10	3.73	2	2	0.91	0	1	0.09	unphased	2.13162863886703	1.1160359365796	1.91
12	50037764	50037765	53	15	3.73	2	2	0.91	0	1	0.09	unphased	1.45765781922525	1.45765781922525	1
12	52797533	52797534	63	20	2	2	0	1	NA	NA	NA	unphased	1.1754334410814	1.1754334410814	1
12	57850733	57850734	11	7	4	2	2	1	NA	NA	NA	unphased	2.67479674796748	1.33739837398374	2
12	57944012	57944013	52	19	4	2	2	1	NA	NA	NA	unphased	1.84060460322913	0.920302301614565	2
12	58020605	58020606	70	29	4	2	2	1	NA	NA	NA	unphased	2.01478196600148	1.00739098300074	2
12	69103079	69103080	15	17	2	2	0	1	NA	NA	NA	unphased	2.59146341463415	1.29573170731707	2
12	72058224	72058225	28	8	2	2	0	1	NA	NA	NA	unphased	1.0840108401084	1.0840108401084	1
12	78511875	78511876	84	32	4	2	2	1	NA	NA	NA	unphased	1.89739276703112	0.948696383515559	2
12	80729847	80729848	9	5	2	2	0	1	NA	NA	NA	unphased	1.74216027874564	1.74216027874564	1
12	89995156	89995157	26	17	2	2	0	1	NA	NA	NA	unphased	1.92853091321611	0.964265456608055	2
12	100797857	100797858	26	4	2	2	0	1	NA	NA	NA	unphased	0.650406504065041	0.650406504065041	1
12	102010990	102010991	7	4	2	2	0	1	NA	NA	NA	unphased	1.77383592017738	1.77383592017738	1
12	102590278	102590279	5	7	2	2	0	1	NA	NA	NA	unphased	2.84552845528455	1.42276422764228	2
12	110819590	110819591	21	5	2	2	0	1	NA	NA	NA	unphased	0.938086303939963	0.938086303939963	1
12	111758260	111758261	33	24	2	2	0	1	NA	NA	NA	unphased	2.05391527599487	1.02695763799743	2
12	111758261	111758262	33	24	2	2	0	1	NA	NA	NA	unphased	2.05391527599487	1.02695763799743	2
12	113334681	113334682	8	3	2	2	0	1	NA	NA	NA	unphased	1.33037694013304	1.33037694013304	1
12	113348989	113348990	46	11	2	2	0	1	NA	NA	NA	unphased	0.94137783483098	0.94137783483098	1
12	114803927	114803928	24	10	2	2	0	1	NA	NA	NA	unphased	1.43472022955524	1.43472022955524	1
12	114803928	114803929	24	10	2	2	0	1	NA	NA	NA	unphased	1.43472022955524	1.43472022955524	1
12	120502618	120502619	99	18	2	2	0	1	NA	NA	NA	unphased	0.75046904315197	0.75046904315197	1
13	20659978	20659979	20	4	3	2	1	1	NA	NA	NA	unphased	0.979674796747968	0.979674796747968	1
13	26138169	26138170	16	3	3	2	1	1	NA	NA	NA	unphased	0.92811296534018	0.92811296534018	1
13	27333298	27333299	42	11	3	2	1	1	NA	NA	NA	unphased	1.21997238840313	1.21997238840313	1
13	28959059	28959060	74	13	3	2	1	1	NA	NA	NA	unphased	0.878329128118868	0.878329128118868	1
13	32841350	32841351	106	21	3	2	1	1	NA	NA	NA	unphased	0.971960821970425	0.971960821970425	1
13	36049325	36049326	88	11	3	2	1	1	NA	NA	NA	unphased	0.653116531165312	0.653116531165312	1
13	38145518	38145519	29	10	3	2	1	1	NA	NA	NA	unphased	1.50719199499687	1.50719199499687	1
13	39596462	39596463	37	5	3	2	1	1	NA	NA	NA	unphased	0.699767711962834	0.699767711962834	1
13	49089462	49089463	83	11	3	2	1	1	NA	NA	NA	unphased	0.687856772184743	0.687856772184743	1
13	49089463	49089464	83	12	3	2	1	1	NA	NA	NA	unphased	0.742490372272144	0.742490372272144	1
13	52513328	52513329	41	9	3	2	1	1	NA	NA	NA	unphased	1.0580487804878	1.0580487804878	1
13	53420801	53420802	8	5	3	2	1	1	NA	NA	NA	unphased	2.26078799249531	1.13039399624766	2
13	53602979	53602980	73	37	3	2	1	1	NA	NA	NA	unphased	1.97716186252772	0.988580931263858	2
13	58299345	58299346	121	19	3	2	1	1	NA	NA	NA	unphased	0.797735191637631	0.797735191637631	1
13	72440370	72440371	22	5	1.32	2	1	0.16	1	0	0.84	unphased	0.777416440831075	0.777416440831075	1
13	84454587	84454588	60	15	3	2	1	1	NA	NA	NA	unphased	1.17560975609756	1.17560975609756	1
13	86368285	86368286	52	8	3	2	1	1	NA	NA	NA	unphased	0.783739837398374	0.783739837398374	1
13	95818410	95818411	30	22	3	2	1	1	NA	NA	NA	unphased	2.48686679174484	1.24343339587242	2
13	99337070	99337071	37	9	3	2	1	1	NA	NA	NA	unphased	1.15005302226935	1.15005302226935	1
13	101720351	101720352	13	6	3	2	1	1	NA	NA	NA	unphased	1.85622593068036	1.85622593068036	1
13	113965057	113965058	29	19	3	2	1	1	NA	NA	NA	unphased	2.32672764227642	1.16336382113821	2
13	114287512	114287513	42	10	3	2	1	1	NA	NA	NA	unphased	1.13039399624766	1.13039399624766	1
14	20216473	20216474	101	12	NA	NA	NA	NA	NA	NA	NA	unphased	NA	NA	1
14	20249288	20249289	165	10	6	4	2	1	NA	NA	NA	unphased	0.507317073170732	0.507317073170732	1
14	20502490	20502491	86	17	4	2	2	1	NA	NA	NA	unphased	1.13521193464362	1.13521193464362	1
14	20612328	20612329	153	31	4	2	2	1	NA	NA	NA	unphased	1.15880169671262	1.15880169671262	1
14	20876538	20876539	44	15	4	2	2	1	NA	NA	NA	unphased	1.74865646961554	0.874328234807772	2
14	21526350	21526351	87	33	4	2	2	1	NA	NA	NA	unphased	1.89146341463415	0.945731707317073	2
14	22090028	22090029	21	4	4	2	2	1	NA	NA	NA	unphased	1.10048780487805	1.10048780487805	1
14	22471658	22471659	48	8	4	2	2	1	NA	NA	NA	unphased	0.982578397212544	0.982578397212544	1
14	22509253	22509254	21	7	4	2	2	1	NA	NA	NA	unphased	1.71951219512195	1.71951219512195	1
14	22521025	22521026	63	11	4	2	2	1	NA	NA	NA	unphased	1.022412656559	1.022412656559	1
14	23512118	23512119	49	18	4	2	2	1	NA	NA	NA	unphased	1.84783400072807	0.923917000364034	2
14	23745934	23745935	107	34	4	2	2	1	NA	NA	NA	unphased	1.65853658536585	0.829268292682927	2
14	23901021	23901022	61	25	4	2	2	1	NA	NA	NA	unphased	1.99943278502552	0.999716392512762	2
14	24974786	24974787	47	31	4	2	2	1	NA	NA	NA	unphased	2.73358348968105	1.36679174484053	2
14	24974787	24974788	47	30	4	2	2	1	NA	NA	NA	unphased	2.67975926512512	1.33987963256256	2
14	29237305	29237306	101	17	4	2	2	1	NA	NA	NA	unphased	0.990905332782142	0.990905332782142	1
14	31795410	31795411	16	8	4	2	2	1	NA	NA	NA	unphased	2.29268292682927	1.14634146341463	2
14	38678881	38678882	151	72	4	2	2	1	NA	NA	NA	unphased	2.22071530132342	1.11035765066171	2
14	39709791	39709792	31	7	4	2	2	1	NA	NA	NA	unphased	1.26700898587933	1.26700898587933	1
14	45513876	45513877	20	4	4	2	2	1	NA	NA	NA	unphased	1.14634146341463	1.14634146341463	1
14	52906068	52906069	11	6	4	2	2	1	NA	NA	NA	unphased	2.42754662840746	1.21377331420373	2
14	53194257	53194258	24	10	4	2	2	1	NA	NA	NA	unphased	2.02295552367288	1.01147776183644	2
14	57863468	57863469	47	4	4	2	2	1	NA	NA	NA	unphased	0.539454806312769	0.539454806312769	1
14	61923938	61923939	39	18	4	2	2	1	NA	NA	NA	unphased	2.17201540436457	1.08600770218229	2
14	63174903	63174904	51	22	4	2	2	1	NA	NA	NA	unphased	2.07283661877715	1.03641830938857	2
14	63447705	63447706	27	14	4	2	2	1	NA	NA	NA	unphased	2.34860202260559	1.1743010113028	2
14	64954060	64954061	109	15	4	2	2	1	NA	NA	NA	unphased	0.832022029897718	0.832022029897718	1
14	68257300	68257301	54	6	4	2	2	1	NA	NA	NA	unphased	0.687804878048781	0.687804878048781	1
14	71202710	71202711	36	4	4	2	2	1	NA	NA	NA	unphased	0.687804878048781	0.687804878048781	1
14	77242348	77242349	21	9	4	2	2	1	NA	NA	NA	unphased	2.06341463414634	1.03170731707317	2
14	81610425	81610426	86	31	4	2	2	1	NA	NA	NA	unphased	1.8223889931207	0.91119449656035	2
14	81744536	81744537	65	20	4	2	2	1	NA	NA	NA	unphased	1.61836441893831	0.809182209469154	2
14	90778786	90778787	42	19	4	2	2	1	NA	NA	NA	unphased	2.14234306277489	1.07117153138745	2
14	94568272	94568273	47	18	4	2	2	1	NA	NA	NA	unphased	1.9046904315197	0.95234521575985	2
14	94700992	94700993	17	4	4	2	2	1	NA	NA	NA	unphased	1.31010452961672	1.31010452961672	1
14	101200778	101200779	76	23	4	2	2	1	NA	NA	NA	unphased	1.59793052475979	0.798965262379897	2
14	105407963	105407964	119	32	4	2	2	1	NA	NA	NA	unphased	1.45759974156033	0.728799870780165	2
14	105416924	105416925	238	34	4	2	2	1	NA	NA	NA	unphased	0.859756097560976	0.859756097560976	1
14	105945825	105945826	59	17	4	2	2	1	NA	NA	NA	unphased	1.5385109114249	0.769255455712452	2
14	107179099	107179100	63	11	4	4	0	1	NA	NA	NA	unphased	1.022412656559	1.022412656559	1
14	107199116	107199117	151	19	4	4	0	1	NA	NA	NA	unphased	0.768723098995696	0.768723098995696	1
15	23889875	23889876	21	6	2	1	1	1	NA	NA	NA	unphased	1.0840108401084	1.0840108401084	1
15	24924344	24924345	64	13	2	1	1	1	NA	NA	NA	unphased	0.823566677225214	0.823566677225214	1
15	25318319	25318320	83	16	2	1	1	1	NA	NA	NA	unphased	0.788371520078837	0.788371520078837	1
15	25453258	25453259	164	34	2	1	1	1	NA	NA	NA	unphased	0.837644740083765	0.837644740083765	1
15	28510961	28510962	52	5	2	1	1	1	NA	NA	NA	unphased	0.427899015832264	0.427899015832264	1
15	29409426	29409427	14	6	2	1	1	1	NA	NA	NA	unphased	1.46341463414634	1.46341463414634	1
15	31369149	31369150	18	4	2	1	1	1	NA	NA	NA	unphased	0.886917960088692	0.886917960088692	1
15	38229077	38229078	28	3	2	1	1	1	NA	NA	NA	unphased	0.472069236821401	0.472069236821401	1
15	41800331	41800332	40	7	2	1	1	1	NA	NA	NA	unphased	0.726517903476907	0.726517903476907	1
15	44811446	44811447	23	4	NA	NA	NA	NA	NA	NA	NA	unphased	NA	NA	1
15	45003744	45003745	29	9	1	1	0	1	NA	NA	NA	unphased	0.918485237483954	0.918485237483954	1
15	65443173	65443174	55	13	2	1	1	1	NA	NA	NA	unphased	0.932568149210904	0.932568149210904	1
15	65491150	65491151	24	5	2	1	1	1	NA	NA	NA	unphased	0.841042893187553	0.841042893187553	1
15	74315341	74315342	32	7	2	1	1	1	NA	NA	NA	unphased	0.875547217010632	0.875547217010632	1
15	81295677	81295678	16	6	2	1	1	1	NA	NA	NA	unphased	1.33037694013304	1.33037694013304	1
15	84442289	84442290	19	7	2	1	1	1	NA	NA	NA	unphased	1.31332082551595	1.31332082551595	1
15	85406829	85406830	23	3	2	1	1	1	NA	NA	NA	unphased	0.562851782363978	0.562851782363978	1
15	86838558	86838559	28	5	2	1	1	1	NA	NA	NA	unphased	0.73909830007391	0.73909830007391	1
15	89424731	89424732	72	19	2	1	1	1	NA	NA	NA	unphased	1.01849370142053	1.01849370142053	1
15	90378815	90378816	61	17	2	1	1	1	NA	NA	NA	unphased	1.06316447779862	1.06316447779862	1
15	100345131	100345132	38	8	2	1	1	1	NA	NA	NA	unphased	0.848356309650053	0.848356309650053	1
16	1396880	1396881	12	5	4	3	1	1	NA	NA	NA	unphased	2.02295552367288	2.02295552367288	1
16	1990777	1990778	27	12	4	3	1	1	NA	NA	NA	unphased	2.11632270168856	1.05816135084428	2
16	1994804	1994805	167	22	4	3	1	1	NA	NA	NA	unphased	0.800619434765776	0.800619434765776	1
16	2979804	2979805	28	16	4	3	1	1	NA	NA	NA	unphased	2.50110864745011	0.83370288248337	3
16	3586372	3586373	8	5	4	3	1	1	NA	NA	NA	unphased	2.6454033771107	0.881801125703565	3
16	3591882	3591883	14	9	4	3	1	1	NA	NA	NA	unphased	2.69141039236479	0.897136797454931	3
16	8738459	8738460	201	35	4	3	1	1	NA	NA	NA	unphased	1.02004960727573	1.02004960727573	1
16	15698082	15698083	55	7	4	3	1	1	NA	NA	NA	unphased	0.776553894571204	0.776553894571204	1
16	21031081	21031082	39	6	4	3	1	1	NA	NA	NA	unphased	0.917073170731707	0.917073170731707	1
16	21847264	21847265	35	17	4	3	1	1	NA	NA	NA	unphased	2.24859287054409	1.12429643527205	2
16	23197657	23197658	52	15	4	3	1	1	NA	NA	NA	unphased	1.53986166727339	0.769930833636695	2
16	24231459	24231460	28	6	4	3	1	1	NA	NA	NA	unphased	1.21377331420373	1.21377331420373	1
16	24815580	24815581	28	4	4	3	1	1	NA	NA	NA	unphased	0.859756097560976	0.859756097560976	1
16	24831610	24831611	56	27	4	3	1	1	NA	NA	NA	unphased	2.23743755509844	1.11871877754922	2
16	27373981	27373982	74	16	4	3	1	1	NA	NA	NA	unphased	1.22276422764228	1.22276422764228	1
16	29113411	29113412	46	26	4	3	1	1	NA	NA	NA	unphased	2.48373983739837	0.827913279132791	3
16	30133395	30133396	14	3	4	3	1	1	NA	NA	NA	unphased	1.21377331420373	1.21377331420373	1
16	33020521	33020522	17	20	4	3	1	1	NA	NA	NA	unphased	3.71786420566908	1.23928806855636	3
16	33020522	33020523	17	20	4	3	1	1	NA	NA	NA	unphased	3.71786420566908	1.23928806855636	3
16	46714694	46714695	33	7	4	3	1	1	NA	NA	NA	unphased	1.20365853658537	1.20365853658537	1
16	49823409	49823410	23	12	4	3	1	1	NA	NA	NA	unphased	2.3581881533101	1.17909407665505	2
16	50745426	50745427	37	37	4	3	1	1	NA	NA	NA	unphased	3.4390243902439	1.14634146341463	3
16	55732434	55732435	56	9	4	3	1	1	NA	NA	NA	unphased	0.95234521575985	0.95234521575985	1
16	61747842	61747843	32	12	4	3	1	1	NA	NA	NA	unphased	1.87583148558758	0.937915742793792	2
16	70057562	70057563	108	9	4	3	1	1	NA	NA	NA	unphased	0.529080675422139	0.529080675422139	1
16	70726815	70726816	9	7	4	3	1	1	NA	NA	NA	unphased	3.00914634146342	1.0030487804878	3
16	71065739	71065740	13	8	5	5	0	1	NA	NA	NA	unphased	3.00116144018583	1.00038714672861	3
16	72184689	72184690	98	11	4	3	1	1	NA	NA	NA	unphased	0.694115014544641	0.694115014544641	1
16	72827939	72827940	50	29	4	3	1	1	NA	NA	NA	unphased	2.52485334979932	0.84161778326644	3
16	84135354	84135355	79	8	3.52	3	1	0.84	1	0	0.16	unphased	0.588326324642557	0.588326324642557	1
16	85953806	85953807	18	18	3.52	3	1	0.84	1	0	0.16	unphased	3.1990243902439	1.12641703881828	2.84
17	3181543	3181544	53	25	4	4	0	1	NA	NA	NA	unphased	2.20450281425891	1.10225140712946	2
17	4111309	4111310	72	8	4	4	0	1	NA	NA	NA	unphased	0.687804878048781	0.687804878048781	1
17	4536574	4536575	23	27	4	4	0	1	NA	NA	NA	unphased	3.71414634146342	0.928536585365854	4
17	7578456	7578457	43	50	4	4	0	1	NA	NA	NA	unphased	3.6978756884343	0.924468922108576	4
17	7644224	7644225	91	21	4	4	0	1	NA	NA	NA	unphased	1.28963414634146	1.28963414634146	1
17	8108671	8108672	42	40	4	4	0	1	NA	NA	NA	unphased	3.35514574657942	1.11838191552647	3
17	8285576	8285577	39	5	4	4	0	1	NA	NA	NA	unphased	0.78159645232816	0.78159645232816	1
17	10404628	10404629	82	98	4	4	0	1	NA	NA	NA	unphased	3.74471544715447	0.936178861788618	4
17	11666893	11666894	26	19	4	4	0	1	NA	NA	NA	unphased	2.90406504065041	0.968021680216802	3
17	18150603	18150604	70	13	4	4	0	1	NA	NA	NA	unphased	1.0772847487511	1.0772847487511	1
17	21319479	21319480	68	26	4	4	0	1	NA	NA	NA	unphased	1.90243902439024	0.951219512195122	2
17	26604113	26604114	43	58	4	4	0	1	NA	NA	NA	unphased	3.94977058681478	0.987442646703695	4
17	28543232	28543233	28	11	4	4	0	1	NA	NA	NA	unphased	1.93996247654784	0.969981238273921	2
17	29652931	29652932	34	40	4	4	0	1	NA	NA	NA	unphased	3.71786420566908	0.929466051417271	4
17	36484464	36484465	59	61	4	4	0	1	NA	NA	NA	unphased	3.49634146341463	0.874085365853659	4
17	40094863	40094864	90	13	4	4	0	1	NA	NA	NA	unphased	0.868103244139238	0.868103244139238	1
17	41004681	41004682	34	32	4	4	0	1	NA	NA	NA	unphased	3.33481152993348	1.11160384331116	3
17	44068922	44068923	55	72	4	4	0	1	NA	NA	NA	unphased	3.89936623775687	0.974841559439217	4
17	47115589	47115590	83	27	6	4	2	1	NA	NA	NA	unphased	2.17915742793792	1.08957871396896	2
17	48269888	48269889	32	27	6	4	2	1	NA	NA	NA	unphased	4.06283588259611	1.01570897064903	4
17	48275549	48275550	99	8	6	4	2	1	NA	NA	NA	unphased	0.663779348073855	0.663779348073855	1
17	48697132	48697133	14	10	6	4	2	1	NA	NA	NA	unphased	3.69918699186992	0.92479674796748	4
17	48917613	48917614	78	43	6	4	2	1	NA	NA	NA	unphased	3.15500907075186	1.05166969025062	3
17	49731018	49731019	23	13	6	4	2	1	NA	NA	NA	unphased	3.2059620596206	1.06865401987353	3
17	51902199	51902200	53	34	6	4	2	1	NA	NA	NA	unphased	3.46958228202972	0.867395570507429	4
17	55693445	55693446	63	50	NA	NA	NA	NA	NA	NA	NA	unphased	NA	NA	1
17	59543213	59543214	43	61	3.88	4	0	0.96	0	1	0.04	unphased	3.96385553470919	1.00097361987606	3.96
17	61972369	61972370	55	17	4	4	0	1	NA	NA	NA	unphased	1.6239837398374	0.811991869918699	2
17	62049499	62049500	8	8	4	4	0	1	NA	NA	NA	unphased	3.4390243902439	0.859756097560976	4
17	63189664	63189665	32	18	4.96	4	1	0.99	0	1	0.01	unphased	2.82169756097561	0.950066518847007	2.97
17	72350576	72350577	9	12	4	4	0	1	NA	NA	NA	unphased	3.93031358885017	0.982578397212544	4
17	74466033	74466034	6	4	4	4	0	1	NA	NA	NA	unphased	2.75121951219512	0.917073170731708	3
18	694273	694274	33	5	4	2	2	1	NA	NA	NA	unphased	0.905006418485238	0.905006418485238	1
18	19995860	19995861	112	24	4	2	2	1	NA	NA	NA	unphased	1.21377331420373	1.21377331420373	1
18	28934530	28934531	87	29	4	2	2	1	NA	NA	NA	unphased	1.71951219512195	0.859756097560976	2
18	28934531	28934532	86	29	4	2	2	1	NA	NA	NA	unphased	1.73446447507953	0.867232237539767	2
18	29770052	29770053	11	5	4	2	2	1	NA	NA	NA	unphased	2.14939024390244	2.14939024390244	1
18	31803229	31803230	67	25	4	2	2	1	NA	NA	NA	unphased	1.86903499469777	0.934517497348887	2
18	43219805	43219806	29	7	2	2	0	1	NA	NA	NA	unphased	0.948509485094851	0.948509485094851	1
18	72997701	72997702	16	7	2	2	0	1	NA	NA	NA	unphased	1.48462354188759	1.48462354188759	1
18	74631779	74631780	47	15	2	2	0	1	NA	NA	NA	unphased	1.1801730920535	1.1801730920535	1
18	76753890	76753891	7	7	2	2	0	1	NA	NA	NA	unphased	2.4390243902439	1.21951219512195	2
18	76754984	76754985	34	20	2	2	0	1	NA	NA	NA	unphased	1.806684733514	0.903342366757001	2
19	1041229	1041230	25	4	2.76	2	1	0.88	0	1	0.12	unphased	0.777661900756939	0.777661900756939	1
19	1487193	1487194	22	13	2.76	2	1	0.88	0	1	0.12	unphased	2.09413240418119	1.11390021498999	1.88
19	1806127	1806128	12	4	2.76	2	1	0.88	0	1	0.12	unphased	1.40951219512195	1.40951219512195	1
19	2328601	2328602	9	3	2.76	2	1	0.88	0	1	0.12	unphased	1.40951219512195	1.40951219512195	1
19	2408536	2408537	73	33	2.76	2	1	0.88	0	1	0.12	unphased	1.75524160147262	0.997296364473079	1.76
19	2989615	2989616	29	3	2.76	2	1	0.88	0	1	0.12	unphased	0.528567073170732	0.528567073170732	1
19	3600593	3600594	33	5	2.76	2	1	0.88	0	1	0.12	unphased	0.741848523748395	0.741848523748395	1
19	3771571	3771572	14	8	2.76	2	1	0.88	0	1	0.12	unphased	2.05019955654102	1.09053167901118	1.88
19	4839157	4839158	40	11	2.76	2	1	0.88	0	1	0.12	unphased	1.21604973696796	1.21604973696796	1
19	7806027	7806028	32	11	3	2	1	1	NA	NA	NA	unphased	1.50368689733409	1.50368689733409	1
19	8808327	8808328	48	7	3	2	1	1	NA	NA	NA	unphased	0.748115299334812	0.748115299334812	1
19	9002607	9002608	123	18	3	2	1	1	NA	NA	NA	unphased	0.75038920601972	0.75038920601972	1
19	9061381	9061382	25	6	3	2	1	1	NA	NA	NA	unphased	1.13768686073958	1.13768686073958	1
19	9073155	9073156	41	12	3	2	1	1	NA	NA	NA	unphased	1.33087896916705	1.33087896916705	1
19	9088866	9088867	140	22	3	2	1	1	NA	NA	NA	unphased	0.798253538090936	0.798253538090936	1
19	9730231	9730232	5	6	3	2	1	1	NA	NA	NA	unphased	3.20620842572062	1.60310421286031	2
19	10129432	10129433	155	9	5	4	1	1	NA	NA	NA	unphased	0.432331945270672	0.432331945270672	1
19	10131392	10131393	19	4	5	4	1	1	NA	NA	NA	unphased	1.37009544008484	1.37009544008484	1
19	14043739	14043740	5	8	3	2	1	1	NA	NA	NA	unphased	3.6172607879925	1.80863039399625	2
19	14574748	14574749	35	21	3	2	1	1	NA	NA	NA	unphased	2.20426829268293	1.10213414634146	2
19	14952632	14952633	59	7	3	2	1	1	NA	NA	NA	unphased	0.623429416112343	0.623429416112343	1
19	17081752	17081753	34	12	3	2	1	1	NA	NA	NA	unphased	1.53340402969247	1.53340402969247	1
19	17476196	17476197	69	41	3	2	1	1	NA	NA	NA	unphased	2.19090909090909	1.09545454545455	2
19	23837314	23837315	13	7	2.76	2	1	0.88	0	1	0.12	unphased	1.97331707317073	1.04963674104826	1.88
19	30935305	30935306	33	11	2.76	2	1	0.88	0	1	0.12	unphased	1.40951219512195	1.40951219512195	1
19	32954382	32954383	30	8	2.76	2	1	0.88	0	1	0.12	unphased	1.18695763799743	1.18695763799743	1
19	37038045	37038046	13	6	2.76	2	1	0.88	0	1	0.12	unphased	1.78043645699615	1.78043645699615	1
19	38943520	38943521	17	5	2.76	2	1	0.88	0	1	0.12	unphased	1.28137472283814	1.28137472283814	1
19	38946364	38946365	39	9	2.76	2	1	0.88	0	1	0.12	unphased	1.05713414634146	1.05713414634146	1
19	39395970	39395971	66	14	2.76	2	1	0.88	0	1	0.12	unphased	0.986658536585366	0.986658536585366	1
19	43097783	43097784	111	52	2.76	2	1	0.88	0	1	0.12	unphased	1.79864132874458	1.02195530042305	1.76
19	43349212	43349213	121	22	2.76	2	1	0.88	0	1	0.12	unphased	0.867392120075047	0.867392120075047	1
19	43579570	43579571	218	39	2.76	2	1	0.88	0	1	0.12	unphased	0.855579386922274	0.855579386922274	1
19	43866342	43866343	76	12	2.76	2	1	0.88	0	1	0.12	unphased	0.768824833702883	0.768824833702883	1
19	43969775	43969776	26	6	2.76	2	1	0.88	0	1	0.12	unphased	1.05713414634146	1.05713414634146	1
19	46215704	46215705	30	6	2.76	2	1	0.88	0	1	0.12	unphased	0.939674796747968	0.939674796747968	1
19	48337736	48337737	39	7	2.76	2	1	0.88	0	1	0.12	unphased	0.85796394485684	0.85796394485684	1
19	48908573	48908574	14	4	2.76	2	1	0.88	0	1	0.12	unphased	1.25289972899729	1.25289972899729	1
19	50394673	50394674	73	14	2.76	2	1	0.88	0	1	0.12	unphased	0.907272217549762	0.907272217549762	1
19	51192118	51192119	8	6	2.76	2	1	0.88	0	1	0.12	unphased	2.41630662020906	1.28526947883461	1.88
19	51512806	51512807	17	3	2.76	2	1	0.88	0	1	0.12	unphased	0.845707317073171	0.845707317073171	1
19	51918290	51918291	27	6	2.76	2	1	0.88	0	1	0.12	unphased	1.02509977827051	1.02509977827051	1
19	52004914	52004915	35	6	2.76	2	1	0.88	0	1	0.12	unphased	0.825080309339679	0.825080309339679	1
19	52376807	52376808	70	12	3	2	1	1	NA	NA	NA	unphased	0.860202260559191	0.860202260559191	1
19	52496470	52496471	67	9	3	2	1	1	NA	NA	NA	unphased	0.696084724005135	0.696084724005135	1
19	54225465	54225466	36	5	3	2	1	1	NA	NA	NA	unphased	0.716835217132659	0.716835217132659	1
19	54304537	54304538	41	6	3	2	1	1	NA	NA	NA	unphased	0.75038920601972	0.75038920601972	1
19	54445349	54445350	41	25	3	2	1	1	NA	NA	NA	unphased	2.22653362897265	1.11326681448633	2
19	54822752	54822753	62	8	3	2	1	1	NA	NA	NA	unphased	0.671777003484321	0.671777003484321	1
19	55087296	55087297	25	12	3	2	1	1	NA	NA	NA	unphased	1.90639419907713	0.953197099538563	2
19	55143180	55143181	60	10	3	2	1	1	NA	NA	NA	unphased	0.839721254355401	0.839721254355401	1
19	56407338	56407339	98	46	3	2	1	1	NA	NA	NA	unphased	1.87771002710027	0.938855013550136	2
19	57175053	57175054	149	30	3	2	1	1	NA	NA	NA	unphased	0.985147840305219	0.985147840305219	1
19	57646838	57646839	54	7	3	2	1	1	NA	NA	NA	unphased	0.67453018792483	0.67453018792483	1
19	58190207	58190208	46	13	3	2	1	1	NA	NA	NA	unphased	1.29516329061596	1.29516329061596	1
19	58579178	58579179	49	5	3	2	1	1	NA	NA	NA	unphased	0.544263775971093	0.544263775971093	1
2	1507767	1507768	48	20	3.13	3	1	0.71	1	0	0.29	unphased	1.76707317073171	1.03337612323492	1.71
2	11284267	11284268	17	3	3.13	3	1	0.71	1	0	0.29	unphased	0.901207317073171	0.901207317073171	1
2	21233667	21233668	63	9	3.13	3	1	0.71	1	0	0.29	unphased	0.751006097560976	0.751006097560976	1
2	26700112	26700113	11	8	3.13	3	1	0.71	1	0	0.29	unphased	2.52970474967908	1.0453325411897	2.42
2	27462234	27462235	32	4	3.13	3	1	0.71	1	0	0.29	unphased	0.667560975609756	0.667560975609756	1
2	27564991	27564992	44	10	3.13	3	1	0.71	1	0	0.29	unphased	1.11260162601626	1.11260162601626	1
2	29255867	29255868	31	7	3.13	3	1	0.71	1	0	0.29	unphased	1.1067458279846	1.1067458279846	1
2	48915055	48915056	49	25	3.46	3	1	0.82	1	0	0.18	unphased	2.14123269611075	1.17650148137953	1.82
2	60689359	60689360	21	24	3.37	3	1	0.79	1	0	0.21	unphased	3.33229268292683	1.19437013724976	2.79
2	60689360	60689361	22	24	3.37	3	1	0.79	1	0	0.21	unphased	3.25985153764581	1.16840556904868	2.79
2	68607960	68607961	82	14	3.37	3	1	0.79	1	0	0.21	unphased	0.911173780487805	0.911173780487805	1
2	69098326	69098327	48	15	3.37	3	1	0.79	1	0	0.21	unphased	1.48763066202091	1.48763066202091	1
2	71576135	71576136	58	36	3.37	3	1	0.79	1	0	0.21	unphased	2.39286974571873	0.927468893689432	2.58
2	77746341	77746342	23	4	3.56	3	1	0.78	1	1	0.22	unphased	0.953785004516712	0.953785004516712	1
2	79312330	79312331	18	3	3.56	3	1	0.78	1	1	0.22	unphased	0.919721254355401	0.919721254355401	1
2	79364394	79364395	16	8	3.56	3	1	0.78	1	1	0.22	unphased	2.1460162601626	0.838287601626016	2.56
2	88876133	88876134	39	9	3.56	3	1	0.78	1	1	0.22	unphased	1.20713414634146	1.20713414634146	1
2	89309484	89309485	112	20	3.56	3	1	0.78	1	1	0.22	unphased	0.975461936437546	0.975461936437546	1
2	95540573	95540574	18	3	3.56	3	1	0.78	1	1	0.22	unphased	0.919721254355401	0.919721254355401	1
2	96262051	96262052	13	5	3.56	3	1	0.78	1	1	0.22	unphased	1.78834688346883	1.78834688346883	1
2	96781308	96781309	24	20	3.56	3	1	0.78	1	1	0.22	unphased	2.92638580931264	1.0526567659398	2.78
2	99858899	99858900	79	31	3.56	3	1	0.78	1	1	0.22	unphased	1.81435920177384	1.01930292234485	1.78
2	99980762	99980763	40	19	3.56	3	1	0.78	1	1	0.22	unphased	2.07326994625878	1.1647583967746	1.78
2	103040276	103040277	27	7	3.56	3	1	0.78	1	1	0.22	unphased	1.3254806312769	1.3254806312769	1
2	106739512	106739513	73	5	3.56	3	1	0.78	1	1	0.22	unphased	0.412695434646654	0.529096711085454	0.78
2	109463245	109463246	39	8	3.88	3	2	0.72	1	0	0.28	unphased	1.15030617540218	1.15030617540218	1
2	112615963	112615964	22	15	3.88	3	2	0.72	1	0	0.28	unphased	2.73974950560316	1.00726084764822	2.72
2	114500210	114500211	8	11	3.88	3	2	0.72	1	0	0.28	unphased	3.91255455712452	1.43843917541343	2.72
2	116497459	116497460	65	19	3.88	3	2	0.72	1	0	0.28	unphased	1.528606271777	0.888724576614537	1.72
2	120388193	120388194	32	16	3.88	3	2	0.72	1	0	0.28	unphased	2.25268292682927	0.923230707716913	2.44
2	131356268	131356269	107	16	3.88	3	2	0.72	1	0	0.28	unphased	0.879095776323617	0.879095776323617	1
2	131520458	131520459	51	8	3.88	3	2	0.72	1	0	0.28	unphased	0.916345597354279	0.916345597354279	1
2	133403027	133403028	101	28	3.88	3	2	0.72	1	0	0.28	unphased	1.46686330119115	0.85282750069253	1.72
2	137748479	137748480	8	3	3.88	3	2	0.72	1	0	0.28	unphased	1.84310421286031	1.84310421286031	1
2	139326798	139326799	10	7	5	3	2	1	NA	NA	NA	unphased	3.24390243902439	1.08130081300813	3
2	139326799	139326800	10	7	5	3	2	1	NA	NA	NA	unphased	3.24390243902439	1.08130081300813	3
2	141114002	141114003	29	19	5	3	2	1	NA	NA	NA	unphased	3.11839430894309	1.0394647696477	3
2	141459746	141459747	71	16	5	3	2	1	NA	NA	NA	unphased	1.44883655733109	1.44883655733109	1
2	141819809	141819810	33	17	5	3	2	1	NA	NA	NA	unphased	2.67853658536585	0.892845528455285	3
2	159663590	159663591	25	6	4.36	3	2	0.84	1	0	0.16	unphased	1.40091266719119	1.40091266719119	1
2	160714976	160714977	20	8	4.36	3	2	0.84	1	0	0.16	unphased	2.06801393728223	1.12392061808817	1.84
2	160803186	160803187	10	6	4.36	3	2	0.84	1	0	0.16	unphased	2.71426829268293	1.01278667637423	2.68
2	163003953	163003954	159	22	4.36	3	2	0.84	1	0	0.16	unphased	0.879762835197413	0.879762835197413	1
2	166788354	166788355	28	14	4.36	3	2	0.84	1	0	0.16	unphased	2.41268292682927	0.900254823443757	2.68
2	168102460	168102461	33	16	4.36	3	2	0.84	1	0	0.16	unphased	2.36344449975112	0.881882276026537	2.68
2	168114404	168114405	16	13	4.36	3	2	0.84	1	0	0.16	unphased	3.2446425567704	1.1424797735107	2.84
2	170044634	170044635	70	41	4.36	3	2	0.84	1	0	0.16	unphased	2.67351351351351	0.99757966922146	2.68
2	170044636	170044637	72	42	4.36	3	2	0.84	1	0	0.16	unphased	2.66664955070603	0.995018489069415	2.68
2	172725331	172725332	48	5	4.36	3	2	0.84	1	0	0.16	unphased	0.682834790612057	0.682834790612057	1
2	176958367	176958368	53	24	4.36	3	2	0.84	1	0	0.16	unphased	2.25601520430789	0.841796718025331	2.68
2	179255866	179255867	84	9	4.36	3	2	0.84	1	0	0.16	unphased	0.700456333595594	0.700456333595594	1
2	179444006	179444007	38	23	4.36	3	2	0.84	1	0	0.16	unphased	2.72910035985606	1.01832102979704	2.68
2	182347372	182347373	82	22	4.36	3	2	0.84	1	0	0.16	unphased	1.53112570356473	0.832133534546048	1.84
2	185803528	185803529	111	14	4.36	3	2	0.84	1	0	0.16	unphased	0.810661463414634	0.810661463414634	1
2	189862991	189862992	17	6	4.36	3	2	0.84	1	0	0.16	unphased	1.88818663838812	1.88818663838812	1
2	189940159	189940160	23	7	4.36	3	2	0.84	1	0	0.16	unphased	1.68887804878049	1.68887804878049	1
2	202549804	202549805	6	5	3	2	1	1	0	1	0	unphased	2.67184035476718	1.33592017738359	2
2	204599692	204599693	41	16	3	2	1	1	0	1	0	unphased	1.64997860504921	0.824989302524604	2
2	206305288	206305289	62	8	3	2	1	1	0	1	0	unphased	0.671777003484321	0.671777003484321	1
2	207425877	207425878	24	3	3	2	1	1	0	1	0	unphased	0.653116531165312	0.653116531165312	1
2	208440049	208440050	46	11	3	2	1	1	0	1	0	unphased	1.13436029097133	1.13436029097133	1
2	210557389	210557390	25	20	3	2	1	1	0	1	0	unphased	2.61246612466125	1.30623306233062	2
2	210560540	210560541	22	4	3	2	1	1	0	1	0	unphased	0.904315196998124	0.904315196998124	1
2	210642137	210642138	44	14	3	2	1	1	0	1	0	unphased	1.4188393608074	1.4188393608074	1
2	211059989	211059990	15	7	3	2	1	1	0	1	0	unphased	1.87028824833703	1.87028824833703	1
2	214794715	214794716	54	23	2.84	2	1	0.92	0	1	0.08	unphased	1.70798859676908	0.928254672157111	1.84
2	220342799	220342800	43	25	2.84	2	1	0.92	0	1	0.08	unphased	2.10222381635581	1.09490823768532	1.92
2	227924192	227924193	98	19	2.84	2	1	0.92	0	1	0.08	unphased	0.92857202418178	0.92857202418178	1
2	241452253	241452254	30	5	2.84	2	1	0.92	0	1	0.08	unphased	0.816864111498258	0.816864111498258	1
20	1629913	1629914	38	46	4	4	0	1	NA	NA	NA	unphased	3.76655052264808	0.941637630662021	4
20	2361621	2361622	7	4	4	4	0	1	NA	NA	NA	unphased	2.50110864745011	2.50110864745011	1
20	3652824	3652825	31	25	4	4	0	1	NA	NA	NA	unphased	3.0705574912892	1.02351916376307	3
20	4167441	4167442	34	42	4	4	0	1	NA	NA	NA	unphased	3.801026957638	0.9502567394095	4
20	5283179	5283180	38	40	4	4	0	1	NA	NA	NA	unphased	3.52720450281426	0.881801125703565	4
20	9400469	9400470	51	38	4	4	0	1	NA	NA	NA	unphased	2.93669498492738	0.978898328309126	3
20	21142960	21142961	20	36	4	4	0	1	NA	NA	NA	unphased	4.42160278745645	1.10540069686411	4
20	23472328	23472329	54	58	4	4	0	1	NA	NA	NA	unphased	3.56184668989547	0.890461672473868	4
20	23967162	23967163	43	23	4	4	0	1	NA	NA	NA	unphased	2.39689578713969	1.19844789356985	2
20	25456919	25456920	64	60	4	4	0	1	NA	NA	NA	unphased	3.32808811959087	1.10936270653029	3
20	29956497	29956498	19	25	4	4	0	1	NA	NA	NA	unphased	3.9079822616408	0.9769955654102	4
20	30064291	30064292	82	41	4	4	0	1	NA	NA	NA	unphased	2.29268292682927	1.14634146341463	2
20	30408086	30408087	26	32	4	4	0	1	NA	NA	NA	unphased	3.79478553406224	0.948696383515559	4
20	31897614	31897615	16	14	4	4	0	1	NA	NA	NA	unphased	3.20975609756098	1.06991869918699	3
20	32357949	32357950	18	21	4	4	0	1	NA	NA	NA	unphased	3.70356472795497	0.925891181988743	4
20	35563482	35563483	26	43	4	4	0	1	NA	NA	NA	unphased	4.28632025450689	1.07158006362672	4
20	36028593	36028594	18	28	4	4	0	1	NA	NA	NA	unphased	4.18663838812301	1.04665959703075	4
20	36776405	36776406	14	11	4	4	0	1	NA	NA	NA	unphased	3.02634146341463	1.00878048780488	3
20	42969880	42969881	72	6	4	4	0	1	NA	NA	NA	unphased	0.529080675422139	0.529080675422139	1
20	57036288	57036289	46	11	4	4	0	1	NA	NA	NA	unphased	1.32734274711168	1.32734274711168	1
21	19770541	19770542	16	3	4	2	2	1	NA	NA	NA	unphased	1.08600770218229	1.08600770218229	1
21	22841047	22841048	38	6	4	2	2	1	NA	NA	NA	unphased	0.937915742793792	0.937915742793792	1
21	27269911	27269912	51	14	4	2	2	1	NA	NA	NA	unphased	1.48142589118199	1.48142589118199	1
21	31062099	31062100	126	44	4	2	2	1	NA	NA	NA	unphased	1.78020086083214	0.890100430416069	2
21	31986132	31986133	161	48	4	2	2	1	NA	NA	NA	unphased	1.5796475668106	0.789823783405298	2
21	32119421	32119422	66	21	4	2	2	1	NA	NA	NA	unphased	1.66021867115223	0.830109335576114	2
21	32638884	32638885	73	12	4	2	2	1	NA	NA	NA	unphased	0.971018651362984	0.971018651362984	1
21	35186366	35186367	33	5	4	2	2	1	NA	NA	NA	unphased	0.905006418485238	0.905006418485238	1
21	38593744	38593745	59	29	2	2	0	1	NA	NA	NA	unphased	1.60753880266075	0.803769401330377	2
21	44117586	44117587	42	20	2	2	0	1	NA	NA	NA	unphased	1.573564122738	0.786782061369001	2
21	44427663	44427664	44	22	2	2	0	1	NA	NA	NA	unphased	1.6260162601626	0.813008130081301	2
21	45947288	45947289	46	32	2	2	0	1	NA	NA	NA	unphased	2.00125078173859	1.00062539086929	2
22	16287603	16287604	414	35	3	2	1	1	NA	NA	NA	unphased	0.458199793579228	0.458199793579228	1
22	16287816	16287817	255	26	3	2	1	1	NA	NA	NA	unphased	0.543876399618089	0.543876399618089	1
22	23077404	23077405	198	43	2.74	2	1	0.87	1	0	0.13	unphased	1.0023904463111	1.0023904463111	1
22	26165076	26165077	13	5	2.74	2	1	0.87	1	0	0.13	unphased	1.56056910569106	1.56056910569106	1
22	26165077	26165078	13	5	2.74	2	1	0.87	1	0	0.13	unphased	1.56056910569106	1.56056910569106	1
22	26743880	26743881	41	7	2.74	2	1	0.87	1	0	0.13	unphased	0.819298780487805	0.819298780487805	1
22	29191681	29191682	42	21	2.74	2	1	0.87	1	0	0.13	unphased	1.87268292682927	1.00143472022956	1.87
22	29709881	29709882	37	13	2.74	2	1	0.87	1	0	0.13	unphased	1.46069268292683	1.46069268292683	1
22	29838148	29838149	18	4	2.74	2	1	0.87	1	0	0.13	unphased	1.02146341463415	1.02146341463415	1
22	32831692	32831693	21	3	2.74	2	1	0.87	1	0	0.13	unphased	0.702256097560976	0.702256097560976	1
22	36155958	36155959	37	24	2.74	2	1	0.87	1	0	0.13	unphased	2.21037984806078	1.18202130912341	1.87
22	38823150	38823151	38	8	2.74	2	1	0.87	1	0	0.13	unphased	0.977051961823966	0.977051961823966	1
22	41077373	41077374	86	9	2.74	2	1	0.87	1	0	0.13	unphased	0.532236200256739	0.61176574742154	0.87
22	43604160	43604161	82	50	2.92	3	1	0.46	1	1	0.54	unphased	2.19623059866962	0.892776666125863	2.46
22	50926117	50926118	29	8	2	1	1	0.2	1	1	0.8	unphased	1.0547132498352	1.0547132498352	1
3	391062	391063	20	9	3	2	1	1	NA	NA	NA	unphased	1.8242220353238	0.912111017661901	2
3	407752	407753	35	9	3	2	1	1	NA	NA	NA	unphased	1.20232815964523	1.20232815964523	1
3	7188267	7188268	43	18	3	2	1	1	NA	NA	NA	unphased	1.73450619752099	0.867253098760496	2
3	10130141	10130142	25	14	3	2	1	1	NA	NA	NA	unphased	2.11006879299562	1.05503439649781	2
3	10417304	10417305	20	20	3	2	1	1	NA	NA	NA	unphased	2.9390243902439	1.46951219512195	2
3	10417305	10417306	20	20	3	2	1	1	NA	NA	NA	unphased	2.9390243902439	1.46951219512195	2
3	13896174	13896175	77	41	3	2	1	1	NA	NA	NA	unphased	2.04237288135593	1.02118644067797	2
3	14489151	14489152	187	65	3	2	1	1	NA	NA	NA	unphased	1.51616337591947	0.758081687959737	2
3	16217078	16217079	31	9	3	2	1	1	NA	NA	NA	unphased	1.32256097560976	1.32256097560976	1
3	20142849	20142850	22	18	3	2	1	1	NA	NA	NA	unphased	2.64512195121951	1.32256097560976	2
3	20142850	20142851	23	18	3	2	1	1	NA	NA	NA	unphased	2.58060678167757	1.29030339083879	2
3	37033586	37033587	38	19	3	2	1	1	NA	NA	NA	unphased	1.95934959349594	0.979674796747968	2
3	37033949	37033950	47	22	3	2	1	1	NA	NA	NA	unphased	1.87416048073524	0.937080240367621	2
3	38739500	38739501	61	13	3	2	1	1	NA	NA	NA	unphased	1.03263019116678	1.03263019116678	1
3	39167771	39167772	57	9	3	2	1	1	NA	NA	NA	unphased	0.801552106430155	0.801552106430155	1
3	42781126	42781127	47	16	3	2	1	1	NA	NA	NA	unphased	1.49283778552071	1.49283778552071	1
3	46062792	46062793	36	17	3	2	1	1	NA	NA	NA	unphased	1.88541187298665	0.942705936493327	2
3	48266800	48266801	73	37	3	2	1	1	NA	NA	NA	unphased	1.97716186252772	0.988580931263858	2
3	49694655	49694656	47	6	3	2	1	1	NA	NA	NA	unphased	0.665439484583525	0.665439484583525	1
3	49694656	49694657	47	6	3	2	1	1	NA	NA	NA	unphased	0.665439484583525	0.665439484583525	1
3	52469753	52469754	67	37	3	2	1	1	NA	NA	NA	unphased	2.09122889305816	1.04561444652908	2
3	53910668	53910669	22	3	3	2	1	1	NA	NA	NA	unphased	0.705365853658537	0.705365853658537	1
3	69168388	69168389	60	10	3	2	1	1	NA	NA	NA	unphased	0.839721254355401	0.839721254355401	1
3	73433088	73433089	75	17	3	2	1	1	NA	NA	NA	unphased	1.08616118769883	1.08616118769883	1
3	86115872	86115873	34	8	3	2	1	1	NA	NA	NA	unphased	1.11962833914053	1.11962833914053	1
3	93845161	93845162	29	6	3	2	1	1	NA	NA	NA	unphased	1.00766550522648	1.00766550522648	1
3	102171825	102171826	46	7	3	2	1	1	NA	NA	NA	unphased	0.776346065347446	0.776346065347446	1
3	123418891	123418892	94	12	3	2	1	1	NA	NA	NA	unphased	0.665439484583525	0.665439484583525	1
3	123666038	123666039	25	7	3	2	1	1	NA	NA	NA	unphased	1.28582317073171	1.28582317073171	1
3	130293142	130293143	52	6	3	2	1	1	NA	NA	NA	unphased	0.608074011774601	0.608074011774601	1
3	137483964	137483965	51	29	3	2	1	1	NA	NA	NA	unphased	2.13079268292683	1.06539634146341	2
3	137483965	137483966	51	29	3	2	1	1	NA	NA	NA	unphased	2.13079268292683	1.06539634146341	2
3	138739141	138739142	52	18	3	2	1	1	NA	NA	NA	unphased	1.51149825783972	0.755749128919861	2
3	140397007	140397008	25	11	3	2	1	1	NA	NA	NA	unphased	1.79607046070461	0.898035230352304	2
3	143704450	143704451	58	11	3	2	1	1	NA	NA	NA	unphased	0.937080240367621	0.937080240367621	1
3	147131171	147131172	80	14	3	2	1	1	NA	NA	NA	unphased	0.875454073689673	0.875454073689673	1
3	150391822	150391823	37	9	3	2	1	1	NA	NA	NA	unphased	1.15005302226935	1.15005302226935	1
3	150460468	150460469	26	3	3	2	1	1	NA	NA	NA	unphased	0.608074011774601	0.608074011774601	1
3	151012465	151012466	59	32	3	2	1	1	NA	NA	NA	unphased	2.06700616456714	1.03350308228357	2
3	155838413	155838414	141	11	3	2	1	1	NA	NA	NA	unphased	0.425385109114249	0.425385109114249	1
3	157815622	157815623	19	14	3	2	1	1	NA	NA	NA	unphased	2.49371766444937	1.24685883222469	2
3	164735568	164735569	15	4	1.36	2	1	0.18	1	0	0.82	unphased	0.892220795892169	0.892220795892169	1
3	164786889	164786890	15	4	1.36	2	1	0.18	1	0	0.82	unphased	0.892220795892169	0.892220795892169	1
3	167039981	167039982	23	3	1.36	2	1	0.18	1	0	0.82	unphased	0.489005628517824	0.489005628517824	1
3	167039982	167039983	22	3	1.36	2	1	0.18	1	0	0.82	unphased	0.508565853658537	0.508565853658537	1
3	167414850	167414851	26	4	1.36	2	1	0.18	1	0	0.82	unphased	0.565073170731707	0.565073170731707	1
3	170588000	170588001	32	5	3	2	1	1	NA	NA	NA	unphased	0.794330916282136	0.794330916282136	1
3	172480283	172480284	10	6	3	2	1	1	NA	NA	NA	unphased	2.20426829268293	1.10213414634146	2
3	173998844	173998845	34	14	3	2	1	1	NA	NA	NA	unphased	1.71443089430894	0.857215447154472	2
3	179132827	179132828	41	10	3	2	1	1	NA	NA	NA	unphased	1.15255858440937	1.15255858440937	1
3	180377269	180377270	16	9	3	2	1	1	NA	NA	NA	unphased	2.11609756097561	1.0580487804878	2
3	184076835	184076836	51	25	3	2	1	1	NA	NA	NA	unphased	1.93356867779204	0.966784338896021	2
3	191179104	191179105	62	13	3	2	1	1	NA	NA	NA	unphased	1.01886178861789	1.01886178861789	1
3	192078250	192078251	48	9	3	2	1	1	NA	NA	NA	unphased	0.92811296534018	0.92811296534018	1
3	193153455	193153456	50	5	3	2	1	1	NA	NA	NA	unphased	0.534368070953437	0.534368070953437	1
3	194126774	194126775	49	11	3	2	1	1	NA	NA	NA	unphased	1.07764227642276	1.07764227642276	1
3	195027254	195027255	66	11	3	2	1	1	NA	NA	NA	unphased	0.839721254355401	0.839721254355401	1
3	196281204	196281205	29	12	3	2	1	1	NA	NA	NA	unphased	1.72040452111838	0.860202260559191	2
4	7668858	7668859	77	35	3.56	2	2	0.78	1	1	0.22	unphased	2.01189024390244	1.13027541792272	1.78
4	8608522	8608523	45	18	3.56	2	2	0.78	1	1	0.22	unphased	1.8394425087108	1.03339466781506	1.78
4	37962538	37962539	125	27	3	2	1	1	NA	NA	NA	unphased	1.0441270860077	1.0441270860077	1
4	39109239	39109240	44	6	3	2	1	1	NA	NA	NA	unphased	0.705365853658537	0.705365853658537	1
4	40245053	40245054	57	7	3	2	1	1	NA	NA	NA	unphased	0.642911585365854	0.642911585365854	1
4	48486984	48486985	145	22	3	2	1	1	NA	NA	NA	unphased	0.774353731561268	0.774353731561268	1
4	54257244	54257245	26	10	3	2	1	1	NA	NA	NA	unphased	1.63279132791328	1.63279132791328	1
4	57182071	57182072	60	11	3	2	1	1	NA	NA	NA	unphased	0.910683613878392	0.910683613878392	1
4	57797988	57797989	21	10	3	2	1	1	NA	NA	NA	unphased	1.89614476789929	0.948072383949646	2
4	62903461	62903462	25	16	3	2	1	1	NA	NA	NA	unphased	2.29387269482451	1.14693634741225	2
4	62903463	62903464	24	15	3	2	1	1	NA	NA	NA	unphased	2.26078799249531	1.13039399624766	2
4	65170936	65170937	34	10	3	2	1	1	NA	NA	NA	unphased	1.33592017738359	1.33592017738359	1
4	66356284	66356285	24	12	3	2	1	1	NA	NA	NA	unphased	1.95934959349594	0.979674796747968	2
4	70066378	70066379	62	28	3	2	1	1	NA	NA	NA	unphased	1.82872628726287	0.914363143631436	2
4	71227875	71227876	69	24	1.36	2	1	0.18	1	0	0.82	unphased	1.09369000786782	1.09369000786782	1
4	71347139	71347140	151	54	1.36	2	1	0.18	1	0	0.82	unphased	1.11636406900654	1.11636406900654	1
4	81207591	81207592	65	17	1.36	2	1	0.18	1	0	0.82	unphased	0.878619869125521	0.878619869125521	1
4	83827745	83827746	17	7	1.36	2	1	0.18	1	0	0.82	unphased	1.23609756097561	1.23609756097561	1
4	113352698	113352699	39	6	1.36	2	1	0.18	1	0	0.82	unphased	0.565073170731707	0.565073170731707	1
4	114275019	114275020	156	78	1.36	2	1	0.18	1	0	0.82	unphased	1.41268292682927	1.19718892104175	1.18
4	114278095	114278096	45	7	1.36	2	1	0.18	1	0	0.82	unphased	0.570506566604128	0.570506566604128	1
4	134071764	134071765	49	28	3.91	2	2	0.97	0	1	0.03	unphased	2.46838137472284	1.25298546940246	1.97
4	143094858	143094859	30	15	3.91	2	2	0.97	0	1	0.03	unphased	2.26268292682927	1.14857001361892	1.97
4	151505033	151505034	84	18	3.91	2	2	0.97	0	1	0.03	unphased	1.19789096126255	1.19789096126255	1
4	157693840	157693841	19	3	3.91	2	2	0.97	0	1	0.03	unphased	0.925643015521064	0.925643015521064	1
4	177105922	177105923	22	6	4	2	2	1	NA	NA	NA	unphased	1.47386759581882	1.47386759581882	1
4	177142660	177142661	82	13	4	2	2	1	NA	NA	NA	unphased	0.941206675224647	0.941206675224647	1
4	183676177	183676178	28	4	4	2	2	1	NA	NA	NA	unphased	0.859756097560976	0.859756097560976	1
4	187454810	187454811	42	11	4	2	2	1	NA	NA	NA	unphased	1.42751955821445	1.42751955821445	1
5	5461234	5461235	114	27	9	7	2	1	0	1	0	unphased	2.27451997924235	1.13725998962117	2
5	5462150	5462151	78	8	9	7	2	1	0	1	0	unphased	1.10493477027794	1.10493477027794	1
5	5464643	5464644	90	7	9	7	2	1	0	1	0	unphased	0.857178777973347	0.857178777973347	1
5	7713001	7713002	19	4	9	7	2	1	0	1	0	unphased	2.06574761399788	2.06574761399788	1
5	9054241	9054242	140	9	9	7	2	1	NA	NA	NA	unphased	0.71746603372074	0.71746603372074	1
5	9122821	9122822	162	14	9	7	2	1	NA	NA	NA	unphased	0.944844789356985	0.944844789356985	1
5	9629851	9629852	49	8	9	7	2	1	NA	NA	NA	unphased	1.6670945656825	1.6670945656825	1
5	13871693	13871694	62	5	9	7	2	1	NA	NA	NA	unphased	0.886421550782672	0.886421550782672	1
5	13923525	13923526	83	49	9	7	2	1	NA	NA	NA	unphased	4.40927568366593	1.10231892091648	4
5	14481706	14481707	172	15	9	7	2	1	NA	NA	NA	unphased	0.952784661536455	0.952784661536455	1
5	19747067	19747068	82	10	9	7	2	1	NA	NA	NA	unphased	1.29109225874867	1.29109225874867	1
5	21459784	21459785	91	50	NA	NA	NA	NA	NA	NA	NA	unphased	NA	NA	1
5	24498571	24498572	67	17	9	7	2	1	NA	NA	NA	unphased	2.40389082462253	0.801296941540844	3
5	26890000	26890001	93	18	9	7	2	1	NA	NA	NA	unphased	1.92617007251154	0.963085036255768	2
5	26906078	26906079	233	13	9	7	2	1	NA	NA	NA	unphased	0.627701764822526	0.627701764822526	1
5	31302371	31302372	97	10	9	7	2	1	NA	NA	NA	unphased	1.11009801686802	1.11009801686802	1
5	31464399	31464400	51	4	9	7	2	1	NA	NA	NA	unphased	0.863858093126386	0.863858093126386	1
5	32712335	32712336	293	32	9	7	2	1	NA	NA	NA	unphased	1.16953095684803	1.16953095684803	1
5	35909980	35909981	133	14	9	7	2	1	NA	NA	NA	unphased	1.13124274099884	1.13124274099884	1
5	36269489	36269490	59	6	9	7	2	1	NA	NA	NA	unphased	1.09643527204503	1.09643527204503	1
5	37299642	37299643	71	13	9	7	2	1	NA	NA	NA	unphased	1.83826945412311	0.919134727061557	2
5	38370497	38370498	66	6	9	7	2	1	NA	NA	NA	unphased	0.989837398373984	0.989837398373984	1
5	43175236	43175237	38	7	9	7	2	1	NA	NA	NA	unphased	1.84769647696477	1.84769647696477	1
5	45262749	45262750	56	59	7	5	2	1	NA	NA	NA	unphased	5.067868504772	1.0135737009544	5
5	60999813	60999814	17	4	7	5	2	1	NA	NA	NA	unphased	1.8815331010453	1.8815331010453	1
5	63256540	63256541	110	76	7	5	2	1	NA	NA	NA	unphased	4.03619197482297	1.00904799370574	4
5	63256707	63256708	110	13	7	5	2	1	NA	NA	NA	unphased	1.04402141582391	1.04402141582391	1
5	63257255	63257256	52	6	7	5	2	1	NA	NA	NA	unphased	1.02186711522288	1.02186711522288	1
5	63803604	63803605	69	7	7	5	2	1	NA	NA	NA	unphased	0.90982028241335	0.90982028241335	1
5	63803605	63803606	67	7	7	5	2	1	NA	NA	NA	unphased	0.934410019775874	0.934410019775874	1
5	70845413	70845414	19	8	2	2	0	1	NA	NA	NA	unphased	1.4453477868112	1.4453477868112	1
5	72469085	72469086	78	41	2	2	0	1	NA	NA	NA	unphased	1.68067226890756	0.840336134453782	2
5	90012312	90012313	9	3	2	2	0	1	NA	NA	NA	unphased	1.21951219512195	1.21951219512195	1
5	137589033	137589034	5	7	2	2	0	1	NA	NA	NA	unphased	2.84552845528455	1.42276422764228	2
5	137626351	137626352	28	14	2	2	0	1	NA	NA	NA	unphased	1.6260162601626	0.813008130081301	2
5	140176082	140176083	76	50	2	2	0	1	NA	NA	NA	unphased	1.93573364305072	0.967866821525358	2
5	140216097	140216098	62	41	2	2	0	1	NA	NA	NA	unphased	1.94174757281553	0.970873786407767	2
5	140228239	140228240	99	63	2	2	0	1	NA	NA	NA	unphased	1.8970189701897	0.948509485094851	2
5	140553102	140553103	23	14	2	2	0	1	NA	NA	NA	unphased	1.8457481872116	0.922874093605801	2
5	140596012	140596013	49	24	2	2	0	1	NA	NA	NA	unphased	1.60374206481791	0.801871032408954	2
5	140596013	140596014	49	24	2	2	0	1	NA	NA	NA	unphased	1.60374206481791	0.801871032408954	2
5	140725539	140725540	104	70	2	2	0	1	NA	NA	NA	unphased	1.96243341743762	0.981216708718811	2
5	140737050	140737051	59	35	2	2	0	1	NA	NA	NA	unphased	1.81629475869227	0.908147379346134	2
5	140754688	140754689	59	30	2	2	0	1	NA	NA	NA	unphased	1.64428610578241	0.822143052891203	2
5	141019055	141019056	26	9	2	2	0	1	NA	NA	NA	unphased	1.25435540069686	1.25435540069686	1
5	147023659	147023660	17	7	2	2	0	1	NA	NA	NA	unphased	1.42276422764228	1.42276422764228	1
5	149314246	149314247	15	6	2	2	0	1	NA	NA	NA	unphased	1.39372822299652	1.39372822299652	1
5	156635951	156635952	18	13	2	2	0	1	NA	NA	NA	unphased	2.0456333595594	1.0228166797797	2
5	156671315	156671316	24	24	2	2	0	1	NA	NA	NA	unphased	2.4390243902439	1.21951219512195	2
5	156770406	156770407	40	21	2	2	0	1	NA	NA	NA	unphased	1.67932826869252	0.839664134346262	2
5	156890225	156890226	44	8	2	2	0	1	NA	NA	NA	unphased	0.75046904315197	0.75046904315197	1
5	168114057	168114058	27	14	2	2	0	1	NA	NA	NA	unphased	1.6656751933373	0.83283759666865	2
5	169446025	169446026	145	38	4	4	0	1	NA	NA	NA	unphased	1.42822870851659	0.714114354258297	2
5	175111370	175111371	52	8	4	4	0	1	NA	NA	NA	unphased	0.917073170731707	0.917073170731707	1
5	175111371	175111372	51	8	4	4	0	1	NA	NA	NA	unphased	0.932616783794957	0.932616783794957	1
5	175530294	175530295	180	11	4	4	0	1	NA	NA	NA	unphased	0.396117992593539	0.396117992593539	1
5	177546898	177546899	55	26	4	4	0	1	NA	NA	NA	unphased	2.20776874435411	1.10388437217706	2
5	178700000	178700001	59	17	4	4	0	1	NA	NA	NA	unphased	1.5385109114249	0.769255455712452	2
5	179192658	179192659	19	35	4	4	0	1	NA	NA	NA	unphased	4.4579945799458	1.11449864498645	4
6	395893	395894	9	7	4	4	0	1	NA	NA	NA	unphased	3.00914634146342	1.0030487804878	3
6	10586678	10586679	48	55	4	4	0	1	NA	NA	NA	unphased	3.67274449443524	0.918186123608809	4
6	10959035	10959036	8	13	4	4	0	1	NA	NA	NA	unphased	4.25783972125436	1.06445993031359	4
6	12122060	12122061	36	7	4	4	0	1	NA	NA	NA	unphased	1.11968235961429	1.11968235961429	1
6	25517609	25517610	12	15	4	4	0	1	NA	NA	NA	unphased	3.82113821138211	0.955284552845529	4
6	26027236	26027237	37	24	4	4	0	1	NA	NA	NA	unphased	2.70611755297881	0.90203918432627	3
6	29524020	29524021	20	13	4	4	0	1	NA	NA	NA	unphased	2.70953436807095	0.903178122690318	3
6	31116423	31116424	77	95	4	4	0	1	NA	NA	NA	unphased	3.7989222915485	0.949730572887124	4
6	31498559	31498560	26	19	4	4	0	1	NA	NA	NA	unphased	2.90406504065041	0.968021680216802	3
6	31743762	31743763	78	105	4	4	0	1	NA	NA	NA	unphased	3.94642143142743	0.986605357856857	4
6	31901426	31901427	30	46	4	4	0	1	NA	NA	NA	unphased	4.16302952503209	1.04075738125802	4
6	33177711	33177712	16	16	4	4	0	1	NA	NA	NA	unphased	3.4390243902439	0.859756097560976	4
6	38885813	38885814	28	3	4	4	0	1	NA	NA	NA	unphased	0.665617623918175	0.665617623918175	1
6	46991781	46991782	6	16	4	4	0	1	NA	NA	NA	unphased	5.00221729490022	1.25055432372506	4
6	47754332	47754333	25	25	4	4	0	1	NA	NA	NA	unphased	3.4390243902439	0.859756097560976	4
6	49754823	49754824	27	42	4	4	0	1	NA	NA	NA	unphased	4.18663838812301	1.04665959703075	4
6	54806713	54806714	26	17	4	4	0	1	NA	NA	NA	unphased	2.71922858763471	0.906409529211571	3
6	70859931	70859932	37	45	4	4	0	1	NA	NA	NA	unphased	3.77453896490185	0.943634741225461	4
6	71665601	71665602	9	13	4	4	0	1	NA	NA	NA	unphased	4.06430155210643	1.01607538802661	4
6	85446331	85446332	11	5	4	4	0	1	NA	NA	NA	unphased	2.14939024390244	2.14939024390244	1
6	97578795	97578796	46	25	4	4	0	1	NA	NA	NA	unphased	2.42184816214359	0.807282720714531	3
6	108984957	108984958	23	21	4	4	0	1	NA	NA	NA	unphased	3.28270509977827	1.09423503325942	3
6	109787546	109787547	41	46	4	4	0	1	NA	NA	NA	unphased	3.63666947014298	0.909167367535744	4
6	110777744	110777745	63	32	4	4	0	1	NA	NA	NA	unphased	2.31681643132221	1.1584082156611	2
6	125233550	125233551	19	16	4	4	0	1	NA	NA	NA	unphased	3.14425087108014	1.04808362369338	3
6	133138410	133138411	15	12	4	4	0	1	NA	NA	NA	unphased	3.05691056910569	1.0189701897019	3
6	136599311	136599312	97	7	4	4	0	1	NA	NA	NA	unphased	0.462945590994371	0.462945590994371	1
6	148867154	148867155	50	29	4	4	0	1	NA	NA	NA	unphased	2.52485334979932	0.84161778326644	3
6	152332850	152332851	29	36	4	4	0	1	NA	NA	NA	unphased	3.8093808630394	0.95234521575985	4
6	169637743	169637744	32	23	4	4	0	1	NA	NA	NA	unphased	2.87627494456763	0.958758314855876	3
7	2740375	2740376	64	54	2	4	1	0.25	1	0	0.75	unphased	2.23232740801984	0.992145514675486	2.25
7	8790692	8790693	40	26	2	4	1	0.25	1	0	0.75	unphased	1.92165558019217	1.09808890296695	1.75
7	11415356	11415357	15	11	2	4	1	0.25	1	0	0.75	unphased	2.06378986866792	0.917239941630186	2.25
7	11676040	11676041	52	6	2	4	1	0.25	1	0	0.75	unphased	0.504625735912532	0.504625735912532	1
7	20180531	20180532	86	7	1.76	4	1	0.19	1	0	0.81	unphased	0.349100445843168	0.349100445843168	1
7	31126584	31126585	52	65	1.76	4	1	0.19	1	0	0.81	unphased	2.57669376693767	1.08264443988978	2.38
7	36194242	36194243	64	8	1.76	4	1	0.19	1	0	0.81	unphased	0.515338753387534	0.515338753387534	1
7	38768291	38768292	20	27	1.76	4	1	0.19	1	0	0.81	unphased	2.66441100155682	1.1195004208222	2.38
7	42088265	42088266	22	21	2.66	4	1	0.22	1	1	0.78	unphased	2.70462847419172	1.10845429270152	2.44
7	43921535	43921536	60	96	2.66	4	1	0.22	1	1	0.78	unphased	3.40803001876173	1.05839441576451	3.22
7	44119269	44119270	48	38	2.66	4	1	0.22	1	1	0.78	unphased	2.44704480998298	1.00288721720614	2.44
7	47854977	47854978	45	50	2.66	4	1	0.22	1	1	0.78	unphased	2.91476251604621	0.905205750324911	3.22
7	48147961	48147962	45	7	2.66	4	1	0.22	1	1	0.78	unphased	0.745506566604128	0.745506566604128	1
7	56148956	56148957	34	18	6	4	2	1	NA	NA	NA	unphased	3.07317073170732	1.02439024390244	3
7	57188854	57188855	63	15	6	4	2	1	NA	NA	NA	unphased	1.70731707317073	0.853658536585366	2
7	57522778	57522779	53	12	6	4	2	1	NA	NA	NA	unphased	1.6390243902439	1.6390243902439	1
7	75630298	75630299	59	11	3	3	0	1	NA	NA	NA	unphased	0.923693379790941	0.923693379790941	1
7	81746425	81746426	16	23	3	3	0	1	NA	NA	NA	unphased	3.46654158849281	1.15551386283094	3
7	84727237	84727238	49	35	3	3	0	1	NA	NA	NA	unphased	2.44918699186992	0.81639566395664	3
7	84727257	84727258	43	30	3	3	0	1	NA	NA	NA	unphased	2.41563648513197	0.805212161710658	3
7	88963551	88963552	12	12	3	3	0	1	NA	NA	NA	unphased	2.9390243902439	0.979674796747967	3
7	92763227	92763228	22	17	3	3	0	1	NA	NA	NA	unphased	2.56222639149468	0.854075463831562	3
7	95761051	95761052	25	7	3	3	0	1	NA	NA	NA	unphased	1.28582317073171	1.28582317073171	1
7	100198539	100198540	53	9	3	3	0	1	NA	NA	NA	unphased	0.853265145554682	0.853265145554682	1
7	100675016	100675017	38	19	3	3	0	1	NA	NA	NA	unphased	1.95934959349594	0.979674796747968	2
7	100679464	100679465	162	70	3	3	0	1	NA	NA	NA	unphased	1.77354920100925	0.886774600504626	2
7	100686489	100686490	64	36	3	3	0	1	NA	NA	NA	unphased	2.11609756097561	1.0580487804878	2
7	102574464	102574465	23	35	3	3	0	1	NA	NA	NA	unphased	3.5470984020185	1.18236613400617	3
7	103008397	103008398	21	20	3	3	0	1	NA	NA	NA	unphased	2.86734086853064	0.955780289510212	3
7	131815218	131815219	23	23	3	3	0	1	NA	NA	NA	unphased	2.9390243902439	0.979674796747967	3
7	132192495	132192496	28	24	3	3	0	1	NA	NA	NA	unphased	2.71294559099437	0.904315196998124	3
7	142176336	142176337	45	6	3	3	0	1	NA	NA	NA	unphased	0.691535150645624	0.691535150645624	1
7	142636750	142636751	30	17	3	3	0	1	NA	NA	NA	unphased	2.12610275038921	1.0630513751946	2
7	144364853	144364854	28	22	3	3	0	1	NA	NA	NA	unphased	2.58634146341463	0.862113821138212	3
7	150553882	150553883	82	12	3	3	0	1	NA	NA	NA	unphased	0.75038920601972	0.75038920601972	1
7	151042433	151042434	4	4	3	3	0	1	NA	NA	NA	unphased	2.9390243902439	0.979674796747967	3
8	38275832	38275833	25	5	1	1	0	1	NA	NA	NA	unphased	0.646341463414634	0.646341463414634	1
8	42046465	42046466	133	49	1	1	0	1	NA	NA	NA	unphased	1.04409005628518	1.04409005628518	1
8	55537654	55537655	26	23	6	5	1	1	NA	NA	NA	unphased	4.16724738675958	1.0418118466899	4
8	57025931	57025932	63	7	6	5	1	1	NA	NA	NA	unphased	0.887804878048781	0.887804878048781	1
8	66516618	66516619	45	7	6	5	1	1	NA	NA	NA	unphased	1.19512195121951	1.19512195121951	1
8	72977737	72977738	30	3	6	5	1	1	NA	NA	NA	unphased	0.80709534368071	0.80709534368071	1
8	77616482	77616483	36	43	6	5	1	1	NA	NA	NA	unphased	4.83235566532881	0.966471133065761	5
8	77766176	77766177	81	71	6	5	1	1	NA	NA	NA	unphased	4.14698331193838	1.0367458279846	4
8	87235240	87235241	68	7	2.1	5	1	0.22	1	0	0.78	unphased	0.464617886178862	0.464617886178862	1
8	89086877	89086878	43	28	2.1	5	1	0.22	1	0	0.78	unphased	1.96317416695294	1.04424157816646	1.88
8	98943626	98943627	56	9	6	5	1	1	NA	NA	NA	unphased	1.22926829268293	1.22926829268293	1
8	99440602	99440603	99	9	6	5	1	1	NA	NA	NA	unphased	0.739837398373984	0.739837398373984	1
8	105436551	105436552	38	6	6	5	1	1	NA	NA	NA	unphased	1.21064301552106	1.21064301552106	1
8	105503666	105503667	56	7	6	5	1	1	NA	NA	NA	unphased	0.986449864498645	0.986449864498645	1
8	110592164	110592165	210	17	6	5	1	1	NA	NA	NA	unphased	0.66487589986032	0.66487589986032	1
8	113668529	113668530	21	21	4.6	6	1	0.6	1	0	0.4	unphased	3.7390243902439	0.98395378690629	3.8
8	120435354	120435355	132	13	4.6	6	1	0.6	1	0	0.4	unphased	0.670445752733389	0.670445752733389	1
8	121228645	121228646	37	34	4.6	6	1	0.6	1	0	0.4	unphased	3.58103744417726	0.994732623382572	3.6
8	132051814	132051815	70	5	4.6	6	1	0.6	1	0	0.4	unphased	0.498536585365854	0.498536585365854	1
8	133899142	133899143	61	17	4.6	6	1	0.6	1	0	0.4	unphased	1.62983114446529	1.01864446529081	1.6
8	134239836	134239837	97	13	4.6	6	1	0.6	1	0	0.4	unphased	0.883769401330377	0.883769401330377	1
8	145695011	145695012	27	53	5.62	6	1	0.77	0	1	0.23	unphased	5.62995731707317	1.01623778286519	5.54
9	172157	172158	52	9	2.58	2	1	0.58	1	1	0.42	unphased	0.805285885645742	0.805285885645742	1
9	18661977	18661978	40	9	2.58	2	1	0.58	1	1	0.42	unphased	1.0024987555998	1.0024987555998	1
9	21166025	21166026	33	12	2.58	2	1	0.58	1	1	0.42	unphased	1.45547967479675	1.45547967479675	1
9	21216799	21216800	142	12	2.58	2	1	0.58	1	1	0.42	unphased	0.425302502375673	0.733280176509781	0.58
9	21228137	21228138	41	15	2.58	2	1	0.58	1	1	0.42	unphased	1.46197735191638	1.46197735191638	1
9	21970913	21970914	54	8	2.58	2	1	0.58	1	1	0.42	unphased	0.70426435877262	0.70426435877262	1
9	27950637	27950638	21	3	2.51	2	1	0.51	1	1	0.49	unphased	0.673506097560976	0.673506097560976	1
9	35547719	35547720	99	16	2.51	2	1	0.51	1	1	0.49	unphased	0.749641569459173	0.749641569459173	1
9	43626839	43626840	9	7	2.51	2	1	0.51	1	1	0.49	unphased	2.35727134146342	1.56110684865127	1.51
9	79322952	79322953	14	11	2.51	2	1	0.51	1	1	0.49	unphased	2.37074146341463	1.57002745921499	1.51
9	86498853	86498854	38	5	2.51	2	1	0.51	1	1	0.49	unphased	0.626517300056722	0.626517300056722	1
9	88692461	88692462	87	15	2.51	2	1	0.51	1	1	0.49	unphased	0.792360114777618	0.792360114777618	1
9	90501455	90501456	51	8	2.51	2	1	0.51	1	1	0.49	unphased	0.730582885489872	0.730582885489872	1
9	93375769	93375770	81	14	2.51	2	1	0.51	1	1	0.49	unphased	0.794028241335045	0.794028241335045	1
9	96212847	96212848	36	19	2.51	2	1	0.51	1	1	0.49	unphased	1.86132594235033	1.23266618698698	1.51
9	100308536	100308537	70	10	2.51	2	1	0.51	1	1	0.49	unphased	0.673506097560976	0.673506097560976	1
9	104192195	104192196	48	16	2.51	2	1	0.51	1	1	0.49	unphased	1.34701219512195	1.34701219512195	1
9	107367887	107367888	33	5	2.51	2	1	0.51	1	1	0.49	unphased	0.70895378690629	0.70895378690629	1
9	114090328	114090329	53	12	2.51	2	1	0.51	1	1	0.49	unphased	0.99471669793621	0.99471669793621	1
9	118949474	118949475	42	9	2.51	2	1	0.51	1	1	0.49	unphased	0.950832137733142	0.950832137733142	1
9	118949933	118949934	38	11	2.51	2	1	0.51	1	1	0.49	unphased	1.20956197112992	1.20956197112992	1
9	125681087	125681088	39	6	2.51	2	1	0.51	1	1	0.49	unphased	0.718406504065041	0.718406504065041	1
9	126134611	126134612	60	18	2.51	2	1	0.51	1	1	0.49	unphased	1.24339587242026	1.24339587242026	1
9	133804958	133804959	25	15	2.51	2	1	0.51	1	1	0.49	unphased	2.02051829268293	1.33809158455823	1.51
9	135073901	135073902	84	7	2.51	2	1	0.51	1	1	0.49	unphased	0.414465290806754	0.812677040797557	0.51
9	135458479	135458480	229	33	2.51	2	1	0.51	1	1	0.49	unphased	0.678647365481289	0.678647365481289	1
9	136523514	136523515	74	9	2.51	2	1	0.51	1	1	0.49	unphased	0.584246253305907	1.14558088883511	0.51
9	136654436	136654437	132	18	2.51	2	1	0.51	1	1	0.49	unphased	0.646565853658537	1.26777618364419	0.51
9	137778349	137778350	104	10	2.51	2	1	0.51	1	1	0.49	unphased	0.472635857937527	0.926736976348092	0.51
9	139291434	139291435	49	9	2.51	2	1	0.51	1	1	0.49	unphased	0.83607653490328	0.83607653490328	1
9	140137474	140137475	44	11	2.51	2	1	0.51	1	1	0.49	unphased	1.07760975609756	1.07760975609756	1
X	591663	591664	205	108	NA	NA	NA	NA	NA	NA	NA	unphased	NA	NA	1
X	591755	591756	180	25	NA	NA	NA	NA	NA	NA	NA	unphased	NA	NA	1
X	1413266	1413267	133	9	NA	NA	NA	NA	NA	NA	NA	unphased	NA	NA	1
X	10182001	10182002	14	9	NA	NA	NA	NA	NA	NA	NA	unphased	NA	NA	1
X	12736160	12736161	19	9	NA	NA	NA	NA	NA	NA	NA	unphased	NA	NA	1
X	12736161	12736162	19	8	NA	NA	NA	NA	NA	NA	NA	unphased	NA	NA	1
X	20081687	20081688	32	9	NA	NA	NA	NA	NA	NA	NA	unphased	NA	NA	1
X	35993823	35993824	23	37	NA	NA	NA	NA	NA	NA	NA	unphased	NA	NA	1
X	36163090	36163091	6	9	NA	NA	NA	NA	NA	NA	NA	unphased	NA	NA	1
X	43626801	43626802	7	4	NA	NA	NA	NA	NA	NA	NA	unphased	NA	NA	1
X	52682022	52682023	13	9	NA	NA	NA	NA	NA	NA	NA	unphased	NA	NA	1
X	69282871	69282872	16	6	NA	NA	NA	NA	NA	NA	NA	unphased	NA	NA	1
X	79277932	79277933	5	4	NA	NA	NA	NA	NA	NA	NA	unphased	NA	NA	1
X	86772845	86772846	12	11	NA	NA	NA	NA	NA	NA	NA	unphased	NA	NA	1
X	106310784	106310785	27	7	NA	NA	NA	NA	NA	NA	NA	unphased	NA	NA	1
X	106359172	106359173	23	12	NA	NA	NA	NA	NA	NA	NA	unphased	NA	NA	1
X	111698579	111698580	27	18	NA	NA	NA	NA	NA	NA	NA	unphased	NA	NA	1
X	119512553	119512554	32	53	NA	NA	NA	NA	NA	NA	NA	unphased	NA	NA	1
X	124097621	124097622	17	24	NA	NA	NA	NA	NA	NA	NA	unphased	NA	NA	1
X	125298758	125298759	47	55	NA	NA	NA	NA	NA	NA	NA	unphased	NA	NA	1
X	125685508	125685509	28	38	NA	NA	NA	NA	NA	NA	NA	unphased	NA	NA	1
X	134681064	134681065	36	11	NA	NA	NA	NA	NA	NA	NA	unphased	NA	NA	1
X	135405347	135405348	46	11	NA	NA	NA	NA	NA	NA	NA	unphased	NA	NA	1
X	135405348	135405349	45	11	NA	NA	NA	NA	NA	NA	NA	unphased	NA	NA	1
X	135618284	135618285	22	23	NA	NA	NA	NA	NA	NA	NA	unphased	NA	NA	1
X	135638741	135638742	18	14	NA	NA	NA	NA	NA	NA	NA	unphased	NA	NA	1
X	138832248	138832249	23	31	NA	NA	NA	NA	NA	NA	NA	unphased	NA	NA	1
X	142795579	142795580	13	31	NA	NA	NA	NA	NA	NA	NA	unphased	NA	NA	1
X	144905082	144905083	18	24	NA	NA	NA	NA	NA	NA	NA	unphased	NA	NA	1
Y	22921813	22921814	24	17	NA	NA	NA	NA	NA	NA	NA	unphased	NA	NA	1
