chr	start	end	WT.count	mut.count	subclonal.CN	nMaj1	nMin1	frac1	nMaj2	nMin2	frac2	phase	mutation.copy.number	subclonal.fraction	no.chrs.bearing.mut
1	979020	979021	95	50	NA	NA	NA	NA	NA	NA	NA	unphased	NA	NA	1
1	986184	986185	9	4	NA	NA	NA	NA	NA	NA	NA	unphased	NA	NA	1
1	3782283	3782284	27	7	4	2	2	1	NA	NA	NA	unphased	1.20361990950226	1.20361990950226	1
1	11008695	11008696	55	26	4	2	2	1	NA	NA	NA	unphased	1.87654320987654	0.938271604938272	2
1	12066686	12066687	68	38	4	2	2	1	NA	NA	NA	unphased	2.09579100145138	1.04789550072569	2
1	16475115	16475116	35	14	4	2	2	1	NA	NA	NA	unphased	1.67032967032967	0.835164835164835	2
1	19018389	19018390	43	12	4	2	2	1	NA	NA	NA	unphased	1.27552447552448	1.27552447552448	1
1	27432366	27432367	21	13	4	2	2	1	NA	NA	NA	unphased	2.23529411764706	1.11764705882353	2
1	36181895	36181896	25	3	4	2	2	1	NA	NA	NA	unphased	0.626373626373626	0.626373626373626	1
1	36932241	36932242	38	20	4	2	2	1	NA	NA	NA	unphased	2.0159151193634	1.0079575596817	2
1	43213894	43213895	27	12	4	2	2	1	NA	NA	NA	unphased	1.79881656804734	0.899408284023669	2
1	45295605	45295606	24	5	4	2	2	1	NA	NA	NA	unphased	1.0079575596817	1.0079575596817	1
1	45295606	45295607	25	5	4	2	2	1	NA	NA	NA	unphased	0.974358974358974	0.974358974358974	1
1	53925104	53925105	49	15	4	2	2	1	NA	NA	NA	unphased	1.37019230769231	1.37019230769231	1
1	55062966	55062967	62	24	4	2	2	1	NA	NA	NA	unphased	1.63148479427549	0.815742397137746	2
1	60301019	60301020	72	12	4	2	2	1	NA	NA	NA	unphased	0.835164835164835	0.835164835164835	1
1	60499210	60499211	97	34	4	2	2	1	NA	NA	NA	unphased	1.5173223722842	0.758661186142102	2
1	66058531	66058532	40	31	4	2	2	1	NA	NA	NA	unphased	2.55254604550379	1.2762730227519	2
1	75608859	75608860	112	38	4	2	2	1	NA	NA	NA	unphased	1.48102564102564	0.740512820512821	2
1	77516031	77516032	115	15	4	2	2	1	NA	NA	NA	unphased	0.674556213017751	0.674556213017751	1
1	84864237	84864238	63	25	4	2	2	1	NA	NA	NA	unphased	1.66083916083916	0.83041958041958	2
1	86934795	86934796	36	24	4	2	2	1	NA	NA	NA	unphased	2.33846153846154	1.16923076923077	2
1	103471407	103471408	128	44	4	2	2	1	NA	NA	NA	unphased	1.49552772808587	0.747763864042934	2
1	104112443	104112444	21	4	4	2	2	1	NA	NA	NA	unphased	0.935384615384615	0.935384615384615	1
1	104160092	104160093	206	52	4	2	2	1	NA	NA	NA	unphased	1.17829457364341	1.17829457364341	1
1	109466745	109466746	43	30	4	2	2	1	NA	NA	NA	unphased	2.40252897787144	1.20126448893572	2
1	109810657	109810658	42	23	4	2	2	1	NA	NA	NA	unphased	2.06863905325444	1.03431952662722	2
1	145273238	145273239	232	14	4	2	2	1	NA	NA	NA	unphased	0.33270794246404	0.33270794246404	1
1	146757971	146757972	38	8	4	2	2	1	NA	NA	NA	unphased	1.01672240802676	1.01672240802676	1
1	150997191	150997192	48	21	4	2	2	1	NA	NA	NA	unphased	1.77926421404682	0.889632107023411	2
1	152280872	152280873	452	155	4	2	2	1	NA	NA	NA	unphased	1.49283994424027	0.746419972120137	2
1	152777498	152777499	50	31	4	2	2	1	NA	NA	NA	unphased	2.23741690408357	1.11870845204179	2
1	153661525	153661526	199	93	4	2	2	1	NA	NA	NA	unphased	1.86195995785037	0.930979978925184	2
1	153785778	153785779	137	15	4	2	2	1	NA	NA	NA	unphased	0.576923076923077	0.576923076923077	1
1	155294556	155294557	63	33	4	2	2	1	NA	NA	NA	unphased	2.00961538461538	1.00480769230769	2
1	157489535	157489536	48	14	4	2	2	1	NA	NA	NA	unphased	1.32009925558313	1.32009925558313	1
1	158724949	158724950	99	44	4	2	2	1	NA	NA	NA	unphased	1.79881656804734	0.899408284023669	2
1	161647122	161647123	62	20	4	2	2	1	NA	NA	NA	unphased	1.42589118198874	1.42589118198874	1
1	161928479	161928480	54	7	4	2	2	1	NA	NA	NA	unphased	0.670870113493064	0.670870113493064	1
1	161954675	161954676	104	34	4	2	2	1	NA	NA	NA	unphased	1.44035674470457	0.720178372352285	2
1	176104180	176104181	94	7	2.32	2	2	0.16	1	1	0.84	unphased	0.288743335872049	0.288743335872049	1
1	176564079	176564080	85	37	2.32	2	2	0.16	1	1	0.84	unphased	1.26350567465322	1.26350567465322	1
1	176833497	176833498	94	31	2.32	2	2	0.16	1	1	0.84	unphased	1.03320615384615	1.03320615384615	1
1	185112485	185112486	107	18	2.32	2	2	0.16	1	1	0.84	unphased	0.599926153846154	0.599926153846154	1
1	193149770	193149771	53	21	2.32	2	2	0.16	1	1	0.84	unphased	1.1822869022869	1.1822869022869	1
1	196857237	196857238	17	15	2.32	2	2	0.16	1	1	0.84	unphased	1.95288461538462	1.68352122015915	1.16
1	196952166	196952167	71	28	2.32	2	2	0.16	1	1	0.84	unphased	1.17830613830614	1.17830613830614	1
1	202288199	202288200	81	21	2.32	2	2	0.16	1	1	0.84	unphased	0.857737556561086	0.857737556561086	1
1	204588529	204588530	67	28	2.32	2	2	0.16	1	1	0.84	unphased	1.22791902834008	1.22791902834008	1
1	205764056	205764057	53	10	2.32	2	2	0.16	1	1	0.84	unphased	0.661294261294261	0.661294261294261	1
1	207131899	207131900	44	37	2.32	2	2	0.16	1	1	0.84	unphased	1.9030579297246	1.64056718079707	1.16
1	209773328	209773329	28	10	2.32	2	2	0.16	1	1	0.84	unphased	1.09635627530364	1.09635627530364	1
1	212538543	212538544	125	6	2.32	2	2	0.16	1	1	0.84	unphased	0.190816206694069	1.19260129183793	0.16
1	226465482	226465483	39	20	2.32	2	2	0.16	1	1	0.84	unphased	1.4122555410691	1.4122555410691	1
1	227834312	227834313	75	36	2.32	2	2	0.16	1	1	0.84	unphased	1.35118503118503	1.16481468205606	1.16
1	235419065	235419066	18	5	2.32	2	2	0.16	1	1	0.84	unphased	0.905685618729097	0.905685618729097	1
1	235904767	235904768	183	13	2.32	2	2	0.16	1	1	0.84	unphased	0.276326530612245	0.276326530612245	1
1	236767252	236767253	27	7	2.32	2	2	0.16	1	1	0.84	unphased	0.857737556561086	0.857737556561086	1
1	237870394	237870395	64	40	2.32	2	2	0.16	1	1	0.84	unphased	1.60236686390533	1.38135074474597	1.16
1	237995867	237995868	36	4	2.32	2	2	0.16	1	1	0.84	unphased	0.416615384615385	0.416615384615385	1
1	240371535	240371536	114	21	2.32	2	2	0.16	1	1	0.84	unphased	0.648068376068376	0.648068376068376	1
1	240371537	240371538	111	23	2.32	2	2	0.16	1	1	0.84	unphased	0.715086107921929	0.715086107921929	1
1	240601507	240601508	65	29	2.32	2	2	0.16	1	1	0.84	unphased	1.28530278232406	1.28530278232406	1
1	242035402	242035403	29	8	2.32	2	2	0.16	1	1	0.84	unphased	0.900790020790021	0.900790020790021	1
1	242162077	242162078	283	136	2.32	2	2	0.16	1	1	0.84	unphased	1.35225995961079	1.16574134449206	1.16
1	245927372	245927373	75	19	2.32	2	2	0.16	1	1	0.84	unphased	0.842094926350245	0.842094926350245	1
1	247263934	247263935	54	32	2.32	2	2	0.16	1	1	0.84	unphased	1.55019677996422	1.33637653445192	1.16
1	247614884	247614885	49	28	2.32	2	2	0.16	1	1	0.84	unphased	1.51496503496503	1.3060043404871	1.16
1	247695520	247695521	26	5	2.32	2	2	0.16	1	1	0.84	unphased	0.671960297766749	0.671960297766749	1
1	247768904	247768905	49	26	2.32	2	2	0.16	1	1	0.84	unphased	1.44426666666667	1.24505747126437	1.16
1	248112447	248112448	180	72	NA	NA	NA	NA	NA	NA	NA	unphased	NA	NA	1
1	248344138	248344139	120	56	NA	NA	NA	NA	NA	NA	NA	unphased	NA	NA	1
1	248551757	248551758	47	16	NA	NA	NA	NA	NA	NA	NA	unphased	NA	NA	1
1	248789737	248789738	36	25	NA	NA	NA	NA	NA	NA	NA	unphased	NA	NA	1
10	8115749	8115750	31	16	3	2	1	1	NA	NA	NA	unphased	1.64975450081833	0.824877250409165	2
10	28284101	28284102	11	5	3	2	1	1	NA	NA	NA	unphased	1.51442307692308	1.51442307692308	1
10	28971017	28971018	57	11	3	2	1	1	NA	NA	NA	unphased	0.78393665158371	0.78393665158371	1
10	33197322	33197323	56	29	3	2	1	1	NA	NA	NA	unphased	1.65339366515837	0.826696832579186	2
10	43610078	43610079	81	29	3	2	1	1	NA	NA	NA	unphased	1.27762237762238	1.27762237762238	1
10	45430150	45430151	67	17	3	2	1	1	NA	NA	NA	unphased	0.980769230769231	0.980769230769231	1
10	59955725	59955726	18	3	3	2	1	1	NA	NA	NA	unphased	0.692307692307692	0.692307692307692	1
10	85944495	85944496	51	14	3	2	1	1	NA	NA	NA	unphased	1.04378698224852	1.04378698224852	1
10	96006093	96006094	78	11	3	2	1	1	NA	NA	NA	unphased	0.598962834917891	0.598962834917891	1
10	96044623	96044624	37	7	3	2	1	1	NA	NA	NA	unphased	0.770979020979021	0.770979020979021	1
10	97920514	97920515	4	4	3	2	1	1	NA	NA	NA	unphased	2.42307692307692	2.42307692307692	1
10	101090508	101090509	58	7	3	2	1	1	NA	NA	NA	unphased	0.52189349112426	0.52189349112426	1
10	102240873	102240874	29	6	3	2	1	1	NA	NA	NA	unphased	0.830769230769231	0.830769230769231	1
10	103899066	103899067	118	17	3	2	1	1	NA	NA	NA	unphased	0.61025641025641	0.61025641025641	1
10	108412225	108412226	65	37	3	2	1	1	NA	NA	NA	unphased	1.7579185520362	0.8789592760181	2
10	111878343	111878344	46	12	3	2	1	1	NA	NA	NA	unphased	1.0026525198939	1.0026525198939	1
10	111878344	111878345	46	13	3	2	1	1	NA	NA	NA	unphased	1.06779661016949	1.06779661016949	1
10	113920366	113920367	44	8	3	2	1	1	NA	NA	NA	unphased	0.745562130177515	0.745562130177515	1
10	124896921	124896922	35	12	3	2	1	1	NA	NA	NA	unphased	1.23731587561375	1.23731587561375	1
10	135103346	135103347	27	6	3	2	1	1	NA	NA	NA	unphased	0.881118881118881	0.881118881118881	1
11	294631	294632	108	92	NA	NA	NA	NA	NA	NA	NA	unphased	NA	NA	1
11	1104216	1104217	13	10	4	2	2	1	NA	NA	NA	unphased	2.54180602006689	1.27090301003344	2
11	4510530	4510531	68	16	4	2	2	1	NA	NA	NA	unphased	1.11355311355311	1.11355311355311	1
11	4824841	4824842	105	35	4	2	2	1	NA	NA	NA	unphased	1.46153846153846	0.730769230769231	2
11	4945161	4945162	61	16	4	2	2	1	NA	NA	NA	unphased	1.21478521478521	1.21478521478521	1
11	5662406	5662407	45	6	4	2	2	1	NA	NA	NA	unphased	0.687782805429864	0.687782805429864	1
11	6023969	6023970	77	33	4	2	2	1	NA	NA	NA	unphased	1.75384615384615	0.876923076923077	2
11	6023970	6023971	76	34	4	2	2	1	NA	NA	NA	unphased	1.80699300699301	0.903496503496503	2
11	18737181	18737182	91	52	4	2	2	1	NA	NA	NA	unphased	2.12587412587413	1.06293706293706	2
11	22301124	22301125	32	10	4	2	2	1	NA	NA	NA	unphased	1.39194139194139	1.39194139194139	1
11	32410600	32410601	73	23	4	2	2	1	NA	NA	NA	unphased	1.40064102564103	0.700320512820513	2
11	32954045	32954046	31	14	4	2	2	1	NA	NA	NA	unphased	1.81880341880342	0.909401709401709	2
11	34118040	34118041	52	22	4	2	2	1	NA	NA	NA	unphased	1.73804573804574	0.869022869022869	2
11	34144096	34144097	27	13	4	2	2	1	NA	NA	NA	unphased	1.9	0.95	2
11	55340359	55340360	65	40	4	2	2	1	NA	NA	NA	unphased	2.22710622710623	1.11355311355311	2
11	55999683	55999684	67	30	4	2	2	1	NA	NA	NA	unphased	1.8080888183981	0.904044409199048	2
11	56467882	56467883	73	8	4	2	2	1	NA	NA	NA	unphased	0.577397910731244	0.577397910731244	1
11	62289359	62289360	178	60	4	2	2	1	NA	NA	NA	unphased	1.47382029734971	0.736910148674854	2
11	63233716	63233717	80	10	4	2	2	1	NA	NA	NA	unphased	0.64957264957265	0.64957264957265	1
11	64361218	64361219	49	5	4	2	2	1	NA	NA	NA	unphased	0.541310541310541	0.541310541310541	1
11	64956138	64956139	41	11	4	2	2	1	NA	NA	NA	unphased	1.23668639053254	1.23668639053254	1
11	65820148	65820149	98	24	4	2	2	1	NA	NA	NA	unphased	1.1500630517024	1.1500630517024	1
11	76823686	76823687	81	43	4	2	2	1	NA	NA	NA	unphased	2.0272952853598	1.0136476426799	2
11	83810078	83810079	48	20	4	2	2	1	NA	NA	NA	unphased	1.71945701357466	0.85972850678733	2
11	88780792	88780793	18	15	4	2	2	1	NA	NA	NA	unphased	2.65734265734266	1.32867132867133	2
11	89774304	89774305	29	4	4	2	2	1	NA	NA	NA	unphased	0.708624708624709	0.708624708624709	1
11	95825537	95825538	25	5	4	2	2	1	NA	NA	NA	unphased	0.974358974358974	0.974358974358974	1
11	117784502	117784503	85	39	4	2	2	1	NA	NA	NA	unphased	1.83870967741935	0.919354838709677	2
11	123624669	123624670	83	37	4	2	2	1	NA	NA	NA	unphased	1.8025641025641	0.901282051282051	2
11	123847578	123847579	93	42	4	2	2	1	NA	NA	NA	unphased	1.81880341880342	0.909401709401709	2
11	124134894	124134895	30	24	4	2	2	1	NA	NA	NA	unphased	2.5982905982906	1.2991452991453	2
11	133790777	133790778	18	14	4	2	2	1	NA	NA	NA	unphased	2.55769230769231	1.27884615384615	2
11	134257560	134257561	26	10	NA	NA	NA	NA	NA	NA	NA	unphased	NA	NA	1
12	8328492	8328493	107	58	4	2	2	1	NA	NA	NA	unphased	2.05501165501166	1.02750582750583	2
12	10600194	10600195	85	32	4	2	2	1	NA	NA	NA	unphased	1.59894806048652	0.799474030243261	2
12	14018866	14018867	67	43	4	2	2	1	NA	NA	NA	unphased	2.28531468531469	1.14265734265734	2
12	39998732	39998733	29	9	4	2	2	1	NA	NA	NA	unphased	1.38461538461538	1.38461538461538	1
12	40677837	40677838	60	32	4	2	2	1	NA	NA	NA	unphased	2.03344481605351	1.01672240802676	2
12	48369170	48369171	82	29	4	2	2	1	NA	NA	NA	unphased	1.52737352737353	0.763686763686764	2
12	49233866	49233867	91	41	4	2	2	1	NA	NA	NA	unphased	1.81585081585082	0.907925407925408	2
12	51685832	51685833	22	10	4	2	2	1	NA	NA	NA	unphased	1.82692307692308	0.913461538461538	2
12	54333215	54333216	17	4	4	2	2	1	NA	NA	NA	unphased	1.11355311355311	1.11355311355311	1
12	54350344	54350345	66	44	4	2	2	1	NA	NA	NA	unphased	2.33846153846154	1.16923076923077	2
12	54379299	54379300	98	34	4	2	2	1	NA	NA	NA	unphased	1.50582750582751	0.752913752913753	2
12	57881766	57881767	19	10	4	2	2	1	NA	NA	NA	unphased	2.0159151193634	1.0079575596817	2
12	64812764	64812765	60	29	4	2	2	1	NA	NA	NA	unphased	1.90492653414002	0.952463267070009	2
12	66712447	66712448	57	23	4	2	2	1	NA	NA	NA	unphased	1.68076923076923	0.840384615384615	2
12	66712448	66712449	57	23	4	2	2	1	NA	NA	NA	unphased	1.68076923076923	0.840384615384615	2
12	72680596	72680597	123	44	4	2	2	1	NA	NA	NA	unphased	1.54030400736988	0.770152003684938	2
12	72680597	72680598	121	44	4	2	2	1	NA	NA	NA	unphased	1.55897435897436	0.779487179487179	2
12	91449355	91449356	50	19	4	2	2	1	NA	NA	NA	unphased	1.6098104793757	0.804905239687848	2
12	95228312	95228313	36	12	4	2	2	1	NA	NA	NA	unphased	1.46153846153846	1.46153846153846	1
12	101480561	101480562	74	38	4	2	2	1	NA	NA	NA	unphased	1.98351648351648	0.991758241758242	2
12	106734766	106734767	74	46	4	2	2	1	NA	NA	NA	unphased	2.24102564102564	1.12051282051282	2
12	109577788	109577789	60	18	4	2	2	1	NA	NA	NA	unphased	1.3491124260355	1.3491124260355	1
12	110488998	110488999	26	9	4	2	2	1	NA	NA	NA	unphased	1.5032967032967	1.5032967032967	1
12	110488999	110489000	24	8	4	2	2	1	NA	NA	NA	unphased	1.46153846153846	1.46153846153846	1
12	111885143	111885144	183	59	4	2	2	1	NA	NA	NA	unphased	1.42530197075652	0.712650985378258	2
12	113307816	113307817	31	11	4	2	2	1	NA	NA	NA	unphased	1.53113553113553	1.53113553113553	1
12	113532896	113532897	31	27	4	2	2	1	NA	NA	NA	unphased	2.72148541114058	1.36074270557029	2
12	121441936	121441937	78	39	4	2	2	1	NA	NA	NA	unphased	1.94871794871795	0.974358974358974	2
12	128899620	128899621	4	6	4	2	2	1	NA	NA	NA	unphased	3.50769230769231	1.75384615384615	2
12	129559136	129559137	43	18	4	2	2	1	NA	NA	NA	unphased	1.72509457755359	0.862547288776797	2
12	129563129	129563130	92	27	4	2	2	1	NA	NA	NA	unphased	1.32643826761474	1.32643826761474	1
12	130184790	130184791	28	13	4	2	2	1	NA	NA	NA	unphased	1.85365853658537	0.926829268292683	2
12	133393327	133393328	46	5	NA	NA	NA	NA	NA	NA	NA	unphased	NA	NA	1
13	36220459	36220460	21	10	2	2	0	1	NA	NA	NA	unphased	1.24069478908189	1.24069478908189	1
13	36686211	36686212	30	37	2	2	0	1	NA	NA	NA	unphased	2.1239954075775	1.06199770378875	2
13	52676106	52676107	25	31	2	2	0	1	NA	NA	NA	unphased	2.12912087912088	1.06456043956044	2
13	99362008	99362009	18	16	2	2	0	1	NA	NA	NA	unphased	1.80995475113122	0.904977375565611	2
13	101881935	101881936	34	47	2	2	0	1	NA	NA	NA	unphased	2.23171889838556	1.11585944919278	2
14	20249015	20249016	243	64	NA	NA	NA	NA	NA	NA	NA	unphased	NA	NA	1
14	20389463	20389464	221	46	NA	NA	NA	NA	NA	NA	NA	unphased	NA	NA	1
14	23887512	23887513	49	26	2	2	0	1	NA	NA	NA	unphased	1.33333333333333	1.33333333333333	1
14	29236983	29236984	13	6	2	2	0	1	NA	NA	NA	unphased	1.21457489878543	1.21457489878543	1
14	29237784	29237785	22	21	2	2	0	1	NA	NA	NA	unphased	1.8783542039356	0.9391771019678	2
14	62212463	62212464	50	38	2	2	0	1	NA	NA	NA	unphased	1.66083916083916	0.83041958041958	2
14	91341595	91341596	44	40	2	2	0	1	NA	NA	NA	unphased	1.83150183150183	0.915750915750916	2
14	107035129	107035130	12	6	NA	NA	NA	NA	NA	NA	NA	unphased	NA	NA	1
15	25959007	25959008	32	26	2	2	0	1	NA	NA	NA	unphased	1.72413793103448	0.862068965517241	2
15	43769951	43769952	33	26	2	2	0	1	NA	NA	NA	unphased	1.69491525423729	0.847457627118644	2
15	54919024	54919025	10	6	2	2	0	1	NA	NA	NA	unphased	1.44230769230769	1.44230769230769	1
15	58302885	58302886	21	23	2	2	0	1	NA	NA	NA	unphased	2.01048951048951	1.00524475524476	2
15	73614998	73614999	17	7	4	2	2	1	NA	NA	NA	unphased	1.70512820512821	1.70512820512821	1
15	74166004	74166005	11	6	4	2	2	1	NA	NA	NA	unphased	2.06334841628959	1.0316742081448	2
15	74836312	74836313	17	7	4	2	2	1	NA	NA	NA	unphased	1.70512820512821	1.70512820512821	1
15	87572094	87572095	34	12	4	2	2	1	NA	NA	NA	unphased	1.52508361204013	1.52508361204013	1
15	98995089	98995090	24	10	4	2	2	1	NA	NA	NA	unphased	1.71945701357466	0.85972850678733	2
16	778913	778914	4	4	2	2	0	1	NA	NA	NA	unphased	1.92307692307692	1.92307692307692	1
16	4833464	4833465	91	18	2	2	0	1	NA	NA	NA	unphased	0.63514467184192	0.63514467184192	1
16	12061634	12061635	51	33	4	2	2	1	NA	NA	NA	unphased	2.2967032967033	1.14835164835165	2
16	18839467	18839468	23	6	4	2	2	1	NA	NA	NA	unphased	1.20954907161804	1.20954907161804	1
16	19745018	19745019	153	73	4	2	2	1	NA	NA	NA	unphased	1.88835942818244	0.944179714091219	2
16	20348050	20348051	39	20	4	2	2	1	NA	NA	NA	unphased	1.98174706649283	0.990873533246415	2
16	20693596	20693597	51	25	4	2	2	1	NA	NA	NA	unphased	1.92307692307692	0.961538461538462	2
16	23203769	23203770	45	27	4	2	2	1	NA	NA	NA	unphased	2.19230769230769	1.09615384615385	2
16	23690601	23690602	69	24	4	2	2	1	NA	NA	NA	unphased	1.50868486352357	0.754342431761787	2
16	24551940	24551941	37	20	4	2	2	1	NA	NA	NA	unphased	2.05128205128205	1.02564102564103	2
16	25255121	25255122	104	32	4	2	2	1	NA	NA	NA	unphased	1.37556561085973	0.687782805429864	2
16	30036750	30036751	19	12	4	2	2	1	NA	NA	NA	unphased	2.26302729528536	1.13151364764268	2
16	57003552	57003553	26	31	2	2	0	1	NA	NA	NA	unphased	2.09176788124157	1.04588394062078	2
16	57608963	57608964	18	19	2	2	0	1	NA	NA	NA	unphased	1.97505197505197	0.987525987525987	2
16	70905983	70905984	53	14	2	2	0	1	NA	NA	NA	unphased	0.803673938002296	0.803673938002296	1
16	72827519	72827520	57	8	2	2	0	1	NA	NA	NA	unphased	0.473372781065089	0.473372781065089	1
16	77359897	77359898	17	11	2	2	0	1	NA	NA	NA	unphased	1.51098901098901	1.51098901098901	1
16	90160449	90160450	18	5	NA	NA	NA	NA	NA	NA	NA	unphased	NA	NA	1
17	7577045	7577046	33	38	2	2	0	1	NA	NA	NA	unphased	2.05850487540628	1.02925243770314	2
17	10296508	10296509	46	43	2	2	0	1	NA	NA	NA	unphased	1.85825410544512	0.929127052722558	2
17	15207422	15207423	83	7	2	2	0	1	NA	NA	NA	unphased	0.299145299145299	0.299145299145299	1
17	18907348	18907349	40	8	2	2	0	1	NA	NA	NA	unphased	0.641025641025641	0.641025641025641	1
17	26882010	26882011	30	13	4	2	2	1	NA	NA	NA	unphased	1.76744186046512	0.883720930232558	2
17	27308604	27308605	17	8	4	2	2	1	NA	NA	NA	unphased	1.87076923076923	0.935384615384615	2
17	36093690	36093691	61	30	4	2	2	1	NA	NA	NA	unphased	1.927303465765	0.963651732882502	2
17	38907437	38907438	47	20	4	2	2	1	NA	NA	NA	unphased	1.7451205510907	0.87256027554535	2
17	39535893	39535894	55	14	4	2	2	1	NA	NA	NA	unphased	1.18617614269788	1.18617614269788	1
17	39680520	39680521	106	18	4	2	2	1	NA	NA	NA	unphased	0.84863523573201	0.84863523573201	1
17	40720495	40720496	211	36	4	2	2	1	NA	NA	NA	unphased	0.85207100591716	0.85207100591716	1
17	53853538	53853539	5	5	4	2	2	1	NA	NA	NA	unphased	2.92307692307692	1.46153846153846	2
17	54526458	54526459	67	20	4	2	2	1	NA	NA	NA	unphased	1.34394341290893	1.34394341290893	1
17	58556529	58556530	66	15	4	2	2	1	NA	NA	NA	unphased	1.08262108262108	1.08262108262108	1
17	59469462	59469463	43	22	4	2	2	1	NA	NA	NA	unphased	1.97869822485207	0.989349112426036	2
17	79246385	79246386	88	30	4	2	2	1	NA	NA	NA	unphased	1.48631029986962	0.743155149934811	2
17	81042968	81042969	106	36	NA	NA	NA	NA	NA	NA	NA	unphased	NA	NA	1
18	23807097	23807098	30	5	3	2	1	1	NA	NA	NA	unphased	0.692307692307692	0.692307692307692	1
18	25565005	25565006	29	32	3	2	1	1	NA	NA	NA	unphased	2.5422446406053	1.27112232030265	2
18	30913139	30913140	22	4	3	2	1	1	NA	NA	NA	unphased	0.745562130177515	0.745562130177515	1
18	30913140	30913141	23	4	3	2	1	1	NA	NA	NA	unphased	0.717948717948718	0.717948717948718	1
18	30926327	30926328	43	29	3	2	1	1	NA	NA	NA	unphased	1.95192307692308	0.975961538461539	2
18	31326029	31326030	60	8	3	2	1	1	NA	NA	NA	unphased	0.570135746606335	0.570135746606335	1
18	33800151	33800152	36	18	3	2	1	1	NA	NA	NA	unphased	1.61538461538462	0.807692307692308	2
18	42531132	42531133	46	31	3	2	1	1	NA	NA	NA	unphased	1.95104895104895	0.975524475524476	2
18	43502436	43502437	27	11	3	2	1	1	NA	NA	NA	unphased	1.40283400809717	1.40283400809717	1
18	44775320	44775321	9	4	3	2	1	1	NA	NA	NA	unphased	1.49112426035503	1.49112426035503	1
18	56202619	56202620	38	9	3	2	1	1	NA	NA	NA	unphased	0.927986906710311	0.927986906710311	1
18	59947604	59947605	99	23	3	2	1	1	NA	NA	NA	unphased	0.913619167717528	0.913619167717528	1
18	61390621	61390622	95	29	3	2	1	1	NA	NA	NA	unphased	1.1333746898263	1.1333746898263	1
18	67231797	67231798	33	26	3	2	1	1	NA	NA	NA	unphased	2.13559322033898	1.06779661016949	2
18	67688049	67688050	32	21	3	2	1	1	NA	NA	NA	unphased	1.92017416545718	0.960087082728592	2
18	70205516	70205517	91	22	3	2	1	1	NA	NA	NA	unphased	0.943498978897209	0.943498978897209	1
18	73000063	73000064	24	11	2	2	0	1	NA	NA	NA	unphased	1.20879120879121	1.20879120879121	1
19	2102233	2102234	171	30	2.7	2	2	0.35	1	1	0.65	unphased	0.678530424799081	0.678530424799081	1
19	2116660	2116661	17	4	2.7	2	2	0.35	1	1	0.65	unphased	0.865934065934066	0.865934065934066	1
19	2732788	2732789	96	7	2.7	2	2	0.35	1	1	0.65	unphased	0.308961911874533	0.882748319641523	0.35
19	4475318	4475319	56	25	4	2	2	1	NA	NA	NA	unphased	1.80436847103514	0.902184235517569	2
19	8434180	8434181	25	11	4	2	2	1	NA	NA	NA	unphased	1.78632478632479	0.893162393162393	2
19	9056369	9056370	44	18	4	2	2	1	NA	NA	NA	unphased	1.69727047146402	0.84863523573201	2
19	9059171	9059172	102	44	4	2	2	1	NA	NA	NA	unphased	1.76185458377239	0.880927291886196	2
19	12430576	12430577	123	45	4	2	2	1	NA	NA	NA	unphased	1.56593406593407	0.782967032967033	2
19	12691567	12691568	74	39	4	2	2	1	NA	NA	NA	unphased	2.01769911504425	1.00884955752212	2
19	13260667	13260668	11	7	4	2	2	1	NA	NA	NA	unphased	2.27350427350427	1.13675213675214	2
19	15067307	15067308	19	8	4	2	2	1	NA	NA	NA	unphased	1.73219373219373	1.73219373219373	1
19	15564265	15564266	15	8	4	2	2	1	NA	NA	NA	unphased	2.03344481605351	1.01672240802676	2
19	16593536	16593537	46	16	4	2	2	1	NA	NA	NA	unphased	1.50868486352357	0.754342431761787	2
19	17988634	17988635	119	52	4	2	2	1	NA	NA	NA	unphased	1.77777777777778	0.888888888888889	2
19	18193056	18193057	23	8	4	2	2	1	NA	NA	NA	unphased	1.50868486352357	1.50868486352357	1
19	22784213	22784214	15	3	4	2	2	1	NA	NA	NA	unphased	0.974358974358974	0.974358974358974	1
19	33353091	33353092	118	5	4	2	2	1	NA	NA	NA	unphased	0.237648530331457	0.237648530331457	1
19	35422830	35422831	21	7	4	2	2	1	NA	NA	NA	unphased	1.46153846153846	1.46153846153846	1
19	40761111	40761112	145	61	4	2	2	1	NA	NA	NA	unphased	1.731142643764	0.865571321882001	2
19	41442093	41442094	98	9	4	2	2	1	NA	NA	NA	unphased	0.491732566498922	0.491732566498922	1
19	41442102	41442103	87	11	4	2	2	1	NA	NA	NA	unphased	0.656200941915228	0.656200941915228	1
19	42213631	42213632	148	61	4	2	2	1	NA	NA	NA	unphased	1.70629370629371	0.853146853146853	2
19	44099263	44099264	10	4	4	2	2	1	NA	NA	NA	unphased	1.67032967032967	1.67032967032967	1
19	44934066	44934067	16	4	4	2	2	1	NA	NA	NA	unphased	1.16923076923077	1.16923076923077	1
19	49967887	49967888	169	82	4	2	2	1	NA	NA	NA	unphased	1.90989886607416	0.954949433037082	2
19	49967888	49967889	171	82	4	2	2	1	NA	NA	NA	unphased	1.89480085132259	0.947400425661295	2
19	51330198	51330199	34	20	4	2	2	1	NA	NA	NA	unphased	2.16524216524217	1.08262108262108	2
19	51983902	51983903	63	31	4	2	2	1	NA	NA	NA	unphased	1.92798690671031	0.963993453355155	2
19	52937292	52937293	95	12	4	2	2	1	NA	NA	NA	unphased	0.655643421998562	0.655643421998562	1
19	54758649	54758650	77	26	4	2	2	1	NA	NA	NA	unphased	1.47572815533981	0.737864077669903	2
19	58601607	58601608	96	5	4	2	2	1	NA	NA	NA	unphased	0.289413556740289	0.289413556740289	1
2	3405663	3405664	198	66	3	2	1	1	NA	NA	NA	unphased	1.21153846153846	1.21153846153846	1
2	29160859	29160860	19	5	3	2	1	1	NA	NA	NA	unphased	1.00961538461538	1.00961538461538	1
2	30993188	30993189	63	10	3	2	1	1	NA	NA	NA	unphased	0.663856691253952	0.663856691253952	1
2	47202109	47202110	80	50	3	2	1	1	NA	NA	NA	unphased	1.86390532544379	0.931952662721893	2
2	61552552	61552553	36	3	3	2	1	1	NA	NA	NA	unphased	0.372781065088757	0.372781065088757	1
2	74783760	74783761	87	42	3	2	1	1	NA	NA	NA	unphased	1.5778175313059	0.788908765652952	2
2	89339798	89339799	259	35	3	2	1	1	NA	NA	NA	unphased	0.576923076923077	0.576923076923077	1
2	89339799	89339800	257	35	3	2	1	1	NA	NA	NA	unphased	0.580874604847208	0.580874604847208	1
2	89976359	89976360	110	33	3	2	1	1	NA	NA	NA	unphased	1.11834319526627	1.11834319526627	1
2	95847381	95847382	60	32	3	2	1	1	NA	NA	NA	unphased	1.68561872909699	0.842809364548495	2
2	111419359	111419360	88	13	3	2	1	1	NA	NA	NA	unphased	0.623762376237624	0.623762376237624	1
2	136603895	136603896	87	54	3	2	1	1	NA	NA	NA	unphased	1.85597381342062	0.927986906710311	2
2	152553149	152553150	21	12	3	2	1	1	NA	NA	NA	unphased	1.76223776223776	0.881118881118881	2
2	152989756	152989757	55	33	3	2	1	1	NA	NA	NA	unphased	1.81730769230769	0.908653846153846	2
2	154996980	154996981	56	9	3	2	1	1	NA	NA	NA	unphased	0.671005917159763	0.671005917159763	1
2	163215624	163215625	85	16	3	2	1	1	NA	NA	NA	unphased	0.767707539984768	0.767707539984768	1
2	168105605	168105606	61	14	3	2	1	1	NA	NA	NA	unphased	0.904615384615385	0.904615384615385	1
2	179410245	179410246	245	72	3	2	1	1	NA	NA	NA	unphased	1.10070371269109	1.10070371269109	1
2	179485446	179485447	92	38	3	2	1	1	NA	NA	NA	unphased	1.41656804733728	0.708284023668639	2
2	197750590	197750591	18	8	3	2	1	1	NA	NA	NA	unphased	1.49112426035503	1.49112426035503	1
2	201488677	201488678	86	22	3	2	1	1	NA	NA	NA	unphased	0.987179487179487	0.987179487179487	1
2	210654267	210654268	82	50	3	2	1	1	NA	NA	NA	unphased	1.83566433566434	0.917832167832168	2
2	211476890	211476891	108	57	3	2	1	1	NA	NA	NA	unphased	1.67412587412587	0.837062937062937	2
2	219602411	219602412	48	21	3	2	1	1	NA	NA	NA	unphased	1.47491638795987	0.737458193979933	2
2	220430017	220430018	40	8	3	2	1	1	NA	NA	NA	unphased	0.807692307692308	0.807692307692308	1
2	228884562	228884563	57	42	3	2	1	1	NA	NA	NA	unphased	2.05594405594406	1.02797202797203	2
2	232663572	232663573	35	5	3	2	1	1	NA	NA	NA	unphased	0.605769230769231	0.605769230769231	1
2	239038893	239038894	8	3	3	2	1	1	NA	NA	NA	unphased	1.32167832167832	1.32167832167832	1
2	240969033	240969034	59	6	3	2	1	1	NA	NA	NA	unphased	0.447337278106509	0.447337278106509	1
2	241537775	241537776	74	14	3	2	1	1	NA	NA	NA	unphased	0.770979020979021	0.770979020979021	1
20	126364	126365	79	10	NA	NA	NA	NA	NA	NA	NA	unphased	NA	NA	1
20	2384093	2384094	46	22	3	2	1	1	NA	NA	NA	unphased	1.56787330316742	0.78393665158371	2
20	16729025	16729026	42	32	3	2	1	1	NA	NA	NA	unphased	2.0956340956341	1.04781704781705	2
20	20571915	20571916	34	15	3	2	1	1	NA	NA	NA	unphased	1.48351648351648	1.48351648351648	1
20	29845485	29845486	62	26	3	2	1	1	NA	NA	NA	unphased	1.43181818181818	0.715909090909091	2
20	29964964	29964965	10	9	3	2	1	1	NA	NA	NA	unphased	2.29554655870445	1.14777327935223	2
20	30956902	30956903	52	23	3	2	1	1	NA	NA	NA	unphased	1.48615384615385	0.743076923076923	2
20	31622896	31622897	41	28	3	2	1	1	NA	NA	NA	unphased	1.96655518394649	0.983277591973244	2
20	36641944	36641945	90	19	3	2	1	1	NA	NA	NA	unphased	0.844742413549753	0.844742413549753	1
20	44978922	44978923	12	4	3	2	1	1	NA	NA	NA	unphased	1.21153846153846	1.21153846153846	1
20	57599433	57599434	42	8	3	2	1	1	NA	NA	NA	unphased	0.775384615384615	0.775384615384615	1
20	58342278	58342279	49	9	3	2	1	1	NA	NA	NA	unphased	0.751989389920424	0.751989389920424	1
20	61288445	61288446	13	3	3	2	1	1	NA	NA	NA	unphased	0.908653846153846	0.908653846153846	1
21	15748051	15748052	87	16	4	2	2	1	NA	NA	NA	unphased	0.908140403286034	0.908140403286034	1
21	28213324	28213325	112	37	4	2	2	1	NA	NA	NA	unphased	1.45172947857512	0.725864739287558	2
21	43176908	43176909	39	27	4	2	2	1	NA	NA	NA	unphased	2.39160839160839	1.1958041958042	2
21	45709936	45709937	24	4	4	2	2	1	NA	NA	NA	unphased	0.835164835164835	0.835164835164835	1
22	23248710	23248711	73	13	3	2	1	1	NA	NA	NA	unphased	0.732558139534884	0.732558139534884	1
22	23248711	23248712	75	13	3	2	1	1	NA	NA	NA	unphased	0.715909090909091	0.715909090909091	1
22	37425470	37425471	20	5	3	2	1	1	NA	NA	NA	unphased	0.969230769230769	0.969230769230769	1
22	50722168	50722169	42	5	NA	NA	NA	NA	NA	NA	NA	unphased	NA	NA	1
3	10452314	10452315	71	66	2	2	0	1	NA	NA	NA	unphased	1.85289163391353	0.926445816956766	2
3	39453523	39453524	56	44	2	2	0	1	NA	NA	NA	unphased	1.69230769230769	0.846153846153846	2
3	50289942	50289943	14	8	2	2	0	1	NA	NA	NA	unphased	1.3986013986014	1.3986013986014	1
3	50402389	50402390	24	13	2	2	0	1	NA	NA	NA	unphased	1.35135135135135	1.35135135135135	1
3	75679969	75679970	113	7	2	2	0	1	NA	NA	NA	unphased	0.224358974358974	0.224358974358974	1
3	89448578	89448579	71	50	7	5	2	1	NA	NA	NA	unphased	3.65543547361729	0.913858868404323	4
3	96945199	96945200	68	56	5	3	2	1	NA	NA	NA	unphased	3.09181141439206	1.03060380479735	3
3	98072853	98072854	177	170	5	3	2	1	NA	NA	NA	unphased	3.35402349811572	1.11800783270524	3
3	111927149	111927150	74	22	5	3	2	1	NA	NA	NA	unphased	1.56891025641026	0.784455128205128	2
3	118865645	118865646	117	75	5	3	2	1	NA	NA	NA	unphased	2.67427884615385	0.891426282051282	3
3	119367194	119367195	71	26	5	3	2	1	NA	NA	NA	unphased	1.83505154639175	0.917525773195876	2
3	122287482	122287483	71	8	5	3	2	1	NA	NA	NA	unphased	0.693281402142162	0.693281402142162	1
3	127413884	127413885	82	15	5	3	2	1	NA	NA	NA	unphased	1.05868358445678	1.05868358445678	1
3	129284239	129284240	112	24	5	3	2	1	NA	NA	NA	unphased	1.20814479638009	1.20814479638009	1
3	138665397	138665398	43	22	5	3	2	1	NA	NA	NA	unphased	2.31715976331361	1.1585798816568	2
3	142681152	142681153	149	33	5	3	2	1	NA	NA	NA	unphased	1.24133558748943	1.24133558748943	1
3	153943623	153943624	15	11	5	3	2	1	NA	NA	NA	unphased	2.89644970414201	0.965483234714004	3
3	155215159	155215160	90	43	5	3	2	1	NA	NA	NA	unphased	2.21341816078658	1.10670908039329	2
3	164907435	164907436	59	28	5	3	2	1	NA	NA	NA	unphased	2.20335985853227	1.10167992926614	2
3	183885413	183885414	65	37	5	3	2	1	NA	NA	NA	unphased	2.48340874811463	0.82780291603821	3
3	184102907	184102908	135	104	5	3	2	1	NA	NA	NA	unphased	2.97907949790795	0.99302649930265	3
3	197411071	197411072	183	106	5	3	2	1	NA	NA	NA	unphased	2.51104604737823	0.837015349126076	3
4	2831865	2831866	22	10	4	2	2	1	NA	NA	NA	unphased	1.82692307692308	0.913461538461538	2
4	3240676	3240677	14	4	4	2	2	1	NA	NA	NA	unphased	1.2991452991453	1.2991452991453	1
4	3432186	3432187	73	36	4	2	2	1	NA	NA	NA	unphased	1.93083980239944	0.965419901199718	2
4	42965028	42965029	145	75	4	2	2	1	NA	NA	NA	unphased	1.99300699300699	0.996503496503496	2
4	49005775	49005776	73	36	4	2	2	1	NA	NA	NA	unphased	1.93083980239944	0.965419901199718	2
4	49040171	49040172	216	25	4	2	2	1	NA	NA	NA	unphased	0.606447494414299	0.606447494414299	1
4	55573378	55573379	45	22	4	2	2	1	NA	NA	NA	unphased	1.91963260619977	0.959816303099885	2
4	62599198	62599199	23	7	4	2	2	1	NA	NA	NA	unphased	1.36410256410256	1.36410256410256	1
4	71255749	71255750	10	11	4	2	2	1	NA	NA	NA	unphased	3.06227106227106	1.53113553113553	2
4	71508610	71508611	32	11	4	2	2	1	NA	NA	NA	unphased	1.49552772808587	1.49552772808587	1
4	104044073	104044074	85	48	4	2	2	1	NA	NA	NA	unphased	2.10989010989011	1.05494505494505	2
4	107258105	107258106	117	55	4	2	2	1	NA	NA	NA	unphased	1.86940966010733	0.934704830053667	2
4	126373518	126373519	35	23	4	2	2	1	NA	NA	NA	unphased	2.3183023872679	1.15915119363395	2
4	138452814	138452815	40	23	4	2	2	1	NA	NA	NA	unphased	2.13431013431013	1.06715506715507	2
4	140640672	140640673	61	16	4	2	2	1	NA	NA	NA	unphased	1.21478521478521	1.21478521478521	1
4	155507651	155507652	96	38	4	2	2	1	NA	NA	NA	unphased	1.65786452353617	0.828932261768083	2
4	163032514	163032515	48	21	4	2	2	1	NA	NA	NA	unphased	1.77926421404682	0.889632107023411	2
5	423961	423962	51	19	NA	NA	NA	NA	NA	NA	NA	unphased	NA	NA	1
5	21817214	21817215	43	11	4	2	2	1	NA	NA	NA	unphased	1.19088319088319	1.19088319088319	1
5	24537583	24537584	85	41	4	2	2	1	NA	NA	NA	unphased	1.9023199023199	0.951159951159951	2
5	40936570	40936571	25	8	4	2	2	1	NA	NA	NA	unphased	1.41724941724942	1.41724941724942	1
5	63256386	63256387	209	82	4	2	2	1	NA	NA	NA	unphased	1.64736981231827	0.823684906159133	2
5	63256567	63256568	53	38	4	2	2	1	NA	NA	NA	unphased	2.44125105663567	1.22062552831784	2
5	65458267	65458268	79	35	4	2	2	1	NA	NA	NA	unphased	1.79487179487179	0.897435897435897	2
5	94818180	94818181	68	47	2	2	0	1	NA	NA	NA	unphased	1.57190635451505	0.785953177257525	2
5	102465357	102465358	32	14	2	2	0	1	NA	NA	NA	unphased	1.17056856187291	1.17056856187291	1
5	109091070	109091071	38	28	2	2	0	1	NA	NA	NA	unphased	1.63170163170163	0.815850815850816	2
5	109091071	109091072	37	29	2	2	0	1	NA	NA	NA	unphased	1.68997668997669	0.844988344988345	2
5	112770309	112770310	13	15	2	2	0	1	NA	NA	NA	unphased	2.06043956043956	1.03021978021978	2
5	114916321	114916322	22	14	2	2	0	1	NA	NA	NA	unphased	1.4957264957265	1.4957264957265	1
5	118556210	118556211	24	12	2	2	0	1	NA	NA	NA	unphased	1.28205128205128	1.28205128205128	1
5	121187956	121187957	25	26	2	2	0	1	NA	NA	NA	unphased	1.96078431372549	0.980392156862745	2
5	135207435	135207436	11	6	4	2	2	1	NA	NA	NA	unphased	2.06334841628959	1.0316742081448	2
5	140188227	140188228	106	35	4	2	2	1	NA	NA	NA	unphased	1.45117294053464	0.725586470267321	2
5	140553064	140553065	74	24	4	2	2	1	NA	NA	NA	unphased	1.43171114599686	0.71585557299843	2
5	140563665	140563666	215	62	4	2	2	1	NA	NA	NA	unphased	1.30852540960844	1.30852540960844	1
5	140788043	140788044	100	54	4	2	2	1	NA	NA	NA	unphased	2.04995004995005	1.02497502497503	2
5	153182049	153182050	177	58	4	2	2	1	NA	NA	NA	unphased	1.44288052373159	0.721440261865794	2
5	157065673	157065674	58	28	4	2	2	1	NA	NA	NA	unphased	1.90339892665474	0.95169946332737	2
5	161116067	161116068	47	24	4	2	2	1	NA	NA	NA	unphased	1.97616468039003	0.988082340195016	2
5	164028094	164028095	8	5	4	2	2	1	NA	NA	NA	unphased	2.24852071005917	1.12426035502959	2
5	176306900	176306901	6	9	4	2	2	1	NA	NA	NA	unphased	3.50769230769231	1.75384615384615	2
6	7578695	7578696	42	17	4	2	2	1	NA	NA	NA	unphased	1.6844850065189	0.842242503259452	2
6	11191257	11191258	61	10	2	2	0	1	NA	NA	NA	unphased	0.541711809317443	0.541711809317443	1
6	18121729	18121730	35	24	4	2	2	1	NA	NA	NA	unphased	2.37809647979139	1.1890482398957	2
6	24486306	24486307	84	32	4	2	2	1	NA	NA	NA	unphased	1.61273209549072	0.806366047745358	2
6	25967001	25967002	41	5	4	2	2	1	NA	NA	NA	unphased	0.635451505016722	0.635451505016722	1
6	26199202	26199203	158	83	4	2	2	1	NA	NA	NA	unphased	2.01340568145547	1.00670284072774	2
6	28195075	28195076	36	14	4	2	2	1	NA	NA	NA	unphased	1.63692307692308	0.818461538461539	2
6	29141636	29141637	129	58	4	2	2	1	NA	NA	NA	unphased	1.81324557795146	0.90662278897573	2
6	31124711	31124712	48	8	4	2	2	1	NA	NA	NA	unphased	0.835164835164835	0.835164835164835	1
6	31901972	31901973	155	70	4	2	2	1	NA	NA	NA	unphased	1.81880341880342	0.909401709401709	2
6	36298275	36298276	74	27	4	2	2	1	NA	NA	NA	unphased	1.56283320639756	0.781416603198781	2
6	38875764	38875765	46	18	4	2	2	1	NA	NA	NA	unphased	1.64423076923077	0.822115384615385	2
6	39073152	39073153	31	12	4	2	2	1	NA	NA	NA	unphased	1.63148479427549	0.815742397137746	2
6	39847174	39847175	89	28	4	2	2	1	NA	NA	NA	unphased	1.39907955292571	0.699539776462853	2
6	44148729	44148730	200	83	4	2	2	1	NA	NA	NA	unphased	1.7145963577059	0.857298178852949	2
6	49660416	49660417	35	19	4	2	2	1	NA	NA	NA	unphased	2.05698005698006	1.02849002849003	2
6	49803028	49803029	104	42	4	2	2	1	NA	NA	NA	unphased	1.68177028451001	0.840885142255005	2
6	56458838	56458839	28	3	4	2	2	1	NA	NA	NA	unphased	0.56575682382134	0.56575682382134	1
6	57512540	57512541	91	7	4	2	2	1	NA	NA	NA	unphased	0.417582417582418	0.417582417582418	1
6	57512664	57512665	407	58	4	2	2	1	NA	NA	NA	unphased	0.729197684036394	0.729197684036394	1
6	70642684	70642685	21	7	4	2	2	1	NA	NA	NA	unphased	1.46153846153846	1.46153846153846	1
6	72945369	72945370	23	8	4	2	2	1	NA	NA	NA	unphased	1.50868486352357	1.50868486352357	1
6	74135209	74135210	19	8	4	2	2	1	NA	NA	NA	unphased	1.73219373219373	1.73219373219373	1
6	76407184	76407185	79	18	4	2	2	1	NA	NA	NA	unphased	1.08485329103886	1.08485329103886	1
6	84233871	84233872	44	13	4	2	2	1	NA	NA	NA	unphased	1.33333333333333	1.33333333333333	1
6	84834964	84834965	30	13	4	2	2	1	NA	NA	NA	unphased	1.76744186046512	0.883720930232558	2
6	86238003	86238004	95	23	4	2	2	1	NA	NA	NA	unphased	1.13950456323338	1.13950456323338	1
6	88853871	88853872	68	27	4	2	2	1	NA	NA	NA	unphased	1.66153846153846	0.830769230769231	2
6	96974311	96974312	43	22	4	2	2	1	NA	NA	NA	unphased	1.97869822485207	0.989349112426036	2
6	101091953	101091954	66	28	4	2	2	1	NA	NA	NA	unphased	1.74140752864157	0.870703764320786	2
6	106967368	106967369	65	10	4	2	2	1	NA	NA	NA	unphased	0.779487179487179	0.779487179487179	1
6	116288772	116288773	144	87	4	2	2	1	NA	NA	NA	unphased	2.2017982017982	1.1008991008991	2
6	116441204	116441205	102	34	4	2	2	1	NA	NA	NA	unphased	1.46153846153846	0.730769230769231	2
6	121482136	121482137	75	38	4	2	2	1	NA	NA	NA	unphased	1.96596324029952	0.982981620149762	2
6	127797041	127797042	105	33	4	2	2	1	NA	NA	NA	unphased	1.39799331103679	0.698996655518395	2
6	132058533	132058534	99	52	4	2	2	1	NA	NA	NA	unphased	2.01324503311258	1.00662251655629	2
6	133783615	133783616	42	17	4	2	2	1	NA	NA	NA	unphased	1.6844850065189	0.842242503259452	2
6	135518251	135518252	64	28	4	2	2	1	NA	NA	NA	unphased	1.77926421404682	0.889632107023411	2
6	136582546	136582547	222	20	4	2	2	1	NA	NA	NA	unphased	0.483153210425938	0.483153210425938	1
6	139581548	139581549	31	6	4	2	2	1	NA	NA	NA	unphased	0.948024948024948	0.948024948024948	1
6	148852678	148852679	71	7	4	2	2	1	NA	NA	NA	unphased	0.52465483234714	0.52465483234714	1
6	152457843	152457844	96	31	4	2	2	1	NA	NA	NA	unphased	1.42701393095094	0.713506965475469	2
6	158924587	158924588	111	17	4	2	2	1	NA	NA	NA	unphased	0.776442307692308	0.776442307692308	1
6	166944750	166944751	120	42	4	2	2	1	NA	NA	NA	unphased	1.51566951566952	0.757834757834758	2
6	166952242	166952243	117	40	4	2	2	1	NA	NA	NA	unphased	1.48946594806467	0.744732974032337	2
7	16823038	16823039	112	41	4	2	2	1	NA	NA	NA	unphased	1.5666163901458	0.783308195072901	2
7	23296524	23296525	29	16	4	2	2	1	NA	NA	NA	unphased	2.07863247863248	1.03931623931624	2
7	34698023	34698024	62	30	4	2	2	1	NA	NA	NA	unphased	1.90635451505017	0.953177257525084	2
7	36552907	36552908	76	48	4	2	2	1	NA	NA	NA	unphased	2.26302729528536	1.13151364764268	2
7	39247147	39247148	56	22	4	2	2	1	NA	NA	NA	unphased	1.64891518737673	0.824457593688363	2
7	41739743	41739744	458	217	4	2	2	1	NA	NA	NA	unphased	1.8794301994302	0.9397150997151	2
7	47925505	47925506	68	30	4	2	2	1	NA	NA	NA	unphased	1.78963893249608	0.894819466248038	2
7	77402501	77402502	69	4	4	2	2	1	NA	NA	NA	unphased	0.320337197049526	0.320337197049526	1
7	80433463	80433464	61	34	4	2	2	1	NA	NA	NA	unphased	2.09230769230769	1.04615384615385	2
7	82595571	82595572	31	7	4	2	2	1	NA	NA	NA	unphased	1.07692307692308	1.07692307692308	1
7	92146599	92146600	74	21	4	2	2	1	NA	NA	NA	unphased	1.29230769230769	1.29230769230769	1
7	117171038	117171039	37	13	4	2	2	1	NA	NA	NA	unphased	1.52	1.52	1
7	120781009	120781010	41	15	4	2	2	1	NA	NA	NA	unphased	1.56593406593407	0.782967032967033	2
7	124463991	124463992	11	7	4	2	2	1	NA	NA	NA	unphased	2.27350427350427	1.13675213675214	2
7	130144842	130144843	84	49	4	2	2	1	NA	NA	NA	unphased	2.15384615384615	1.07692307692308	2
7	131864619	131864620	28	16	4	2	2	1	NA	NA	NA	unphased	2.12587412587413	1.06293706293706	2
7	140246714	140246715	34	17	4	2	2	1	NA	NA	NA	unphased	1.94871794871795	0.974358974358974	2
7	143793033	143793034	250	96	4	2	2	1	NA	NA	NA	unphased	1.6220542463317	0.811027123165851	2
7	144098176	144098177	32	9	4	2	2	1	NA	NA	NA	unphased	1.28330206378987	1.28330206378987	1
7	148801408	148801409	50	19	4	2	2	1	NA	NA	NA	unphased	1.6098104793757	0.804905239687848	2
7	149191347	149191348	323	76	4	2	2	1	NA	NA	NA	unphased	1.11355311355311	1.11355311355311	1
7	149519066	149519067	5	3	4	2	2	1	NA	NA	NA	unphased	2.19230769230769	2.19230769230769	1
8	2092769	2092770	82	25	4	2	2	1	NA	NA	NA	unphased	1.36592379583034	1.36592379583034	1
8	6599248	6599249	155	27	4	2	2	1	NA	NA	NA	unphased	0.867286559594252	0.867286559594252	1
8	11970532	11970533	31	12	4	2	2	1	NA	NA	NA	unphased	1.63148479427549	0.815742397137746	2
8	13948000	13948001	113	25	4	2	2	1	NA	NA	NA	unphased	1.05908584169454	1.05908584169454	1
8	17067529	17067530	11	6	4	2	2	1	NA	NA	NA	unphased	2.06334841628959	1.0316742081448	2
8	20072435	20072436	147	24	4	2	2	1	NA	NA	NA	unphased	0.82051282051282	0.82051282051282	1
8	33455065	33455066	10	4	4	2	2	1	NA	NA	NA	unphased	1.67032967032967	1.67032967032967	1
8	37632909	37632910	211	35	4	2	2	1	NA	NA	NA	unphased	0.8317698561601	0.8317698561601	1
8	43147703	43147704	52	17	4	2	2	1	NA	NA	NA	unphased	1.44035674470457	1.44035674470457	1
8	59410910	59410911	134	25	4	2	2	1	NA	NA	NA	unphased	0.919206579583938	0.919206579583938	1
8	59510062	59510063	111	50	4	2	2	1	NA	NA	NA	unphased	1.81557572861921	0.907787864309603	2
8	75227785	75227786	26	18	4	2	2	1	NA	NA	NA	unphased	2.39160839160839	1.1958041958042	2
8	77619959	77619960	23	10	4	2	2	1	NA	NA	NA	unphased	1.77156177156177	0.885780885780886	2
8	77762549	77762550	23	5	4	2	2	1	NA	NA	NA	unphased	1.04395604395604	1.04395604395604	1
8	77764410	77764411	34	12	4	2	2	1	NA	NA	NA	unphased	1.52508361204013	1.52508361204013	1
8	82371420	82371421	96	43	4	2	2	1	NA	NA	NA	unphased	1.80852241283896	0.90426120641948	2
8	82606089	82606090	38	10	4	2	2	1	NA	NA	NA	unphased	1.21794871794872	1.21794871794872	1
8	87738857	87738858	212	115	4	2	2	1	NA	NA	NA	unphased	2.05598682662903	1.02799341331451	2
8	89086883	89086884	71	24	4	2	2	1	NA	NA	NA	unphased	1.47692307692308	0.738461538461538	2
8	113243774	113243775	73	19	4	2	2	1	NA	NA	NA	unphased	1.20735785953177	1.20735785953177	1
8	117954823	117954824	26	6	4	2	2	1	NA	NA	NA	unphased	1.09615384615385	1.09615384615385	1
8	121180416	121180417	48	15	4	2	2	1	NA	NA	NA	unphased	1.39194139194139	1.39194139194139	1
8	133905966	133905967	68	30	4	2	2	1	NA	NA	NA	unphased	1.78963893249608	0.894819466248038	2
8	146033236	146033237	25	9	NA	NA	NA	NA	NA	NA	NA	unphased	NA	NA	1
9	14722193	14722194	30	39	3	3	0	1	NA	NA	NA	unphased	2.73913043478261	0.91304347826087	3
9	14722194	14722195	31	38	3	3	0	1	NA	NA	NA	unphased	2.66889632107023	0.889632107023411	3
9	43627598	43627599	278	93	NA	NA	NA	NA	NA	NA	NA	unphased	NA	NA	1
9	73213587	73213588	28	38	2	2	0	1	NA	NA	NA	unphased	2.21445221445221	1.10722610722611	2
9	79322528	79322529	10	19	2	2	0	1	NA	NA	NA	unphased	2.51989389920424	1.25994694960212	2
9	103278965	103278966	25	21	2	2	0	1	NA	NA	NA	unphased	1.75585284280936	0.877926421404682	2
9	109687454	109687455	32	19	2	2	0	1	NA	NA	NA	unphased	1.43288084464555	0.716440422322775	2
9	111849548	111849549	44	28	2	2	0	1	NA	NA	NA	unphased	1.4957264957265	0.747863247863248	2
9	130635307	130635308	24	14	2	2	0	1	NA	NA	NA	unphased	1.417004048583	1.417004048583	1
9	131708119	131708120	28	30	2	2	0	1	NA	NA	NA	unphased	1.9893899204244	0.994694960212202	2
9	138831518	138831519	52	44	2	2	0	1	NA	NA	NA	unphased	1.76282051282051	0.881410256410256	2
X	2994676	2994677	69	28	NA	NA	NA	NA	NA	NA	NA	unphased	NA	NA	1
X	3229336	3229337	82	49	NA	NA	NA	NA	NA	NA	NA	unphased	NA	NA	1
X	3239272	3239273	36	17	NA	NA	NA	NA	NA	NA	NA	unphased	NA	NA	1
X	3241620	3241621	49	30	NA	NA	NA	NA	NA	NA	NA	unphased	NA	NA	1
X	15268650	15268651	73	47	NA	NA	NA	NA	NA	NA	NA	unphased	NA	NA	1
X	17750560	17750561	140	57	NA	NA	NA	NA	NA	NA	NA	unphased	NA	NA	1
X	18213463	18213464	85	42	NA	NA	NA	NA	NA	NA	NA	unphased	NA	NA	1
X	19984558	19984559	153	61	NA	NA	NA	NA	NA	NA	NA	unphased	NA	NA	1
X	21995344	21995345	126	57	NA	NA	NA	NA	NA	NA	NA	unphased	NA	NA	1
X	30260346	30260347	24	17	NA	NA	NA	NA	NA	NA	NA	unphased	NA	NA	1
X	34149738	34149739	86	46	NA	NA	NA	NA	NA	NA	NA	unphased	NA	NA	1
X	37526659	37526660	24	13	NA	NA	NA	NA	NA	NA	NA	unphased	NA	NA	1
X	44929134	44929135	35	10	NA	NA	NA	NA	NA	NA	NA	unphased	NA	NA	1
X	44929135	44929136	34	11	NA	NA	NA	NA	NA	NA	NA	unphased	NA	NA	1
X	46359969	46359970	54	34	NA	NA	NA	NA	NA	NA	NA	unphased	NA	NA	1
X	47072579	47072580	32	7	NA	NA	NA	NA	NA	NA	NA	unphased	NA	NA	1
X	47835817	47835818	51	22	NA	NA	NA	NA	NA	NA	NA	unphased	NA	NA	1
X	47976519	47976520	104	61	NA	NA	NA	NA	NA	NA	NA	unphased	NA	NA	1
X	48545166	48545167	66	35	NA	NA	NA	NA	NA	NA	NA	unphased	NA	NA	1
X	48564688	48564689	47	25	NA	NA	NA	NA	NA	NA	NA	unphased	NA	NA	1
X	48895758	48895759	48	5	NA	NA	NA	NA	NA	NA	NA	unphased	NA	NA	1
X	49454106	49454107	143	91	NA	NA	NA	NA	NA	NA	NA	unphased	NA	NA	1
X	54577999	54578000	43	27	NA	NA	NA	NA	NA	NA	NA	unphased	NA	NA	1
X	54841945	54841946	17	4	NA	NA	NA	NA	NA	NA	NA	unphased	NA	NA	1
X	71349657	71349658	68	32	NA	NA	NA	NA	NA	NA	NA	unphased	NA	NA	1
X	105451314	105451315	9	4	NA	NA	NA	NA	NA	NA	NA	unphased	NA	NA	1
X	106396452	106396453	113	23	NA	NA	NA	NA	NA	NA	NA	unphased	NA	NA	1
X	108636230	108636231	98	45	NA	NA	NA	NA	NA	NA	NA	unphased	NA	NA	1
X	109694530	109694531	46	46	NA	NA	NA	NA	NA	NA	NA	unphased	NA	NA	1
X	123556174	123556175	66	47	NA	NA	NA	NA	NA	NA	NA	unphased	NA	NA	1
X	132351779	132351780	13	21	NA	NA	NA	NA	NA	NA	NA	unphased	NA	NA	1
X	135429746	135429747	16	20	NA	NA	NA	NA	NA	NA	NA	unphased	NA	NA	1
X	139586875	139586876	21	6	NA	NA	NA	NA	NA	NA	NA	unphased	NA	NA	1
X	142967376	142967377	96	55	NA	NA	NA	NA	NA	NA	NA	unphased	NA	NA	1
X	144904763	144904764	143	36	NA	NA	NA	NA	NA	NA	NA	unphased	NA	NA	1
X	144904764	144904765	140	37	NA	NA	NA	NA	NA	NA	NA	unphased	NA	NA	1
X	144905617	144905618	60	11	NA	NA	NA	NA	NA	NA	NA	unphased	NA	NA	1
X	148798459	148798460	65	33	NA	NA	NA	NA	NA	NA	NA	unphased	NA	NA	1
X	150869362	150869363	64	23	NA	NA	NA	NA	NA	NA	NA	unphased	NA	NA	1
X	151336617	151336618	11	6	NA	NA	NA	NA	NA	NA	NA	unphased	NA	NA	1
X	151358200	151358201	66	29	NA	NA	NA	NA	NA	NA	NA	unphased	NA	NA	1
X	152226410	152226411	39	20	NA	NA	NA	NA	NA	NA	NA	unphased	NA	NA	1
X	152939534	152939535	28	6	NA	NA	NA	NA	NA	NA	NA	unphased	NA	NA	1
