chr	start	end	WT.count	mut.count	subclonal.CN	nMaj1	nMin1	frac1	nMaj2	nMin2	frac2	phase	mutation.copy.number	subclonal.fraction	no.chrs.bearing.mut
1	2489855	2489856	242	17	NA	NA	NA	NA	NA	NA	NA	unphased	NA	NA	1
1	6172311	6172312	285	31	1	2	1	0	0	1	1	unphased	0.51503164556962	0.51503164556962	1
1	7723879	7723880	86	13	1	2	1	0	0	1	1	unphased	0.689393939393939	0.689393939393939	1
1	8424120	8424121	67	13	1	2	1	0	0	1	1	unphased	0.853125	0.853125	1
1	12884856	12884857	298	78	1	2	1	0	0	1	1	unphased	1.08909574468085	1.08909574468085	1
1	16356266	16356267	257	75	1	2	1	0	0	1	1	unphased	1.18599397590361	1.18599397590361	1
1	24201600	24201601	72	23	1	2	1	0	0	1	1	unphased	1.27105263157895	1.27105263157895	1
1	28929897	28929898	14	3	1	2	1	0	0	1	1	unphased	0.926470588235294	0.926470588235294	1
1	32790113	32790114	334	31	1	2	1	0	0	1	1	unphased	0.445890410958904	0.445890410958904	1
1	38433752	38433753	387	46	1	2	1	0	0	1	1	unphased	0.557736720554272	0.557736720554272	1
1	47264764	47264765	41	14	1	2	1	0	0	1	1	unphased	1.33636363636364	1.33636363636364	1
1	55073686	55073687	72	28	1	2	1	0	0	1	1	unphased	1.47	1.47	1
1	64644347	64644348	66	6	1	2	1	0	0	1	1	unphased	0.4375	0.4375	1
1	64644348	64644349	69	6	1	2	1	0	0	1	1	unphased	0.42	0.42	1
1	65851527	65851528	127	41	1	2	1	0	0	1	1	unphased	1.28125	1.28125	1
1	75172094	75172095	166	52	1	2	1	0	0	1	1	unphased	1.25229357798165	1.25229357798165	1
1	87046039	87046040	46	6	1	2	1	0	0	1	1	unphased	0.605769230769231	0.605769230769231	1
1	89885844	89885845	160	18	1	2	1	0	0	1	1	unphased	0.530898876404494	0.530898876404494	1
1	109867698	109867699	70	10	1	2	1	0	0	1	1	unphased	0.65625	0.65625	1
1	145415532	145415533	43	11	1	2	1	0	0	1	1	unphased	1.06944444444444	1.06944444444444	1
1	157497477	157497478	276	31	1	2	1	0	0	1	1	unphased	0.530130293159609	0.530130293159609	1
1	158259728	158259729	16	5	1	2	1	0	0	1	1	unphased	1.25	1.25	1
1	159033383	159033384	465	54	1	2	1	0	0	1	1	unphased	0.546242774566474	0.546242774566474	1
1	159038487	159038488	193	18	1	2	1	0	0	1	1	unphased	0.447867298578199	0.447867298578199	1
1	159779336	159779337	90	23	1	2	1	0	0	1	1	unphased	1.06858407079646	1.06858407079646	1
1	161047494	161047495	52	15	1	2	1	0	0	1	1	unphased	1.17537313432836	1.17537313432836	1
1	161681017	161681018	33	14	1	2	1	0	0	1	1	unphased	1.56382978723404	1.56382978723404	1
1	169351413	169351414	207	8	1	2	1	0	0	1	1	unphased	0.195348837209302	0.195348837209302	1
1	170521414	170521415	129	16	1	2	1	0	0	1	1	unphased	0.579310344827586	0.579310344827586	1
1	173454636	173454637	144	34	1	2	1	0	0	1	1	unphased	1.00280898876404	1.00280898876404	1
1	175372601	175372602	228	59	1	2	1	0	0	1	1	unphased	1.07926829268293	1.07926829268293	1
1	179012954	179012955	77	6	1	2	1	0	0	1	1	unphased	0.379518072289157	0.379518072289157	1
1	182025609	182025610	34	3	1	2	1	0	0	1	1	unphased	0.425675675675676	0.425675675675676	1
1	183849772	183849773	133	39	1	2	1	0	0	1	1	unphased	1.19040697674419	1.19040697674419	1
1	186034500	186034501	55	17	1	2	1	0	0	1	1	unphased	1.23958333333333	1.23958333333333	1
1	186113769	186113770	179	8	1	2	1	0	0	1	1	unphased	0.224598930481283	0.224598930481283	1
1	186135423	186135424	80	23	1	2	1	0	0	1	1	unphased	1.17233009708738	1.17233009708738	1
1	197059369	197059370	188	17	1	2	1	0	0	1	1	unphased	0.435365853658537	0.435365853658537	1
1	200017502	200017503	215	69	1	2	1	0	0	1	1	unphased	1.27552816901408	1.27552816901408	1
1	201021733	201021734	144	41	1	2	1	0	0	1	1	unphased	1.16351351351351	1.16351351351351	1
1	215820988	215820989	94	34	1	2	1	0	0	1	1	unphased	1.39453125	1.39453125	1
1	216062151	216062152	135	19	1	2	1	0	0	1	1	unphased	0.647727272727273	0.647727272727273	1
1	237659996	237659997	315	26	1	2	1	0	0	1	1	unphased	0.400293255131965	0.400293255131965	1
1	240976949	240976950	98	8	1	2	1	0	0	1	1	unphased	0.39622641509434	0.39622641509434	1
1	243493951	243493952	103	16	4	2	2	1	NA	NA	NA	unphased	1.10924369747899	1.10924369747899	1
1	243493993	243493994	81	11	4	2	2	1	NA	NA	NA	unphased	0.986413043478261	0.986413043478261	1
1	248616916	248616917	109	16	NA	NA	NA	NA	NA	NA	NA	unphased	NA	NA	1
1	248685372	248685373	65	16	NA	NA	NA	NA	NA	NA	NA	unphased	NA	NA	1
1	249212653	249212654	29	5	NA	NA	NA	NA	NA	NA	NA	unphased	NA	NA	1
10	24508608	24508609	54	14	3	2	1	1	NA	NA	NA	unphased	1.49264705882353	1.49264705882353	1
10	24889803	24889804	176	33	3	2	1	1	NA	NA	NA	unphased	1.14473684210526	1.14473684210526	1
10	32308784	32308785	204	28	3	2	1	1	NA	NA	NA	unphased	0.875	0.875	1
10	33502337	33502338	307	40	3	2	1	1	NA	NA	NA	unphased	0.835734870317003	0.835734870317003	1
10	49420151	49420152	65	9	3	2	1	1	NA	NA	NA	unphased	0.881756756756757	0.881756756756757	1
10	62023626	62023627	83	15	3	2	1	1	NA	NA	NA	unphased	1.10969387755102	1.10969387755102	1
10	75552489	75552490	63	22	3	2	1	1	NA	NA	NA	unphased	1.87647058823529	0.938235294117647	2
10	81072427	81072428	257	32	3	2	1	1	NA	NA	NA	unphased	0.802768166089965	0.802768166089965	1
10	88703304	88703305	126	11	3	2	1	1	NA	NA	NA	unphased	0.582116788321168	0.582116788321168	1
10	97959871	97959872	53	6	3	2	1	1	NA	NA	NA	unphased	0.73728813559322	0.73728813559322	1
10	98307701	98307702	190	23	3	2	1	1	NA	NA	NA	unphased	0.782863849765258	0.782863849765258	1
10	98743174	98743175	73	10	3	2	1	1	NA	NA	NA	unphased	0.873493975903614	0.873493975903614	1
10	104156749	104156750	66	22	3	2	1	1	NA	NA	NA	unphased	1.8125	0.90625	2
10	104176590	104176591	87	18	3	2	1	1	NA	NA	NA	unphased	1.24285714285714	1.24285714285714	1
10	118355772	118355773	387	26	1.32	2	1	0.16	1	0	0.84	unphased	0.350653753026634	0.350653753026634	1
10	118440727	118440728	77	10	1.32	2	1	0.16	1	0	0.84	unphased	0.640229885057471	0.640229885057471	1
10	124813229	124813230	242	25	4	3	1	1	NA	NA	NA	unphased	0.772471910112359	0.772471910112359	1
10	129902952	129902953	528	232	4	3	1	1	NA	NA	NA	unphased	2.51842105263158	0.839473684210526	3
10	134219732	134219733	139	8	4	3	1	1	NA	NA	NA	unphased	0.448979591836735	0.448979591836735	1
11	218910	218911	91	10	NA	NA	NA	NA	NA	NA	NA	unphased	NA	NA	1
11	760200	760201	98	9	2	2	0	1	NA	NA	NA	unphased	0.525700934579439	0.525700934579439	1
11	5275710	5275711	62	9	2	2	0	1	NA	NA	NA	unphased	0.792253521126761	0.792253521126761	1
11	6477809	6477810	49	16	2	2	0	1	NA	NA	NA	unphased	1.53846153846154	0.769230769230769	2
11	6913538	6913539	65	7	4	2	2	1	NA	NA	NA	unphased	0.802083333333333	0.802083333333333	1
11	19955278	19955279	114	14	4	2	2	1	NA	NA	NA	unphased	0.90234375	0.90234375	1
11	21592311	21592312	173	14	4	2	2	1	NA	NA	NA	unphased	0.617647058823529	0.617647058823529	1
11	55735799	55735800	129	38	2.33	2	1	0.33	1	1	0.67	unphased	1.49724550898204	1.12574850299401	1.33
11	56143501	56143502	286	67	2.33	2	1	0.33	1	1	0.67	unphased	1.24889518413598	0.939018935440584	1.33
11	58675946	58675947	21	3	2.33	2	1	0.33	1	1	0.67	unphased	0.8225	0.8225	1
11	62415493	62415494	95	16	2.33	2	1	0.33	1	1	0.67	unphased	0.948468468468468	0.948468468468468	1
11	64591969	64591970	115	16	2.33	2	1	0.33	1	1	0.67	unphased	0.803664122137404	0.803664122137404	1
11	65270501	65270502	25	3	2.33	2	1	0.33	1	1	0.67	unphased	0.705	0.705	1
11	65631127	65631128	39	4	2.33	2	1	0.33	1	1	0.67	unphased	0.612093023255814	0.612093023255814	1
11	66039946	66039947	38	14	2.33	2	1	0.33	1	1	0.67	unphased	1.77153846153846	1.33198380566802	1.33
11	71193963	71193964	76	12	2.33	2	1	0.33	1	1	0.67	unphased	0.897272727272727	0.897272727272727	1
11	71952322	71952323	42	6	2.33	2	1	0.33	1	1	0.67	unphased	0.8225	0.8225	1
11	76891487	76891488	31	3	2.33	2	1	0.33	1	1	0.67	unphased	0.580588235294118	0.580588235294118	1
11	92085335	92085336	67	9	2.33	2	1	0.33	1	1	0.67	unphased	0.779210526315789	0.779210526315789	1
11	93212300	93212301	89	14	2.33	2	1	0.33	1	1	0.67	unphased	0.894368932038835	0.894368932038835	1
11	102100543	102100544	116	21	2.33	2	1	0.33	1	1	0.67	unphased	1.00861313868613	1.00861313868613	1
11	119027161	119027162	228	44	2.33	2	1	0.33	1	1	0.67	unphased	1.06441176470588	1.06441176470588	1
11	119053028	119053029	133	24	2.33	2	1	0.33	1	1	0.67	unphased	1.00585987261146	1.00585987261146	1
11	119291096	119291097	37	7	2.33	2	1	0.33	1	1	0.67	unphased	1.04681818181818	1.04681818181818	1
11	123887113	123887114	94	9	2.33	2	1	0.33	1	1	0.67	unphased	0.57495145631068	0.57495145631068	1
11	123909336	123909337	241	82	2.33	2	1	0.33	1	1	0.67	unphased	1.67046439628483	1.25598826788333	1.33
11	123909337	123909338	240	81	2.33	2	1	0.33	1	1	0.67	unphased	1.6603738317757	1.24840137727496	1.33
11	124120940	124120941	102	12	2.33	2	1	0.33	1	1	0.67	unphased	0.692631578947368	0.692631578947368	1
11	125301131	125301132	55	6	2.33	2	1	0.33	1	1	0.67	unphased	0.647213114754098	0.647213114754098	1
11	134179566	134179567	34	8	NA	NA	NA	NA	NA	NA	NA	unphased	NA	NA	1
12	1994235	1994236	342	17	8	7	1	1	NA	NA	NA	unphased	0.58008356545961	0.58008356545961	1
12	2977797	2977798	630	35	8	7	1	1	NA	NA	NA	unphased	0.644736842105263	0.644736842105263	1
12	4461795	4461796	261	18	8	7	1	1	NA	NA	NA	unphased	0.790322580645161	0.790322580645161	1
12	4708213	4708214	690	46	8	7	1	1	NA	NA	NA	unphased	0.765625	0.765625	1
12	4872552	4872553	415	26	8	7	1	1	NA	NA	NA	unphased	0.722222222222222	0.722222222222222	1
12	5154351	5154352	264	20	8	7	1	1	NA	NA	NA	unphased	0.862676056338028	0.862676056338028	1
12	6061027	6061028	261	27	8	7	1	1	NA	NA	NA	unphased	1.1484375	1.1484375	1
12	6859069	6859070	190	22	5.13	7	1	0.59	1	0	0.41	unphased	0.973396226415094	0.973396226415094	1
12	7045067	7045068	126	8	5.13	7	1	0.59	1	0	0.41	unphased	0.56	0.56	1
12	13716628	13716629	156	17	6	5	1	1	NA	NA	NA	unphased	1.00722543352601	1.00722543352601	1
12	16704200	16704201	308	25	6	5	1	1	NA	NA	NA	unphased	0.769519519519519	0.769519519519519	1
12	21448549	21448550	124	31	5	4	1	1	NA	NA	NA	unphased	1.85	0.925	2
12	22012564	22012565	533	47	7	6	1	1	NA	NA	NA	unphased	0.911637931034483	0.911637931034483	1
12	22625700	22625701	379	34	7	6	1	1	NA	NA	NA	unphased	0.926150121065375	0.926150121065375	1
12	25378630	25378631	354	31	8	7	1	1	NA	NA	NA	unphased	0.986363636363636	0.986363636363636	1
12	27127130	27127131	173	16	8	7	1	1	NA	NA	NA	unphased	1.03703703703704	1.03703703703704	1
12	46322299	46322300	204	8	3	2	1	1	NA	NA	NA	unphased	0.273584905660377	0.273584905660377	1
12	50186730	50186731	28	5	3	2	1	1	NA	NA	NA	unphased	1.09848484848485	1.09848484848485	1
12	52818287	52818288	247	69	3	2	1	1	NA	NA	NA	unphased	1.58306962025316	0.791534810126582	2
12	52862974	52862975	85	18	3	2	1	1	NA	NA	NA	unphased	1.26699029126214	1.26699029126214	1
12	54966953	54966954	72	31	3	2	1	1	NA	NA	NA	unphased	2.18203883495146	1.09101941747573	2
12	62688080	62688081	133	16	3	2	1	1	NA	NA	NA	unphased	0.778523489932886	0.778523489932886	1
12	66826336	66826337	90	6	3	2	1	1	NA	NA	NA	unphased	0.453125	0.453125	1
12	72956806	72956807	268	43	3	2	1	1	NA	NA	NA	unphased	1.0024115755627	1.0024115755627	1
12	78582038	78582039	175	17	3	2	1	1	NA	NA	NA	unphased	0.641927083333333	0.641927083333333	1
12	78582039	78582040	178	17	3	2	1	1	NA	NA	NA	unphased	0.632051282051282	0.632051282051282	1
12	85417171	85417172	18	9	3	2	1	1	NA	NA	NA	unphased	2.41666666666667	1.20833333333333	2
12	100466590	100466591	129	19	3	2	1	1	NA	NA	NA	unphased	0.930743243243243	0.930743243243243	1
12	100995431	100995432	254	35	3	2	1	1	NA	NA	NA	unphased	0.8780276816609	0.8780276816609	1
12	105446606	105446607	133	16	3	2	1	1	NA	NA	NA	unphased	0.778523489932886	0.778523489932886	1
12	111057658	111057659	167	29	3	2	1	1	NA	NA	NA	unphased	1.07270408163265	1.07270408163265	1
12	120884117	120884118	94	13	3	2	1	1	NA	NA	NA	unphased	0.880841121495327	0.880841121495327	1
12	122990044	122990045	131	25	3	2	1	1	NA	NA	NA	unphased	1.16185897435897	1.16185897435897	1
12	125270945	125270946	146	20	3	2	1	1	NA	NA	NA	unphased	0.873493975903614	0.873493975903614	1
12	133214641	133214642	110	16	NA	NA	NA	NA	NA	NA	NA	unphased	NA	NA	1
13	46276566	46276567	347	41	1.01	2	0	0.01	0	1	0.99	unphased	0.555824742268041	0.555824742268041	1
13	52548932	52548933	110	6	1.01	2	0	0.01	0	1	0.99	unphased	0.272068965517241	0.272068965517241	1
14	20216079	20216080	129	11	NA	NA	NA	NA	NA	NA	NA	unphased	NA	NA	1
14	22205149	22205150	37	6	2	1	1	1	NA	NA	NA	unphased	0.872093023255814	0.872093023255814	1
14	32561036	32561037	198	41	2	1	1	1	NA	NA	NA	unphased	1.07217573221757	1.07217573221757	1
14	36768303	36768304	262	33	2	1	1	1	NA	NA	NA	unphased	0.699152542372881	0.699152542372881	1
14	45564616	45564617	86	13	2	1	1	1	NA	NA	NA	unphased	0.820707070707071	0.820707070707071	1
14	56107113	56107114	77	13	2	1	1	1	NA	NA	NA	unphased	0.902777777777778	0.902777777777778	1
14	62193522	62193523	47	11	2	1	1	1	NA	NA	NA	unphased	1.18534482758621	1.18534482758621	1
14	64518329	64518330	59	8	2	1	1	1	NA	NA	NA	unphased	0.746268656716418	0.746268656716418	1
14	64634227	64634228	268	36	2	1	1	1	NA	NA	NA	unphased	0.740131578947368	0.740131578947368	1
14	91739961	91739962	58	8	2	1	1	1	NA	NA	NA	unphased	0.757575757575758	0.757575757575758	1
14	100187585	100187586	62	5	2	1	1	1	NA	NA	NA	unphased	0.466417910447761	0.466417910447761	1
14	105412141	105412142	200	69	2	1	1	1	NA	NA	NA	unphased	1.60315985130112	1.60315985130112	1
14	106109861	106109862	236	10	NA	NA	NA	NA	NA	NA	NA	unphased	NA	NA	1
14	106237657	106237658	28	4	NA	NA	NA	NA	NA	NA	NA	unphased	NA	NA	1
15	23932116	23932117	17	10	1.22	2	1	0.11	0	1	0.89	unphased	2.02592592592593	1.82515849182516	1.11
15	25472282	25472283	302	83	1.22	2	1	0.11	0	1	0.89	unphased	1.17924675324675	1.17924675324675	1
15	25939989	25939990	55	26	1.22	2	1	0.11	0	1	0.89	unphased	1.7558024691358	1.58180402624847	1.11
15	40510757	40510758	102	12	4	2	2	1	NA	NA	NA	unphased	0.868421052631579	0.868421052631579	1
15	40582281	40582282	167	43	4	2	2	1	NA	NA	NA	unphased	1.68928571428571	0.844642857142857	2
15	41387815	41387816	150	17	4	2	2	1	NA	NA	NA	unphased	0.839820359281437	0.839820359281437	1
15	44194382	44194383	285	41	4	2	2	1	NA	NA	NA	unphased	1.03757668711656	1.03757668711656	1
15	48543959	48543960	103	12	4	2	2	1	NA	NA	NA	unphased	0.860869565217391	0.860869565217391	1
15	63029165	63029166	51	9	4	2	2	1	NA	NA	NA	unphased	1.2375	1.2375	1
15	72862616	72862617	184	25	4	2	2	1	NA	NA	NA	unphased	0.986842105263158	0.986842105263158	1
15	74173807	74173808	89	18	4	2	2	1	NA	NA	NA	unphased	1.38785046728972	1.38785046728972	1
15	74427071	74427072	67	9	4	2	2	1	NA	NA	NA	unphased	0.976973684210526	0.976973684210526	1
15	75111525	75111526	271	25	4	2	2	1	NA	NA	NA	unphased	0.69679054054054	0.69679054054054	1
15	85224008	85224009	358	25	4	2	2	1	NA	NA	NA	unphased	0.538511749347258	0.538511749347258	1
15	99874250	99874251	110	36	4	2	2	1	NA	NA	NA	unphased	2.03424657534247	1.01712328767123	2
15	101853660	101853661	100	6	4	2	2	1	NA	NA	NA	unphased	0.466981132075472	0.466981132075472	1
16	1642249	1642250	178	21	4	3	1	1	NA	NA	NA	unphased	0.870603015075377	0.870603015075377	1
16	3014863	3014864	31	3	4	3	1	1	NA	NA	NA	unphased	0.727941176470588	0.727941176470588	1
16	5057473	5057474	27	3	4	3	1	1	NA	NA	NA	unphased	0.825	0.825	1
16	15788095	15788096	33	7	2	1	1	1	NA	NA	NA	unphased	1.09375	1.09375	1
16	31429653	31429654	112	14	2	1	1	1	NA	NA	NA	unphased	0.694444444444444	0.694444444444444	1
16	50328592	50328593	20	4	2	1	1	1	NA	NA	NA	unphased	1.04166666666667	1.04166666666667	1
16	57238473	57238474	89	16	2	1	1	1	NA	NA	NA	unphased	0.952380952380952	0.952380952380952	1
16	57828920	57828921	17	3	2	1	1	1	NA	NA	NA	unphased	0.9375	0.9375	1
16	58150846	58150847	90	20	2	1	1	1	NA	NA	NA	unphased	1.13636363636364	1.13636363636364	1
16	67043094	67043095	35	7	2	1	1	1	NA	NA	NA	unphased	1.04166666666667	1.04166666666667	1
16	68321709	68321710	97	21	2	1	1	1	NA	NA	NA	unphased	1.11228813559322	1.11228813559322	1
16	75563468	75563469	41	6	2	1	1	1	NA	NA	NA	unphased	0.797872340425532	0.797872340425532	1
16	81062392	81062393	7	4	2	1	1	1	NA	NA	NA	unphased	2.27272727272727	2.27272727272727	1
16	82069286	82069287	194	32	2	1	1	1	NA	NA	NA	unphased	0.884955752212389	0.884955752212389	1
16	88552353	88552354	50	6	2	1	1	1	NA	NA	NA	unphased	0.669642857142857	0.669642857142857	1
16	90162300	90162301	188	21	NA	NA	NA	NA	NA	NA	NA	unphased	NA	NA	1
17	1635743	1635744	89	9	4	4	0	1	NA	NA	NA	unphased	0.75765306122449	0.75765306122449	1
17	10401170	10401171	125	49	4	4	0	1	NA	NA	NA	unphased	2.32327586206897	1.16163793103448	2
17	11701001	11701002	61	12	2	2	0	1	NA	NA	NA	unphased	1.02739726027397	1.02739726027397	1
17	18030105	18030106	175	27	4	4	0	1	NA	NA	NA	unphased	1.10272277227723	1.10272277227723	1
17	28525412	28525413	39	8	3	3	0	1	NA	NA	NA	unphased	1.23404255319149	1.23404255319149	1
17	28530213	28530214	171	7	3	3	0	1	NA	NA	NA	unphased	0.285112359550562	0.285112359550562	1
17	37111151	37111152	70	20	3	3	0	1	NA	NA	NA	unphased	1.61111111111111	0.805555555555555	2
17	38420909	38420910	165	20	3	3	0	1	NA	NA	NA	unphased	0.783783783783784	0.783783783783784	1
17	39967461	39967462	250	117	3	3	0	1	NA	NA	NA	unphased	2.31130790190736	1.15565395095368	2
17	39967462	39967463	246	117	3	3	0	1	NA	NA	NA	unphased	2.33677685950413	1.16838842975207	2
17	42090412	42090413	40	10	3	3	0	1	NA	NA	NA	unphased	1.45	1.45	1
17	46700365	46700366	173	68	3	3	0	1	NA	NA	NA	unphased	2.04564315352697	1.02282157676349	2
17	56661939	56661940	144	31	3	3	0	1	NA	NA	NA	unphased	1.28428571428571	1.28428571428571	1
17	57758805	57758806	161	20	3	3	0	1	NA	NA	NA	unphased	0.80110497237569	0.80110497237569	1
17	58529389	58529390	117	34	3	3	0	1	NA	NA	NA	unphased	1.63245033112583	0.816225165562914	2
17	59534944	59534945	56	7	3	3	0	1	NA	NA	NA	unphased	0.805555555555555	0.805555555555555	1
18	13884679	13884680	127	16	1.36	2	2	0.12	0	1	0.88	unphased	0.627692307692308	0.627692307692308	1
18	29171818	29171819	41	5	1.36	2	2	0.12	0	1	0.88	unphased	0.609782608695652	0.609782608695652	1
18	34839194	34839195	55	16	1.36	2	2	0.12	0	1	0.88	unphased	1.26422535211268	1.26422535211268	1
18	42281629	42281630	132	22	1.36	2	2	0.12	0	1	0.88	unphased	0.801428571428571	0.801428571428571	1
18	44561188	44561189	173	23	1.36	2	2	0.12	0	1	0.88	unphased	0.658316326530612	0.658316326530612	1
18	48703636	48703637	177	14	1.36	2	2	0.12	0	1	0.88	unphased	0.411204188481675	0.411204188481675	1
18	61064317	61064318	271	30	1.36	2	2	0.12	0	1	0.88	unphased	0.559136212624585	0.559136212624585	1
19	5933439	5933440	64	7	1.17	2	0	0.17	1	0	0.83	unphased	0.534366197183099	0.534366197183099	1
19	7614885	7614886	100	18	1.17	2	0	0.17	1	0	0.83	unphased	0.826779661016949	0.826779661016949	1
19	8601861	8601862	43	10	1.17	2	0	0.17	1	0	0.83	unphased	1.02264150943396	1.02264150943396	1
19	8982247	8982248	46	22	1.17	2	0	0.17	1	0	0.83	unphased	1.75352941176471	1.49874308697838	1.17
19	9048522	9048523	85	42	1.17	2	0	0.17	1	0	0.83	unphased	1.79244094488189	1.53200080759136	1.17
19	9064272	9064273	89	45	1.17	2	0	0.17	1	0	0.83	unphased	1.82014925373134	1.5556831228473	1.17
19	9072033	9072034	211	18	1.17	2	0	0.17	1	0	0.83	unphased	0.426026200873362	0.426026200873362	1
19	15272430	15272431	19	11	1.17	2	0	0.17	1	0	0.83	unphased	1.98733333333333	1.6985754985755	1.17
19	15299799	15299800	16	6	1.17	2	0	0.17	1	0	0.83	unphased	1.47818181818182	1.47818181818182	1
19	15350056	15350057	41	8	1.17	2	0	0.17	1	0	0.83	unphased	0.884897959183673	0.884897959183673	1
19	19312482	19312483	150	30	1.17	2	0	0.17	1	0	0.83	unphased	0.903333333333333	0.903333333333333	1
19	21720838	21720839	56	5	4.68	3	2	0.92	0	1	0.08	unphased	0.731967213114754	0.731967213114754	1
19	22939038	22939039	193	19	4.68	3	2	0.92	0	1	0.08	unphased	0.800330188679245	0.800330188679245	1
19	34949687	34949688	206	30	2.4	2	2	0.2	1	1	0.8	unphased	0.845338983050848	0.845338983050848	1
19	39866514	39866515	95	8	2.4	2	2	0.2	1	1	0.8	unphased	0.516504854368932	0.516504854368932	1
19	39899347	39899348	56	5	2.4	2	2	0.2	1	1	0.8	unphased	0.545081967213115	0.545081967213115	1
19	39977124	39977125	73	16	2.4	2	2	0.2	1	1	0.8	unphased	1.19550561797753	1.19550561797753	1
19	44352377	44352378	144	18	2.4	2	2	0.2	1	1	0.8	unphased	0.738888888888889	0.738888888888889	1
19	44418248	44418249	148	32	2.4	2	2	0.2	1	1	0.8	unphased	1.18222222222222	1.18222222222222	1
19	45496144	45496145	45	14	2.4	2	2	0.2	1	1	0.8	unphased	1.57796610169492	1.31497175141243	1.2
19	50510941	50510942	180	34	2.4	2	2	0.2	1	1	0.8	unphased	1.05654205607477	1.05654205607477	1
19	53015480	53015481	111	14	2.4	2	2	0.2	1	1	0.8	unphased	0.7448	0.7448	1
19	54140182	54140183	201	53	2.4	2	2	0.2	1	1	0.8	unphased	1.38759842519685	1.15633202099738	1.2
19	55146197	55146198	170	57	2.4	2	2	0.2	1	1	0.8	unphased	1.66982378854626	1.39151982378855	1.2
19	55489155	55489156	117	17	2.4	2	2	0.2	1	1	0.8	unphased	0.843656716417911	0.843656716417911	1
2	11809709	11809710	12	5	3	2	1	1	NA	NA	NA	unphased	2.13235294117647	2.13235294117647	1
2	21252810	21252811	230	11	3	2	1	1	NA	NA	NA	unphased	0.330912863070539	0.330912863070539	1
2	27278831	27278832	224	32	3	2	1	1	NA	NA	NA	unphased	0.90625	0.90625	1
2	29366632	29366633	152	25	3	2	1	1	NA	NA	NA	unphased	1.02401129943503	1.02401129943503	1
2	85779558	85779559	211	17	1.08	2	1	0.04	0	1	0.96	unphased	0.397412280701754	0.397412280701754	1
2	98418390	98418391	68	20	1.08	2	1	0.04	0	1	0.96	unphased	1.21136363636364	1.21136363636364	1
2	99438660	99438661	24	5	1.08	2	1	0.04	0	1	0.96	unphased	0.918965517241379	0.918965517241379	1
2	149227423	149227424	190	30	1.08	2	1	0.04	0	1	0.96	unphased	0.726818181818182	0.726818181818182	1
2	162873303	162873304	138	38	1.08	2	1	0.04	0	1	0.96	unphased	1.15079545454545	1.15079545454545	1
2	167330330	167330331	72	9	1.08	2	1	0.04	0	1	0.96	unphased	0.592222222222222	0.592222222222222	1
2	179397655	179397656	203	30	1.08	2	1	0.04	0	1	0.96	unphased	0.686266094420601	0.686266094420601	1
2	179397692	179397693	277	40	1.08	2	1	0.04	0	1	0.96	unphased	0.672555205047319	0.672555205047319	1
2	179404520	179404521	128	23	1.08	2	1	0.04	0	1	0.96	unphased	0.811854304635762	0.811854304635762	1
2	179438181	179438182	185	56	1.08	2	1	0.04	0	1	0.96	unphased	1.23850622406639	1.19087136929461	1.04
2	179611789	179611790	185	23	1.08	2	1	0.04	0	1	0.96	unphased	0.589375	0.589375	1
2	179611790	179611791	187	23	1.08	2	1	0.04	0	1	0.96	unphased	0.583761904761905	0.583761904761905	1
2	185802572	185802573	83	26	1.08	2	1	0.04	0	1	0.96	unphased	1.27137614678899	1.27137614678899	1
2	190585404	190585405	364	38	1.08	2	1	0.04	0	1	0.96	unphased	0.503830845771144	0.503830845771144	1
2	207176094	207176095	21	4	1.08	2	1	0.04	0	1	0.96	unphased	0.8528	0.8528	1
2	210558188	210558189	114	7	1.08	2	1	0.04	0	1	0.96	unphased	0.308347107438017	0.308347107438017	1
2	214794856	214794857	85	28	1.08	2	1	0.04	0	1	0.96	unphased	1.32070796460177	1.32070796460177	1
2	219894865	219894866	148	20	1.08	2	1	0.04	0	1	0.96	unphased	0.634523809523809	0.634523809523809	1
2	228135559	228135560	98	15	1.08	2	1	0.04	0	1	0.96	unphased	0.707522123893805	0.707522123893805	1
2	228552891	228552892	140	15	1.08	2	1	0.04	0	1	0.96	unphased	0.515806451612903	0.515806451612903	1
2	228884388	228884389	173	26	1.08	2	1	0.04	0	1	0.96	unphased	0.696381909547739	0.696381909547739	1
2	232003515	232003516	106	17	1.08	2	1	0.04	0	1	0.96	unphased	0.736666666666667	0.736666666666667	1
2	232003516	232003517	109	17	1.08	2	1	0.04	0	1	0.96	unphased	0.719126984126984	0.719126984126984	1
2	234357780	234357781	277	43	1.08	2	1	0.04	0	1	0.96	unphased	0.71621875	0.71621875	1
2	242021720	242021721	290	31	1.08	2	1	0.04	0	1	0.96	unphased	0.514735202492212	0.514735202492212	1
20	20051494	20051495	86	8	5	3	2	1	NA	NA	NA	unphased	0.787234042553192	0.787234042553192	1
20	29623150	29623151	905	98	4	2	2	1	NA	NA	NA	unphased	0.806081754735792	0.806081754735792	1
20	33573899	33573900	14	5	4	2	2	1	NA	NA	NA	unphased	2.17105263157895	2.17105263157895	1
20	40739073	40739074	109	15	4	2	2	1	NA	NA	NA	unphased	0.997983870967742	0.997983870967742	1
20	43243222	43243223	162	27	4	2	2	1	NA	NA	NA	unphased	1.17857142857143	1.17857142857143	1
20	45129895	45129896	187	27	4	2	2	1	NA	NA	NA	unphased	1.04088785046729	1.04088785046729	1
20	55059234	55059235	159	18	4	2	2	1	NA	NA	NA	unphased	0.838983050847458	0.838983050847458	1
20	61939364	61939365	62	18	4	2	2	1	NA	NA	NA	unphased	1.85625	0.928125	2
20	62195616	62195617	34	7	4	2	2	1	NA	NA	NA	unphased	1.40853658536585	1.40853658536585	1
21	15746160	15746161	634	73	9	7	2	1	0	1	0	unphased	1.36810466760962	0.684052333804809	2
21	17962591	17962592	38	91	9	7	2	1	0	1	0	unphased	9.3468992248062	1.33527131782946	7
21	19165768	19165769	136	6	9	7	2	1	0	1	0	unphased	0.559859154929577	0.559859154929577	1
21	33370878	33370879	215	35	3	2	1	1	NA	NA	NA	unphased	1.015	1.015	1
21	45710911	45710912	132	39	1	2	0	0	0	1	1	unphased	1.19736842105263	1.19736842105263	1
21	47542406	47542407	57	24	1	2	0	0	0	1	1	unphased	1.55555555555556	1.55555555555556	1
22	17578706	17578707	100	13	4	2	2	1	NA	NA	NA	unphased	0.949115044247787	0.949115044247787	1
22	19076925	19076926	99	27	4	2	2	1	NA	NA	NA	unphased	1.76785714285714	0.883928571428571	2
22	21800351	21800352	31	3	4	2	2	1	NA	NA	NA	unphased	0.727941176470588	0.727941176470588	1
22	26299599	26299600	20	5	4	2	2	1	NA	NA	NA	unphased	1.65	1.65	1
22	35947952	35947953	65	18	4	2	2	1	NA	NA	NA	unphased	1.78915662650602	0.894578313253012	2
22	36140279	36140280	40	12	4	2	2	1	NA	NA	NA	unphased	1.90384615384615	0.951923076923077	2
22	43614355	43614356	234	34	4	2	2	1	NA	NA	NA	unphased	1.04664179104478	1.04664179104478	1
22	50925257	50925258	47	9	NA	NA	NA	NA	NA	NA	NA	unphased	NA	NA	1
3	9068628	9068629	199	36	2	2	0	1	NA	NA	NA	unphased	0.957446808510638	0.957446808510638	1
3	14562023	14562024	37	12	2	2	0	1	NA	NA	NA	unphased	1.53061224489796	1.53061224489796	1
3	33905612	33905613	35	20	2	2	0	1	NA	NA	NA	unphased	2.27272727272727	1.13636363636364	2
3	39433090	39433091	130	59	2	2	0	1	NA	NA	NA	unphased	1.9510582010582	0.9755291005291	2
3	42835675	42835676	99	4	2	2	0	1	NA	NA	NA	unphased	0.242718446601942	0.242718446601942	1
3	50332244	50332245	74	11	2	2	0	1	NA	NA	NA	unphased	0.808823529411765	0.808823529411765	1
3	64518864	64518865	112	15	2	2	0	1	NA	NA	NA	unphased	0.738188976377953	0.738188976377953	1
3	97655670	97655671	118	20	1.5	2	1	0.25	1	0	0.75	unphased	0.833333333333333	0.833333333333333	1
3	119452325	119452326	163	24	1.5	2	1	0.25	1	0	0.75	unphased	0.737967914438503	0.737967914438503	1
3	130287156	130287157	186	35	1.5	2	1	0.25	1	0	0.75	unphased	0.910633484162896	0.910633484162896	1
3	150460087	150460088	84	12	1.5	2	1	0.25	1	0	0.75	unphased	0.71875	0.71875	1
3	150916297	150916298	111	20	1.5	2	1	0.25	1	0	0.75	unphased	0.877862595419847	0.877862595419847	1
3	167045840	167045841	425	50	1.35	4	2	0.07	0	1	0.93	unphased	0.589473684210526	0.589473684210526	1
3	169802363	169802364	241	11	1.35	4	2	0.07	0	1	0.93	unphased	0.244444444444444	0.244444444444444	1
3	171394527	171394528	153	12	1.35	4	2	0.07	0	1	0.93	unphased	0.407272727272727	0.407272727272727	1
3	179525607	179525608	316	32	1.35	4	2	0.07	0	1	0.93	unphased	0.514942528735632	0.514942528735632	1
3	185155325	185155326	216	33	1.35	4	2	0.07	0	1	0.93	unphased	0.742168674698795	0.742168674698795	1
3	189590697	189590698	160	17	1.35	4	2	0.07	0	1	0.93	unphased	0.537853107344633	0.537853107344633	1
3	197670825	197670826	355	21	NA	NA	NA	NA	NA	NA	NA	unphased	NA	NA	1
4	870350	870351	69	8	NA	NA	NA	NA	NA	NA	NA	unphased	NA	NA	1
4	870351	870352	69	8	NA	NA	NA	NA	NA	NA	NA	unphased	NA	NA	1
4	5016910	5016911	87	29	5	3	2	1	NA	NA	NA	unphased	2.3125	1.15625	2
4	5624387	5624388	79	5	5	3	2	1	NA	NA	NA	unphased	0.550595238095238	0.550595238095238	1
4	38775196	38775197	165	31	3	2	1	1	NA	NA	NA	unphased	1.14668367346939	1.14668367346939	1
4	43022402	43022403	60	29	3	2	1	1	NA	NA	NA	unphased	2.3623595505618	1.1811797752809	2
4	47898562	47898563	105	35	3	2	1	1	NA	NA	NA	unphased	1.8125	0.90625	2
4	62598888	62598889	39	8	4	2	2	1	NA	NA	NA	unphased	1.40425531914894	1.40425531914894	1
4	68497429	68497430	37	7	3	2	1	1	NA	NA	NA	unphased	1.15340909090909	1.15340909090909	1
4	71396853	71396854	51	20	3	2	1	1	NA	NA	NA	unphased	2.04225352112676	1.02112676056338	2
4	71458013	71458014	71	14	3	2	1	1	NA	NA	NA	unphased	1.19411764705882	1.19411764705882	1
4	71522114	71522115	135	26	3	2	1	1	NA	NA	NA	unphased	1.17080745341615	1.17080745341615	1
4	73178097	73178098	137	18	3	2	1	1	NA	NA	NA	unphased	0.841935483870968	0.841935483870968	1
4	79158766	79158767	89	7	5	3	2	1	NA	NA	NA	unphased	0.674479166666667	0.674479166666667	1
4	79763670	79763671	79	25	5	3	2	1	NA	NA	NA	unphased	2.22355769230769	1.11177884615385	2
4	89349842	89349843	19	8	3	2	1	1	NA	NA	NA	unphased	2.14814814814815	1.07407407407407	2
4	91701646	91701647	66	8	3	2	1	1	NA	NA	NA	unphased	0.783783783783784	0.783783783783784	1
4	104062982	104062983	69	26	3	2	1	1	NA	NA	NA	unphased	1.98421052631579	0.992105263157895	2
4	119678998	119678999	166	14	3	2	1	1	NA	NA	NA	unphased	0.563888888888889	0.563888888888889	1
4	119951483	119951484	67	8	3	2	1	1	NA	NA	NA	unphased	0.773333333333333	0.773333333333333	1
4	156723543	156723544	90	15	3	2	1	1	NA	NA	NA	unphased	1.03571428571429	1.03571428571429	1
4	156831252	156831253	173	59	3	2	1	1	NA	NA	NA	unphased	1.84375	0.921875	2
4	156860680	156860681	156	60	3	2	1	1	NA	NA	NA	unphased	2.01388888888889	1.00694444444444	2
4	158257893	158257894	305	41	3	2	1	1	NA	NA	NA	unphased	0.859104046242774	0.859104046242774	1
4	162463702	162463703	153	15	3	2	1	1	NA	NA	NA	unphased	0.647321428571428	0.647321428571428	1
4	174309352	174309353	14	3	2	1	1	1	NA	NA	NA	unphased	1.10294117647059	1.10294117647059	1
4	176561339	176561340	89	13	2	1	1	1	NA	NA	NA	unphased	0.79656862745098	0.79656862745098	1
4	178256956	178256957	99	22	2	1	1	1	NA	NA	NA	unphased	1.13636363636364	1.13636363636364	1
4	178361465	178361466	264	43	2	1	1	1	NA	NA	NA	unphased	0.875407166123779	0.875407166123779	1
5	19571917	19571918	184	12	3.12	3	3	0.28	1	1	0.72	unphased	0.451224489795918	0.451224489795918	1
5	33937127	33937128	103	25	3.12	3	3	0.28	1	1	0.72	unphased	1.439453125	0.922726362179487	1.56
5	34043051	34043052	379	40	3.12	3	3	0.28	1	1	0.72	unphased	0.703579952267303	0.703579952267303	1
5	34944986	34944987	437	37	3.12	3	3	0.28	1	1	0.72	unphased	0.575295358649789	0.575295358649789	1
5	38406261	38406262	113	7	3.12	3	3	0.28	1	1	0.72	unphased	0.429916666666667	1.53541666666667	0.28
5	94024274	94024275	157	24	2	2	0	1	NA	NA	NA	unphased	0.828729281767956	0.828729281767956	1
5	128932314	128932315	231	28	2	2	0	1	NA	NA	NA	unphased	0.675675675675676	0.675675675675676	1
5	133914193	133914194	141	21	2	2	0	1	NA	NA	NA	unphased	0.810185185185185	0.810185185185185	1
5	140176941	140176942	39	27	2	2	0	1	NA	NA	NA	unphased	2.55681818181818	1.27840909090909	2
5	140255779	140255780	101	16	2	2	0	1	NA	NA	NA	unphased	0.854700854700855	0.854700854700855	1
5	140501727	140501728	88	12	2	2	0	1	NA	NA	NA	unphased	0.75	0.75	1
5	140754718	140754719	194	36	2	2	0	1	NA	NA	NA	unphased	0.978260869565217	0.978260869565217	1
5	143200250	143200251	23	12	2	2	0	1	NA	NA	NA	unphased	2.14285714285714	1.07142857142857	2
5	147481348	147481349	80	42	2	2	0	1	NA	NA	NA	unphased	2.15163934426229	1.07581967213115	2
5	175775011	175775012	137	28	2	2	0	1	NA	NA	NA	unphased	1.06060606060606	1.06060606060606	1
5	176738872	176738873	14	4	2	2	0	1	NA	NA	NA	unphased	1.38888888888889	1.38888888888889	1
6	564925	564926	76	19	NA	NA	NA	NA	NA	NA	NA	unphased	NA	NA	1
6	24570165	24570166	47	4	2.44	2	2	0.22	1	1	0.78	unphased	0.524705882352941	0.524705882352941	1
6	24843553	24843554	82	13	2.44	2	2	0.22	1	1	0.78	unphased	0.915473684210526	0.915473684210526	1
6	29571478	29571479	9	2	2.44	2	2	0.22	1	1	0.78	unphased	1.21636363636364	1.21636363636364	1
6	29976216	29976217	25	5	2.44	2	2	0.22	1	1	0.78	unphased	1.115	1.115	1
6	30638667	30638668	173	20	2.44	2	2	0.22	1	1	0.78	unphased	0.693264248704663	0.693264248704663	1
6	34953010	34953011	91	31	2.44	2	2	0.22	1	1	0.78	unphased	1.69991803278689	1.39337543671056	1.22
6	35438471	35438472	103	19	2.44	2	2	0.22	1	1	0.78	unphased	1.04188524590164	1.04188524590164	1
6	39554056	39554057	208	27	2.44	2	2	0.22	1	1	0.78	unphased	0.768638297872341	0.768638297872341	1
6	46846011	46846012	173	22	2.44	2	2	0.22	1	1	0.78	unphased	0.754769230769231	0.754769230769231	1
6	49437964	49437965	33	4	2.44	2	2	0.22	1	1	0.78	unphased	0.723243243243243	0.723243243243243	1
6	56334943	56334944	49	12	2.44	2	2	0.22	1	1	0.78	unphased	1.31606557377049	1.31606557377049	1
6	70976432	70976433	447	30	2.44	2	2	0.22	1	1	0.78	unphased	0.420754716981132	0.420754716981132	1
6	88769259	88769260	122	14	2.44	2	2	0.22	1	1	0.78	unphased	0.688676470588235	0.688676470588235	1
6	110300366	110300367	29	4	2.44	2	2	0.22	1	1	0.78	unphased	0.810909090909091	0.810909090909091	1
6	110448680	110448681	91	8	2.44	2	2	0.22	1	1	0.78	unphased	0.540606060606061	0.540606060606061	1
6	123124875	123124876	227	23	2.44	2	2	0.22	1	1	0.78	unphased	0.61548	0.61548	1
6	132171188	132171189	190	60	2.44	2	2	0.22	1	1	0.78	unphased	1.6056	1.31606557377049	1.22
6	133092042	133092043	324	73	2.44	2	2	0.22	1	1	0.78	unphased	1.23015113350126	1.00832060123054	1.22
6	144178933	144178934	131	17	2.44	2	2	0.22	1	1	0.78	unphased	0.768445945945946	0.768445945945946	1
6	152683397	152683398	127	48	2.44	2	2	0.22	1	1	0.78	unphased	1.83497142857143	1.50407494145199	1.22
6	169642016	169642017	95	13	2.44	2	2	0.22	1	1	0.78	unphased	0.805277777777778	0.805277777777778	1
7	5269297	5269298	37	8	5	3	2	1	NA	NA	NA	unphased	1.64444444444444	1.64444444444444	1
7	7635983	7635984	288	87	5	3	2	1	NA	NA	NA	unphased	2.146	1.073	2
7	15425125	15425126	179	37	5	3	2	1	NA	NA	NA	unphased	1.58449074074074	0.79224537037037	2
7	23357327	23357328	182	18	5	3	2	1	NA	NA	NA	unphased	0.8325	0.8325	1
7	30649345	30649346	134	19	3.67	3	1	0.89	0	1	0.11	unphased	0.983529411764706	0.983529411764706	1
7	44185166	44185167	13	8	1.02	2	1	0.01	0	1	0.99	unphased	2.00761904761905	1.98774163130599	1.01
7	47384386	47384387	63	14	1.02	2	1	0.01	0	1	0.99	unphased	0.958181818181818	0.958181818181818	1
7	50514157	50514158	130	17	1.02	2	1	0.01	0	1	0.99	unphased	0.609455782312925	0.609455782312925	1
7	50514379	50514380	262	25	1.02	2	1	0.01	0	1	0.99	unphased	0.459059233449477	0.459059233449477	1
7	51095910	51095911	96	7	1.02	2	1	0.01	0	1	0.99	unphased	0.358155339805825	0.358155339805825	1
7	66410079	66410080	109	31	1.02	2	1	0.01	0	1	0.99	unphased	1.16692857142857	1.16692857142857	1
7	72658694	72658695	197	29	4	2	2	1	NA	NA	NA	unphased	1.05862831858407	1.05862831858407	1
7	73474323	73474324	198	21	4	2	2	1	NA	NA	NA	unphased	0.791095890410959	0.791095890410959	1
7	82583730	82583731	99	30	4	2	2	1	NA	NA	NA	unphased	1.91860465116279	0.959302325581395	2
7	91714171	91714172	257	65	4	2	2	1	NA	NA	NA	unphased	1.66537267080745	0.832686335403727	2
7	97823135	97823136	74	5	4	2	2	1	NA	NA	NA	unphased	0.522151898734177	0.522151898734177	1
7	98957196	98957197	46	14	4	2	2	1	NA	NA	NA	unphased	1.925	0.9625	2
7	100696377	100696378	65	12	4	2	2	1	NA	NA	NA	unphased	1.28571428571429	1.28571428571429	1
7	101188675	101188676	22	4	4	2	2	1	NA	NA	NA	unphased	1.26923076923077	1.26923076923077	1
7	102952158	102952159	77	12	4	2	2	1	NA	NA	NA	unphased	1.1123595505618	1.1123595505618	1
7	103236911	103236912	157	18	4	2	2	1	NA	NA	NA	unphased	0.848571428571428	0.848571428571428	1
7	103252088	103252089	91	15	4	2	2	1	NA	NA	NA	unphased	1.16745283018868	1.16745283018868	1
7	104747139	104747140	222	72	4	2	2	1	NA	NA	NA	unphased	2.02040816326531	1.01020408163265	2
7	132193157	132193158	104	27	4	2	2	1	NA	NA	NA	unphased	1.70038167938931	0.850190839694656	2
7	135289106	135289107	124	11	4	2	2	1	NA	NA	NA	unphased	0.672222222222222	0.672222222222222	1
7	139258052	139258053	77	9	4	2	2	1	NA	NA	NA	unphased	0.863372093023256	0.863372093023256	1
7	139826499	139826500	173	39	4	2	2	1	NA	NA	NA	unphased	1.51768867924528	0.758844339622641	2
7	142881512	142881513	27	11	4	2	2	1	NA	NA	NA	unphased	2.38815789473684	1.19407894736842	2
7	148921263	148921264	13	5	4	2	2	1	NA	NA	NA	unphased	2.29166666666667	1.14583333333333	2
7	151292507	151292508	126	21	4	2	2	1	NA	NA	NA	unphased	1.17857142857143	1.17857142857143	1
7	156450918	156450919	84	9	4	2	2	1	NA	NA	NA	unphased	0.798387096774194	0.798387096774194	1
7	157000136	157000137	362	34	4	2	2	1	NA	NA	NA	unphased	0.708333333333333	0.708333333333333	1
8	36673148	36673149	85	50	5	5	0	1	NA	NA	NA	unphased	3.42592592592593	1.14197530864198	3
8	37734689	37734690	359	39	11	7	4	1	0	1	0	unphased	1.49434673366834	0.747173366834171	2
8	61749485	61749486	387	88	4.82	4	4	0.47	1	1	0.53	unphased	1.68033684210526	0.866153011394466	1.94
8	66619372	66619373	178	48	4.82	4	4	0.47	1	1	0.53	unphased	1.92637168141593	0.992975093513366	1.94
8	66753726	66753727	26	3	4.82	4	4	0.47	1	1	0.53	unphased	0.938275862068966	0.938275862068966	1
8	71060679	71060680	195	14	6.38	5	3	0.73	1	1	0.27	unphased	0.712057416267943	0.712057416267943	1
8	73932917	73932918	70	8	6.38	5	3	0.73	1	1	0.27	unphased	1.09025641025641	1.09025641025641	1
8	75227831	75227832	87	5	6.38	5	3	0.73	1	1	0.27	unphased	0.577717391304348	0.577717391304348	1
8	77690615	77690616	505	26	6.38	5	3	0.73	1	1	0.27	unphased	0.520489642184557	0.712999509841859	0.73
8	89180191	89180192	162	21	6.38	5	3	0.73	1	1	0.27	unphased	1.21983606557377	1.21983606557377	1
8	109488187	109488188	182	18	6.38	5	3	0.73	1	1	0.27	unphased	0.9567	0.9567	1
8	109796852	109796853	169	33	6.38	5	3	0.73	1	1	0.27	unphased	1.73658415841584	1.00380587191667	1.73
8	113266520	113266521	471	94	6.38	5	3	0.73	1	1	0.27	unphased	1.76853097345133	1.02227223898921	1.73
8	124089382	124089383	455	33	6.38	5	3	0.73	1	1	0.27	unphased	0.718831967213115	0.984701324949472	0.73
8	132968153	132968154	126	20	6.38	5	3	0.73	1	1	0.27	unphased	1.45616438356164	1.45616438356164	1
8	139163498	139163499	179	12	6.38	5	3	0.73	1	1	0.27	unphased	0.667853403141361	0.667853403141361	1
8	139697539	139697540	226	11	6.38	5	3	0.73	1	1	0.27	unphased	0.49337552742616	0.675856886885151	0.73
8	141370263	141370264	84	6	6.38	5	3	0.73	1	1	0.27	unphased	0.708666666666667	0.708666666666667	1
8	145661802	145661803	231	20	NA	NA	NA	NA	NA	NA	NA	unphased	NA	NA	1
8	145689937	145689938	188	12	NA	NA	NA	NA	NA	NA	NA	unphased	NA	NA	1
9	8517854	8517855	105	18	2	2	0	1	NA	NA	NA	unphased	0.914634146341463	0.914634146341463	1
9	72131289	72131290	18	4	2	2	0	1	NA	NA	NA	unphased	1.13636363636364	1.13636363636364	1
9	79252357	79252358	298	50	2	2	0	1	NA	NA	NA	unphased	0.897988505747126	0.897988505747126	1
9	88190368	88190369	109	40	2	2	0	1	NA	NA	NA	unphased	1.67785234899329	0.838926174496644	2
9	91667015	91667016	35	24	2	2	0	1	NA	NA	NA	unphased	2.54237288135593	1.27118644067797	2
9	113169726	113169727	195	33	2	2	0	1	NA	NA	NA	unphased	0.904605263157895	0.904605263157895	1
9	125486726	125486727	254	70	2	2	0	1	NA	NA	NA	unphased	1.35030864197531	0.675154320987654	2
9	125486727	125486728	259	72	2	2	0	1	NA	NA	NA	unphased	1.3595166163142	0.6797583081571	2
9	135413064	135413065	98	34	2	2	0	1	NA	NA	NA	unphased	1.60984848484848	0.804924242424242	2
9	136328614	136328615	150	20	2	2	0	1	NA	NA	NA	unphased	0.735294117647059	0.735294117647059	1
X	18195833	18195834	212	85	NA	NA	NA	NA	NA	NA	NA	unphased	NA	NA	1
X	18195834	18195835	207	84	NA	NA	NA	NA	NA	NA	NA	unphased	NA	NA	1
X	20043969	20043970	141	52	NA	NA	NA	NA	NA	NA	NA	unphased	NA	NA	1
X	30261110	30261111	46	19	NA	NA	NA	NA	NA	NA	NA	unphased	NA	NA	1
X	30269196	30269197	10	18	NA	NA	NA	NA	NA	NA	NA	unphased	NA	NA	1
X	30269197	30269198	11	17	NA	NA	NA	NA	NA	NA	NA	unphased	NA	NA	1
X	37026720	37026721	49	44	NA	NA	NA	NA	NA	NA	NA	unphased	NA	NA	1
X	46952310	46952311	44	23	NA	NA	NA	NA	NA	NA	NA	unphased	NA	NA	1
X	50052470	50052471	81	22	NA	NA	NA	NA	NA	NA	NA	unphased	NA	NA	1
X	50119123	50119124	13	15	NA	NA	NA	NA	NA	NA	NA	unphased	NA	NA	1
X	50133392	50133393	135	30	NA	NA	NA	NA	NA	NA	NA	unphased	NA	NA	1
X	51639616	51639617	20	21	NA	NA	NA	NA	NA	NA	NA	unphased	NA	NA	1
X	54817332	54817333	56	30	NA	NA	NA	NA	NA	NA	NA	unphased	NA	NA	1
X	56590815	56590816	50	12	NA	NA	NA	NA	NA	NA	NA	unphased	NA	NA	1
X	63409721	63409722	10	3	NA	NA	NA	NA	NA	NA	NA	unphased	NA	NA	1
X	70357684	70357685	71	18	NA	NA	NA	NA	NA	NA	NA	unphased	NA	NA	1
X	111003001	111003002	24	11	NA	NA	NA	NA	NA	NA	NA	unphased	NA	NA	1
X	125686175	125686176	33	30	NA	NA	NA	NA	NA	NA	NA	unphased	NA	NA	1
X	127185707	127185708	150	47	NA	NA	NA	NA	NA	NA	NA	unphased	NA	NA	1
X	129813668	129813669	115	34	NA	NA	NA	NA	NA	NA	NA	unphased	NA	NA	1
X	135428173	135428174	61	21	NA	NA	NA	NA	NA	NA	NA	unphased	NA	NA	1
X	151900538	151900539	65	75	NA	NA	NA	NA	NA	NA	NA	unphased	NA	NA	1
