chr	start	end	WT.count	mut.count	subclonal.CN	nMaj1	nMin1	frac1	nMaj2	nMin2	frac2	phase	mutation.copy.number	subclonal.fraction	no.chrs.bearing.mut
1	8074162	8074163	62	25	3	3	0	1	NA	NA	NA	unphased	1.05363984674329	1.05363984674329	1
1	11736958	11736959	34	7	3	3	0	1	NA	NA	NA	unphased	0.626016260162602	0.626016260162602	1
1	12065889	12065890	161	42	3	3	0	1	NA	NA	NA	unphased	0.758620689655172	0.758620689655172	1
1	16255238	16255239	54	14	3	3	0	1	NA	NA	NA	unphased	0.754901960784314	0.754901960784314	1
1	28209154	28209155	40	13	3	3	0	1	NA	NA	NA	unphased	0.89937106918239	0.89937106918239	1
1	34180300	34180301	76	19	3	3	0	1	NA	NA	NA	unphased	0.733333333333333	0.733333333333333	1
1	36026228	36026229	105	15	3	3	0	1	NA	NA	NA	unphased	0.458333333333333	0.458333333333333	1
1	36358879	36358880	56	9	3	3	0	1	NA	NA	NA	unphased	0.507692307692308	0.507692307692308	1
1	36926371	36926372	30	6	3	3	0	1	NA	NA	NA	unphased	0.611111111111111	0.611111111111111	1
1	47685430	47685431	40	13	3	3	0	1	NA	NA	NA	unphased	0.89937106918239	0.89937106918239	1
1	54371894	54371895	22	7	3	3	0	1	NA	NA	NA	unphased	0.885057471264368	0.885057471264368	1
1	57411653	57411654	46	10	3	3	0	1	NA	NA	NA	unphased	0.654761904761905	0.654761904761905	1
1	62740244	62740245	17	4	3	3	0	1	NA	NA	NA	unphased	0.698412698412698	0.698412698412698	1
1	67288174	67288175	56	10	3	3	0	1	NA	NA	NA	unphased	0.555555555555556	0.555555555555556	1
1	68906564	68906565	70	8	3	3	0	1	NA	NA	NA	unphased	0.376068376068376	0.376068376068376	1
1	75172878	75172879	61	4	3	3	0	1	NA	NA	NA	unphased	0.225641025641026	0.225641025641026	1
1	78326965	78326966	75	48	1.22	2	1	0.11	1	0	0.89	unphased	0.736260162601626	0.736260162601626	1
1	79102760	79102761	159	28	1.22	2	1	0.11	1	0	0.89	unphased	0.282495543672014	0.282495543672014	1
1	82408727	82408728	91	21	1.22	2	1	0.11	1	0	0.89	unphased	0.35375	0.35375	1
1	86488522	86488523	12	4	1.22	2	1	0.11	1	0	0.89	unphased	0.471666666666667	0.471666666666667	1
1	89654378	89654379	300	80	1.22	2	1	0.11	1	0	0.89	unphased	0.39719298245614	0.39719298245614	1
1	92515964	92515965	90	14	1.22	2	1	0.11	1	0	0.89	unphased	0.253974358974359	0.253974358974359	1
1	97217041	97217042	147	105	1.22	2	1	0.11	1	0	0.89	unphased	0.786111111111111	0.786111111111111	1
1	98015270	98015271	55	13	1.22	2	1	0.11	1	0	0.89	unphased	0.360686274509804	0.360686274509804	1
1	98060630	98060631	93	18	1.22	2	1	0.11	1	0	0.89	unphased	0.305945945945946	0.305945945945946	1
1	107973433	107973434	26	8	2	2	0	1	NA	NA	NA	unphased	0.627450980392157	0.627450980392157	1
1	111984671	111984672	44	12	2	2	0	1	NA	NA	NA	unphased	0.571428571428571	0.571428571428571	1
1	120336760	120336761	129	17	2	2	0	1	NA	NA	NA	unphased	0.310502283105023	0.310502283105023	1
1	120438008	120438009	99	18	2	2	0	1	NA	NA	NA	unphased	0.41025641025641	0.41025641025641	1
1	120484159	120484160	35	5	2	2	0	1	NA	NA	NA	unphased	0.333333333333333	0.333333333333333	1
1	145304529	145304530	732	42	NA	NA	NA	NA	NA	NA	NA	unphased	NA	NA	1
1	150240368	150240369	226	21	4	4	0	1	NA	NA	NA	unphased	0.396761133603239	0.396761133603239	1
1	150957059	150957060	25	3	4	4	0	1	NA	NA	NA	unphased	0.5	0.5	1
1	152552267	152552268	107	14	4	4	0	1	NA	NA	NA	unphased	0.539944903581267	0.539944903581267	1
1	152732512	152732513	168	33	4	4	0	1	NA	NA	NA	unphased	0.766169154228856	0.766169154228856	1
1	154224027	154224028	147	31	4	4	0	1	NA	NA	NA	unphased	0.812734082397004	0.812734082397004	1
1	154841864	154841865	89	14	4	4	0	1	NA	NA	NA	unphased	0.634304207119741	0.634304207119741	1
1	155365328	155365329	90	14	4	4	0	1	NA	NA	NA	unphased	0.628205128205128	0.628205128205128	1
1	157670333	157670334	40	5	4	4	0	1	NA	NA	NA	unphased	0.518518518518518	0.518518518518518	1
1	158057873	158057874	212	35	4	4	0	1	NA	NA	NA	unphased	0.661268556005398	0.661268556005398	1
1	158626353	158626354	163	57	4	4	0	1	NA	NA	NA	unphased	1.20909090909091	1.20909090909091	1
1	158735828	158735829	136	15	4	4	0	1	NA	NA	NA	unphased	0.463576158940397	0.463576158940397	1
1	158813864	158813865	191	24	4	4	0	1	NA	NA	NA	unphased	0.52093023255814	0.52093023255814	1
1	160465864	160465865	227	34	4	4	0	1	NA	NA	NA	unphased	0.607918263090677	0.607918263090677	1
1	160786533	160786534	67	10	4	4	0	1	NA	NA	NA	unphased	0.606060606060606	0.606060606060606	1
1	162724538	162724539	88	18	4	4	0	1	NA	NA	NA	unphased	0.792452830188679	0.792452830188679	1
1	162729670	162729671	63	20	4	4	0	1	NA	NA	NA	unphased	1.12449799196787	1.12449799196787	1
1	167023532	167023533	70	11	4	4	0	1	NA	NA	NA	unphased	0.633744855967078	0.633744855967078	1
1	169831876	169831877	228	7	4	4	0	1	NA	NA	NA	unphased	0.139007092198582	0.139007092198582	1
1	179078349	179078350	378	44	4	4	0	1	NA	NA	NA	unphased	0.486571879936809	0.486571879936809	1
1	179347771	179347772	63	5	4	4	0	1	NA	NA	NA	unphased	0.343137254901961	0.343137254901961	1
1	183086534	183086535	22	8	4	4	0	1	NA	NA	NA	unphased	1.24444444444444	1.24444444444444	1
1	183387359	183387360	112	15	4	4	0	1	NA	NA	NA	unphased	0.551181102362205	0.551181102362205	1
1	183387420	183387421	88	5	4	4	0	1	NA	NA	NA	unphased	0.25089605734767	0.25089605734767	1
1	183616934	183616935	234	19	4	4	0	1	NA	NA	NA	unphased	0.350461133069829	0.350461133069829	1
1	186024551	186024552	67	17	4	4	0	1	NA	NA	NA	unphased	0.944444444444444	0.944444444444444	1
1	186375224	186375225	83	11	4	4	0	1	NA	NA	NA	unphased	0.546099290780142	0.546099290780142	1
1	186934718	186934719	112	69	4	4	0	1	NA	NA	NA	unphased	1.77900552486188	0.889502762430939	2
1	196695991	196695992	136	23	4	4	0	1	NA	NA	NA	unphased	0.675052410901468	0.675052410901468	1
1	200969555	200969556	195	23	4	4	0	1	NA	NA	NA	unphased	0.492354740061162	0.492354740061162	1
1	201380625	201380626	23	3	4	4	0	1	NA	NA	NA	unphased	0.538461538461539	0.538461538461539	1
1	202245541	202245542	41	16	4	4	0	1	NA	NA	NA	unphased	1.30994152046784	1.30994152046784	1
1	204083467	204083468	23	3	4	4	0	1	NA	NA	NA	unphased	0.538461538461539	0.538461538461539	1
1	205053408	205053409	52	12	4	4	0	1	NA	NA	NA	unphased	0.875	0.875	1
1	205693062	205693063	157	17	4	4	0	1	NA	NA	NA	unphased	0.455938697318008	0.455938697318008	1
1	207196407	207196408	218	46	4	4	0	1	NA	NA	NA	unphased	0.813131313131313	0.813131313131313	1
1	208072541	208072542	197	51	4	4	0	1	NA	NA	NA	unphased	0.959677419354839	0.959677419354839	1
1	209799176	209799177	52	20	4	4	0	1	NA	NA	NA	unphased	1.2962962962963	1.2962962962963	1
1	209950825	209950826	48	6	4	4	0	1	NA	NA	NA	unphased	0.518518518518518	0.518518518518518	1
1	214816221	214816222	63	12	4	4	0	1	NA	NA	NA	unphased	0.746666666666667	0.746666666666667	1
1	215823983	215823984	116	13	4	4	0	1	NA	NA	NA	unphased	0.470284237726098	0.470284237726098	1
1	215953372	215953373	39	7	4	4	0	1	NA	NA	NA	unphased	0.710144927536232	0.710144927536232	1
1	227261684	227261685	230	12	4	4	0	1	NA	NA	NA	unphased	0.231404958677686	0.231404958677686	1
1	230459139	230459140	30	7	4	4	0	1	NA	NA	NA	unphased	0.882882882882883	0.882882882882883	1
1	233514941	233514942	80	13	4	4	0	1	NA	NA	NA	unphased	0.652329749103943	0.652329749103943	1
1	236212254	236212255	112	8	4	4	0	1	NA	NA	NA	unphased	0.311111111111111	0.311111111111111	1
1	237791207	237791208	40	6	4	4	0	1	NA	NA	NA	unphased	0.608695652173913	0.608695652173913	1
1	237881780	237881781	50	13	4	4	0	1	NA	NA	NA	unphased	0.962962962962963	0.962962962962963	1
1	237947702	237947703	32	10	4	4	0	1	NA	NA	NA	unphased	1.11111111111111	1.11111111111111	1
1	237948082	237948083	59	5	4	4	0	1	NA	NA	NA	unphased	0.364583333333333	0.364583333333333	1
1	241665813	241665814	109	10	4	4	0	1	NA	NA	NA	unphased	0.392156862745098	0.392156862745098	1
1	244715698	244715699	92	34	4	4	0	1	NA	NA	NA	unphased	1.25925925925926	1.25925925925926	1
1	247695120	247695121	67	18	4	4	0	1	NA	NA	NA	unphased	0.988235294117647	0.988235294117647	1
1	247835633	247835634	55	35	NA	NA	NA	NA	NA	NA	NA	unphased	NA	NA	1
1	247978616	247978617	159	35	NA	NA	NA	NA	NA	NA	NA	unphased	NA	NA	1
1	248084563	248084564	39	28	NA	NA	NA	NA	NA	NA	NA	unphased	NA	NA	1
1	248202346	248202347	112	17	NA	NA	NA	NA	NA	NA	NA	unphased	NA	NA	1
1	248262994	248262995	261	44	NA	NA	NA	NA	NA	NA	NA	unphased	NA	NA	1
1	248436871	248436872	204	20	NA	NA	NA	NA	NA	NA	NA	unphased	NA	NA	1
1	249211208	249211209	108	75	NA	NA	NA	NA	NA	NA	NA	unphased	NA	NA	1
10	1038474	1038475	46	9	3	3	0	1	NA	NA	NA	unphased	0.6	0.6	1
10	15113846	15113847	161	25	3	3	0	1	NA	NA	NA	unphased	0.492831541218638	0.492831541218638	1
10	15296857	15296858	13	16	3	3	0	1	NA	NA	NA	unphased	2.02298850574713	1.01149425287356	2
10	22616917	22616918	115	22	3	3	0	1	NA	NA	NA	unphased	0.588807785888078	0.588807785888078	1
10	23248495	23248496	46	10	3	3	0	1	NA	NA	NA	unphased	0.654761904761905	0.654761904761905	1
10	26534861	26534862	43	5	3	3	0	1	NA	NA	NA	unphased	0.381944444444444	0.381944444444444	1
10	26781305	26781306	126	41	3	3	0	1	NA	NA	NA	unphased	0.900199600798403	0.900199600798403	1
10	28224000	28224001	126	34	3	3	0	1	NA	NA	NA	unphased	0.779166666666667	0.779166666666667	1
10	31799727	31799728	59	16	3	3	0	1	NA	NA	NA	unphased	0.782222222222222	0.782222222222222	1
10	37430819	37430820	40	13	3	3	0	1	NA	NA	NA	unphased	0.89937106918239	0.89937106918239	1
10	38121041	38121042	142	35	3	3	0	1	NA	NA	NA	unphased	0.725047080979284	0.725047080979284	1
10	45799069	45799070	35	20	3	3	0	1	NA	NA	NA	unphased	1.33333333333333	1.33333333333333	1
10	54048604	54048605	46	22	3	3	0	1	NA	NA	NA	unphased	1.18627450980392	1.18627450980392	1
10	55569193	55569194	137	59	3	3	0	1	NA	NA	NA	unphased	1.10374149659864	1.10374149659864	1
10	55892662	55892663	37	9	3	3	0	1	NA	NA	NA	unphased	0.717391304347826	0.717391304347826	1
10	61011355	61011356	201	20	3	3	0	1	NA	NA	NA	unphased	0.331825037707391	0.331825037707391	1
10	63810694	63810695	80	20	3	3	0	1	NA	NA	NA	unphased	0.733333333333333	0.733333333333333	1
10	68280499	68280500	148	30	3	3	0	1	NA	NA	NA	unphased	0.617977528089888	0.617977528089888	1
10	69726543	69726544	15	9	3	3	0	1	NA	NA	NA	unphased	1.375	1.375	1
10	70154101	70154102	46	12	3	3	0	1	NA	NA	NA	unphased	0.758620689655172	0.758620689655172	1
10	71139736	71139737	105	31	3	3	0	1	NA	NA	NA	unphased	0.83578431372549	0.83578431372549	1
10	73044573	73044574	46	14	3	3	0	1	NA	NA	NA	unphased	0.855555555555556	0.855555555555556	1
10	73544709	73544710	26	13	3	3	0	1	NA	NA	NA	unphased	1.22222222222222	1.22222222222222	1
10	75530737	75530738	166	41	3	3	0	1	NA	NA	NA	unphased	0.726247987117552	0.726247987117552	1
10	76924410	76924411	106	18	3	3	0	1	NA	NA	NA	unphased	0.532258064516129	0.532258064516129	1
10	79778974	79778975	149	26	3	3	0	1	NA	NA	NA	unphased	0.544761904761905	0.544761904761905	1
10	82331206	82331207	34	8	3	3	0	1	NA	NA	NA	unphased	0.698412698412698	0.698412698412698	1
10	88260054	88260055	104	62	3	3	0	1	NA	NA	NA	unphased	1.36947791164659	0.684738955823293	2
10	90356676	90356677	107	8	3	3	0	1	NA	NA	NA	unphased	0.255072463768116	0.255072463768116	1
10	90537892	90537893	24	18	3	3	0	1	NA	NA	NA	unphased	1.57142857142857	0.785714285714286	2
10	90588414	90588415	85	28	3	3	0	1	NA	NA	NA	unphased	0.908554572271386	0.908554572271386	1
10	92678687	92678688	95	20	3	3	0	1	NA	NA	NA	unphased	0.63768115942029	0.63768115942029	1
10	96058403	96058404	109	22	3	3	0	1	NA	NA	NA	unphased	0.615776081424936	0.615776081424936	1
10	97987198	97987199	59	15	3	3	0	1	NA	NA	NA	unphased	0.743243243243243	0.743243243243243	1
10	99518989	99518990	60	12	3	3	0	1	NA	NA	NA	unphased	0.611111111111111	0.611111111111111	1
10	104123555	104123556	68	47	3	3	0	1	NA	NA	NA	unphased	1.49855072463768	0.749275362318841	2
10	106207540	106207541	36	22	2.34	2	2	0.17	1	1	0.83	unphased	1.14045977011494	1.14045977011494	1
10	108521403	108521404	61	18	3	3	0	1	NA	NA	NA	unphased	0.835443037974684	0.835443037974684	1
10	112362259	112362260	43	15	1.26	2	0	0.26	1	0	0.74	unphased	0.498275862068966	0.498275862068966	1
10	116919824	116919825	108	81	1.26	2	0	0.26	1	0	0.74	unphased	0.825714285714286	0.825714285714286	1
10	126490352	126490353	31	25	1.26	2	0	0.26	1	0	0.74	unphased	0.860119047619048	0.860119047619048	1
10	133930994	133930995	19	3	1.26	2	0	0.26	1	0	0.74	unphased	0.262727272727273	1.01048951048951	0.26
10	135165618	135165619	50	17	1.26	2	0	0.26	1	0	0.74	unphased	0.488855721393035	0.488855721393035	1
11	5020909	5020910	33	26	1.34	2	0	0.34	1	0	0.66	unphased	0.884293785310734	0.884293785310734	1
11	5344733	5344734	65	30	1.34	2	0	0.34	1	0	0.66	unphased	0.633684210526316	0.633684210526316	1
11	5345005	5345006	75	24	1.34	2	0	0.34	1	0	0.66	unphased	0.486464646464646	1.43077837195484	0.34
11	5729472	5729473	68	15	1.34	2	0	0.34	1	0	0.66	unphased	0.362650602409639	1.06661941885188	0.34
11	18291442	18291443	26	15	1.34	2	0	0.34	1	0	0.66	unphased	0.734146341463415	0.734146341463415	1
11	18309539	18309540	41	30	1.34	2	0	0.34	1	0	0.66	unphased	0.847887323943662	0.847887323943662	1
11	20065811	20065812	18	15	1.34	2	0	0.34	1	0	0.66	unphased	0.912121212121212	0.912121212121212	1
11	20676398	20676399	55	87	1.34	2	0	0.34	1	0	0.66	unphased	1.22943661971831	0.917490014715156	1.34
11	30253481	30253482	35	37	1.34	2	0	0.34	1	0	0.66	unphased	1.0312037037037	1.0312037037037	1
11	55064980	55064981	51	16	NA	NA	NA	NA	NA	NA	NA	unphased	NA	NA	1
11	55579536	55579537	198	37	NA	NA	NA	NA	NA	NA	NA	unphased	NA	NA	1
11	55904514	55904515	78	19	NA	NA	NA	NA	NA	NA	NA	unphased	NA	NA	1
11	55927136	55927137	63	21	NA	NA	NA	NA	NA	NA	NA	unphased	NA	NA	1
11	56185347	56185348	61	13	3	3	0	1	NA	NA	NA	unphased	0.644144144144144	0.644144144144144	1
11	59132661	59132662	185	43	3	3	0	1	NA	NA	NA	unphased	0.691520467836257	0.691520467836257	1
11	60638463	60638464	172	31	3	3	0	1	NA	NA	NA	unphased	0.559934318555008	0.559934318555008	1
11	61196718	61196719	130	38	3	3	0	1	NA	NA	NA	unphased	0.829365079365079	0.829365079365079	1
11	62678509	62678510	29	23	3	3	0	1	NA	NA	NA	unphased	1.62179487179487	0.810897435897436	2
11	63233724	63233725	38	27	3	3	0	1	NA	NA	NA	unphased	1.52307692307692	0.761538461538462	2
11	63676621	63676622	83	13	3	3	0	1	NA	NA	NA	unphased	0.496527777777778	0.496527777777778	1
11	64329781	64329782	53	54	3	3	0	1	NA	NA	NA	unphased	1.85046728971963	0.925233644859813	2
11	64877998	64877999	157	22	3	3	0	1	NA	NA	NA	unphased	0.450651769087523	0.450651769087523	1
11	65998371	65998372	61	8	3	3	0	1	NA	NA	NA	unphased	0.42512077294686	0.42512077294686	1
11	67925475	67925476	229	57	3	3	0	1	NA	NA	NA	unphased	0.730769230769231	0.730769230769231	1
11	67926065	67926066	115	17	3	3	0	1	NA	NA	NA	unphased	0.472222222222222	0.472222222222222	1
11	67926157	67926158	179	26	3	3	0	1	NA	NA	NA	unphased	0.465040650406504	0.465040650406504	1
11	72145269	72145270	36	16	3	3	0	1	NA	NA	NA	unphased	1.12820512820513	1.12820512820513	1
11	72297128	72297129	17	6	3	3	0	1	NA	NA	NA	unphased	0.956521739130435	0.956521739130435	1
11	74717302	74717303	49	36	3	3	0	1	NA	NA	NA	unphased	1.55294117647059	0.776470588235294	2
11	88301014	88301015	28	14	2	2	0	1	NA	NA	NA	unphased	0.888888888888889	0.888888888888889	1
11	89018109	89018110	56	18	2	2	0	1	NA	NA	NA	unphased	0.648648648648649	0.648648648648649	1
11	92498132	92498133	31	10	2	2	0	1	NA	NA	NA	unphased	0.650406504065041	0.650406504065041	1
11	93826773	93826774	45	19	2	2	0	1	NA	NA	NA	unphased	0.791666666666667	0.791666666666667	1
11	101342063	101342064	69	22	2	2	0	1	NA	NA	NA	unphased	0.644688644688645	0.644688644688645	1
11	101765723	101765724	61	17	2	2	0	1	NA	NA	NA	unphased	0.581196581196581	0.581196581196581	1
11	106558140	106558141	8	4	2	2	0	1	NA	NA	NA	unphased	0.888888888888889	0.888888888888889	1
11	106680759	106680760	46	11	2	2	0	1	NA	NA	NA	unphased	0.514619883040936	0.514619883040936	1
11	106681143	106681144	40	12	2	2	0	1	NA	NA	NA	unphased	0.615384615384615	0.615384615384615	1
11	108382199	108382200	33	14	2	2	0	1	NA	NA	NA	unphased	0.794326241134752	0.794326241134752	1
11	113103503	113103504	42	11	2	2	0	1	NA	NA	NA	unphased	0.553459119496855	0.553459119496855	1
11	113849994	113849995	18	7	2	2	0	1	NA	NA	NA	unphased	0.746666666666667	0.746666666666667	1
11	117329505	117329506	19	7	2	2	0	1	NA	NA	NA	unphased	0.717948717948718	0.717948717948718	1
11	119149228	119149229	107	35	2	2	0	1	NA	NA	NA	unphased	0.657276995305164	0.657276995305164	1
11	119244127	119244128	20	7	2	2	0	1	NA	NA	NA	unphased	0.691358024691358	0.691358024691358	1
11	120198287	120198288	39	12	2	2	0	1	NA	NA	NA	unphased	0.627450980392157	0.627450980392157	1
11	120702634	120702635	58	21	2	2	0	1	NA	NA	NA	unphased	0.708860759493671	0.708860759493671	1
11	121391459	121391460	27	16	2	2	0	1	NA	NA	NA	unphased	0.992248062015504	0.992248062015504	1
11	122930912	122930913	66	24	2	2	0	1	NA	NA	NA	unphased	0.711111111111111	0.711111111111111	1
11	123909325	123909326	108	21	2	2	0	1	NA	NA	NA	unphased	0.434108527131783	0.434108527131783	1
11	124180298	124180299	11	3	2	2	0	1	NA	NA	NA	unphased	0.571428571428571	0.571428571428571	1
12	5685149	5685150	9	3	2	2	0	1	NA	NA	NA	unphased	0.666666666666667	0.666666666666667	1
12	6926293	6926294	37	17	2	2	0	1	NA	NA	NA	unphased	0.839506172839506	0.839506172839506	1
12	8998703	8998704	82	28	2	2	0	1	NA	NA	NA	unphased	0.678787878787879	0.678787878787879	1
12	11174892	11174893	59	25	2	2	0	1	NA	NA	NA	unphased	0.793650793650794	0.793650793650794	1
12	21329806	21329807	70	13	2	2	0	1	NA	NA	NA	unphased	0.417670682730924	0.417670682730924	1
12	29460730	29460731	34	8	2	2	0	1	NA	NA	NA	unphased	0.507936507936508	0.507936507936508	1
12	29604450	29604451	28	3	2	2	0	1	NA	NA	NA	unphased	0.258064516129032	0.258064516129032	1
12	31244772	31244773	52	10	2	2	0	1	NA	NA	NA	unphased	0.43010752688172	0.43010752688172	1
12	42866313	42866314	51	17	3	3	0	1	NA	NA	NA	unphased	0.916666666666667	0.916666666666667	1
12	45568269	45568270	74	12	3	3	0	1	NA	NA	NA	unphased	0.511627906976744	0.511627906976744	1
12	49315283	49315284	34	6	3	3	0	1	NA	NA	NA	unphased	0.55	0.55	1
12	50027764	50027765	91	22	3	3	0	1	NA	NA	NA	unphased	0.713864306784661	0.713864306784661	1
12	50291868	50291869	57	4	3	3	0	1	NA	NA	NA	unphased	0.240437158469945	0.240437158469945	1
12	50291870	50291871	55	4	3	3	0	1	NA	NA	NA	unphased	0.248587570621469	0.248587570621469	1
12	51696542	51696543	155	23	3	3	0	1	NA	NA	NA	unphased	0.473782771535581	0.473782771535581	1
12	53517999	53518000	11	3	3	3	0	1	NA	NA	NA	unphased	0.785714285714286	0.785714285714286	1
12	54675921	54675922	43	23	3	3	0	1	NA	NA	NA	unphased	1.27777777777778	1.27777777777778	1
12	54917624	54917625	69	16	3	3	0	1	NA	NA	NA	unphased	0.690196078431373	0.690196078431373	1
12	56222272	56222273	114	24	3	3	0	1	NA	NA	NA	unphased	0.63768115942029	0.63768115942029	1
12	57599407	57599408	37	9	3	3	0	1	NA	NA	NA	unphased	0.717391304347826	0.717391304347826	1
12	57881749	57881750	14	4	3	3	0	1	NA	NA	NA	unphased	0.814814814814815	0.814814814814815	1
12	69968446	69968447	49	20	3	3	0	1	NA	NA	NA	unphased	1.06280193236715	1.06280193236715	1
12	85521790	85521791	58	45	2	2	0	1	NA	NA	NA	unphased	1.16504854368932	1.16504854368932	1
12	86276112	86276113	66	40	2	2	0	1	NA	NA	NA	unphased	1.0062893081761	1.0062893081761	1
12	86373395	86373396	14	25	2	2	0	1	NA	NA	NA	unphased	1.70940170940171	0.854700854700855	2
12	88586449	88586450	81	21	2	2	0	1	NA	NA	NA	unphased	0.549019607843137	0.549019607843137	1
12	95424255	95424256	10	4	2	2	0	1	NA	NA	NA	unphased	0.761904761904762	0.761904761904762	1
12	101018046	101018047	46	10	2	2	0	1	NA	NA	NA	unphased	0.476190476190476	0.476190476190476	1
12	109205093	109205094	41	29	2	2	0	1	NA	NA	NA	unphased	1.1047619047619	1.1047619047619	1
12	114400143	114400144	47	12	2	2	0	1	NA	NA	NA	unphased	0.542372881355932	0.542372881355932	1
12	117217092	117217093	75	9	2	2	0	1	NA	NA	NA	unphased	0.285714285714286	0.285714285714286	1
12	117664544	117664545	18	20	2	2	0	1	NA	NA	NA	unphased	1.40350877192982	0.701754385964912	2
12	117968783	117968784	80	61	2	2	0	1	NA	NA	NA	unphased	1.15366430260047	1.15366430260047	1
12	121098036	121098037	30	16	2	2	0	1	NA	NA	NA	unphased	0.927536231884058	0.927536231884058	1
12	121747579	121747580	36	16	2	2	0	1	NA	NA	NA	unphased	0.820512820512821	0.820512820512821	1
12	124826369	124826370	46	31	2	2	0	1	NA	NA	NA	unphased	1.07359307359307	1.07359307359307	1
12	124826370	124826371	45	31	2	2	0	1	NA	NA	NA	unphased	1.08771929824561	1.08771929824561	1
12	125298920	125298921	20	11	2	2	0	1	NA	NA	NA	unphased	0.946236559139785	0.946236559139785	1
12	130855909	130855910	42	39	2	2	0	1	NA	NA	NA	unphased	1.28395061728395	1.28395061728395	1
13	25458535	25458536	49	27	2	2	0	1	NA	NA	NA	unphased	0.947368421052632	0.947368421052632	1
13	31543077	31543078	40	28	2	2	0	1	NA	NA	NA	unphased	1.09803921568627	1.09803921568627	1
13	32910781	32910782	49	34	2	2	0	1	NA	NA	NA	unphased	1.09236947791165	1.09236947791165	1
13	37446929	37446930	26	18	2	2	0	1	NA	NA	NA	unphased	1.09090909090909	1.09090909090909	1
13	39546704	39546705	71	59	2	2	0	1	NA	NA	NA	unphased	1.21025641025641	1.21025641025641	1
13	64321149	64321150	14	7	2	2	0	1	NA	NA	NA	unphased	0.888888888888889	0.888888888888889	1
13	79216265	79216266	59	40	2	2	0	1	NA	NA	NA	unphased	1.07744107744108	1.07744107744108	1
13	84454600	84454601	43	25	2	2	0	1	NA	NA	NA	unphased	0.980392156862745	0.980392156862745	1
13	96205053	96205054	8	5	2	2	0	1	NA	NA	NA	unphased	1.02564102564103	1.02564102564103	1
13	100191810	100191811	45	39	2	2	0	1	NA	NA	NA	unphased	1.23809523809524	1.23809523809524	1
13	101020766	101020767	57	51	2	2	0	1	NA	NA	NA	unphased	1.25925925925926	1.25925925925926	1
13	102051451	102051452	32	23	2	2	0	1	NA	NA	NA	unphased	1.11515151515152	1.11515151515152	1
13	103718645	103718646	19	18	2	2	0	1	NA	NA	NA	unphased	1.2972972972973	1.2972972972973	1
13	109614000	109614001	46	40	2	2	0	1	NA	NA	NA	unphased	1.24031007751938	1.24031007751938	1
13	113975930	113975931	45	30	2	2	0	1	NA	NA	NA	unphased	1.06666666666667	1.06666666666667	1
14	20019734	20019735	10	5	NA	NA	NA	NA	NA	NA	NA	unphased	NA	NA	1
14	20249192	20249193	359	20	NA	NA	NA	NA	NA	NA	NA	unphased	NA	NA	1
14	20296226	20296227	265	19	NA	NA	NA	NA	NA	NA	NA	unphased	NA	NA	1
14	20389172	20389173	582	50	NA	NA	NA	NA	NA	NA	NA	unphased	NA	NA	1
14	20482435	20482436	169	33	NA	NA	NA	NA	NA	NA	NA	unphased	NA	NA	1
14	20666363	20666364	118	32	3	3	0	1	NA	NA	NA	unphased	0.782222222222222	0.782222222222222	1
14	20781909	20781910	74	17	3	3	0	1	NA	NA	NA	unphased	0.684981684981685	0.684981684981685	1
14	23397789	23397790	45	20	3	3	0	1	NA	NA	NA	unphased	1.12820512820513	1.12820512820513	1
14	23746387	23746388	8	3	3	3	0	1	NA	NA	NA	unphased	1	1	1
14	23852436	23852437	64	10	3	3	0	1	NA	NA	NA	unphased	0.495495495495496	0.495495495495496	1
14	23855253	23855254	49	3	3	3	0	1	NA	NA	NA	unphased	0.211538461538462	0.211538461538462	1
14	24529183	24529184	119	20	3	3	0	1	NA	NA	NA	unphased	0.52757793764988	0.52757793764988	1
14	25043565	25043566	41	26	3	3	0	1	NA	NA	NA	unphased	1.4228855721393	0.711442786069652	2
14	30068937	30068938	98	49	3	3	0	1	NA	NA	NA	unphased	1.22222222222222	1.22222222222222	1
14	34904442	34904443	36	7	3	3	0	1	NA	NA	NA	unphased	0.596899224806202	0.596899224806202	1
14	42360758	42360759	96	12	3	3	0	1	NA	NA	NA	unphased	0.407407407407407	0.407407407407407	1
14	44976001	44976002	168	34	3	3	0	1	NA	NA	NA	unphased	0.617161716171617	0.617161716171617	1
14	50760866	50760867	81	16	3	3	0	1	NA	NA	NA	unphased	0.604810996563574	0.604810996563574	1
14	51224032	51224033	198	44	3	3	0	1	NA	NA	NA	unphased	0.666666666666667	0.666666666666667	1
14	52458073	52458074	58	14	3	3	0	1	NA	NA	NA	unphased	0.712962962962963	0.712962962962963	1
14	59930495	59930496	62	10	3	3	0	1	NA	NA	NA	unphased	0.509259259259259	0.509259259259259	1
14	64444718	64444719	54	12	3	3	0	1	NA	NA	NA	unphased	0.666666666666667	0.666666666666667	1
14	64630225	64630226	47	17	3	3	0	1	NA	NA	NA	unphased	0.973958333333333	0.973958333333333	1
14	69349270	69349271	39	12	3	3	0	1	NA	NA	NA	unphased	0.862745098039216	0.862745098039216	1
14	77294762	77294763	67	14	3	3	0	1	NA	NA	NA	unphased	0.633744855967078	0.633744855967078	1
14	91942819	91942820	73	6	3	3	0	1	NA	NA	NA	unphased	0.278481012658228	0.278481012658228	1
14	94929365	94929366	32	5	3	3	0	1	NA	NA	NA	unphased	0.495495495495496	0.495495495495496	1
14	95033555	95033556	43	28	3	3	0	1	NA	NA	NA	unphased	1.44600938967136	0.723004694835681	2
14	95934282	95934283	19	13	3	3	0	1	NA	NA	NA	unphased	1.48958333333333	1.48958333333333	1
14	105410122	105410123	226	97	3	3	0	1	NA	NA	NA	unphased	1.10113519091847	1.10113519091847	1
14	105410246	105410247	166	69	3	3	0	1	NA	NA	NA	unphased	1.07659574468085	1.07659574468085	1
14	105410771	105410772	162	58	3	3	0	1	NA	NA	NA	unphased	0.966666666666667	0.966666666666667	1
15	23889699	23889700	22	8	2	2	0	1	NA	NA	NA	unphased	0.711111111111111	0.711111111111111	1
15	24923033	24923034	107	34	2	2	0	1	NA	NA	NA	unphased	0.643026004728132	0.643026004728132	1
15	28388004	28388005	7	4	2	2	0	1	NA	NA	NA	unphased	0.96969696969697	0.96969696969697	1
15	34016356	34016357	6	4	2	2	0	1	NA	NA	NA	unphased	1.06666666666667	1.06666666666667	1
15	35168138	35168139	86	21	2	2	0	1	NA	NA	NA	unphased	0.523364485981308	0.523364485981308	1
15	40630950	40630951	20	7	2	2	0	1	NA	NA	NA	unphased	0.691358024691358	0.691358024691358	1
15	40920852	40920853	101	21	2	2	0	1	NA	NA	NA	unphased	0.459016393442623	0.459016393442623	1
15	42441918	42441919	23	7	2	2	0	1	NA	NA	NA	unphased	0.622222222222222	0.622222222222222	1
15	43513010	43513011	51	15	2	2	0	1	NA	NA	NA	unphased	0.606060606060606	0.606060606060606	1
15	49716576	49716577	85	27	2	2	0	1	NA	NA	NA	unphased	0.642857142857143	0.642857142857143	1
15	54307610	54307611	34	8	2	2	0	1	NA	NA	NA	unphased	0.507936507936508	0.507936507936508	1
15	64067100	64067101	77	20	2	2	0	1	NA	NA	NA	unphased	0.549828178694158	0.549828178694158	1
15	65563306	65563307	211	79	2	2	0	1	NA	NA	NA	unphased	0.726436781609195	0.726436781609195	1
15	69076788	69076789	41	7	2	2	0	1	NA	NA	NA	unphased	0.388888888888889	0.388888888888889	1
15	69737239	69737240	51	22	2	2	0	1	NA	NA	NA	unphased	0.80365296803653	0.80365296803653	1
15	73418809	73418810	73	46	2	2	0	1	NA	NA	NA	unphased	1.03081232492997	1.03081232492997	1
15	74032390	74032391	58	18	2	2	0	1	NA	NA	NA	unphased	0.631578947368421	0.631578947368421	1
15	74328154	74328155	35	36	2	2	0	1	NA	NA	NA	unphased	1.35211267605634	0.676056338028169	2
15	77240792	77240793	56	18	2	2	0	1	NA	NA	NA	unphased	0.648648648648649	0.648648648648649	1
15	90226655	90226656	160	157	2	2	0	1	NA	NA	NA	unphased	1.32071503680336	1.32071503680336	1
15	99874293	99874294	40	29	2	2	0	1	NA	NA	NA	unphased	1.1207729468599	1.1207729468599	1
15	102359138	102359139	146	47	NA	NA	NA	NA	NA	NA	NA	unphased	NA	NA	1
16	2051677	2051678	7	7	2	2	0	1	NA	NA	NA	unphased	1.33333333333333	1.33333333333333	1
16	15865441	15865442	32	20	2	2	0	1	NA	NA	NA	unphased	1.02564102564103	1.02564102564103	1
16	21109999	21110000	78	64	2	2	0	1	NA	NA	NA	unphased	1.2018779342723	1.2018779342723	1
16	23101959	23101960	25	20	2	2	0	1	NA	NA	NA	unphased	1.18518518518519	1.18518518518519	1
16	30035593	30035594	11	10	2	2	0	1	NA	NA	NA	unphased	1.26984126984127	1.26984126984127	1
16	53524239	53524240	43	34	2	2	0	1	NA	NA	NA	unphased	1.17748917748918	1.17748917748918	1
16	66836858	66836859	16	10	2	2	0	1	NA	NA	NA	unphased	1.02564102564103	1.02564102564103	1
16	67433329	67433330	9	15	2	2	0	1	NA	NA	NA	unphased	1.66666666666667	0.833333333333333	2
16	73127414	73127415	8	3	2	2	0	1	NA	NA	NA	unphased	0.727272727272727	0.727272727272727	1
16	76501289	76501290	18	22	2	2	0	1	NA	NA	NA	unphased	1.46666666666667	0.733333333333333	2
16	81087659	81087660	37	31	2	2	0	1	NA	NA	NA	unphased	1.2156862745098	1.2156862745098	1
16	81134710	81134711	30	19	2	2	0	1	NA	NA	NA	unphased	1.03401360544218	1.03401360544218	1
16	86601303	86601304	39	30	2	2	0	1	NA	NA	NA	unphased	1.15942028985507	1.15942028985507	1
16	86601304	86601305	38	31	2	2	0	1	NA	NA	NA	unphased	1.19806763285024	1.19806763285024	1
16	87866411	87866412	9	4	2	2	0	1	NA	NA	NA	unphased	0.820512820512821	0.820512820512821	1
17	3446813	3446814	86	21	2	2	0	1	NA	NA	NA	unphased	0.523364485981308	0.523364485981308	1
17	4349375	4349376	12	18	2	2	0	1	NA	NA	NA	unphased	1.6	0.8	2
17	5377959	5377960	48	12	2	2	0	1	NA	NA	NA	unphased	0.533333333333333	0.533333333333333	1
17	6331765	6331766	15	25	2	2	0	1	NA	NA	NA	unphased	1.66666666666667	0.833333333333333	2
17	6524185	6524186	125	23	2	2	0	1	NA	NA	NA	unphased	0.414414414414414	0.414414414414414	1
17	6524257	6524258	79	12	2	2	0	1	NA	NA	NA	unphased	0.351648351648352	0.351648351648352	1
17	6913427	6913428	17	16	2	2	0	1	NA	NA	NA	unphased	1.29292929292929	1.29292929292929	1
17	7366180	7366181	69	11	2	2	0	1	NA	NA	NA	unphased	0.366666666666667	0.366666666666667	1
17	7720663	7720664	57	8	2	2	0	1	NA	NA	NA	unphased	0.328205128205128	0.328205128205128	1
17	8169274	8169275	20	17	2	2	0	1	NA	NA	NA	unphased	1.22522522522523	1.22522522522523	1
17	10301945	10301946	35	35	2	2	0	1	NA	NA	NA	unphased	1.33333333333333	1.33333333333333	1
17	10304650	10304651	133	23	2	2	0	1	NA	NA	NA	unphased	0.393162393162393	0.393162393162393	1
17	10322008	10322009	82	59	2	2	0	1	NA	NA	NA	unphased	1.11583924349882	1.11583924349882	1
17	10419767	10419768	79	65	2	2	0	1	NA	NA	NA	unphased	1.2037037037037	1.2037037037037	1
17	10426410	10426411	50	9	2	2	0	1	NA	NA	NA	unphased	0.406779661016949	0.406779661016949	1
17	10438475	10438476	45	7	2	2	0	1	NA	NA	NA	unphased	0.358974358974359	0.358974358974359	1
17	10542426	10542427	56	55	2	2	0	1	NA	NA	NA	unphased	1.32132132132132	1.32132132132132	1
17	11543597	11543598	145	28	2	2	0	1	NA	NA	NA	unphased	0.431599229287091	0.431599229287091	1
17	11872803	11872804	26	4	2	2	0	1	NA	NA	NA	unphased	0.355555555555556	0.355555555555556	1
17	25974418	25974419	27	3	2	2	0	1	NA	NA	NA	unphased	0.266666666666667	0.266666666666667	1
17	26942037	26942038	227	34	2	2	0	1	NA	NA	NA	unphased	0.347381864623244	0.347381864623244	1
17	28758860	28758861	89	19	3	3	0	1	NA	NA	NA	unphased	0.645061728395062	0.645061728395062	1
17	28886664	28886665	122	26	3	3	0	1	NA	NA	NA	unphased	0.644144144144144	0.644144144144144	1
17	32964617	32964618	38	9	3	3	0	1	NA	NA	NA	unphased	0.702127659574468	0.702127659574468	1
17	39261728	39261729	25	8	2.4	2	2	0.2	1	1	0.8	unphased	0.743434343434344	0.743434343434344	1
17	39406208	39406209	86	35	2.4	2	2	0.2	1	1	0.8	unphased	0.887052341597796	0.887052341597796	1
17	39670278	39670279	216	23	2.4	2	2	0.2	1	1	0.8	unphased	0.295118549511855	1.47559274755927	0.2
17	41141521	41141522	41	4	3	3	0	1	NA	NA	NA	unphased	0.325925925925926	0.325925925925926	1
17	41143734	41143735	29	25	3	3	0	1	NA	NA	NA	unphased	1.69753086419753	0.848765432098765	2
17	42169193	42169194	58	8	3	3	0	1	NA	NA	NA	unphased	0.444444444444444	0.444444444444444	1
17	43159017	43159018	51	9	3	3	0	1	NA	NA	NA	unphased	0.55	0.55	1
17	46423341	46423342	38	6	3	3	0	1	NA	NA	NA	unphased	0.5	0.5	1
17	54978922	54978923	284	191	3	3	0	1	NA	NA	NA	unphased	1.47438596491228	0.73719298245614	2
17	56344791	56344792	91	10	3	3	0	1	NA	NA	NA	unphased	0.363036303630363	0.363036303630363	1
17	56690782	56690783	62	19	3	3	0	1	NA	NA	NA	unphased	0.860082304526749	0.860082304526749	1
17	56707799	56707800	32	13	3	3	0	1	NA	NA	NA	unphased	1.05925925925926	1.05925925925926	1
17	59161842	59161843	23	17	3	3	0	1	NA	NA	NA	unphased	1.55833333333333	0.779166666666667	2
17	60342567	60342568	81	11	3	3	0	1	NA	NA	NA	unphased	0.438405797101449	0.438405797101449	1
17	60754709	60754710	9	4	3	3	0	1	NA	NA	NA	unphased	1.12820512820513	1.12820512820513	1
17	60814268	60814269	266	101	3	3	0	1	NA	NA	NA	unphased	1.00908265213442	1.00908265213442	1
17	72736999	72737000	138	69	1.03	2	2	0.01	0	1	0.99	unphased	0.565555555555555	0.565555555555555	1
17	72920957	72920958	14	4	1.03	2	2	0.01	0	1	0.99	unphased	0.377037037037037	0.377037037037037	1
17	73900722	73900723	7	6	1.03	2	2	0.01	0	1	0.99	unphased	0.783076923076923	0.783076923076923	1
17	74093884	74093885	42	14	1.03	2	2	0.01	0	1	0.99	unphased	0.424166666666667	0.424166666666667	1
17	78032422	78032423	26	4	1.1	2	1	0.05	0	1	0.95	unphased	0.235555555555556	0.235555555555556	1
17	79954394	79954395	16	9	2	2	0	1	NA	NA	NA	unphased	0.96	0.96	1
18	12718550	12718551	52	9	1.15	2	0	0.15	1	0	0.85	unphased	0.268032786885246	0.268032786885246	1
18	13056288	13056289	18	5	1.15	2	0	0.15	1	0	0.85	unphased	0.394927536231884	0.394927536231884	1
18	19239162	19239163	59	63	1.15	2	0	0.15	1	0	0.85	unphased	0.938114754098361	0.938114754098361	1
18	72183559	72183560	34	15	2	2	0	1	NA	NA	NA	unphased	0.816326530612245	0.816326530612245	1
18	72183560	72183561	34	15	2	2	0	1	NA	NA	NA	unphased	0.816326530612245	0.816326530612245	1
19	814457	814458	21	6	1.32	3	0	0.16	1	0	0.84	unphased	0.441481481481481	0.441481481481481	1
19	2877385	2877386	46	28	1	1	0	0.66	1	0	0.34	unphased	0.630630630630631	0.630630630630631	1
19	7117069	7117070	107	19	2	2	0	1	NA	NA	NA	unphased	0.402116402116402	0.402116402116402	1
19	7571040	7571041	7	15	2	2	0	1	NA	NA	NA	unphased	1.81818181818182	0.909090909090909	2
19	9059704	9059705	111	8	3	3	0	1	NA	NA	NA	unphased	0.246498599439776	0.246498599439776	1
19	9069788	9069789	169	31	3	3	0	1	NA	NA	NA	unphased	0.568333333333333	0.568333333333333	1
19	9091775	9091776	38	6	3	3	0	1	NA	NA	NA	unphased	0.5	0.5	1
19	9362457	9362458	12	8	3	3	0	1	NA	NA	NA	unphased	1.46666666666667	1.46666666666667	1
19	10220644	10220645	99	15	3	3	0	1	NA	NA	NA	unphased	0.482456140350877	0.482456140350877	1
19	10362928	10362929	16	6	3	3	0	1	NA	NA	NA	unphased	1	1	1
19	12273952	12273953	18	14	1	1	0	1	NA	NA	NA	unphased	0.729166666666667	0.729166666666667	1
19	13476191	13476192	37	19	1	1	0	1	NA	NA	NA	unphased	0.56547619047619	0.56547619047619	1
19	14815927	14815928	42	11	1	1	0	1	NA	NA	NA	unphased	0.345911949685535	0.345911949685535	1
19	17081793	17081794	60	4	2.28	3	1	0.14	1	1	0.86	unphased	0.184166666666667	1.31547619047619	0.14
19	17265171	17265172	82	17	2.28	3	1	0.14	1	1	0.86	unphased	0.505993265993266	0.505993265993266	1
19	17346350	17346351	21	3	2.28	3	1	0.14	1	1	0.86	unphased	0.368333333333333	0.368333333333333	1
19	19338835	19338836	108	14	2.8	2	2	0.4	1	1	0.6	unphased	0.397814207650273	0.994535519125683	0.4
19	19369510	19369511	12	5	2.8	2	2	0.4	1	1	0.6	unphased	1.01960784313725	1.01960784313725	1
19	19625530	19625531	79	7	2.8	2	2	0.4	1	1	0.6	unphased	0.282170542635659	0.705426356589147	0.4
19	21909962	21909963	78	11	2.8	2	2	0.4	1	1	0.6	unphased	0.428464419475655	1.07116104868914	0.4
19	21992412	21992413	85	16	1.18	2	2	0.06	0	1	0.94	unphased	0.292541254125413	0.292541254125413	1
19	22940944	22940945	32	16	1.18	2	2	0.06	0	1	0.94	unphased	0.615555555555556	0.615555555555556	1
19	23170130	23170131	51	9	1.18	2	2	0.06	0	1	0.94	unphased	0.277	0.277	1
19	23836134	23836135	60	10	1.18	2	2	0.06	0	1	0.94	unphased	0.263809523809524	0.263809523809524	1
19	31048262	31048263	9	7	1.18	2	2	0.06	0	1	0.94	unphased	0.807916666666667	0.807916666666667	1
19	35551065	35551066	123	19	1.18	2	2	0.06	0	1	0.94	unphased	0.247089201877934	0.247089201877934	1
19	35644917	35644918	10	3	1.18	2	2	0.06	0	1	0.94	unphased	0.426153846153846	0.426153846153846	1
19	35646480	35646481	53	11	1.18	2	2	0.06	0	1	0.94	unphased	0.317395833333333	0.317395833333333	1
19	36279064	36279065	43	17	1.18	2	2	0.06	0	1	0.94	unphased	0.523222222222222	0.523222222222222	1
19	38817494	38817495	185	97	1.18	2	2	0.06	0	1	0.94	unphased	0.635200945626478	0.635200945626478	1
19	38951173	38951174	71	88	1.18	2	2	0.06	0	1	0.94	unphased	1.02205450733753	1.02205450733753	1
19	42373136	42373137	34	12	2	2	0	1	NA	NA	NA	unphased	0.695652173913043	0.695652173913043	1
19	44570537	44570538	108	85	2	2	0	1	NA	NA	NA	unphased	1.17443868739206	1.17443868739206	1
19	44680610	44680611	44	11	2	2	0	1	NA	NA	NA	unphased	0.533333333333333	0.533333333333333	1
19	46094993	46094994	45	9	2	2	0	1	NA	NA	NA	unphased	0.444444444444444	0.444444444444444	1
19	46178214	46178215	56	5	2	2	0	1	NA	NA	NA	unphased	0.218579234972678	0.218579234972678	1
19	50781446	50781447	8	4	2	2	0	1	NA	NA	NA	unphased	0.888888888888889	0.888888888888889	1
19	53754814	53754815	48	14	2	2	0	1	NA	NA	NA	unphased	0.602150537634409	0.602150537634409	1
19	53855181	53855182	65	20	2	2	0	1	NA	NA	NA	unphased	0.627450980392157	0.627450980392157	1
19	54313165	54313166	25	32	2	2	0	1	NA	NA	NA	unphased	1.49707602339181	0.748538011695906	2
19	54647869	54647870	19	5	2	2	0	1	NA	NA	NA	unphased	0.555555555555556	0.555555555555556	1
19	55421424	55421425	82	90	2	2	0	1	NA	NA	NA	unphased	1.3953488372093	0.697674418604651	2
19	57967674	57967675	43	27	2	2	0	1	NA	NA	NA	unphased	1.02857142857143	1.02857142857143	1
19	58132743	58132744	157	45	2	2	0	1	NA	NA	NA	unphased	0.594059405940594	0.594059405940594	1
19	58549467	58549468	8	6	2	2	0	1	NA	NA	NA	unphased	1.14285714285714	1.14285714285714	1
19	58565351	58565352	4	4	2	2	0	1	NA	NA	NA	unphased	1.33333333333333	1.33333333333333	1
2	1926810	1926811	129	25	3	3	0	1	NA	NA	NA	unphased	0.595238095238095	0.595238095238095	1
2	8891667	8891668	137	17	1.26	3	0	0.13	1	0	0.87	unphased	0.212683982683983	0.212683982683983	1
2	24494746	24494747	84	10	1.26	3	0	0.13	1	0	0.87	unphased	0.204964539007092	1.57665030005456	0.13
2	24985554	24985555	297	37	1.26	3	0	0.13	1	0	0.87	unphased	0.213433133732535	0.213433133732535	1
2	27707129	27707130	91	13	1.26	3	0	0.13	1	0	0.87	unphased	0.240833333333333	0.240833333333333	1
2	27800210	27800211	128	21	1.26	3	0	0.13	1	0	0.87	unphased	0.271543624161074	0.271543624161074	1
2	29404463	29404464	39	27	1.26	3	0	0.13	1	0	0.87	unphased	0.788181818181818	0.788181818181818	1
2	29754814	29754815	64	15	1.26	3	0	0.13	1	0	0.87	unphased	0.365822784810127	0.365822784810127	1
2	30785158	30785159	69	50	1.26	3	0	0.13	1	0	0.87	unphased	0.80952380952381	0.80952380952381	1
2	33037581	33037582	127	28	1.26	3	0	0.13	1	0	0.87	unphased	0.348043010752688	0.348043010752688	1
2	33589304	33589305	94	52	1.26	3	0	0.13	1	0	0.87	unphased	0.6862100456621	0.6862100456621	1
2	36986194	36986195	85	71	1.26	3	0	0.13	1	0	0.87	unphased	0.876880341880342	0.876880341880342	1
2	48725788	48725789	60	7	1.26	3	0	0.13	1	0	0.87	unphased	0.201293532338308	1.54841178721776	0.13
2	55562249	55562250	58	11	1.26	3	0	0.13	1	0	0.87	unphased	0.307149758454106	0.307149758454106	1
2	61331051	61331052	63	12	1.26	3	0	0.13	1	0	0.87	unphased	0.308266666666667	0.308266666666667	1
2	70890460	70890461	28	6	1.26	3	0	0.13	1	0	0.87	unphased	0.34	0.34	1
2	70890616	70890617	247	43	1.26	3	0	0.13	1	0	0.87	unphased	0.28567816091954	0.28567816091954	1
2	71766325	71766326	50	32	1.26	3	0	0.13	1	0	0.87	unphased	0.751869918699187	0.751869918699187	1
2	71797022	71797023	33	4	1.26	3	0	0.13	1	0	0.87	unphased	0.208288288288288	1.6022176022176	0.13
2	73476216	73476217	53	15	1.26	3	0	0.13	1	0	0.87	unphased	0.425	0.425	1
2	74479354	74479355	35	7	1.26	3	0	0.13	1	0	0.87	unphased	0.321111111111111	0.321111111111111	1
2	74902124	74902125	55	3	1.26	3	0	0.13	1	0	0.87	unphased	0.0996551724137931	0.76657824933687	0.13
2	86378433	86378434	49	7	1.26	3	0	0.13	1	0	0.87	unphased	0.240833333333333	0.240833333333333	1
2	88390542	88390543	175	36	1.26	3	0	0.13	1	0	0.87	unphased	0.328720379146919	0.328720379146919	1
2	88474920	88474921	42	11	1.26	3	0	0.13	1	0	0.87	unphased	0.399874213836478	0.399874213836478	1
2	88870416	88870417	82	17	1.26	3	0	0.13	1	0	0.87	unphased	0.330841750841751	0.330841750841751	1
2	95942025	95942026	38	33	1.26	3	0	0.13	1	0	0.87	unphased	0.895492957746479	0.895492957746479	1
2	96047374	96047375	66	13	1.26	3	0	0.13	1	0	0.87	unphased	0.31704641350211	0.31704641350211	1
2	113780230	113780231	26	17	2	2	0	1	NA	NA	NA	unphased	1.05426356589147	1.05426356589147	1
2	125192148	125192149	54	19	2	2	0	1	NA	NA	NA	unphased	0.694063926940639	0.694063926940639	1
2	125285017	125285018	81	20	2	2	0	1	NA	NA	NA	unphased	0.528052805280528	0.528052805280528	1
2	127944713	127944714	7	8	2	2	0	1	NA	NA	NA	unphased	1.42222222222222	1.42222222222222	1
2	128029013	128029014	107	21	2	2	0	1	NA	NA	NA	unphased	0.4375	0.4375	1
2	141072547	141072548	67	10	2	2	0	1	NA	NA	NA	unphased	0.346320346320346	0.346320346320346	1
2	141093206	141093207	79	28	2	2	0	1	NA	NA	NA	unphased	0.697819314641745	0.697819314641745	1
2	141751643	141751644	79	25	2	2	0	1	NA	NA	NA	unphased	0.641025641025641	0.641025641025641	1
2	145147170	145147171	121	35	2	2	0	1	NA	NA	NA	unphased	0.598290598290598	0.598290598290598	1
2	152362720	152362721	138	42	2	2	0	1	NA	NA	NA	unphased	0.622222222222222	0.622222222222222	1
2	152483675	152483676	24	24	2	2	0	1	NA	NA	NA	unphased	1.33333333333333	1.33333333333333	1
2	157406195	157406196	43	10	2	2	0	1	NA	NA	NA	unphased	0.50314465408805	0.50314465408805	1
2	160692135	160692136	58	19	2	2	0	1	NA	NA	NA	unphased	0.658008658008658	0.658008658008658	1
2	160692136	160692137	59	17	2	2	0	1	NA	NA	NA	unphased	0.596491228070175	0.596491228070175	1
2	162036133	162036134	22	3	2	2	0	1	NA	NA	NA	unphased	0.32	0.32	1
2	167760077	167760078	42	9	2	2	0	1	NA	NA	NA	unphased	0.470588235294118	0.470588235294118	1
2	167760078	167760079	43	9	2	2	0	1	NA	NA	NA	unphased	0.461538461538462	0.461538461538462	1
2	172935697	172935698	138	38	2	2	0	1	NA	NA	NA	unphased	0.575757575757576	0.575757575757576	1
2	179456345	179456346	265	9	2	2	0	1	NA	NA	NA	unphased	0.0875912408759124	0.0875912408759124	1
2	179477577	179477578	21	8	2	2	0	1	NA	NA	NA	unphased	0.735632183908046	0.735632183908046	1
2	179549431	179549432	27	23	2	2	0	1	NA	NA	NA	unphased	1.22666666666667	1.22666666666667	1
2	179574400	179574401	46	33	2	2	0	1	NA	NA	NA	unphased	1.11392405063291	1.11392405063291	1
2	179575493	179575494	67	14	2	2	0	1	NA	NA	NA	unphased	0.460905349794239	0.460905349794239	1
2	179580394	179580395	14	8	2	2	0	1	NA	NA	NA	unphased	0.96969696969697	0.96969696969697	1
2	179583675	179583676	18	4	2	2	0	1	NA	NA	NA	unphased	0.484848484848485	0.484848484848485	1
2	179637925	179637926	36	11	2	2	0	1	NA	NA	NA	unphased	0.624113475177305	0.624113475177305	1
2	189873712	189873713	51	39	2	2	0	1	NA	NA	NA	unphased	1.15555555555556	1.15555555555556	1
2	191840541	191840542	37	15	2	2	0	1	NA	NA	NA	unphased	0.769230769230769	0.769230769230769	1
2	208795665	208795666	53	13	2	2	0	1	NA	NA	NA	unphased	0.525252525252525	0.525252525252525	1
2	214354686	214354687	57	14	2	2	0	1	NA	NA	NA	unphased	0.525821596244131	0.525821596244131	1
2	215274879	215274880	63	20	2	2	0	1	NA	NA	NA	unphased	0.642570281124498	0.642570281124498	1
2	216960748	216960749	29	10	2	2	0	1	NA	NA	NA	unphased	0.683760683760684	0.683760683760684	1
2	220465955	220465956	22	9	2	2	0	1	NA	NA	NA	unphased	0.774193548387097	0.774193548387097	1
2	220501477	220501478	82	24	2	2	0	1	NA	NA	NA	unphased	0.60377358490566	0.60377358490566	1
2	224463150	224463151	82	113	2	2	0	1	NA	NA	NA	unphased	1.54529914529915	0.772649572649573	2
2	227729705	227729706	94	85	2	2	0	1	NA	NA	NA	unphased	1.26629422718808	1.26629422718808	1
2	242147077	242147078	51	34	2	2	0	1	NA	NA	NA	unphased	1.06666666666667	1.06666666666667	1
2	242162663	242162664	135	39	2	2	0	1	NA	NA	NA	unphased	0.597701149425287	0.597701149425287	1
20	2988026	2988027	140	47	1.1	3	0	0.05	0	1	0.95	unphased	0.444028520499109	0.444028520499109	1
20	7875840	7875841	60	67	1.1	3	0	0.05	0	1	0.95	unphased	0.932020997375328	0.932020997375328	1
20	9368187	9368188	35	32	1.1	3	0	0.05	0	1	0.95	unphased	0.843781094527363	0.843781094527363	1
20	9561140	9561141	88	6	1.1	3	0	0.05	0	1	0.95	unphased	0.112765957446809	0.112765957446809	1
20	16385473	16385474	32	3	1.1	3	0	0.05	0	1	0.95	unphased	0.151428571428571	0.151428571428571	1
20	17608195	17608196	51	9	1.1	3	0	0.05	0	1	0.95	unphased	0.265	0.265	1
20	18395999	18396000	37	18	1.1	3	0	0.05	0	1	0.95	unphased	0.578181818181818	0.578181818181818	1
20	20140012	20140013	53	24	1.1	3	0	0.05	0	1	0.95	unphased	0.550649350649351	0.550649350649351	1
20	20226810	20226811	108	24	1.1	3	0	0.05	0	1	0.95	unphased	0.321212121212121	0.321212121212121	1
20	25656841	25656842	68	11	1.1	3	0	0.05	0	1	0.95	unphased	0.245991561181435	0.245991561181435	1
20	30386190	30386191	128	24	1.1	3	0	0.05	0	1	0.95	unphased	0.278947368421053	0.278947368421053	1
20	30681809	30681810	97	12	1.1	3	0	0.05	0	1	0.95	unphased	0.194495412844037	0.194495412844037	1
20	32438872	32438873	67	17	1.1	3	0	0.05	0	1	0.95	unphased	0.357539682539683	0.357539682539683	1
20	33875233	33875234	47	3	1.1	3	0	0.05	0	1	0.95	unphased	0.106	0.106	1
20	40033242	40033243	170	15	1.1	3	0	0.05	0	1	0.95	unphased	0.143243243243243	0.143243243243243	1
20	42161454	42161455	99	42	1.1	3	0	0.05	0	1	0.95	unphased	0.526241134751773	0.526241134751773	1
20	42310437	42310438	45	24	1.1	3	0	0.05	0	1	0.95	unphased	0.614492753623188	0.614492753623188	1
20	43057096	43057097	35	5	1.1	3	0	0.05	0	1	0.95	unphased	0.220833333333333	0.220833333333333	1
20	43530346	43530347	71	15	1.1	3	0	0.05	0	1	0.95	unphased	0.308139534883721	0.308139534883721	1
20	43945604	43945605	68	10	1.1	3	0	0.05	0	1	0.95	unphased	0.226495726495726	0.226495726495726	1
20	44352522	44352523	91	23	1.1	3	0	0.05	0	1	0.95	unphased	0.356432748538012	0.356432748538012	1
20	53208315	53208316	92	13	1.1	3	0	0.05	0	1	0.95	unphased	0.218730158730159	0.218730158730159	1
20	55027953	55027954	71	14	1.1	3	0	0.05	0	1	0.95	unphased	0.290980392156863	0.290980392156863	1
20	58564176	58564177	354	53	1.1	3	0	0.05	0	1	0.95	unphased	0.23005733005733	0.23005733005733	1
20	60504758	60504759	26	43	1.1	3	0	0.05	0	1	0.95	unphased	1.10096618357488	1.10096618357488	1
20	61981792	61981793	85	13	1.1	3	0	0.05	0	1	0.95	unphased	0.234353741496599	0.234353741496599	1
20	62038268	62038269	6	6	1.1	3	0	0.05	0	1	0.95	unphased	0.883333333333333	0.883333333333333	1
21	10862653	10862654	381	34	NA	NA	NA	NA	NA	NA	NA	unphased	NA	NA	1
21	10944716	10944717	147	15	NA	NA	NA	NA	NA	NA	NA	unphased	NA	NA	1
21	11049621	11049622	257	7	NA	NA	NA	NA	NA	NA	NA	unphased	NA	NA	1
21	17196426	17196427	34	14	2	2	0	1	NA	NA	NA	unphased	0.777777777777778	0.777777777777778	1
21	19716292	19716293	105	24	2	2	0	1	NA	NA	NA	unphased	0.496124031007752	0.496124031007752	1
21	30254549	30254550	48	7	2	2	0	1	NA	NA	NA	unphased	0.339393939393939	0.339393939393939	1
21	31655006	31655007	40	10	2	2	0	1	NA	NA	NA	unphased	0.533333333333333	0.533333333333333	1
21	35821938	35821939	20	3	2	2	0	1	NA	NA	NA	unphased	0.347826086956522	0.347826086956522	1
21	37093043	37093044	51	15	2	2	0	1	NA	NA	NA	unphased	0.606060606060606	0.606060606060606	1
22	18165976	18165977	55	11	3	3	0	1	NA	NA	NA	unphased	0.611111111111111	0.611111111111111	1
22	32643455	32643456	31	5	2	2	0	1	NA	NA	NA	unphased	0.37037037037037	0.37037037037037	1
22	35799295	35799296	28	8	2	2	0	1	NA	NA	NA	unphased	0.592592592592593	0.592592592592593	1
22	36718480	36718481	54	7	2	2	0	1	NA	NA	NA	unphased	0.306010928961749	0.306010928961749	1
22	38119889	38119890	30	8	2	2	0	1	NA	NA	NA	unphased	0.56140350877193	0.56140350877193	1
22	38122385	38122386	9	7	2	2	0	1	NA	NA	NA	unphased	1.16666666666667	1.16666666666667	1
22	38373946	38373947	22	13	2	2	0	1	NA	NA	NA	unphased	0.990476190476191	0.990476190476191	1
22	38824010	38824011	133	47	2	2	0	1	NA	NA	NA	unphased	0.696296296296296	0.696296296296296	1
22	42095614	42095615	16	5	2	2	0	1	NA	NA	NA	unphased	0.634920634920635	0.634920634920635	1
22	45312285	45312286	22	8	2	2	0	1	NA	NA	NA	unphased	0.711111111111111	0.711111111111111	1
22	50555688	50555689	60	15	NA	NA	NA	NA	NA	NA	NA	unphased	NA	NA	1
3	6903135	6903136	7	5	3	3	0	1	NA	NA	NA	unphased	1.52777777777778	1.52777777777778	1
3	8579061	8579062	179	37	3	3	0	1	NA	NA	NA	unphased	0.628086419753086	0.628086419753086	1
3	9146466	9146467	35	23	3	3	0	1	NA	NA	NA	unphased	1.45402298850575	0.727011494252874	2
3	10443871	10443872	185	51	3	3	0	1	NA	NA	NA	unphased	0.792372881355932	0.792372881355932	1
3	12977284	12977285	23	9	3	3	0	1	NA	NA	NA	unphased	1.03125	1.03125	1
3	15711966	15711967	126	57	3	3	0	1	NA	NA	NA	unphased	1.14207650273224	1.14207650273224	1
3	16646781	16646782	28	17	3	3	0	1	NA	NA	NA	unphased	1.38518518518519	1.38518518518519	1
3	28454761	28454762	116	67	3	3	0	1	NA	NA	NA	unphased	1.34244080145719	0.671220400728597	2
3	30885885	30885886	173	98	3	3	0	1	NA	NA	NA	unphased	1.3259532595326	1.3259532595326	1
3	37033769	37033770	79	55	3	3	0	1	NA	NA	NA	unphased	1.50497512437811	0.752487562189055	2
3	38936333	38936334	52	20	3	3	0	1	NA	NA	NA	unphased	1.01851851851852	1.01851851851852	1
3	40433471	40433472	122	24	3	3	0	1	NA	NA	NA	unphased	0.602739726027397	0.602739726027397	1
3	41759237	41759238	48	33	3	3	0	1	NA	NA	NA	unphased	1.49382716049383	0.746913580246914	2
3	48696794	48696795	48	14	3	3	0	1	NA	NA	NA	unphased	0.827956989247312	0.827956989247312	1
3	49940624	49940625	65	23	3	3	0	1	NA	NA	NA	unphased	0.958333333333333	0.958333333333333	1
3	50334354	50334355	21	3	3	3	0	1	NA	NA	NA	unphased	0.458333333333333	0.458333333333333	1
3	63466618	63466619	130	27	3	3	0	1	NA	NA	NA	unphased	0.630573248407643	0.630573248407643	1
3	69168980	69168981	7	3	3	3	0	1	NA	NA	NA	unphased	1.1	1.1	1
3	77607212	77607213	47	26	3	3	0	1	NA	NA	NA	unphased	1.30593607305936	1.30593607305936	1
3	108672524	108672525	87	48	3	3	0	1	NA	NA	NA	unphased	1.3037037037037	1.3037037037037	1
3	108672525	108672526	86	48	3	3	0	1	NA	NA	NA	unphased	1.3134328358209	1.3134328358209	1
3	113376965	113376966	53	19	3	3	0	1	NA	NA	NA	unphased	0.967592592592593	0.967592592592593	1
3	121415673	121415674	221	44	3	3	0	1	NA	NA	NA	unphased	0.608805031446541	0.608805031446541	1
3	122056440	122056441	187	26	3	3	0	1	NA	NA	NA	unphased	0.447574334898279	0.447574334898279	1
3	124153321	124153322	45	6	3	3	0	1	NA	NA	NA	unphased	0.431372549019608	0.431372549019608	1
3	126138490	126138491	68	8	3	3	0	1	NA	NA	NA	unphased	0.385964912280702	0.385964912280702	1
3	127399218	127399219	7	5	3	3	0	1	NA	NA	NA	unphased	1.52777777777778	1.52777777777778	1
3	133306890	133306891	72	23	3	3	0	1	NA	NA	NA	unphased	0.887719298245614	0.887719298245614	1
3	134338107	134338108	89	14	3	3	0	1	NA	NA	NA	unphased	0.498381877022654	0.498381877022654	1
3	134851695	134851696	28	4	3	3	0	1	NA	NA	NA	unphased	0.458333333333333	0.458333333333333	1
3	142051223	142051224	69	4	3	3	0	1	NA	NA	NA	unphased	0.200913242009132	0.200913242009132	1
3	156266736	156266737	90	15	3	3	0	1	NA	NA	NA	unphased	0.523809523809524	0.523809523809524	1
3	156271451	156271452	90	23	3	3	0	1	NA	NA	NA	unphased	0.746312684365782	0.746312684365782	1
3	157031482	157031483	54	41	3	3	0	1	NA	NA	NA	unphased	1.58245614035088	0.791228070175439	2
3	160783225	160783226	64	51	3	3	0	1	NA	NA	NA	unphased	1.62608695652174	0.81304347826087	2
3	160952996	160952997	34	33	3	3	0	1	NA	NA	NA	unphased	1.80597014925373	0.902985074626866	2
3	165547389	165547390	68	55	3	3	0	1	NA	NA	NA	unphased	1.63956639566396	0.819783197831978	2
3	170587953	170587954	36	4	3	3	0	1	NA	NA	NA	unphased	0.366666666666667	0.366666666666667	1
3	170846592	170846593	11	4	3	3	0	1	NA	NA	NA	unphased	0.977777777777778	0.977777777777778	1
3	183818190	183818191	118	97	3	3	0	1	NA	NA	NA	unphased	1.65426356589147	0.827131782945736	2
3	184040888	184040889	94	89	3	3	0	1	NA	NA	NA	unphased	1.78324225865209	0.891621129326047	2
3	184911231	184911232	91	77	3	3	0	1	NA	NA	NA	unphased	1.68055555555556	0.840277777777778	2
3	185198314	185198315	33	14	3	3	0	1	NA	NA	NA	unphased	1.09219858156028	1.09219858156028	1
3	188327045	188327046	115	100	3	3	0	1	NA	NA	NA	unphased	1.70542635658915	0.852713178294574	2
4	1165692	1165693	97	33	2	2	0	1	NA	NA	NA	unphased	0.676923076923077	0.676923076923077	1
4	5448429	5448430	34	8	2	2	0	1	NA	NA	NA	unphased	0.507936507936508	0.507936507936508	1
4	10445099	10445100	78	18	2	2	0	1	NA	NA	NA	unphased	0.5	0.5	1
4	13616301	13616302	35	16	2	2	0	1	NA	NA	NA	unphased	0.836601307189543	0.836601307189543	1
4	20618600	20618601	38	10	2	2	0	1	NA	NA	NA	unphased	0.555555555555556	0.555555555555556	1
4	38798775	38798776	133	40	2	2	0	1	NA	NA	NA	unphased	0.616570327552986	0.616570327552986	1
4	40825657	40825658	32	19	2	2	0	1	NA	NA	NA	unphased	0.993464052287582	0.993464052287582	1
4	41956211	41956212	68	21	2	2	0	1	NA	NA	NA	unphased	0.629213483146067	0.629213483146067	1
4	46737088	46737089	75	26	2	2	0	1	NA	NA	NA	unphased	0.686468646864686	0.686468646864686	1
4	47938841	47938842	108	27	2	2	0	1	NA	NA	NA	unphased	0.533333333333333	0.533333333333333	1
4	49063868	49063869	26	7	2	2	0	1	NA	NA	NA	unphased	0.565656565656566	0.565656565656566	1
4	54232113	54232114	27	10	2	2	0	1	NA	NA	NA	unphased	0.720720720720721	0.720720720720721	1
4	55153651	55153652	84	25	2	2	0	1	NA	NA	NA	unphased	0.611620795107034	0.611620795107034	1
4	73179392	73179393	25	9	2	2	0	1	NA	NA	NA	unphased	0.705882352941177	0.705882352941177	1
4	74351779	74351780	53	28	2	2	0	1	NA	NA	NA	unphased	0.921810699588477	0.921810699588477	1
4	79516564	79516565	135	48	2	2	0	1	NA	NA	NA	unphased	0.699453551912568	0.699453551912568	1
4	83838447	83838448	79	16	2	2	0	1	NA	NA	NA	unphased	0.449122807017544	0.449122807017544	1
4	90169241	90169242	23	9	2	2	0	1	NA	NA	NA	unphased	0.75	0.75	1
4	90816384	90816385	35	6	2	2	0	1	NA	NA	NA	unphased	0.390243902439024	0.390243902439024	1
4	114294600	114294601	68	17	2	2	0	1	NA	NA	NA	unphased	0.533333333333333	0.533333333333333	1
4	114294601	114294602	70	17	2	2	0	1	NA	NA	NA	unphased	0.521072796934866	0.521072796934866	1
4	120221656	120221657	42	11	2	2	0	1	NA	NA	NA	unphased	0.553459119496855	0.553459119496855	1
4	124011837	124011838	85	30	2	2	0	1	NA	NA	NA	unphased	0.695652173913043	0.695652173913043	1
4	148457075	148457076	216	8	2	2	0	1	NA	NA	NA	unphased	0.0952380952380952	0.0952380952380952	1
4	154217069	154217070	25	10	2	2	0	1	NA	NA	NA	unphased	0.761904761904762	0.761904761904762	1
4	155487758	155487759	84	14	2	2	0	1	NA	NA	NA	unphased	0.380952380952381	0.380952380952381	1
4	156135160	156135161	39	14	2	2	0	1	NA	NA	NA	unphased	0.70440251572327	0.70440251572327	1
4	175899200	175899201	31	17	2	2	0	1	NA	NA	NA	unphased	0.944444444444445	0.944444444444445	1
4	177017659	177017660	81	19	2	2	0	1	NA	NA	NA	unphased	0.506666666666667	0.506666666666667	1
4	185941604	185941605	31	7	2	2	0	1	NA	NA	NA	unphased	0.491228070175439	0.491228070175439	1
5	5461544	5461545	57	19	5	5	0	1	NA	NA	NA	unphased	1.41666666666667	1.41666666666667	1
5	5462875	5462876	35	7	5	5	0	1	NA	NA	NA	unphased	0.944444444444444	0.944444444444444	1
5	7773179	7773180	149	15	5	5	0	1	NA	NA	NA	unphased	0.518292682926829	0.518292682926829	1
5	13793719	13793720	188	23	5	5	0	1	NA	NA	NA	unphased	0.617693522906793	0.617693522906793	1
5	16694688	16694689	190	23	5	5	0	1	NA	NA	NA	unphased	0.61189358372457	0.61189358372457	1
5	21752099	21752100	111	22	5	5	0	1	NA	NA	NA	unphased	0.93734335839599	0.93734335839599	1
5	21854857	21854858	93	12	5	5	0	1	NA	NA	NA	unphased	0.647619047619048	0.647619047619048	1
5	23526953	23526954	115	12	5	5	0	1	NA	NA	NA	unphased	0.535433070866142	0.535433070866142	1
5	32724852	32724853	41	31	5	5	0	1	NA	NA	NA	unphased	2.43981481481481	0.813271604938272	3
5	33588903	33588904	35	9	5	5	0	1	NA	NA	NA	unphased	1.15909090909091	1.15909090909091	1
5	33989424	33989425	90	32	5	5	0	1	NA	NA	NA	unphased	1.48633879781421	0.743169398907104	2
5	34880304	34880305	94	12	5	5	0	1	NA	NA	NA	unphased	0.641509433962264	0.641509433962264	1
5	36976484	36976485	111	5	5	5	0	1	NA	NA	NA	unphased	0.244252873563218	0.244252873563218	1
5	38925399	38925400	182	54	5	5	0	1	NA	NA	NA	unphased	1.29661016949153	1.29661016949153	1
5	39341353	39341354	108	99	5	5	0	1	NA	NA	NA	unphased	2.71014492753623	0.903381642512077	3
5	40853381	40853382	217	160	5	5	0	1	NA	NA	NA	unphased	2.40495137046861	0.801650456822871	3
5	41939706	41939707	147	15	5	5	0	1	NA	NA	NA	unphased	0.524691358024691	0.524691358024691	1
5	44812015	44812016	100	20	5	5	0	1	NA	NA	NA	unphased	0.944444444444444	0.944444444444444	1
5	50090703	50090704	19	11	3	3	0	1	NA	NA	NA	unphased	1.34444444444444	1.34444444444444	1
5	66462215	66462216	12	5	2	2	0	1	NA	NA	NA	unphased	0.784313725490196	0.784313725490196	1
5	79473873	79473874	10	3	2	2	0	1	NA	NA	NA	unphased	0.615384615384615	0.615384615384615	1
5	89999480	89999481	10	5	2	2	0	1	NA	NA	NA	unphased	0.888888888888889	0.888888888888889	1
5	108698661	108698662	122	27	2	2	0	1	NA	NA	NA	unphased	0.483221476510067	0.483221476510067	1
5	118484769	118484770	173	41	2	2	0	1	NA	NA	NA	unphased	0.510903426791277	0.510903426791277	1
5	127623117	127623118	53	12	2	2	0	1	NA	NA	NA	unphased	0.492307692307692	0.492307692307692	1
5	128324343	128324344	145	30	2	2	0	1	NA	NA	NA	unphased	0.457142857142857	0.457142857142857	1
5	128324344	128324345	154	31	2	2	0	1	NA	NA	NA	unphased	0.446846846846847	0.446846846846847	1
5	140076792	140076793	62	18	2	2	0	1	NA	NA	NA	unphased	0.6	0.6	1
5	140182635	140182636	31	10	2	2	0	1	NA	NA	NA	unphased	0.650406504065041	0.650406504065041	1
5	140593730	140593731	26	8	2	2	0	1	NA	NA	NA	unphased	0.627450980392157	0.627450980392157	1
5	140604974	140604975	13	5	2	2	0	1	NA	NA	NA	unphased	0.740740740740741	0.740740740740741	1
5	140616071	140616072	21	9	2	2	0	1	NA	NA	NA	unphased	0.8	0.8	1
5	140710551	140710552	117	45	2	2	0	1	NA	NA	NA	unphased	0.740740740740741	0.740740740740741	1
5	140710552	140710553	120	44	2	2	0	1	NA	NA	NA	unphased	0.715447154471545	0.715447154471545	1
5	140718824	140718825	43	16	2	2	0	1	NA	NA	NA	unphased	0.72316384180791	0.72316384180791	1
5	140720215	140720216	85	29	2	2	0	1	NA	NA	NA	unphased	0.678362573099415	0.678362573099415	1
5	148695816	148695817	51	3	2	2	0	1	NA	NA	NA	unphased	0.148148148148148	0.148148148148148	1
5	149772987	149772988	32	6	2	2	0	1	NA	NA	NA	unphased	0.421052631578947	0.421052631578947	1
5	150042517	150042518	31	5	2	2	0	1	NA	NA	NA	unphased	0.37037037037037	0.37037037037037	1
5	150946033	150946034	47	7	2	2	0	1	NA	NA	NA	unphased	0.345679012345679	0.345679012345679	1
5	156918896	156918897	14	7	2	2	0	1	NA	NA	NA	unphased	0.888888888888889	0.888888888888889	1
5	159344181	159344182	68	28	2	2	0	1	NA	NA	NA	unphased	0.777777777777778	0.777777777777778	1
5	160114889	160114890	139	32	2	2	0	1	NA	NA	NA	unphased	0.499025341130604	0.499025341130604	1
5	174869682	174869683	50	20	2	1	1	0.62	1	1	0.38	unphased	0.761904761904762	0.761904761904762	1
5	176710797	176710798	83	15	2	1	1	0.62	1	1	0.38	unphased	0.408163265306122	1.07411385606874	0.38
6	7231532	7231533	73	7	1.03	2	2	0.01	0	1	0.99	unphased	0.148458333333333	0.148458333333333	1
6	12120301	12120302	228	11	1.03	2	2	0.01	0	1	0.99	unphased	0.0780892608089261	0.0780892608089261	1
6	16145327	16145328	156	17	1.03	2	2	0.01	0	1	0.99	unphased	0.166724470134875	0.166724470134875	1
6	18225878	18225879	100	15	1.03	2	2	0.01	0	1	0.99	unphased	0.221304347826087	0.221304347826087	1
6	26031996	26031997	66	9	1.03	2	2	0.01	0	1	0.99	unphased	0.2036	0.2036	1
6	26045677	26045678	58	9	1.03	2	2	0.01	0	1	0.99	unphased	0.227910447761194	0.227910447761194	1
6	26252184	26252185	59	21	1.03	2	2	0.01	0	1	0.99	unphased	0.445375	0.445375	1
6	27368460	27368461	122	17	1.03	2	2	0.01	0	1	0.99	unphased	0.207505995203837	0.207505995203837	1
6	27860953	27860954	25	6	1.03	2	2	0.01	0	1	0.99	unphased	0.328387096774194	0.328387096774194	1
6	29054990	29054991	54	17	1.03	2	2	0.01	0	1	0.99	unphased	0.406244131455399	0.406244131455399	1
6	29797337	29797338	76	39	1.03	2	2	0.01	0	1	0.99	unphased	0.575391304347826	0.575391304347826	1
6	30647007	30647008	43	10	1.03	2	2	0.01	0	1	0.99	unphased	0.320125786163522	0.320125786163522	1
6	33409480	33409481	38	6	1.03	2	2	0.01	0	1	0.99	unphased	0.231363636363636	0.231363636363636	1
6	35387969	35387970	39	13	1.03	2	2	0.01	0	1	0.99	unphased	0.424166666666667	0.424166666666667	1
6	38795995	38795996	122	14	1.03	2	2	0.01	0	1	0.99	unphased	0.174656862745098	0.174656862745098	1
6	42036222	42036223	319	166	1.03	2	2	0.01	0	1	0.99	unphased	0.580714776632302	0.580714776632302	1
6	43096736	43096737	66	7	1.03	2	2	0.01	0	1	0.99	unphased	0.162694063926941	0.162694063926941	1
6	46777205	46777206	135	31	1.03	2	2	0.01	0	1	0.99	unphased	0.316847389558233	0.316847389558233	1
6	47649630	47649631	210	29	1.03	2	2	0.01	0	1	0.99	unphased	0.205871687587169	0.205871687587169	1
6	48036172	48036173	38	6	1.03	2	2	0.01	0	1	0.99	unphased	0.231363636363636	0.231363636363636	1
6	50803984	50803985	27	6	1.03	2	2	0.01	0	1	0.99	unphased	0.308484848484848	0.308484848484848	1
6	55145193	55145194	121	66	1.03	2	2	0.01	0	1	0.99	unphased	0.598823529411765	0.598823529411765	1
6	56417414	56417415	34	11	1.03	2	2	0.01	0	1	0.99	unphased	0.414740740740741	0.414740740740741	1
6	62611151	62611152	74	22	2	2	0	1	NA	NA	NA	unphased	0.611111111111111	0.611111111111111	1
6	66112478	66112479	33	17	2	2	0	1	NA	NA	NA	unphased	0.906666666666667	0.906666666666667	1
6	70909315	70909316	48	13	2	2	0	1	NA	NA	NA	unphased	0.568306010928962	0.568306010928962	1
6	70980048	70980049	50	9	2	2	0	1	NA	NA	NA	unphased	0.406779661016949	0.406779661016949	1
6	73713682	73713683	80	15	2	2	0	1	NA	NA	NA	unphased	0.421052631578947	0.421052631578947	1
6	76623839	76623840	40	48	2	2	0	1	NA	NA	NA	unphased	1.45454545454545	0.727272727272727	2
6	83602692	83602693	21	22	2	2	0	1	NA	NA	NA	unphased	1.36434108527132	0.682170542635659	2
6	83839223	83839224	43	35	2	2	0	1	NA	NA	NA	unphased	1.1965811965812	1.1965811965812	1
6	87964394	87964395	96	58	2	2	0	1	NA	NA	NA	unphased	1.004329004329	1.004329004329	1
6	88224177	88224178	49	12	2	2	0	1	NA	NA	NA	unphased	0.524590163934426	0.524590163934426	1
6	89864534	89864535	85	21	2	2	0	1	NA	NA	NA	unphased	0.528301886792453	0.528301886792453	1
6	91226096	91226097	6	3	2	2	0	1	NA	NA	NA	unphased	0.888888888888889	0.888888888888889	1
6	99283694	99283695	98	70	2	2	0	1	NA	NA	NA	unphased	1.11111111111111	1.11111111111111	1
6	99283695	99283696	96	69	2	2	0	1	NA	NA	NA	unphased	1.11515151515152	1.11515151515152	1
6	106967351	106967352	71	12	2	2	0	1	NA	NA	NA	unphased	0.385542168674699	0.385542168674699	1
6	112506470	112506471	98	59	2	2	0	1	NA	NA	NA	unphased	1.00212314225053	1.00212314225053	1
6	118556707	118556708	64	11	2	2	0	1	NA	NA	NA	unphased	0.391111111111111	0.391111111111111	1
6	133836474	133836475	44	50	2	2	0	1	NA	NA	NA	unphased	1.41843971631206	0.709219858156028	2
6	149395196	149395197	28	20	2	2	0	1	NA	NA	NA	unphased	1.11111111111111	1.11111111111111	1
6	150111147	150111148	70	56	2	2	0	1	NA	NA	NA	unphased	1.18518518518519	1.18518518518519	1
6	159653295	159653296	8	3	2	2	0	1	NA	NA	NA	unphased	0.727272727272727	0.727272727272727	1
6	160494910	160494911	23	5	2	2	0	1	NA	NA	NA	unphased	0.476190476190476	0.476190476190476	1
7	794430	794431	51	4	5	5	0	1	NA	NA	NA	unphased	0.412121212121212	0.412121212121212	1
7	1273219	1273220	48	8	5	5	0	1	NA	NA	NA	unphased	0.80952380952381	0.80952380952381	1
7	1512765	1512766	62	7	5	5	0	1	NA	NA	NA	unphased	0.57487922705314	0.57487922705314	1
7	11485768	11485769	301	72	5	5	0	1	NA	NA	NA	unphased	1.09383378016086	1.09383378016086	1
7	11675947	11675948	190	37	5	5	0	1	NA	NA	NA	unphased	0.923641703377386	0.923641703377386	1
7	16816731	16816732	152	18	5	5	0	1	NA	NA	NA	unphased	0.6	0.6	1
7	18687407	18687408	20	5	5	5	0	1	NA	NA	NA	unphased	1.13333333333333	1.13333333333333	1
7	18706011	18706012	41	10	5	5	0	1	NA	NA	NA	unphased	1.11111111111111	1.11111111111111	1
7	20668360	20668361	50	15	5	5	0	1	NA	NA	NA	unphased	1.30769230769231	1.30769230769231	1
7	20698190	20698191	48	61	5	5	0	1	NA	NA	NA	unphased	3.17125382262997	1.05708460754332	3
7	22162064	22162065	52	6	5	5	0	1	NA	NA	NA	unphased	0.586206896551724	0.586206896551724	1
7	23307522	23307523	261	40	5	5	0	1	NA	NA	NA	unphased	0.753045404208195	0.753045404208195	1
7	24329162	24329163	182	21	5	5	0	1	NA	NA	NA	unphased	0.586206896551724	0.586206896551724	1
7	27204732	27204733	22	6	5	5	0	1	NA	NA	NA	unphased	1.21428571428571	1.21428571428571	1
7	30329437	30329438	122	22	5	5	0	1	NA	NA	NA	unphased	0.865740740740741	0.865740740740741	1
7	31735206	31735207	175	22	5	5	0	1	NA	NA	NA	unphased	0.632825719120135	0.632825719120135	1
7	33134962	33134963	135	19	5	5	0	1	NA	NA	NA	unphased	0.699134199134199	0.699134199134199	1
7	37780913	37780914	68	36	5	5	0	1	NA	NA	NA	unphased	1.96153846153846	0.980769230769231	2
7	42064873	42064874	71	12	5	5	0	1	NA	NA	NA	unphased	0.819277108433735	0.819277108433735	1
7	48045604	48045605	88	19	5	5	0	1	NA	NA	NA	unphased	1.00623052959502	1.00623052959502	1
7	50367288	50367289	32	3	5	5	0	1	NA	NA	NA	unphased	0.485714285714286	0.485714285714286	1
7	50450312	50450313	24	6	5	5	0	1	NA	NA	NA	unphased	1.13333333333333	1.13333333333333	1
7	53103525	53103526	26	21	5	5	0	1	NA	NA	NA	unphased	2.53191489361702	0.843971631205674	3
7	55459527	55459528	83	17	5	5	0	1	NA	NA	NA	unphased	0.963333333333333	0.963333333333333	1
7	62753197	62753198	125	56	3	3	0	1	NA	NA	NA	unphased	1.13443830570902	1.13443830570902	1
7	62758703	62758704	50	11	3	3	0	1	NA	NA	NA	unphased	0.66120218579235	0.66120218579235	1
7	79082555	79082556	105	62	3	3	0	1	NA	NA	NA	unphased	1.36127744510978	0.68063872255489	2
7	96746942	96746943	23	5	3	3	0	1	NA	NA	NA	unphased	0.654761904761905	0.654761904761905	1
7	100675085	100675086	89	18	3	3	0	1	NA	NA	NA	unphased	0.616822429906542	0.616822429906542	1
7	100839125	100839126	13	9	3	3	0	1	NA	NA	NA	unphased	1.5	1.5	1
7	102760346	102760347	82	57	3	3	0	1	NA	NA	NA	unphased	1.50359712230216	0.751798561151079	2
7	104717790	104717791	66	6	3	3	0	1	NA	NA	NA	unphased	0.305555555555556	0.305555555555556	1
7	105904019	105904020	134	20	3	3	0	1	NA	NA	NA	unphased	0.476190476190476	0.476190476190476	1
7	106508849	106508850	25	20	3	3	0	1	NA	NA	NA	unphased	1.62962962962963	0.814814814814815	2
7	110763421	110763422	86	20	3	3	0	1	NA	NA	NA	unphased	0.691823899371069	0.691823899371069	1
7	110763422	110763423	87	21	3	3	0	1	NA	NA	NA	unphased	0.712962962962963	0.712962962962963	1
7	112102372	112102373	59	10	3	3	0	1	NA	NA	NA	unphased	0.531400966183575	0.531400966183575	1
7	112724004	112724005	136	53	3	3	0	1	NA	NA	NA	unphased	1.02821869488536	1.02821869488536	1
7	122338252	122338253	202	57	3	3	0	1	NA	NA	NA	unphased	0.806949806949807	0.806949806949807	1
7	127231381	127231382	11	3	3	3	0	1	NA	NA	NA	unphased	0.785714285714286	0.785714285714286	1
7	131194300	131194301	188	32	3	3	0	1	NA	NA	NA	unphased	0.533333333333333	0.533333333333333	1
7	134260293	134260294	156	21	3	3	0	1	NA	NA	NA	unphased	0.435028248587571	0.435028248587571	1
7	134625921	134625922	63	13	3	3	0	1	NA	NA	NA	unphased	0.62719298245614	0.62719298245614	1
7	139661739	139661740	55	10	3	3	0	1	NA	NA	NA	unphased	0.564102564102564	0.564102564102564	1
7	140481401	140481402	123	81	3	3	0	1	NA	NA	NA	unphased	1.45588235294118	0.727941176470588	2
7	141539163	141539164	39	12	3	3	0	1	NA	NA	NA	unphased	0.862745098039216	0.862745098039216	1
7	141957509	141957510	110	16	3	3	0	1	NA	NA	NA	unphased	0.465608465608466	0.465608465608466	1
7	142104552	142104553	47	40	3	3	0	1	NA	NA	NA	unphased	1.68582375478927	0.842911877394636	2
7	142168565	142168566	93	15	3	3	0	1	NA	NA	NA	unphased	0.509259259259259	0.509259259259259	1
7	142197828	142197829	47	9	3	3	0	1	NA	NA	NA	unphased	0.589285714285714	0.589285714285714	1
7	142836632	142836633	118	106	3	3	0	1	NA	NA	NA	unphased	1.73511904761905	0.867559523809524	2
7	144098308	144098309	18	10	3	3	0	1	NA	NA	NA	unphased	1.30952380952381	1.30952380952381	1
7	148768939	148768940	30	8	3	3	0	1	NA	NA	NA	unphased	0.771929824561403	0.771929824561403	1
7	150500782	150500783	98	35	3	3	0	1	NA	NA	NA	unphased	0.964912280701754	0.964912280701754	1
7	150738264	150738265	39	11	3	3	0	1	NA	NA	NA	unphased	0.806666666666667	0.806666666666667	1
7	150738265	150738266	39	12	3	3	0	1	NA	NA	NA	unphased	0.862745098039216	0.862745098039216	1
7	152007148	152007149	39	9	3	3	0	1	NA	NA	NA	unphased	0.6875	0.6875	1
7	155301614	155301615	97	15	3	3	0	1	NA	NA	NA	unphased	0.491071428571429	0.491071428571429	1
8	2818701	2818702	27	19	3	3	0	1	NA	NA	NA	unphased	1.51449275362319	0.757246376811594	2
8	2886839	2886840	17	3	3	3	0	1	NA	NA	NA	unphased	0.55	0.55	1
8	3245094	3245095	5	4	3	3	0	1	NA	NA	NA	unphased	1.62962962962963	1.62962962962963	1
8	6302890	6302891	58	20	3	3	0	1	NA	NA	NA	unphased	0.94017094017094	0.94017094017094	1
8	14181664	14181665	35	32	3	3	0	1	NA	NA	NA	unphased	1.75124378109453	0.875621890547264	2
8	17137786	17137787	50	11	3	3	0	1	NA	NA	NA	unphased	0.66120218579235	0.66120218579235	1
8	17933089	17933090	97	38	3	3	0	1	NA	NA	NA	unphased	1.0320987654321	1.0320987654321	1
8	21986338	21986339	9	5	3	3	0	1	NA	NA	NA	unphased	1.30952380952381	1.30952380952381	1
8	28309951	28309952	42	91	3	3	0	1	NA	NA	NA	unphased	2.50877192982456	0.836257309941521	3
8	32621577	32621578	29	7	3	3	0	1	NA	NA	NA	unphased	0.712962962962963	0.712962962962963	1
8	42036486	42036487	89	30	3	3	0	1	NA	NA	NA	unphased	0.92436974789916	0.92436974789916	1
8	52469439	52469440	30	17	3	3	0	1	NA	NA	NA	unphased	1.32624113475177	1.32624113475177	1
8	67786331	67786332	66	27	3	3	0	1	NA	NA	NA	unphased	1.06451612903226	1.06451612903226	1
8	71082498	71082499	15	15	3	3	0	1	NA	NA	NA	unphased	1.83333333333333	0.916666666666667	2
8	72984039	72984040	33	47	3	3	0	1	NA	NA	NA	unphased	2.15416666666667	1.07708333333333	2
8	73480470	73480471	141	66	3	3	0	1	NA	NA	NA	unphased	1.16908212560386	1.16908212560386	1
8	105456598	105456599	21	26	3	3	0	1	NA	NA	NA	unphased	2.02836879432624	1.01418439716312	2
8	109797064	109797065	98	41	3	3	0	1	NA	NA	NA	unphased	1.08153477218225	1.08153477218225	1
8	114326846	114326847	42	57	3	3	0	1	NA	NA	NA	unphased	2.11111111111111	1.05555555555556	2
8	145246730	145246731	56	4	NA	NA	NA	NA	NA	NA	NA	unphased	NA	NA	1
9	18706886	18706887	18	8	2	2	0	1	NA	NA	NA	unphased	0.820512820512821	0.820512820512821	1
9	20715359	20715360	43	19	2	2	0	1	NA	NA	NA	unphased	0.817204301075269	0.817204301075269	1
9	21441174	21441175	20	12	2	2	0	1	NA	NA	NA	unphased	1	1	1
9	33462768	33462769	33	15	3	3	0	1	NA	NA	NA	unphased	1.14583333333333	1.14583333333333	1
9	34627762	34627763	44	8	3	3	0	1	NA	NA	NA	unphased	0.564102564102564	0.564102564102564	1
9	39888084	39888085	22	5	NA	NA	NA	NA	NA	NA	NA	unphased	NA	NA	1
9	73442777	73442778	85	10	1.2	2	0	0.2	1	0	0.8	unphased	0.196491228070175	0.982456140350877	0.2
9	75773314	75773315	10	3	1.2	2	0	0.2	1	0	0.8	unphased	0.430769230769231	0.430769230769231	1
9	79322882	79322883	105	16	1.2	2	0	0.2	1	0	0.8	unphased	0.246831955922865	1.23415977961433	0.2
9	87339227	87339228	139	38	1.2	2	0	0.2	1	0	0.8	unphased	0.40075329566855	0.40075329566855	1
9	91150522	91150523	17	8	1.2	2	0	0.2	1	0	0.8	unphased	0.597333333333333	0.597333333333333	1
9	91994055	91994056	32	12	1.2	2	0	0.2	1	0	0.8	unphased	0.509090909090909	0.509090909090909	1
9	93650065	93650066	112	42	1.2	2	0	0.2	1	0	0.8	unphased	0.509090909090909	0.509090909090909	1
9	94877643	94877644	24	8	1.2	2	0	0.2	1	0	0.8	unphased	0.466666666666667	0.466666666666667	1
9	107266859	107266860	29	13	1.2	2	0	0.2	1	0	0.8	unphased	0.577777777777778	0.577777777777778	1
9	107266860	107266861	30	13	1.2	2	0	0.2	1	0	0.8	unphased	0.564341085271318	0.564341085271318	1
9	113170560	113170561	26	10	1.2	2	0	0.2	1	0	0.8	unphased	0.518518518518519	0.518518518518519	1
9	113734428	113734429	53	14	1.2	2	0	0.2	1	0	0.8	unphased	0.390049751243781	0.390049751243781	1
9	120476815	120476816	109	12	1.2	2	0	0.2	1	0	0.8	unphased	0.185123966942149	0.925619834710744	0.2
9	121929280	121929281	30	7	1.2	2	0	0.2	1	0	0.8	unphased	0.353153153153153	0.353153153153153	1
9	125797432	125797433	95	28	1.2	2	0	0.2	1	0	0.8	unphased	0.424932249322493	0.424932249322493	1
9	127916000	127916001	49	3	1.2	2	0	0.2	1	0	0.8	unphased	0.107692307692308	0.538461538461539	0.2
9	131036191	131036192	200	154	1.2	2	0	0.2	1	0	0.8	unphased	0.812052730696799	0.812052730696799	1
9	135698591	135698592	61	35	1.2	2	0	0.2	1	0	0.8	unphased	0.680555555555556	0.680555555555556	1
9	135866527	135866528	6	3	1.2	2	0	0.2	1	0	0.8	unphased	0.622222222222222	0.622222222222222	1
9	139228912	139228913	20	10	1.2	2	0	0.2	1	0	0.8	unphased	0.622222222222222	0.622222222222222	1
9	140100185	140100186	51	12	1.2	2	0	0.2	1	0	0.8	unphased	0.355555555555556	0.355555555555556	1
X	1584584	1584585	27	11	NA	NA	NA	NA	NA	NA	NA	unphased	NA	NA	1
X	8998401	8998402	5	6	NA	NA	NA	NA	NA	NA	NA	unphased	NA	NA	1
X	21444637	21444638	13	15	NA	NA	NA	NA	NA	NA	NA	unphased	NA	NA	1
X	30260504	30260505	6	3	NA	NA	NA	NA	NA	NA	NA	unphased	NA	NA	1
X	35993864	35993865	70	6	NA	NA	NA	NA	NA	NA	NA	unphased	NA	NA	1
X	36091255	36091256	13	13	NA	NA	NA	NA	NA	NA	NA	unphased	NA	NA	1
X	56590788	56590789	12	9	NA	NA	NA	NA	NA	NA	NA	unphased	NA	NA	1
X	57021109	57021110	58	40	NA	NA	NA	NA	NA	NA	NA	unphased	NA	NA	1
X	69502703	69502704	34	47	NA	NA	NA	NA	NA	NA	NA	unphased	NA	NA	1
X	76854924	76854925	84	148	NA	NA	NA	NA	NA	NA	NA	unphased	NA	NA	1
X	78426916	78426917	69	27	NA	NA	NA	NA	NA	NA	NA	unphased	NA	NA	1
X	79286249	79286250	79	35	NA	NA	NA	NA	NA	NA	NA	unphased	NA	NA	1
X	86880729	86880730	30	21	NA	NA	NA	NA	NA	NA	NA	unphased	NA	NA	1
X	100808045	100808046	22	5	NA	NA	NA	NA	NA	NA	NA	unphased	NA	NA	1
X	101092806	101092807	65	36	NA	NA	NA	NA	NA	NA	NA	unphased	NA	NA	1
X	101817580	101817581	8	10	NA	NA	NA	NA	NA	NA	NA	unphased	NA	NA	1
X	102564740	102564741	63	19	NA	NA	NA	NA	NA	NA	NA	unphased	NA	NA	1
X	102864515	102864516	155	16	NA	NA	NA	NA	NA	NA	NA	unphased	NA	NA	1
X	107414122	107414123	46	17	NA	NA	NA	NA	NA	NA	NA	unphased	NA	NA	1
X	125686585	125686586	24	8	NA	NA	NA	NA	NA	NA	NA	unphased	NA	NA	1
X	134481223	134481224	63	5	NA	NA	NA	NA	NA	NA	NA	unphased	NA	NA	1
X	134495104	134495105	13	25	NA	NA	NA	NA	NA	NA	NA	unphased	NA	NA	1
X	136113087	136113088	68	21	NA	NA	NA	NA	NA	NA	NA	unphased	NA	NA	1
X	140994801	140994802	129	56	NA	NA	NA	NA	NA	NA	NA	unphased	NA	NA	1
X	141291381	141291382	48	69	NA	NA	NA	NA	NA	NA	NA	unphased	NA	NA	1
X	141291382	141291383	48	68	NA	NA	NA	NA	NA	NA	NA	unphased	NA	NA	1
X	151092250	151092251	9	30	NA	NA	NA	NA	NA	NA	NA	unphased	NA	NA	1
X	153137717	153137718	30	13	NA	NA	NA	NA	NA	NA	NA	unphased	NA	NA	1
X	153227706	153227707	14	4	NA	NA	NA	NA	NA	NA	NA	unphased	NA	NA	1
X	153996911	153996912	53	25	NA	NA	NA	NA	NA	NA	NA	unphased	NA	NA	1
X	154182271	154182272	145	47	NA	NA	NA	NA	NA	NA	NA	unphased	NA	NA	1
