chr	start	end	WT.count	mut.count	subclonal.CN	nMaj1	nMin1	frac1	nMaj2	nMin2	frac2	phase	mutation.copy.number	subclonal.fraction	no.chrs.bearing.mut
1	1275441	1275442	68	6	2	1	1	0.11	1	1	0.89	unphased	0.36036036036036	0.36036036036036	1
1	6142251	6142252	145	21	2	1	1	0.11	1	1	0.89	unphased	0.562248995983936	0.562248995983936	1
1	12383785	12383786	128	45	2	1	1	1	NA	NA	NA	unphased	1.15606936416185	1.15606936416185	1
1	12908067	12908068	236	18	2	1	1	1	NA	NA	NA	unphased	0.31496062992126	0.31496062992126	1
1	14108067	14108068	144	49	2	1	1	1	NA	NA	NA	unphased	1.12838226827864	1.12838226827864	1
1	16257778	16257779	167	51	2	1	1	1	NA	NA	NA	unphased	1.03975535168196	1.03975535168196	1
1	16258108	16258109	120	33	2	1	1	1	NA	NA	NA	unphased	0.958605664488017	0.958605664488017	1
1	16259107	16259108	149	41	2	1	1	1	NA	NA	NA	unphased	0.95906432748538	0.95906432748538	1
1	16259109	16259110	144	41	2	1	1	1	NA	NA	NA	unphased	0.984984984984985	0.984984984984985	1
1	16259466	16259467	127	32	2	1	1	1	NA	NA	NA	unphased	0.894479385045423	0.894479385045423	1
1	16259632	16259633	129	36	2	1	1	1	NA	NA	NA	unphased	0.96969696969697	0.96969696969697	1
1	16259793	16259794	61	10	2	1	1	1	NA	NA	NA	unphased	0.625978090766823	0.625978090766823	1
1	16259845	16259846	54	10	2	1	1	1	NA	NA	NA	unphased	0.694444444444444	0.694444444444444	1
1	16259892	16259893	49	12	2	1	1	1	NA	NA	NA	unphased	0.87431693989071	0.87431693989071	1
1	16261200	16261201	52	15	2	1	1	1	NA	NA	NA	unphased	0.995024875621891	0.995024875621891	1
1	16803505	16803506	13	5	2	1	1	1	NA	NA	NA	unphased	1.23456790123457	1.23456790123457	1
1	19585294	19585295	38	6	2	1	1	1	NA	NA	NA	unphased	0.606060606060606	0.606060606060606	1
1	20097870	20097871	73	27	2	1	1	1	NA	NA	NA	unphased	1.2	1.2	1
1	20991006	20991007	32	10	2	1	1	1	NA	NA	NA	unphased	1.05820105820106	1.05820105820106	1
1	21167353	21167354	63	18	2	1	1	1	NA	NA	NA	unphased	0.987654320987654	0.987654320987654	1
1	24398467	24398468	63	13	2	1	1	1	NA	NA	NA	unphased	0.760233918128655	0.760233918128655	1
1	27875269	27875270	131	30	2	1	1	1	NA	NA	NA	unphased	0.82815734989648	0.82815734989648	1
1	32201145	32201146	24	4	2	1	1	1	NA	NA	NA	unphased	0.634920634920635	0.634920634920635	1
1	33548035	33548036	5	3	2	1	1	1	NA	NA	NA	unphased	1.66666666666667	1.66666666666667	1
1	38348565	38348566	48	10	2	1	1	1	NA	NA	NA	unphased	0.766283524904215	0.766283524904215	1
1	40887644	40887645	55	12	2	1	1	1	NA	NA	NA	unphased	0.796019900497512	0.796019900497512	1
1	40887710	40887711	70	17	2	1	1	1	NA	NA	NA	unphased	0.86845466155811	0.86845466155811	1
1	40887711	40887712	70	17	2	1	1	1	NA	NA	NA	unphased	0.86845466155811	0.86845466155811	1
1	44438184	44438185	89	27	2	1	1	1	NA	NA	NA	unphased	1.03448275862069	1.03448275862069	1
1	47398248	47398249	15	4	2	1	1	1	NA	NA	NA	unphased	0.935672514619883	0.935672514619883	1
1	47882373	47882374	89	21	2	1	1	1	NA	NA	NA	unphased	0.848484848484849	0.848484848484849	1
1	52854234	52854235	138	34	2	1	1	1	NA	NA	NA	unphased	0.878552971576227	0.878552971576227	1
1	52897128	52897129	24	5	2	1	1	1	NA	NA	NA	unphased	0.766283524904215	0.766283524904215	1
1	53245548	53245549	138	43	2	1	1	1	NA	NA	NA	unphased	1.05586249232658	1.05586249232658	1
1	57536721	57536722	118	12	2	1	1	1	NA	NA	NA	unphased	0.41025641025641	0.41025641025641	1
1	65891029	65891030	64	31	2	1	1	1	NA	NA	NA	unphased	1.45029239766082	1.45029239766082	1
1	66102450	66102451	76	16	2	1	1	1	NA	NA	NA	unphased	0.772946859903382	0.772946859903382	1
1	75065575	75065576	119	24	2	1	1	1	NA	NA	NA	unphased	0.745920745920746	0.745920745920746	1
1	79095432	79095433	107	17	2	1	1	1	NA	NA	NA	unphased	0.609318996415771	0.609318996415771	1
1	79120861	79120862	68	26	2	1	1	1	NA	NA	NA	unphased	1.22931442080378	1.22931442080378	1
1	85406650	85406651	35	9	2	1	1	1	NA	NA	NA	unphased	0.909090909090909	0.909090909090909	1
1	91405112	91405113	115	18	2	1	1	1	NA	NA	NA	unphased	0.601503759398496	0.601503759398496	1
1	94939319	94939320	52	11	2	1	1	1	NA	NA	NA	unphased	0.776014109347443	0.776014109347443	1
1	100203695	100203696	66	21	2	1	1	1	NA	NA	NA	unphased	1.0727969348659	1.0727969348659	1
1	110255436	110255437	10	6	2	1	1	1	NA	NA	NA	unphased	1.66666666666667	1.66666666666667	1
1	115420713	115420714	29	10	2	1	1	1	NA	NA	NA	unphased	1.13960113960114	1.13960113960114	1
1	118065522	118065523	101	18	2	1	1	1	NA	NA	NA	unphased	0.672268907563025	0.672268907563025	1
1	118509299	118509300	128	22	2	1	1	1	NA	NA	NA	unphased	0.651851851851852	0.651851851851852	1
1	120269488	120269489	74	18	2	1	1	1	NA	NA	NA	unphased	0.869565217391304	0.869565217391304	1
1	145293564	145293565	761	40	2	1	1	1	NA	NA	NA	unphased	0.221944791233181	0.221944791233181	1
1	145816722	145816723	34	5	2	1	1	1	NA	NA	NA	unphased	0.56980056980057	0.56980056980057	1
1	150193024	150193025	223	45	2	1	1	1	NA	NA	NA	unphased	0.746268656716418	0.746268656716418	1
1	150239849	150239850	47	12	2	1	1	1	NA	NA	NA	unphased	0.903954802259887	0.903954802259887	1
1	150325439	150325440	164	50	2	1	1	1	NA	NA	NA	unphased	1.03842159916926	1.03842159916926	1
1	150444067	150444068	119	38	2	1	1	1	NA	NA	NA	unphased	1.0757254069356	1.0757254069356	1
1	152283038	152283039	279	69	2	1	1	1	NA	NA	NA	unphased	0.881226053639847	0.881226053639847	1
1	152648512	152648513	134	26	2	1	1	1	NA	NA	NA	unphased	0.722222222222222	0.722222222222222	1
1	152770622	152770623	126	18	2	1	1	1	NA	NA	NA	unphased	0.555555555555556	0.555555555555556	1
1	153534018	153534019	311	13	2	1	1	1	NA	NA	NA	unphased	0.178326474622771	0.178326474622771	1
1	153933056	153933057	76	18	2	1	1	1	NA	NA	NA	unphased	0.851063829787234	0.851063829787234	1
1	155058911	155058912	78	26	2	1	1	1	NA	NA	NA	unphased	1.11111111111111	1.11111111111111	1
1	155058937	155058938	100	34	2	1	1	1	NA	NA	NA	unphased	1.12769485903814	1.12769485903814	1
1	155187051	155187052	16	7	2	1	1	1	NA	NA	NA	unphased	1.35265700483092	1.35265700483092	1
1	155279942	155279943	63	15	2	1	1	1	NA	NA	NA	unphased	0.854700854700855	0.854700854700855	1
1	157739886	157739887	75	12	2	1	1	1	NA	NA	NA	unphased	0.613026819923372	0.613026819923372	1
1	158390182	158390183	103	38	2	1	1	1	NA	NA	NA	unphased	1.19779353821907	1.19779353821907	1
1	160340614	160340615	33	10	2	1	1	1	NA	NA	NA	unphased	1.03359173126615	1.03359173126615	1
1	171958182	171958183	22	5	2	1	1	1	NA	NA	NA	unphased	0.823045267489712	0.823045267489712	1
1	179638522	179638523	84	17	2	1	1	1	NA	NA	NA	unphased	0.748074807480748	0.748074807480748	1
1	185704096	185704097	67	17	2	1	1	1	NA	NA	NA	unphased	0.899470899470899	0.899470899470899	1
1	190067292	190067293	89	22	2	1	1	1	NA	NA	NA	unphased	0.880880880880881	0.880880880880881	1
1	197112120	197112121	76	19	2	1	1	1	NA	NA	NA	unphased	0.888888888888889	0.888888888888889	1
1	197112272	197112273	48	13	2	1	1	1	NA	NA	NA	unphased	0.947176684881603	0.947176684881603	1
1	206619636	206619637	172	44	2	1	1	1	NA	NA	NA	unphased	0.905349794238683	0.905349794238683	1
1	207014401	207014402	47	10	2	1	1	1	NA	NA	NA	unphased	0.779727095516569	0.779727095516569	1
1	207076459	207076460	50	16	2	1	1	1	NA	NA	NA	unphased	1.07744107744108	1.07744107744108	1
1	207317179	207317180	51	17	2	1	1	1	NA	NA	NA	unphased	1.11111111111111	1.11111111111111	1
1	211093259	211093260	116	27	2	1	1	1	NA	NA	NA	unphased	0.839160839160839	0.839160839160839	1
1	211192304	211192305	100	29	2	1	1	1	NA	NA	NA	unphased	0.999138673557278	0.999138673557278	1
1	212141995	212141996	56	7	2	1	1	1	NA	NA	NA	unphased	0.493827160493827	0.493827160493827	1
1	216011389	216011390	157	33	2	1	1	1	NA	NA	NA	unphased	0.771929824561404	0.771929824561404	1
1	216051151	216051152	204	65	2	1	1	1	NA	NA	NA	unphased	1.07393638992152	1.07393638992152	1
1	224607284	224607285	65	14	2	1	1	1	NA	NA	NA	unphased	0.787623066104079	0.787623066104079	1
1	229596467	229596468	60	12	2	1	1	1	NA	NA	NA	unphased	0.740740740740741	0.740740740740741	1
1	235611709	235611710	126	25	2	1	1	1	NA	NA	NA	unphased	0.735835172921266	0.735835172921266	1
1	237798271	237798272	5	4	2	1	1	1	NA	NA	NA	unphased	1.97530864197531	1.97530864197531	1
1	237982395	237982396	46	15	2	1	1	1	NA	NA	NA	unphased	1.09289617486339	1.09289617486339	1
1	240371709	240371710	20	14	2	1	1	1	NA	NA	NA	unphased	1.83006535947712	1.83006535947712	1
10	7786764	7786765	21	6	2	1	1	1	NA	NA	NA	unphased	0.987654320987654	0.987654320987654	1
10	11505736	11505737	22	6	2	1	1	1	NA	NA	NA	unphased	0.952380952380952	0.952380952380952	1
10	16911670	16911671	194	52	2	1	1	1	NA	NA	NA	unphased	0.939476061427281	0.939476061427281	1
10	17840648	17840649	26	17	2	1	1	1	NA	NA	NA	unphased	1.75710594315245	1.75710594315245	1
10	21823719	21823720	53	8	2	1	1	1	NA	NA	NA	unphased	0.58287795992714	0.58287795992714	1
10	46999832	46999833	89	8	1	1	0	1	NA	NA	NA	unphased	0.284077892325315	0.284077892325315	1
10	53459350	53459351	52	16	1	1	0	1	NA	NA	NA	unphased	0.810457516339869	0.810457516339869	1
10	60580164	60580165	47	25	1	1	0	1	NA	NA	NA	unphased	1.19598765432099	1.19598765432099	1
10	73765713	73765714	73	19	1	1	0	1	NA	NA	NA	unphased	0.711352657004831	0.711352657004831	1
10	85973031	85973032	125	84	2	2	0	1	NA	NA	NA	unphased	1.78628389154705	0.893141945773525	2
10	96447953	96447954	53	49	2	2	0	1	NA	NA	NA	unphased	2.13507625272331	1.06753812636166	2
10	97791802	97791803	17	4	2	2	0	1	NA	NA	NA	unphased	0.846560846560847	0.846560846560847	1
10	101370897	101370898	56	17	2	2	0	1	NA	NA	NA	unphased	1.03500761035008	1.03500761035008	1
10	104262464	104262465	10	14	2	2	0	1	NA	NA	NA	unphased	2.59259259259259	1.2962962962963	2
10	128850945	128850946	67	42	2	2	0	1	NA	NA	NA	unphased	1.71253822629969	0.856269113149847	2
10	129864342	129864343	54	63	2	2	0	1	NA	NA	NA	unphased	2.39316239316239	1.1965811965812	2
11	1093833	1093834	161	50	1	1	0	1	NA	NA	NA	unphased	0.81621906266456	0.81621906266456	1
11	4790653	4790654	66	25	1	1	0	1	NA	NA	NA	unphased	0.946275946275946	0.946275946275946	1
11	5009430	5009431	59	24	1	1	0	1	NA	NA	NA	unphased	0.995983935742972	0.995983935742972	1
11	16036518	16036519	32	5	2	1	1	1	NA	NA	NA	unphased	0.600600600600601	0.600600600600601	1
11	17741841	17741842	32	6	2	1	1	1	NA	NA	NA	unphased	0.701754385964912	0.701754385964912	1
11	18194666	18194667	43	16	2	1	1	1	NA	NA	NA	unphased	1.20527306967985	1.20527306967985	1
11	18195111	18195112	124	35	2	1	1	1	NA	NA	NA	unphased	0.978336827393431	0.978336827393431	1
11	36248833	36248834	71	15	2	1	1	1	NA	NA	NA	unphased	0.775193798449612	0.775193798449612	1
11	40136560	40136561	153	34	2	1	1	1	NA	NA	NA	unphased	0.808080808080808	0.808080808080808	1
11	40137851	40137852	55	15	2	1	1	1	NA	NA	NA	unphased	0.952380952380952	0.952380952380952	1
11	46105845	46105846	17	7	2	1	1	1	NA	NA	NA	unphased	1.2962962962963	1.2962962962963	1
11	48157732	48157733	73	11	2	1	1	1	NA	NA	NA	unphased	0.582010582010582	0.582010582010582	1
11	50003580	50003581	205	49	2	1	1	1	NA	NA	NA	unphased	0.857392825896763	0.857392825896763	1
11	55322055	55322056	154	25	2	1	1	1	NA	NA	NA	unphased	0.620732464307883	0.620732464307883	1
11	55653010	55653011	47	19	2	1	1	1	NA	NA	NA	unphased	1.27946127946128	1.27946127946128	1
11	55681765	55681766	102	20	2	1	1	1	NA	NA	NA	unphased	0.728597449908925	0.728597449908925	1
11	55798743	55798744	40	13	2	1	1	1	NA	NA	NA	unphased	1.09014675052411	1.09014675052411	1
11	57252689	57252690	17	5	2	1	1	1	NA	NA	NA	unphased	1.01010101010101	1.01010101010101	1
11	59611529	59611530	47	12	2	1	1	1	NA	NA	NA	unphased	0.903954802259887	0.903954802259887	1
11	61089163	61089164	173	27	2	1	1	1	NA	NA	NA	unphased	0.6	0.6	1
11	61502407	61502408	301	101	2	1	1	1	NA	NA	NA	unphased	1.11663902708679	1.11663902708679	1
11	65998323	65998324	83	19	2	1	1	1	NA	NA	NA	unphased	0.827886710239651	0.827886710239651	1
11	66109046	66109047	377	64	2	1	1	1	NA	NA	NA	unphased	0.644998740236835	0.644998740236835	1
11	66610725	66610726	23	9	2	1	1	1	NA	NA	NA	unphased	1.25	1.25	1
11	73388770	73388771	56	16	2	1	1	1	NA	NA	NA	unphased	0.987654320987654	0.987654320987654	1
11	76248960	76248961	67	17	2	1	1	1	NA	NA	NA	unphased	0.899470899470899	0.899470899470899	1
11	78449584	78449585	29	7	2	1	1	1	NA	NA	NA	unphased	0.864197530864197	0.864197530864197	1
11	85687719	85687720	43	14	2	1	1	1	NA	NA	NA	unphased	1.0916179337232	1.0916179337232	1
11	89768570	89768571	46	13	2	1	1	1	NA	NA	NA	unphased	0.979284369114878	0.979284369114878	1
11	92534505	92534506	62	19	2	1	1	1	NA	NA	NA	unphased	1.04252400548697	1.04252400548697	1
11	102076771	102076772	83	15	2	1	1	1	NA	NA	NA	unphased	0.680272108843537	0.680272108843537	1
11	106810883	106810884	55	23	2	1	1	1	NA	NA	NA	unphased	1.31054131054131	1.31054131054131	1
11	107833018	107833019	68	13	2	1	1	1	NA	NA	NA	unphased	0.713305898491084	0.713305898491084	1
11	107925385	107925386	19	7	2	1	1	1	NA	NA	NA	unphased	1.1965811965812	1.1965811965812	1
11	118369095	118369096	318	113	2	1	1	1	NA	NA	NA	unphased	1.16524877545759	1.16524877545759	1
11	132290000	132290001	27	4	2	1	1	1	NA	NA	NA	unphased	0.573476702508961	0.573476702508961	1
11	134244050	134244051	117	31	2	1	1	1	NA	NA	NA	unphased	0.930930930930931	0.930930930930931	1
12	2907910	2907911	167	6	2	1	1	1	NA	NA	NA	unphased	0.154142581888247	0.154142581888247	1
12	4737703	4737704	106	24	2	1	1	1	NA	NA	NA	unphased	0.82051282051282	0.82051282051282	1
12	4737715	4737716	94	23	2	1	1	1	NA	NA	NA	unphased	0.87369420702754	0.87369420702754	1
12	4855387	4855388	83	24	2	1	1	1	NA	NA	NA	unphased	0.996884735202492	0.996884735202492	1
12	6438711	6438712	20	4	2	1	1	1	NA	NA	NA	unphased	0.740740740740741	0.740740740740741	1
12	8689764	8689765	92	4	2	1	1	1	NA	NA	NA	unphased	0.185185185185185	0.185185185185185	1
12	9086532	9086533	43	13	2	1	1	1	NA	NA	NA	unphased	1.03174603174603	1.03174603174603	1
12	9086533	9086534	43	13	2	1	1	1	NA	NA	NA	unphased	1.03174603174603	1.03174603174603	1
12	11461693	11461694	769	105	1.13	1	1	0.13	1	0	0.87	unphased	0.429424103737605	0.429424103737605	1
12	20864373	20864374	100	14	2	1	1	1	NA	NA	NA	unphased	0.545808966861598	0.545808966861598	1
12	27813815	27813816	40	10	2	1	1	1	NA	NA	NA	unphased	0.888888888888889	0.888888888888889	1
12	29659903	29659904	137	24	2	1	1	1	NA	NA	NA	unphased	0.662525879917184	0.662525879917184	1
12	42491754	42491755	29	6	2	1	1	1	NA	NA	NA	unphased	0.761904761904762	0.761904761904762	1
12	48372181	48372182	21	6	2	1	1	1	NA	NA	NA	unphased	0.987654320987654	0.987654320987654	1
12	48391840	48391841	70	8	2	1	1	1	NA	NA	NA	unphased	0.455840455840456	0.455840455840456	1
12	49487995	49487996	63	19	2	1	1	1	NA	NA	NA	unphased	1.02981029810298	1.02981029810298	1
12	51632594	51632595	21	6	2	1	1	1	NA	NA	NA	unphased	0.987654320987654	0.987654320987654	1
12	52082857	52082858	16	7	2	1	1	1	NA	NA	NA	unphased	1.35265700483092	1.35265700483092	1
12	55524511	55524512	54	14	2	1	1	1	NA	NA	NA	unphased	0.915032679738562	0.915032679738562	1
12	56561864	56561865	120	23	2	1	1	1	NA	NA	NA	unphased	0.714840714840715	0.714840714840715	1
12	56561948	56561949	89	17	2	1	1	1	NA	NA	NA	unphased	0.712788259958071	0.712788259958071	1
12	56845095	56845096	70	18	2	1	1	1	NA	NA	NA	unphased	0.909090909090909	0.909090909090909	1
12	57135562	57135563	283	49	2	1	1	1	NA	NA	NA	unphased	0.655957161981258	0.655957161981258	1
12	57423328	57423329	67	16	2	1	1	1	NA	NA	NA	unphased	0.856760374832664	0.856760374832664	1
12	64437229	64437230	29	10	2	1	1	1	NA	NA	NA	unphased	1.13960113960114	1.13960113960114	1
12	70760840	70760841	46	11	2	1	1	1	NA	NA	NA	unphased	0.857699805068226	0.857699805068226	1
12	99020384	99020385	72	28	2	1	1	1	NA	NA	NA	unphased	1.24444444444444	1.24444444444444	1
12	100567202	100567203	10	8	2	1	1	1	NA	NA	NA	unphased	1.97530864197531	1.97530864197531	1
12	101413850	101413851	45	7	2	1	1	1	NA	NA	NA	unphased	0.598290598290598	0.598290598290598	1
12	102558246	102558247	95	23	2	1	1	1	NA	NA	NA	unphased	0.866290018832392	0.866290018832392	1
12	103352445	103352446	41	20	2	1	1	1	NA	NA	NA	unphased	1.45719489981785	1.45719489981785	1
12	112572674	112572675	103	37	2	1	1	1	NA	NA	NA	unphased	1.17460317460317	1.17460317460317	1
12	116445437	116445438	70	19	2	1	1	1	NA	NA	NA	unphased	0.948813982521848	0.948813982521848	1
12	122284815	122284816	34	6	2	1	1	1	NA	NA	NA	unphased	0.666666666666667	0.666666666666667	1
12	123067351	123067352	16	6	2	1	1	1	NA	NA	NA	unphased	1.21212121212121	1.21212121212121	1
12	123262036	123262037	20	9	2	1	1	1	NA	NA	NA	unphased	1.37931034482759	1.37931034482759	1
12	125509626	125509627	72	26	2	1	1	1	NA	NA	NA	unphased	1.17913832199546	1.17913832199546	1
13	21217703	21217704	38	14	1	1	0	1	NA	NA	NA	unphased	0.927350427350427	0.927350427350427	1
13	38320396	38320397	57	12	1	1	0	1	NA	NA	NA	unphased	0.599033816425121	0.599033816425121	1
13	39262165	39262166	34	13	1	1	0	1	NA	NA	NA	unphased	0.952718676122931	0.952718676122931	1
13	42871230	42871231	50	13	1	1	0	1	NA	NA	NA	unphased	0.710758377425044	0.710758377425044	1
13	100207874	100207875	29	4	2	2	0	1	NA	NA	NA	unphased	0.538720538720539	0.538720538720539	1
13	114107641	114107642	60	34	2	2	0	1	NA	NA	NA	unphased	1.60756501182033	0.803782505910166	2
14	20344432	20344433	63	31	1	1	0	1	NA	NA	NA	unphased	1.13593380614657	1.13593380614657	1
14	20978789	20978790	102	38	1	1	0	1	NA	NA	NA	unphased	0.934920634920635	0.934920634920635	1
14	21793200	21793201	73	25	1	1	0	1	NA	NA	NA	unphased	0.878684807256236	0.878684807256236	1
14	22315314	22315315	86	24	1	1	0	1	NA	NA	NA	unphased	0.751515151515151	0.751515151515151	1
14	34419792	34419793	53	5	2	2	0	1	NA	NA	NA	unphased	0.383141762452107	0.383141762452107	1
14	38310760	38310761	30	5	2	2	0	1	NA	NA	NA	unphased	0.634920634920635	0.634920634920635	1
14	58934550	58934551	180	45	2	2	0	1	NA	NA	NA	unphased	0.888888888888889	0.888888888888889	1
14	73137826	73137827	20	10	2	2	0	1	NA	NA	NA	unphased	1.48148148148148	1.48148148148148	1
14	91642340	91642341	44	23	2	2	0	1	NA	NA	NA	unphased	1.5257048092869	0.762852404643449	2
14	102463554	102463555	49	25	2	2	0	1	NA	NA	NA	unphased	1.5015015015015	0.750750750750751	2
14	105177280	105177281	31	11	2	2	0	1	NA	NA	NA	unphased	1.16402116402116	1.16402116402116	1
14	105178766	105178767	35	4	2	2	0	1	NA	NA	NA	unphased	0.455840455840456	0.455840455840456	1
14	106311903	106311904	38	38	2	2	0	1	NA	NA	NA	unphased	2.22222222222222	1.11111111111111	2
14	106478525	106478526	20	13	2	2	0	1	NA	NA	NA	unphased	1.75084175084175	0.875420875420875	2
15	22473057	22473058	282	18	0.15	0	0	0.85	0	1	0.15	unphased	0.155666666666667	1.03777777777778	0.15
15	23812017	23812018	61	26	1	1	0	1	NA	NA	NA	unphased	1.02937420178799	1.02937420178799	1
15	25492364	25492365	26	10	1	1	0	1	NA	NA	NA	unphased	0.95679012345679	0.95679012345679	1
15	31229446	31229447	66	26	1	1	0	1	NA	NA	NA	unphased	0.973429951690821	0.973429951690821	1
15	31283691	31283692	50	29	1	1	0	1	NA	NA	NA	unphased	1.26441631504923	1.26441631504923	1
15	34080645	34080646	28	17	1	1	0	1	NA	NA	NA	unphased	1.30123456790123	1.30123456790123	1
15	43398210	43398211	13	15	1	1	0	1	NA	NA	NA	unphased	1.8452380952381	1.8452380952381	1
15	65444804	65444805	59	7	2	1	1	1	NA	NA	NA	unphased	0.471380471380471	0.471380471380471	1
15	66170219	66170220	162	51	2	1	1	1	NA	NA	NA	unphased	1.0641627543036	1.0641627543036	1
15	66845410	66845411	99	33	2	1	1	1	NA	NA	NA	unphased	1.11111111111111	1.11111111111111	1
15	69739231	69739232	69	15	2	1	1	1	NA	NA	NA	unphased	0.793650793650794	0.793650793650794	1
15	74425169	74425170	92	14	2	1	1	1	NA	NA	NA	unphased	0.587002096436059	0.587002096436059	1
15	74963988	74963989	89	34	2	1	1	1	NA	NA	NA	unphased	1.22854561878952	1.22854561878952	1
15	75498580	75498581	23	13	2	1	1	1	NA	NA	NA	unphased	1.60493827160494	1.60493827160494	1
15	79750207	79750208	75	20	2	1	1	1	NA	NA	NA	unphased	0.935672514619883	0.935672514619883	1
15	81271503	81271504	68	22	2	1	1	1	NA	NA	NA	unphased	1.08641975308642	1.08641975308642	1
15	84651191	84651192	115	44	2	1	1	1	NA	NA	NA	unphased	1.22990915443746	1.22990915443746	1
15	89074014	89074015	33	15	2	1	1	1	NA	NA	NA	unphased	1.38888888888889	1.38888888888889	1
15	90320190	90320191	6	3	2	1	1	1	NA	NA	NA	unphased	1.48148148148148	1.48148148148148	1
15	91040460	91040461	31	4	2	1	1	1	NA	NA	NA	unphased	0.507936507936508	0.507936507936508	1
15	91040532	91040533	59	11	2	1	1	1	NA	NA	NA	unphased	0.698412698412698	0.698412698412698	1
16	320617	320618	9	3	2	1	1	1	NA	NA	NA	unphased	1.11111111111111	1.11111111111111	1
16	596942	596943	37	6	2	1	1	1	NA	NA	NA	unphased	0.62015503875969	0.62015503875969	1
16	1033852	1033853	39	9	2	1	1	1	NA	NA	NA	unphased	0.833333333333333	0.833333333333333	1
16	1511651	1511652	48	9	2	1	1	1	NA	NA	NA	unphased	0.701754385964912	0.701754385964912	1
16	1962004	1962005	41	15	2	1	1	1	NA	NA	NA	unphased	1.19047619047619	1.19047619047619	1
16	2029844	2029845	8	4	2	1	1	1	NA	NA	NA	unphased	1.48148148148148	1.48148148148148	1
16	2282244	2282245	102	37	2	1	1	1	NA	NA	NA	unphased	1.18305355715428	1.18305355715428	1
16	2522280	2522281	20	4	2	1	1	1	NA	NA	NA	unphased	0.740740740740741	0.740740740740741	1
16	2813406	2813407	154	32	2	1	1	1	NA	NA	NA	unphased	0.764635603345281	0.764635603345281	1
16	2813933	2813934	130	32	2	1	1	1	NA	NA	NA	unphased	0.877914951989026	0.877914951989026	1
16	4861199	4861200	134	35	2	1	1	1	NA	NA	NA	unphased	0.920447074293228	0.920447074293228	1
16	9857615	9857616	76	17	2	1	1	1	NA	NA	NA	unphased	0.812425328554361	0.812425328554361	1
16	20826258	20826259	56	21	2	1	1	1	NA	NA	NA	unphased	1.21212121212121	1.21212121212121	1
16	21031015	21031016	79	21	2	1	1	1	NA	NA	NA	unphased	0.933333333333333	0.933333333333333	1
16	21031018	21031019	73	22	2	1	1	1	NA	NA	NA	unphased	1.02923976608187	1.02923976608187	1
16	22320335	22320336	66	21	2	1	1	1	NA	NA	NA	unphased	1.0727969348659	1.0727969348659	1
16	23223995	23223996	56	24	2	1	1	1	NA	NA	NA	unphased	1.33333333333333	1.33333333333333	1
16	29922418	29922419	41	15	2	1	1	1	NA	NA	NA	unphased	1.19047619047619	1.19047619047619	1
16	30666085	30666086	44	8	2	1	1	1	NA	NA	NA	unphased	0.683760683760684	0.683760683760684	1
16	30667461	30667462	135	34	2	1	1	1	NA	NA	NA	unphased	0.894148586456279	0.894148586456279	1
16	30991407	30991408	67	20	2	1	1	1	NA	NA	NA	unphased	1.02171136653895	1.02171136653895	1
16	30998276	30998277	60	16	2	1	1	1	NA	NA	NA	unphased	0.935672514619883	0.935672514619883	1
16	50707460	50707461	53	9	2	1	1	1	NA	NA	NA	unphased	0.645161290322581	0.645161290322581	1
16	50828334	50828335	107	29	2	1	1	1	NA	NA	NA	unphased	0.947712418300654	0.947712418300654	1
16	58076193	58076194	50	17	2	1	1	1	NA	NA	NA	unphased	1.12769485903814	1.12769485903814	1
16	67319045	67319046	45	9	2	1	1	1	NA	NA	NA	unphased	0.740740740740741	0.740740740740741	1
16	67688802	67688803	71	17	2	1	1	1	NA	NA	NA	unphased	0.858585858585859	0.858585858585859	1
16	67942881	67942882	28	4	2	1	1	1	NA	NA	NA	unphased	0.555555555555556	0.555555555555556	1
16	69776229	69776230	71	13	2	1	1	1	NA	NA	NA	unphased	0.687830687830688	0.687830687830688	1
16	70594474	70594475	62	15	2	1	1	1	NA	NA	NA	unphased	0.865800865800866	0.865800865800866	1
16	71951014	71951015	49	20	2	1	1	1	NA	NA	NA	unphased	1.28824476650564	1.28824476650564	1
16	80667028	80667029	151	48	2	1	1	1	NA	NA	NA	unphased	1.07202680067002	1.07202680067002	1
16	85015542	85015543	145	25	2	1	1	0.11	1	1	0.89	unphased	0.65359477124183	0.73437614746273	0.89
16	89703067	89703068	56	12	2	1	1	0.11	1	1	0.89	unphased	0.784313725490196	0.784313725490196	1
16	90161599	90161600	45	11	2	1	1	0.11	1	1	0.89	unphased	0.873015873015873	0.873015873015873	1
17	685716	685717	17	11	1	1	0	1	NA	NA	NA	unphased	1.3531746031746	1.3531746031746	1
17	686530	686531	41	14	1	1	0	1	NA	NA	NA	unphased	0.876767676767677	0.876767676767677	1
17	5462545	5462546	49	17	1	1	0	1	NA	NA	NA	unphased	0.887205387205387	0.887205387205387	1
17	6374627	6374628	9	13	1	1	0	1	NA	NA	NA	unphased	2.03535353535354	2.03535353535354	1
17	7417152	7417153	132	75	1	1	0	1	NA	NA	NA	unphased	1.24798711755233	1.24798711755233	1
17	7530890	7530891	51	15	1	1	0	1	NA	NA	NA	unphased	0.782828282828283	0.782828282828283	1
17	7578394	7578395	33	13	1	1	0	1	NA	NA	NA	unphased	0.973429951690821	0.973429951690821	1
17	10398546	10398547	106	36	1	1	0	1	NA	NA	NA	unphased	0.873239436619718	0.873239436619718	1
17	11642211	11642212	66	24	1	1	0	1	NA	NA	NA	unphased	0.918518518518519	0.918518518518519	1
17	15406279	15406280	23	5	1	1	0	1	NA	NA	NA	unphased	0.615079365079365	0.615079365079365	1
17	16203238	16203239	90	38	1	1	0	1	NA	NA	NA	unphased	1.02256944444444	1.02256944444444	1
17	16246169	16246170	55	15	1	1	0	1	NA	NA	NA	unphased	0.738095238095238	0.738095238095238	1
17	26684313	26684314	12	3	1	1	0	1	NA	NA	NA	unphased	0.688888888888889	0.688888888888889	1
17	27186234	27186235	45	16	1	1	0	1	NA	NA	NA	unphased	0.903460837887068	0.903460837887068	1
17	27994176	27994177	47	13	1	1	0	1	NA	NA	NA	unphased	0.746296296296296	0.746296296296296	1
17	29528440	29528441	84	25	1	1	0	1	NA	NA	NA	unphased	0.790010193679918	0.790010193679918	1
17	33479908	33479909	196	59	2	1	1	1	NA	NA	NA	unphased	1.02832244008715	1.02832244008715	1
17	37564950	37564951	54	11	2	1	1	1	NA	NA	NA	unphased	0.752136752136752	0.752136752136752	1
17	37565045	37565046	26	8	2	1	1	1	NA	NA	NA	unphased	1.04575163398693	1.04575163398693	1
17	38133416	38133417	41	11	2	1	1	1	NA	NA	NA	unphased	0.94017094017094	0.94017094017094	1
17	40850700	40850701	92	23	2	1	1	1	NA	NA	NA	unphased	0.888888888888889	0.888888888888889	1
17	40850754	40850755	72	17	2	1	1	1	NA	NA	NA	unphased	0.848938826466916	0.848938826466916	1
17	40850941	40850942	38	7	2	1	1	1	NA	NA	NA	unphased	0.691358024691358	0.691358024691358	1
17	47916023	47916024	75	24	2	1	1	1	NA	NA	NA	unphased	1.07744107744108	1.07744107744108	1
17	48447317	48447318	17	5	2	1	1	1	NA	NA	NA	unphased	1.01010101010101	1.01010101010101	1
17	48741369	48741370	92	26	2	1	1	1	NA	NA	NA	unphased	0.979284369114878	0.979284369114878	1
17	49077077	49077078	30	6	2	1	1	1	NA	NA	NA	unphased	0.740740740740741	0.740740740740741	1
17	54671749	54671750	57	17	2	1	1	1	NA	NA	NA	unphased	1.02102102102102	1.02102102102102	1
17	62024434	62024435	36	21	2	1	1	1	NA	NA	NA	unphased	1.6374269005848	1.6374269005848	1
17	72608881	72608882	81	17	2	1	1	1	NA	NA	NA	unphased	0.770975056689342	0.770975056689342	1
17	79620279	79620280	121	39	2	1	1	1	NA	NA	NA	unphased	1.08333333333333	1.08333333333333	1
17	79873345	79873346	21	9	2	1	1	1	NA	NA	NA	unphased	1.33333333333333	1.33333333333333	1
17	79891147	79891148	48	18	2	1	1	1	NA	NA	NA	unphased	1.21212121212121	1.21212121212121	1
17	80050444	80050445	30	6	2	1	1	1	NA	NA	NA	unphased	0.740740740740741	0.740740740740741	1
17	80320443	80320444	116	38	2	1	1	1	NA	NA	NA	unphased	1.0966810966811	1.0966810966811	1
17	80320554	80320555	32	5	2	1	1	1	NA	NA	NA	unphased	0.600600600600601	0.600600600600601	1
17	80320593	80320594	17	5	2	1	1	1	NA	NA	NA	unphased	1.01010101010101	1.01010101010101	1
18	10696184	10696185	76	24	2	1	1	1	NA	NA	NA	unphased	1.06666666666667	1.06666666666667	1
18	12325408	12325409	142	36	2	1	1	1	NA	NA	NA	unphased	0.898876404494382	0.898876404494382	1
18	13057584	13057585	61	9	2	1	1	1	NA	NA	NA	unphased	0.571428571428571	0.571428571428571	1
18	13826589	13826590	97	49	1	1	0	1	NA	NA	NA	unphased	1.15601217656012	1.15601217656012	1
18	39584350	39584351	23	5	1	1	0	1	NA	NA	NA	unphased	0.615079365079365	0.615079365079365	1
18	56052781	56052782	67	9	1	1	0	1	NA	NA	NA	unphased	0.407894736842105	0.407894736842105	1
18	56402521	56402522	27	11	1	1	0	1	NA	NA	NA	unphased	0.997076023391813	0.997076023391813	1
18	56587151	56587152	28	11	1	1	0	1	NA	NA	NA	unphased	0.971509971509971	0.971509971509971	1
18	67727233	67727234	24	4	1	1	0	1	NA	NA	NA	unphased	0.492063492063492	0.492063492063492	1
18	67992045	67992046	64	12	1	1	0	1	NA	NA	NA	unphased	0.543859649122807	0.543859649122807	1
19	994341	994342	17	3	1.03	1	1	0.03	0	1	0.97	unphased	0.521166666666667	0.521166666666667	1
19	2918047	2918048	70	24	1.03	1	1	0.03	0	1	0.97	unphased	0.88709219858156	0.88709219858156	1
19	3633477	3633478	37	12	1.03	1	1	0.03	0	1	0.97	unphased	0.850884353741497	0.850884353741497	1
19	4333774	4333775	59	17	1.03	1	1	0.03	0	1	0.97	unphased	0.777178362573099	0.777178362573099	1
19	5866561	5866562	99	10	1.03	1	1	0.03	0	1	0.97	unphased	0.318756371049949	0.318756371049949	1
19	6416831	6416832	16	4	1.03	1	1	0.03	0	1	0.97	unphased	0.694888888888889	0.694888888888889	1
19	6495471	6495472	242	90	1.03	1	1	0.03	0	1	0.97	unphased	0.941867469879518	0.941867469879518	1
19	7122911	7122912	17	6	1.03	1	1	0.03	0	1	0.97	unphased	0.906376811594203	0.906376811594203	1
19	9064865	9064866	75	13	1.03	1	1	0.03	0	1	0.97	unphased	0.513270202020202	0.513270202020202	1
19	9091670	9091671	54	15	1.03	1	1	0.03	0	1	0.97	unphased	0.755314009661836	0.755314009661836	1
19	9204293	9204294	93	22	1.03	1	1	0.03	0	1	0.97	unphased	0.664676328502416	0.664676328502416	1
19	9204354	9204355	131	24	1.03	1	1	0.03	0	1	0.97	unphased	0.537978494623656	0.537978494623656	1
19	9453623	9453624	81	32	1.03	1	1	0.03	0	1	0.97	unphased	0.983913470993117	0.983913470993117	1
19	10445023	10445024	54	17	1.03	1	1	0.03	0	1	0.97	unphased	0.831909233176839	0.831909233176839	1
19	12188350	12188351	23	8	1.03	1	1	0.03	0	1	0.97	unphased	0.89663082437276	0.89663082437276	1
19	12786484	12786485	22	7	2	1	1	1	NA	NA	NA	unphased	1.0727969348659	1.0727969348659	1
19	14199229	14199230	99	29	2	1	1	1	NA	NA	NA	unphased	1.00694444444444	1.00694444444444	1
19	16238296	16238297	34	12	2	1	1	1	NA	NA	NA	unphased	1.15942028985507	1.15942028985507	1
19	16275660	16275661	103	24	2	1	1	1	NA	NA	NA	unphased	0.83989501312336	0.83989501312336	1
19	17025308	17025309	72	15	2	1	1	1	NA	NA	NA	unphased	0.766283524904215	0.766283524904215	1
19	17438568	17438569	121	31	2	1	1	1	NA	NA	NA	unphased	0.906432748538012	0.906432748538012	1
19	19206997	19206998	55	8	2	1	1	1	NA	NA	NA	unphased	0.564373897707231	0.564373897707231	1
19	19338263	19338264	47	10	2	1	1	1	NA	NA	NA	unphased	0.779727095516569	0.779727095516569	1
19	20003139	20003140	25	12	2	1	1	1	NA	NA	NA	unphased	1.44144144144144	1.44144144144144	1
19	21265148	21265149	150	31	2	1	1	1	NA	NA	NA	unphased	0.761203192142419	0.761203192142419	1
19	22941269	22941270	36	7	2	1	1	1	NA	NA	NA	unphased	0.723514211886305	0.723514211886305	1
19	35749908	35749909	66	26	2	1	1	1	NA	NA	NA	unphased	1.25603864734299	1.25603864734299	1
19	35842930	35842931	61	12	2	1	1	1	NA	NA	NA	unphased	0.730593607305936	0.730593607305936	1
19	36041823	36041824	26	5	2	1	1	1	NA	NA	NA	unphased	0.716845878136201	0.716845878136201	1
19	36053363	36053364	49	15	2	1	1	1	NA	NA	NA	unphased	1.04166666666667	1.04166666666667	1
19	36348264	36348265	159	34	2	1	1	1	NA	NA	NA	unphased	0.782959124928037	0.782959124928037	1
19	37853739	37853740	107	30	2	1	1	1	NA	NA	NA	unphased	0.97323600973236	0.97323600973236	1
19	38056575	38056576	44	13	2	1	1	1	NA	NA	NA	unphased	1.01364522417154	1.01364522417154	1
19	39760156	39760157	58	13	2	1	1	1	NA	NA	NA	unphased	0.81377151799687	0.81377151799687	1
19	41025377	41025378	27	9	2	1	1	1	NA	NA	NA	unphased	1.11111111111111	1.11111111111111	1
19	43375949	43375950	424	98	2	1	1	1	NA	NA	NA	unphased	0.834397616006811	0.834397616006811	1
19	44254844	44254845	155	8	2	1	1	1	NA	NA	NA	unphased	0.21813224267212	0.21813224267212	1
19	44351292	44351293	22	4	2	1	1	1	NA	NA	NA	unphased	0.683760683760684	0.683760683760684	1
19	45781297	45781298	77	20	2	1	1	1	NA	NA	NA	unphased	0.916380297823597	0.916380297823597	1
19	46130048	46130049	53	12	2	1	1	1	NA	NA	NA	unphased	0.82051282051282	0.82051282051282	1
19	47423000	47423001	52	27	2	1	1	1	NA	NA	NA	unphased	1.51898734177215	1.51898734177215	1
19	47823714	47823715	152	47	2	1	1	1	NA	NA	NA	unphased	1.04969290898939	1.04969290898939	1
19	48631178	48631179	293	72	2	1	1	1	NA	NA	NA	unphased	0.876712328767123	0.876712328767123	1
19	50902709	50902710	62	12	2	1	1	1	NA	NA	NA	unphased	0.720720720720721	0.720720720720721	1
19	50979647	50979648	24	8	2	1	1	1	NA	NA	NA	unphased	1.11111111111111	1.11111111111111	1
19	53304604	53304605	337	50	3.7	3	1	0.85	1	1	0.15	unphased	0.793855871375251	0.933948083970884	0.85
19	53994438	53994439	159	22	3.7	3	1	0.85	1	1	0.15	unphased	0.746838551258441	0.746838551258441	1
19	54780757	54780758	62	59	3.7	3	1	0.85	1	1	0.15	unphased	2.99605142332415	1.05124611344707	2.85
19	56416317	56416318	67	20	3.7	3	1	0.85	1	1	0.15	unphased	1.4125159642401	1.4125159642401	1
19	56703328	56703329	50	9	3.7	3	1	0.85	1	1	0.15	unphased	0.93728813559322	0.93728813559322	1
19	57176493	57176494	101	11	3.7	3	1	0.85	1	1	0.15	unphased	0.603472222222222	0.709967320261438	0.85
19	57932592	57932593	55	31	3.7	3	1	0.85	1	1	0.15	unphased	2.21485788113695	0.820317733754426	2.7
19	57953328	57953329	150	134	3.7	3	1	0.85	1	1	0.15	unphased	2.8991392801252	1.01724185267551	2.85
19	58050144	58050145	97	16	3.7	3	1	0.85	1	1	0.15	unphased	0.870009832841691	0.870009832841691	1
19	58187640	58187641	139	16	3.7	3	1	0.85	1	1	0.15	unphased	0.63426523297491	0.746194391735189	0.85
19	58199372	58199373	164	22	3.7	3	1	0.85	1	1	0.15	unphased	0.726762246117085	0.726762246117085	1
19	58320177	58320178	191	27	3.7	3	1	0.85	1	1	0.15	unphased	0.761009174311927	0.761009174311927	1
19	58965771	58965772	36	3	3.7	3	1	0.85	1	1	0.15	unphased	0.472649572649573	0.472649572649573	1
2	45647	45648	19	5	3	2	1	1	NA	NA	NA	unphased	1.13425925925926	1.13425925925926	1
2	1500375	1500376	110	26	2.88	2	1	0.94	0	1	0.0600000000000001	unphased	1.01790849673203	1.01790849673203	1
2	10186519	10186520	72	12	2.88	2	1	0.94	0	1	0.0600000000000001	unphased	0.760634920634921	0.760634920634921	1
2	21233516	21233517	41	35	2.88	2	1	0.94	0	1	0.0600000000000001	unphased	2.45204678362573	1.26394164104419	1.94
2	25982475	25982476	170	30	3	2	1	1	NA	NA	NA	unphased	0.816666666666667	0.816666666666667	1
2	27552112	27552113	585	136	3	2	1	1	NA	NA	NA	unphased	1.0269687162891	1.0269687162891	1
2	28004347	28004348	7	5	3	2	1	1	NA	NA	NA	unphased	2.26851851851852	1.13425925925926	2
2	28210872	28210873	384	59	3	2	1	1	NA	NA	NA	unphased	0.725106596438425	0.725106596438425	1
2	43571336	43571337	19	7	3	2	1	1	NA	NA	NA	unphased	1.46581196581197	1.46581196581197	1
2	46770200	46770201	35	12	3	2	1	1	NA	NA	NA	unphased	1.39007092198582	1.39007092198582	1
2	64335462	64335463	130	26	3	2	1	1	NA	NA	NA	unphased	0.907407407407407	0.907407407407407	1
2	73675658	73675659	101	25	2	1	1	1	NA	NA	NA	unphased	0.881834215167548	0.881834215167548	1
2	85536505	85536506	86	24	2	1	1	1	NA	NA	NA	unphased	0.96969696969697	0.96969696969697	1
2	89459436	89459437	30	11	2	1	1	1	NA	NA	NA	unphased	1.19241192411924	1.19241192411924	1
2	97268518	97268519	92	39	2	1	1	1	NA	NA	NA	unphased	1.32315521628499	1.32315521628499	1
2	102507822	102507823	7	4	2	1	1	1	NA	NA	NA	unphased	1.61616161616162	1.61616161616162	1
2	109113460	109113461	142	33	2	1	1	1	NA	NA	NA	unphased	0.838095238095238	0.838095238095238	1
2	120194984	120194985	262	77	2	1	1	1	NA	NA	NA	unphased	1.00950508030154	1.00950508030154	1
2	138421144	138421145	12	3	2	1	1	1	NA	NA	NA	unphased	0.888888888888889	0.888888888888889	1
2	140990865	140990866	51	5	2	1	1	1	NA	NA	NA	unphased	0.396825396825397	0.396825396825397	1
2	145157363	145157364	87	18	2	1	1	1	NA	NA	NA	unphased	0.761904761904762	0.761904761904762	1
2	160084445	160084446	104	21	2	2	0	1	NA	NA	NA	unphased	0.746666666666667	0.746666666666667	1
2	160304797	160304798	65	19	2	2	0	1	NA	NA	NA	unphased	1.00529100529101	1.00529100529101	1
2	164466200	164466201	75	15	2	2	0	1	NA	NA	NA	unphased	0.740740740740741	0.740740740740741	1
2	166172207	166172208	102	29	2	2	0	1	NA	NA	NA	unphased	0.983884648006785	0.983884648006785	1
2	167108322	167108323	47	4	2	2	0	1	NA	NA	NA	unphased	0.348583877995643	0.348583877995643	1
2	171070932	171070933	66	12	2	2	0	1	NA	NA	NA	unphased	0.683760683760684	0.683760683760684	1
2	171225842	171225843	78	19	2	2	0	1	NA	NA	NA	unphased	0.870561282932417	0.870561282932417	1
2	171702232	171702233	91	17	2	2	0	1	NA	NA	NA	unphased	0.699588477366255	0.699588477366255	1
2	173891909	173891910	88	19	2	2	0	1	NA	NA	NA	unphased	0.78920041536864	0.78920041536864	1
2	177016384	177016385	96	23	2	2	0	1	NA	NA	NA	unphased	0.859010270774977	0.859010270774977	1
2	179407426	179407427	153	35	2	2	0	1	NA	NA	NA	unphased	0.8274231678487	0.8274231678487	1
2	179419727	179419728	38	12	2	2	0	1	NA	NA	NA	unphased	1.06666666666667	1.06666666666667	1
2	179579787	179579788	221	61	2	2	0	1	NA	NA	NA	unphased	0.961386918833727	0.961386918833727	1
2	185802779	185802780	107	24	2	2	0	1	NA	NA	NA	unphased	0.814249363867684	0.814249363867684	1
2	191161631	191161632	41	13	2	2	0	1	NA	NA	NA	unphased	1.06995884773663	1.06995884773663	1
2	196718109	196718110	49	15	2	2	0	1	NA	NA	NA	unphased	1.04166666666667	1.04166666666667	1
2	202719626	202719627	60	20	2	2	0	1	NA	NA	NA	unphased	1.11111111111111	1.11111111111111	1
2	204110611	204110612	17	6	2	2	0	1	NA	NA	NA	unphased	1.15942028985507	1.15942028985507	1
2	209358070	209358071	43	21	2	2	0	1	NA	NA	NA	unphased	1.45833333333333	0.729166666666667	2
2	211019269	211019270	76	19	2	2	0	1	NA	NA	NA	unphased	0.888888888888889	0.888888888888889	1
2	219603655	219603656	88	26	2	2	0	1	NA	NA	NA	unphased	1.01364522417154	1.01364522417154	1
2	220136509	220136510	66	18	2	2	0	1	NA	NA	NA	unphased	0.952380952380952	0.952380952380952	1
2	220348760	220348761	81	14	2	2	0	1	NA	NA	NA	unphased	0.654970760233918	0.654970760233918	1
2	222294723	222294724	140	50	2	2	0	1	NA	NA	NA	unphased	1.16959064327485	1.16959064327485	1
2	227872865	227872866	40	12	2	2	0	1	NA	NA	NA	unphased	1.02564102564103	1.02564102564103	1
2	234431955	234431956	175	46	2	2	0	1	NA	NA	NA	unphased	0.925087983911513	0.925087983911513	1
2	238303394	238303395	67	19	2	2	0	1	NA	NA	NA	unphased	0.981912144702842	0.981912144702842	1
2	241500166	241500167	10	6	2	2	0	1	NA	NA	NA	unphased	1.66666666666667	1.66666666666667	1
2	242128094	242128095	48	15	2	2	0	1	NA	NA	NA	unphased	1.05820105820106	1.05820105820106	1
20	139419	139420	65	5	2	1	1	1	NA	NA	NA	unphased	0.317460317460317	0.317460317460317	1
20	209972	209973	63	12	2	1	1	1	NA	NA	NA	unphased	0.711111111111111	0.711111111111111	1
20	746433	746434	13	5	2	1	1	1	NA	NA	NA	unphased	1.23456790123457	1.23456790123457	1
20	1616877	1616878	59	18	2	1	1	1	NA	NA	NA	unphased	1.03896103896104	1.03896103896104	1
20	7886878	7886879	111	21	2	1	1	1	NA	NA	NA	unphased	0.707070707070707	0.707070707070707	1
20	17929706	17929707	97	20	2	1	1	1	NA	NA	NA	unphased	0.759734093067426	0.759734093067426	1
20	21687001	21687002	26	12	2	1	1	1	NA	NA	NA	unphased	1.40350877192982	1.40350877192982	1
20	23549118	23549119	14	8	2	1	1	1	NA	NA	NA	unphased	1.61616161616162	1.61616161616162	1
20	30193292	30193293	16	4	2	1	1	1	NA	NA	NA	unphased	0.888888888888889	0.888888888888889	1
20	30193842	30193843	36	8	2	1	1	1	NA	NA	NA	unphased	0.808080808080808	0.808080808080808	1
20	33442600	33442601	67	4	2	1	1	1	NA	NA	NA	unphased	0.250391236306729	0.250391236306729	1
20	36640075	36640076	55	15	2	1	1	1	NA	NA	NA	unphased	0.952380952380952	0.952380952380952	1
20	40033852	40033853	82	21	2	1	1	1	NA	NA	NA	unphased	0.906148867313916	0.906148867313916	1
20	42683112	42683113	29	9	2	1	1	1	NA	NA	NA	unphased	1.05263157894737	1.05263157894737	1
20	43927131	43927132	85	18	2	1	1	1	NA	NA	NA	unphased	0.776699029126214	0.776699029126214	1
20	45905280	45905281	180	32	2	1	1	1	NA	NA	NA	unphased	0.670859538784067	0.670859538784067	1
20	45905503	45905504	88	22	2	1	1	1	NA	NA	NA	unphased	0.888888888888889	0.888888888888889	1
20	50418814	50418815	22	7	2	1	1	1	NA	NA	NA	unphased	1.0727969348659	1.0727969348659	1
20	61834125	61834126	140	29	2	1	1	0.14	1	1	0.86	unphased	0.762656147271532	0.762656147271532	1
20	62616335	62616336	41	23	2	1	1	0.14	1	1	0.86	unphased	1.59722222222222	1.59722222222222	1
21	46031992	46031993	67	25	2	2	0	1	NA	NA	NA	unphased	1.20772946859903	1.20772946859903	1
21	46032747	46032748	68	31	2	2	0	1	NA	NA	NA	unphased	1.39169472502806	0.695847362514029	2
22	17447232	17447233	34	8	2	1	1	1	NA	NA	NA	unphased	0.846560846560847	0.846560846560847	1
22	17447233	17447234	33	8	2	1	1	1	NA	NA	NA	unphased	0.867208672086721	0.867208672086721	1
22	19197845	19197846	64	17	2	1	1	1	NA	NA	NA	unphased	0.93278463648834	0.93278463648834	1
22	19708134	19708135	61	20	2	1	1	1	NA	NA	NA	unphased	1.09739368998628	1.09739368998628	1
22	20936959	20936960	9	3	2	1	1	1	NA	NA	NA	unphased	1.11111111111111	1.11111111111111	1
22	24909374	24909375	48	14	2	1	1	1	NA	NA	NA	unphased	1.00358422939068	1.00358422939068	1
22	36714308	36714309	235	50	2	1	1	1	NA	NA	NA	unphased	0.779727095516569	0.779727095516569	1
22	38512132	38512133	85	18	2	1	1	1	NA	NA	NA	unphased	0.776699029126214	0.776699029126214	1
22	39262738	39262739	73	5	2	1	1	1	NA	NA	NA	unphased	0.284900284900285	0.284900284900285	1
22	40061941	40061942	86	22	2	1	1	1	NA	NA	NA	unphased	0.905349794238683	0.905349794238683	1
22	43460247	43460248	55	13	2	1	1	1	NA	NA	NA	unphased	0.849673202614379	0.849673202614379	1
3	3072632	3072633	57	15	1	1	0	1	NA	NA	NA	unphased	0.717592592592593	0.717592592592593	1
3	5249813	5249814	166	72	1	1	0	1	NA	NA	NA	unphased	1.04201680672269	1.04201680672269	1
3	5252877	5252878	25	13	1	1	0	1	NA	NA	NA	unphased	1.17836257309942	1.17836257309942	1
3	12618155	12618156	58	25	1	1	0	1	NA	NA	NA	unphased	1.03748326639893	1.03748326639893	1
3	16269069	16269070	15	11	1	1	0	1	NA	NA	NA	unphased	1.45726495726496	1.45726495726496	1
3	30875768	30875769	42	14	1	1	0	1	NA	NA	NA	unphased	0.861111111111111	0.861111111111111	1
3	48224474	48224475	69	17	1	1	0	1	NA	NA	NA	unphased	0.680878552971576	0.680878552971576	1
3	63981743	63981744	74	20	1	1	0	1	NA	NA	NA	unphased	0.732860520094563	0.732860520094563	1
3	71830736	71830737	30	12	1	1	0	1	NA	NA	NA	unphased	0.984126984126984	0.984126984126984	1
3	98073563	98073564	210	43	2	1	1	1	NA	NA	NA	unphased	0.755379885814668	0.755379885814668	1
3	98240537	98240538	27	7	2	1	1	1	NA	NA	NA	unphased	0.915032679738562	0.915032679738562	1
3	112643991	112643992	34	4	2	1	1	1	NA	NA	NA	unphased	0.467836257309941	0.467836257309941	1
3	119102065	119102066	102	29	2	1	1	1	NA	NA	NA	unphased	0.983884648006785	0.983884648006785	1
3	128621392	128621393	76	24	2	1	1	1	NA	NA	NA	unphased	1.06666666666667	1.06666666666667	1
3	132166200	132166201	53	11	2	1	1	1	NA	NA	NA	unphased	0.763888888888889	0.763888888888889	1
3	133362953	133362954	61	18	2	1	1	1	NA	NA	NA	unphased	1.0126582278481	1.0126582278481	1
3	133363009	133363010	53	10	2	1	1	1	NA	NA	NA	unphased	0.705467372134039	0.705467372134039	1
3	133363043	133363044	42	6	2	1	1	1	NA	NA	NA	unphased	0.555555555555556	0.555555555555556	1
3	142204112	142204113	31	12	2	1	1	1	NA	NA	NA	unphased	1.24031007751938	1.24031007751938	1
3	147128487	147128488	60	12	2	1	1	1	NA	NA	NA	unphased	0.740740740740741	0.740740740740741	1
3	164908183	164908184	75	9	1.57	3	1	0.19	1	0	0.81	unphased	0.430119047619048	0.430119047619048	1
3	170716921	170716922	177	30	4	3	1	1	NA	NA	NA	unphased	0.933977455716586	0.933977455716586	1
3	178936090	178936091	59	6	4	3	1	1	NA	NA	NA	unphased	0.594871794871795	0.594871794871795	1
3	183472007	183472008	232	43	4	3	1	1	NA	NA	NA	unphased	1.00767676767677	1.00767676767677	1
3	183665290	183665291	22	4	4	3	1	1	NA	NA	NA	unphased	0.991452991452992	0.991452991452992	1
3	186450335	186450336	109	23	4	3	1	1	NA	NA	NA	unphased	1.12289562289562	1.12289562289562	1
3	186507805	186507806	62	12	4	3	1	1	NA	NA	NA	unphased	1.04504504504505	1.04504504504505	1
3	187003786	187003787	106	16	4	3	1	1	NA	NA	NA	unphased	0.845173041894354	0.845173041894354	1
3	190345162	190345163	77	8	4	3	1	1	NA	NA	NA	unphased	0.606535947712418	0.606535947712418	1
3	196434547	196434548	125	18	4	3	1	1	NA	NA	NA	unphased	0.811188811188811	0.811188811188811	1
4	3133097	3133098	68	15	2	1	1	0.15	1	1	0.85	unphased	0.803212851405622	0.803212851405622	1
4	4322386	4322387	36	10	2	1	1	0.15	1	1	0.85	unphased	0.966183574879227	0.966183574879227	1
4	5586404	5586405	21	3	2	1	1	0.15	1	1	0.85	unphased	0.555555555555556	0.555555555555556	1
4	5617154	5617155	40	12	2	1	1	0.15	1	1	0.85	unphased	1.02564102564103	1.02564102564103	1
4	6042365	6042366	19	4	2	1	1	0.15	1	1	0.85	unphased	0.772946859903382	0.772946859903382	1
4	25664390	25664391	90	26	2	1	1	1	NA	NA	NA	unphased	0.996168582375479	0.996168582375479	1
4	26661272	26661273	35	3	2	1	1	1	NA	NA	NA	unphased	0.350877192982456	0.350877192982456	1
4	36214921	36214922	48	8	2	1	1	1	NA	NA	NA	unphased	0.634920634920635	0.634920634920635	1
4	40440759	40440760	15	4	2	1	1	1	NA	NA	NA	unphased	0.935672514619883	0.935672514619883	1
4	48384632	48384633	47	15	2	1	1	1	NA	NA	NA	unphased	1.0752688172043	1.0752688172043	1
4	52896000	52896001	49	14	2	1	1	1	NA	NA	NA	unphased	0.987654320987654	0.987654320987654	1
4	56458305	56458306	18	4	2	1	1	1	NA	NA	NA	unphased	0.808080808080808	0.808080808080808	1
4	56458306	56458307	17	4	2	1	1	1	NA	NA	NA	unphased	0.846560846560847	0.846560846560847	1
4	56757522	56757523	67	20	2	1	1	1	NA	NA	NA	unphased	1.02171136653895	1.02171136653895	1
4	72425870	72425871	73	26	2	1	1	1	NA	NA	NA	unphased	1.1672278338945	1.1672278338945	1
4	76407839	76407840	63	5	2	1	1	1	NA	NA	NA	unphased	0.326797385620915	0.326797385620915	1
4	80246773	80246774	86	15	2	1	1	1	NA	NA	NA	unphased	0.66006600660066	0.66006600660066	1
4	82064014	82064015	182	47	2	1	1	1	NA	NA	NA	unphased	0.912178554099952	0.912178554099952	1
4	87695630	87695631	9	5	2	1	1	1	NA	NA	NA	unphased	1.58730158730159	1.58730158730159	1
4	89668099	89668100	40	11	2	1	1	1	NA	NA	NA	unphased	0.958605664488017	0.958605664488017	1
4	107246152	107246153	19	10	2	1	1	1	NA	NA	NA	unphased	1.53256704980843	1.53256704980843	1
4	107845131	107845132	99	26	2	1	1	1	NA	NA	NA	unphased	0.924444444444444	0.924444444444444	1
4	109663673	109663674	85	20	2	1	1	1	NA	NA	NA	unphased	0.846560846560847	0.846560846560847	1
4	110402906	110402907	111	44	2	1	1	1	NA	NA	NA	unphased	1.26164874551971	1.26164874551971	1
4	126401002	126401003	50	10	2	1	1	1	NA	NA	NA	unphased	0.740740740740741	0.740740740740741	1
4	128608866	128608867	102	21	2	1	1	1	NA	NA	NA	unphased	0.758807588075881	0.758807588075881	1
4	155507385	155507386	154	39	2	1	1	1	NA	NA	NA	unphased	0.898100172711572	0.898100172711572	1
4	169182098	169182099	69	12	2	1	1	1	NA	NA	NA	unphased	0.65843621399177	0.65843621399177	1
4	169300556	169300557	57	17	2	1	1	1	NA	NA	NA	unphased	1.02102102102102	1.02102102102102	1
4	169432841	169432842	29	7	2	1	1	1	NA	NA	NA	unphased	0.864197530864197	0.864197530864197	1
4	175416769	175416770	35	13	2	1	1	1	NA	NA	NA	unphased	1.2037037037037	1.2037037037037	1
4	187171555	187171556	90	21	2	1	1	1	NA	NA	NA	unphased	0.840840840840841	0.840840840840841	1
5	1219751	1219752	78	18	2	1	1	1	NA	NA	NA	unphased	0.833333333333333	0.833333333333333	1
5	6337279	6337280	120	31	2	1	1	1	NA	NA	NA	unphased	0.912435614422369	0.912435614422369	1
5	16701658	16701659	41	4	2	1	1	1	NA	NA	NA	unphased	0.395061728395062	0.395061728395062	1
5	31313509	31313510	166	38	2	1	1	1	NA	NA	NA	unphased	0.827886710239651	0.827886710239651	1
5	33637758	33637759	107	19	2	1	1	1	NA	NA	NA	unphased	0.670194003527337	0.670194003527337	1
5	38996958	38996959	162	20	2	1	1	1	NA	NA	NA	unphased	0.488400488400488	0.488400488400488	1
5	40854269	40854270	257	62	2	1	1	1	NA	NA	NA	unphased	0.863810518982933	0.863810518982933	1
5	56180547	56180548	38	10	2	1	1	1	NA	NA	NA	unphased	0.925925925925926	0.925925925925926	1
5	70308472	70308473	184	15	NA	NA	NA	NA	NA	NA	NA	unphased	NA	NA	1
5	71494981	71494982	223	32	5	4	1	1	NA	NA	NA	unphased	0.934204793028322	0.934204793028322	1
5	79030754	79030755	93	49	1	1	0	1	NA	NA	NA	unphased	1.18857589984351	1.18857589984351	1
5	88047742	88047743	146	59	1	1	0	1	NA	NA	NA	unphased	0.991327913279133	0.991327913279133	1
5	96098818	96098819	34	8	1	1	0	1	NA	NA	NA	unphased	0.656084656084656	0.656084656084656	1
5	132222084	132222085	43	17	1	1	0	1	NA	NA	NA	unphased	0.975925925925926	0.975925925925926	1
5	137426637	137426638	46	11	1	1	0	1	NA	NA	NA	unphased	0.664717348927875	0.664717348927875	1
5	137726783	137726784	58	26	1	1	0	1	NA	NA	NA	unphased	1.06613756613757	1.06613756613757	1
5	137727564	137727565	167	62	1	1	0	1	NA	NA	NA	unphased	0.932557011159631	0.932557011159631	1
5	140076609	140076610	148	59	1	1	0	1	NA	NA	NA	unphased	0.981749865807837	0.981749865807837	1
5	140558931	140558932	169	49	1	1	0	1	NA	NA	NA	unphased	0.77420998980632	0.77420998980632	1
5	140755325	140755326	184	66	1	1	0	1	NA	NA	NA	unphased	0.909333333333333	0.909333333333333	1
5	140810935	140810936	118	33	1	1	0	1	NA	NA	NA	unphased	0.752759381898455	0.752759381898455	1
5	148930422	148930423	46	17	1	1	0	1	NA	NA	NA	unphased	0.929453262786596	0.929453262786596	1
5	149433916	149433917	44	20	1	1	0	1	NA	NA	NA	unphased	1.07638888888889	1.07638888888889	1
5	149644526	149644527	21	5	1	1	0	1	NA	NA	NA	unphased	0.662393162393162	0.662393162393162	1
5	149644536	149644537	25	7	1	1	0	1	NA	NA	NA	unphased	0.753472222222222	0.753472222222222	1
5	154395858	154395859	32	5	1	1	0	1	NA	NA	NA	unphased	0.465465465465465	0.465465465465465	1
5	161495074	161495075	56	13	1	1	0	1	NA	NA	NA	unphased	0.648953301127214	0.648953301127214	1
5	161576317	161576318	18	10	1	1	0	1	NA	NA	NA	unphased	1.23015873015873	1.23015873015873	1
5	180166454	180166455	56	22	1	1	0	1	NA	NA	NA	unphased	0.971509971509971	0.971509971509971	1
5	180419813	180419814	39	13	1	1	0	1	NA	NA	NA	unphased	0.861111111111111	0.861111111111111	1
5	180669340	180669341	27	14	1	1	0	1	NA	NA	NA	unphased	1.17615176151762	1.17615176151762	1
6	3106055	3106056	52	18	2	1	1	1	NA	NA	NA	unphased	1.14285714285714	1.14285714285714	1
6	10764646	10764647	26	12	2	1	1	1	NA	NA	NA	unphased	1.40350877192982	1.40350877192982	1
6	16254898	16254899	128	31	2	1	1	1	NA	NA	NA	unphased	0.866526904262753	0.866526904262753	1
6	24145936	24145937	66	25	2	1	1	1	NA	NA	NA	unphased	1.22100122100122	1.22100122100122	1
6	27424699	27424700	60	21	2	1	1	1	NA	NA	NA	unphased	1.1522633744856	1.1522633744856	1
6	27861556	27861557	80	27	2	1	1	1	NA	NA	NA	unphased	1.1214953271028	1.1214953271028	1
6	30043539	30043540	99	24	2	1	1	1	NA	NA	NA	unphased	0.867208672086721	0.867208672086721	1
6	30303734	30303735	54	8	2	1	1	1	NA	NA	NA	unphased	0.573476702508961	0.573476702508961	1
6	30698749	30698750	109	29	2	1	1	1	NA	NA	NA	unphased	0.933977455716586	0.933977455716586	1
6	32261651	32261652	108	35	2	1	1	1	NA	NA	NA	unphased	1.08780108780109	1.08780108780109	1
6	33632989	33632990	94	13	2	1	1	1	NA	NA	NA	unphased	0.539979231568017	0.539979231568017	1
6	35838126	35838127	24	3	2	1	1	1	NA	NA	NA	unphased	0.493827160493827	0.493827160493827	1
6	36334361	36334362	60	22	2	1	1	1	NA	NA	NA	unphased	1.19241192411924	1.19241192411924	1
6	42224488	42224489	81	24	2	1	1	1	NA	NA	NA	unphased	1.01587301587302	1.01587301587302	1
6	43006700	43006701	48	11	2	1	1	1	NA	NA	NA	unphased	0.828625235404896	0.828625235404896	1
6	43324892	43324893	88	14	2	1	1	1	NA	NA	NA	unphased	0.610021786492375	0.610021786492375	1
6	44221457	44221458	31	10	2	1	1	1	NA	NA	NA	unphased	1.0840108401084	1.0840108401084	1
6	49666073	49666074	57	18	2	1	1	1	NA	NA	NA	unphased	1.06666666666667	1.06666666666667	1
6	50696683	50696684	85	26	2	1	1	1	NA	NA	NA	unphased	1.04104104104104	1.04104104104104	1
6	51927415	51927416	149	27	2	1	1	1	NA	NA	NA	unphased	0.681818181818182	0.681818181818182	1
6	55223714	55223715	87	21	2	1	1	1	NA	NA	NA	unphased	0.864197530864197	0.864197530864197	1
6	74124322	74124323	105	25	2	1	1	1	NA	NA	NA	unphased	0.854700854700855	0.854700854700855	1
6	74134975	74134976	13	4	2	1	1	1	NA	NA	NA	unphased	1.04575163398693	1.04575163398693	1
6	90354839	90354840	76	21	2	1	1	1	NA	NA	NA	unphased	0.962199312714777	0.962199312714777	1
6	99850461	99850462	136	18	2	1	1	1	NA	NA	NA	unphased	0.519480519480519	0.519480519480519	1
6	111543326	111543327	81	8	2	1	1	1	NA	NA	NA	unphased	0.399500624219725	0.399500624219725	1
6	117150073	117150074	85	21	2	1	1	1	NA	NA	NA	unphased	0.880503144654088	0.880503144654088	1
6	135263646	135263647	47	17	2	1	1	1	NA	NA	NA	unphased	1.18055555555556	1.18055555555556	1
6	135521445	135521446	82	29	2	1	1	1	NA	NA	NA	unphased	1.16116116116116	1.16116116116116	1
6	137322819	137322820	104	32	2	1	1	1	NA	NA	NA	unphased	1.04575163398693	1.04575163398693	1
6	151917563	151917564	60	16	2	1	1	1	NA	NA	NA	unphased	0.935672514619883	0.935672514619883	1
6	152647468	152647469	65	18	2	1	1	1	NA	NA	NA	unphased	0.963855421686747	0.963855421686747	1
6	152652855	152652856	108	20	2	1	1	1	NA	NA	NA	unphased	0.694444444444444	0.694444444444444	1
6	152730274	152730275	55	12	2	1	1	1	NA	NA	NA	unphased	0.796019900497512	0.796019900497512	1
6	153075405	153075406	46	12	2	1	1	1	NA	NA	NA	unphased	0.919540229885057	0.919540229885057	1
6	153077371	153077372	80	29	2	1	1	1	NA	NA	NA	unphased	1.18246687054027	1.18246687054027	1
6	159407334	159407335	229	42	2	1	1	1	NA	NA	NA	unphased	0.688806888068881	0.688806888068881	1
6	159420658	159420659	162	16	2	1	1	1	NA	NA	NA	unphased	0.399500624219725	0.399500624219725	1
6	160211588	160211589	67	14	2	1	1	1	NA	NA	NA	unphased	0.768175582990398	0.768175582990398	1
6	168281196	168281197	127	34	2	1	1	1	NA	NA	NA	unphased	0.938578329882678	0.938578329882678	1
6	169621570	169621571	96	16	2	1	1	1	NA	NA	NA	unphased	0.634920634920635	0.634920634920635	1
7	8126077	8126078	325	68	2	1	1	1	NA	NA	NA	unphased	0.769013288097258	0.769013288097258	1
7	14758264	14758265	49	6	2	1	1	1	NA	NA	NA	unphased	0.484848484848485	0.484848484848485	1
7	16650274	16650275	54	16	2	1	1	1	NA	NA	NA	unphased	1.01587301587302	1.01587301587302	1
7	27213736	27213737	10	4	2	1	1	1	NA	NA	NA	unphased	1.26984126984127	1.26984126984127	1
7	30825506	30825507	88	16	2	1	1	1	NA	NA	NA	unphased	0.683760683760684	0.683760683760684	1
7	38389524	38389525	11	3	2	1	1	1	NA	NA	NA	unphased	0.952380952380952	0.952380952380952	1
7	44154358	44154359	24	3	2	1	1	1	NA	NA	NA	unphased	0.493827160493827	0.493827160493827	1
7	45930204	45930205	92	26	2	1	1	1	NA	NA	NA	unphased	0.979284369114878	0.979284369114878	1
7	64438196	64438197	25	3	2	1	1	1	NA	NA	NA	unphased	0.476190476190476	0.476190476190476	1
7	72903718	72903719	75	30	2	1	1	1	NA	NA	NA	unphased	1.26984126984127	1.26984126984127	1
7	73653266	73653267	42	13	2	1	1	1	NA	NA	NA	unphased	1.05050505050505	1.05050505050505	1
7	80418673	80418674	137	41	2	1	1	1	NA	NA	NA	unphased	1.02372034956305	1.02372034956305	1
7	82388012	82388013	95	18	2	1	1	1	NA	NA	NA	unphased	0.707964601769911	0.707964601769911	1
7	84671529	84671530	219	45	2	1	1	1	NA	NA	NA	unphased	0.757575757575757	0.757575757575757	1
7	87214904	87214905	66	11	2	1	1	1	NA	NA	NA	unphased	0.634920634920635	0.634920634920635	1
7	98547813	98547814	82	33	2	1	1	1	NA	NA	NA	unphased	1.27536231884058	1.27536231884058	1
7	99170765	99170766	107	33	2	1	1	1	NA	NA	NA	unphased	1.04761904761905	1.04761904761905	1
7	100551447	100551448	135	26	2	1	1	1	NA	NA	NA	unphased	0.717736369910283	0.717736369910283	1
7	100799961	100799962	26	5	2	1	1	1	NA	NA	NA	unphased	0.716845878136201	0.716845878136201	1
7	103019743	103019744	44	10	2	1	1	1	NA	NA	NA	unphased	0.823045267489712	0.823045267489712	1
7	103234275	103234276	65	10	2	1	1	1	NA	NA	NA	unphased	0.592592592592593	0.592592592592593	1
7	103368611	103368612	73	17	2	1	1	1	NA	NA	NA	unphased	0.839506172839506	0.839506172839506	1
7	111617300	111617301	16	5	2	1	1	1	NA	NA	NA	unphased	1.05820105820106	1.05820105820106	1
7	113519987	113519988	151	37	2	1	1	1	NA	NA	NA	unphased	0.874704491725768	0.874704491725768	1
7	115624533	115624534	48	13	2	1	1	1	NA	NA	NA	unphased	0.947176684881603	0.947176684881603	1
7	116140471	116140472	72	13	2	1	1	1	NA	NA	NA	unphased	0.679738562091503	0.679738562091503	1
7	116140483	116140484	68	12	2	1	1	1	NA	NA	NA	unphased	0.666666666666667	0.666666666666667	1
7	128630053	128630054	72	27	2	1	1	1	NA	NA	NA	unphased	1.21212121212121	1.21212121212121	1
7	130418083	130418084	15	4	2	1	1	1	NA	NA	NA	unphased	0.935672514619883	0.935672514619883	1
7	131196091	131196092	73	26	2	1	1	1	NA	NA	NA	unphased	1.1672278338945	1.1672278338945	1
7	134642825	134642826	37	13	2	1	1	1	NA	NA	NA	unphased	1.15555555555556	1.15555555555556	1
7	139529152	139529153	14	3	2	1	1	1	NA	NA	NA	unphased	0.784313725490196	0.784313725490196	1
7	142481297	142481298	30	12	2	1	1	1	NA	NA	NA	unphased	1.26984126984127	1.26984126984127	1
7	143826310	143826311	123	24	2	1	1	1	NA	NA	NA	unphased	0.72562358276644	0.72562358276644	1
7	146471442	146471443	20	4	2	1	1	1	NA	NA	NA	unphased	0.740740740740741	0.740740740740741	1
7	148876241	148876242	157	49	2	1	1	1	NA	NA	NA	unphased	1.0571736785329	1.0571736785329	1
7	149426379	149426380	20	5	2	1	1	1	NA	NA	NA	unphased	0.888888888888889	0.888888888888889	1
7	149500141	149500142	6	3	2	1	1	1	NA	NA	NA	unphased	1.48148148148148	1.48148148148148	1
7	158718979	158718980	24	5	2	1	1	1	NA	NA	NA	unphased	0.766283524904215	0.766283524904215	1
8	2090317	2090318	81	29	1	1	0	1	NA	NA	NA	unphased	0.908080808080808	0.908080808080808	1
8	6296470	6296471	28	7	1	1	0	1	NA	NA	NA	unphased	0.688888888888889	0.688888888888889	1
8	12957047	12957048	60	24	1	1	0	1	NA	NA	NA	unphased	0.984126984126984	0.984126984126984	1
8	14412399	14412400	143	42	1	1	0	1	NA	NA	NA	unphased	0.781981981981982	0.781981981981982	1
8	30700544	30700545	40	13	1	1	0	1	NA	NA	NA	unphased	0.844863731656184	0.844863731656184	1
8	38126435	38126436	19	8	4	3	1	1	NA	NA	NA	unphased	1.90946502057613	0.954732510288066	2
8	56270276	56270277	117	22	3	3	0	1	NA	NA	NA	unphased	0.861710631494804	0.861710631494804	1
8	59739410	59739411	38	5	3	3	0	1	NA	NA	NA	unphased	0.633074935400517	0.633074935400517	1
8	61121393	61121394	81	15	3	3	0	1	NA	NA	NA	unphased	0.850694444444445	0.850694444444445	1
8	62289225	62289226	85	62	3	3	0	1	NA	NA	NA	unphased	2.2962962962963	1.14814814814815	2
8	70650395	70650396	49	52	3	3	0	1	NA	NA	NA	unphased	2.8030803080308	0.934360102676934	3
8	86049848	86049849	109	24	3	3	0	1	NA	NA	NA	unphased	0.982456140350877	0.982456140350877	1
8	96166312	96166313	58	47	3	3	0	1	NA	NA	NA	unphased	2.43703703703704	0.812345679012346	3
8	101153338	101153339	146	27	3	3	0	1	NA	NA	NA	unphased	0.84971098265896	0.84971098265896	1
8	106646547	106646548	20	27	3	3	0	1	NA	NA	NA	unphased	3.12765957446809	1.04255319148936	3
8	109797142	109797143	135	25	3	3	0	1	NA	NA	NA	unphased	0.850694444444445	0.850694444444445	1
8	110523081	110523082	141	80	3	3	0	1	NA	NA	NA	unphased	1.97083961789844	0.985419808949221	2
8	110655008	110655009	92	20	3	3	0	1	NA	NA	NA	unphased	0.972222222222222	0.972222222222222	1
8	114326923	114326924	110	19	3	3	0	1	NA	NA	NA	unphased	0.801894918173988	0.801894918173988	1
8	124204048	124204049	251	45	3	3	0	1	NA	NA	NA	unphased	0.827702702702703	0.827702702702703	1
8	125568645	125568646	33	5	3	3	0	1	NA	NA	NA	unphased	0.716374269005848	0.716374269005848	1
8	144887441	144887442	10	4	3	3	0	1	NA	NA	NA	unphased	1.55555555555556	1.55555555555556	1
8	144994429	144994430	28	7	3	3	0	1	NA	NA	NA	unphased	1.08888888888889	1.08888888888889	1
8	144996949	144996950	25	4	3	3	0	1	NA	NA	NA	unphased	0.75095785440613	0.75095785440613	1
8	145134985	145134986	46	66	3	3	0	1	NA	NA	NA	unphased	3.20833333333333	1.06944444444444	3
8	145689959	145689960	152	28	3	3	0	1	NA	NA	NA	unphased	0.846913580246914	0.846913580246914	1
8	145693144	145693145	93	26	3	3	0	1	NA	NA	NA	unphased	1.18954248366013	1.18954248366013	1
9	15591539	15591540	33	9	1	1	0	1	NA	NA	NA	unphased	0.738095238095238	0.738095238095238	1
9	32634439	32634440	150	42	1	1	0	1	NA	NA	NA	unphased	0.753472222222222	0.753472222222222	1
9	35370336	35370337	51	18	1	1	0	1	NA	NA	NA	unphased	0.898550724637681	0.898550724637681	1
9	40705470	40705471	9	21	NA	NA	NA	NA	NA	NA	NA	unphased	NA	NA	1
9	75531982	75531983	105	64	2	2	0	1	NA	NA	NA	unphased	1.68310322156476	0.84155161078238	2
9	130487127	130487128	5	4	2	2	0	1	NA	NA	NA	unphased	1.97530864197531	1.97530864197531	1
9	131219709	131219710	132	23	2	2	0	1	NA	NA	NA	unphased	0.659498207885305	0.659498207885305	1
9	132382786	132382787	7	7	2	2	0	1	NA	NA	NA	unphased	2.22222222222222	1.11111111111111	2
9	136226920	136226921	23	12	2	2	0	1	NA	NA	NA	unphased	1.52380952380952	1.52380952380952	1
9	139837105	139837106	16	3	2	2	0	1	NA	NA	NA	unphased	0.701754385964912	0.701754385964912	1
9	139934185	139934186	15	14	2	2	0	1	NA	NA	NA	unphased	2.1455938697318	1.0727969348659	2
9	140058069	140058070	55	17	2	2	0	1	NA	NA	NA	unphased	1.04938271604938	1.04938271604938	1
9	141006956	141006957	33	17	2	2	0	1	NA	NA	NA	unphased	1.51111111111111	0.755555555555556	2
X	1471108	1471109	58	29	NA	NA	NA	NA	NA	NA	NA	unphased	NA	NA	1
X	10166060	10166061	71	29	NA	NA	NA	NA	NA	NA	NA	unphased	NA	NA	1
X	41530694	41530695	34	11	NA	NA	NA	NA	NA	NA	NA	unphased	NA	NA	1
X	41782179	41782180	36	8	NA	NA	NA	NA	NA	NA	NA	unphased	NA	NA	1
X	50051858	50051859	64	17	NA	NA	NA	NA	NA	NA	NA	unphased	NA	NA	1
X	53279728	53279729	68	18	NA	NA	NA	NA	NA	NA	NA	unphased	NA	NA	1
X	53459233	53459234	25	5	NA	NA	NA	NA	NA	NA	NA	unphased	NA	NA	1
X	54475697	54475698	30	12	NA	NA	NA	NA	NA	NA	NA	unphased	NA	NA	1
X	54784165	54784166	102	24	NA	NA	NA	NA	NA	NA	NA	unphased	NA	NA	1
X	54953033	54953034	163	43	NA	NA	NA	NA	NA	NA	NA	unphased	NA	NA	1
X	55783699	55783700	31	5	NA	NA	NA	NA	NA	NA	NA	unphased	NA	NA	1
X	57934818	57934819	24	4	NA	NA	NA	NA	NA	NA	NA	unphased	NA	NA	1
X	65252559	65252560	31	13	NA	NA	NA	NA	NA	NA	NA	unphased	NA	NA	1
X	69504172	69504173	53	13	NA	NA	NA	NA	NA	NA	NA	unphased	NA	NA	1
X	69615598	69615599	79	16	NA	NA	NA	NA	NA	NA	NA	unphased	NA	NA	1
X	73960617	73960618	32	12	NA	NA	NA	NA	NA	NA	NA	unphased	NA	NA	1
X	79999670	79999671	120	40	NA	NA	NA	NA	NA	NA	NA	unphased	NA	NA	1
X	84622719	84622720	55	13	NA	NA	NA	NA	NA	NA	NA	unphased	NA	NA	1
X	90691382	90691383	84	27	NA	NA	NA	NA	NA	NA	NA	unphased	NA	NA	1
X	91132696	91132697	95	28	NA	NA	NA	NA	NA	NA	NA	unphased	NA	NA	1
X	92964722	92964723	25	7	NA	NA	NA	NA	NA	NA	NA	unphased	NA	NA	1
X	99657526	99657527	37	8	NA	NA	NA	NA	NA	NA	NA	unphased	NA	NA	1
X	100103661	100103662	161	33	NA	NA	NA	NA	NA	NA	NA	unphased	NA	NA	1
X	100613601	100613602	282	79	NA	NA	NA	NA	NA	NA	NA	unphased	NA	NA	1
X	100808004	100808005	69	12	NA	NA	NA	NA	NA	NA	NA	unphased	NA	NA	1
X	107814686	107814687	324	67	NA	NA	NA	NA	NA	NA	NA	unphased	NA	NA	1
X	109693824	109693825	226	61	NA	NA	NA	NA	NA	NA	NA	unphased	NA	NA	1
X	109695850	109695851	80	19	NA	NA	NA	NA	NA	NA	NA	unphased	NA	NA	1
X	114141226	114141227	278	87	NA	NA	NA	NA	NA	NA	NA	unphased	NA	NA	1
X	117714070	117714071	28	10	NA	NA	NA	NA	NA	NA	NA	unphased	NA	NA	1
X	119388305	119388306	167	53	NA	NA	NA	NA	NA	NA	NA	unphased	NA	NA	1
X	119760879	119760880	106	30	NA	NA	NA	NA	NA	NA	NA	unphased	NA	NA	1
X	123185068	123185069	33	12	NA	NA	NA	NA	NA	NA	NA	unphased	NA	NA	1
X	123185069	123185070	34	13	NA	NA	NA	NA	NA	NA	NA	unphased	NA	NA	1
X	124030090	124030091	128	36	NA	NA	NA	NA	NA	NA	NA	unphased	NA	NA	1
X	128976008	128976009	35	7	NA	NA	NA	NA	NA	NA	NA	unphased	NA	NA	1
X	129059950	129059951	39	14	NA	NA	NA	NA	NA	NA	NA	unphased	NA	NA	1
X	129184708	129184709	135	48	NA	NA	NA	NA	NA	NA	NA	unphased	NA	NA	1
X	129545363	129545364	141	27	NA	NA	NA	NA	NA	NA	NA	unphased	NA	NA	1
X	132160963	132160964	126	30	NA	NA	NA	NA	NA	NA	NA	unphased	NA	NA	1
X	132439889	132439890	364	90	NA	NA	NA	NA	NA	NA	NA	unphased	NA	NA	1
X	133941624	133941625	203	53	NA	NA	NA	NA	NA	NA	NA	unphased	NA	NA	1
X	134305158	134305159	24	9	NA	NA	NA	NA	NA	NA	NA	unphased	NA	NA	1
X	135405429	135405430	171	37	NA	NA	NA	NA	NA	NA	NA	unphased	NA	NA	1
X	135432328	135432329	99	25	NA	NA	NA	NA	NA	NA	NA	unphased	NA	NA	1
X	135750117	135750118	35	8	NA	NA	NA	NA	NA	NA	NA	unphased	NA	NA	1
X	148690401	148690402	159	37	NA	NA	NA	NA	NA	NA	NA	unphased	NA	NA	1
X	149100805	149100806	216	25	NA	NA	NA	NA	NA	NA	NA	unphased	NA	NA	1
X	149638920	149638921	105	30	NA	NA	NA	NA	NA	NA	NA	unphased	NA	NA	1
X	152139041	152139042	101	20	NA	NA	NA	NA	NA	NA	NA	unphased	NA	NA	1
X	153278801	153278802	81	13	NA	NA	NA	NA	NA	NA	NA	unphased	NA	NA	1
X	153296514	153296515	156	48	NA	NA	NA	NA	NA	NA	NA	unphased	NA	NA	1
X	153588150	153588151	101	25	NA	NA	NA	NA	NA	NA	NA	unphased	NA	NA	1
X	154065794	154065795	6	4	NA	NA	NA	NA	NA	NA	NA	unphased	NA	NA	1
X	154158043	154158044	160	42	NA	NA	NA	NA	NA	NA	NA	unphased	NA	NA	1
X	154225273	154225274	229	58	NA	NA	NA	NA	NA	NA	NA	unphased	NA	NA	1
