chr	start	end	WT.count	mut.count	subclonal.CN	nMaj1	nMin1	frac1	nMaj2	nMin2	frac2	phase	mutation.copy.number	subclonal.fraction	no.chrs.bearing.mut
1	9713693	9713694	9	6	2	1	1	1	NA	NA	NA	unphased	1.25	1.25	1
1	11087509	11087510	225	11	2	1	1	1	NA	NA	NA	unphased	0.145656779661017	0.145656779661017	1
1	27089555	27089556	80	45	2	1	1	1	NA	NA	NA	unphased	1.125	1.125	1
1	37941168	37941169	125	47	2	1	1	1	NA	NA	NA	unphased	0.853924418604651	0.853924418604651	1
1	42744309	42744310	184	22	2	1	1	1	NA	NA	NA	unphased	0.33373786407767	0.33373786407767	1
1	55563659	55563660	71	25	2	1	1	1	NA	NA	NA	unphased	0.813802083333333	0.813802083333333	1
1	158644416	158644417	285	45	2	1	1	1	NA	NA	NA	unphased	0.426136363636364	0.426136363636364	1
1	158735725	158735726	257	40	2	1	1	1	NA	NA	NA	unphased	0.420875420875421	0.420875420875421	1
1	161697042	161697043	66	16	2	1	1	1	NA	NA	NA	unphased	0.609756097560976	0.609756097560976	1
1	170689003	170689004	147	23	2	1	1	1	NA	NA	NA	unphased	0.422794117647059	0.422794117647059	1
1	175096156	175096157	98	44	2	1	1	1	NA	NA	NA	unphased	0.96830985915493	0.96830985915493	1
1	201054579	201054580	189	80	2	1	1	1	NA	NA	NA	unphased	0.929368029739777	0.929368029739777	1
1	220195818	220195819	156	66	2	1	1	1	NA	NA	NA	unphased	0.929054054054054	0.929054054054054	1
1	237777542	237777543	45	13	2	1	1	1	NA	NA	NA	unphased	0.700431034482759	0.700431034482759	1
1	248201968	248201969	221	26	NA	NA	NA	NA	NA	NA	NA	unphased	NA	NA	1
1	249142583	249142584	76	46	NA	NA	NA	NA	NA	NA	NA	unphased	NA	NA	1
10	60549466	60549467	283	11	2	1	1	1	NA	NA	NA	unphased	0.116921768707483	0.116921768707483	1
10	84498363	84498364	130	13	2	1	1	1	NA	NA	NA	unphased	0.284090909090909	0.284090909090909	1
10	94821126	94821127	16	4	2	1	1	1	NA	NA	NA	unphased	0.625	0.625	1
10	98806496	98806497	114	16	2	1	1	1	NA	NA	NA	unphased	0.384615384615385	0.384615384615385	1
10	104119161	104119162	100	16	2	1	1	1	NA	NA	NA	unphased	0.431034482758621	0.431034482758621	1
10	134909259	134909260	32	14	2	1	1	1	NA	NA	NA	unphased	0.951086956521739	0.951086956521739	1
11	17432096	17432097	288	58	2	1	1	1	NA	NA	NA	unphased	0.523843930635838	0.523843930635838	1
11	36057734	36057735	140	60	2	1	1	1	NA	NA	NA	unphased	0.9375	0.9375	1
11	62416098	62416099	197	64	2	1	1	1	NA	NA	NA	unphased	0.766283524904214	0.766283524904214	1
11	73914835	73914836	105	43	2	1	1	1	NA	NA	NA	unphased	0.907939189189189	0.907939189189189	1
11	101374919	101374920	177	34	2	1	1	1	NA	NA	NA	unphased	0.503554502369668	0.503554502369668	1
11	103014066	103014067	62	45	2	1	1	1	NA	NA	NA	unphased	1.3142523364486	1.3142523364486	1
11	107578640	107578641	91	33	2	1	1	1	NA	NA	NA	unphased	0.831653225806452	0.831653225806452	1
11	111431275	111431276	7	2	2	1	1	1	NA	NA	NA	unphased	0.694444444444444	0.694444444444444	1
12	25398284	25398285	33	17	2	1	1	1	NA	NA	NA	unphased	1.0625	1.0625	1
12	68052515	68052516	170	27	2	1	1	1	NA	NA	NA	unphased	0.428299492385787	0.428299492385787	1
12	81101482	81101483	73	23	2	1	1	1	NA	NA	NA	unphased	0.748697916666667	0.748697916666667	1
12	85531677	85531678	83	28	2	1	1	1	NA	NA	NA	unphased	0.788288288288288	0.788288288288288	1
12	100043195	100043196	68	27	2	1	1	1	NA	NA	NA	unphased	0.888157894736842	0.888157894736842	1
13	23929456	23929457	58	27	2	1	1	1	NA	NA	NA	unphased	0.992647058823529	0.992647058823529	1
13	28896488	28896489	36	27	2	1	1	1	NA	NA	NA	unphased	1.33928571428571	1.33928571428571	1
13	103280209	103280210	58	30	2	1	1	1	NA	NA	NA	unphased	1.06534090909091	1.06534090909091	1
14	23884588	23884589	273	17	1.04	1	1	0.04	0	1	0.96	unphased	0.126913793103448	0.126913793103448	1
14	51230543	51230544	46	21	1.04	1	1	0.04	0	1	0.96	unphased	0.678582089552239	0.678582089552239	1
14	53518581	53518582	10	6	1.04	1	1	0.04	0	1	0.96	unphased	0.811875	0.811875	1
14	55881107	55881108	47	7	1.04	1	1	0.04	0	1	0.96	unphased	0.280648148148148	0.280648148148148	1
14	95107177	95107178	8	11	1.04	1	1	0.04	0	1	0.96	unphased	1.25342105263158	1.25342105263158	1
14	103416863	103416864	71	21	1.04	1	1	0.04	0	1	0.96	unphased	0.494184782608696	0.494184782608696	1
15	28493802	28493803	67	4	2	1	1	1	NA	NA	NA	unphased	0.176056338028169	0.176056338028169	1
15	42175663	42175664	137	17	2	1	1	1	NA	NA	NA	unphased	0.344967532467532	0.344967532467532	1
16	3168974	3168975	202	10	2.1	2	1	0.55	1	0	0.45	unphased	0.152122641509434	0.152122641509434	1
16	4245603	4245604	221	75	2.1	2	1	0.55	1	0	0.45	unphased	0.81714527027027	0.81714527027027	1
16	30080640	30080641	167	33	2.1	2	1	0.55	1	0	0.45	unphased	0.532125	0.9675	0.55
16	61760986	61760987	170	25	2.1	2	1	0.55	1	0	0.45	unphased	0.413461538461538	0.751748251748252	0.55
16	67695393	67695394	194	30	2.1	2	1	0.55	1	0	0.45	unphased	0.431919642857143	0.785308441558441	0.55
16	71957200	71957201	101	12	2.1	2	1	0.55	1	0	0.45	unphased	0.342477876106195	0.622687047465809	0.55
16	88713577	88713578	62	3	2.1	2	1	0.55	1	0	0.45	unphased	0.148846153846154	0.148846153846154	1
17	8166273	8166274	145	36	1	1	0	1	NA	NA	NA	unphased	0.422651933701657	0.422651933701657	1
17	32955646	32955647	48	8	2	1	1	1	NA	NA	NA	unphased	0.446428571428571	0.446428571428571	1
17	72916367	72916368	75	14	2	1	1	1	NA	NA	NA	unphased	0.491573033707865	0.491573033707865	1
18	15323272	15323273	24	4	2	1	1	0.09	1	1	0.91	unphased	0.446428571428571	0.490580847723705	0.91
18	40854274	40854275	54	12	2	1	1	0.09	1	1	0.91	unphased	0.568181818181818	0.624375624375624	0.91
19	31768025	31768026	29	18	2	1	1	1	NA	NA	NA	unphased	1.1968085106383	1.1968085106383	1
19	39976207	39976208	97	47	2	1	1	1	NA	NA	NA	unphased	1.01996527777778	1.01996527777778	1
19	41903234	41903235	178	77	2	1	1	1	NA	NA	NA	unphased	0.943627450980392	0.943627450980392	1
19	48789255	48789256	91	11	2	1	1	1	NA	NA	NA	unphased	0.337009803921569	0.337009803921569	1
19	55285043	55285044	573	96	2	1	1	1	NA	NA	NA	unphased	0.448430493273543	0.448430493273543	1
19	56135824	56135825	28	4	2	1	1	1	NA	NA	NA	unphased	0.390625	0.390625	1
2	27590447	27590448	52	7	1.05	1	1	0.05	0	1	0.95	unphased	0.258050847457627	0.258050847457627	1
2	71206314	71206315	141	18	1.05	1	1	0.05	0	1	0.95	unphased	0.24622641509434	0.24622641509434	1
2	77748928	77748929	37	7	1.05	1	1	0.05	0	1	0.95	unphased	0.346022727272727	0.346022727272727	1
2	90139121	90139122	350	74	1.05	1	1	0.05	0	1	0.95	unphased	0.379599056603774	0.379599056603774	1
2	141122265	141122266	110	16	1.05	1	1	0.05	0	1	0.95	unphased	0.276190476190476	0.276190476190476	1
2	179588857	179588858	34	4	1.07	1	1	0.07	0	1	0.93	unphased	0.231052631578947	0.231052631578947	1
2	188348882	188348883	111	15	1.07	1	1	0.07	0	1	0.93	unphased	0.261309523809524	0.261309523809524	1
20	36627592	36627593	123	57	NA	NA	NA	NA	NA	NA	NA	unphased	NA	NA	1
21	11039213	11039214	366	12	NA	NA	NA	NA	NA	NA	NA	unphased	NA	NA	1
21	47705159	47705160	173	21	NA	NA	NA	NA	NA	NA	NA	unphased	NA	NA	1
22	39884775	39884776	21	3	2	1	1	1	NA	NA	NA	unphased	0.390625	0.390625	1
22	43898633	43898634	149	23	2	1	1	1	NA	NA	NA	unphased	0.417877906976744	0.417877906976744	1
3	38812782	38812783	138	51	2	1	1	1	NA	NA	NA	unphased	0.843253968253968	0.843253968253968	1
3	77147418	77147419	63	29	2	1	1	1	NA	NA	NA	unphased	0.985054347826087	0.985054347826087	1
3	108218986	108218987	51	8	2	1	1	1	NA	NA	NA	unphased	0.423728813559322	0.423728813559322	1
3	165547328	165547329	93	33	2	1	1	1	NA	NA	NA	unphased	0.818452380952381	0.818452380952381	1
3	167247009	167247010	56	27	2	1	1	1	NA	NA	NA	unphased	1.01656626506024	1.01656626506024	1
3	183994342	183994343	36	3	2	1	1	1	NA	NA	NA	unphased	0.240384615384615	0.240384615384615	1
4	39322108	39322109	27	7	2	1	1	1	NA	NA	NA	unphased	0.643382352941176	0.643382352941176	1
4	47680005	47680006	87	9	2	1	1	1	NA	NA	NA	unphased	0.29296875	0.29296875	1
4	80954627	80954628	48	11	2	1	1	1	NA	NA	NA	unphased	0.582627118644068	0.582627118644068	1
4	129012217	129012218	117	50	2	1	1	1	NA	NA	NA	unphased	0.93562874251497	0.93562874251497	1
4	140306133	140306134	97	10	2	1	1	1	NA	NA	NA	unphased	0.292056074766355	0.292056074766355	1
5	23524610	23524611	87	26	2	1	1	1	NA	NA	NA	unphased	0.719026548672566	0.719026548672566	1
5	34998786	34998787	24	5	2	1	1	1	NA	NA	NA	unphased	0.538793103448276	0.538793103448276	1
5	40998259	40998260	109	45	2	1	1	1	NA	NA	NA	unphased	0.913149350649351	0.913149350649351	1
5	54277901	54277902	114	58	2	1	1	1	NA	NA	NA	unphased	1.05377906976744	1.05377906976744	1
5	57913474	57913475	51	23	2	1	1	1	NA	NA	NA	unphased	0.971283783783784	0.971283783783784	1
5	82834517	82834518	153	55	2	1	1	1	NA	NA	NA	unphased	0.826322115384615	0.826322115384615	1
5	140346469	140346470	16	4	2	1	1	1	NA	NA	NA	unphased	0.625	0.625	1
5	153149963	153149964	57	39	2	1	1	1	NA	NA	NA	unphased	1.26953125	1.26953125	1
5	156533717	156533718	85	39	2	1	1	1	NA	NA	NA	unphased	0.982862903225806	0.982862903225806	1
5	161318051	161318052	70	26	2	1	1	1	NA	NA	NA	unphased	0.846354166666667	0.846354166666667	1
5	179674481	179674482	90	16	2	1	1	1	NA	NA	NA	unphased	0.471698113207547	0.471698113207547	1
6	26225700	26225701	98	82	1.47	1	1	0.47	1	0	0.53	unphased	1.18216666666667	1.18216666666667	1
6	32036611	32036612	121	7	1.47	1	1	0.47	1	0	0.53	unphased	0.1419140625	0.1419140625	1
6	47682674	47682675	115	40	1.47	1	1	0.47	1	0	0.53	unphased	0.669677419354839	0.669677419354839	1
6	74228478	74228479	104	49	1.47	1	1	0.47	1	0	0.53	unphased	0.831078431372549	0.831078431372549	1
6	74492421	74492422	142	20	1.47	1	1	0.47	1	0	0.53	unphased	0.32037037037037	0.681639085894405	0.47
6	129468150	129468151	148	103	1.02	1	1	0.02	0	1	0.98	unphased	0.880219123505976	0.880219123505976	1
6	130762767	130762768	87	8	1.02	1	1	0.02	0	1	0.98	unphased	0.180631578947368	0.180631578947368	1
6	144769868	144769869	37	18	1.02	1	1	0.02	0	1	0.98	unphased	0.702	0.702	1
6	148664268	148664269	27	9	1.02	1	1	0.02	0	1	0.98	unphased	0.53625	0.53625	1
6	159654544	159654545	16	5	1.02	1	1	0.02	0	1	0.98	unphased	0.510714285714286	0.510714285714286	1
6	162206907	162206908	49	11	1.02	1	1	0.02	0	1	0.98	unphased	0.39325	0.39325	1
7	4172010	4172011	51	9	2	1	1	1	NA	NA	NA	unphased	0.46875	0.46875	1
7	23004030	23004031	94	23	2	1	1	1	NA	NA	NA	unphased	0.614316239316239	0.614316239316239	1
7	93065383	93065384	59	21	2	1	1	1	NA	NA	NA	unphased	0.8203125	0.8203125	1
7	94041989	94041990	67	10	2	1	1	1	NA	NA	NA	unphased	0.405844155844156	0.405844155844156	1
8	52233422	52233423	365	43	3	2	1	1	NA	NA	NA	unphased	0.434742647058823	0.434742647058823	1
8	77617479	77617480	99	5	3	2	1	1	NA	NA	NA	unphased	0.198317307692308	0.198317307692308	1
8	116616863	116616864	83	5	3	2	1	1	NA	NA	NA	unphased	0.234375	0.234375	1
9	14842397	14842398	119	19	1.01	1	1	0.01	0	1	0.99	unphased	0.293949275362319	0.293949275362319	1
9	21385239	21385240	132	26	1.01	1	1	0.01	0	1	0.99	unphased	0.351329113924051	0.351329113924051	1
9	79936431	79936432	67	15	1.01	1	1	0.01	0	1	0.99	unphased	0.390548780487805	0.390548780487805	1
9	93606333	93606334	20	7	1.01	1	1	0.01	0	1	0.99	unphased	0.553518518518519	0.553518518518519	1
9	95841817	95841818	73	17	1.01	1	1	0.01	0	1	0.99	unphased	0.403277777777778	0.403277777777778	1
9	103310128	103310129	92	12	1.01	1	1	0.01	0	1	0.99	unphased	0.246346153846154	0.246346153846154	1
9	125391040	125391041	73	33	1.01	1	1	0.01	0	1	0.99	unphased	0.664669811320755	0.664669811320755	1
X	299416	299417	49	23	NA	NA	NA	NA	NA	NA	NA	unphased	NA	NA	1
X	24761347	24761348	56	8	NA	NA	NA	NA	NA	NA	NA	unphased	NA	NA	1
X	49854898	49854899	148	24	NA	NA	NA	NA	NA	NA	NA	unphased	NA	NA	1
X	51150096	51150097	54	10	NA	NA	NA	NA	NA	NA	NA	unphased	NA	NA	1
X	53222720	53222721	94	14	NA	NA	NA	NA	NA	NA	NA	unphased	NA	NA	1
X	70764468	70764469	29	5	NA	NA	NA	NA	NA	NA	NA	unphased	NA	NA	1
X	76854905	76854906	377	163	NA	NA	NA	NA	NA	NA	NA	unphased	NA	NA	1
X	77373664	77373665	132	42	NA	NA	NA	NA	NA	NA	NA	unphased	NA	NA	1
X	102885085	102885086	129	32	NA	NA	NA	NA	NA	NA	NA	unphased	NA	NA	1
X	107975922	107975923	369	55	NA	NA	NA	NA	NA	NA	NA	unphased	NA	NA	1
X	110439767	110439768	176	29	NA	NA	NA	NA	NA	NA	NA	unphased	NA	NA	1
X	119694233	119694234	157	9	NA	NA	NA	NA	NA	NA	NA	unphased	NA	NA	1
X	120181509	120181510	168	16	NA	NA	NA	NA	NA	NA	NA	unphased	NA	NA	1
X	135292260	135292261	67	6	NA	NA	NA	NA	NA	NA	NA	unphased	NA	NA	1
X	153418557	153418558	130	22	NA	NA	NA	NA	NA	NA	NA	unphased	NA	NA	1
X	155003792	155003793	222	22	NA	NA	NA	NA	NA	NA	NA	unphased	NA	NA	1
