chr	start	end	WT.count	mut.count	subclonal.CN	nMaj1	nMin1	frac1	nMaj2	nMin2	frac2	phase	mutation.copy.number	subclonal.fraction	no.chrs.bearing.mut
1	11561778	11561779	17	4	2	1	1	0.2	1	1	0.8	unphased	1.15440115440115	1.15440115440115	1
1	27687468	27687469	16	8	2	1	1	0.23	1	1	0.77	unphased	2.02020202020202	2.02020202020202	1
1	32691888	32691889	144	15	2	1	1	0.23	1	1	0.77	unphased	0.571755288736421	0.742539336021326	0.77
1	54606914	54606915	82	5	2	1	1	0.23	1	1	0.77	unphased	0.348310693138279	0.452351549530233	0.77
1	70504407	70504408	96	22	2	1	1	0.23	1	1	0.77	unphased	1.12994350282486	1.12994350282486	1
1	75037636	75037637	113	7	2	1	1	0.17	1	1	0.83	unphased	0.353535353535354	0.353535353535354	1
1	77094356	77094357	126	6	2	1	1	0.17	1	1	0.83	unphased	0.275482093663912	0.275482093663912	1
1	89401928	89401929	46	6	2	1	1	0.17	1	1	0.83	unphased	0.699300699300699	0.699300699300699	1
1	115223059	115223060	180	19	2	1	1	0.22	1	1	0.78	unphased	0.578650829907111	0.74186003834245	0.78
1	152280042	152280043	544	95	2.88	2	1	0.94	0	1	0.0600000000000001	unphased	1.03185849101342	1.03185849101342	1
1	152538299	152538300	60	7	2.88	2	1	0.94	0	1	0.0600000000000001	unphased	0.725137946630484	0.725137946630484	1
1	155290501	155290502	38	7	2.88	2	1	0.94	0	1	0.0600000000000001	unphased	1.07964983164983	1.07964983164983	1
1	155290932	155290933	41	7	2.88	2	1	0.94	0	1	0.0600000000000001	unphased	1.01217171717172	1.01217171717172	1
1	155291096	155291097	23	3	2.88	2	1	0.94	0	1	0.0600000000000001	unphased	0.800839160839161	0.800839160839161	1
1	155291215	155291216	19	4	2.88	2	1	0.94	0	1	0.0600000000000001	unphased	1.20706192358366	1.20706192358366	1
1	155292199	155292200	135	20	2.88	2	1	0.94	0	1	0.0600000000000001	unphased	0.895562072336266	0.895562072336266	1
1	156641072	156641073	442	80	2.88	2	1	0.94	0	1	0.0600000000000001	unphased	1.06369441541855	1.06369441541855	1
1	157494102	157494103	90	35	2.88	2	1	0.94	0	1	0.0600000000000001	unphased	1.9433696969697	1.00173695720087	1.94
1	157667044	157667045	152	19	2.88	2	1	0.94	0	1	0.0600000000000001	unphased	0.771178451178451	0.771178451178451	1
1	158300743	158300744	557	47	2.88	2	1	0.94	0	1	0.0600000000000001	unphased	0.540080272927955	0.540080272927955	1
1	158549048	158549049	126	23	2.88	2	1	0.94	0	1	0.0600000000000001	unphased	1.07136872076469	1.07136872076469	1
1	158576548	158576549	227	48	2.88	2	1	0.94	0	1	0.0600000000000001	unphased	1.21145123966942	1.21145123966942	1
1	159799979	159799980	49	8	2.88	2	1	0.94	0	1	0.0600000000000001	unphased	0.974120148856991	0.974120148856991	1
1	159799980	159799981	48	9	2.88	2	1	0.94	0	1	0.0600000000000001	unphased	1.09588516746411	1.09588516746411	1
1	169345898	169345899	148	30	2.88	2	1	0.94	0	1	0.0600000000000001	unphased	1.16976506639428	1.16976506639428	1
1	171173183	171173184	101	21	2.88	2	1	0.94	0	1	0.0600000000000001	unphased	1.19469448584203	1.19469448584203	1
1	172437678	172437679	351	63	2.88	2	1	0.94	0	1	0.0600000000000001	unphased	1.0561791831357	1.0561791831357	1
1	181058330	181058331	10	4	2.94	2	1	0.97	0	1	0.03	unphased	2.00017316017316	2.00017316017316	1
1	201018183	201018184	55	6	1.06	2	1	0.03	0	1	0.97	unphased	0.503666169895678	0.503666169895678	1
1	207651313	207651314	64	16	1.06	2	1	0.03	0	1	0.97	unphased	1.02412121212121	1.02412121212121	1
1	222696977	222696978	191	31	1.97	2	0	0.97	0	1	0.03	unphased	0.842111657111657	0.842111657111657	1
1	237617786	237617787	71	12	1	2	0	0	0	1	1	unphased	0.731653888280394	0.731653888280394	1
1	237778115	237778116	73	11	1	2	0	0	0	1	1	unphased	0.662698412698413	0.662698412698413	1
1	237791108	237791109	18	5	1	2	0	0	0	1	1	unphased	1.10013175230567	1.10013175230567	1
1	237823286	237823287	38	5	1	2	0	0	0	1	1	unphased	0.588442565186751	0.588442565186751	1
1	242383373	242383374	91	15	1	2	0	0	0	1	1	unphased	0.716123499142367	0.716123499142367	1
1	248005121	248005122	104	8	1	2	0	0	0	1	1	unphased	0.361471861471861	0.361471861471861	1
1	248637571	248637572	517	26	1	2	0	0	0	1	1	unphased	0.242312629052961	0.242312629052961	1
1	248685484	248685485	121	17	1	2	0	0	0	1	1	unphased	0.62340799297321	0.62340799297321	1
10	17153049	17153050	112	13	2	1	1	1	NA	NA	NA	unphased	0.63030303030303	0.63030303030303	1
10	22208794	22208795	159	27	2	1	1	0.27	1	1	0.73	unphased	0.879765395894428	0.879765395894428	1
10	26310430	26310431	180	13	2	1	1	0.27	1	1	0.73	unphased	0.408227351232533	0.408227351232533	1
10	27687652	27687653	138	8	2	1	1	0.18	1	1	0.82	unphased	0.33208800332088	0.33208800332088	1
10	49654609	49654610	73	6	2	1	1	0.23	1	1	0.77	unphased	0.46029919447641	0.597791161657675	0.77
10	50959928	50959929	180	34	2	1	1	0.23	1	1	0.77	unphased	0.962900028320589	0.962900028320589	1
10	100481552	100481553	133	7	2	1	1	0.24	1	1	0.76	unphased	0.303030303030303	0.303030303030303	1
10	101980342	101980343	68	5	2	1	1	0.24	1	1	0.76	unphased	0.4151100041511	0.546197373883026	0.76
10	106074618	106074619	91	11	2	1	1	0.24	1	1	0.76	unphased	0.65359477124183	0.65359477124183	1
10	106214272	106214273	144	32	2	1	1	0.24	1	1	0.76	unphased	1.10192837465565	1.10192837465565	1
10	111860588	111860589	67	8	2	1	1	0.24	1	1	0.76	unphased	0.646464646464647	0.646464646464647	1
10	124348720	124348721	157	43	2	1	1	0.24	1	1	0.76	unphased	1.3030303030303	1.3030303030303	1
10	125426430	125426431	27	7	2	1	1	0.24	1	1	0.76	unphased	1.24777183600713	1.24777183600713	1
11	1023949	1023950	28	4	2	1	1	1	NA	NA	NA	unphased	0.757575757575758	0.757575757575758	1
11	5221327	5221328	120	11	2	1	1	1	NA	NA	NA	unphased	0.508905852417303	0.508905852417303	1
11	5364343	5364344	126	14	2	1	1	1	NA	NA	NA	unphased	0.606060606060606	0.606060606060606	1
11	7949930	7949931	251	27	2	1	1	1	NA	NA	NA	unphased	0.588620013080445	0.588620013080445	1
11	30435807	30435808	71	13	2	1	1	1	NA	NA	NA	unphased	0.937950937950938	0.937950937950938	1
11	49168438	49168439	266	41	2	1	1	1	NA	NA	NA	unphased	0.809396900602112	0.809396900602112	1
11	49168485	49168486	251	44	2	1	1	1	NA	NA	NA	unphased	0.903954802259887	0.903954802259887	1
11	55322190	55322191	275	31	2	1	1	1	NA	NA	NA	unphased	0.613982966924143	0.613982966924143	1
11	55595368	55595369	196	21	2	1	1	1	NA	NA	NA	unphased	0.586510263929619	0.586510263929619	1
11	55761747	55761748	155	29	2	1	1	1	NA	NA	NA	unphased	0.955204216073781	0.955204216073781	1
11	55861040	55861041	287	41	2	1	1	1	NA	NA	NA	unphased	0.757575757575758	0.757575757575758	1
11	56086535	56086536	91	22	2	1	1	1	NA	NA	NA	unphased	1.17994100294985	1.17994100294985	1
11	56086536	56086537	90	22	2	1	1	1	NA	NA	NA	unphased	1.19047619047619	1.19047619047619	1
11	63486244	63486245	45	5	2	1	1	1	NA	NA	NA	unphased	0.606060606060606	0.606060606060606	1
11	65154543	65154544	214	49	2	1	1	1	NA	NA	NA	unphased	1.12916234589238	1.12916234589238	1
11	65810613	65810614	97	10	2	1	1	1	NA	NA	NA	unphased	0.566411781365052	0.566411781365052	1
11	108361747	108361748	90	24	2	2	0	0.55	1	1	0.45	unphased	1.27591706539075	1.27591706539075	1
11	118352427	118352428	110	39	2	2	0	0.55	1	1	0.45	unphased	1.58633312995729	1.0234407290047	1.55
12	22063151	22063152	232	49	2	1	1	1	NA	NA	NA	unphased	1.05683166181387	1.05683166181387	1
12	26818979	26818980	68	5	2	1	1	1	NA	NA	NA	unphased	0.4151100041511	0.4151100041511	1
12	29608288	29608289	95	17	2	1	1	1	NA	NA	NA	unphased	0.91991341991342	0.91991341991342	1
12	32735175	32735176	165	34	2	1	1	1	NA	NA	NA	unphased	1.03548043246536	1.03548043246536	1
12	50524464	50524465	118	28	2	1	1	1	NA	NA	NA	unphased	1.16230801162308	1.16230801162308	1
12	53215674	53215675	45	4	2	1	1	1	NA	NA	NA	unphased	0.494743351886209	0.494743351886209	1
12	81545786	81545787	122	25	2	1	1	1	NA	NA	NA	unphased	1.0307153164296	1.0307153164296	1
12	108642077	108642078	69	16	2	1	1	1	NA	NA	NA	unphased	1.14081996434938	1.14081996434938	1
12	117718541	117718542	106	9	2	1	1	1	NA	NA	NA	unphased	0.474308300395257	0.474308300395257	1
12	117718551	117718552	105	6	2	1	1	1	NA	NA	NA	unphased	0.327600327600328	0.327600327600328	1
12	122845617	122845618	85	26	2	1	1	1	NA	NA	NA	unphased	1.41960141960142	1.41960141960142	1
13	20233196	20233197	165	32	2	1	1	0.25	1	1	0.75	unphased	0.984463928626365	0.984463928626365	1
13	23912744	23912745	265	20	2	1	1	0.25	1	1	0.75	unphased	0.425305688463583	0.425305688463583	1
13	38160275	38160276	120	14	2	1	1	0.25	1	1	0.75	unphased	0.633197648123021	0.844263530830695	0.75
13	45563586	45563587	18	3	2	1	1	0.25	1	1	0.75	unphased	0.865800865800866	0.865800865800866	1
13	46549545	46549546	243	22	2	1	1	0.25	1	1	0.75	unphased	0.50314465408805	0.670859538784067	0.75
13	46946428	46946429	82	11	2	1	1	0.25	1	1	0.75	unphased	0.716845878136201	0.716845878136201	1
13	70514221	70514222	53	11	2	1	1	0.25	1	1	0.75	unphased	1.04166666666667	1.04166666666667	1
13	92101092	92101093	171	20	2	1	1	0.25	1	1	0.75	unphased	0.634618435665556	0.846157914220741	0.75
14	19553754	19553755	601	118	NA	NA	NA	NA	NA	NA	NA	unphased	NA	NA	1
14	47426810	47426811	107	17	1	1	0	1	NA	NA	NA	unphased	0.693792766373411	0.693792766373411	1
14	50100905	50100906	31	5	5	5	0	1	NA	NA	NA	unphased	1.25841750841751	1.25841750841751	1
14	58478841	58478842	27	19	1	1	0	1	NA	NA	NA	unphased	2.09025032938076	2.09025032938076	1
14	94929565	94929566	99	22	1	1	0	1	NA	NA	NA	unphased	0.920110192837466	0.920110192837466	1
14	100376584	100376585	82	8	1	1	0	1	NA	NA	NA	unphased	0.44983164983165	0.44983164983165	1
15	20488856	20488857	162	10	1	1	0	1	NA	NA	NA	unphased	0.294221282593376	0.294221282593376	1
15	25601840	25601841	289	46	2	1	1	1	NA	NA	NA	unphased	0.832202623247399	0.832202623247399	1
15	50782019	50782020	62	8	2	1	1	1	NA	NA	NA	unphased	0.692640692640693	0.692640692640693	1
15	50791224	50791225	117	18	2	1	1	1	NA	NA	NA	unphased	0.808080808080808	0.808080808080808	1
15	66727454	66727455	350	41	2	1	1	1	NA	NA	NA	unphased	0.635511121444625	0.635511121444625	1
15	72698973	72698974	135	25	2	1	1	1	NA	NA	NA	unphased	0.946969696969697	0.946969696969697	1
15	89392724	89392725	29	5	2	1	1	1	NA	NA	NA	unphased	0.89126559714795	0.89126559714795	1
15	89421299	89421300	138	20	2	1	1	1	NA	NA	NA	unphased	0.76716532412735	0.76716532412735	1
15	89836280	89836281	72	7	2	1	1	1	NA	NA	NA	unphased	0.537015726889145	0.537015726889145	1
15	101109583	101109584	280	50	2	1	1	1	NA	NA	NA	unphased	0.918273645546373	0.918273645546373	1
16	2025240	2025241	192	33	2	1	1	1	NA	NA	NA	unphased	0.888888888888889	0.888888888888889	1
16	17211591	17211592	103	18	2	1	1	1	NA	NA	NA	unphased	0.901577761081893	0.901577761081893	1
16	30537714	30537715	48	10	2	1	1	1	NA	NA	NA	unphased	1.04493207941484	1.04493207941484	1
16	31371040	31371041	104	18	2	1	1	1	NA	NA	NA	unphased	0.894187779433681	0.894187779433681	1
16	55909082	55909083	151	26	2	1	1	1	NA	NA	NA	unphased	0.890258517377161	0.890258517377161	1
16	75634050	75634051	124	28	2	1	1	1	NA	NA	NA	unphased	1.11642743221691	1.11642743221691	1
16	77334175	77334176	92	19	2	1	1	1	NA	NA	NA	unphased	1.03740103740104	1.03740103740104	1
16	86612658	86612659	197	41	2	1	1	1	NA	NA	NA	unphased	1.04405398523046	1.04405398523046	1
16	88898456	88898457	56	9	2	1	1	1	NA	NA	NA	unphased	0.839160839160839	0.839160839160839	1
17	1634229	1634230	95	31	1.56	1	0	0.44	1	1	0.56	unphased	1.38284752284752	1.38284752284752	1
17	8053355	8053356	203	90	1.56	1	0	0.44	1	1	0.56	unphased	1.72646602544213	1.72646602544213	1
17	13399945	13399946	97	11	1.56	1	0	0.44	1	1	0.56	unphased	0.572469135802469	1.02226631393298	0.56
17	33486405	33486406	660	45	2	1	1	0.32	1	1	0.68	unphased	0.386847195357834	0.386847195357834	1
17	36936703	36936704	107	26	2	1	1	0.26	1	1	0.74	unphased	1.18478013214855	1.18478013214855	1
17	40765706	40765707	214	47	2.04	2	1	0.52	1	0	0.48	unphased	1.09857657030071	1.09857657030071	1
17	41158968	41158969	186	37	2.04	2	1	0.52	1	0	0.48	unphased	1.0122081804593	1.0122081804593	1
17	42964019	42964020	123	19	2.04	2	1	0.52	1	0	0.48	unphased	0.816278275714895	0.816278275714895	1
17	44116021	44116022	100	29	2.04	2	1	0.52	1	0	0.48	unphased	1.37145407564012	0.902272418184291	1.52
17	46196138	46196139	104	17	2	1	1	0.34	1	1	0.66	unphased	0.851490107688455	0.851490107688455	1
17	51900659	51900660	256	65	2	1	1	0.34	1	1	0.66	unphased	1.22722552629095	1.22722552629095	1
17	73261993	73261994	72	15	2	1	1	0.24	1	1	0.76	unphased	1.04493207941484	1.04493207941484	1
17	73265463	73265464	220	27	2	1	1	0.24	1	1	0.76	unphased	0.662495399337505	0.871704472812506	0.76
17	74733176	74733177	22	4	2	1	1	0.24	1	1	0.76	unphased	0.932400932400932	0.932400932400932	1
18	9263814	9263815	110	17	1	1	0	1	NA	NA	NA	unphased	0.677403960868528	0.677403960868528	1
18	22805705	22805706	137	26	1	1	0	1	NA	NA	NA	unphased	0.807213236661089	0.807213236661089	1
18	34380204	34380205	239	52	1	1	0	1	NA	NA	NA	unphased	0.904300739352286	0.904300739352286	1
19	7986939	7986940	268	15	1.08	1	1	0.08	0	1	0.92	unphased	0.272470285897848	0.272470285897848	1
19	7986942	7986943	268	13	1.08	1	1	0.08	0	1	0.92	unphased	0.237821632697077	0.237821632697077	1
19	11105606	11105607	37	12	1.08	1	1	0.08	0	1	0.92	unphased	1.25892393320965	1.25892393320965	1
19	12155311	12155312	96	10	1.08	1	1	0.08	0	1	0.92	unphased	0.484962835906232	0.484962835906232	1
19	12384426	12384427	211	21	1.08	1	1	0.08	0	1	0.92	unphased	0.465313479623824	0.465313479623824	1
19	19031458	19031459	123	12	1.08	1	1	0.08	0	1	0.92	unphased	0.456942760942761	0.456942760942761	1
19	20308752	20308753	70	8	1.08	1	1	0.08	0	1	0.92	unphased	0.527241647241647	0.527241647241647	1
19	20308753	20308754	70	8	1.08	1	1	0.08	0	1	0.92	unphased	0.527241647241647	0.527241647241647	1
19	21990485	21990486	71	20	1.08	1	1	0.08	0	1	0.92	unphased	1.12980352980353	1.12980352980353	1
19	22155344	22155345	130	19	1.08	1	1	0.08	0	1	0.92	unphased	0.655513524506813	0.655513524506813	1
19	22271882	22271883	76	14	1.08	1	1	0.08	0	1	0.92	unphased	0.799649831649831	0.799649831649831	1
19	39798956	39798957	44	10	1.08	1	1	0.08	0	1	0.92	unphased	0.951964085297418	0.951964085297418	1
19	43709696	43709697	122	34	1.08	1	1	0.08	0	1	0.92	unphased	1.1203885003885	1.1203885003885	1
19	44008063	44008064	56	9	1.08	1	1	0.08	0	1	0.92	unphased	0.711776223776224	0.711776223776224	1
19	49938119	49938120	35	8	1.08	1	1	0.08	0	1	0.92	unphased	0.956391825229034	0.956391825229034	1
19	50209520	50209521	19	4	1.08	1	1	0.08	0	1	0.92	unphased	0.894018445322793	0.894018445322793	1
19	51446940	51446941	137	24	1.08	1	1	0.08	0	1	0.92	unphased	0.766301524562394	0.766301524562394	1
19	54135378	54135379	209	44	1.08	1	1	0.08	0	1	0.92	unphased	0.894018445322793	0.894018445322793	1
19	55106319	55106320	191	21	2	1	1	1	NA	NA	NA	unphased	0.600343053173242	0.600343053173242	1
19	55176624	55176625	12	3	2	1	1	1	NA	NA	NA	unphased	1.21212121212121	1.21212121212121	1
19	55341843	55341844	86	19	2	1	1	1	NA	NA	NA	unphased	1.0966810966811	1.0966810966811	1
19	56114232	56114233	13	4	2	1	1	1	NA	NA	NA	unphased	1.42602495543672	1.42602495543672	1
19	57722926	57722927	78	21	2	1	1	1	NA	NA	NA	unphased	1.28558310376492	1.28558310376492	1
2	11802136	11802137	190	31	2	1	1	1	NA	NA	NA	unphased	0.850130261894968	0.850130261894968	1
2	32727860	32727861	52	6	2	1	1	1	NA	NA	NA	unphased	0.626959247648903	0.626959247648903	1
2	55908016	55908017	102	24	2	1	1	1	NA	NA	NA	unphased	1.15440115440115	1.15440115440115	1
2	69045099	69045100	105	30	2	1	1	1	NA	NA	NA	unphased	1.34680134680135	1.34680134680135	1
2	72360227	72360228	84	10	2	1	1	1	NA	NA	NA	unphased	0.644745325596389	0.644745325596389	1
2	72360239	72360240	68	8	2	1	1	1	NA	NA	NA	unphased	0.637958532695375	0.637958532695375	1
2	80136805	80136806	127	20	2	1	1	1	NA	NA	NA	unphased	0.824572253143682	0.824572253143682	1
2	89619868	89619869	32	9	2	1	1	0.22	1	1	0.78	unphased	1.33037694013304	1.33037694013304	1
2	90260212	90260213	252	33	2	1	1	0.22	1	1	0.78	unphased	0.701754385964912	0.899685110211426	0.78
2	96853020	96853021	88	20	2	1	1	0.22	1	1	0.78	unphased	1.12233445566779	1.12233445566779	1
2	100007031	100007032	186	38	2	1	1	0.22	1	1	0.78	unphased	1.02813852813853	1.02813852813853	1
2	124999850	124999851	28	7	2	1	1	0.22	1	1	0.78	unphased	1.21212121212121	1.21212121212121	1
2	128184706	128184707	258	29	2	1	1	0.39	1	1	0.61	unphased	0.612395734346954	1.00392743335566	0.61
2	130832763	130832764	231	33	NA	NA	NA	NA	NA	NA	NA	unphased	NA	NA	1
2	130910995	130910996	94	21	2	1	1	0.22	1	1	0.78	unphased	1.10671936758893	1.10671936758893	1
2	145154030	145154031	361	54	2	1	1	0.22	1	1	0.78	unphased	0.788608981380066	1.01103715561547	0.78
2	155711353	155711354	127	35	2.74	2	1	0.74	1	1	0.26	unphased	1.46926674148896	0.844406173269519	1.74
2	158177762	158177763	157	12	2.74	2	1	0.74	1	1	0.26	unphased	0.482883270575578	0.652544960237268	0.74
2	158626932	158626933	317	26	2.74	2	1	0.74	1	1	0.26	unphased	0.515497835497835	0.696618696618697	0.74
2	160189178	160189179	137	28	3	3	0	1	NA	NA	NA	unphased	1.19816345270891	1.19816345270891	1
2	168100847	168100848	127	24	3	3	0	1	NA	NA	NA	unphased	1.12221553281156	1.12221553281156	1
2	176958061	176958062	57	7	3	3	0	1	NA	NA	NA	unphased	0.772253787878788	0.772253787878788	1
2	178098959	178098960	70	21	3	3	0	1	NA	NA	NA	unphased	1.62937062937063	0.814685314685315	2
2	179437832	179437833	70	14	3	3	0	1	NA	NA	NA	unphased	1.17676767676768	1.17676767676768	1
2	179437913	179437914	123	25	3	3	0	1	NA	NA	NA	unphased	1.19266994266994	1.19266994266994	1
2	182543459	182543460	35	8	3	3	0	1	NA	NA	NA	unphased	1.31360112755462	1.31360112755462	1
2	220136016	220136017	120	9	3	3	0	1	NA	NA	NA	unphased	0.492600422832981	0.492600422832981	1
2	223488431	223488432	168	25	3	3	0	1	NA	NA	NA	unphased	0.914586277280578	0.914586277280578	1
2	228882069	228882070	112	13	3	3	0	1	NA	NA	NA	unphased	0.73430303030303	0.73430303030303	1
2	238285977	238285978	127	20	3	3	0	1	NA	NA	NA	unphased	0.960626674912389	0.960626674912389	1
2	241569987	241569988	63	13	3	3	0	1	NA	NA	NA	unphased	1.20773524720893	1.20773524720893	1
20	1963685	1963686	56	8	1	1	0	1	NA	NA	NA	unphased	0.632575757575758	0.632575757575758	1
20	2644633	2644634	49	15	1	1	0	1	NA	NA	NA	unphased	1.18607954545455	1.18607954545455	1
20	34021899	34021900	69	19	2	1	1	0.24	1	1	0.76	unphased	1.30853994490358	1.30853994490358	1
20	54824151	54824152	75	22	2	1	1	0.33	1	1	0.67	unphased	1.3745704467354	1.3745704467354	1
20	55758793	55758794	113	31	2	1	1	0.33	1	1	0.67	unphased	1.3047138047138	1.3047138047138	1
20	55758794	55758795	115	32	2	1	1	0.33	1	1	0.67	unphased	1.31931560502989	1.31931560502989	1
20	60714212	60714213	145	10	2	1	1	0.33	1	1	0.67	unphased	0.391006842619746	0.583592302417531	0.67
21	10951287	10951288	181	14	NA	NA	NA	NA	NA	NA	NA	unphased	NA	NA	1
21	40569300	40569301	152	29	2	1	1	0.26	1	1	0.74	unphased	0.971036330152352	0.971036330152352	1
22	29177021	29177022	63	19	1	1	0	1	NA	NA	NA	unphased	1.17257945306726	1.17257945306726	1
22	32302420	32302421	295	62	1	1	0	1	NA	NA	NA	unphased	0.878872761225702	0.878872761225702	1
22	41548346	41548347	40	10	1	1	0	1	NA	NA	NA	unphased	1.01212121212121	1.01212121212121	1
22	47063992	47063993	48	8	1	1	0	1	NA	NA	NA	unphased	0.722943722943723	0.722943722943723	1
3	10401723	10401724	89	20	2	1	1	0.2	1	1	0.8	unphased	1.11203780928552	1.11203780928552	1
3	11858720	11858721	149	31	2	1	1	0.2	1	1	0.8	unphased	1.04377104377104	1.04377104377104	1
3	38805049	38805050	155	9	2	1	1	0.2	1	1	0.8	unphased	0.332594235033259	0.332594235033259	1
3	39184437	39184438	36	12	2	1	1	0.2	1	1	0.8	unphased	1.51515151515152	1.51515151515152	1
3	42569524	42569525	219	14	2	1	1	0.2	1	1	0.8	unphased	0.364156587332553	0.364156587332553	1
3	42701181	42701182	33	4	2	1	1	0.2	1	1	0.8	unphased	0.655200655200655	0.655200655200655	1
3	97124032	97124033	17	8	2	1	1	0.22	1	1	0.78	unphased	1.93939393939394	1.93939393939394	1
3	133670107	133670108	111	22	2	1	1	0.22	1	1	0.78	unphased	1.00250626566416	1.00250626566416	1
3	150403557	150403558	87	19	2	1	1	0.22	1	1	0.78	unphased	1.0863350485992	1.0863350485992	1
3	164906571	164906572	65	12	2	1	1	0.25	1	1	0.75	unphased	0.944510035419126	0.944510035419126	1
3	183211923	183211924	226	35	2	1	1	0.25	1	1	0.75	unphased	0.812724950655985	0.812724950655985	1
3	183368813	183368814	111	11	2	1	1	0.25	1	1	0.75	unphased	0.546448087431694	0.728597449908925	0.75
3	185332450	185332451	112	18	2	1	1	0.25	1	1	0.75	unphased	0.839160839160839	0.839160839160839	1
4	17513652	17513653	26	3	1.12	1	1	0.12	0	1	0.88	unphased	0.535924764890282	0.535924764890282	1
4	17528586	17528587	101	13	1.12	1	1	0.12	0	1	0.88	unphased	0.59077086656034	0.59077086656034	1
4	22422669	22422670	238	20	1.12	1	1	0.12	0	1	0.88	unphased	0.401597369039229	0.401597369039229	1
4	22749411	22749412	117	13	1.12	1	1	0.12	0	1	0.88	unphased	0.518060606060606	0.518060606060606	1
4	23833203	23833204	200	16	1.12	1	1	0.12	0	1	0.88	unphased	0.38374859708193	0.38374859708193	1
4	30732506	30732507	50	7	1.12	1	1	0.12	0	1	0.88	unphased	0.636214779372674	0.636214779372674	1
4	43032585	43032586	132	27	1.12	1	1	0.12	0	1	0.88	unphased	0.879725557461406	0.879725557461406	1
4	47408698	47408699	118	23	1.12	1	1	0.12	0	1	0.88	unphased	0.845063399957017	0.845063399957017	1
4	69097069	69097070	90	14	1.12	1	1	0.12	0	1	0.88	unphased	0.697389277389277	0.697389277389277	1
4	70352324	70352325	180	31	2	1	1	1	NA	NA	NA	unphased	0.890420795634066	0.890420795634066	1
4	79301122	79301123	185	28	2	1	1	1	NA	NA	NA	unphased	0.796699388248684	0.796699388248684	1
4	91230012	91230013	89	20	2	1	1	1	NA	NA	NA	unphased	1.11203780928552	1.11203780928552	1
4	113568677	113568678	115	24	2	1	1	1	NA	NA	NA	unphased	1.04643557880968	1.04643557880968	1
4	128577790	128577791	99	22	2	1	1	1	NA	NA	NA	unphased	1.10192837465565	1.10192837465565	1
4	144449126	144449127	93	12	2	1	1	1	NA	NA	NA	unphased	0.692640692640693	0.692640692640693	1
5	5319259	5319260	16	3	3	2	1	1	NA	NA	NA	unphased	1.11483253588517	1.11483253588517	1
5	5463521	5463522	46	5	3	2	1	1	NA	NA	NA	unphased	0.692216280451575	0.692216280451575	1
5	6749705	6749706	329	50	3	2	1	1	NA	NA	NA	unphased	0.931478372111617	0.931478372111617	1
5	7695894	7695895	68	16	3	2	1	1	NA	NA	NA	unphased	1.34487734487734	1.34487734487734	1
5	7757670	7757671	151	18	3	2	1	1	NA	NA	NA	unphased	0.752017213555675	0.752017213555675	1
5	15928216	15928217	21	6	3	2	1	1	NA	NA	NA	unphased	1.56902356902357	1.56902356902357	1
5	19612600	19612601	87	26	3	2	1	1	NA	NA	NA	unphased	1.62456422633414	0.812282113167069	2
5	33576960	33576961	97	38	3	2	1	1	NA	NA	NA	unphased	1.98742985409652	0.99371492704826	2
5	37044577	37044578	160	33	3	2	1	1	NA	NA	NA	unphased	1.20725388601036	1.20725388601036	1
5	79351728	79351729	160	18	2	1	1	1	NA	NA	NA	unphased	0.612870275791624	0.612870275791624	1
5	109120442	109120443	62	16	2	1	1	1	NA	NA	NA	unphased	1.24320124320124	1.24320124320124	1
5	127730832	127730833	60	7	2	1	1	1	NA	NA	NA	unphased	0.633197648123021	0.633197648123021	1
5	140531306	140531307	250	39	2	1	1	1	NA	NA	NA	unphased	0.817867253853413	0.817867253853413	1
5	140723778	140723779	230	34	2	1	1	1	NA	NA	NA	unphased	0.780532598714417	0.780532598714417	1
5	153674470	153674471	84	9	2	1	1	1	NA	NA	NA	unphased	0.586510263929619	0.586510263929619	1
5	156590629	156590630	117	22	2	1	1	1	NA	NA	NA	unphased	0.959232613908873	0.959232613908873	1
5	176673677	176673678	80	9	2	1	1	1	NA	NA	NA	unphased	0.612870275791624	0.612870275791624	1
5	176673678	176673679	83	10	2	1	1	1	NA	NA	NA	unphased	0.65167807103291	0.65167807103291	1
6	24418413	24418414	154	28	2	1	1	0.28	1	1	0.72	unphased	0.932400932400932	0.932400932400932	1
6	25921577	25921578	99	9	2	1	1	0.28	1	1	0.72	unphased	0.505050505050505	0.701459034792368	0.72
6	28253484	28253485	105	11	2	1	1	1	NA	NA	NA	unphased	0.574712643678161	0.574712643678161	1
6	41533558	41533559	154	38	2	1	1	1	NA	NA	NA	unphased	1.19949494949495	1.19949494949495	1
6	43128713	43128714	6	8	2	1	1	1	NA	NA	NA	unphased	3.46320346320346	3.46320346320346	1
6	49419308	49419309	144	22	2	1	1	1	NA	NA	NA	unphased	0.803212851405622	0.803212851405622	1
6	66205219	66205220	197	16	2	1	1	1	NA	NA	NA	unphased	0.455256793284962	0.455256793284962	1
6	119301420	119301421	100	13	2	1	1	1	NA	NA	NA	unphased	0.697237865379458	0.697237865379458	1
6	144144851	144144852	121	23	2	1	1	1	NA	NA	NA	unphased	0.968013468013468	0.968013468013468	1
6	150719309	150719310	118	18	2	1	1	1	NA	NA	NA	unphased	0.802139037433155	0.802139037433155	1
6	160113659	160113660	32	7	2	1	1	1	NA	NA	NA	unphased	1.08780108780109	1.08780108780109	1
6	170632318	170632319	114	28	2	1	1	1	NA	NA	NA	unphased	1.19504908237303	1.19504908237303	1
7	20738060	20738061	74	10	2	1	1	1	NA	NA	NA	unphased	0.721500721500721	0.721500721500721	1
7	73526308	73526309	134	30	2	1	1	1	NA	NA	NA	unphased	1.10864745011086	1.10864745011086	1
7	73535280	73535281	277	43	2	1	1	1	NA	NA	NA	unphased	0.814393939393939	0.814393939393939	1
7	86541420	86541421	182	37	2	1	1	1	NA	NA	NA	unphased	1.02393801023938	1.02393801023938	1
7	88964660	88964661	78	17	2	1	1	1	NA	NA	NA	unphased	1.08452950558214	1.08452950558214	1
7	123276868	123276869	143	22	2	1	1	1	NA	NA	NA	unphased	0.808080808080808	0.808080808080808	1
7	126173729	126173730	115	9	2	1	1	1	NA	NA	NA	unphased	0.439882697947214	0.439882697947214	1
7	141618691	141618692	278	41	2	1	1	1	NA	NA	NA	unphased	0.778949368291061	0.778949368291061	1
7	142574901	142574902	64	9	2	1	1	1	NA	NA	NA	unphased	0.74719800747198	0.74719800747198	1
7	149420974	149420975	83	10	2	1	1	1	NA	NA	NA	unphased	0.65167807103291	0.65167807103291	1
7	151945030	151945031	712	27	2	1	1	1	NA	NA	NA	unphased	0.221429450116866	0.221429450116866	1
7	154561128	154561129	85	10	2	1	1	1	NA	NA	NA	unphased	0.637958532695375	0.637958532695375	1
8	6385118	6385119	56	13	1	1	0	1	NA	NA	NA	unphased	0.95344751866491	0.95344751866491	1
8	16974037	16974038	85	13	1	1	0	1	NA	NA	NA	unphased	0.6713048855906	0.6713048855906	1
8	17823979	17823980	58	17	1	1	0	1	NA	NA	NA	unphased	1.14707070707071	1.14707070707071	1
8	22054228	22054229	71	13	1	1	0	1	NA	NA	NA	unphased	0.783189033189033	0.783189033189033	1
8	27288391	27288392	103	18	1	1	0	1	NA	NA	NA	unphased	0.752817430503381	0.752817430503381	1
8	27327485	27327486	38	4	1	1	0	1	NA	NA	NA	unphased	0.481962481962482	0.481962481962482	1
8	48769774	48769775	46	11	2	1	1	0.35	1	1	0.65	unphased	1.16959064327485	1.16959064327485	1
8	49832597	49832598	150	20	2	1	1	0.35	1	1	0.65	unphased	0.71301247771836	0.71301247771836	1
8	54141958	54141959	81	13	2	1	1	0.35	1	1	0.65	unphased	0.838168923275306	0.838168923275306	1
8	59409536	59409537	225	17	2	1	1	0.35	1	1	0.65	unphased	0.425745053844227	0.654992390529581	0.65
8	59750770	59750771	236	37	2	1	1	0.35	1	1	0.65	unphased	0.821400821400821	0.821400821400821	1
8	73480200	73480201	129	27	2	1	1	0.35	1	1	0.65	unphased	1.04895104895105	1.04895104895105	1
8	97156916	97156917	49	6	2	1	1	0.31	1	1	0.69	unphased	0.661157024793388	0.661157024793388	1
8	105361356	105361357	210	35	2	1	1	0.31	1	1	0.69	unphased	0.865800865800866	0.865800865800866	1
8	106815465	106815466	65	4	2	1	1	0.31	1	1	0.69	unphased	0.351339481774264	0.509187654745311	0.69
8	118830719	118830720	233	52	2	1	1	0.31	1	1	0.69	unphased	1.10579479000532	1.10579479000532	1
8	132051842	132051843	36	15	2	1	1	0.41	1	1	0.59	unphased	1.7825311942959	1.7825311942959	1
8	139793221	139793222	140	35	2	1	1	0.41	1	1	0.59	unphased	1.21212121212121	1.21212121212121	1
8	144776664	144776665	27	6	2	1	1	0.41	1	1	0.59	unphased	1.10192837465565	1.10192837465565	1
9	711404	711405	66	18	1	1	0	1	NA	NA	NA	unphased	1.08441558441558	1.08441558441558	1
9	8319960	8319961	62	14	1	1	0	1	NA	NA	NA	unphased	0.932216905901116	0.932216905901116	1
9	79634671	79634672	33	6	1	1	0	1	NA	NA	NA	unphased	0.778554778554779	0.778554778554779	1
9	114520997	114520998	60	12	1	1	0	1	NA	NA	NA	unphased	0.843434343434343	0.843434343434343	1
9	128064685	128064686	69	20	1	1	0	1	NA	NA	NA	unphased	1.13721484508001	1.13721484508001	1
9	134050988	134050989	36	10	1	1	0	1	NA	NA	NA	unphased	1.10013175230567	1.10013175230567	1
X	2406933	2406934	219	28	NA	NA	NA	NA	NA	NA	NA	unphased	NA	NA	1
X	48206461	48206462	69	23	NA	NA	NA	NA	NA	NA	NA	unphased	NA	NA	1
X	65480055	65480056	41	11	NA	NA	NA	NA	NA	NA	NA	unphased	NA	NA	1
X	68725550	68725551	25	4	NA	NA	NA	NA	NA	NA	NA	unphased	NA	NA	1
X	73963136	73963137	127	72	NA	NA	NA	NA	NA	NA	NA	unphased	NA	NA	1
X	84560805	84560806	63	29	NA	NA	NA	NA	NA	NA	NA	unphased	NA	NA	1
X	91873895	91873896	115	47	NA	NA	NA	NA	NA	NA	NA	unphased	NA	NA	1
X	105167172	105167173	110	28	NA	NA	NA	NA	NA	NA	NA	unphased	NA	NA	1
X	131219610	131219611	130	6	NA	NA	NA	NA	NA	NA	NA	unphased	NA	NA	1
X	150840163	150840164	131	8	NA	NA	NA	NA	NA	NA	NA	unphased	NA	NA	1
X	151561958	151561959	15	7	NA	NA	NA	NA	NA	NA	NA	unphased	NA	NA	1
