chr	start	end	WT.count	mut.count	subclonal.CN	nMaj1	nMin1	frac1	nMaj2	nMin2	frac2	phase	mutation.copy.number	subclonal.fraction	no.chrs.bearing.mut
1	26644515	26644516	29	39	3	3	0	1	NA	NA	NA	unphased	3.37123385939742	1.12374461979914	3
1	43803784	43803785	67	7	3	3	0	1	NA	NA	NA	unphased	0.556031641397495	0.556031641397495	1
1	74507263	74507264	55	10	3	3	0	1	NA	NA	NA	unphased	0.904315196998124	0.904315196998124	1
1	151740626	151740627	62	30	7	7	0	1	NA	NA	NA	unphased	3.22110286320255	1.07370095440085	3
1	154524427	154524428	105	7	7	7	0	1	NA	NA	NA	unphased	0.617378048780488	0.617378048780488	1
1	179077596	179077597	171	13	7	7	0	1	NA	NA	NA	unphased	0.697905620360551	0.697905620360551	1
1	181732648	181732649	52	6	7	7	0	1	NA	NA	NA	unphased	1.02186711522288	1.02186711522288	1
1	186280655	186280656	121	9	7	7	0	1	NA	NA	NA	unphased	0.683864915572233	0.683864915572233	1
1	193051830	193051831	60	9	7	7	0	1	NA	NA	NA	unphased	1.28844114528102	1.28844114528102	1
1	203186239	203186240	54	22	7	7	0	1	NA	NA	NA	unphased	2.8594351732991	0.953145057766367	3
1	248616493	248616494	156	36	7	7	0	1	NA	NA	NA	unphased	1.85213414634146	0.926067073170732	2
10	13378280	13378281	50	8	4	2	2	1	NA	NA	NA	unphased	0.948696383515559	0.948696383515559	1
10	121658369	121658370	107	15	4	2	2	1	NA	NA	NA	unphased	0.845661735305878	0.845661735305878	1
11	64419084	64419085	34	8	2.27	2	1	0.27	1	1	0.73	unphased	0.980580720092915	0.980580720092915	1
11	76257079	76257080	61	12	2.27	2	1	0.27	1	1	0.73	unphased	0.84625459405279	0.84625459405279	1
11	101375095	101375096	45	12	2	1	1	0.5	1	1	0.5	unphased	1.02695763799743	1.02695763799743	1
11	118452184	118452185	53	13	2	1	1	0.5	1	1	0.5	unphased	0.960827790096083	0.960827790096083	1
11	119549227	119549228	61	11	2	1	1	0.5	1	1	0.5	unphased	0.745257452574526	0.745257452574526	1
11	129785594	129785595	101	19	2	1	1	0.5	1	1	0.5	unphased	0.772357723577236	0.772357723577236	1
11	131781443	131781444	73	19	2	1	1	0.5	1	1	0.5	unphased	1.00742311770944	1.00742311770944	1
12	2224660	2224661	57	5	3	3	0	1	NA	NA	NA	unphased	0.474036191974823	0.474036191974823	1
12	11546449	11546450	316	36	3	3	0	1	NA	NA	NA	unphased	0.601164079822617	0.601164079822617	1
12	25398284	25398285	8	6	3	3	0	1	NA	NA	NA	unphased	2.5191637630662	0.839721254355401	3
12	47471835	47471836	121	29	3	3	0	1	NA	NA	NA	unphased	1.13642276422764	1.13642276422764	1
12	47471836	47471837	120	31	3	3	0	1	NA	NA	NA	unphased	1.20675173639154	1.20675173639154	1
12	52797630	52797631	56	6	3	3	0	1	NA	NA	NA	unphased	0.568843430369788	0.568843430369788	1
12	56234450	56234451	70	15	3	3	0	1	NA	NA	NA	unphased	1.03730272596844	1.03730272596844	1
12	56478832	56478833	105	8	3	3	0	1	NA	NA	NA	unphased	0.416145046406216	0.416145046406216	1
12	106461475	106461476	83	23	3	3	0	1	NA	NA	NA	unphased	1.27542567878509	1.27542567878509	1
12	118675893	118675894	65	11	3	3	0	1	NA	NA	NA	unphased	0.850770218228498	0.850770218228498	1
14	20443740	20443741	86	6	2	1	1	0.51	1	1	0.49	unphased	0.31813361611877	0.649252277793408	0.49
14	106208478	106208479	102	28	2	1	1	0.51	1	1	0.49	unphased	1.05065666041276	1.05065666041276	1
15	27128617	27128618	51	9	2	1	1	1	NA	NA	NA	unphased	0.731707317073171	0.731707317073171	1
15	30033548	30033549	11	5	2	1	1	1	NA	NA	NA	unphased	1.52439024390244	1.52439024390244	1
15	39910348	39910349	39	10	2	1	1	1	NA	NA	NA	unphased	0.995520159283226	0.995520159283226	1
16	3299629	3299630	40	10	4	2	2	1	NA	NA	NA	unphased	1.37560975609756	1.37560975609756	1
16	21968560	21968561	27	7	4	2	2	1	NA	NA	NA	unphased	1.41606886657102	1.41606886657102	1
16	70867840	70867841	31	14	4	2	2	1	NA	NA	NA	unphased	2.13983739837398	1.06991869918699	2
17	1639473	1639474	56	12	4	2	2	1	NA	NA	NA	unphased	1.21377331420373	1.21377331420373	1
17	18023016	18023017	70	34	4	2	2	1	NA	NA	NA	unphased	2.24859287054409	1.12429643527205	2
17	34871790	34871791	13	7	4	2	2	1	NA	NA	NA	unphased	2.40731707317073	1.20365853658537	2
17	39973308	39973309	68	10	4	2	2	1	NA	NA	NA	unphased	0.881801125703565	0.881801125703565	1
17	44049266	44049267	42	7	4	2	2	1	NA	NA	NA	unphased	0.982578397212544	0.982578397212544	1
17	45821623	45821624	103	11	4	2	2	1	NA	NA	NA	unphased	0.663671373555841	0.663671373555841	1
17	53111584	53111585	44	7	4	2	2	1	NA	NA	NA	unphased	0.944045911047346	0.944045911047346	1
17	57684529	57684530	69	15	4	2	2	1	NA	NA	NA	unphased	1.22822299651568	1.22822299651568	1
17	67014664	67014665	185	29	4	2	2	1	NA	NA	NA	unphased	0.932072031000684	0.932072031000684	1
18	22805045	22805046	75	20	3	2	1	1	NA	NA	NA	unphased	1.23748395378691	1.23748395378691	1
18	48434438	48434439	14	10	2.4	2	1	0.4	1	1	0.6	unphased	2.19918699186992	1.57084785133566	1.4
19	9065056	9065057	89	16	3	3	0	1	NA	NA	NA	unphased	0.895702671312428	0.895702671312428	1
19	9226408	9226409	83	11	2.78	3	0	0.89	0	1	0.11	unphased	0.662112091333679	0.662112091333679	1
19	36430544	36430545	47	6	5	3	2	1	NA	NA	NA	unphased	0.891854578923148	0.891854578923148	1
19	39660256	39660257	86	15	5	3	2	1	NA	NA	NA	unphased	1.1700072446269	1.1700072446269	1
19	51499389	51499390	165	25	5	3	2	1	NA	NA	NA	unphased	1.03658536585366	1.03658536585366	1
19	52003187	52003188	72	18	5	3	2	1	NA	NA	NA	unphased	1.57560975609756	0.787804878048781	2
19	54600428	54600429	78	5	5	3	2	1	NA	NA	NA	unphased	0.474581251836615	0.474581251836615	1
19	55377342	55377343	55	7	5	3	2	1	NA	NA	NA	unphased	0.889457120377655	0.889457120377655	1
19	57867714	57867715	76	10	5	3	2	1	NA	NA	NA	unphased	0.916052183777652	0.916052183777652	1
2	1241725	1241726	18	7	2.35	2	1	0.35	1	1	0.65	unphased	1.46385365853659	1.46385365853659	1
2	3691858	3691859	8	4	2.35	2	1	0.35	1	1	0.65	unphased	1.74268292682927	1.74268292682927	1
2	37873866	37873867	17	13	3	2	1	1	NA	NA	NA	unphased	2.54715447154472	1.27357723577236	2
2	103090139	103090140	34	4	4	2	2	1	NA	NA	NA	unphased	0.72400513478819	0.72400513478819	1
2	111395554	111395555	33	4	4	2	2	1	NA	NA	NA	unphased	0.743572841133817	0.743572841133817	1
2	118766201	118766202	68	14	4	2	2	1	NA	NA	NA	unphased	1.1743010113028	1.1743010113028	1
2	125261977	125261978	73	12	4	2	2	1	NA	NA	NA	unphased	0.971018651362984	0.971018651362984	1
2	130912762	130912763	44	7	4	2	2	1	NA	NA	NA	unphased	0.944045911047346	0.944045911047346	1
2	157186158	157186159	206	35	4	2	2	1	NA	NA	NA	unphased	0.998886752353001	0.998886752353001	1
2	166012287	166012288	57	18	4	2	2	1	NA	NA	NA	unphased	1.65073170731707	0.825365853658537	2
2	179418690	179418691	37	4	4	2	2	1	NA	NA	NA	unphased	0.671029149315884	0.671029149315884	1
2	201683064	201683065	15	12	4	2	2	1	NA	NA	NA	unphased	3.05691056910569	1.52845528455285	2
2	220147945	220147946	52	10	4	2	2	1	NA	NA	NA	unphased	1.10936270653029	1.10936270653029	1
2	220379437	220379438	33	18	4	2	2	1	NA	NA	NA	unphased	2.42754662840746	1.21377331420373	2
2	232389907	232389908	47	9	4	2	2	1	NA	NA	NA	unphased	1.10540069686411	1.10540069686411	1
2	240981573	240981574	44	18	4	2	2	1	NA	NA	NA	unphased	1.99685287175452	0.998426435877262	2
2	242098663	242098664	247	13	4	2	2	1	NA	NA	NA	unphased	0.34390243902439	0.34390243902439	1
20	32677567	32677568	97	17	5	3	2	1	NA	NA	NA	unphased	1.17479674796748	1.17479674796748	1
20	33147219	33147220	29	5	5	3	2	1	NA	NA	NA	unphased	1.15853658536585	1.15853658536585	1
20	33147220	33147221	30	5	5	3	2	1	NA	NA	NA	unphased	1.12543554006969	1.12543554006969	1
20	57829498	57829499	88	10	5	3	2	1	NA	NA	NA	unphased	0.803882528621205	0.803882528621205	1
20	60448883	60448884	159	16	5	3	2	1	NA	NA	NA	unphased	0.720278745644599	0.720278745644599	1
22	40816867	40816868	44	4	4.28	3	2	0.82	1	0	0.18	unphased	0.59650406504065	0.59650406504065	1
3	20225246	20225247	18	8	3	3	0	1	NA	NA	NA	unphased	1.80863039399625	1.80863039399625	1
3	50382590	50382591	23	4	3	3	0	1	NA	NA	NA	unphased	0.870822041553749	0.870822041553749	1
3	52420279	52420280	16	4	3	3	0	1	NA	NA	NA	unphased	1.17560975609756	1.17560975609756	1
3	169485452	169485453	65	57	3	3	0	1	NA	NA	NA	unphased	2.74630147940824	0.915433826469413	3
3	182598750	182598751	31	5	3	3	0	1	NA	NA	NA	unphased	0.81639566395664	0.81639566395664	1
4	186545478	186545479	74	17	4	2	2	1	NA	NA	NA	unphased	1.28491021173948	1.28491021173948	1
5	155552	155553	73	6	5	3	2	1	NA	NA	NA	unphased	0.598332818771226	0.598332818771226	1
5	60050499	60050500	48	4	6	4	2	1	NA	NA	NA	unphased	0.682926829268293	0.682926829268293	1
5	140235731	140235732	73	16	6	4	2	1	NA	NA	NA	unphased	1.59605371334612	0.798026856673061	2
5	140783914	140783915	56	4	6	4	2	1	NA	NA	NA	unphased	0.591869918699187	0.591869918699187	1
5	141041813	141041814	116	12	6	4	2	1	NA	NA	NA	unphased	0.832317073170732	0.832317073170732	1
5	169108877	169108878	84	9	6	4	2	1	NA	NA	NA	unphased	0.859166011014949	0.859166011014949	1
5	178555067	178555068	115	9	6	4	2	1	NA	NA	NA	unphased	0.644374508261212	0.644374508261212	1
5	180477369	180477370	123	17	6	4	2	1	NA	NA	NA	unphased	1.0780487804878	1.0780487804878	1
6	7410648	7410649	15	12	5	4	1	1	NA	NA	NA	unphased	3.50135501355014	0.875338753387534	4
6	26638437	26638438	194	26	5	4	1	1	NA	NA	NA	unphased	0.931042128603104	0.931042128603104	1
6	30865939	30865940	72	5	5	4	1	1	NA	NA	NA	unphased	0.511561609122585	0.511561609122585	1
6	42985313	42985314	87	9	5	4	1	1	NA	NA	NA	unphased	0.738567073170732	0.738567073170732	1
6	47775960	47775961	98	112	5	4	1	1	NA	NA	NA	unphased	4.20162601626016	1.05040650406504	4
7	11022781	11022782	20	3	5	3	2	1	NA	NA	NA	unphased	1.02757158006363	1.02757158006363	1
7	82580111	82580112	145	25	5	3	2	1	NA	NA	NA	unphased	1.15853658536585	1.15853658536585	1
7	119915553	119915554	61	9	5	3	2	1	NA	NA	NA	unphased	1.01289198606272	1.01289198606272	1
8	3256970	3256971	28	20	2.1	4	2	0.22	1	0	0.78	unphased	2.07418699186992	0.93431846480627	2.22
9	21206501	21206502	153	20	4	3	1	1	NA	NA	NA	unphased	0.795150148033272	0.795150148033272	1
9	95142054	95142055	42	8	5	3	2	1	NA	NA	NA	unphased	1.26048780487805	1.26048780487805	1
9	99580412	99580413	109	6	5	3	2	1	NA	NA	NA	unphased	0.411028632025451	0.411028632025451	1
9	125315710	125315711	228	40	5	3	2	1	NA	NA	NA	unphased	1.17582817619221	1.17582817619221	1
9	139091647	139091648	27	4	5	3	2	1	NA	NA	NA	unphased	1.01652242328875	1.01652242328875	1
X	89177153	89177154	22	19	NA	NA	NA	NA	NA	NA	NA	unphased	NA	NA	1
X	102979088	102979089	80	37	NA	NA	NA	NA	NA	NA	NA	unphased	NA	NA	1
X	104728315	104728316	28	8	NA	NA	NA	NA	NA	NA	NA	unphased	NA	NA	1
X	134983833	134983834	43	45	NA	NA	NA	NA	NA	NA	NA	unphased	NA	NA	1
