chr	start	end	WT.count	mut.count	subclonal.CN	nMaj1	nMin1	frac1	nMaj2	nMin2	frac2	phase	mutation.copy.number	subclonal.fraction	no.chrs.bearing.mut
1	13001317	13001318	458	108	4	4	0	1	NA	NA	NA	unphased	1.11552052188095	1.11552052188095	1
1	18808057	18808058	28	20	2	2	0	1	NA	NA	NA	unphased	1.6025641025641	0.801282051282051	2
1	22211642	22211643	15	10	2	2	0	1	NA	NA	NA	unphased	1.53846153846154	1.53846153846154	1
1	27874401	27874402	42	58	2	2	0	1	NA	NA	NA	unphased	2.23076923076923	1.11538461538462	2
1	36181835	36181836	34	43	2	2	0	1	NA	NA	NA	unphased	2.14785214785215	1.07392607392607	2
1	39910347	39910348	50	3	2	2	0	1	NA	NA	NA	unphased	0.217706821480406	0.217706821480406	1
1	40029579	40029580	36	24	2	2	0	1	NA	NA	NA	unphased	1.53846153846154	0.769230769230769	2
1	40029580	40029581	36	25	2	2	0	1	NA	NA	NA	unphased	1.57629255989912	0.788146279949559	2
1	40029581	40029582	36	25	2	2	0	1	NA	NA	NA	unphased	1.57629255989912	0.788146279949559	2
1	53122664	53122665	155	139	2	2	0	1	NA	NA	NA	unphased	1.81841967556253	0.909209837781266	2
1	54606959	54606960	39	33	2	2	0	1	NA	NA	NA	unphased	1.76282051282051	0.881410256410256	2
1	66384310	66384311	30	32	2	2	0	1	NA	NA	NA	unphased	1.98511166253102	0.992555831265509	2
1	74507363	74507364	46	45	2	2	0	1	NA	NA	NA	unphased	1.90194420963652	0.950972104818259	2
1	75606777	75606778	52	44	2	2	0	1	NA	NA	NA	unphased	1.76282051282051	0.881410256410256	2
1	75606779	75606780	53	43	2	2	0	1	NA	NA	NA	unphased	1.72275641025641	0.861378205128205	2
1	99772005	99772006	38	41	2	2	0	1	NA	NA	NA	unphased	1.99610516066212	0.998052580331061	2
1	103412502	103412503	15	14	2	2	0	1	NA	NA	NA	unphased	1.85676392572944	0.928381962864722	2
1	109795275	109795276	31	25	2	2	0	1	NA	NA	NA	unphased	1.71703296703297	0.858516483516484	2
1	111783999	111784000	31	33	2	2	0	1	NA	NA	NA	unphased	1.98317307692308	0.991586538461538	2
1	145415809	145415810	157	135	NA	NA	NA	NA	NA	NA	NA	unphased	NA	NA	1
1	150769206	150769207	136	52	2.48	4	2	0.12	1	1	0.88	unphased	1.19659574468085	1.19659574468085	1
1	154187016	154187017	81	97	2.48	4	2	0.12	1	1	0.88	unphased	2.35751080380294	1.05246018026917	2.24
1	155265281	155265282	13	20	2.48	4	2	0.12	1	1	0.88	unphased	2.62191142191142	0.84035622497161	3.12
1	156027820	156027821	92	94	2.48	4	2	0.12	1	1	0.88	unphased	2.18633581472291	0.976042774429871	2.24
1	156843687	156843688	9	10	2.48	4	2	0.12	1	1	0.88	unphased	2.27692307692308	1.01648351648352	2.24
1	156845870	156845871	203	51	2.48	4	2	0.12	1	1	0.88	unphased	0.868637189582071	0.868637189582071	1
1	158549354	158549355	75	21	2.48	4	2	0.12	1	1	0.88	unphased	0.946346153846154	0.946346153846154	1
1	158687439	158687440	132	39	2.48	4	2	0.12	1	1	0.88	unphased	0.986666666666667	0.986666666666667	1
1	158988387	158988388	147	43	2.48	4	2	0.12	1	1	0.88	unphased	0.979076923076923	0.979076923076923	1
1	160313018	160313019	102	31	2.48	4	2	0.12	1	1	0.88	unphased	1.00835164835165	1.00835164835165	1
1	160607206	160607207	120	31	2.48	4	2	0.12	1	1	0.88	unphased	0.888150789607743	0.888150789607743	1
1	161953612	161953613	301	64	2.48	4	2	0.12	1	1	0.88	unphased	0.758558482613277	0.758558482613277	1
1	162351744	162351745	61	20	2.48	4	2	0.12	1	1	0.88	unphased	1.0681861348528	1.0681861348528	1
1	163297350	163297351	147	28	2.48	4	2	0.12	1	1	0.88	unphased	0.692184615384615	0.692184615384615	1
1	167654654	167654655	54	69	2.48	4	2	0.12	1	1	0.88	unphased	2.42686679174484	1.08342267488609	2.24
1	173493187	173493188	68	68	2.48	4	2	0.12	1	1	0.88	unphased	2.16307692307692	1.02031930333817	2.12
1	175066585	175066586	67	48	2.48	4	2	0.12	1	1	0.88	unphased	1.80569899665552	0.851744809743169	2.12
1	175335164	175335165	136	26	2.48	4	2	0.12	1	1	0.88	unphased	0.694320987654321	0.694320987654321	1
1	177933401	177933402	39	26	2.48	4	2	0.12	1	1	0.88	unphased	1.73046153846154	0.816255442670537	2.12
1	181726097	181726098	247	9	2.48	4	2	0.12	1	1	0.88	unphased	0.152091346153846	1.26742788461538	0.12
1	181767479	181767480	129	104	2.48	4	2	0.12	1	1	0.88	unphased	1.93098712446352	0.910842983237509	2.12
1	185144060	185144061	100	113	2.48	4	2	0.12	1	1	0.88	unphased	2.29509570241965	1.02459629572306	2.24
1	196876515	196876516	106	31	2.48	4	2	0.12	1	1	0.88	unphased	0.978910724312184	0.978910724312184	1
1	197070782	197070783	203	56	2.48	4	2	0.12	1	1	0.88	unphased	0.935384615384615	0.935384615384615	1
1	197072004	197072005	278	65	2.48	4	2	0.12	1	1	0.88	unphased	0.819825072886297	0.819825072886297	1
1	198671555	198671556	281	87	2.48	4	2	0.12	1	1	0.88	unphased	1.02275919732441	1.02275919732441	1
1	198704279	198704280	67	27	2.48	4	2	0.12	1	1	0.88	unphased	1.24261865793781	1.24261865793781	1
1	204985582	204985583	132	31	2.48	4	2	0.12	1	1	0.88	unphased	0.822765455403492	0.822765455403492	1
1	205687340	205687341	69	14	2.48	4	2	0.12	1	1	0.88	unphased	0.729712696941612	0.729712696941612	1
1	207658900	207658901	35	51	2.48	4	2	0.12	1	1	0.88	unphased	2.56550983899821	1.14531689240992	2.24
1	208084407	208084408	11	8	2.48	4	2	0.12	1	1	0.88	unphased	1.82153846153846	0.859216255442671	2.12
1	211192445	211192446	129	38	2.48	4	2	0.12	1	1	0.88	unphased	0.984394288346384	0.984394288346384	1
1	211276912	211276913	71	60	2.48	4	2	0.12	1	1	0.88	unphased	1.98144450968878	0.934643636645653	2.12
1	213068682	213068683	47	14	2.48	4	2	0.12	1	1	0.88	unphased	0.992887767969735	0.992887767969735	1
1	214817977	214817978	115	39	2.48	4	2	0.12	1	1	0.88	unphased	1.09558441558442	1.09558441558442	1
1	227954783	227954784	55	12	2.48	4	2	0.12	1	1	0.88	unphased	0.774833524684271	0.774833524684271	1
1	228431116	228431117	23	29	2.48	4	2	0.12	1	1	0.88	unphased	2.41266272189349	1.07708157227388	2.24
1	232600812	232600813	62	66	2.48	4	2	0.12	1	1	0.88	unphased	2.23067307692308	0.995836195054945	2.24
1	235324548	235324549	80	76	2.48	4	2	0.12	1	1	0.88	unphased	2.1076134122288	0.994157269919244	2.12
1	235331885	235331886	65	53	2.48	4	2	0.12	1	1	0.88	unphased	1.94310299869622	0.916558018252933	2.12
1	235973325	235973326	57	56	2.48	4	2	0.12	1	1	0.88	unphased	2.14393464942138	1.01128992897235	2.12
1	237617768	237617769	65	54	2.48	4	2	0.12	1	1	0.88	unphased	1.96312863606981	0.926004073617836	2.12
1	242035550	242035551	121	135	2.48	4	2	0.12	1	1	0.88	unphased	2.28137019230769	1.01846883585165	2.24
1	242161835	242161836	77	87	2.48	4	2	0.12	1	1	0.88	unphased	2.29497185741088	1.02454100777272	2.24
1	247150704	247150705	67	7	2.48	4	2	0.12	1	1	0.88	unphased	0.409230769230769	0.409230769230769	1
1	247587424	247587425	49	54	2.48	4	2	0.12	1	1	0.88	unphased	2.26808065720687	1.01253600768164	2.24
1	247875889	247875890	97	102	NA	NA	NA	NA	NA	NA	NA	unphased	NA	NA	1
1	247921035	247921036	35	32	NA	NA	NA	NA	NA	NA	NA	unphased	NA	NA	1
1	248524898	248524899	93	28	NA	NA	NA	NA	NA	NA	NA	unphased	NA	NA	1
1	248685149	248685150	75	91	NA	NA	NA	NA	NA	NA	NA	unphased	NA	NA	1
1	248801858	248801859	74	9	NA	NA	NA	NA	NA	NA	NA	unphased	NA	NA	1
1	248813814	248813815	108	14	NA	NA	NA	NA	NA	NA	NA	unphased	NA	NA	1
10	7409831	7409832	24	16	3	3	0	1	NA	NA	NA	unphased	1.93846153846154	0.969230769230769	2
10	17275866	17275867	11	29	3	3	0	1	NA	NA	NA	unphased	3.51346153846154	1.17115384615385	3
10	23290984	23290985	21	31	3	3	0	1	NA	NA	NA	unphased	2.88905325443787	0.96301775147929	3
10	45467290	45467291	19	40	3	3	0	1	NA	NA	NA	unphased	3.28552803129074	1.09517601043025	3
10	62652607	62652608	27	57	3	3	0	1	NA	NA	NA	unphased	3.28846153846154	1.09615384615385	3
10	84745016	84745017	86	129	3	3	0	1	NA	NA	NA	unphased	2.90769230769231	0.969230769230769	3
10	89725054	89725055	11	27	3	3	0	1	NA	NA	NA	unphased	3.44331983805668	1.14777327935223	3
10	105893439	105893440	75	18	3	3	0	1	NA	NA	NA	unphased	0.937965260545906	0.937965260545906	1
10	127438067	127438068	49	59	3	3	0	1	NA	NA	NA	unphased	2.6474358974359	0.882478632478632	3
10	129905842	129905843	99	158	3	3	0	1	NA	NA	NA	unphased	2.97934750074828	0.99311583358276	3
11	557898	557899	16	5	4	2	2	1	NA	NA	NA	unphased	1.39194139194139	1.39194139194139	1
11	727012	727013	18	11	4	2	2	1	NA	NA	NA	unphased	2.21750663129973	1.10875331564987	2
11	1265142	1265143	24	10	4	2	2	1	NA	NA	NA	unphased	1.71945701357466	0.85972850678733	2
11	1651511	1651512	67	38	4	2	2	1	NA	NA	NA	unphased	2.11575091575092	1.05787545787546	2
11	4154831	4154832	63	27	4	2	2	1	NA	NA	NA	unphased	1.75384615384615	0.876923076923077	2
11	4790699	4790700	59	39	4	2	2	1	NA	NA	NA	unphased	2.3265306122449	1.16326530612245	2
11	4936227	4936228	64	22	4	2	2	1	NA	NA	NA	unphased	1.49552772808587	0.747763864042934	2
11	5221332	5221333	65	35	4	2	2	1	NA	NA	NA	unphased	2.04615384615385	1.02307692307692	2
11	5270649	5270650	50	5	4	2	2	1	NA	NA	NA	unphased	0.531468531468531	0.531468531468531	1
11	5270650	5270651	49	4	4	2	2	1	NA	NA	NA	unphased	0.44121915820029	0.44121915820029	1
11	5275573	5275574	172	30	4	2	2	1	NA	NA	NA	unphased	0.868240670220868	0.868240670220868	1
11	5275574	5275575	172	31	4	2	2	1	NA	NA	NA	unphased	0.892762410003789	0.892762410003789	1
11	5969254	5969255	159	69	4	2	2	1	NA	NA	NA	unphased	1.76923076923077	0.884615384615385	2
11	5969376	5969377	195	73	4	2	2	1	NA	NA	NA	unphased	1.59242250287026	0.796211251435132	2
11	6007833	6007834	28	17	4	2	2	1	NA	NA	NA	unphased	2.20854700854701	1.1042735042735	2
11	6651097	6651098	69	29	4	2	2	1	NA	NA	NA	unphased	1.72998430141287	0.864992150706436	2
11	7960522	7960523	70	42	4	2	2	1	NA	NA	NA	unphased	2.19230769230769	1.09615384615385	2
11	10827515	10827516	228	103	4	2	2	1	NA	NA	NA	unphased	1.81919590983035	0.909597954915176	2
11	17530996	17530997	102	47	4	2	2	1	NA	NA	NA	unphased	1.84408879710893	0.922044398554466	2
11	17793276	17793277	104	46	4	2	2	1	NA	NA	NA	unphased	1.79282051282051	0.896410256410256	2
11	22844596	22844597	24	14	4	2	2	1	NA	NA	NA	unphased	2.15384615384615	1.07692307692308	2
11	30926551	30926552	79	38	4	2	2	1	NA	NA	NA	unphased	1.89875082182775	0.949375410913873	2
11	31827967	31827968	18	7	4	2	2	1	NA	NA	NA	unphased	1.63692307692308	1.63692307692308	1
11	32460661	32460662	25	13	4	2	2	1	NA	NA	NA	unphased	2	1	2
11	35313908	35313909	159	70	4	2	2	1	NA	NA	NA	unphased	1.78703392677192	0.893516963385959	2
11	36615432	36615433	139	48	4	2	2	1	NA	NA	NA	unphased	1.50061703002879	0.750308515014397	2
11	43411370	43411371	89	52	4	2	2	1	NA	NA	NA	unphased	2.15602836879433	1.07801418439716	2
11	47660337	47660338	79	21	4	2	2	1	NA	NA	NA	unphased	1.22769230769231	1.22769230769231	1
11	48267238	48267239	210	101	4	2	2	1	NA	NA	NA	unphased	1.89859015582488	0.949295077912441	2
11	48510769	48510770	96	58	4	2	2	1	NA	NA	NA	unphased	2.2017982017982	1.1008991008991	2
11	49598043	49598044	20	14	4	2	2	1	NA	NA	NA	unphased	2.40723981900452	1.20361990950226	2
11	49974764	49974765	170	77	4	2	2	1	NA	NA	NA	unphased	1.82248520710059	0.911242603550296	2
11	55135438	55135439	51	32	4	2	2	1	NA	NA	NA	unphased	2.25393883225209	1.12696941612604	2
11	55135834	55135835	326	19	4	2	2	1	NA	NA	NA	unphased	0.321962095875139	0.321962095875139	1
11	55321946	55321947	176	71	4	2	2	1	NA	NA	NA	unphased	1.68047337278106	0.840236686390532	2
11	55927224	55927225	78	49	4	2	2	1	NA	NA	NA	unphased	2.25560266505148	1.12780133252574	2
11	56510513	56510514	90	41	4	2	2	1	NA	NA	NA	unphased	1.82971227246036	0.914856136230182	2
11	57886367	57886368	51	27	4	2	2	1	NA	NA	NA	unphased	2.02366863905325	1.01183431952663	2
11	58189969	58189970	61	20	4	2	2	1	NA	NA	NA	unphased	1.44349477682811	0.721747388414055	2
11	60886820	60886821	104	45	4	2	2	1	NA	NA	NA	unphased	1.76561693340217	0.882808466701084	2
11	60893275	60893276	34	18	4	2	2	1	NA	NA	NA	unphased	2.02366863905325	1.01183431952663	2
11	62293632	62293633	194	121	4	2	2	1	NA	NA	NA	unphased	2.24566544566545	1.12283272283272	2
11	62653040	62653041	401	147	4	2	2	1	NA	NA	NA	unphased	1.56822010106682	0.784110050533408	2
11	65315612	65315613	25	13	4	2	2	1	NA	NA	NA	unphased	2	1	2
11	65384477	65384478	15	9	4	2	2	1	NA	NA	NA	unphased	2.19230769230769	1.09615384615385	2
11	67799649	67799650	277	26	4	2	2	1	NA	NA	NA	unphased	0.501650165016502	0.501650165016502	1
11	70172915	70172916	66	34	4	2	2	1	NA	NA	NA	unphased	1.98769230769231	0.993846153846154	2
11	73584486	73584487	23	19	4	2	2	1	NA	NA	NA	unphased	2.64468864468864	1.32234432234432	2
11	73670543	73670544	48	26	4	2	2	1	NA	NA	NA	unphased	2.05405405405405	1.02702702702703	2
11	74053658	74053659	123	55	4	2	2	1	NA	NA	NA	unphased	1.80639585133967	0.903197925669836	2
11	74914122	74914123	34	22	4	2	2	1	NA	NA	NA	unphased	2.2967032967033	1.14835164835165	2
11	76063706	76063707	52	22	4	2	2	1	NA	NA	NA	unphased	1.73804573804574	0.869022869022869	2
11	76063826	76063827	37	11	4	2	2	1	NA	NA	NA	unphased	1.33974358974359	1.33974358974359	1
11	82893031	82893032	31	10	4	2	2	1	NA	NA	NA	unphased	1.42589118198874	1.42589118198874	1
11	83173089	83173090	113	36	4	2	2	1	NA	NA	NA	unphased	1.41249354672173	0.706246773360867	2
11	84028039	84028040	169	74	4	2	2	1	NA	NA	NA	unphased	1.78031022475467	0.890155112377335	2
11	95712853	95712854	97	56	4	2	2	1	NA	NA	NA	unphased	2.13976872800402	1.06988436400201	2
11	101834489	101834490	145	72	4	2	2	1	NA	NA	NA	unphased	1.93973768167317	0.969868840836583	2
11	105924567	105924568	69	35	4	2	2	1	NA	NA	NA	unphased	1.96745562130178	0.983727810650888	2
11	113283467	113283468	65	31	4	2	2	1	NA	NA	NA	unphased	1.88782051282051	0.943910256410256	2
11	114271398	114271399	57	17	4	2	2	1	NA	NA	NA	unphased	1.34303534303534	1.34303534303534	1
11	117784528	117784529	103	49	4	2	2	1	NA	NA	NA	unphased	1.88461538461538	0.942307692307692	2
11	118471513	118471514	18	9	4	2	2	1	NA	NA	NA	unphased	1.94871794871795	0.974358974358974	2
11	123516381	123516382	112	76	4	2	2	1	NA	NA	NA	unphased	2.3633387888707	1.18166939443535	2
11	123900797	123900798	155	92	4	2	2	1	NA	NA	NA	unphased	2.17751479289941	1.0887573964497	2
11	124189918	124189919	80	29	4	2	2	1	NA	NA	NA	unphased	1.55539872971066	0.777699364855328	2
11	124440377	124440378	59	19	4	2	2	1	NA	NA	NA	unphased	1.42406311637081	1.42406311637081	1
11	124748512	124748513	23	10	4	2	2	1	NA	NA	NA	unphased	1.77156177156177	0.885780885780886	2
11	128426296	128426297	26	24	4	2	2	1	NA	NA	NA	unphased	2.80615384615385	1.40307692307692	2
12	330113	330114	39	10	NA	NA	NA	NA	NA	NA	NA	unphased	NA	NA	1
12	1943620	1943621	35	6	3	2	1	1	NA	NA	NA	unphased	0.709193245778612	0.709193245778612	1
12	2058433	2058434	38	21	3	2	1	1	NA	NA	NA	unphased	1.72490221642764	0.86245110821382	2
12	4736572	4736573	17	20	3	2	1	1	NA	NA	NA	unphased	2.61954261954262	1.30977130977131	2
12	4920558	4920559	72	12	3	2	1	1	NA	NA	NA	unphased	0.692307692307692	0.692307692307692	1
12	7046109	7046110	107	23	3	2	1	1	NA	NA	NA	unphased	0.857396449704142	0.857396449704142	1
12	7639361	7639362	104	26	3	2	1	1	NA	NA	NA	unphased	0.969230769230769	0.969230769230769	1
12	8689779	8689780	50	31	3	2	1	1	NA	NA	NA	unphased	1.85470085470085	0.927350427350427	2
12	14628838	14628839	36	17	3	2	1	1	NA	NA	NA	unphased	1.5544267053701	0.777213352685051	2
12	16111226	16111227	22	5	3	2	1	1	NA	NA	NA	unphased	0.897435897435897	0.897435897435897	1
12	40703008	40703009	67	27	4	2	2	1	NA	NA	NA	unphased	1.67921440261866	0.839607201309329	2
12	43793011	43793012	20	4	4	2	2	1	NA	NA	NA	unphased	0.974358974358974	0.974358974358974	1
12	43826170	43826171	60	29	4	2	2	1	NA	NA	NA	unphased	1.90492653414002	0.952463267070009	2
12	43847810	43847811	34	20	4	2	2	1	NA	NA	NA	unphased	2.16524216524217	1.08262108262108	2
12	48378343	48378344	59	11	4	2	2	1	NA	NA	NA	unphased	0.918681318681319	0.918681318681319	1
12	53700772	53700773	196	97	4	2	2	1	NA	NA	NA	unphased	1.93541611971646	0.96770805985823	2
12	54911594	54911595	92	52	4	2	2	1	NA	NA	NA	unphased	2.11111111111111	1.05555555555556	2
12	64202734	64202735	46	28	4	2	2	1	NA	NA	NA	unphased	2.21205821205821	1.10602910602911	2
12	64860814	64860815	116	57	4	2	2	1	NA	NA	NA	unphased	1.9261894175189	0.963094708759449	2
12	70990076	70990077	27	13	4	2	2	1	NA	NA	NA	unphased	1.9	0.95	2
12	72287056	72287057	71	15	4	2	2	1	NA	NA	NA	unphased	1.01967799642218	1.01967799642218	1
12	75804328	75804329	95	52	4	2	2	1	NA	NA	NA	unphased	2.06802721088435	1.03401360544218	2
12	81331544	81331545	2	8	4	2	2	1	NA	NA	NA	unphased	4.67692307692308	2.33846153846154	2
12	94769670	94769671	34	13	4	2	2	1	NA	NA	NA	unphased	1.61702127659574	0.808510638297872	2
12	98850255	98850256	39	3	4	2	2	1	NA	NA	NA	unphased	0.417582417582418	0.417582417582418	1
12	100660850	100660851	70	21	4	2	2	1	NA	NA	NA	unphased	1.3491124260355	1.3491124260355	1
12	104077059	104077060	75	28	4	2	2	1	NA	NA	NA	unphased	1.58924570575056	0.79462285287528	2
12	109644570	109644571	254	18	4	2	2	1	NA	NA	NA	unphased	0.386877828054299	0.386877828054299	1
12	112182552	112182553	65	31	4	2	2	1	NA	NA	NA	unphased	1.88782051282051	0.943910256410256	2
12	118639251	118639252	45	26	4	2	2	1	NA	NA	NA	unphased	2.14084507042254	1.07042253521127	2
12	121789998	121789999	33	18	4	2	2	1	NA	NA	NA	unphased	2.06334841628959	1.0316742081448	2
12	121958889	121958890	37	11	4	2	2	1	NA	NA	NA	unphased	1.33974358974359	1.33974358974359	1
12	124812032	124812033	65	34	4	2	2	1	NA	NA	NA	unphased	2.00777000777001	1.003885003885	2
12	132549311	132549312	42	24	4	2	2	1	NA	NA	NA	unphased	2.12587412587413	1.06293706293706	2
13	19997174	19997175	34	40	1.1	2	1	0.05	0	1	0.95	unphased	1.59251559251559	1.51668151668152	1.05
13	28240153	28240154	32	7	1.1	2	1	0.05	0	1	0.95	unphased	0.52879684418146	0.52879684418146	1
13	29608251	29608252	27	17	1.1	2	1	0.05	0	1	0.95	unphased	1.13828671328671	1.13828671328671	1
13	30097543	30097544	78	20	1.1	2	1	0.05	0	1	0.95	unphased	0.601255886970173	0.601255886970173	1
13	32920972	32920973	55	11	1.1	2	1	0.05	0	1	0.95	unphased	0.491025641025641	0.491025641025641	1
13	32944671	32944672	68	45	1.1	2	1	0.05	0	1	0.95	unphased	1.17324710687543	1.17324710687543	1
13	43934078	43934079	85	16	1.12	2	1	0.06	0	1	0.94	unphased	0.46988575780655	0.46988575780655	1
13	70413281	70413282	77	40	1.12	2	1	0.06	0	1	0.94	unphased	1.01406969099277	1.01406969099277	1
13	70413282	70413283	77	41	1.12	2	1	0.06	0	1	0.94	unphased	1.03061277705345	1.03061277705345	1
13	70514185	70514186	33	6	1.12	2	1	0.06	0	1	0.94	unphased	0.456331360946746	0.456331360946746	1
13	70514186	70514187	32	6	1.12	2	1	0.06	0	1	0.94	unphased	0.46834008097166	0.46834008097166	1
13	77570190	77570191	163	25	1.12	2	1	0.06	0	1	0.94	unphased	0.39443535188216	0.39443535188216	1
13	78173467	78173468	34	19	1.12	2	1	0.06	0	1	0.94	unphased	1.0633381712627	1.0633381712627	1
13	78334966	78334967	80	64	1.12	2	1	0.06	0	1	0.94	unphased	1.3182905982906	1.24367037574585	1.06
13	79176553	79176554	8	4	1.12	2	1	0.06	0	1	0.94	unphased	0.988717948717948	0.988717948717948	1
13	88327906	88327907	224	35	1.12	2	1	0.06	0	1	0.94	unphased	0.400831600831601	0.400831600831601	1
13	92101099	92101100	64	7	1.12	2	1	0.06	0	1	0.94	unphased	0.292437703141928	0.292437703141928	1
13	95226964	95226965	17	8	1.12	2	1	0.06	0	1	0.94	unphased	0.949169230769231	0.949169230769231	1
13	101294517	101294518	151	18	1.12	2	1	0.06	0	1	0.94	unphased	0.31592171142467	0.31592171142467	1
13	103519151	103519152	30	15	1.12	2	1	0.06	0	1	0.94	unphased	0.988717948717948	0.988717948717948	1
13	111098174	111098175	82	78	1.08	2	1	0.04	0	1	0.96	unphased	1.4265	1.37163461538462	1.04
14	20404189	20404190	85	40	NA	NA	NA	NA	NA	NA	NA	unphased	NA	NA	1
14	20444144	20444145	117	62	NA	NA	NA	NA	NA	NA	NA	unphased	NA	NA	1
14	20482682	20482683	33	7	NA	NA	NA	NA	NA	NA	NA	unphased	NA	NA	1
14	22192538	22192539	34	15	3	2	1	1	NA	NA	NA	unphased	1.48351648351648	1.48351648351648	1
14	22265875	22265876	90	18	3	2	1	1	NA	NA	NA	unphased	0.807692307692308	0.807692307692308	1
14	22363118	22363119	109	28	3	2	1	1	NA	NA	NA	unphased	0.990454800673779	0.990454800673779	1
14	22539447	22539448	49	10	3	2	1	1	NA	NA	NA	unphased	0.821382007822686	0.821382007822686	1
14	22749432	22749433	54	27	3	2	1	1	NA	NA	NA	unphased	1.61538461538462	0.807692307692308	2
14	28733811	28733812	42	10	3	2	1	1	NA	NA	NA	unphased	0.931952662721893	0.931952662721893	1
14	31774223	31774224	73	38	3	2	1	1	NA	NA	NA	unphased	1.65904365904366	0.82952182952183	2
14	36096988	36096989	53	28	3	2	1	1	NA	NA	NA	unphased	1.67521367521368	0.837606837606838	2
14	42356449	42356450	64	30	3	2	1	1	NA	NA	NA	unphased	1.54664484451719	0.773322422258593	2
14	45658088	45658089	57	36	3	2	1	1	NA	NA	NA	unphased	1.87593052109181	0.937965260545906	2
14	50088625	50088626	85	59	3	2	1	1	NA	NA	NA	unphased	1.98557692307692	0.992788461538462	2
14	51259443	51259444	41	22	3	2	1	1	NA	NA	NA	unphased	1.69230769230769	0.846153846153846	2
14	51398408	51398409	124	16	3	2	1	1	NA	NA	NA	unphased	0.553846153846154	0.553846153846154	1
14	58048009	58048010	24	5	3	2	1	1	NA	NA	NA	unphased	0.835543766578249	0.835543766578249	1
14	58471895	58471896	58	34	3	2	1	1	NA	NA	NA	unphased	1.79096989966555	0.895484949832776	2
14	60193707	60193708	10	4	3	2	1	1	NA	NA	NA	unphased	1.38461538461538	1.38461538461538	1
14	61115902	61115903	35	7	3	2	1	1	NA	NA	NA	unphased	0.807692307692308	0.807692307692308	1
14	68038550	68038551	38	11	3	2	1	1	NA	NA	NA	unphased	1.08791208791209	1.08791208791209	1
14	69529206	69529207	45	43	3	2	1	1	NA	NA	NA	unphased	2.36800699300699	1.1840034965035	2
14	70989979	70989980	152	39	3	2	1	1	NA	NA	NA	unphased	0.989528795811518	0.989528795811518	1
14	73957824	73957825	40	22	3	2	1	1	NA	NA	NA	unphased	1.71960297766749	0.859801488833747	2
14	94469689	94469690	8	11	3	2	1	1	NA	NA	NA	unphased	2.80566801619433	1.40283400809717	2
14	100789721	100789722	42	7	3	2	1	1	NA	NA	NA	unphased	0.692307692307692	0.692307692307692	1
14	101515906	101515907	77	42	3	2	1	1	NA	NA	NA	unphased	1.710407239819	0.855203619909502	2
14	103915264	103915265	136	25	3	2	1	1	NA	NA	NA	unphased	0.752508361204013	0.752508361204013	1
14	104624145	104624146	15	4	3	2	1	1	NA	NA	NA	unphased	1.02024291497976	1.02024291497976	1
14	105070803	105070804	6	3	3	2	1	1	NA	NA	NA	unphased	1.61538461538462	1.61538461538462	1
14	106780968	106780969	34	14	NA	NA	NA	NA	NA	NA	NA	unphased	NA	NA	1
15	22709221	22709222	92	36	NA	NA	NA	NA	NA	NA	NA	unphased	NA	NA	1
15	23692320	23692321	18	9	4	2	2	1	NA	NA	NA	unphased	1.94871794871795	0.974358974358974	2
15	25307494	25307495	95	49	4	2	2	1	NA	NA	NA	unphased	1.98931623931624	0.99465811965812	2
15	25417658	25417659	22	4	4	2	2	1	NA	NA	NA	unphased	0.899408284023669	0.899408284023669	1
15	25494363	25494364	298	38	4	2	2	1	NA	NA	NA	unphased	0.661172161172161	0.661172161172161	1
15	25616126	25616127	58	25	4	2	2	1	NA	NA	NA	unphased	1.76088971269694	0.880444856348471	2
15	25924722	25924723	62	37	4	2	2	1	NA	NA	NA	unphased	2.18492618492618	1.09246309246309	2
15	28196992	28196993	41	10	4	2	2	1	NA	NA	NA	unphased	1.14630467571644	1.14630467571644	1
15	28389935	28389936	68	19	4	2	2	1	NA	NA	NA	unphased	1.27674624226348	1.27674624226348	1
15	31234046	31234047	95	44	4	2	2	1	NA	NA	NA	unphased	1.85058107360266	0.925290536801328	2
15	31294038	31294039	76	25	4	2	2	1	NA	NA	NA	unphased	1.44706778370145	0.723533891850724	2
15	34049696	34049697	11	5	4	2	2	1	NA	NA	NA	unphased	1.82692307692308	1.82692307692308	1
15	34102747	34102748	43	19	4	2	2	1	NA	NA	NA	unphased	1.79156327543424	0.895781637717121	2
15	41192319	41192320	140	78	4	2	2	1	NA	NA	NA	unphased	2.09174311926605	1.04587155963303	2
15	43621184	43621185	144	101	4	2	2	1	NA	NA	NA	unphased	2.41004709576138	1.20502354788069	2
15	44876660	44876661	95	5	4	2	2	1	NA	NA	NA	unphased	0.292307692307692	0.292307692307692	1
15	45409294	45409295	41	9	4	2	2	1	NA	NA	NA	unphased	1.05230769230769	1.05230769230769	1
15	48543964	48543965	49	16	4	2	2	1	NA	NA	NA	unphased	1.43905325443787	1.43905325443787	1
15	48780306	48780307	126	53	4	2	2	1	NA	NA	NA	unphased	1.73098409969918	0.865492049849592	2
15	49254800	49254801	41	25	4	2	2	1	NA	NA	NA	unphased	2.21445221445221	1.10722610722611	2
15	50271995	50271996	69	41	4	2	2	1	NA	NA	NA	unphased	2.17902097902098	1.08951048951049	2
15	50549685	50549686	107	53	4	2	2	1	NA	NA	NA	unphased	1.93653846153846	0.968269230769231	2
15	51830481	51830482	114	61	4	2	2	1	NA	NA	NA	unphased	2.0378021978022	1.0189010989011	2
15	51830482	51830483	109	60	4	2	2	1	NA	NA	NA	unphased	2.07555757851616	1.03777878925808	2
15	63125642	63125643	71	53	4	2	2	1	NA	NA	NA	unphased	2.49875930521092	1.24937965260546	2
15	63598026	63598027	26	19	4	2	2	1	NA	NA	NA	unphased	2.46837606837607	1.23418803418803	2
15	70976769	70976770	150	74	4	2	2	1	NA	NA	NA	unphased	1.93131868131868	0.965659340659341	2
15	74627567	74627568	34	20	4	2	2	1	NA	NA	NA	unphased	2.16524216524217	1.08262108262108	2
15	77450848	77450849	92	49	4	2	2	1	NA	NA	NA	unphased	2.0316421167485	1.01582105837425	2
15	78466838	78466839	45	22	4	2	2	1	NA	NA	NA	unphased	1.91963260619977	0.959816303099885	2
15	81271541	81271542	80	24	4	2	2	1	NA	NA	NA	unphased	1.3491124260355	1.3491124260355	1
15	84558880	84558881	126	63	4	2	2	1	NA	NA	NA	unphased	1.94871794871795	0.974358974358974	2
15	85360217	85360218	33	14	4	2	2	1	NA	NA	NA	unphased	1.74140752864157	0.870703764320786	2
15	85619148	85619149	250	100	4	2	2	1	NA	NA	NA	unphased	1.67032967032967	0.835164835164835	2
15	90176084	90176085	15	10	4	2	2	1	NA	NA	NA	unphased	2.33846153846154	1.16923076923077	2
15	91578521	91578522	12	10	4	2	2	1	NA	NA	NA	unphased	2.65734265734266	1.32867132867133	2
16	814991	814992	21	14	4	2	2	1	NA	NA	NA	unphased	2.33846153846154	1.16923076923077	2
16	1144030	1144031	14	9	4	2	2	1	NA	NA	NA	unphased	2.2876254180602	1.1438127090301	2
16	1291667	1291668	38	8	4	2	2	1	NA	NA	NA	unphased	1.01672240802676	1.01672240802676	1
16	3434702	3434703	200	95	4	2	2	1	NA	NA	NA	unphased	1.88265971316819	0.941329856584094	2
16	4415001	4415002	12	5	4	2	2	1	NA	NA	NA	unphased	1.71945701357466	1.71945701357466	1
16	4752156	4752157	28	17	4	2	2	1	NA	NA	NA	unphased	2.20854700854701	1.1042735042735	2
16	21210928	21210929	46	17	4	2	2	1	NA	NA	NA	unphased	1.57753357753358	0.788766788766789	2
16	28109798	28109799	45	24	4	2	2	1	NA	NA	NA	unphased	2.03344481605351	1.01672240802676	2
16	28970372	28970373	103	23	4	2	2	1	NA	NA	NA	unphased	1.06715506715507	1.06715506715507	1
16	30910772	30910773	81	52	4	2	2	1	NA	NA	NA	unphased	2.28571428571429	1.14285714285714	2
16	30990906	30990907	21	15	4	2	2	1	NA	NA	NA	unphased	2.43589743589744	1.21794871794872	2
16	31151699	31151700	92	10	4	2	2	1	NA	NA	NA	unphased	0.57315233785822	0.57315233785822	1
16	31154773	31154774	78	27	4	2	2	1	NA	NA	NA	unphased	1.5032967032967	0.751648351648352	2
16	32077420	32077421	231	58	3	2	1	1	NA	NA	NA	unphased	0.972584508916689	0.972584508916689	1
16	46695754	46695755	120	22	3	2	1	1	NA	NA	NA	unphased	0.750812567713976	0.750812567713976	1
16	47622892	47622893	62	16	3	2	1	1	NA	NA	NA	unphased	0.994082840236686	0.994082840236686	1
16	48180384	48180385	32	33	3	2	1	1	NA	NA	NA	unphased	2.4603550295858	1.2301775147929	2
16	50744940	50744941	76	16	3	2	1	1	NA	NA	NA	unphased	0.842809364548495	0.842809364548495	1
16	57059881	57059882	79	28	3	2	1	1	NA	NA	NA	unphased	1.26815240833932	1.26815240833932	1
16	66764023	66764024	67	17	3	2	1	1	NA	NA	NA	unphased	0.980769230769231	0.980769230769231	1
16	75563609	75563610	51	14	3	2	1	1	NA	NA	NA	unphased	1.04378698224852	1.04378698224852	1
16	77225392	77225393	27	3	3	2	1	1	NA	NA	NA	unphased	0.484615384615385	0.484615384615385	1
16	81199486	81199487	12	12	3	2	1	1	NA	NA	NA	unphased	2.42307692307692	1.21153846153846	2
16	87367543	87367544	63	15	3	2	1	1	NA	NA	NA	unphased	0.931952662721893	0.931952662721893	1
16	88908313	88908314	26	5	3	2	1	1	NA	NA	NA	unphased	0.781637717121588	0.781637717121588	1
16	89927143	89927144	11	7	NA	NA	NA	NA	NA	NA	NA	unphased	NA	NA	1
17	2601426	2601427	6	4	3	2	1	1	NA	NA	NA	unphased	1.93846153846154	1.93846153846154	1
17	3807226	3807227	68	9	3	2	1	1	NA	NA	NA	unphased	0.566433566433566	0.566433566433566	1
17	5015122	5015123	45	11	3	2	1	1	NA	NA	NA	unphased	0.951923076923077	0.951923076923077	1
17	6374625	6374626	12	8	3	2	1	1	NA	NA	NA	unphased	1.93846153846154	0.969230769230769	2
17	6733598	6733599	61	25	3	2	1	1	NA	NA	NA	unphased	1.4087656529517	0.70438282647585	2
17	7577535	7577536	66	15	3	2	1	1	NA	NA	NA	unphased	0.897435897435897	0.897435897435897	1
17	7578456	7578457	52	25	3	2	1	1	NA	NA	NA	unphased	1.57342657342657	0.786713286713287	2
17	8161516	8161517	62	45	3	2	1	1	NA	NA	NA	unphased	2.03810208483106	1.01905104241553	2
17	8351895	8351896	65	19	3	2	1	1	NA	NA	NA	unphased	1.09615384615385	1.09615384615385	1
17	9480080	9480081	39	22	3	2	1	1	NA	NA	NA	unphased	1.74779319041614	0.873896595208071	2
17	9830030	9830031	69	40	3	2	1	1	NA	NA	NA	unphased	1.77840508115737	0.889202540578687	2
17	10356532	10356533	77	54	3	2	1	1	NA	NA	NA	unphased	1.99765120375807	0.998825601879037	2
17	12656549	12656550	140	35	3	2	1	1	NA	NA	NA	unphased	0.969230769230769	0.969230769230769	1
17	15641351	15641352	119	19	3	2	1	1	NA	NA	NA	unphased	0.667224080267558	0.667224080267558	1
17	18039047	18039048	36	12	3	2	1	1	NA	NA	NA	unphased	1.21153846153846	1.21153846153846	1
17	18070960	18070961	28	24	3	2	1	1	NA	NA	NA	unphased	2.23668639053254	1.11834319526627	2
17	18178285	18178286	72	51	3	2	1	1	NA	NA	NA	unphased	2.0093808630394	1.0046904315197	2
17	21730736	21730737	6	5	3	2	1	1	NA	NA	NA	unphased	2.2027972027972	1.1013986013986	2
17	21731478	21731479	26	14	3	2	1	1	NA	NA	NA	unphased	1.69615384615385	0.848076923076923	2
17	21825402	21825403	15	7	3	2	1	1	NA	NA	NA	unphased	1.54195804195804	1.54195804195804	1
17	33456481	33456482	72	48	3	2	1	1	NA	NA	NA	unphased	1.93846153846154	0.969230769230769	2
17	34171707	34171708	11	4	3	2	1	1	NA	NA	NA	unphased	1.29230769230769	1.29230769230769	1
17	36714568	36714569	31	27	3	2	1	1	NA	NA	NA	unphased	2.25596816976127	1.12798408488064	2
17	42030290	42030291	44	39	3	2	1	1	NA	NA	NA	unphased	2.27710843373494	1.13855421686747	2
17	45235616	45235617	35	11	3	2	1	1	NA	NA	NA	unphased	1.15886287625418	1.15886287625418	1
17	45668242	45668243	151	14	3	2	1	1	NA	NA	NA	unphased	0.411188811188811	0.411188811188811	1
17	48069068	48069069	24	14	3	2	1	1	NA	NA	NA	unphased	1.78542510121457	0.892712550607287	2
17	48649239	48649240	52	16	3	2	1	1	NA	NA	NA	unphased	1.14027149321267	1.14027149321267	1
17	48917536	48917537	57	10	3	2	1	1	NA	NA	NA	unphased	0.723306544202067	0.723306544202067	1
17	56247866	56247867	143	27	3	2	1	1	NA	NA	NA	unphased	0.769683257918552	0.769683257918552	1
17	56343620	56343621	48	12	3	2	1	1	NA	NA	NA	unphased	0.969230769230769	0.969230769230769	1
17	57733349	57733350	94	25	3	2	1	1	NA	NA	NA	unphased	1.01809954751131	1.01809954751131	1
17	62746126	62746127	69	5	3	2	1	1	NA	NA	NA	unphased	0.327442827442827	0.327442827442827	1
17	63010557	63010558	64	41	3	2	1	1	NA	NA	NA	unphased	1.89230769230769	0.946153846153846	2
17	66251839	66251840	94	59	3	2	1	1	NA	NA	NA	unphased	1.86877828054299	0.934389140271493	2
17	66928540	66928541	78	14	3	2	1	1	NA	NA	NA	unphased	0.737458193979933	0.737458193979933	1
18	580552	580553	51	8	2.34	2	1	0.34	1	1	0.66	unphased	0.56761408083442	0.56761408083442	1
18	724497	724498	80	13	2.34	2	1	0.34	1	1	0.66	unphased	0.585161290322581	0.585161290322581	1
18	14848927	14848928	23	5	2.34	2	1	0.34	1	1	0.66	unphased	0.747527472527473	0.747527472527473	1
18	21478917	21478918	33	8	2.34	2	1	0.34	1	1	0.66	unphased	0.816810506566604	0.816810506566604	1
18	31802994	31802995	38	37	2	2	0	1	NA	NA	NA	unphased	1.8974358974359	0.948717948717949	2
18	54398665	54398666	48	7	2	2	0	1	NA	NA	NA	unphased	0.489510489510489	0.489510489510489	1
18	61304958	61304959	66	63	2	2	0	1	NA	NA	NA	unphased	1.8783542039356	0.9391771019678	2
18	63530158	63530159	36	29	2	2	0	1	NA	NA	NA	unphased	1.71597633136095	0.857988165680473	2
18	67231764	67231765	27	26	2	2	0	1	NA	NA	NA	unphased	1.88679245283019	0.943396226415094	2
18	67231766	67231767	27	27	2	2	0	1	NA	NA	NA	unphased	1.92307692307692	0.961538461538461	2
19	694934	694935	9	10	2.3	2	2	0.15	1	1	0.85	unphased	2.18218623481781	1.89755324766766	1.15
19	1068535	1068536	9	8	2.3	2	2	0.15	1	1	0.85	unphased	1.95113122171946	1.69663584497344	1.15
19	2810339	2810340	19	4	2.3	2	2	0.15	1	1	0.85	unphased	0.721070234113712	0.721070234113712	1
19	7810767	7810768	162	72	2.3	2	2	0.15	1	1	0.85	unphased	1.27573964497041	1.1093388217134	1.15
19	8563165	8563166	17	14	2.3	2	2	0.15	1	1	0.85	unphased	1.87245657568238	1.62822310928903	1.15
19	8841615	8841616	88	45	2.3	2	2	0.15	1	1	0.85	unphased	1.40283400809717	1.21985565921493	1.15
19	9005595	9005596	174	80	2.3	2	2	0.15	1	1	0.85	unphased	1.30587522713507	1.13554367576963	1.15
19	9056213	9056214	210	100	2.3	2	2	0.15	1	1	0.85	unphased	1.33746898263027	1.16301650663502	1.15
19	9056608	9056609	72	46	2.3	2	2	0.15	1	1	0.85	unphased	1.61629726205997	1.40547588005215	1.15
19	9213748	9213749	83	42	2.3	2	2	0.15	1	1	0.85	unphased	1.39310769230769	1.21139799331104	1.15
19	9584930	9584931	99	48	2.3	2	2	0.15	1	1	0.85	unphased	1.35384615384615	1.17725752508361	1.15
19	10251545	10251546	146	74	2.3	2	2	0.15	1	1	0.85	unphased	1.39461538461538	1.21270903010033	1.15
19	11598247	11598248	51	27	2.3	2	2	0.15	1	1	0.85	unphased	1.43520710059172	1.24800617442758	1.15
19	12768922	12768923	60	38	2.3	2	2	0.15	1	1	0.85	unphased	1.60769230769231	1.39799331103679	1.15
19	12963198	12963199	67	19	2.3	2	2	0.15	1	1	0.85	unphased	0.916010733452594	0.916010733452594	1
19	15536510	15536511	28	22	2.3	2	2	0.15	1	1	0.85	unphased	1.82430769230769	1.58635451505017	1.15
19	17720812	17720813	116	62	2.3	2	2	0.15	1	1	0.85	unphased	1.44416594641314	1.25579647514186	1.15
19	18679272	18679273	375	159	2.3	2	2	0.15	1	1	0.85	unphased	1.23452895419188	1.07350343842772	1.15
19	20807397	20807398	101	12	NA	NA	NA	NA	NA	NA	NA	unphased	NA	NA	1
19	21607136	21607137	33	6	4	2	2	1	NA	NA	NA	unphased	0.899408284023669	0.899408284023669	1
19	22154700	22154701	127	51	4	2	2	1	NA	NA	NA	unphased	1.67502160760588	0.837510803802939	2
19	22271570	22271571	45	19	4	2	2	1	NA	NA	NA	unphased	1.73557692307692	0.867788461538462	2
19	30164859	30164860	57	35	4	2	2	1	NA	NA	NA	unphased	2.22408026755853	1.11204013377926	2
19	35169641	35169642	36	15	4	2	2	1	NA	NA	NA	unphased	1.71945701357466	0.85972850678733	2
19	36017689	36017690	71	32	4	2	2	1	NA	NA	NA	unphased	1.81628080657207	0.908140403286034	2
19	38993303	38993304	61	18	4	2	2	1	NA	NA	NA	unphased	1.33203505355404	1.33203505355404	1
19	39096257	39096258	9	10	4	2	2	1	NA	NA	NA	unphased	3.07692307692308	1.53846153846154	2
19	46526125	46526126	20	9	2	2	0	1	NA	NA	NA	unphased	1.19363395225464	1.19363395225464	1
19	46974356	46974357	24	11	4	2	2	1	NA	NA	NA	unphased	1.83736263736264	0.918681318681319	2
19	49812652	49812653	31	17	4	2	2	1	NA	NA	NA	unphased	2.07051282051282	1.03525641025641	2
19	51917029	51917030	115	48	4	2	2	1	NA	NA	NA	unphased	1.7215667767815	0.86078338839075	2
19	52034753	52034754	72	30	4	2	2	1	NA	NA	NA	unphased	1.71945701357466	0.85972850678733	2
19	52249291	52249292	113	58	4	2	2	1	NA	NA	NA	unphased	1.98290598290598	0.991452991452991	2
19	53678738	53678739	112	43	4	2	2	1	NA	NA	NA	unphased	1.62183622828784	0.81091811414392	2
19	54140173	54140174	128	44	4	2	2	1	NA	NA	NA	unphased	1.49552772808587	0.747763864042934	2
19	54401274	54401275	78	28	4	2	2	1	NA	NA	NA	unphased	1.54426705370102	0.772133526850508	2
19	55146608	55146609	46	11	4	2	2	1	NA	NA	NA	unphased	1.12820512820513	1.12820512820513	1
19	55670581	55670582	41	10	4	2	2	1	NA	NA	NA	unphased	1.14630467571644	1.14630467571644	1
19	56321513	56321514	64	23	4	2	2	1	NA	NA	NA	unphased	1.54553492484527	0.772767462422635	2
19	56370412	56370413	71	34	4	2	2	1	NA	NA	NA	unphased	1.89304029304029	0.946520146520146	2
19	56538651	56538652	29	11	4	2	2	1	NA	NA	NA	unphased	1.60769230769231	1.60769230769231	1
19	57328277	57328278	145	62	4	2	2	1	NA	NA	NA	unphased	1.75102192493497	0.875510962467484	2
19	57328278	57328279	145	60	4	2	2	1	NA	NA	NA	unphased	1.71106941838649	0.855534709193246	2
19	57867772	57867773	70	26	4	2	2	1	NA	NA	NA	unphased	1.58333333333333	0.791666666666667	2
19	58100029	58100030	73	27	4	2	2	1	NA	NA	NA	unphased	1.57846153846154	0.789230769230769	2
19	59021300	59021301	53	32	NA	NA	NA	NA	NA	NA	NA	unphased	NA	NA	1
2	3730596	3730597	108	100	1.5	2	1	0.25	1	0	0.75	unphased	1.60872781065089	1.28698224852071	1.25
2	12863630	12863631	73	56	1.5	2	1	0.25	1	0	0.75	unphased	1.4525939177102	1.16207513416816	1.25
2	21256231	21256232	65	64	1.5	2	1	0.25	1	0	0.75	unphased	1.66010733452594	1.32808586762075	1.25
2	24046408	24046409	76	12	1.5	2	1	0.25	1	0	0.75	unphased	0.456293706293706	0.456293706293706	1
2	27373019	27373020	59	40	1.5	2	1	0.25	1	0	0.75	unphased	1.35198135198135	1.08158508158508	1.25
2	27460930	27460931	41	40	1.5	2	1	0.25	1	0	0.75	unphased	1.65242165242165	1.32193732193732	1.25
2	27801260	27801261	46	7	1.5	2	1	0.25	1	0	0.75	unphased	0.441944847605225	0.441944847605225	1
2	32961769	32961770	64	45	1.5	2	1	0.25	1	0	0.75	unphased	1.38143966125618	1.10515172900494	1.25
2	37247017	37247018	38	34	1.5	2	1	0.25	1	0	0.75	unphased	1.58012820512821	1.26410256410256	1.25
2	48872228	48872229	93	11	1.5	2	1	0.25	1	0	0.75	unphased	0.353920118343195	1.41568047337278	0.25
2	51255263	51255264	7	5	1.5	2	1	0.25	1	0	0.75	unphased	1.39423076923077	1.39423076923077	1
2	56599484	56599485	4	5	1.5	2	1	0.25	1	0	0.75	unphased	1.85897435897436	1.85897435897436	1
2	74761090	74761091	126	29	1.5	2	1	0.25	1	0	0.75	unphased	0.62605459057072	0.62605459057072	1
2	75874309	75874310	7	7	1.5	2	1	0.25	1	0	0.75	unphased	1.67307692307692	1.67307692307692	1
2	89156784	89156785	13	11	1.5	2	1	0.25	1	0	0.75	unphased	1.53365384615385	1.53365384615385	1
2	89619854	89619855	23	4	1.5	2	1	0.25	1	0	0.75	unphased	0.495726495726496	0.495726495726496	1
2	96781413	96781414	37	28	4	4	0	1	NA	NA	NA	unphased	2.51834319526627	0.839447731755424	3
2	100170905	100170906	39	70	4	4	0	1	NA	NA	NA	unphased	3.75441072688779	0.938602681721948	4
2	112604761	112604762	27	61	4	4	0	1	NA	NA	NA	unphased	4.05244755244755	1.01311188811189	4
2	113591130	113591131	107	43	4	4	0	1	NA	NA	NA	unphased	1.67589743589744	0.837948717948718	2
2	120194772	120194773	65	150	4	4	0	1	NA	NA	NA	unphased	4.07871198568873	1.01967799642218	4
2	127818200	127818201	33	65	4	4	0	1	NA	NA	NA	unphased	3.87755102040816	0.969387755102041	4
2	128324315	128324316	14	28	4	4	0	1	NA	NA	NA	unphased	3.8974358974359	0.974358974358974	4
2	128775364	128775365	51	129	4	4	0	1	NA	NA	NA	unphased	4.18974358974359	1.0474358974359	4
2	141202227	141202228	34	72	4	4	0	1	NA	NA	NA	unphased	3.97097242380261	0.992743105950653	4
2	141986914	141986915	35	35	4	3	1	1	NA	NA	NA	unphased	2.92307692307692	0.974358974358974	3
2	143787240	143787241	92	42	4	4	0	1	NA	NA	NA	unphased	1.83237657864524	0.916188289322618	2
2	145157324	145157325	69	78	4	4	0	1	NA	NA	NA	unphased	3.10204081632653	1.03401360544218	3
2	165349450	165349451	13	20	4	4	0	1	NA	NA	NA	unphased	3.54312354312354	0.885780885780886	4
2	165997166	165997167	32	43	4	4	0	1	NA	NA	NA	unphased	3.35179487179487	1.11726495726496	3
2	166740349	166740350	33	65	4	4	0	1	NA	NA	NA	unphased	3.87755102040816	0.969387755102041	4
2	167279929	167279930	9	14	4	4	0	1	NA	NA	NA	unphased	3.55852842809365	0.889632107023411	4
2	168107332	168107333	54	101	4	4	0	1	NA	NA	NA	unphased	3.80942928039702	0.952357320099256	4
2	169707636	169707637	53	75	4	4	0	1	NA	NA	NA	unphased	3.42548076923077	1.14182692307692	3
2	179325138	179325139	24	54	4	4	0	1	NA	NA	NA	unphased	4.04733727810651	1.01183431952663	4
2	179411945	179411946	87	175	4	4	0	1	NA	NA	NA	unphased	3.904873752202	0.976218438050499	4
2	179413504	179413505	32	65	4	4	0	1	NA	NA	NA	unphased	3.91752577319588	0.979381443298969	4
2	179429563	179429564	38	18	4	4	0	1	NA	NA	NA	unphased	1.87912087912088	0.93956043956044	2
2	179442566	179442567	31	44	4	4	0	1	NA	NA	NA	unphased	3.42974358974359	0.857435897435897	4
2	179466839	179466840	30	70	4	4	0	1	NA	NA	NA	unphased	4.09230769230769	1.02307692307692	4
2	186673789	186673790	28	51	4	4	0	1	NA	NA	NA	unphased	3.77409931840312	0.943524829600779	4
2	198327403	198327404	48	105	4	4	0	1	NA	NA	NA	unphased	4.01206636500754	1.00301659125189	4
2	202337717	202337718	72	129	4	4	0	1	NA	NA	NA	unphased	3.75200918484501	0.938002296211251	4
2	206023448	206023449	108	132	4	4	0	1	NA	NA	NA	unphased	3.21538461538462	1.07179487179487	3
2	207583000	207583001	13	17	4	4	0	1	NA	NA	NA	unphased	3.31282051282051	1.1042735042735	3
2	219029166	219029167	210	13	4	4	0	1	NA	NA	NA	unphased	0.340807174887892	0.340807174887892	1
2	224822334	224822335	11	15	4	4	0	1	NA	NA	NA	unphased	3.37278106508876	1.12426035502959	3
2	225422372	225422373	24	47	4	4	0	1	NA	NA	NA	unphased	3.86998916576381	0.967497291440953	4
2	225653788	225653789	22	14	4	4	0	1	NA	NA	NA	unphased	2.27350427350427	1.13675213675214	2
2	228882813	228882814	91	190	4	4	0	1	NA	NA	NA	unphased	3.95291541199015	0.988228852997536	4
2	228884815	228884816	109	222	4	4	0	1	NA	NA	NA	unphased	3.92098535905182	0.980246339762956	4
2	241494374	241494375	78	191	4	4	0	1	NA	NA	NA	unphased	4.15098655990849	1.03774663997712	4
20	2464714	2464715	64	37	3	2	1	1	NA	NA	NA	unphased	1.77532368621478	0.887661843107388	2
20	3274873	3274874	38	7	3	2	1	1	NA	NA	NA	unphased	0.753846153846154	0.753846153846154	1
20	3673595	3673596	32	32	3	2	1	1	NA	NA	NA	unphased	2.42307692307692	1.21153846153846	2
20	4850593	4850594	67	58	3	2	1	1	NA	NA	NA	unphased	2.24861538461538	1.12430769230769	2
20	10032358	10032359	110	21	3	2	1	1	NA	NA	NA	unphased	0.776864357017029	0.776864357017029	1
20	13055142	13055143	207	10	3	2	1	1	NA	NA	NA	unphased	0.223325062034739	0.223325062034739	1
20	13830171	13830172	72	11	3	2	1	1	NA	NA	NA	unphased	0.642261353104727	0.642261353104727	1
20	14066306	14066307	30	19	3	2	1	1	NA	NA	NA	unphased	1.87912087912088	0.93956043956044	2
20	18505079	18505080	112	25	3	2	1	1	NA	NA	NA	unphased	0.884334643458731	0.884334643458731	1
20	25003610	25003611	41	11	3	2	1	1	NA	NA	NA	unphased	1.02514792899408	1.02514792899408	1
20	31673912	31673913	99	92	2.75	4	2	0.35	1	0	0.65	unphased	2.21385420861861	0.942065620688769	2.35
20	32078085	32078086	5	6	2.75	4	2	0.35	1	0	0.65	unphased	2.50699300699301	1.06680553489064	2.35
20	44171467	44171468	46	40	2	2	0	1	NA	NA	NA	unphased	1.78890876565295	0.894454382826476	2
20	44515305	44515306	46	45	2	2	0	1	NA	NA	NA	unphased	1.90194420963652	0.950972104818259	2
20	57415388	57415389	66	62	2	2	0	1	NA	NA	NA	unphased	1.86298076923077	0.931490384615385	2
20	58318261	58318262	33	40	2	2	0	1	NA	NA	NA	unphased	2.10748155953635	1.05374077976818	2
21	10862975	10862976	418	28	NA	NA	NA	NA	NA	NA	NA	unphased	NA	NA	1
21	10998335	10998336	171	10	NA	NA	NA	NA	NA	NA	NA	unphased	NA	NA	1
21	31062052	31062053	233	98	5	3	2	1	NA	NA	NA	unphased	2.0269579363235	1.01347896816175	2
21	31744208	31744209	41	35	5	3	2	1	NA	NA	NA	unphased	3.15283400809717	1.05094466936572	3
21	46117424	46117425	145	89	1.6	3	2	0.15	1	0	0.85	unphased	1.31071663379356	1.00824356445658	1.3
22	16256542	16256543	32	4	NA	NA	NA	NA	NA	NA	NA	unphased	NA	NA	1
22	16266988	16266989	267	32	NA	NA	NA	NA	NA	NA	NA	unphased	NA	NA	1
22	17619551	17619552	159	121	1.02	2	0	0.02	0	1	0.98	unphased	1.23858791208791	1.21430187459599	1.02
22	21075677	21075678	75	54	1.02	2	0	0.02	0	1	0.98	unphased	1.19978533094812	1.19978533094812	1
22	21096528	21096529	75	83	1.02	2	0	0.02	0	1	0.98	unphased	1.50563777994158	1.47611547053096	1.02
22	24487754	24487755	78	50	1.02	2	0	0.02	0	1	0.98	unphased	1.11959134615385	1.11959134615385	1
22	26423606	26423607	9	15	1.02	2	0	0.02	0	1	0.98	unphased	1.79134615384615	1.75622171945701	1.02
22	30398971	30398972	23	19	1.02	2	0	0.02	0	1	0.98	unphased	1.29659340659341	1.29659340659341	1
22	34046498	34046499	70	8	1.02	2	0	0.02	0	1	0.98	unphased	0.29396449704142	0.29396449704142	1
22	36155935	36155936	60	38	1.02	2	0	0.02	0	1	0.98	unphased	1.11136577708006	1.11136577708006	1
22	36702580	36702581	26	16	1.02	2	0	0.02	0	1	0.98	unphased	1.09186813186813	1.09186813186813	1
22	45731234	45731235	73	30	1.02	2	0	0.02	0	1	0.98	unphased	0.834802091112771	0.834802091112771	1
22	46088934	46088935	67	4	1.02	2	0	0.02	0	1	0.98	unphased	0.161473456121343	0.161473456121343	1
22	50191603	50191604	26	39	NA	NA	NA	NA	NA	NA	NA	unphased	NA	NA	1
3	39230708	39230709	31	16	2	2	0	1	NA	NA	NA	unphased	1.30932896890344	1.30932896890344	1
3	44932106	44932107	42	52	2	2	0	1	NA	NA	NA	unphased	2.12765957446809	1.06382978723404	2
3	49160960	49160961	35	48	2	2	0	1	NA	NA	NA	unphased	2.22428174235403	1.11214087117702	2
3	51937093	51937094	129	148	2	2	0	1	NA	NA	NA	unphased	2.05498472646487	1.02749236323244	2
3	52263187	52263188	61	62	2	2	0	1	NA	NA	NA	unphased	1.93871169480926	0.969355847404628	2
3	52847312	52847313	11	26	2	2	0	1	NA	NA	NA	unphased	2.7027027027027	1.35135135135135	2
3	62253410	62253411	85	63	2	2	0	1	NA	NA	NA	unphased	1.63721413721414	0.818607068607069	2
3	108690216	108690217	35	45	2	2	0	1	NA	NA	NA	unphased	2.16346153846154	1.08173076923077	2
3	113890803	113890804	5	8	3	3	0	1	NA	NA	NA	unphased	2.98224852071006	0.994082840236686	3
3	119276532	119276533	36	13	5	3	2	1	NA	NA	NA	unphased	1.81632653061224	0.908163265306122	2
3	124720846	124720847	24	6	3	3	0	1	NA	NA	NA	unphased	0.969230769230769	0.969230769230769	1
3	126726696	126726697	63	35	3	3	0	1	NA	NA	NA	unphased	1.73076923076923	0.865384615384615	2
3	130682847	130682848	122	69	3	3	0	1	NA	NA	NA	unphased	1.75070479258961	0.875352396294805	2
3	133099696	133099697	111	57	5	3	2	1	NA	NA	NA	unphased	2.3228021978022	1.1614010989011	2
3	138338594	138338595	77	55	5	3	2	1	NA	NA	NA	unphased	2.8525641025641	0.950854700854701	3
3	138739090	138739091	79	53	5	3	2	1	NA	NA	NA	unphased	2.7488344988345	0.916278166278166	3
3	140281054	140281055	89	45	5	3	2	1	NA	NA	NA	unphased	2.29908151549943	1.14954075774971	2
3	140397112	140397113	202	138	5	3	2	1	NA	NA	NA	unphased	2.77873303167421	0.926244343891403	3
3	143297492	143297493	83	37	5	3	2	1	NA	NA	NA	unphased	2.11089743589744	1.05544871794872	2
3	151094641	151094642	90	30	5	3	2	1	NA	NA	NA	unphased	1.71153846153846	0.855769230769231	2
3	155203428	155203429	70	24	5	3	2	1	NA	NA	NA	unphased	1.74795417348609	0.873977086743044	2
3	155311742	155311743	39	42	5	3	2	1	NA	NA	NA	unphased	3.54985754985755	1.18328584995252	3
3	169540419	169540420	76	43	5	3	2	1	NA	NA	NA	unphased	2.47382029734971	0.824606765783236	3
3	178936090	178936091	62	22	5	3	2	1	NA	NA	NA	unphased	1.79304029304029	0.896520146520147	2
3	179458135	179458136	100	46	5	3	2	1	NA	NA	NA	unphased	2.15700737618546	1.07850368809273	2
3	182733114	182733115	49	20	5	3	2	1	NA	NA	NA	unphased	1.98439241917503	0.992196209587514	2
3	194392914	194392915	42	30	5	3	2	1	NA	NA	NA	unphased	2.8525641025641	0.950854700854701	3
3	194392916	194392917	39	29	5	3	2	1	NA	NA	NA	unphased	2.91968325791855	0.973227752639517	3
4	8613818	8613819	16	22	2	2	0	1	NA	NA	NA	unphased	2.22672064777328	1.11336032388664	2
4	20598064	20598065	34	28	2	2	0	1	NA	NA	NA	unphased	1.73697270471464	0.86848635235732	2
4	42403060	42403061	81	84	2	2	0	1	NA	NA	NA	unphased	1.95804195804196	0.979020979020979	2
4	49040052	49040053	76	95	2	2	0	1	NA	NA	NA	unphased	2.13675213675214	1.06837606837607	2
4	69093607	69093608	30	28	2	2	0	1	NA	NA	NA	unphased	1.85676392572944	0.928381962864722	2
4	72338608	72338609	67	65	2	2	0	1	NA	NA	NA	unphased	1.89393939393939	0.946969696969697	2
4	83778277	83778278	17	18	2	2	0	1	NA	NA	NA	unphased	1.97802197802198	0.989010989010989	2
4	88973289	88973290	47	51	2	2	0	1	NA	NA	NA	unphased	2.00156985871272	1.00078492935636	2
4	96761452	96761453	22	16	2	2	0	1	NA	NA	NA	unphased	1.61943319838057	0.809716599190283	2
4	100784937	100784938	6	9	2	2	0	1	NA	NA	NA	unphased	2.30769230769231	1.15384615384615	2
4	153244197	153244198	66	52	2	2	0	1	NA	NA	NA	unphased	1.69491525423729	0.847457627118644	2
4	155530894	155530895	44	40	2	2	0	1	NA	NA	NA	unphased	1.83150183150183	0.915750915750916	2
4	162376271	162376272	21	23	2	2	0	1	NA	NA	NA	unphased	2.01048951048951	1.00524475524476	2
4	167833856	167833857	38	21	2	2	0	1	NA	NA	NA	unphased	1.36897001303781	1.36897001303781	1
4	189012775	189012776	107	92	NA	NA	NA	NA	NA	NA	NA	unphased	NA	NA	1
4	189012861	189012862	122	89	NA	NA	NA	NA	NA	NA	NA	unphased	NA	NA	1
5	453948	453949	43	5	NA	NA	NA	NA	NA	NA	NA	unphased	NA	NA	1
5	1084027	1084028	50	17	2.54	2	2	0.27	1	1	0.73	unphased	1.11290470723307	1.11290470723307	1
5	5462756	5462757	55	19	2.54	2	2	0.27	1	1	0.73	unphased	1.12617463617464	1.12617463617464	1
5	10405768	10405769	83	45	2.54	2	2	0.27	1	1	0.73	unphased	1.54200721153846	1.2141789067232	1.27
5	11411670	11411671	95	42	2.54	2	2	0.27	1	1	0.73	unphased	1.34466030320045	1.05878764031531	1.27
5	24492934	24492935	147	54	2.54	2	2	0.27	1	1	0.73	unphased	1.17836969001148	1.17836969001148	1
5	24593446	24593447	141	60	2.32	2	2	0.16	1	1	0.84	unphased	1.24362801377727	1.07209311532523	1.16
5	31317883	31317884	50	19	2.32	2	2	0.16	1	1	0.84	unphased	1.14720178372352	1.14720178372352	1
5	32390511	32390512	76	41	2.32	2	2	0.16	1	1	0.84	unphased	1.45993425378041	1.25856401187966	1.16
5	33624344	33624345	89	38	2.32	2	2	0.16	1	1	0.84	unphased	1.24656571774682	1.24656571774682	1
5	33637809	33637810	59	26	2.32	2	2	0.16	1	1	0.84	unphased	1.27435294117647	1.27435294117647	1
5	34005953	34005954	101	16	2.32	2	2	0.16	1	1	0.84	unphased	0.569730440499671	0.569730440499671	1
5	36249726	36249727	84	38	2.32	2	2	0.16	1	1	0.84	unphased	1.29765447667087	1.11866765230247	1.16
5	37605224	37605225	38	23	2.32	2	2	0.16	1	1	0.84	unphased	1.57084489281211	1.35417663173457	1.16
5	41004889	41004890	61	23	2.32	2	2	0.16	1	1	0.84	unphased	1.1407326007326	1.1407326007326	1
5	54398496	54398497	52	27	2.32	2	2	0.16	1	1	0.84	unphased	1.42387536514119	1.22747876305275	1.16
5	55185891	55185892	73	31	2.32	2	2	0.16	1	1	0.84	unphased	1.24183431952663	1.24183431952663	1
5	75594628	75594629	144	50	2.32	2	2	0.16	1	1	0.84	unphased	1.07375099127676	1.07375099127676	1
5	90087131	90087132	11	7	2.32	2	2	0.16	1	1	0.84	unphased	1.62017094017094	1.62017094017094	1
5	94024291	94024292	99	50	2.32	2	2	0.16	1	1	0.84	unphased	1.39803820340733	1.20520534776494	1.16
5	101572494	101572495	47	12	2.32	2	2	0.16	1	1	0.84	unphased	0.84735332464146	0.84735332464146	1
5	109103253	109103254	112	57	2.32	2	2	0.16	1	1	0.84	unphased	1.40515248065544	1.21133834539262	1.16
5	125894940	125894941	63	22	2.32	2	2	0.16	1	1	0.84	unphased	1.07829864253394	1.07829864253394	1
5	128442720	128442721	82	28	4	2	2	1	NA	NA	NA	unphased	1.48811188811189	0.744055944055944	2
5	128844852	128844853	59	42	4	2	2	1	NA	NA	NA	unphased	2.43107387661843	1.21553693830922	2
5	129243812	129243813	71	29	4	2	2	1	NA	NA	NA	unphased	1.69538461538462	0.847692307692308	2
5	131915104	131915105	86	37	4	2	2	1	NA	NA	NA	unphased	1.75859912445278	0.879299562226391	2
5	134232098	134232099	147	70	4	2	2	1	NA	NA	NA	unphased	1.88585607940447	0.942928039702233	2
5	135583363	135583364	97	50	4	2	2	1	NA	NA	NA	unphased	1.98848770277342	0.994243851386709	2
5	135651308	135651309	52	14	4	2	2	1	NA	NA	NA	unphased	1.24009324009324	1.24009324009324	1
5	137506040	137506041	98	60	4	2	2	1	NA	NA	NA	unphased	2.22005842259007	1.11002921129503	2
5	140207705	140207706	143	68	4	2	2	1	NA	NA	NA	unphased	1.88406853809697	0.942034269048487	2
5	140248758	140248759	109	66	4	2	2	1	NA	NA	NA	unphased	2.20483516483516	1.10241758241758	2
5	140308654	140308655	93	42	4	2	2	1	NA	NA	NA	unphased	1.81880341880342	0.909401709401709	2
5	140432758	140432759	135	69	4	2	2	1	NA	NA	NA	unphased	1.97737556561086	0.98868778280543	2
5	140474455	140474456	94	21	4	2	2	1	NA	NA	NA	unphased	1.06755852842809	1.06755852842809	1
5	140482411	140482412	146	67	4	2	2	1	NA	NA	NA	unphased	1.83893102202961	0.919465511014807	2
5	140501784	140501785	90	31	4	2	2	1	NA	NA	NA	unphased	1.49777495232041	0.748887476160203	2
5	140532059	140532060	185	90	4	2	2	1	NA	NA	NA	unphased	1.91328671328671	0.956643356643357	2
5	140554196	140554197	153	39	4	2	2	1	NA	NA	NA	unphased	1.1875	1.1875	1
5	140559815	140559816	153	74	4	2	2	1	NA	NA	NA	unphased	1.90579464588275	0.952897322941376	2
5	140573660	140573661	226	58	4	2	2	1	NA	NA	NA	unphased	1.19393282773564	1.19393282773564	1
5	140603985	140603986	81	32	4	2	2	1	NA	NA	NA	unphased	1.65554799183118	0.827773995915589	2
5	140767869	140767870	56	40	4	2	2	1	NA	NA	NA	unphased	2.43589743589744	1.21794871794872	2
5	140768531	140768532	81	35	4	2	2	1	NA	NA	NA	unphased	1.76392572944297	0.881962864721485	2
5	150578599	150578600	155	75	4	2	2	1	NA	NA	NA	unphased	1.90635451505017	0.953177257525084	2
5	156186417	156186418	69	44	2.3	2	2	0.15	1	1	0.85	unphased	1.614431586113	1.40385355314174	1.15
5	156479624	156479625	274	107	2.3	2	2	0.15	1	1	0.85	unphased	1.1644054108621	1.01252644422792	1.15
5	159776618	159776619	185	67	2.3	2	2	0.15	1	1	0.85	unphased	1.10235042735043	1.10235042735043	1
5	161324505	161324506	37	6	2.3	2	2	0.15	1	1	0.85	unphased	0.578533094812164	0.578533094812164	1
5	170148889	170148890	97	45	2.3	2	2	0.15	1	1	0.85	unphased	1.31392199349946	1.14254086391257	1.15
5	176931437	176931438	26	19	2.3	2	2	0.15	1	1	0.85	unphased	1.75059829059829	1.52225938312895	1.15
5	178413314	178413315	27	12	2.3	2	2	0.15	1	1	0.85	unphased	1.27573964497041	1.27573964497041	1
6	2948470	2948471	29	22	3	2	1	1	NA	NA	NA	unphased	2.09049773755656	1.04524886877828	2
6	10961550	10961551	37	19	3	2	1	1	NA	NA	NA	unphased	1.64423076923077	0.822115384615385	2
6	12124108	12124109	52	14	3	2	1	1	NA	NA	NA	unphased	1.02797202797203	1.02797202797203	1
6	27215750	27215751	44	35	3	2	1	1	NA	NA	NA	unphased	2.14703018500487	1.07351509250243	2
6	27805776	27805777	68	74	3	2	1	1	NA	NA	NA	unphased	2.52546045503792	1.26273022751896	2
6	27841216	27841217	47	24	3	2	1	1	NA	NA	NA	unphased	1.63813651137595	0.819068255687974	2
6	30121867	30121868	38	15	3	2	1	1	NA	NA	NA	unphased	1.37155297532656	1.37155297532656	1
6	30166843	30166844	25	15	3	2	1	1	NA	NA	NA	unphased	1.81730769230769	0.908653846153846	2
6	30955114	30955115	186	83	3	2	1	1	NA	NA	NA	unphased	1.49528167000286	0.74764083500143	2
6	31498658	31498659	41	23	3	2	1	1	NA	NA	NA	unphased	1.74158653846154	0.870793269230769	2
6	31695070	31695071	103	73	3	2	1	1	NA	NA	NA	unphased	2.01005244755245	1.00502622377622	2
6	32007588	32007589	28	10	3	2	1	1	NA	NA	NA	unphased	1.2753036437247	1.2753036437247	1
6	35392306	35392307	52	10	3	2	1	1	NA	NA	NA	unphased	0.781637717121588	0.781637717121588	1
6	43414986	43414987	171	42	3	2	1	1	NA	NA	NA	unphased	0.95557963163597	0.95557963163597	1
6	43582331	43582332	50	44	3	2	1	1	NA	NA	NA	unphased	2.2684124386252	1.1342062193126	2
6	44273517	44273518	142	78	3	2	1	1	NA	NA	NA	unphased	1.71818181818182	0.859090909090909	2
6	49701448	49701449	118	24	3	2	1	1	NA	NA	NA	unphased	0.819068255687974	0.819068255687974	1
6	51524708	51524709	45	24	3	2	1	1	NA	NA	NA	unphased	1.68561872909699	0.842809364548495	2
6	52054092	52054093	49	28	3	2	1	1	NA	NA	NA	unphased	1.76223776223776	0.881118881118881	2
6	56484783	56484784	129	43	3	2	1	1	NA	NA	NA	unphased	1.21153846153846	1.21153846153846	1
6	70877931	70877932	63	36	3	2	1	1	NA	NA	NA	unphased	1.76223776223776	0.881118881118881	2
6	96053843	96053844	81	9	3	2	1	1	NA	NA	NA	unphased	0.484615384615385	0.484615384615385	1
6	97629823	97629824	95	61	3	2	1	1	NA	NA	NA	unphased	1.89497041420118	0.947485207100592	2
6	99283326	99283327	6	5	3	2	1	1	NA	NA	NA	unphased	2.2027972027972	1.1013986013986	2
6	105526683	105526684	53	13	3	2	1	1	NA	NA	NA	unphased	0.954545454545455	0.954545454545455	1
6	106553406	106553407	133	17	3	2	1	1	NA	NA	NA	unphased	0.549230769230769	0.549230769230769	1
6	109871491	109871492	96	22	3	2	1	1	NA	NA	NA	unphased	0.903520208604954	0.903520208604954	1
6	117241611	117241612	89	49	3	2	1	1	NA	NA	NA	unphased	1.72073578595318	0.860367892976589	2
6	123600210	123600211	33	38	3	2	1	1	NA	NA	NA	unphased	2.59371614301192	1.29685807150596	2
6	127768024	127768025	63	43	3	2	1	1	NA	NA	NA	unphased	1.96589259796807	0.982946298984035	2
6	131481207	131481208	48	20	3	2	1	1	NA	NA	NA	unphased	1.42533936651584	1.42533936651584	1
6	144898391	144898392	26	21	3	2	1	1	NA	NA	NA	unphased	2.16530278232406	1.08265139116203	2
6	146275939	146275940	60	37	3	2	1	1	NA	NA	NA	unphased	1.84853291038858	0.92426645519429	2
6	155606407	155606408	25	5	3	2	1	1	NA	NA	NA	unphased	0.807692307692308	0.807692307692308	1
6	161022045	161022046	57	36	3	2	1	1	NA	NA	NA	unphased	1.87593052109181	0.937965260545906	2
6	161071442	161071443	137	86	3	2	1	1	NA	NA	NA	unphased	1.86892031735081	0.934460158675405	2
6	163991874	163991875	109	5	3	2	1	1	NA	NA	NA	unphased	0.212550607287449	0.212550607287449	1
6	167595374	167595375	20	14	3	2	1	1	NA	NA	NA	unphased	1.99547511312217	0.997737556561086	2
7	4188934	4188935	32	10	1.27	2	2	0.09	0	1	0.91	unphased	0.741941391941392	0.741941391941392	1
7	13950875	13950876	35	12	1.27	2	2	0.09	0	1	0.91	unphased	0.795613747954173	0.795613747954173	1
7	13971313	13971314	40	29	1.27	2	2	0.09	0	1	0.91	unphased	1.3096878483835	1.3096878483835	1
7	23391039	23391040	66	30	1.27	2	2	0.09	0	1	0.91	unphased	0.973798076923077	0.973798076923077	1
7	27150362	27150363	11	12	1.27	2	2	0.09	0	1	0.91	unphased	1.62581939799331	1.49157742935166	1.09
7	28527825	28527826	84	35	1.27	2	2	0.09	0	1	0.91	unphased	0.916515837104072	0.916515837104072	1
7	30469037	30469038	262	87	1.27	2	2	0.09	0	1	0.91	unphased	0.776806259642936	0.776806259642936	1
7	31124404	31124405	95	45	1.27	2	2	0.09	0	1	0.91	unphased	1.00162087912088	1.00162087912088	1
7	38370156	38370157	83	26	1.27	2	2	0.09	0	1	0.91	unphased	0.743302752293578	0.743302752293578	1
7	38794491	38794492	30	16	1.27	2	2	0.09	0	1	0.91	unphased	1.08387959866221	1.08387959866221	1
7	43400556	43400557	84	35	1.27	2	2	0.09	0	1	0.91	unphased	0.916515837104072	0.916515837104072	1
7	43918821	43918822	66	19	1.27	2	2	0.09	0	1	0.91	unphased	0.696552036199095	0.696552036199095	1
7	44576448	44576449	78	28	1.27	2	2	0.09	0	1	0.91	unphased	0.823134978229318	0.823134978229318	1
7	56127248	56127249	66	35	1.27	2	2	0.09	0	1	0.91	unphased	1.07985529322163	1.07985529322163	1
7	75442679	75442680	76	23	1.27	2	2	0.09	0	1	0.91	unphased	0.723954933954934	0.723954933954934	1
7	75651306	75651307	58	39	1.27	2	2	0.09	0	1	0.91	unphased	1.25288659793814	1.25288659793814	1
7	80141169	80141170	26	9	1.27	2	2	0.09	0	1	0.91	unphased	0.801296703296703	0.801296703296703	1
7	86415632	86415633	147	73	1.27	2	2	0.09	0	1	0.91	unphased	1.0339965034965	1.0339965034965	1
7	95499271	95499272	76	51	1.27	2	2	0.09	0	1	0.91	unphased	1.25136886735312	1.14804483243405	1.09
7	100084640	100084641	30	13	1.27	2	2	0.09	0	1	0.91	unphased	0.942093023255814	0.942093023255814	1
7	100211277	100211278	64	26	1.27	2	2	0.09	0	1	0.91	unphased	0.900222222222222	0.900222222222222	1
7	100608728	100608729	64	16	1.27	2	2	0.09	0	1	0.91	unphased	0.623230769230769	0.623230769230769	1
7	100677336	100677337	270	188	1.27	2	2	0.09	0	1	0.91	unphased	1.27911991938193	1.17350451319443	1.09
7	102517977	102517978	86	53	1.27	2	2	0.09	0	1	0.91	unphased	1.18817376867737	1.18817376867737	1
7	103137094	103137095	90	30	1.27	2	2	0.09	0	1	0.91	unphased	0.779038461538461	0.779038461538461	1
7	103143640	103143641	61	28	1.27	2	2	0.09	0	1	0.91	unphased	0.980363007778738	0.980363007778738	1
7	103194107	103194108	43	16	1.27	2	2	0.09	0	1	0.91	unphased	0.845058670143416	0.845058670143416	1
7	103205998	103205999	23	18	1.27	2	2	0.09	0	1	0.91	unphased	1.36806754221388	1.36806754221388	1
7	103322620	103322621	155	7	1.27	2	2	0.09	0	1	0.91	unphased	0.134648622981956	1.49609581091063	0.09
7	104809642	104809643	82	46	1.27	2	2	0.09	0	1	0.91	unphased	1.11986778846154	1.11986778846154	1
7	106523474	106523475	253	139	1.27	2	2	0.09	0	1	0.91	unphased	1.10496271585557	1.10496271585557	1
7	106786782	106786783	98	24	1.27	2	2	0.09	0	1	0.91	unphased	0.613013871374527	0.613013871374527	1
7	107545939	107545940	120	32	1.27	2	2	0.09	0	1	0.91	unphased	0.656032388663968	0.656032388663968	1
7	111430511	111430512	33	17	1.27	2	2	0.09	0	1	0.91	unphased	1.05949230769231	1.05949230769231	1
7	117432075	117432076	162	60	1.27	2	2	0.09	0	1	0.91	unphased	0.842203742203742	0.842203742203742	1
7	128494158	128494159	28	35	1.27	2	2	0.09	0	1	0.91	unphased	1.73119658119658	1.58825374421705	1.09
7	128802337	128802338	35	19	1.27	2	2	0.09	0	1	0.91	unphased	1.0964245014245	1.0964245014245	1
7	134890723	134890724	165	60	1.27	2	2	0.09	0	1	0.91	unphased	0.830974358974359	0.830974358974359	1
7	138258361	138258362	124	48	1.27	2	2	0.09	0	1	0.91	unphased	0.869624329159213	0.869624329159213	1
7	138487699	138487700	47	29	1.27	2	2	0.09	0	1	0.91	unphased	1.18905870445344	1.18905870445344	1
7	143175841	143175842	43	22	1.27	2	2	0.09	0	1	0.91	unphased	1.05469822485207	1.05469822485207	1
7	149420914	149420915	49	41	1.27	2	2	0.09	0	1	0.91	unphased	1.4195811965812	1.30236807025798	1.09
7	150324890	150324891	101	39	1.27	2	2	0.09	0	1	0.91	unphased	0.868071428571429	0.868071428571429	1
7	155530994	155530995	71	26	1.27	2	2	0.09	0	1	0.91	unphased	0.835257731958763	0.835257731958763	1
7	156798508	156798509	52	20	1.27	2	2	0.09	0	1	0.91	unphased	0.865598290598291	0.865598290598291	1
7	158851171	158851172	103	47	NA	NA	NA	NA	NA	NA	NA	unphased	NA	NA	1
8	10466395	10466396	191	73	4	2	2	1	NA	NA	NA	unphased	1.61655011655012	0.808275058275058	2
8	11607693	11607694	43	28	4	2	2	1	NA	NA	NA	unphased	2.30552546045504	1.15276273022752	2
8	19811776	19811777	115	48	4	2	2	1	NA	NA	NA	unphased	1.7215667767815	0.86078338839075	2
8	23423750	23423751	42	21	4	2	2	1	NA	NA	NA	unphased	1.94871794871795	0.974358974358974	2
8	25222157	25222158	18	3	4	2	2	1	NA	NA	NA	unphased	0.835164835164835	0.835164835164835	1
8	27729305	27729306	21	11	4	2	2	1	NA	NA	NA	unphased	2.00961538461538	1.00480769230769	2
8	30407059	30407060	120	44	4	2	2	1	NA	NA	NA	unphased	1.56848030018762	0.784240150093809	2
8	32505482	32505483	131	64	4	2	2	1	NA	NA	NA	unphased	1.91873767258383	0.959368836291913	2
8	35401984	35401985	55	28	4	2	2	1	NA	NA	NA	unphased	1.97219647822057	0.986098239110287	2
8	37730038	37730039	90	41	4	2	2	1	NA	NA	NA	unphased	1.82971227246036	0.914856136230182	2
8	43147759	43147760	85	40	4	2	2	1	NA	NA	NA	unphased	1.87076923076923	0.935384615384615	2
8	67509580	67509581	9	13	4	2	2	1	NA	NA	NA	unphased	3.45454545454546	1.72727272727273	2
8	68007902	68007903	69	32	4	2	2	1	NA	NA	NA	unphased	1.85224676313785	0.926123381568926	2
8	77895396	77895397	18	12	4	2	2	1	NA	NA	NA	unphased	2.33846153846154	1.16923076923077	2
8	77895397	77895398	19	12	4	2	2	1	NA	NA	NA	unphased	2.26302729528536	1.13151364764268	2
8	87242188	87242189	44	18	4	2	2	1	NA	NA	NA	unphased	1.69727047146402	0.84863523573201	2
8	100831672	100831673	136	38	4	2	2	1	NA	NA	NA	unphased	1.27674624226348	1.27674624226348	1
8	100871567	100871568	56	29	4	2	2	1	NA	NA	NA	unphased	1.99457013574661	0.997285067873303	2
8	101074867	101074868	62	26	4	2	2	1	NA	NA	NA	unphased	1.72727272727273	0.863636363636364	2
8	105361463	105361464	97	54	4	2	2	1	NA	NA	NA	unphased	2.09067753438614	1.04533876719307	2
8	108264187	108264188	153	59	4	2	2	1	NA	NA	NA	unphased	1.62699564586357	0.813497822931785	2
8	113318246	113318247	140	51	4	2	2	1	NA	NA	NA	unphased	1.56101490132904	0.780507450664519	2
8	120592359	120592360	424	179	4	2	2	1	NA	NA	NA	unphased	1.73542543691797	0.867712718458987	2
8	124553143	124553144	20	12	4	2	2	1	NA	NA	NA	unphased	2.19230769230769	1.09615384615385	2
8	125531057	125531058	91	30	4	2	2	1	NA	NA	NA	unphased	1.44945963127781	0.724729815638906	2
8	125531106	125531107	84	34	4	2	2	1	NA	NA	NA	unphased	1.6844850065189	0.842242503259452	2
8	131859753	131859754	28	9	4	2	2	1	NA	NA	NA	unphased	1.42203742203742	1.42203742203742	1
8	139323160	139323161	66	35	4	2	2	1	NA	NA	NA	unphased	2.02589489718203	1.01294744859101	2
8	139614403	139614404	59	23	4	2	2	1	NA	NA	NA	unphased	1.63977485928705	0.819887429643527	2
8	143922605	143922606	101	29	4	2	2	1	NA	NA	NA	unphased	1.30414201183432	1.30414201183432	1
8	144463990	144463991	22	9	4	2	2	1	NA	NA	NA	unphased	1.69727047146402	1.69727047146402	1
8	145623946	145623947	265	10	NA	NA	NA	NA	NA	NA	NA	unphased	NA	NA	1
9	396931	396932	30	87	NA	NA	NA	NA	NA	NA	NA	unphased	NA	NA	1
9	4844531	4844532	49	168	1.36	5	0	0.09	0	1	0.91	unphased	2.48218362282878	1.09347296159858	2.27
9	19316472	19316473	79	12	1.36	5	0	0.09	0	1	0.91	unphased	0.422789518174133	0.422789518174133	1
9	35076574	35076575	109	13	1.36	5	0	0.09	0	1	0.91	unphased	0.341639344262295	0.341639344262295	1
9	36087892	36087893	46	56	1.36	5	0	0.09	0	1	0.91	unphased	1.76024132730015	0.842220730765622	2.09
9	36665427	36665428	96	30	1.36	5	0	0.09	0	1	0.91	unphased	0.763369963369963	0.763369963369963	1
9	67951984	67951985	222	115	1.36	5	0	0.09	0	1	0.91	unphased	1.09408810773796	1.09408810773796	1
9	74477423	74477424	12	18	1.36	5	0	0.09	0	1	0.91	unphased	1.92369230769231	0.920426941479573	2.09
9	74477424	74477425	12	17	1.36	5	0	0.09	0	1	0.91	unphased	1.87946949602122	0.89926770144556	2.09
9	79917920	79917921	278	24	1.36	5	0	0.09	0	1	0.91	unphased	0.254793683138054	0.254793683138054	1
9	80919697	80919698	252	20	1.36	5	0	0.09	0	1	0.91	unphased	0.235746606334842	0.235746606334842	1
9	85616036	85616037	34	58	1.36	5	0	0.09	0	1	0.91	unphased	2.02127090301003	0.967115264598102	2.09
9	86451833	86451834	19	29	1.36	5	0	0.09	0	1	0.91	unphased	1.93705128205128	0.926818795239848	2.09
9	100849621	100849622	218	29	1.36	5	0	0.09	0	1	0.91	unphased	0.376431018374338	0.376431018374338	1
9	104499755	104499756	25	49	1.36	5	0	0.09	0	1	0.91	unphased	2.12299376299376	1.0157864894707	2.09
9	113149731	113149732	33	24	1.36	5	0	0.09	0	1	0.91	unphased	1.34995951417004	1.34995951417004	1
9	117069975	117069976	88	118	1.36	5	0	0.09	0	1	0.91	unphased	1.83653472740851	0.878724749956227	2.09
9	120475242	120475243	69	153	1.36	5	0	0.09	0	1	0.91	unphased	2.20964656964657	1.01359934387457	2.18
9	127563755	127563756	177	14	1.36	5	0	0.09	0	1	0.91	unphased	0.235006041079339	0.235006041079339	1
9	130207073	130207074	78	76	1.36	5	0	0.09	0	1	0.91	unphased	1.58225774225774	1.16342481048363	1.36
9	130536707	130536708	73	8	1.36	5	0	0.09	0	1	0.91	unphased	0.316657169990503	0.316657169990503	1
9	130656961	130656962	86	155	1.36	5	0	0.09	0	1	0.91	unphased	2.06204915416534	0.986626389552793	2.09
9	135114557	135114558	56	100	1.36	5	0	0.09	0	1	0.91	unphased	2.05522682445759	0.983362116965356	2.09
9	135862757	135862758	96	16	1.36	5	0	0.09	0	1	0.91	unphased	0.458021978021978	0.458021978021978	1
9	138387324	138387325	202	11	1.36	5	0	0.09	0	1	0.91	unphased	0.165576020223908	0.165576020223908	1
9	139401755	139401756	32	48	1.36	5	0	0.09	0	1	0.91	unphased	1.92369230769231	0.920426941479573	2.09
9	139401756	139401757	32	48	1.36	5	0	0.09	0	1	0.91	unphased	1.92369230769231	0.920426941479573	2.09
9	139726192	139726193	124	5	1.36	5	0	0.09	0	1	0.91	unphased	0.124269528920692	1.38077254356324	0.09
9	140509483	140509484	39	66	1.36	5	0	0.09	0	1	0.91	unphased	2.0152967032967	0.964256795835743	2.09
X	1317478	1317479	59	56	NA	NA	NA	NA	NA	NA	NA	unphased	NA	NA	1
X	3544546	3544547	7	26	NA	NA	NA	NA	NA	NA	NA	unphased	NA	NA	1
X	5811061	5811062	49	16	NA	NA	NA	NA	NA	NA	NA	unphased	NA	NA	1
X	18845391	18845392	18	37	NA	NA	NA	NA	NA	NA	NA	unphased	NA	NA	1
X	29301303	29301304	27	28	NA	NA	NA	NA	NA	NA	NA	unphased	NA	NA	1
X	48542367	48542368	28	45	NA	NA	NA	NA	NA	NA	NA	unphased	NA	NA	1
X	49161384	49161385	68	154	NA	NA	NA	NA	NA	NA	NA	unphased	NA	NA	1
X	52847273	52847274	12	19	NA	NA	NA	NA	NA	NA	NA	unphased	NA	NA	1
X	57313334	57313335	12	8	NA	NA	NA	NA	NA	NA	NA	unphased	NA	NA	1
X	64137692	64137693	9	18	NA	NA	NA	NA	NA	NA	NA	unphased	NA	NA	1
X	71359732	71359733	19	28	NA	NA	NA	NA	NA	NA	NA	unphased	NA	NA	1
X	84563146	84563147	12	25	NA	NA	NA	NA	NA	NA	NA	unphased	NA	NA	1
X	99661672	99661673	13	21	NA	NA	NA	NA	NA	NA	NA	unphased	NA	NA	1
X	101909537	101909538	60	108	NA	NA	NA	NA	NA	NA	NA	unphased	NA	NA	1
X	105279350	105279351	41	57	NA	NA	NA	NA	NA	NA	NA	unphased	NA	NA	1
X	109764980	109764981	10	30	NA	NA	NA	NA	NA	NA	NA	unphased	NA	NA	1
X	117700046	117700047	44	89	NA	NA	NA	NA	NA	NA	NA	unphased	NA	NA	1
X	128709966	128709967	32	61	NA	NA	NA	NA	NA	NA	NA	unphased	NA	NA	1
X	135429394	135429395	34	96	NA	NA	NA	NA	NA	NA	NA	unphased	NA	NA	1
X	140994994	140994995	115	185	NA	NA	NA	NA	NA	NA	NA	unphased	NA	NA	1
X	146360841	146360842	5	12	NA	NA	NA	NA	NA	NA	NA	unphased	NA	NA	1
X	152936759	152936760	9	35	NA	NA	NA	NA	NA	NA	NA	unphased	NA	NA	1
X	153279679	153279680	45	85	NA	NA	NA	NA	NA	NA	NA	unphased	NA	NA	1
