chr	start	end	WT.count	mut.count	subclonal.CN	nMaj1	nMin1	frac1	nMaj2	nMin2	frac2	phase	mutation.copy.number	subclonal.fraction	no.chrs.bearing.mut
1	22902746	22902747	114	10	2	1	1	1	NA	NA	NA	unphased	0.94876660341556	0.94876660341556	1
1	22915667	22915668	31	3	2	1	1	1	NA	NA	NA	unphased	1.03806228373702	1.03806228373702	1
1	32043051	32043052	106	18	2	1	1	1	NA	NA	NA	unphased	1.70777988614801	1.70777988614801	1
1	36758275	36758276	141	14	2	1	1	1	NA	NA	NA	unphased	1.06261859582543	1.06261859582543	1
1	39759268	39759269	101	13	2	1	1	1	NA	NA	NA	unphased	1.34158926728586	1.34158926728586	1
1	44437232	44437233	111	12	2	1	1	1	NA	NA	NA	unphased	1.14777618364419	1.14777618364419	1
1	65309863	65309864	143	12	2	1	1	1	NA	NA	NA	unphased	0.910815939278937	0.910815939278937	1
1	68948963	68948964	128	8	2	1	1	1	NA	NA	NA	unphased	0.692041522491349	0.692041522491349	1
1	79116057	79116058	190	23	2	1	1	1	NA	NA	NA	unphased	1.27036730185032	1.27036730185032	1
1	79412107	79412108	36	5	2	1	1	1	NA	NA	NA	unphased	1.43472022955524	1.43472022955524	1
1	86437057	86437058	38	10	2	1	1	1	NA	NA	NA	unphased	2.45098039215686	2.45098039215686	1
1	99422207	99422208	30	4	2	1	1	1	NA	NA	NA	unphased	1.3840830449827	1.3840830449827	1
1	111958992	111958993	81	8	2	1	1	1	NA	NA	NA	unphased	1.05750165234633	1.05750165234633	1
1	144931511	144931512	131	7	2	1	1	1	NA	NA	NA	unphased	0.596760443307758	0.596760443307758	1
1	153430331	153430332	77	13	2	1	1	1	NA	NA	NA	unphased	1.69934640522876	1.69934640522876	1
1	156214633	156214634	36	5	2	1	1	1	NA	NA	NA	unphased	1.43472022955524	1.43472022955524	1
1	156352097	156352098	15	4	2	1	1	1	NA	NA	NA	unphased	2.47678018575851	2.47678018575851	1
1	157771734	157771735	87	11	2	1	1	1	NA	NA	NA	unphased	1.32052821128451	1.32052821128451	1
1	159277542	159277543	84	5	2	1	1	1	NA	NA	NA	unphased	0.660938532716457	0.660938532716457	1
1	159856405	159856406	272	30	2	1	1	1	NA	NA	NA	unphased	1.16867939228672	1.16867939228672	1
1	161166604	161166605	238	21	2	1	1	1	NA	NA	NA	unphased	0.95389507154213	0.95389507154213	1
1	162569137	162569138	36	4	2	1	1	1	NA	NA	NA	unphased	1.17647058823529	1.17647058823529	1
1	173455535	173455536	153	10	2	1	1	1	NA	NA	NA	unphased	0.721761097076868	0.721761097076868	1
1	174200312	174200313	70	12	2	1	1	1	NA	NA	NA	unphased	1.72166427546628	1.72166427546628	1
1	176525950	176525951	100	14	2	1	1	1	NA	NA	NA	unphased	1.44478844169247	1.44478844169247	1
1	176679173	176679174	115	11	2	1	1	1	NA	NA	NA	unphased	1.02707749766573	1.02707749766573	1
1	176738885	176738886	131	16	2	1	1	1	NA	NA	NA	unphased	1.28051220488195	1.28051220488195	1
1	190423837	190423838	33	7	2	1	1	1	NA	NA	NA	unphased	2.05882352941176	2.05882352941176	1
1	206225109	206225110	81	6	2	1	1	1	NA	NA	NA	unphased	0.811359026369168	0.811359026369168	1
1	212798517	212798518	50	15	2	1	1	1	NA	NA	NA	unphased	2.71493212669683	2.71493212669683	1
1	216737606	216737607	99	9	2	1	1	1	NA	NA	NA	unphased	0.980392156862745	0.980392156862745	1
1	222695922	222695923	207	24	2	1	1	1	NA	NA	NA	unphased	1.22230710466005	1.22230710466005	1
1	241676984	241676985	114	8	2	1	1	1	NA	NA	NA	unphased	0.77145612343298	0.77145612343298	1
1	248525362	248525363	225	23	NA	NA	NA	NA	NA	NA	NA	unphased	NA	NA	1
10	3200271	3200272	52	11	0.96	0	0	0.52	1	1	0.48	unphased	1.87256769374416	1.87256769374416	1
10	17171787	17171788	53	15	0.96	0	0	0.52	1	1	0.48	unphased	2.36574394463668	2.36574394463668	1
10	17891702	17891703	175	24	0.96	0	0	0.52	1	1	0.48	unphased	1.29343186520839	1.29343186520839	1
10	35360252	35360253	33	5	0.96	0	0	0.52	1	1	0.48	unphased	1.41114551083591	1.41114551083591	1
10	37422939	37422940	258	28	0.96	0	0	0.52	1	1	0.48	unphased	1.04997120526532	1.04997120526532	1
10	50121552	50121553	115	16	0.96	0	0	0.52	1	1	0.48	unphased	1.30988774135608	1.30988774135608	1
10	64136172	64136173	54	5	0.96	0	0	0.52	1	1	0.48	unphased	0.908873379860419	0.908873379860419	1
10	71868814	71868815	91	7	0.96	0	0	0.52	1	1	0.48	unphased	0.766050420168067	0.766050420168067	1
10	72538324	72538325	183	20	0.96	0	0	0.52	1	1	0.48	unphased	1.05662126919733	1.05662126919733	1
10	75011616	75011617	92	9	0.96	0	0	0.52	1	1	0.48	unphased	0.955666860803727	0.955666860803727	1
10	92654620	92654621	186	26	0.96	0	0	0.52	1	1	0.48	unphased	1.31529411764706	1.31529411764706	1
10	102741279	102741280	101	8	0.96	0	0	0.52	1	1	0.48	unphased	0.787134376686454	0.787134376686454	1
10	115402702	115402703	80	8	0.96	0	0	0.52	1	1	0.48	unphased	0.974973262032086	0.974973262032086	1
10	117059659	117059660	85	10	0.96	0	0	0.52	1	1	0.48	unphased	1.12891640866873	1.12891640866873	1
10	125601863	125601864	94	14	0.96	0	0	0.52	1	1	0.48	unphased	1.39023965141612	1.39023965141612	1
11	5020634	5020635	199	23	2	1	1	0.4	1	1	0.6	unphased	1.21886592474828	1.21886592474828	1
11	5969441	5969442	103	17	2	1	1	0.4	1	1	0.6	unphased	1.66666666666667	1.66666666666667	1
11	6048825	6048826	64	4	2	1	1	0.4	1	1	0.6	unphased	0.692041522491349	0.692041522491349	1
11	8060299	8060300	32	3	2	1	1	0.4	1	1	0.6	unphased	1.00840336134454	1.00840336134454	1
11	20949940	20949941	67	13	2	1	1	0.4	1	1	0.6	unphased	1.91176470588235	1.91176470588235	1
11	22296126	22296127	92	8	2	1	1	0.4	1	1	0.6	unphased	0.941176470588235	0.941176470588235	1
11	32119957	32119958	70	5	2	1	1	0.4	1	1	0.6	unphased	0.784313725490196	0.784313725490196	1
11	55579624	55579625	131	9	2	1	1	0.4	1	1	0.6	unphased	0.756302521008403	0.756302521008403	1
11	55579643	55579644	117	8	2	1	1	0.4	1	1	0.6	unphased	0.752941176470588	0.752941176470588	1
11	55606863	55606864	90	7	2	1	1	0.4	1	1	0.6	unphased	0.848999393571862	0.848999393571862	1
11	55703792	55703793	60	5	2	1	1	0.4	1	1	0.6	unphased	0.904977375565611	0.904977375565611	1
11	56043270	56043271	78	8	2	1	1	0.4	1	1	0.6	unphased	1.09439124487004	1.09439124487004	1
11	57947065	57947066	201	21	2	1	1	0.4	1	1	0.6	unphased	1.11287758346582	1.11287758346582	1
11	57995650	57995651	34	5	2	1	1	0.4	1	1	0.6	unphased	1.50829562594268	1.50829562594268	1
11	59132561	59132562	154	16	2	1	1	0.4	1	1	0.6	unphased	1.10726643598616	1.10726643598616	1
11	60183387	60183388	55	13	2	1	1	0.4	1	1	0.6	unphased	2.24913494809689	2.24913494809689	1
11	67817660	67817661	87	7	2	1	1	0.4	1	1	0.6	unphased	0.876095118898623	0.876095118898623	1
11	77911205	77911206	91	5	2	1	1	0.4	1	1	0.6	unphased	0.612745098039216	0.612745098039216	1
11	89537511	89537512	54	4	2	1	1	0.4	1	1	0.6	unphased	0.811359026369168	0.811359026369168	1
11	103107202	103107203	86	14	2	1	1	0.4	1	1	0.6	unphased	1.64705882352941	1.64705882352941	1
11	114442124	114442125	213	23	2	1	1	0.4	1	1	0.6	unphased	1.14656031904287	1.14656031904287	1
12	7647933	7647934	120	7	1.09	1	1	0.09	0	1	0.91	unphased	0.59829087540528	0.59829087540528	1
12	8234868	8234869	8	6	1.09	1	1	0.09	0	1	0.91	unphased	4.65201680672269	4.65201680672269	1
12	14577857	14577858	65	6	1.09	1	1	0.09	0	1	0.91	unphased	0.917299088649544	0.917299088649544	1
12	20903807	20903808	42	4	1.09	1	1	0.09	0	1	0.91	unphased	0.94388746803069	0.94388746803069	1
12	27809546	27809547	72	7	1.09	1	1	0.09	0	1	0.91	unphased	0.96180938198064	0.96180938198064	1
12	39716518	39716519	111	6	1.09	1	1	0.09	0	1	0.91	unphased	0.556651583710407	0.556651583710407	1
12	40114665	40114666	68	11	1.09	1	1	0.09	0	1	0.91	unphased	1.51141474311243	1.51141474311243	1
12	53042804	53042805	59	8	1.09	1	1	0.09	0	1	0.91	unphased	1.29608428446005	1.29608428446005	1
12	57424912	57424913	75	18	1.09	1	1	0.09	0	1	0.91	unphased	2.10091081593928	2.10091081593928	1
12	63963072	63963073	121	5	1.09	1	1	0.09	0	1	0.91	unphased	0.430742296918767	0.430742296918767	1
12	81102368	81102369	79	10	1.09	1	1	0.09	0	1	0.91	unphased	1.21962987442168	1.21962987442168	1
12	91371892	91371893	86	10	1.09	1	1	0.09	0	1	0.91	unphased	1.13069852941176	1.13069852941176	1
12	100707202	100707203	41	6	2	1	1	0.46	1	1	0.54	unphased	1.50187734668335	1.50187734668335	1
12	104681195	104681196	118	12	2	1	1	0.46	1	1	0.54	unphased	1.08597285067873	1.08597285067873	1
12	105151585	105151586	84	7	2	1	1	0.46	1	1	0.54	unphased	0.904977375565611	0.904977375565611	1
12	121004660	121004661	163	13	2	1	1	0.46	1	1	0.54	unphased	0.868983957219251	0.868983957219251	1
12	122091021	122091022	19	4	2	1	1	0.46	1	1	0.54	unphased	2.0460358056266	2.0460358056266	1
12	129566381	129566382	61	6	2	1	1	0.46	1	1	0.54	unphased	1.05355575065847	1.05355575065847	1
13	26975729	26975730	85	8	2	1	1	0.45	1	1	0.55	unphased	1.01201771030993	1.01201771030993	1
13	31232809	31232810	72	4	2	1	1	0.45	1	1	0.55	unphased	0.619195046439628	0.619195046439628	1
13	32355818	32355819	69	5	2	1	1	0.45	1	1	0.55	unphased	0.794912559618442	0.794912559618442	1
13	36764162	36764163	76	4	2	1	1	0.45	1	1	0.55	unphased	0.588235294117647	0.588235294117647	1
13	73348184	73348185	86	12	2	1	1	0.45	1	1	0.55	unphased	1.4405762304922	1.4405762304922	1
13	78475288	78475289	47	8	2	1	1	0.45	1	1	0.55	unphased	1.71122994652406	1.71122994652406	1
13	92408648	92408649	101	10	2	1	1	0.45	1	1	0.55	unphased	1.05988341282459	1.05988341282459	1
13	92408649	92408650	95	10	2	1	1	0.45	1	1	0.55	unphased	1.12044817927171	1.12044817927171	1
14	20296383	20296384	112	11	NA	NA	NA	NA	NA	NA	NA	unphased	NA	NA	1
14	20388858	20388859	111	13	NA	NA	NA	NA	NA	NA	NA	unphased	NA	NA	1
14	20444084	20444085	161	14	NA	NA	NA	NA	NA	NA	NA	unphased	NA	NA	1
14	23884353	23884354	84	10	2	1	1	1	NA	NA	NA	unphased	1.25156445556946	1.25156445556946	1
14	31376125	31376126	91	8	2	1	1	1	NA	NA	NA	unphased	0.95068330362448	0.95068330362448	1
14	31598529	31598530	88	12	2	1	1	1	NA	NA	NA	unphased	1.41176470588235	1.41176470588235	1
14	44974454	44974455	44	8	2	1	1	1	NA	NA	NA	unphased	1.80995475113122	1.80995475113122	1
14	47315062	47315063	34	5	2	1	1	1	NA	NA	NA	unphased	1.50829562594268	1.50829562594268	1
14	64936414	64936415	48	7	2	1	1	1	NA	NA	NA	unphased	1.49732620320856	1.49732620320856	1
14	70633447	70633448	88	7	2	1	1	1	NA	NA	NA	unphased	0.86687306501548	0.86687306501548	1
14	76173402	76173403	151	14	2	1	1	1	NA	NA	NA	unphased	0.998217468805704	0.998217468805704	1
14	77942410	77942411	56	8	2	1	1	1	NA	NA	NA	unphased	1.47058823529412	1.47058823529412	1
14	79117521	79117522	66	10	2	1	1	1	NA	NA	NA	unphased	1.54798761609907	1.54798761609907	1
14	79175805	79175806	103	7	2	1	1	1	NA	NA	NA	unphased	0.748663101604278	0.748663101604278	1
14	90755210	90755211	47	5	2	1	1	1	NA	NA	NA	unphased	1.13122171945701	1.13122171945701	1
14	96777495	96777496	151	20	2	1	1	1	NA	NA	NA	unphased	1.37598899208806	1.37598899208806	1
14	100344833	100344834	112	14	2	1	1	1	NA	NA	NA	unphased	1.30718954248366	1.30718954248366	1
15	25219514	25219515	38	9	2	1	1	0.19	1	1	0.81	unphased	2.25281602002503	2.25281602002503	1
15	25330465	25330466	61	7	2	1	1	0.19	1	1	0.81	unphased	1.21107266435986	1.21107266435986	1
15	25468427	25468428	372	38	2	1	1	0.19	1	1	0.81	unphased	1.09038737446198	1.09038737446198	1
15	25601985	25601986	248	31	2	1	1	0.19	1	1	0.81	unphased	1.30718954248366	1.30718954248366	1
15	31332464	31332465	60	13	2	1	1	0.19	1	1	0.81	unphased	2.09508460918614	2.09508460918614	1
15	32925259	32925260	95	11	2	1	1	0.19	1	1	0.81	unphased	1.22086570477247	1.22086570477247	1
15	35240514	35240515	160	7	2	1	1	0.19	1	1	0.81	unphased	0.493131384290243	0.608804178136102	0.81
15	45847978	45847979	39	10	2	1	1	0.19	1	1	0.81	unphased	2.40096038415366	2.40096038415366	1
15	48782114	48782115	108	8	2	1	1	0.19	1	1	0.81	unphased	0.811359026369168	0.811359026369168	1
15	52536650	52536651	90	11	2	1	1	0.19	1	1	0.81	unphased	1.28130460104834	1.28130460104834	1
15	57921929	57921930	75	11	2	1	1	0.19	1	1	0.81	unphased	1.50478796169631	1.50478796169631	1
15	72954703	72954704	91	17	2	1	1	0.19	1	1	0.81	unphased	1.85185185185185	1.85185185185185	1
15	76630229	76630230	25	3	2	1	1	0.19	1	1	0.81	unphased	1.26050420168067	1.26050420168067	1
15	84639374	84639375	86	11	2	1	1	0.19	1	1	0.81	unphased	1.33414190418435	1.33414190418435	1
15	85383470	85383471	48	4	2	1	1	0.19	1	1	0.81	unphased	0.904977375565611	0.904977375565611	1
15	89074193	89074194	43	8	2	1	1	0.19	1	1	0.81	unphased	1.84544405997693	1.84544405997693	1
15	91485696	91485697	131	28	2	1	1	0.19	1	1	0.81	unphased	2.07177210506844	2.07177210506844	1
16	1479328	1479329	117	10	2	1	1	1	NA	NA	NA	unphased	0.926354793886058	0.926354793886058	1
16	20976462	20976463	196	26	2	1	1	1	NA	NA	NA	unphased	1.37784843667197	1.37784843667197	1
16	27363940	27363941	162	14	2	1	1	1	NA	NA	NA	unphased	0.935828877005348	0.935828877005348	1
16	34712306	34712307	14	3	2	1	1	1	NA	NA	NA	unphased	2.07612456747405	2.07612456747405	1
16	57756681	57756682	84	9	2	1	1	1	NA	NA	NA	unphased	1.13851992409867	1.13851992409867	1
16	57758564	57758565	30	3	2	1	1	1	NA	NA	NA	unphased	1.06951871657754	1.06951871657754	1
16	71570766	71570767	64	9	2	1	1	1	NA	NA	NA	unphased	1.45044319097502	1.45044319097502	1
16	84900596	84900597	65	8	2	1	1	1	NA	NA	NA	unphased	1.28928283642224	1.28928283642224	1
17	3324423	3324424	99	11	2	1	1	0.25	1	1	0.75	unphased	1.17647058823529	1.17647058823529	1
17	6683630	6683631	53	6	2	1	1	0.25	1	1	0.75	unphased	1.19641076769691	1.19641076769691	1
17	7980322	7980323	24	4	2	1	1	0.25	1	1	0.75	unphased	1.68067226890756	1.68067226890756	1
17	18394605	18394606	84	19	2	1	1	0.25	1	1	0.75	unphased	2.17018846373501	2.17018846373501	1
17	27005624	27005625	70	8	2	1	1	0.25	1	1	0.75	unphased	1.20663650075415	1.20663650075415	1
17	28544261	28544262	118	7	2	1	1	0.25	1	1	0.75	unphased	0.658823529411765	0.658823529411765	1
17	32583866	32583867	17	3	2	1	1	0.25	1	1	0.75	unphased	1.76470588235294	1.76470588235294	1
17	33497140	33497141	117	13	2	1	1	0.25	1	1	0.75	unphased	1.17647058823529	1.17647058823529	1
17	33689937	33689938	161	15	2	1	1	0.25	1	1	0.75	unphased	1.00267379679144	1.00267379679144	1
17	34497280	34497281	47	9	2	1	1	0.25	1	1	0.75	unphased	1.89075630252101	1.89075630252101	1
17	37187980	37187981	27	3	2	1	1	0.25	1	1	0.75	unphased	1.17647058823529	1.17647058823529	1
17	39296660	39296661	78	6	2	1	1	0.25	1	1	0.75	unphased	0.840336134453781	0.840336134453781	1
17	41719226	41719227	36	5	2	1	1	0.25	1	1	0.75	unphased	1.43472022955524	1.43472022955524	1
17	46862526	46862527	84	7	2	1	1	0.25	1	1	0.75	unphased	0.904977375565611	0.904977375565611	1
17	48594716	48594717	152	21	2	1	1	0.25	1	1	0.75	unphased	1.42808568514111	1.42808568514111	1
17	57232546	57232547	104	9	2	1	1	0.25	1	1	0.75	unphased	0.937011972930765	0.937011972930765	1
17	65341863	65341864	40	7	2	1	1	0.25	1	1	0.75	unphased	1.75219023779725	1.75219023779725	1
18	14105525	14105526	144	20	2	1	1	1	NA	NA	NA	unphased	1.43472022955524	1.43472022955524	1
18	28714008	28714009	145	13	2	1	1	1	NA	NA	NA	unphased	0.967982129560685	0.967982129560685	1
18	33689537	33689538	77	9	2	1	1	1	NA	NA	NA	unphased	1.2311901504788	1.2311901504788	1
18	40503652	40503653	283	24	2	1	1	1	NA	NA	NA	unphased	0.919716420770262	0.919716420770262	1
18	42532730	42532731	47	9	2	1	1	1	NA	NA	NA	unphased	1.89075630252101	1.89075630252101	1
18	59221605	59221606	49	4	2	1	1	1	NA	NA	NA	unphased	0.887902330743618	0.887902330743618	1
18	61262384	61262385	128	15	2	1	1	1	NA	NA	NA	unphased	1.23406005758947	1.23406005758947	1
19	3600367	3600368	36	3	2	1	1	1	NA	NA	NA	unphased	0.904977375565611	0.904977375565611	1
19	6921722	6921723	22	4	2	1	1	1	NA	NA	NA	unphased	1.80995475113122	1.80995475113122	1
19	6924866	6924867	45	4	2	1	1	1	NA	NA	NA	unphased	0.960384153661464	0.960384153661464	1
19	9047383	9047384	91	10	2	1	1	1	NA	NA	NA	unphased	1.1648223645894	1.1648223645894	1
19	9065731	9065732	181	22	2	1	1	1	NA	NA	NA	unphased	1.27499275572298	1.27499275572298	1
19	9088888	9088889	269	29	2	1	1	1	NA	NA	NA	unphased	1.14488748519542	1.14488748519542	1
19	15739183	15739184	77	9	2	1	1	1	NA	NA	NA	unphased	1.2311901504788	1.2311901504788	1
19	32971326	32971327	36	7	2	1	1	1	NA	NA	NA	unphased	1.91518467852257	1.91518467852257	1
19	34890213	34890214	36	5	2	1	1	1	NA	NA	NA	unphased	1.43472022955524	1.43472022955524	1
19	35775704	35775705	65	5	2	1	1	1	NA	NA	NA	unphased	0.840336134453781	0.840336134453781	1
19	36335145	36335146	31	4	2	1	1	1	NA	NA	NA	unphased	1.34453781512605	1.34453781512605	1
19	44803819	44803820	223	28	2	1	1	1	NA	NA	NA	unphased	1.31239746894774	1.31239746894774	1
19	50666282	50666283	51	7	2	1	1	1	NA	NA	NA	unphased	1.41987829614604	1.41987829614604	1
19	52219612	52219613	50	4	2	1	1	1	NA	NA	NA	unphased	0.871459694989107	0.871459694989107	1
19	52505425	52505426	191	19	2	1	1	1	NA	NA	NA	unphased	1.06442577030812	1.06442577030812	1
19	53014144	53014145	157	6	2	1	1	1	NA	NA	NA	unphased	0.433056658246121	0.433056658246121	1
19	53959561	53959562	134	11	2	1	1	1	NA	NA	NA	unphased	0.892494929006085	0.892494929006085	1
19	54756382	54756383	82	10	2	1	1	1	NA	NA	NA	unphased	1.27877237851662	1.27877237851662	1
19	55107229	55107230	115	9	2	1	1	1	NA	NA	NA	unphased	0.853889943074004	0.853889943074004	1
19	55442032	55442033	64	5	2	1	1	1	NA	NA	NA	unphased	0.852514919011083	0.852514919011083	1
19	55450397	55450398	65	9	2	1	1	1	NA	NA	NA	unphased	1.4308426073132	1.4308426073132	1
19	56407338	56407339	207	17	2	1	1	1	NA	NA	NA	unphased	0.892857142857143	0.892857142857143	1
19	57641713	57641714	187	24	2	1	1	1	NA	NA	NA	unphased	1.33816559799275	1.33816559799275	1
2	1093882	1093883	206	26	2	1	1	1	NA	NA	NA	unphased	1.3184584178499	1.3184584178499	1
2	11355208	11355209	61	4	2	1	1	1	NA	NA	NA	unphased	0.723981900452489	0.723981900452489	1
2	21225718	21225719	61	7	2	1	1	1	NA	NA	NA	unphased	1.21107266435986	1.21107266435986	1
2	27263621	27263622	62	7	2	1	1	1	NA	NA	NA	unphased	1.19352088661552	1.19352088661552	1
2	31572957	31572958	147	13	2	1	1	1	NA	NA	NA	unphased	0.955882352941176	0.955882352941176	1
2	48915183	48915184	102	12	2	1	1	1	NA	NA	NA	unphased	1.23839009287926	1.23839009287926	1
2	71817371	71817372	103	10	2	1	1	1	NA	NA	NA	unphased	1.04112441436752	1.04112441436752	1
2	75923336	75923337	54	10	2	1	1	1	NA	NA	NA	unphased	1.83823529411765	1.83823529411765	1
2	88874539	88874540	106	10	2	1	1	1	NA	NA	NA	unphased	1.01419878296146	1.01419878296146	1
2	89309645	89309646	196	15	2	1	1	1	NA	NA	NA	unphased	0.83635349874547	0.83635349874547	1
2	89416889	89416890	127	13	2	1	1	1	NA	NA	NA	unphased	1.09243697478992	1.09243697478992	1
2	90060821	90060822	36	4	2	1	1	1	NA	NA	NA	unphased	1.17647058823529	1.17647058823529	1
2	97751928	97751929	14	4	2	1	1	1	NA	NA	NA	unphased	2.61437908496732	2.61437908496732	1
2	120734708	120734709	17	3	2	1	1	1	NA	NA	NA	unphased	1.76470588235294	1.76470588235294	1
2	125367387	125367388	64	7	2	1	1	1	NA	NA	NA	unphased	1.15990057995029	1.15990057995029	1
2	139308149	139308150	114	9	2	1	1	1	NA	NA	NA	unphased	0.860832137733142	0.860832137733142	1
2	155098681	155098682	78	12	2	1	1	1	NA	NA	NA	unphased	1.56862745098039	1.56862745098039	1
2	162881366	162881367	233	13	2	1	1	1	NA	NA	NA	unphased	0.621712099473936	0.621712099473936	1
2	163066462	163066463	85	9	2	1	1	1	NA	NA	NA	unphased	1.12640801001252	1.12640801001252	1
2	166019111	166019112	86	6	2	1	1	1	NA	NA	NA	unphased	0.767263427109974	0.767263427109974	1
2	179501164	179501165	48	7	2	1	1	1	NA	NA	NA	unphased	1.49732620320856	1.49732620320856	1
2	179584949	179584950	58	5	2	1	1	1	NA	NA	NA	unphased	0.933706816059757	0.933706816059757	1
2	179605601	179605602	119	13	2	1	1	1	NA	NA	NA	unphased	1.15864527629233	1.15864527629233	1
2	179647078	179647079	95	6	2	1	1	1	NA	NA	NA	unphased	0.69889341875364	0.69889341875364	1
2	179648972	179648973	66	4	2	1	1	1	NA	NA	NA	unphased	0.672268907563025	0.672268907563025	1
2	196837114	196837115	109	8	2	1	1	1	NA	NA	NA	unphased	0.804424333836099	0.804424333836099	1
2	198273242	198273243	115	10	2	1	1	1	NA	NA	NA	unphased	0.941176470588235	0.941176470588235	1
2	198351785	198351786	103	8	2	1	1	1	NA	NA	NA	unphased	0.847906730259671	0.847906730259671	1
2	207041614	207041615	118	13	2	1	1	1	NA	NA	NA	unphased	1.16748989672205	1.16748989672205	1
2	207452818	207452819	63	8	2	1	1	1	NA	NA	NA	unphased	1.32560066280033	1.32560066280033	1
2	215274922	215274923	119	23	2	1	1	1	NA	NA	NA	unphased	1.90555095277548	1.90555095277548	1
2	219509656	219509657	69	7	2	1	1	1	NA	NA	NA	unphased	1.08359133126935	1.08359133126935	1
2	220379904	220379905	42	5	2	1	1	1	NA	NA	NA	unphased	1.25156445556946	1.25156445556946	1
2	231162163	231162164	77	5	2	1	1	1	NA	NA	NA	unphased	0.717360114777618	0.717360114777618	1
2	233347282	233347283	144	16	2	1	1	1	NA	NA	NA	unphased	1.17647058823529	1.17647058823529	1
2	239157756	239157757	196	20	2	1	1	1	NA	NA	NA	unphased	1.08932461873638	1.08932461873638	1
2	242757906	242757907	23	3	NA	NA	NA	NA	NA	NA	NA	unphased	NA	NA	1
20	1426316	1426317	104	24	2	1	1	1	NA	NA	NA	unphased	2.20588235294118	2.20588235294118	1
20	3677238	3677239	57	7	2	1	1	1	NA	NA	NA	unphased	1.28676470588235	1.28676470588235	1
20	5843792	5843793	53	10	2	1	1	1	NA	NA	NA	unphased	1.86741363211951	1.86741363211951	1
20	21142964	21142965	73	10	2	1	1	1	NA	NA	NA	unphased	1.41743444365698	1.41743444365698	1
20	29956431	29956432	67	7	2	1	1	1	NA	NA	NA	unphased	1.11287758346582	1.11287758346582	1
20	30028490	30028491	322	34	2	1	1	1	NA	NA	NA	unphased	1.12359550561798	1.12359550561798	1
20	36641065	36641066	142	17	2	1	1	1	NA	NA	NA	unphased	1.25786163522013	1.25786163522013	1
20	37547207	37547208	47	7	2	1	1	1	NA	NA	NA	unphased	1.52505446623094	1.52505446623094	1
20	44755277	44755278	81	7	2	1	1	1	NA	NA	NA	unphased	0.935828877005348	0.935828877005348	1
20	62121945	62121946	99	17	2	1	1	1	NA	NA	NA	unphased	1.72413793103448	1.72413793103448	1
20	62839794	62839795	25	3	NA	NA	NA	NA	NA	NA	NA	unphased	NA	NA	1
21	17177551	17177552	61	6	2	1	1	1	NA	NA	NA	unphased	1.05355575065847	1.05355575065847	1
21	22906975	22906976	45	5	2	1	1	1	NA	NA	NA	unphased	1.17647058823529	1.17647058823529	1
21	22906976	22906977	45	4	2	1	1	1	NA	NA	NA	unphased	0.960384153661464	0.960384153661464	1
21	43959718	43959719	56	13	2	1	1	1	NA	NA	NA	unphased	2.21653878942882	2.21653878942882	1
21	43979096	43979097	45	6	2	1	1	1	NA	NA	NA	unphased	1.3840830449827	1.3840830449827	1
22	17629391	17629392	334	50	2.52	2	2	0.26	1	1	0.74	unphased	1.59957107843137	1.26950085589791	1.26
22	17984029	17984030	37	6	2.52	2	2	0.26	1	1	0.74	unphased	1.71414500683995	1.71414500683995	1
22	29457830	29457831	34	8	2.52	2	2	0.26	1	1	0.74	unphased	2.33994397759104	1.85709839491352	1.26
22	32272205	32272206	215	22	2.52	2	2	0.26	1	1	0.74	unphased	1.14035244477538	1.14035244477538	1
22	34046414	34046415	159	20	2.52	2	2	0.26	1	1	0.74	unphased	1.37259283601709	1.37259283601709	1
22	39262984	39262985	17	4	2.52	2	2	0.26	1	1	0.74	unphased	2.33994397759104	2.33994397759104	1
22	39714471	39714472	58	7	2.52	2	2	0.26	1	1	0.74	unphased	1.32296832579186	1.32296832579186	1
22	42608176	42608177	65	5	2.52	2	2	0.26	1	1	0.74	unphased	0.877478991596639	0.877478991596639	1
22	43996073	43996074	281	52	2.52	2	2	0.26	1	1	0.74	unphased	1.91833245009716	1.52248607150568	1.26
3	9057398	9057399	70	8	0.27	0	0	0.73	1	0	0.27	unphased	1.02920060331825	1.02920060331825	1
3	9868895	9868896	46	9	0.27	0	0	0.73	1	0	0.27	unphased	1.64204278074866	1.64204278074866	1
3	10050136	10050137	94	13	0.27	0	0	0.73	1	0	0.27	unphased	1.2191698735569	1.2191698735569	1
3	46944934	46944935	52	8	0.27	0	0	0.73	1	0	0.27	unphased	1.33796078431373	1.33796078431373	1
3	51697262	51697263	56	7	0.27	0	0	0.73	1	0	0.27	unphased	1.11496732026144	1.11496732026144	1
3	73657759	73657760	17	3	0.27	0	0	0.73	1	0	0.27	unphased	1.50520588235294	1.50520588235294	1
3	97868310	97868311	223	58	2.23	2	1	0.23	1	1	0.77	unphased	2.47577559137534	2.01282568404499	1.23
3	97983347	97983348	334	22	2.23	2	1	0.23	1	1	0.77	unphased	0.74124586913417	0.74124586913417	1
3	98487373	98487374	141	9	2.23	2	1	0.23	1	1	0.77	unphased	0.719682352941176	0.719682352941176	1
3	108147379	108147380	200	23	2.23	2	1	0.23	1	1	0.77	unphased	1.23712213136376	1.23712213136376	1
3	110831182	110831183	107	7	2.23	2	1	0.23	1	1	0.77	unphased	0.736517027863777	0.736517027863777	1
3	140178417	140178418	85	10	2.23	2	1	0.23	1	1	0.77	unphased	1.26260061919505	1.26260061919505	1
3	140178567	140178568	51	6	2.23	2	1	0.23	1	1	0.77	unphased	1.26260061919505	1.26260061919505	1
3	170824514	170824515	130	18	2.23	2	1	0.23	1	1	0.77	unphased	1.45881558028617	1.45881558028617	1
3	174951929	174951930	77	14	2.23	2	1	0.23	1	1	0.77	unphased	1.84533936651584	1.50027590773645	1.23
3	195778882	195778883	83	6	2.23	2	1	0.23	1	1	0.77	unphased	0.808631857237277	0.808631857237277	1
4	8372636	8372637	44	5	2	1	1	0.46	1	1	0.54	unphased	1.20048019207683	1.20048019207683	1
4	13339588	13339589	34	3	2	1	1	0.46	1	1	0.54	unphased	0.95389507154213	0.95389507154213	1
4	16900040	16900041	65	13	2	1	1	0.46	1	1	0.54	unphased	1.96078431372549	1.96078431372549	1
4	46252584	46252585	119	13	2	1	1	0.46	1	1	0.54	unphased	1.15864527629233	1.15864527629233	1
4	48169870	48169871	137	11	2	1	1	0.46	1	1	0.54	unphased	0.874403815580286	0.874403815580286	1
4	62598873	62598874	21	6	2	1	1	0.46	1	1	0.54	unphased	2.61437908496732	2.61437908496732	1
4	62812738	62812739	148	10	2	1	1	0.46	1	1	0.54	unphased	0.744601638123604	0.744601638123604	1
4	65165711	65165712	153	17	2	1	1	0.46	1	1	0.54	unphased	1.17647058823529	1.17647058823529	1
4	70351001	70351002	196	24	2	1	1	0.46	1	1	0.54	unphased	1.28342245989305	1.28342245989305	1
4	122831508	122831509	91	7	2	1	1	0.46	1	1	0.54	unphased	0.840336134453781	0.840336134453781	1
4	145916712	145916713	74	6	2	1	1	0.46	1	1	0.54	unphased	0.88235294117647	0.88235294117647	1
4	155749159	155749160	151	28	2	1	1	0.46	1	1	0.54	unphased	1.84028918830102	1.84028918830102	1
4	156696171	156696172	121	7	2	1	1	0.46	1	1	0.54	unphased	0.643382352941176	0.643382352941176	1
4	159493860	159493861	156	8	2	1	1	0.46	1	1	0.54	unphased	0.573888091822095	0.573888091822095	1
4	175183939	175183940	60	4	2	1	1	0.46	1	1	0.54	unphased	0.735294117647059	0.735294117647059	1
4	177143463	177143464	37	6	2	1	1	0.46	1	1	0.54	unphased	1.64158686730506	1.64158686730506	1
4	184431841	184431842	42	5	2	1	1	0.46	1	1	0.54	unphased	1.25156445556946	1.25156445556946	1
4	187584497	187584498	24	4	2	1	1	0.46	1	1	0.54	unphased	1.68067226890756	1.68067226890756	1
5	7869261	7869262	96	37	5	4	1	1	NA	NA	NA	unphased	4.10747456877488	1.02686864219372	4
5	15936966	15936967	25	4	5	4	1	1	NA	NA	NA	unphased	2.03651115618661	2.03651115618661	1
5	26881124	26881125	36	3	5	4	1	1	NA	NA	NA	unphased	1.13574660633484	1.13574660633484	1
5	31526201	31526202	85	7	5	4	1	1	NA	NA	NA	unphased	1.12340153452685	1.12340153452685	1
5	32403228	32403229	134	6	5	4	1	1	NA	NA	NA	unphased	0.632773109243697	0.632773109243697	1
5	35740124	35740125	131	15	5	4	1	1	NA	NA	NA	unphased	1.51692183722804	1.51692183722804	1
5	37816230	37816231	51	16	5	4	1	1	NA	NA	NA	unphased	3.52589991220369	0.881474978050922	4
5	40681454	40681455	217	26	5	4	1	1	NA	NA	NA	unphased	1.57976276930525	0.789881384652626	2
5	40852700	40852701	43	7	5	4	1	1	NA	NA	NA	unphased	2.06705882352941	1.03352941176471	2
5	41381959	41381960	97	6	5	4	1	1	NA	NA	NA	unphased	0.860079954311822	0.860079954311822	1
5	74722295	74722296	53	4	0.37	0	0	0.63	1	0	0.37	unphased	0.711207430340557	0.711207430340557	1
5	138160477	138160478	91	12	0.37	0	0	0.63	1	0	0.37	unphased	1.18074243289549	1.18074243289549	1
5	140182542	140182543	76	8	0.37	0	0	0.63	1	0	0.37	unphased	0.965210084033613	0.965210084033613	1
5	140203482	140203483	71	9	0.37	0	0	0.63	1	0	0.37	unphased	1.14015441176471	1.14015441176471	1
5	140215378	140215379	64	8	0.37	0	0	0.63	1	0	0.37	unphased	1.12607843137255	1.12607843137255	1
5	140562792	140562793	64	9	0.37	0	0	0.63	1	0	0.37	unphased	1.24948428686543	1.24948428686543	1
5	140588664	140588665	99	22	0.37	0	0	0.63	1	0	0.37	unphased	1.84267379679144	1.84267379679144	1
5	140730370	140730371	169	30	0.37	0	0	0.63	1	0	0.37	unphased	1.5278451078924	1.5278451078924	1
5	140773867	140773868	41	5	0.37	0	0	0.63	1	0	0.37	unphased	1.10159846547315	1.10159846547315	1
5	141019537	141019538	79	11	0.37	0	0	0.63	1	0	0.37	unphased	1.2386862745098	1.2386862745098	1
5	150889736	150889737	83	9	0.37	0	0	0.63	1	0	0.37	unphased	0.991438618925831	0.991438618925831	1
5	161292764	161292765	141	27	0.37	0	0	0.63	1	0	0.37	unphased	1.62879201680672	1.62879201680672	1
5	173316657	173316658	40	4	0.37	0	0	0.63	1	0	0.37	unphased	0.921336898395722	0.921336898395722	1
5	173316663	173316664	41	4	0.37	0	0	0.63	1	0	0.37	unphased	0.900862745098039	0.900862745098039	1
5	179143266	179143267	54	11	0.37	0	0	0.63	1	0	0.37	unphased	1.71510407239819	1.71510407239819	1
6	6196074	6196075	41	4	2	1	1	0.26	1	1	0.74	unphased	1.04575163398693	1.04575163398693	1
6	7404172	7404173	179	10	2	1	1	0.26	1	1	0.74	unphased	0.622471210706505	0.622471210706505	1
6	32609791	32609792	83	8	2	1	1	0.26	1	1	0.74	unphased	1.03425985778927	1.03425985778927	1
6	38883152	38883153	15	3	2	1	1	0.26	1	1	0.74	unphased	1.96078431372549	1.96078431372549	1
6	38897405	38897406	71	5	2	1	1	0.26	1	1	0.74	unphased	0.773993808049536	0.773993808049536	1
6	44271993	44271994	49	7	2	1	1	0.26	1	1	0.74	unphased	1.47058823529412	1.47058823529412	1
6	45459731	45459732	212	17	2	1	1	0.26	1	1	0.74	unphased	0.873362445414847	0.873362445414847	1
6	51875212	51875213	102	9	2	1	1	0.26	1	1	0.74	unphased	0.95389507154213	0.95389507154213	1
6	56463506	56463507	89	6	2	1	1	0.26	1	1	0.74	unphased	0.743034055727554	0.743034055727554	1
6	57398177	57398178	193	12	2	1	1	0.26	1	1	0.74	unphased	0.688665710186514	0.688665710186514	1
6	75892846	75892847	60	7	2	1	1	0.26	1	1	0.74	unphased	1.22914837576822	1.22914837576822	1
6	80744831	80744832	94	10	2	1	1	0.26	1	1	0.74	unphased	1.13122171945701	1.13122171945701	1
6	83849783	83849784	88	5	2	1	1	0.26	1	1	0.74	unphased	0.632511068943706	0.632511068943706	1
6	84375180	84375181	223	24	2	1	1	0.26	1	1	0.74	unphased	1.14312931650393	1.14312931650393	1
6	99817565	99817566	163	22	2	1	1	0.26	1	1	0.74	unphased	1.39904610492846	1.39904610492846	1
6	110429872	110429873	37	4	2	1	1	0.26	1	1	0.74	unphased	1.14777618364419	1.14777618364419	1
6	110530363	110530364	62	10	2	1	1	0.26	1	1	0.74	unphased	1.63398692810458	1.63398692810458	1
6	116982010	116982011	56	5	2	1	1	0.26	1	1	0.74	unphased	0.964320154291225	0.964320154291225	1
6	117609942	117609943	48	9	2	1	1	0.26	1	1	0.74	unphased	1.85758513931889	1.85758513931889	1
6	118475628	118475629	123	13	2	1	1	0.26	1	1	0.74	unphased	1.12456747404844	1.12456747404844	1
6	129498874	129498875	74	12	2	1	1	0.26	1	1	0.74	unphased	1.64158686730506	1.64158686730506	1
6	130466535	130466536	26	5	2	1	1	0.26	1	1	0.74	unphased	1.89753320683112	1.89753320683112	1
6	130761844	130761845	120	9	2	1	1	0.26	1	1	0.74	unphased	0.820793433652531	0.820793433652531	1
6	130762123	130762124	52	7	2	1	1	0.26	1	1	0.74	unphased	1.39581256231306	1.39581256231306	1
6	137476076	137476077	66	12	2	1	1	0.26	1	1	0.74	unphased	1.80995475113122	1.80995475113122	1
6	159457332	159457333	93	9	2	1	1	0.26	1	1	0.74	unphased	1.03806228373702	1.03806228373702	1
6	161152872	161152873	120	12	2	1	1	0.26	1	1	0.74	unphased	1.06951871657754	1.06951871657754	1
6	167570485	167570486	87	5	2	1	1	0.26	1	1	0.74	unphased	0.639386189258312	0.639386189258312	1
6	168273022	168273023	113	8	2	1	1	0.26	1	1	0.74	unphased	0.777831793874575	0.777831793874575	1
6	169629686	169629687	130	12	2	1	1	0.26	1	1	0.74	unphased	0.994200497100248	0.994200497100248	1
7	47894505	47894506	104	28	2	1	1	0.38	1	1	0.62	unphased	2.49554367201426	2.49554367201426	1
7	47925480	47925481	86	17	2	1	1	0.38	1	1	0.62	unphased	1.94174757281553	1.94174757281553	1
7	73969798	73969799	49	6	2	1	1	0.38	1	1	0.62	unphased	1.28342245989305	1.28342245989305	1
7	91708876	91708877	82	9	2	1	1	0.38	1	1	0.62	unphased	1.16354234001293	1.16354234001293	1
7	92762708	92762709	144	9	2	1	1	0.38	1	1	0.62	unphased	0.692041522491349	0.692041522491349	1
7	100320682	100320683	152	16	2	1	1	0.38	1	1	0.62	unphased	1.12044817927171	1.12044817927171	1
7	102739151	102739152	30	3	2	1	1	0.38	1	1	0.62	unphased	1.06951871657754	1.06951871657754	1
7	127637841	127637842	241	8	2	1	1	0.38	1	1	0.62	unphased	0.377982518308528	0.609649223078271	0.62
7	143049028	143049029	102	10	2	1	1	1	NA	NA	NA	unphased	1.05042016806723	1.05042016806723	1
7	143792940	143792941	208	18	2	1	1	1	NA	NA	NA	unphased	0.937011972930765	0.937011972930765	1
7	143792941	143792942	208	18	2	1	1	1	NA	NA	NA	unphased	0.937011972930765	0.937011972930765	1
7	150775664	150775665	39	6	2	1	1	1	NA	NA	NA	unphased	1.56862745098039	1.56862745098039	1
8	11412877	11412878	67	19	2	2	0	1	NA	NA	NA	unphased	2.59917920656635	1.29958960328317	2
8	38280548	38280549	35	5	2	2	0	1	NA	NA	NA	unphased	1.47058823529412	1.47058823529412	1
8	59484831	59484832	219	26	3	2	1	1	NA	NA	NA	unphased	1.3546218487395	1.3546218487395	1
8	61778081	61778082	50	5	3	2	1	1	NA	NA	NA	unphased	1.16042780748663	1.16042780748663	1
8	72945940	72945941	76	6	3	2	1	1	NA	NA	NA	unphased	0.934002869440459	0.934002869440459	1
8	77766271	77766272	88	24	3	2	1	1	NA	NA	NA	unphased	2.73529411764706	1.36764705882353	2
8	77767611	77767612	34	6	3	2	1	1	NA	NA	NA	unphased	1.91470588235294	1.91470588235294	1
8	88885592	88885593	116	23	3	2	1	1	NA	NA	NA	unphased	2.11214557765552	1.05607278882776	2
8	104897830	104897831	30	9	3	2	1	1	NA	NA	NA	unphased	2.94570135746606	1.47285067873303	2
8	132991258	132991259	144	30	3	2	1	1	NA	NA	NA	unphased	2.20081135902637	1.10040567951318	2
8	139151304	139151305	93	17	3	2	1	1	NA	NA	NA	unphased	1.97272727272727	0.986363636363636	2
9	8485241	8485242	43	7	1	1	0	1	NA	NA	NA	unphased	1.50705882352941	1.50705882352941	1
9	21971110	21971111	9	6	1	1	0	1	NA	NA	NA	unphased	4.30588235294118	4.30588235294118	1
9	34971436	34971437	36	9	1	1	0	1	NA	NA	NA	unphased	2.15294117647059	2.15294117647059	1
9	84532996	84532997	27	5	1	1	0	1	NA	NA	NA	unphased	1.68198529411765	1.68198529411765	1
9	92003828	92003829	126	12	1	1	0	1	NA	NA	NA	unphased	0.936061381074169	0.936061381074169	1
9	103340471	103340472	65	7	1	1	0	1	NA	NA	NA	unphased	1.04656862745098	1.04656862745098	1
9	105768057	105768058	96	11	1	1	0	1	NA	NA	NA	unphased	1.10665200659703	1.10665200659703	1
9	125551942	125551943	76	8	1	1	0	1	NA	NA	NA	unphased	1.02521008403361	1.02521008403361	1
9	131476587	131476588	102	10	1	1	0	1	NA	NA	NA	unphased	0.961134453781513	0.961134453781513	1
X	10058864	10058865	62	7	NA	NA	NA	NA	NA	NA	NA	unphased	NA	NA	1
X	10062219	10062220	155	16	NA	NA	NA	NA	NA	NA	NA	unphased	NA	NA	1
X	10463697	10463698	129	11	NA	NA	NA	NA	NA	NA	NA	unphased	NA	NA	1
X	12938067	12938068	113	10	NA	NA	NA	NA	NA	NA	NA	unphased	NA	NA	1
X	14934436	14934437	206	11	NA	NA	NA	NA	NA	NA	NA	unphased	NA	NA	1
X	15596324	15596325	99	8	NA	NA	NA	NA	NA	NA	NA	unphased	NA	NA	1
X	16778537	16778538	68	6	NA	NA	NA	NA	NA	NA	NA	unphased	NA	NA	1
X	18613520	18613521	125	16	NA	NA	NA	NA	NA	NA	NA	unphased	NA	NA	1
X	19398371	19398372	22	7	NA	NA	NA	NA	NA	NA	NA	unphased	NA	NA	1
X	22291186	22291187	78	10	NA	NA	NA	NA	NA	NA	NA	unphased	NA	NA	1
X	24762688	24762689	105	14	NA	NA	NA	NA	NA	NA	NA	unphased	NA	NA	1
X	32366559	32366560	70	6	NA	NA	NA	NA	NA	NA	NA	unphased	NA	NA	1
X	38019420	38019421	46	5	NA	NA	NA	NA	NA	NA	NA	unphased	NA	NA	1
X	41646525	41646526	139	10	NA	NA	NA	NA	NA	NA	NA	unphased	NA	NA	1
X	43655094	43655095	116	11	NA	NA	NA	NA	NA	NA	NA	unphased	NA	NA	1
X	46940639	46940640	103	10	NA	NA	NA	NA	NA	NA	NA	unphased	NA	NA	1
X	48682579	48682580	60	8	NA	NA	NA	NA	NA	NA	NA	unphased	NA	NA	1
X	53115020	53115021	89	7	NA	NA	NA	NA	NA	NA	NA	unphased	NA	NA	1
X	54784697	54784698	30	4	NA	NA	NA	NA	NA	NA	NA	unphased	NA	NA	1
X	57935520	57935521	94	10	NA	NA	NA	NA	NA	NA	NA	unphased	NA	NA	1
X	65242177	65242178	41	4	NA	NA	NA	NA	NA	NA	NA	unphased	NA	NA	1
X	71932733	71932734	51	4	NA	NA	NA	NA	NA	NA	NA	unphased	NA	NA	1
X	75650237	75650238	54	6	NA	NA	NA	NA	NA	NA	NA	unphased	NA	NA	1
X	76711985	76711986	146	10	NA	NA	NA	NA	NA	NA	NA	unphased	NA	NA	1
X	77294376	77294377	229	17	NA	NA	NA	NA	NA	NA	NA	unphased	NA	NA	1
X	78216645	78216646	72	8	NA	NA	NA	NA	NA	NA	NA	unphased	NA	NA	1
X	83352828	83352829	229	16	NA	NA	NA	NA	NA	NA	NA	unphased	NA	NA	1
X	84526012	84526013	62	6	NA	NA	NA	NA	NA	NA	NA	unphased	NA	NA	1
X	91873756	91873757	325	27	NA	NA	NA	NA	NA	NA	NA	unphased	NA	NA	1
X	96048628	96048629	38	3	NA	NA	NA	NA	NA	NA	NA	unphased	NA	NA	1
X	100169300	100169301	293	27	NA	NA	NA	NA	NA	NA	NA	unphased	NA	NA	1
X	100629578	100629579	327	27	NA	NA	NA	NA	NA	NA	NA	unphased	NA	NA	1
X	101971148	101971149	140	12	NA	NA	NA	NA	NA	NA	NA	unphased	NA	NA	1
X	106109195	106109196	120	17	NA	NA	NA	NA	NA	NA	NA	unphased	NA	NA	1
X	106171391	106171392	17	3	NA	NA	NA	NA	NA	NA	NA	unphased	NA	NA	1
X	107170206	107170207	98	12	NA	NA	NA	NA	NA	NA	NA	unphased	NA	NA	1
X	107408243	107408244	47	7	NA	NA	NA	NA	NA	NA	NA	unphased	NA	NA	1
X	109696242	109696243	117	13	NA	NA	NA	NA	NA	NA	NA	unphased	NA	NA	1
X	110492243	110492244	135	22	NA	NA	NA	NA	NA	NA	NA	unphased	NA	NA	1
X	111697978	111697979	112	16	NA	NA	NA	NA	NA	NA	NA	unphased	NA	NA	1
X	114540804	114540805	86	9	NA	NA	NA	NA	NA	NA	NA	unphased	NA	NA	1
X	117566742	117566743	179	20	NA	NA	NA	NA	NA	NA	NA	unphased	NA	NA	1
X	118723304	118723305	54	5	NA	NA	NA	NA	NA	NA	NA	unphased	NA	NA	1
X	123871023	123871024	34	5	NA	NA	NA	NA	NA	NA	NA	unphased	NA	NA	1
X	128703352	128703353	180	20	NA	NA	NA	NA	NA	NA	NA	unphased	NA	NA	1
X	130409500	130409501	141	13	NA	NA	NA	NA	NA	NA	NA	unphased	NA	NA	1
X	132352124	132352125	31	3	NA	NA	NA	NA	NA	NA	NA	unphased	NA	NA	1
X	132352125	132352126	30	3	NA	NA	NA	NA	NA	NA	NA	unphased	NA	NA	1
X	132458535	132458536	315	27	NA	NA	NA	NA	NA	NA	NA	unphased	NA	NA	1
X	133700522	133700523	186	17	NA	NA	NA	NA	NA	NA	NA	unphased	NA	NA	1
X	134294399	134294400	41	4	NA	NA	NA	NA	NA	NA	NA	unphased	NA	NA	1
X	134494564	134494565	165	20	NA	NA	NA	NA	NA	NA	NA	unphased	NA	NA	1
X	134992702	134992703	136	10	NA	NA	NA	NA	NA	NA	NA	unphased	NA	NA	1
X	135618281	135618282	90	11	NA	NA	NA	NA	NA	NA	NA	unphased	NA	NA	1
X	140994452	140994453	239	25	NA	NA	NA	NA	NA	NA	NA	unphased	NA	NA	1
X	142967354	142967355	139	18	NA	NA	NA	NA	NA	NA	NA	unphased	NA	NA	1
X	148582561	148582562	68	6	NA	NA	NA	NA	NA	NA	NA	unphased	NA	NA	1
X	148797811	148797812	157	11	NA	NA	NA	NA	NA	NA	NA	unphased	NA	NA	1
X	149814345	149814346	81	7	NA	NA	NA	NA	NA	NA	NA	unphased	NA	NA	1
X	150912279	150912280	74	8	NA	NA	NA	NA	NA	NA	NA	unphased	NA	NA	1
X	151092348	151092349	137	14	NA	NA	NA	NA	NA	NA	NA	unphased	NA	NA	1
X	151303418	151303419	68	16	NA	NA	NA	NA	NA	NA	NA	unphased	NA	NA	1
X	151900173	151900174	239	12	NA	NA	NA	NA	NA	NA	NA	unphased	NA	NA	1
X	151908811	151908812	208	20	NA	NA	NA	NA	NA	NA	NA	unphased	NA	NA	1
X	152159463	152159464	106	12	NA	NA	NA	NA	NA	NA	NA	unphased	NA	NA	1
X	152482026	152482027	62	6	NA	NA	NA	NA	NA	NA	NA	unphased	NA	NA	1
X	152772085	152772086	59	6	NA	NA	NA	NA	NA	NA	NA	unphased	NA	NA	1
X	153001645	153001646	110	12	NA	NA	NA	NA	NA	NA	NA	unphased	NA	NA	1
X	153032467	153032468	61	4	NA	NA	NA	NA	NA	NA	NA	unphased	NA	NA	1
X	153061946	153061947	112	15	NA	NA	NA	NA	NA	NA	NA	unphased	NA	NA	1
X	153222126	153222127	91	11	NA	NA	NA	NA	NA	NA	NA	unphased	NA	NA	1
X	153357723	153357724	33	7	NA	NA	NA	NA	NA	NA	NA	unphased	NA	NA	1
X	153592401	153592402	146	10	NA	NA	NA	NA	NA	NA	NA	unphased	NA	NA	1
X	153631353	153631354	59	7	NA	NA	NA	NA	NA	NA	NA	unphased	NA	NA	1
X	154493628	154493629	31	4	NA	NA	NA	NA	NA	NA	NA	unphased	NA	NA	1
