chr	start	end	WT.count	mut.count	subclonal.CN	nMaj1	nMin1	frac1	nMaj2	nMin2	frac2	phase	mutation.copy.number	subclonal.fraction	no.chrs.bearing.mut
1	809512	809513	69	15	NA	NA	NA	NA	NA	NA	NA	unphased	NA	NA	1
1	6196586	6196587	74	23	2	1	1	0.13	1	1	0.87	unphased	0.729579698651864	0.838597354772257	0.87
1	6592773	6592774	32	17	2	1	1	0.13	1	1	0.87	unphased	1.06750392464678	1.06750392464678	1
1	6648819	6648820	22	11	2	1	1	0.13	1	1	0.87	unphased	1.02564102564103	1.02564102564103	1
1	8390780	8390781	26	13	2	1	1	0.13	1	1	0.87	unphased	1.02564102564103	1.02564102564103	1
1	9791885	9791886	24	5	2	1	1	0.13	1	1	0.87	unphased	0.530503978779841	0.530503978779841	1
1	11766570	11766571	11	7	2	1	1	0.13	1	1	0.87	unphased	1.1965811965812	1.1965811965812	1
1	16332537	16332538	143	8	2	1	1	0.15	1	1	0.85	unphased	0.163015792154865	0.163015792154865	1
1	16456842	16456843	23	8	2	1	1	0.15	1	1	0.85	unphased	0.794044665012407	0.794044665012407	1
1	17281809	17281810	24	8	2	1	1	0.15	1	1	0.85	unphased	0.769230769230769	0.769230769230769	1
1	17961048	17961049	72	33	2	1	1	0.15	1	1	0.85	unphased	0.967032967032967	0.967032967032967	1
1	29609252	29609253	32	5	2	1	1	0.15	1	1	0.85	unphased	0.415800415800416	0.489176959765195	0.85
1	38006032	38006033	39	20	2	1	1	0.15	1	1	0.85	unphased	1.04302477183833	1.04302477183833	1
1	43232244	43232245	10	4	2	1	1	0.15	1	1	0.85	unphased	0.879120879120879	0.879120879120879	1
1	52954642	52954643	45	19	2	1	1	0.15	1	1	0.85	unphased	0.913461538461538	0.913461538461538	1
1	93621950	93621951	47	29	2	1	1	0.15	1	1	0.85	unphased	1.17408906882591	1.17408906882591	1
1	109265065	109265066	31	7	2	1	1	0.15	1	1	0.85	unphased	0.566801619433198	0.666825434627292	0.85
1	109745650	109745651	46	13	2	1	1	0.15	1	1	0.85	unphased	0.677966101694915	0.677966101694915	1
1	110884309	110884310	61	10	2	1	1	0.15	1	1	0.85	unphased	0.433369447453955	0.433369447453955	1
1	113666600	113666601	30	21	2	1	1	0.15	1	1	0.85	unphased	1.26696832579186	1.26696832579186	1
1	116676001	116676002	31	5	2	1	1	0.15	1	1	0.85	unphased	0.427350427350427	0.502765208647562	0.85
1	118628603	118628604	59	14	2	1	1	0.15	1	1	0.85	unphased	0.590094836670179	0.694229219611975	0.85
1	145558873	145558874	70	19	2	1	1	0.15	1	1	0.85	unphased	0.656871218668971	0.772789669022319	0.85
1	150530972	150530973	27	15	2	1	1	0.15	1	1	0.85	unphased	1.0989010989011	1.0989010989011	1
1	150939873	150939874	29	14	2	1	1	0.15	1	1	0.85	unphased	1.00178890876565	1.00178890876565	1
1	152127909	152127910	440	211	2	1	1	0.15	1	1	0.85	unphased	0.997282287604868	0.997282287604868	1
1	152187516	152187517	360	21	2	1	1	0.15	1	1	0.85	unphased	0.169594185342217	0.169594185342217	1
1	153658630	153658631	14	6	2	1	1	0.15	1	1	0.85	unphased	0.923076923076923	0.923076923076923	1
1	154923708	154923709	16	8	2	1	1	0.15	1	1	0.85	unphased	1.02564102564103	1.02564102564103	1
1	155931686	155931687	58	37	2	1	1	0.15	1	1	0.85	unphased	1.19838056680162	1.19838056680162	1
1	157804230	157804231	34	13	2	1	1	0.15	1	1	0.85	unphased	0.851063829787234	0.851063829787234	1
1	161697325	161697326	40	17	2	1	1	0.15	1	1	0.85	unphased	0.917678812415654	0.917678812415654	1
1	178427448	178427449	26	10	2	1	1	0.15	1	1	0.85	unphased	0.854700854700855	0.854700854700855	1
1	179989505	179989506	91	43	2	1	1	0.15	1	1	0.85	unphased	0.987370838117107	0.987370838117107	1
1	180166304	180166305	19	5	2	1	1	0.15	1	1	0.85	unphased	0.641025641025641	0.641025641025641	1
1	182369169	182369170	48	11	2	1	1	0.15	1	1	0.85	unphased	0.573663624511082	0.674898381777744	0.85
1	183191273	183191274	87	28	2	1	1	0.15	1	1	0.85	unphased	0.749163879598662	0.881369270116073	0.85
1	183255899	183255900	39	15	2	1	1	0.15	1	1	0.85	unphased	0.854700854700855	0.854700854700855	1
1	183255900	183255901	40	15	2	1	1	0.15	1	1	0.85	unphased	0.839160839160839	0.839160839160839	1
1	185151151	185151152	41	10	2	1	1	0.15	1	1	0.85	unphased	0.603318250377074	0.709786176914205	0.85
1	201195180	201195181	27	15	2	1	1	0.15	1	1	0.85	unphased	1.0989010989011	1.0989010989011	1
1	205902077	205902078	20	5	2	1	1	0.15	1	1	0.85	unphased	0.615384615384615	0.615384615384615	1
1	206821605	206821606	70	36	2	1	1	0.15	1	1	0.85	unphased	1.04499274310595	1.04499274310595	1
1	206856344	206856345	47	22	2	1	1	0.15	1	1	0.85	unphased	0.981047937569677	0.981047937569677	1
1	207222724	207222725	131	64	2	1	1	0.15	1	1	0.85	unphased	1.00986193293886	1.00986193293886	1
1	209956841	209956842	88	8	2	1	1	0.15	1	1	0.85	unphased	0.256410256410256	0.256410256410256	1
1	211527757	211527758	24	9	2	1	1	0.15	1	1	0.85	unphased	0.839160839160839	0.839160839160839	1
1	212220692	212220693	103	48	2	1	1	0.15	1	1	0.85	unphased	0.97809475292919	0.97809475292919	1
1	216251534	216251535	119	63	2	1	1	0.15	1	1	0.85	unphased	1.06508875739645	1.06508875739645	1
1	220275534	220275535	103	13	2	1	1	0.15	1	1	0.85	unphased	0.344827586206897	0.344827586206897	1
1	231337115	231337116	8	4	2	1	1	0.15	1	1	0.85	unphased	1.02564102564103	1.02564102564103	1
1	237948047	237948048	44	16	2	1	1	0.15	1	1	0.85	unphased	0.82051282051282	0.82051282051282	1
1	248569618	248569619	115	46	NA	NA	NA	NA	NA	NA	NA	unphased	NA	NA	1
10	15647750	15647751	43	12	2	1	1	0.08	1	1	0.92	unphased	0.671328671328671	0.671328671328671	1
10	24790395	24790396	35	8	2	1	1	0.08	1	1	0.92	unphased	0.572450805008945	0.622229135879288	0.92
10	26558080	26558081	37	21	2	1	1	0.08	1	1	0.92	unphased	1.11405835543767	1.11405835543767	1
10	38121036	38121037	89	38	2	1	1	0.08	1	1	0.92	unphased	0.920654149000606	0.920654149000606	1
10	48370494	48370495	34	11	2	1	1	0.08	1	1	0.92	unphased	0.752136752136752	0.752136752136752	1
10	48371572	48371573	41	3	2	1	1	0.08	1	1	0.92	unphased	0.20979020979021	0.20979020979021	1
10	49395303	49395304	9	6	2	1	1	0.08	1	1	0.92	unphased	1.23076923076923	1.23076923076923	1
10	50531635	50531636	16	9	2	1	1	0.08	1	1	0.92	unphased	1.10769230769231	1.10769230769231	1
10	71697400	71697401	17	6	2	1	1	0.08	1	1	0.92	unphased	0.802675585284281	0.802675585284281	1
10	72434585	72434586	24	9	2	1	1	0.08	1	1	0.92	unphased	0.839160839160839	0.839160839160839	1
10	73560460	73560461	10	4	2	1	1	0.08	1	1	0.92	unphased	0.879120879120879	0.879120879120879	1
10	73970532	73970533	23	13	2	1	1	0.08	1	1	0.92	unphased	1.11111111111111	1.11111111111111	1
10	75855547	75855548	60	25	2	1	1	0.08	1	1	0.92	unphased	0.904977375565611	0.904977375565611	1
10	88912597	88912598	64	20	2	1	1	0.08	1	1	0.92	unphased	0.732600732600733	0.732600732600733	1
10	90770325	90770326	32	21	2	1	1	0.08	1	1	0.92	unphased	1.21915820029028	1.21915820029028	1
10	104170856	104170857	35	9	2	1	1	0.08	1	1	0.92	unphased	0.629370629370629	0.629370629370629	1
10	104687260	104687261	5	5	2	1	1	0.08	1	1	0.92	unphased	1.53846153846154	1.53846153846154	1
10	106927080	106927081	24	9	2	1	1	0.08	1	1	0.92	unphased	0.839160839160839	0.839160839160839	1
10	121436370	121436371	24	4	2	1	1	0.08	1	1	0.92	unphased	0.439560439560439	0.477783086478739	0.92
10	124358337	124358338	314	17	2	1	1	0.08	1	1	0.92	unphased	0.158029281896351	0.158029281896351	1
10	135020656	135020657	9	4	2	1	1	0.08	1	1	0.92	unphased	0.946745562130178	0.946745562130178	1
11	237012	237013	7	4	NA	NA	NA	NA	NA	NA	NA	unphased	NA	NA	1
11	308294	308295	81	30	NA	NA	NA	NA	NA	NA	NA	unphased	NA	NA	1
11	605683	605684	40	8	2	1	1	1	NA	NA	NA	unphased	0.512820512820513	0.512820512820513	1
11	1017438	1017439	445	41	2	1	1	1	NA	NA	NA	unphased	0.259575815131371	0.259575815131371	1
11	2154296	2154297	46	26	2	1	1	1	NA	NA	NA	unphased	1.11111111111111	1.11111111111111	1
11	2424344	2424345	16	10	2	1	1	1	NA	NA	NA	unphased	1.18343195266272	1.18343195266272	1
11	4104114	4104115	29	15	2	1	1	1	NA	NA	NA	unphased	1.04895104895105	1.04895104895105	1
11	4510282	4510283	67	33	2	1	1	1	NA	NA	NA	unphased	1.01538461538462	1.01538461538462	1
11	4510850	4510851	119	55	2	1	1	1	NA	NA	NA	unphased	0.972590627763042	0.972590627763042	1
11	5364167	5364168	59	29	2	1	1	1	NA	NA	NA	unphased	1.01398601398601	1.01398601398601	1
11	5969289	5969290	106	37	2	1	1	1	NA	NA	NA	unphased	0.796126949973104	0.796126949973104	1
11	6191303	6191304	59	21	2	1	1	1	NA	NA	NA	unphased	0.807692307692308	0.807692307692308	1
11	6867382	6867383	105	30	2	1	1	1	NA	NA	NA	unphased	0.683760683760684	0.683760683760684	1
11	8751620	8751621	125	52	2	1	1	1	NA	NA	NA	unphased	0.903954802259887	0.903954802259887	1
11	18729455	18729456	21	13	2	1	1	1	NA	NA	NA	unphased	1.17647058823529	1.17647058823529	1
11	20668448	20668449	53	28	2	1	1	1	NA	NA	NA	unphased	1.0636277302944	1.0636277302944	1
11	22399256	22399257	19	16	2	1	1	1	NA	NA	NA	unphased	1.40659340659341	1.40659340659341	1
11	34145878	34145879	39	11	2	1	1	1	NA	NA	NA	unphased	0.676923076923077	0.676923076923077	1
11	47594780	47594781	53	20	2	1	1	1	NA	NA	NA	unphased	0.842992623814542	0.842992623814542	1
11	49168250	49168251	23	9	2	1	1	1	NA	NA	NA	unphased	0.865384615384615	0.865384615384615	1
11	57268289	57268290	12	5	2	1	1	1	NA	NA	NA	unphased	0.904977375565611	0.904977375565611	1
11	62591737	62591738	67	18	2	1	1	1	NA	NA	NA	unphased	0.65158371040724	0.65158371040724	1
11	63517541	63517542	11	10	2	1	1	1	NA	NA	NA	unphased	1.46520146520147	1.46520146520147	1
11	64056683	64056684	53	8	2	1	1	1	NA	NA	NA	unphased	0.403530895334174	0.403530895334174	1
11	64695366	64695367	31	16	2	1	1	1	NA	NA	NA	unphased	1.04746317512275	1.04746317512275	1
11	64813811	64813812	20	10	2	1	1	1	NA	NA	NA	unphased	1.02564102564103	1.02564102564103	1
11	65633351	65633352	44	17	2	1	1	1	NA	NA	NA	unphased	0.85750315258512	0.85750315258512	1
11	66321526	66321527	28	5	2	1	1	1	NA	NA	NA	unphased	0.466200466200466	0.466200466200466	1
11	67864489	67864490	20	8	2	1	1	1	NA	NA	NA	unphased	0.879120879120879	0.879120879120879	1
11	67925194	67925195	45	13	2	1	1	1	NA	NA	NA	unphased	0.689655172413793	0.689655172413793	1
11	73688002	73688003	64	26	2	1	1	1	NA	NA	NA	unphased	0.888888888888889	0.888888888888889	1
11	76234315	76234316	61	6	2	1	1	1	NA	NA	NA	unphased	0.275545350172216	0.275545350172216	1
11	87908498	87908499	33	14	2	1	1	1	NA	NA	NA	unphased	0.916530278232406	0.916530278232406	1
11	113630950	113630951	51	22	2	1	1	1	NA	NA	NA	unphased	0.927291886195996	0.927291886195996	1
11	124006896	124006897	102	56	2	1	1	1	NA	NA	NA	unphased	1.09055501460565	1.09055501460565	1
11	124950580	124950581	50	3	2	1	1	1	NA	NA	NA	unphased	0.174165457184325	0.174165457184325	1
11	128710079	128710080	97	29	2	1	1	1	NA	NA	NA	unphased	0.708180708180708	0.708180708180708	1
11	134212651	134212652	39	13	NA	NA	NA	NA	NA	NA	NA	unphased	NA	NA	1
12	247965	247966	15	6	NA	NA	NA	NA	NA	NA	NA	unphased	NA	NA	1
12	9009810	9009811	51	28	2	1	1	1	NA	NA	NA	unphased	1.09055501460565	1.09055501460565	1
12	11506887	11506888	138	52	2	1	1	1	NA	NA	NA	unphased	0.842105263157895	0.842105263157895	1
12	12315199	12315200	76	31	2	1	1	1	NA	NA	NA	unphased	0.891445003594536	0.891445003594536	1
12	13715976	13715977	36	11	2	1	1	1	NA	NA	NA	unphased	0.72013093289689	0.72013093289689	1
12	28458698	28458699	101	47	2	1	1	1	NA	NA	NA	unphased	0.977130977130977	0.977130977130977	1
12	40761489	40761490	42	13	2	1	1	1	NA	NA	NA	unphased	0.727272727272727	0.727272727272727	1
12	48393727	48393728	39	12	2	1	1	1	NA	NA	NA	unphased	0.723981900452489	0.723981900452489	1
12	49691237	49691238	9	6	2	1	1	1	NA	NA	NA	unphased	1.23076923076923	1.23076923076923	1
12	49743485	49743486	77	7	2	1	1	1	NA	NA	NA	unphased	0.256410256410256	0.256410256410256	1
12	51281182	51281183	54	35	2	1	1	1	NA	NA	NA	unphased	1.21002592912705	1.21002592912705	1
12	52788837	52788838	26	18	2	1	1	1	NA	NA	NA	unphased	1.25874125874126	1.25874125874126	1
12	52967270	52967271	49	11	2	1	1	1	NA	NA	NA	unphased	0.564102564102564	0.564102564102564	1
12	53045529	53045530	21	5	2	1	1	1	NA	NA	NA	unphased	0.591715976331361	0.591715976331361	1
12	53585732	53585733	28	5	2	1	1	1	NA	NA	NA	unphased	0.466200466200466	0.466200466200466	1
12	56848108	56848109	59	4	2	1	1	1	NA	NA	NA	unphased	0.195360195360195	0.195360195360195	1
12	57562983	57562984	53	10	2	1	1	1	NA	NA	NA	unphased	0.488400488400488	0.488400488400488	1
12	94975614	94975615	44	15	2	1	1	1	NA	NA	NA	unphased	0.782268578878748	0.782268578878748	1
12	100551469	100551470	24	8	2	1	1	1	NA	NA	NA	unphased	0.769230769230769	0.769230769230769	1
12	105150890	105150891	20	12	2	1	1	1	NA	NA	NA	unphased	1.15384615384615	1.15384615384615	1
12	111336787	111336788	31	7	2	1	1	1	NA	NA	NA	unphased	0.566801619433198	0.566801619433198	1
12	111342570	111342571	50	20	2	1	1	1	NA	NA	NA	unphased	0.879120879120879	0.879120879120879	1
12	115114250	115114251	62	23	2	1	1	1	NA	NA	NA	unphased	0.832579185520362	0.832579185520362	1
12	118199235	118199236	35	12	2	1	1	1	NA	NA	NA	unphased	0.785597381342062	0.785597381342062	1
12	120741814	120741815	28	12	2	1	1	1	NA	NA	NA	unphased	0.923076923076923	0.923076923076923	1
12	126138252	126138253	54	19	2	1	1	1	NA	NA	NA	unphased	0.800842992623814	0.800842992623814	1
12	132625013	132625014	42	19	2	1	1	1	NA	NA	NA	unphased	0.958385876418663	0.958385876418663	1
13	32930589	32930590	74	27	1	1	0	1	NA	NA	NA	unphased	0.555217060167555	0.555217060167555	1
13	49085986	49085987	29	3	1	1	0	1	NA	NA	NA	unphased	0.194711538461538	0.194711538461538	1
13	53422389	53422390	41	36	1	1	0	1	NA	NA	NA	unphased	0.971028971028971	0.971028971028971	1
14	35761785	35761786	46	5	2	1	1	1	NA	NA	NA	unphased	0.301659125188537	0.301659125188537	1
14	50246967	50246968	100	23	2	1	1	1	NA	NA	NA	unphased	0.575359599749844	0.575359599749844	1
14	50789329	50789330	47	25	2	1	1	1	NA	NA	NA	unphased	1.06837606837607	1.06837606837607	1
14	55203795	55203796	188	8	2	1	1	1	NA	NA	NA	unphased	0.125588697017268	0.125588697017268	1
14	61190687	61190688	36	9	2	1	1	1	NA	NA	NA	unphased	0.615384615384615	0.615384615384615	1
14	61747088	61747089	28	6	2	1	1	1	NA	NA	NA	unphased	0.542986425339367	0.542986425339367	1
14	71199922	71199923	47	16	2	1	1	1	NA	NA	NA	unphased	0.781440781440781	0.781440781440781	1
14	73718254	73718255	34	21	2	1	1	1	NA	NA	NA	unphased	1.17482517482517	1.17482517482517	1
14	73727901	73727902	42	12	2	1	1	1	NA	NA	NA	unphased	0.683760683760684	0.683760683760684	1
14	93686639	93686640	61	33	2	1	1	1	NA	NA	NA	unphased	1.08019639934534	1.08019639934534	1
14	94173263	94173264	20	11	2	1	1	1	NA	NA	NA	unphased	1.09181141439206	1.09181141439206	1
14	102484925	102484926	27	4	2	1	1	1	NA	NA	NA	unphased	0.397022332506203	0.397022332506203	1
14	102606386	102606387	49	17	2	1	1	1	NA	NA	NA	unphased	0.792540792540792	0.792540792540792	1
14	102675625	102675626	35	16	2	1	1	1	NA	NA	NA	unphased	0.965309200603318	0.965309200603318	1
14	103805110	103805111	42	22	2	1	1	1	NA	NA	NA	unphased	1.05769230769231	1.05769230769231	1
14	106866534	106866535	90	35	NA	NA	NA	NA	NA	NA	NA	unphased	NA	NA	1
15	25470406	25470407	131	50	2	1	1	0.1	1	1	0.9	unphased	0.849978750531237	0.849978750531237	1
15	40094102	40094103	37	16	2	1	1	0.1	1	1	0.9	unphased	0.9288824383164	0.9288824383164	1
15	42621564	42621565	73	44	2	1	1	0.1	1	1	0.9	unphased	1.15713346482577	1.15713346482577	1
15	43527058	43527059	61	17	2	1	1	0.1	1	1	0.9	unphased	0.670611439842209	0.745123822046899	0.9
15	55912219	55912220	30	17	2	1	1	0.1	1	1	0.9	unphased	1.11292962356792	1.11292962356792	1
15	58855730	58855731	32	17	2	1	1	0.1	1	1	0.9	unphased	1.06750392464678	1.06750392464678	1
15	60298079	60298080	9	4	2	1	1	0.1	1	1	0.9	unphased	0.946745562130178	0.946745562130178	1
15	66048742	66048743	40	11	2	1	1	0.1	1	1	0.9	unphased	0.663650075414781	0.663650075414781	1
15	66615209	66615210	35	18	2	1	1	0.1	1	1	0.9	unphased	1.04499274310595	1.04499274310595	1
15	67835569	67835570	13	9	2	1	1	0.1	1	1	0.9	unphased	1.25874125874126	1.25874125874126	1
15	73023960	73023961	61	37	2	1	1	0.1	1	1	0.9	unphased	1.16169544740973	1.16169544740973	1
15	75702219	75702220	111	6	2	1	1	0.1	1	1	0.9	unphased	0.157790927021696	0.157790927021696	1
15	75982088	75982089	37	11	2	1	1	0.1	1	1	0.9	unphased	0.705128205128205	0.705128205128205	1
15	85486717	85486718	39	6	2	1	1	0.1	1	1	0.9	unphased	0.41025641025641	0.41025641025641	1
15	88678527	88678528	46	13	2	1	1	0.1	1	1	0.9	unphased	0.677966101694915	0.677966101694915	1
15	89074247	89074248	25	12	2	1	1	0.1	1	1	0.9	unphased	0.997920997920998	0.997920997920998	1
15	89401693	89401694	52	5	2	1	1	0.1	1	1	0.9	unphased	0.269905533063428	0.269905533063428	1
15	90631587	90631588	88	54	2	1	1	0.1	1	1	0.9	unphased	1.17009750812568	1.17009750812568	1
15	91524152	91524153	54	17	2	1	1	0.1	1	1	0.9	unphased	0.736728060671723	0.736728060671723	1
15	101597158	101597159	60	30	2	1	1	0.1	1	1	0.9	unphased	1.02564102564103	1.02564102564103	1
15	102255119	102255120	64	30	NA	NA	NA	NA	NA	NA	NA	unphased	NA	NA	1
16	703576	703577	52	25	2	1	1	1	NA	NA	NA	unphased	0.999000999000999	0.999000999000999	1
16	745746	745747	18	8	2	1	1	1	NA	NA	NA	unphased	0.946745562130178	0.946745562130178	1
16	747006	747007	22	15	2	1	1	1	NA	NA	NA	unphased	1.24740124740125	1.24740124740125	1
16	775522	775523	27	14	2	1	1	1	NA	NA	NA	unphased	1.05065666041276	1.05065666041276	1
16	1034911	1034912	12	5	2	1	1	1	NA	NA	NA	unphased	0.904977375565611	0.904977375565611	1
16	1250466	1250467	20	4	2	1	1	1	NA	NA	NA	unphased	0.512820512820513	0.512820512820513	1
16	1545602	1545603	42	21	2	1	1	1	NA	NA	NA	unphased	1.02564102564103	1.02564102564103	1
16	2331438	2331439	48	6	2	1	1	1	NA	NA	NA	unphased	0.341880341880342	0.341880341880342	1
16	2580742	2580743	17	12	2	1	1	1	NA	NA	NA	unphased	1.27320954907162	1.27320954907162	1
16	2905790	2905791	18	4	2	1	1	1	NA	NA	NA	unphased	0.559440559440559	0.559440559440559	1
16	3640825	3640826	74	25	2	1	1	1	NA	NA	NA	unphased	0.777000777000777	0.777000777000777	1
16	11066807	11066808	16	6	2	1	1	1	NA	NA	NA	unphased	0.839160839160839	0.839160839160839	1
16	12146002	12146003	64	15	2	1	1	1	NA	NA	NA	unphased	0.584225900681597	0.584225900681597	1
16	21728313	21728314	75	33	2	1	1	1	NA	NA	NA	unphased	0.94017094017094	0.94017094017094	1
16	23716313	23716314	36	19	2	1	1	1	NA	NA	NA	unphased	1.06293706293706	1.06293706293706	1
16	28604826	28604827	19	15	2	1	1	1	NA	NA	NA	unphased	1.35746606334842	1.35746606334842	1
16	28965897	28965898	125	48	2	1	1	1	NA	NA	NA	unphased	0.853712761227212	0.853712761227212	1
16	30038079	30038080	27	6	2	1	1	1	NA	NA	NA	unphased	0.559440559440559	0.559440559440559	1
16	30123996	30123997	34	22	2	1	1	1	NA	NA	NA	unphased	1.20879120879121	1.20879120879121	1
16	30364604	30364605	49	12	2	1	1	1	NA	NA	NA	unphased	0.605296343001261	0.605296343001261	1
16	30389811	30389812	11	3	2	1	1	1	NA	NA	NA	unphased	0.659340659340659	0.659340659340659	1
16	31105679	31105680	56	24	2	1	1	1	NA	NA	NA	unphased	0.923076923076923	0.923076923076923	1
16	33647475	33647476	99	44	2	1	1	1	NA	NA	NA	unphased	0.946745562130178	0.946745562130178	1
16	66918302	66918303	83	35	2	1	1	1	NA	NA	NA	unphased	0.91264667535854	0.91264667535854	1
16	67241849	67241850	21	22	2	1	1	1	NA	NA	NA	unphased	1.5742397137746	1.5742397137746	1
16	67709358	67709359	34	9	2	1	1	1	NA	NA	NA	unphased	0.644007155635063	0.644007155635063	1
16	67760356	67760357	10	4	2	1	1	1	NA	NA	NA	unphased	0.879120879120879	0.879120879120879	1
16	67917563	67917564	135	59	2	1	1	1	NA	NA	NA	unphased	0.935765265662173	0.935765265662173	1
16	72832355	72832356	50	15	2	1	1	1	NA	NA	NA	unphased	0.710059171597633	0.710059171597633	1
16	74937893	74937894	12	4	2	1	1	1	NA	NA	NA	unphased	0.769230769230769	0.769230769230769	1
16	81045547	81045548	30	18	2	1	1	1	NA	NA	NA	unphased	1.15384615384615	1.15384615384615	1
16	82033638	82033639	53	25	2	1	1	1	NA	NA	NA	unphased	0.986193293885602	0.986193293885602	1
16	89804096	89804097	6	6	NA	NA	NA	NA	NA	NA	NA	unphased	NA	NA	1
17	1303365	1303366	18	19	1	1	0	1	NA	NA	NA	unphased	1.06652806652807	1.06652806652807	1
17	1577069	1577070	58	13	1	1	0	1	NA	NA	NA	unphased	0.380281690140845	0.380281690140845	1
17	7727539	7727540	13	23	1	1	0	1	NA	NA	NA	unphased	1.32692307692308	1.32692307692308	1
17	18148709	18148710	59	6	1	1	0	1	NA	NA	NA	unphased	0.191715976331361	0.191715976331361	1
17	19286526	19286527	24	7	1	1	0	1	NA	NA	NA	unphased	0.468982630272953	0.468982630272953	1
17	28758836	28758837	24	25	1	1	0	1	NA	NA	NA	unphased	1.0596546310832	1.0596546310832	1
17	29670024	29670025	17	22	1	1	0	1	NA	NA	NA	unphased	1.17159763313609	1.17159763313609	1
17	34935838	34935839	35	32	1	1	0	1	NA	NA	NA	unphased	0.991963260619977	0.991963260619977	1
17	37563745	37563746	23	24	1	1	0	1	NA	NA	NA	unphased	1.06055646481178	1.06055646481178	1
17	39768835	39768836	3	5	1	1	0	1	NA	NA	NA	unphased	1.29807692307692	1.29807692307692	1
17	41063046	41063047	20	20	1	1	0	1	NA	NA	NA	unphased	1.03846153846154	1.03846153846154	1
17	42330534	42330535	19	19	1	1	0	1	NA	NA	NA	unphased	1.03846153846154	1.03846153846154	1
17	42475216	42475217	8	7	1	1	0	1	NA	NA	NA	unphased	0.969230769230769	0.969230769230769	1
17	61902030	61902031	49	54	1	1	0	1	NA	NA	NA	unphased	1.08887229275579	1.08887229275579	1
17	62272360	62272361	28	22	1	1	0	1	NA	NA	NA	unphased	0.913846153846154	0.913846153846154	1
17	66267058	66267059	49	6	1	1	0	1	NA	NA	NA	unphased	0.226573426573427	0.226573426573427	1
17	72368027	72368028	7	12	1	1	0	1	NA	NA	NA	unphased	1.31174089068826	1.31174089068826	1
17	79846199	79846200	10	7	1	1	0	1	NA	NA	NA	unphased	0.855203619909502	0.855203619909502	1
17	80445994	80445995	50	4	1	1	0	1	NA	NA	NA	unphased	0.153846153846154	0.153846153846154	1
18	5291961	5291962	68	5	2	1	1	0.09	1	1	0.91	unphased	0.210748155953635	0.210748155953635	1
18	6961945	6961946	80	29	2	1	1	0.09	1	1	0.91	unphased	0.81863091037403	0.81863091037403	1
18	11851717	11851718	45	9	2	1	1	0.09	1	1	0.91	unphased	0.512820512820513	0.563539025077487	0.91
18	21534554	21534555	48	16	2	1	1	0.09	1	1	0.91	unphased	0.769230769230769	0.769230769230769	1
18	21743108	21743109	27	8	2	1	1	0.09	1	1	0.91	unphased	0.703296703296703	0.703296703296703	1
18	23866020	23866021	78	23	2	1	1	0.09	1	1	0.91	unphased	0.700685453160701	0.769984014462308	0.91
18	25570061	25570062	65	24	2	1	1	0.09	1	1	0.91	unphased	0.829732065687122	0.829732065687122	1
18	28918391	28918392	64	15	2	1	1	0.09	1	1	0.91	unphased	0.584225900681597	0.642006484265491	0.91
18	28972209	28972210	46	18	2	1	1	0.09	1	1	0.91	unphased	0.865384615384615	0.865384615384615	1
18	29055915	29055916	53	10	2	1	1	0.09	1	1	0.91	unphased	0.488400488400488	0.488400488400488	1
18	29056144	29056145	78	21	2	1	1	0.09	1	1	0.91	unphased	0.652680652680653	0.717231486462256	0.91
18	33263507	33263508	28	5	2	1	1	0.09	1	1	0.91	unphased	0.466200466200466	0.512308204615897	0.91
18	34839188	34839189	15	5	2	1	1	0.09	1	1	0.91	unphased	0.769230769230769	0.769230769230769	1
18	50741920	50741921	47	16	2	1	1	0.09	1	1	0.91	unphased	0.781440781440781	0.781440781440781	1
18	77171010	77171011	19	13	NA	NA	NA	NA	NA	NA	NA	unphased	NA	NA	1
19	828279	828280	65	24	2	1	1	1	NA	NA	NA	unphased	0.829732065687122	0.829732065687122	1
19	1055128	1055129	21	9	2	1	1	1	NA	NA	NA	unphased	0.923076923076923	0.923076923076923	1
19	3282473	3282474	38	11	2	1	1	1	NA	NA	NA	unphased	0.690737833594976	0.690737833594976	1
19	3623766	3623767	11	3	2	1	1	1	NA	NA	NA	unphased	0.659340659340659	0.659340659340659	1
19	4298275	4298276	16	3	2	1	1	1	NA	NA	NA	unphased	0.48582995951417	0.48582995951417	1
19	4446552	4446553	29	6	2	1	1	1	NA	NA	NA	unphased	0.527472527472527	0.527472527472527	1
19	4512633	4512634	126	5	2	1	1	1	NA	NA	NA	unphased	0.117439812096301	0.117439812096301	1
19	6829836	6829837	72	5	2	1	1	1	NA	NA	NA	unphased	0.1998001998002	0.1998001998002	1
19	8183898	8183899	22	6	2	1	1	1	NA	NA	NA	unphased	0.659340659340659	0.659340659340659	1
19	9525230	9525231	69	54	2	1	1	1	NA	NA	NA	unphased	1.35084427767355	1.35084427767355	1
19	10792703	10792704	29	11	2	1	1	1	NA	NA	NA	unphased	0.846153846153846	0.846153846153846	1
19	17212974	17212975	40	18	2	1	1	1	NA	NA	NA	unphased	0.954907161803713	0.954907161803713	1
19	36133393	36133394	16	5	2	1	1	1	NA	NA	NA	unphased	0.732600732600733	0.732600732600733	1
19	38895708	38895709	84	6	2	1	1	1	NA	NA	NA	unphased	0.205128205128205	0.205128205128205	1
19	38911819	38911820	21	9	2	1	1	1	NA	NA	NA	unphased	0.923076923076923	0.923076923076923	1
19	39798892	39798893	10	10	2	1	1	1	NA	NA	NA	unphased	1.53846153846154	1.53846153846154	1
19	41040148	41040149	18	12	2	1	1	1	NA	NA	NA	unphased	1.23076923076923	1.23076923076923	1
19	41115448	41115449	51	8	2	1	1	1	NA	NA	NA	unphased	0.417209908735332	0.417209908735332	1
19	44039767	44039768	14	11	2	1	1	1	NA	NA	NA	unphased	1.35384615384615	1.35384615384615	1
19	45575835	45575836	37	11	2	1	1	1	NA	NA	NA	unphased	0.705128205128205	0.705128205128205	1
19	48248818	48248819	128	5	2	1	1	1	NA	NA	NA	unphased	0.115673799884326	0.115673799884326	1
19	48806032	48806033	69	30	2	1	1	1	NA	NA	NA	unphased	0.932400932400932	0.932400932400932	1
19	48836477	48836478	23	7	2	1	1	1	NA	NA	NA	unphased	0.717948717948718	0.717948717948718	1
19	48908113	48908114	135	47	2	1	1	1	NA	NA	NA	unphased	0.794590025359256	0.794590025359256	1
19	49797731	49797732	43	15	2	1	1	1	NA	NA	NA	unphased	0.795755968169761	0.795755968169761	1
19	54183250	54183251	25	9	2	1	1	1	NA	NA	NA	unphased	0.81447963800905	0.81447963800905	1
19	54754788	54754789	27	10	2	1	1	1	NA	NA	NA	unphased	0.831600831600832	0.831600831600832	1
19	54780733	54780734	55	11	2	1	1	1	NA	NA	NA	unphased	0.512820512820513	0.512820512820513	1
19	55175366	55175367	136	49	2	1	1	1	NA	NA	NA	unphased	0.814968814968815	0.814968814968815	1
19	55329905	55329906	4	7	2	1	1	1	NA	NA	NA	unphased	1.95804195804196	1.95804195804196	1
19	55439055	55439056	93	27	2	1	1	1	NA	NA	NA	unphased	0.692307692307692	0.692307692307692	1
19	56952733	56952734	54	33	2	1	1	1	NA	NA	NA	unphased	1.16710875331565	1.16710875331565	1
19	57328878	57328879	45	25	2	1	1	1	NA	NA	NA	unphased	1.0989010989011	1.0989010989011	1
19	57665711	57665712	16	8	2	1	1	1	NA	NA	NA	unphased	1.02564102564103	1.02564102564103	1
19	57910054	57910055	54	19	2	1	1	1	NA	NA	NA	unphased	0.800842992623814	0.800842992623814	1
2	26462000	26462001	67	23	2	1	1	1	NA	NA	NA	unphased	0.786324786324786	0.786324786324786	1
2	33413797	33413798	59	24	2	1	1	1	NA	NA	NA	unphased	0.889712696941612	0.889712696941612	1
2	39025305	39025306	11	5	2	1	1	1	NA	NA	NA	unphased	0.961538461538461	0.961538461538461	1
2	54876328	54876329	18	4	2	1	1	1	NA	NA	NA	unphased	0.559440559440559	0.559440559440559	1
2	55920887	55920888	42	18	2	1	1	1	NA	NA	NA	unphased	0.923076923076923	0.923076923076923	1
2	70502271	70502272	86	29	2	1	1	1	NA	NA	NA	unphased	0.775919732441471	0.775919732441471	1
2	85598600	85598601	23	11	2	1	1	1	NA	NA	NA	unphased	0.995475113122172	0.995475113122172	1
2	85628386	85628387	55	22	2	1	1	1	NA	NA	NA	unphased	0.879120879120879	0.879120879120879	1
2	90199100	90199101	113	45	2	1	1	1	NA	NA	NA	unphased	0.876338851022395	0.876338851022395	1
2	90199101	90199102	113	46	2	1	1	1	NA	NA	NA	unphased	0.890179003386551	0.890179003386551	1
2	95944748	95944749	23	15	2	1	1	1	NA	NA	NA	unphased	1.21457489878543	1.21457489878543	1
2	96950235	96950236	65	39	2	1	1	1	NA	NA	NA	unphased	1.15384615384615	1.15384615384615	1
2	99767228	99767229	45	16	2	1	1	1	NA	NA	NA	unphased	0.807061790668348	0.807061790668348	1
2	114256967	114256968	41	23	2	1	1	1	NA	NA	NA	unphased	1.10576923076923	1.10576923076923	1
2	119604347	119604348	14	11	2	1	1	1	NA	NA	NA	unphased	1.35384615384615	1.35384615384615	1
2	122125227	122125228	72	5	2	1	1	1	NA	NA	NA	unphased	0.1998001998002	0.1998001998002	1
2	128378017	128378018	21	10	2	1	1	1	NA	NA	NA	unphased	0.992555831265509	0.992555831265509	1
2	128378018	128378019	20	10	2	1	1	1	NA	NA	NA	unphased	1.02564102564103	1.02564102564103	1
2	130878130	130878131	27	11	2	1	1	1	NA	NA	NA	unphased	0.890688259109312	0.890688259109312	1
2	138169225	138169226	49	14	2	1	1	1	NA	NA	NA	unphased	0.683760683760684	0.683760683760684	1
2	152470911	152470912	124	41	2	1	1	1	NA	NA	NA	unphased	0.764568764568765	0.764568764568765	1
2	152470912	152470913	130	44	2	1	1	1	NA	NA	NA	unphased	0.778072502210433	0.778072502210433	1
2	159481409	159481410	116	22	2	1	1	1	NA	NA	NA	unphased	0.490523968784838	0.490523968784838	1
2	162890068	162890069	47	17	2	1	1	1	NA	NA	NA	unphased	0.817307692307692	0.817307692307692	1
2	162890070	162890071	49	17	2	1	1	1	NA	NA	NA	unphased	0.792540792540792	0.792540792540792	1
2	166535294	166535295	48	19	2	1	1	1	NA	NA	NA	unphased	0.87256027554535	0.87256027554535	1
2	168114363	168114364	38	12	2	1	1	1	NA	NA	NA	unphased	0.738461538461538	0.738461538461538	1
2	176856990	176856991	16	14	2	1	1	1	NA	NA	NA	unphased	1.43589743589744	1.43589743589744	1
2	178481601	178481602	185	11	2	1	1	1	NA	NA	NA	unphased	0.172684458398744	0.172684458398744	1
2	179451272	179451273	67	23	2	1	1	1	NA	NA	NA	unphased	0.786324786324786	0.786324786324786	1
2	179530161	179530162	183	12	2	1	1	1	NA	NA	NA	unphased	0.189349112426035	0.189349112426035	1
2	179604341	179604342	44	26	2	1	1	1	NA	NA	NA	unphased	1.14285714285714	1.14285714285714	1
2	183066249	183066250	60	30	2	1	1	1	NA	NA	NA	unphased	1.02564102564103	1.02564102564103	1
2	185800723	185800724	36	21	2	1	1	1	NA	NA	NA	unphased	1.1336032388664	1.1336032388664	1
2	185802366	185802367	31	13	2	1	1	1	NA	NA	NA	unphased	0.909090909090909	0.909090909090909	1
2	189901517	189901518	10	10	2	1	1	1	NA	NA	NA	unphased	1.53846153846154	1.53846153846154	1
2	190728609	190728610	47	20	2	1	1	1	NA	NA	NA	unphased	0.918484500574053	0.918484500574053	1
2	202900497	202900498	57	5	2	1	1	1	NA	NA	NA	unphased	0.248138957816377	0.248138957816377	1
2	204732709	204732710	27	12	2	1	1	1	NA	NA	NA	unphased	0.946745562130178	0.946745562130178	1
2	207615679	207615680	47	13	2	1	1	1	NA	NA	NA	unphased	0.666666666666667	0.666666666666667	1
2	219360481	219360482	28	12	2	1	1	1	NA	NA	NA	unphased	0.923076923076923	0.923076923076923	1
2	220285263	220285264	18	7	2	1	1	1	NA	NA	NA	unphased	0.861538461538462	0.861538461538462	1
20	279138	279139	41	16	NA	NA	NA	NA	NA	NA	NA	unphased	NA	NA	1
20	853491	853492	17	5	2	1	1	0.09	1	1	0.91	unphased	0.699300699300699	0.699300699300699	1
20	8609071	8609072	48	10	2	1	1	0.09	1	1	0.91	unphased	0.530503978779841	0.582971405252572	0.91
20	17489583	17489584	11	3	2	1	1	0.09	1	1	0.91	unphased	0.659340659340659	0.659340659340659	1
20	25194013	25194014	46	19	2	1	1	0.09	1	1	0.91	unphased	0.899408284023669	0.899408284023669	1
20	31671638	31671639	36	8	2	1	1	0.09	1	1	0.91	unphased	0.559440559440559	0.614769845539076	0.91
20	32660039	32660040	47	22	2	1	1	0.09	1	1	0.91	unphased	0.981047937569677	0.981047937569677	1
20	33338097	33338098	56	20	2	1	1	0.09	1	1	0.91	unphased	0.809716599190283	0.809716599190283	1
20	34053863	34053864	67	16	2	1	1	0.09	1	1	0.91	unphased	0.593141797961075	0.651804173583599	0.91
20	39991631	39991632	21	5	2	1	1	0.09	1	1	0.91	unphased	0.591715976331361	0.591715976331361	1
20	40944488	40944489	63	24	2	1	1	0.09	1	1	0.91	unphased	0.848806366047745	0.848806366047745	1
20	43030115	43030116	28	15	2	1	1	0.09	1	1	0.91	unphased	1.07334525939177	1.07334525939177	1
20	43247068	43247069	55	4	2	1	1	0.09	1	1	0.91	unphased	0.208604954367666	0.208604954367666	1
20	44594329	44594330	26	12	2	1	1	0.09	1	1	0.91	unphased	0.97165991902834	0.97165991902834	1
20	47248918	47248919	95	15	2	1	1	0.09	1	1	0.91	unphased	0.41958041958042	0.41958041958042	1
20	47692045	47692046	45	11	2	1	1	0.09	1	1	0.91	unphased	0.604395604395604	0.664170993841323	0.91
20	47863851	47863852	40	26	2	1	1	0.09	1	1	0.91	unphased	1.21212121212121	1.21212121212121	1
20	60885756	60885757	15	3	2	1	1	0.09	1	1	0.91	unphased	0.512820512820513	0.512820512820513	1
20	61461871	61461872	9	4	2	1	1	0.09	1	1	0.91	unphased	0.946745562130178	0.946745562130178	1
20	62120332	62120333	32	13	2	1	1	0.09	1	1	0.91	unphased	0.888888888888889	0.888888888888889	1
20	62273639	62273640	7	4	NA	NA	NA	NA	NA	NA	NA	unphased	NA	NA	1
21	31744166	31744167	33	11	2	1	1	1	NA	NA	NA	unphased	0.769230769230769	0.769230769230769	1
21	31864269	31864270	92	43	2	1	1	1	NA	NA	NA	unphased	0.98005698005698	0.98005698005698	1
22	18301124	18301125	34	12	2	1	1	0.11	1	1	0.89	unphased	0.802675585284281	0.802675585284281	1
22	21107264	21107265	116	20	2	1	1	0.11	1	1	0.89	unphased	0.452488687782805	0.452488687782805	1
22	26164320	26164321	13	6	2	1	1	0.11	1	1	0.89	unphased	0.97165991902834	0.97165991902834	1
22	29938945	29938946	13	5	2	1	1	0.11	1	1	0.89	unphased	0.854700854700855	0.854700854700855	1
22	30772727	30772728	14	6	2	1	1	0.11	1	1	0.89	unphased	0.923076923076923	0.923076923076923	1
22	31008890	31008891	27	6	2	1	1	0.11	1	1	0.89	unphased	0.559440559440559	0.559440559440559	1
22	31688412	31688413	12	5	2	1	1	0.11	1	1	0.89	unphased	0.904977375565611	0.904977375565611	1
22	32587045	32587046	45	16	2	1	1	0.11	1	1	0.89	unphased	0.807061790668348	0.807061790668348	1
22	36649993	36649994	52	12	2	1	1	0.11	1	1	0.89	unphased	0.576923076923077	0.648228176318064	0.89
22	36876628	36876629	58	16	2	1	1	0.11	1	1	0.89	unphased	0.665280665280665	0.747506365483894	0.89
22	39824058	39824059	27	12	2	1	1	0.11	1	1	0.89	unphased	0.946745562130178	0.946745562130178	1
22	42084861	42084862	25	20	2	1	1	0.11	1	1	0.89	unphased	1.36752136752137	1.36752136752137	1
22	42912111	42912112	13	7	2	1	1	0.11	1	1	0.89	unphased	1.07692307692308	1.07692307692308	1
3	38620969	38620970	2	10	1	1	0	1	NA	NA	NA	unphased	1.73076923076923	1.73076923076923	1
3	49449952	49449953	36	22	1	1	0	1	NA	NA	NA	unphased	0.787798408488064	0.787798408488064	1
3	108133139	108133140	56	9	3	2	1	1	NA	NA	NA	unphased	0.564497041420118	0.564497041420118	1
3	109026973	109026974	88	27	3	2	1	1	NA	NA	NA	unphased	0.957190635451505	0.957190635451505	1
3	109052820	109052821	52	11	3	2	1	1	NA	NA	NA	unphased	0.711843711843712	0.711843711843712	1
3	110852643	110852644	107	34	3	2	1	1	NA	NA	NA	unphased	0.983087834151664	0.983087834151664	1
3	120461342	120461343	41	11	3	2	1	1	NA	NA	NA	unphased	0.862426035502959	0.862426035502959	1
3	123166579	123166580	29	8	3	2	1	1	NA	NA	NA	unphased	0.881496881496882	0.881496881496882	1
3	124397052	124397053	94	28	3	2	1	1	NA	NA	NA	unphased	0.935687263556116	0.935687263556116	1
3	127703157	127703158	26	9	3	2	1	1	NA	NA	NA	unphased	1.04835164835165	1.04835164835165	1
3	128780702	128780703	17	3	3	2	1	1	NA	NA	NA	unphased	0.611538461538462	0.611538461538462	1
3	132215437	132215438	102	29	3	2	1	1	NA	NA	NA	unphased	0.902524955960071	0.902524955960071	1
3	134277096	134277097	75	17	3	2	1	1	NA	NA	NA	unphased	0.753344481605351	0.753344481605351	1
3	136664722	136664723	161	42	3	2	1	1	NA	NA	NA	unphased	0.843501326259947	0.843501326259947	1
3	137843494	137843495	98	31	3	2	1	1	NA	NA	NA	unphased	0.979725700655933	0.979725700655933	1
3	149095210	149095211	27	18	3	2	1	1	NA	NA	NA	unphased	1.63076923076923	0.815384615384615	2
3	157188204	157188205	144	7	3	2	1	1	NA	NA	NA	unphased	0.188996434029547	0.188996434029547	1
3	179592164	179592165	66	11	3	2	1	1	NA	NA	NA	unphased	0.582417582417582	0.582417582417582	1
3	183226025	183226026	69	18	3	2	1	1	NA	NA	NA	unphased	0.843501326259947	0.843501326259947	1
3	195295818	195295819	158	7	3	2	1	1	NA	NA	NA	unphased	0.172960372960373	0.172960372960373	1
4	3951191	3951192	6	4	1	1	0	1	NA	NA	NA	unphased	0.830769230769231	0.830769230769231	1
4	16258010	16258011	15	17	1	1	0	1	NA	NA	NA	unphased	1.10336538461538	1.10336538461538	1
4	47163479	47163480	27	34	1	1	0	1	NA	NA	NA	unphased	1.15762925598991	1.15762925598991	1
4	47584002	47584003	122	10	1	1	0	1	NA	NA	NA	unphased	0.157342657342657	0.157342657342657	1
4	57204810	57204811	46	20	1	1	0	1	NA	NA	NA	unphased	0.629370629370629	0.629370629370629	1
4	119948591	119948592	8	11	1	1	0	1	NA	NA	NA	unphased	1.20242914979757	1.20242914979757	1
4	123797551	123797552	10	9	1	1	0	1	NA	NA	NA	unphased	0.983805668016194	0.983805668016194	1
4	123838816	123838817	15	9	1	1	0	1	NA	NA	NA	unphased	0.778846153846154	0.778846153846154	1
4	155508747	155508748	37	27	1	1	0	1	NA	NA	NA	unphased	0.876201923076923	0.876201923076923	1
4	164087747	164087748	3	6	1	1	0	1	NA	NA	NA	unphased	1.38461538461538	1.38461538461538	1
4	176594914	176594915	13	18	1	1	0	1	NA	NA	NA	unphased	1.20595533498759	1.20595533498759	1
4	187517902	187517903	11	9	1	1	0	1	NA	NA	NA	unphased	0.934615384615385	0.934615384615385	1
4	187538165	187538166	17	22	1	1	0	1	NA	NA	NA	unphased	1.17159763313609	1.17159763313609	1
5	5464631	5464632	28	9	2	1	1	0.11	1	1	0.89	unphased	0.748440748440748	0.748440748440748	1
5	11082904	11082905	42	22	2	1	1	0.11	1	1	0.89	unphased	1.05769230769231	1.05769230769231	1
5	14331005	14331006	83	36	2	1	1	0.11	1	1	0.89	unphased	0.930833872010343	0.930833872010343	1
5	19483488	19483489	15	9	2	1	1	0.11	1	1	0.89	unphased	1.15384615384615	1.15384615384615	1
5	37443370	37443371	33	11	2	1	1	0.11	1	1	0.89	unphased	0.769230769230769	0.769230769230769	1
5	38486040	38486041	24	8	2	1	1	0.11	1	1	0.89	unphased	0.769230769230769	0.769230769230769	1
5	38919141	38919142	44	9	2	1	1	0.11	1	1	0.89	unphased	0.522496371552975	0.587074574778624	0.89
5	52355736	52355737	25	6	1	1	0	1	NA	NA	NA	unphased	0.401985111662531	0.401985111662531	1
5	75427816	75427817	12	9	1	1	0	1	NA	NA	NA	unphased	0.89010989010989	0.89010989010989	1
5	86672322	86672323	20	33	1	1	0	1	NA	NA	NA	unphased	1.29317851959361	1.29317851959361	1
5	137514306	137514307	33	24	1	1	0	1	NA	NA	NA	unphased	0.874493927125506	0.874493927125506	1
5	140056392	140056393	37	36	1	1	0	1	NA	NA	NA	unphased	1.02423603793467	1.02423603793467	1
5	140580573	140580574	44	12	1	1	0	1	NA	NA	NA	unphased	0.445054945054945	0.445054945054945	1
5	147498009	147498010	51	3	1	1	0	1	NA	NA	NA	unphased	0.115384615384615	0.115384615384615	1
5	150946861	150946862	21	29	1	1	0	1	NA	NA	NA	unphased	1.20461538461538	1.20461538461538	1
5	180166563	180166564	19	4	1	1	0	1	NA	NA	NA	unphased	0.361204013377926	0.361204013377926	1
5	180419855	180419856	48	5	NA	NA	NA	NA	NA	NA	NA	unphased	NA	NA	1
6	2679590	2679591	143	55	2	1	1	1	NA	NA	NA	unphased	0.854700854700855	0.854700854700855	1
6	28094582	28094583	15	3	2	1	1	1	NA	NA	NA	unphased	0.512820512820513	0.512820512820513	1
6	29640439	29640440	34	24	2	1	1	1	NA	NA	NA	unphased	1.27320954907162	1.27320954907162	1
6	30899572	30899573	38	12	2	1	1	1	NA	NA	NA	unphased	0.738461538461538	0.738461538461538	1
6	31079658	31079659	25	18	2	1	1	1	NA	NA	NA	unphased	1.28801431127013	1.28801431127013	1
6	32805734	32805735	37	12	2	1	1	1	NA	NA	NA	unphased	0.753532182103611	0.753532182103611	1
6	33146094	33146095	39	18	2	1	1	1	NA	NA	NA	unphased	0.97165991902834	0.97165991902834	1
6	33281788	33281789	39	20	2	1	1	1	NA	NA	NA	unphased	1.04302477183833	1.04302477183833	1
6	33639021	33639022	43	5	2	1	1	1	NA	NA	NA	unphased	0.320512820512821	0.320512820512821	1
6	37138630	37138631	17	4	2	1	1	1	NA	NA	NA	unphased	0.586080586080586	0.586080586080586	1
6	37611678	37611679	15	11	2	1	1	1	NA	NA	NA	unphased	1.30177514792899	1.30177514792899	1
6	39285660	39285661	10	6	2	1	1	1	NA	NA	NA	unphased	1.15384615384615	1.15384615384615	1
6	43126658	43126659	30	9	2	1	1	1	NA	NA	NA	unphased	0.710059171597633	0.710059171597633	1
6	55924039	55924040	22	4	2	1	1	1	NA	NA	NA	unphased	0.473372781065089	0.473372781065089	1
6	57012771	57012772	68	33	2	1	1	1	NA	NA	NA	unphased	1.00533130236101	1.00533130236101	1
6	90435039	90435040	47	15	2	1	1	1	NA	NA	NA	unphased	0.744416873449132	0.744416873449132	1
6	90504479	90504480	67	8	2	1	1	1	NA	NA	NA	unphased	0.328205128205128	0.328205128205128	1
6	90660399	90660400	31	12	2	1	1	1	NA	NA	NA	unphased	0.858676207513417	0.858676207513417	1
6	97681742	97681743	53	22	2	1	1	1	NA	NA	NA	unphased	0.902564102564103	0.902564102564103	1
6	111995729	111995730	119	41	2	1	1	1	NA	NA	NA	unphased	0.788461538461538	0.788461538461538	1
6	111995730	111995731	119	40	2	1	1	1	NA	NA	NA	unphased	0.774068698597	0.774068698597	1
6	117622241	117622242	88	34	2	1	1	1	NA	NA	NA	unphased	0.85750315258512	0.85750315258512	1
6	132967002	132967003	104	33	2	1	1	1	NA	NA	NA	unphased	0.741156653565413	0.741156653565413	1
6	139694333	139694334	58	24	2	1	1	1	NA	NA	NA	unphased	0.900562851782364	0.900562851782364	1
6	145119012	145119013	42	18	2	1	1	1	NA	NA	NA	unphased	0.923076923076923	0.923076923076923	1
6	159653964	159653965	9	3	2	1	1	1	NA	NA	NA	unphased	0.769230769230769	0.769230769230769	1
7	5352365	5352366	10	9	1.24	1	1	0.24	1	0	0.76	unphased	1.09748987854251	1.09748987854251	1
7	18788633	18788634	15	12	1.24	1	1	0.24	1	0	0.76	unphased	1.02974358974359	1.02974358974359	1
7	30066009	30066010	59	21	1.24	1	1	0.24	1	0	0.76	unphased	0.608192307692308	0.608192307692308	1
7	44560415	44560416	45	30	1.24	1	1	0.24	1	0	0.76	unphased	0.926769230769231	0.926769230769231	1
7	48319310	48319311	64	40	1.24	1	1	0.24	1	0	0.76	unphased	0.89112426035503	0.89112426035503	1
7	48338049	48338050	33	15	1.24	1	1	0.24	1	0	0.76	unphased	0.724038461538462	0.724038461538462	1
7	65705967	65705968	53	25	1.24	1	1	0.24	1	0	0.76	unphased	0.742603550295858	0.742603550295858	1
7	72657465	72657466	96	25	1.24	1	1	0.24	1	0	0.76	unphased	0.478703115066751	0.478703115066751	1
7	72657466	72657467	99	23	1.24	1	1	0.24	1	0	0.76	unphased	0.436796973518285	0.436796973518285	1
7	75051284	75051285	23	8	1.24	1	1	0.24	1	0	0.76	unphased	0.597915632754342	0.597915632754342	1
7	75171268	75171269	107	7	1.24	1	1	0.24	1	0	0.76	unphased	0.142267206477733	0.592780026990553	0.24
7	75621560	75621561	69	20	1.24	1	1	0.24	1	0	0.76	unphased	0.520656871218669	0.520656871218669	1
7	82764256	82764257	155	67	1.24	1	1	0.24	1	0	0.76	unphased	0.699251559251559	0.699251559251559	1
7	86468252	86468253	13	14	1.24	1	1	0.24	1	0	0.76	unphased	1.20136752136752	1.20136752136752	1
7	92099214	92099215	10	10	1.24	1	1	0.24	1	0	0.76	unphased	1.15846153846154	1.15846153846154	1
7	99526807	99526808	65	28	1.24	1	1	0.24	1	0	0.76	unphased	0.6975682382134	0.6975682382134	1
7	99786583	99786584	67	19	1.24	1	1	0.24	1	0	0.76	unphased	0.511878354203936	0.511878354203936	1
7	100552384	100552385	272	74	1.24	1	1	0.24	1	0	0.76	unphased	0.49552690084482	0.49552690084482	1
7	100817921	100817922	59	11	1.24	1	1	0.24	1	0	0.76	unphased	0.364087912087912	1.51703296703297	0.24
7	105177042	105177043	152	5	1.24	1	1	0.24	1	0	0.76	unphased	0.0737873591376776	0.0737873591376776	1
7	107002555	107002556	17	6	1.24	1	1	0.24	1	0	0.76	unphased	0.604414715719063	0.604414715719063	1
7	107746980	107746981	24	12	1.24	1	1	0.24	1	0	0.76	unphased	0.772307692307692	0.772307692307692	1
7	120780970	120780971	32	15	1.24	1	1	0.24	1	0	0.76	unphased	0.739443535188216	0.739443535188216	1
7	130021491	130021492	33	4	1.24	1	1	0.24	1	0	0.76	unphased	0.250478170478171	1.04365904365904	0.24
7	131853252	131853253	21	20	1.24	1	1	0.24	1	0	0.76	unphased	1.13020637898687	1.13020637898687	1
7	132470383	132470384	42	30	1.24	1	1	0.24	1	0	0.76	unphased	0.965384615384616	0.965384615384616	1
7	137270075	137270076	45	21	1.24	1	1	0.24	1	0	0.76	unphased	0.737202797202797	0.737202797202797	1
7	137304673	137304674	54	33	1.24	1	1	0.24	1	0	0.76	unphased	0.878832891246684	0.878832891246684	1
7	146829578	146829579	48	21	1.24	1	1	0.24	1	0	0.76	unphased	0.705150501672241	0.705150501672241	1
7	150069191	150069192	9	5	1.24	1	1	0.24	1	0	0.76	unphased	0.827472527472528	0.827472527472528	1
7	150493602	150493603	41	10	1.24	1	1	0.24	1	0	0.76	unphased	0.454298642533937	0.454298642533937	1
8	22056553	22056554	36	8	2	1	1	1	NA	NA	NA	unphased	0.559440559440559	0.559440559440559	1
8	22458471	22458472	9	17	2	1	1	1	NA	NA	NA	unphased	2.01183431952663	2.01183431952663	1
8	27358524	27358525	42	20	2	1	1	1	NA	NA	NA	unphased	0.992555831265509	0.992555831265509	1
8	28385174	28385175	85	15	2	1	1	1	NA	NA	NA	unphased	0.461538461538462	0.461538461538462	1
8	30623784	30623785	28	14	2	1	1	1	NA	NA	NA	unphased	1.02564102564103	1.02564102564103	1
8	30889971	30889972	66	15	2	1	1	1	NA	NA	NA	unphased	0.56980056980057	0.56980056980057	1
8	38005747	38005748	22	12	2	1	1	1	NA	NA	NA	unphased	1.08597285067873	1.08597285067873	1
8	38175465	38175466	32	10	2	1	1	1	NA	NA	NA	unphased	0.732600732600733	0.732600732600733	1
8	39613341	39613342	49	42	2	1	1	1	NA	NA	NA	unphased	1.42011834319527	1.42011834319527	1
8	41166483	41166484	11	11	2	1	1	1	NA	NA	NA	unphased	1.53846153846154	1.53846153846154	1
8	41519386	41519387	44	16	2	1	1	1	NA	NA	NA	unphased	0.82051282051282	0.82051282051282	1
8	52321194	52321195	6	6	2	1	1	1	NA	NA	NA	unphased	1.53846153846154	1.53846153846154	1
8	65527692	65527693	36	18	2	1	1	1	NA	NA	NA	unphased	1.02564102564103	1.02564102564103	1
8	72984098	72984099	41	10	2	1	1	1	NA	NA	NA	unphased	0.603318250377074	0.603318250377074	1
8	74464339	74464340	91	31	2	1	1	1	NA	NA	NA	unphased	0.781841109709962	0.781841109709962	1
8	113988089	113988090	110	39	2	1	1	1	NA	NA	NA	unphased	0.805369127516779	0.805369127516779	1
8	120628553	120628554	40	14	2	1	1	1	NA	NA	NA	unphased	0.797720797720798	0.797720797720798	1
8	139674272	139674273	60	21	2	1	1	1	NA	NA	NA	unphased	0.797720797720798	0.797720797720798	1
8	141675017	141675018	12	9	2	1	1	1	NA	NA	NA	unphased	1.31868131868132	1.31868131868132	1
8	145739738	145739739	12	4	NA	NA	NA	NA	NA	NA	NA	unphased	NA	NA	1
9	3263016	3263017	35	18	1	1	0	1	NA	NA	NA	unphased	0.705370101596517	0.705370101596517	1
9	4685025	4685026	31	26	1	1	0	1	NA	NA	NA	unphased	0.947368421052632	0.947368421052632	1
9	69117822	69117823	100	31	NA	NA	NA	NA	NA	NA	NA	unphased	NA	NA	1
9	75526975	75526976	80	5	2	1	1	1	NA	NA	NA	unphased	0.180995475113122	0.180995475113122	1
9	80049350	80049351	24	9	2	1	1	1	NA	NA	NA	unphased	0.839160839160839	0.839160839160839	1
9	96859731	96859732	88	10	2	1	1	1	NA	NA	NA	unphased	0.313971742543171	0.313971742543171	1
9	123945597	123945598	68	27	2	1	1	1	NA	NA	NA	unphased	0.874493927125506	0.874493927125506	1
9	125281490	125281491	70	30	2	1	1	1	NA	NA	NA	unphased	0.923076923076923	0.923076923076923	1
9	130885220	130885221	27	5	2	1	1	1	NA	NA	NA	unphased	0.480769230769231	0.480769230769231	1
9	135073790	135073791	34	22	2	1	1	1	NA	NA	NA	unphased	1.20879120879121	1.20879120879121	1
9	137772698	137772699	16	4	2	1	1	1	NA	NA	NA	unphased	0.615384615384615	0.615384615384615	1
X	7177395	7177396	11	18	NA	NA	NA	NA	NA	NA	NA	unphased	NA	NA	1
X	14861741	14861742	22	51	NA	NA	NA	NA	NA	NA	NA	unphased	NA	NA	1
X	28807480	28807481	14	24	NA	NA	NA	NA	NA	NA	NA	unphased	NA	NA	1
X	65247898	65247899	12	15	NA	NA	NA	NA	NA	NA	NA	unphased	NA	NA	1
X	123654527	123654528	14	44	NA	NA	NA	NA	NA	NA	NA	unphased	NA	NA	1
X	129139247	129139248	34	45	NA	NA	NA	NA	NA	NA	NA	unphased	NA	NA	1
X	141291532	141291533	24	5	NA	NA	NA	NA	NA	NA	NA	unphased	NA	NA	1
X	153627840	153627841	73	6	NA	NA	NA	NA	NA	NA	NA	unphased	NA	NA	1
X	153940623	153940624	28	39	NA	NA	NA	NA	NA	NA	NA	unphased	NA	NA	1
