chr	start	end	WT.count	mut.count	subclonal.CN	nMaj1	nMin1	frac1	nMaj2	nMin2	frac2	phase	mutation.copy.number	subclonal.fraction	no.chrs.bearing.mut
1	1222540	1222541	53	3	1	1	0	1	NA	NA	NA	unphased	0.113839285714286	0.113839285714286	1
1	11595161	11595162	11	5	1	1	0	1	NA	NA	NA	unphased	0.6640625	0.6640625	1
1	13668938	13668939	11	7	1	1	0	1	NA	NA	NA	unphased	0.826388888888889	0.826388888888889	1
1	75039112	75039113	97	50	1	1	0	1	NA	NA	NA	unphased	0.722789115646258	0.722789115646258	1
1	110775599	110775600	10	7	1	1	0	1	NA	NA	NA	unphased	0.875	0.875	1
1	176564598	176564599	111	39	2	2	0	1	NA	NA	NA	unphased	0.8125	0.8125	1
1	193091228	193091229	11	6	2	2	0	1	NA	NA	NA	unphased	1.10294117647059	1.10294117647059	1
1	203188831	203188832	168	52	2	2	0	1	NA	NA	NA	unphased	0.738636363636364	0.738636363636364	1
1	213181648	213181649	94	41	2	2	0	1	NA	NA	NA	unphased	0.949074074074074	0.949074074074074	1
1	222867550	222867551	107	152	2	2	0	1	NA	NA	NA	unphased	1.83397683397683	0.916988416988417	2
1	223566950	223566951	29	6	2	2	0	1	NA	NA	NA	unphased	0.535714285714286	0.535714285714286	1
1	230903310	230903311	146	52	2	2	0	1	NA	NA	NA	unphased	0.820707070707071	0.820707070707071	1
1	234742955	234742956	139	198	2	2	0	1	NA	NA	NA	unphased	1.83605341246291	0.918026706231454	2
1	236849958	236849959	74	33	2	2	0	1	NA	NA	NA	unphased	0.963785046728972	0.963785046728972	1
10	1313258	1313259	39	14	2	1	1	1	NA	NA	NA	unphased	0.825471698113208	0.825471698113208	1
10	13330437	13330438	106	42	2	1	1	1	NA	NA	NA	unphased	0.886824324324324	0.886824324324324	1
10	25010916	25010917	12	5	2	1	1	1	NA	NA	NA	unphased	0.919117647058824	0.919117647058824	1
10	33199222	33199223	38	15	2	1	1	1	NA	NA	NA	unphased	0.884433962264151	0.884433962264151	1
10	67680200	67680201	172	57	2	1	1	1	NA	NA	NA	unphased	0.777838427947598	0.777838427947598	1
10	68040304	68040305	75	20	2	1	1	1	NA	NA	NA	unphased	0.657894736842105	0.657894736842105	1
10	79588709	79588710	40	13	2	1	1	1	NA	NA	NA	unphased	0.766509433962264	0.766509433962264	1
10	82185669	82185670	158	12	2	1	1	1	NA	NA	NA	unphased	0.220588235294118	0.220588235294118	1
10	116887418	116887419	17	5	2	1	1	1	NA	NA	NA	unphased	0.710227272727273	0.710227272727273	1
10	119307841	119307842	10	2	2	1	1	1	NA	NA	NA	unphased	0.520833333333333	0.520833333333333	1
10	127760060	127760061	274	95	2	1	1	1	NA	NA	NA	unphased	0.804539295392954	0.804539295392954	1
11	7111036	7111037	35	12	2	1	1	1	NA	NA	NA	unphased	0.797872340425532	0.797872340425532	1
11	30930510	30930511	38	20	2	1	1	1	NA	NA	NA	unphased	1.07758620689655	1.07758620689655	1
11	33620604	33620605	12	5	2	1	1	1	NA	NA	NA	unphased	0.919117647058824	0.919117647058824	1
11	55595391	55595392	233	7	2	1	1	1	NA	NA	NA	unphased	0.0911458333333333	0.0911458333333333	1
11	55944169	55944170	258	94	2	1	1	1	NA	NA	NA	unphased	0.834517045454545	0.834517045454545	1
11	56468175	56468176	266	28	2	1	1	1	NA	NA	NA	unphased	0.297619047619048	0.297619047619048	1
11	58207515	58207516	111	49	2	1	1	1	NA	NA	NA	unphased	0.95703125	0.95703125	1
11	62339044	62339045	9	4	2	1	1	1	NA	NA	NA	unphased	0.961538461538462	0.961538461538462	1
11	62340128	62340129	162	67	2	1	1	1	NA	NA	NA	unphased	0.914301310043668	0.914301310043668	1
11	67287586	67287587	55	17	2	1	1	1	NA	NA	NA	unphased	0.737847222222222	0.737847222222222	1
11	76956539	76956540	72	25	2	1	1	1	NA	NA	NA	unphased	0.805412371134021	0.805412371134021	1
12	7477187	7477188	107	15	3.78	2	2	0.89	1	1	0.11	unphased	0.603073770491803	0.677610978080678	0.89
12	8758042	8758043	168	23	4	2	2	1	NA	NA	NA	unphased	0.617146596858639	0.617146596858639	1
12	9000284	9000285	296	147	4	2	2	1	NA	NA	NA	unphased	1.70062076749436	0.850310383747178	2
12	10875466	10875467	22	11	4	2	2	1	NA	NA	NA	unphased	1.70833333333333	0.854166666666667	2
12	21349928	21349929	150	77	4	2	2	1	NA	NA	NA	unphased	1.73843612334802	0.869218061674009	2
12	40013457	40013458	40	5	3	2	1	1	NA	NA	NA	unphased	0.458333333333333	0.458333333333333	1
12	50048057	50048058	64	38	3	2	1	1	NA	NA	NA	unphased	1.53676470588235	0.768382352941176	2
12	69968109	69968110	194	51	3	2	1	1	NA	NA	NA	unphased	0.858673469387755	0.858673469387755	1
12	75437011	75437012	73	27	3	2	1	1	NA	NA	NA	unphased	1.11375	1.11375	1
12	108910748	108910749	169	38	2.76	2	1	0.88	1	0	0.12	unphased	0.713188405797102	0.810441370223979	0.88
12	110950671	110950672	9	3	2.76	2	1	0.88	1	0	0.12	unphased	0.97125	0.97125	1
12	119419762	119419763	28	6	2.66	2	1	0.83	1	0	0.17	unphased	0.667941176470588	0.667941176470588	1
12	124163770	124163771	382	112	2.66	2	1	0.83	1	0	0.17	unphased	0.858137651821862	1.03390078532755	0.83
12	124352115	124352116	33	33	2.66	2	1	0.83	1	0	0.17	unphased	1.8925	1.03415300546448	1.83
13	31543081	31543082	93	122	2	2	0	1	NA	NA	NA	unphased	1.77325581395349	0.886627906976744	2
13	41507905	41507906	110	150	2	2	0	1	NA	NA	NA	unphased	1.80288461538462	0.901442307692308	2
13	52035398	52035399	57	15	2	2	0	1	NA	NA	NA	unphased	0.651041666666667	0.651041666666667	1
13	61988089	61988090	45	13	2	2	0	1	NA	NA	NA	unphased	0.700431034482759	0.700431034482759	1
13	107209490	107209491	127	29	2	2	0	1	NA	NA	NA	unphased	0.580929487179487	0.580929487179487	1
15	25222053	25222054	134	63	1	1	0	1	NA	NA	NA	unphased	0.679568527918782	0.679568527918782	1
15	41817270	41817271	54	42	1	1	0	1	NA	NA	NA	unphased	0.9296875	0.9296875	1
15	74365124	74365125	255	48	2	2	0	1	NA	NA	NA	unphased	0.495049504950495	0.495049504950495	1
15	85619971	85619972	165	15	2	2	0	1	NA	NA	NA	unphased	0.260416666666667	0.260416666666667	1
15	102346254	102346255	525	20	2	2	0	1	NA	NA	NA	unphased	0.114678899082569	0.114678899082569	1
16	1470255	1470256	121	61	2	1	1	1	NA	NA	NA	unphased	1.04739010989011	1.04739010989011	1
16	1510443	1510444	102	59	2	1	1	1	NA	NA	NA	unphased	1.14518633540373	1.14518633540373	1
16	2153649	2153650	88	36	2	1	1	1	NA	NA	NA	unphased	0.907258064516129	0.907258064516129	1
16	9892310	9892311	53	20	2	1	1	1	NA	NA	NA	unphased	0.856164383561644	0.856164383561644	1
16	24895441	24895442	313	120	2	1	1	1	NA	NA	NA	unphased	0.866050808314088	0.866050808314088	1
16	28493969	28493970	105	57	2	1	1	1	NA	NA	NA	unphased	1.09953703703704	1.09953703703704	1
16	30748642	30748643	77	21	2	1	1	1	NA	NA	NA	unphased	0.669642857142857	0.669642857142857	1
16	31089489	31089490	55	29	2	1	1	1	NA	NA	NA	unphased	1.07886904761905	1.07886904761905	1
16	55516924	55516925	183	65	2	1	1	1	NA	NA	NA	unphased	0.819052419354839	0.819052419354839	1
16	57787892	57787893	73	40	2	1	1	1	NA	NA	NA	unphased	1.10619469026549	1.10619469026549	1
16	70208289	70208290	21	10	2	1	1	1	NA	NA	NA	unphased	1.00806451612903	1.00806451612903	1
16	75512861	75512862	119	53	2	1	1	1	NA	NA	NA	unphased	0.962936046511628	0.962936046511628	1
17	7365285	7365286	158	7	2	2	0	1	NA	NA	NA	unphased	0.132575757575758	0.132575757575758	1
17	7468309	7468310	64	23	2	2	0	1	NA	NA	NA	unphased	0.826149425287356	0.826149425287356	1
17	7577104	7577105	35	60	2	2	0	1	NA	NA	NA	unphased	1.97368421052632	0.986842105263158	2
17	8926323	8926324	26	6	1.04	1	1	0.04	0	1	0.96	unphased	0.4059375	0.4059375	1
17	29192759	29192760	63	9	NA	NA	NA	NA	NA	NA	NA	unphased	NA	NA	1
17	29192765	29192766	68	9	NA	NA	NA	NA	NA	NA	NA	unphased	NA	NA	1
17	29192773	29192774	66	7	NA	NA	NA	NA	NA	NA	NA	unphased	NA	NA	1
17	45913744	45913745	116	62	2	1	1	1	NA	NA	NA	unphased	1.08848314606742	1.08848314606742	1
17	55693390	55693391	286	91	NA	NA	NA	NA	NA	NA	NA	unphased	NA	NA	1
17	57816264	57816265	187	83	2	1	1	1	NA	NA	NA	unphased	0.960648148148148	0.960648148148148	1
17	58233922	58233923	150	52	2	1	1	1	NA	NA	NA	unphased	0.804455445544555	0.804455445544555	1
17	60865909	60865910	124	61	2	1	1	1	NA	NA	NA	unphased	1.03040540540541	1.03040540540541	1
17	80887327	80887328	62	17	2	1	1	1	NA	NA	NA	unphased	0.67246835443038	0.67246835443038	1
18	43219740	43219741	233	170	1.18	2	1	0.09	1	0	0.91	unphased	0.972332506203474	0.972332506203474	1
18	45371771	45371772	177	60	1.18	2	1	0.09	1	0	0.91	unphased	0.583544303797468	0.583544303797468	1
18	48703445	48703446	138	35	1.18	2	1	0.09	1	0	0.91	unphased	0.466329479768786	0.466329479768786	1
19	18497102	18497103	59	19	2.56	2	1	0.78	1	0	0.22	unphased	0.897628205128205	0.897628205128205	1
19	22575054	22575055	27	4	2	1	1	0.41	1	1	0.59	unphased	0.403225806451613	0.683433570256971	0.59
19	45017313	45017314	36	17	1	1	0	1	NA	NA	NA	unphased	0.681603773584906	0.681603773584906	1
19	49507557	49507558	91	6	1	1	0	1	NA	NA	NA	unphased	0.131443298969072	0.131443298969072	1
19	52659420	52659421	59	6	1	1	0	1	NA	NA	NA	unphased	0.196153846153846	0.196153846153846	1
2	21237992	21237993	256	91	2	1	1	1	NA	NA	NA	unphased	0.819524495677233	0.819524495677233	1
2	28771758	28771759	62	4	2	1	1	1	NA	NA	NA	unphased	0.189393939393939	0.189393939393939	1
2	50724590	50724591	81	16	2	1	1	1	NA	NA	NA	unphased	0.515463917525773	0.515463917525773	1
2	61510332	61510333	217	25	2.5	5	1	0.3	1	0	0.7	unphased	0.37448347107438	1.2482782369146	0.3
2	71160348	71160349	19	8	2	1	1	1	NA	NA	NA	unphased	0.925925925925926	0.925925925925926	1
2	73898242	73898243	206	75	2	1	1	1	NA	NA	NA	unphased	0.834074733096085	0.834074733096085	1
2	87214093	87214094	310	123	2	1	1	1	NA	NA	NA	unphased	0.88770207852194	0.88770207852194	1
2	108608586	108608587	96	26	2	1	1	1	NA	NA	NA	unphased	0.665983606557377	0.665983606557377	1
2	137814255	137814256	92	30	2	1	1	1	NA	NA	NA	unphased	0.76844262295082	0.76844262295082	1
2	138000106	138000107	73	39	2	1	1	1	NA	NA	NA	unphased	1.08816964285714	1.08816964285714	1
2	179201134	179201135	221	93	2	1	1	1	NA	NA	NA	unphased	0.925557324840764	0.925557324840764	1
2	179736974	179736975	114	34	2	1	1	1	NA	NA	NA	unphased	0.717905405405405	0.717905405405405	1
2	209358340	209358341	141	41	2	1	1	1	NA	NA	NA	unphased	0.703983516483517	0.703983516483517	1
2	216296576	216296577	334	12	2	1	1	1	NA	NA	NA	unphased	0.108381502890173	0.108381502890173	1
2	234975203	234975204	157	32	2	1	1	1	NA	NA	NA	unphased	0.529100529100529	0.529100529100529	1
2	240055997	240055998	45	17	2	1	1	1	NA	NA	NA	unphased	0.856854838709677	0.856854838709677	1
20	3677922	3677923	95	44	2	1	1	1	NA	NA	NA	unphased	0.989208633093525	0.989208633093525	1
20	3804818	3804819	55	43	2	1	1	1	NA	NA	NA	unphased	1.37117346938776	1.37117346938776	1
20	33703373	33703374	566	264	2	1	1	1	NA	NA	NA	unphased	0.993975903614458	0.993975903614458	1
20	35443530	35443531	264	104	2	1	1	1	NA	NA	NA	unphased	0.883152173913043	0.883152173913043	1
20	35443740	35443741	46	20	2	1	1	1	NA	NA	NA	unphased	0.946969696969697	0.946969696969697	1
20	35444169	35444170	7	7	2	1	1	1	NA	NA	NA	unphased	1.5625	1.5625	1
20	36845706	36845707	10	9	2	1	1	1	NA	NA	NA	unphased	1.48026315789474	1.48026315789474	1
20	37535685	37535686	145	49	2	1	1	1	NA	NA	NA	unphased	0.78930412371134	0.78930412371134	1
20	55108598	55108599	232	77	2	1	1	1	NA	NA	NA	unphased	0.778721682847896	0.778721682847896	1
3	41266697	41266698	83	43	2	1	1	1	NA	NA	NA	unphased	1.06646825396825	1.06646825396825	1
3	49690376	49690377	127	53	2	1	1	1	NA	NA	NA	unphased	0.920138888888889	0.920138888888889	1
3	50402575	50402576	44	21	2	1	1	1	NA	NA	NA	unphased	1.00961538461538	1.00961538461538	1
3	62518671	62518672	160	50	2	1	1	1	NA	NA	NA	unphased	0.744047619047619	0.744047619047619	1
3	72891516	72891517	98	40	2	1	1	1	NA	NA	NA	unphased	0.905797101449275	0.905797101449275	1
3	73433432	73433433	45	17	2	1	1	1	NA	NA	NA	unphased	0.856854838709677	0.856854838709677	1
3	87027888	87027889	68	28	2	1	1	1	NA	NA	NA	unphased	0.911458333333333	0.911458333333333	1
3	113737549	113737550	342	143	2	1	1	1	NA	NA	NA	unphased	0.92139175257732	0.92139175257732	1
3	121356040	121356041	176	65	2	1	1	1	NA	NA	NA	unphased	0.842842323651452	0.842842323651452	1
3	152553884	152553885	128	63	2	1	1	1	NA	NA	NA	unphased	1.03075916230366	1.03075916230366	1
3	155200012	155200013	261	104	2	1	1	1	NA	NA	NA	unphased	0.89041095890411	0.89041095890411	1
3	160219814	160219815	4	5	2	1	1	1	NA	NA	NA	unphased	1.73611111111111	1.73611111111111	1
3	183226064	183226065	1558	49	8	7	1	1	NA	NA	NA	unphased	0.278235843186061	0.278235843186061	1
3	186943270	186943271	846	83	1.9	5	1	0.18	1	0	0.82	unphased	0.270263724434876	0.270263724434876	1
3	196386690	196386691	180	26	6	5	1	1	NA	NA	NA	unphased	0.899271844660194	0.899271844660194	1
3	196771487	196771488	206	29	6	5	1	1	NA	NA	NA	unphased	0.879255319148936	0.879255319148936	1
3	197640811	197640812	690	85	6	5	1	1	NA	NA	NA	unphased	0.781451612903226	0.781451612903226	1
4	56830467	56830468	88	30	2	1	1	1	NA	NA	NA	unphased	0.794491525423729	0.794491525423729	1
4	71554760	71554761	83	35	1.1	1	1	0.1	1	0	0.9	unphased	0.659957627118644	0.659957627118644	1
4	80247028	80247029	39	12	1.1	1	1	0.1	1	0	0.9	unphased	0.523529411764706	0.523529411764706	1
4	80328677	80328678	147	66	1.1	1	1	0.1	1	0	0.9	unphased	0.68943661971831	0.68943661971831	1
4	100503136	100503137	220	67	2	1	1	0.08	1	1	0.92	unphased	0.729529616724739	0.729529616724739	1
4	123350788	123350789	103	45	2	1	1	1	NA	NA	NA	unphased	0.950168918918919	0.950168918918919	1
4	128689966	128689967	44	24	2	1	1	1	NA	NA	NA	unphased	1.10294117647059	1.10294117647059	1
4	187004153	187004154	69	34	1	1	0	1	NA	NA	NA	unphased	0.701456310679612	0.701456310679612	1
5	11732353	11732354	184	33	2.64	2	1	0.82	1	0	0.18	unphased	0.572557603686636	0.572557603686636	1
5	37299568	37299569	149	93	3	2	1	1	NA	NA	NA	unphased	1.58522727272727	0.792613636363636	2
5	40716429	40716430	160	56	3	2	1	1	NA	NA	NA	unphased	1.06944444444444	1.06944444444444	1
5	44815149	44815150	103	26	3	2	1	1	NA	NA	NA	unphased	0.831395348837209	0.831395348837209	1
5	140503877	140503878	83	59	1	1	0	1	NA	NA	NA	unphased	0.882922535211268	0.882922535211268	1
5	140581133	140581134	47	15	1	1	0	1	NA	NA	NA	unphased	0.514112903225806	0.514112903225806	1
6	32154670	32154671	38	41	1	1	0	1	NA	NA	NA	unphased	1.10284810126582	1.10284810126582	1
6	46133222	46133223	114	71	1	1	0	1	NA	NA	NA	unphased	0.81554054054054	0.81554054054054	1
6	52052552	52052553	175	79	2	1	1	0.11	1	1	0.89	unphased	0.971948818897638	0.971948818897638	1
6	99282854	99282855	39	14	2	1	1	1	NA	NA	NA	unphased	0.825471698113208	0.825471698113208	1
6	112671179	112671180	72	28	2	1	1	1	NA	NA	NA	unphased	0.875	0.875	1
6	129419419	129419420	124	46	2	1	1	1	NA	NA	NA	unphased	0.845588235294118	0.845588235294118	1
6	134495893	134495894	263	81	2	1	1	1	NA	NA	NA	unphased	0.735828488372093	0.735828488372093	1
6	135287502	135287503	107	49	2	1	1	1	NA	NA	NA	unphased	0.981570512820513	0.981570512820513	1
6	136597387	136597388	388	73	1.09	1	1	0.09	1	0	0.91	unphased	0.350748373101952	0.350748373101952	1
6	143074138	143074139	30	8	2	1	1	1	NA	NA	NA	unphased	0.657894736842105	0.657894736842105	1
6	147706039	147706040	9	4	2	1	1	1	NA	NA	NA	unphased	0.961538461538462	0.961538461538462	1
6	152472734	152472735	48	10	2	1	1	1	NA	NA	NA	unphased	0.538793103448276	0.538793103448276	1
6	155635541	155635542	94	29	2	1	1	1	NA	NA	NA	unphased	0.736788617886179	0.736788617886179	1
7	1487279	1487280	9	9	2	1	1	1	NA	NA	NA	unphased	1.5625	1.5625	1
7	6189577	6189578	54	25	2	1	1	1	NA	NA	NA	unphased	0.988924050632911	0.988924050632911	1
7	33195307	33195308	28	8	2	1	1	1	NA	NA	NA	unphased	0.694444444444444	0.694444444444444	1
7	65557571	65557572	216	89	2	1	1	1	NA	NA	NA	unphased	0.911885245901639	0.911885245901639	1
7	77885612	77885613	75	48	3	2	1	1	NA	NA	NA	unphased	1.60975609756098	0.804878048780488	2
7	80290393	80290394	106	68	3	2	1	1	NA	NA	NA	unphased	1.61206896551724	0.806034482758621	2
7	104782852	104782853	280	77	3	2	1	1	NA	NA	NA	unphased	0.889705882352941	0.889705882352941	1
7	131853301	131853302	48	39	3	2	1	1	NA	NA	NA	unphased	1.84913793103448	0.924568965517241	2
7	135080420	135080421	168	148	3	2	1	1	NA	NA	NA	unphased	1.93196202531646	0.965981012658228	2
7	138593848	138593849	26	35	3	2	1	1	NA	NA	NA	unphased	2.36680327868852	1.18340163934426	2
7	146829534	146829535	143	33	3	2	1	1	NA	NA	NA	unphased	0.7734375	0.7734375	1
7	148463728	148463729	73	71	3	2	1	1	NA	NA	NA	unphased	2.03385416666667	1.01692708333333	2
7	149416650	149416651	23	4	3	2	1	1	NA	NA	NA	unphased	0.611111111111111	0.611111111111111	1
7	150813908	150813909	156	108	3	2	1	1	NA	NA	NA	unphased	1.6875	0.84375	2
7	157013450	157013451	81	69	3	2	1	1	NA	NA	NA	unphased	1.8975	0.94875	2
8	1497518	1497519	54	75	2	2	0	1	NA	NA	NA	unphased	1.81686046511628	0.90843023255814	2
8	2910061	2910062	15	6	2	2	0	1	NA	NA	NA	unphased	0.892857142857143	0.892857142857143	1
8	43147712	43147713	49	61	2	2	0	1	NA	NA	NA	unphased	1.73295454545455	0.866477272727273	2
8	67748304	67748305	95	100	1.02	2	0	0.02	0	1	0.98	unphased	1.1	1.1	1
8	72936123	72936124	34	7	3	2	1	1	NA	NA	NA	unphased	0.704268292682927	0.704268292682927	1
8	72987579	72987580	285	65	3	2	1	1	NA	NA	NA	unphased	0.766071428571429	0.766071428571429	1
8	74585360	74585361	107	19	3	2	1	1	NA	NA	NA	unphased	0.622023809523809	0.622023809523809	1
8	90936799	90936800	148	99	3	2	1	1	NA	NA	NA	unphased	1.65334008097166	0.82667004048583	2
8	97321828	97321829	108	20	3	2	1	1	NA	NA	NA	unphased	0.64453125	0.64453125	1
8	105257245	105257246	192	235	3.61	3	1	0.87	1	0	0.13	unphased	2.60591334894614	0.951063266038736	2.74
8	110476932	110476933	334	273	3.61	3	1	0.87	1	0	0.13	unphased	2.12957990115321	1.13881278136535	1.87
8	144522214	144522215	10	8	2.98	3	1	0.66	1	0	0.34	unphased	1.82444444444444	1.09906291834003	1.66
8	144943413	144943414	174	39	2.98	3	1	0.66	1	0	0.34	unphased	0.751619718309859	1.13881775501494	0.66
8	144944502	144944503	20	8	2.98	3	1	0.66	1	0	0.34	unphased	1.17285714285714	1.17285714285714	1
8	145663859	145663860	162	41	2.98	3	1	0.66	1	0	0.34	unphased	0.829088669950739	0.829088669950739	1
9	712576	712577	231	49	4	4	0	1	NA	NA	NA	unphased	0.896875	0.896875	1
9	4585676	4585677	40	6	4	4	0	1	NA	NA	NA	unphased	0.668478260869565	0.668478260869565	1
9	117113192	117113193	87	130	2	2	0	1	NA	NA	NA	unphased	1.8721198156682	0.936059907834101	2
9	130931779	130931780	33	63	2	2	0	1	NA	NA	NA	unphased	2.05078125	1.025390625	2
9	136208457	136208458	48	16	2	2	0	1	NA	NA	NA	unphased	0.78125	0.78125	1
9	140076196	140076197	17	39	2	2	0	1	NA	NA	NA	unphased	2.17633928571429	1.08816964285714	2
9	140396106	140396107	37	10	NA	NA	NA	NA	NA	NA	NA	unphased	NA	NA	1
X	12904871	12904872	35	31	NA	NA	NA	NA	NA	NA	NA	unphased	NA	NA	1
X	30268616	30268617	4	16	NA	NA	NA	NA	NA	NA	NA	unphased	NA	NA	1
X	117960243	117960244	52	92	NA	NA	NA	NA	NA	NA	NA	unphased	NA	NA	1
X	118603701	118603702	140	195	NA	NA	NA	NA	NA	NA	NA	unphased	NA	NA	1
