chr	start	end	WT.count	mut.count	subclonal.CN	nMaj1	nMin1	frac1	nMaj2	nMin2	frac2	phase	mutation.copy.number	subclonal.fraction	no.chrs.bearing.mut
1	12429609	12429610	25	83	2	2	0	1	NA	NA	NA	unphased	1.97056030389364	0.985280151946819	2
1	25883676	25883677	13	40	2	2	0	1	NA	NA	NA	unphased	1.9351717464925	0.967585873246251	2
1	26361911	26361912	1	13	2	2	0	1	NA	NA	NA	unphased	2.38095238095238	1.19047619047619	2
1	31654777	31654778	3	9	2	2	0	1	NA	NA	NA	unphased	1.92307692307692	0.961538461538461	2
1	41984079	41984080	105	24	5	4	1	1	NA	NA	NA	unphased	1.03518187239117	1.03518187239117	1
1	46182631	46182632	51	50	3	2	1	1	NA	NA	NA	unphased	1.76440720995176	0.882203604975882	2
1	47755218	47755219	88	26	3	2	1	1	NA	NA	NA	unphased	0.812865497076023	0.812865497076023	1
1	78098307	78098308	69	39	2	1	1	1	NA	NA	NA	unphased	0.925925925925926	0.925925925925926	1
1	78601499	78601500	15	7	2	1	1	1	NA	NA	NA	unphased	0.815850815850816	0.815850815850816	1
1	91989766	91989767	150	37	4	3	1	1	NA	NA	NA	unphased	0.903057726587138	0.903057726587138	1
1	111889593	111889594	30	13	2	1	1	1	NA	NA	NA	unphased	0.775193798449612	0.775193798449612	1
1	118424492	118424493	41	18	2	1	1	1	NA	NA	NA	unphased	0.782268578878748	0.782268578878748	1
1	118658007	118658008	39	23	2	1	1	1	NA	NA	NA	unphased	0.951199338296112	0.951199338296112	1
1	144931267	144931268	146	27	2	1	1	1	NA	NA	NA	unphased	0.400177856825256	0.400177856825256	1
1	152777650	152777651	38	91	4.24	4	1	0.81	1	0	0.19	unphased	3.38894056847545	0.988029320255234	3.43
1	152800137	152800138	34	55	4.24	4	1	0.81	1	0	0.19	unphased	2.96882742725439	1.05652221610477	2.81
1	153065957	153065958	51	122	4.24	4	1	0.81	1	0	0.19	unphased	3.38786423595672	0.987715520687091	3.43
1	153065958	153065959	51	125	4.24	4	1	0.81	1	0	0.19	unphased	3.41200466200466	0.994753545773954	3.43
1	161953610	161953611	307	68	4.24	4	1	0.81	1	0	0.19	unphased	0.871143931623932	0.871143931623932	1
1	162725022	162725023	56	102	4.24	4	1	0.81	1	0	0.19	unphased	3.10138266796495	0.904193197657419	3.43
1	163043347	163043348	34	40	4.24	4	1	0.81	1	0	0.19	unphased	2.5968121968122	0.99114969343977	2.62
1	166815900	166815901	142	32	3.52	4	0	0.76	1	1	0.24	unphased	0.751099322133805	0.988288581755006	0.76
1	171756946	171756947	76	15	3.52	4	0	0.76	1	1	0.24	unphased	0.673203719357566	0.885794367575744	0.76
1	175375756	175375757	53	154	3.52	4	0	0.76	1	1	0.24	unphased	3.03841446797969	0.92634587438405	3.28
1	176659344	176659345	67	143	3.52	4	0	0.76	1	1	0.24	unphased	2.78107936507937	1.00763745111571	2.76
1	209964150	209964151	7	65	3.52	4	0	0.76	1	1	0.24	unphased	3.68703703703704	0.980594956658786	3.76
1	248550951	248550952	134	26	NA	NA	NA	NA	NA	NA	NA	unphased	NA	NA	1
10	1090098	1090099	29	14	2	2	0	1	NA	NA	NA	unphased	0.834824090638044	0.834824090638044	1
10	31810577	31810578	10	18	2	2	0	1	NA	NA	NA	unphased	1.64835164835165	0.824175824175824	2
10	38345404	38345405	297	15	9	7	2	1	NA	NA	NA	unphased	0.459812623274162	0.459812623274162	1
10	50531677	50531678	48	28	3	2	1	1	NA	NA	NA	unphased	1.31309041835358	1.31309041835358	1
10	50678596	50678597	79	30	3	2	1	1	NA	NA	NA	unphased	0.980945659844742	0.980945659844742	1
10	50827906	50827907	35	8	3	2	1	1	NA	NA	NA	unphased	0.663088849135361	0.663088849135361	1
10	64573572	64573573	22	18	3	2	1	1	NA	NA	NA	unphased	1.60384615384615	0.801923076923077	2
10	67680251	67680252	50	49	3	2	1	1	NA	NA	NA	unphased	1.76405076405076	0.882025382025382	2
10	67680252	67680253	51	47	3	2	1	1	NA	NA	NA	unphased	1.70931449502878	0.85465724751439	2
10	82363459	82363460	41	16	4	2	2	1	NA	NA	NA	unphased	1.28115159694107	1.28115159694107	1
10	86130784	86130785	16	6	3	2	1	1	NA	NA	NA	unphased	0.972027972027972	0.972027972027972	1
10	95085618	95085619	80	79	3	2	1	1	NA	NA	NA	unphased	1.77084341235285	0.885421706176423	2
10	95720083	95720084	82	88	3	2	1	1	NA	NA	NA	unphased	1.84494720965309	0.922473604826546	2
10	96053343	96053344	43	22	3	2	1	1	NA	NA	NA	unphased	1.20631163708087	1.20631163708087	1
10	102824706	102824707	10	20	3	2	1	1	NA	NA	NA	unphased	2.37606837606838	1.18803418803419	2
10	108432719	108432720	9	11	3	2	1	1	NA	NA	NA	unphased	1.96025641025641	0.980128205128205	2
10	126523271	126523272	19	9	NA	NA	NA	NA	NA	NA	NA	unphased	NA	NA	1
10	126523305	126523306	21	9	NA	NA	NA	NA	NA	NA	NA	unphased	NA	NA	1
10	127455489	127455490	16	16	3	2	1	1	NA	NA	NA	unphased	1.78205128205128	0.891025641025641	2
10	131671839	131671840	17	20	3	2	1	1	NA	NA	NA	unphased	1.92654192654193	0.963270963270963	2
11	5173251	5173252	25	16	4	2	2	1	NA	NA	NA	unphased	1.78111319574734	0.890556597873671	2
11	7064448	7064449	249	9	4	2	2	1	NA	NA	NA	unphased	0.159212880143113	0.159212880143113	1
11	17981077	17981078	62	12	4	2	2	1	NA	NA	NA	unphased	0.74012474012474	0.74012474012474	1
11	18955713	18955714	39	26	4	2	2	1	NA	NA	NA	unphased	1.82564102564103	0.912820512820513	2
11	46404181	46404182	16	9	4	2	2	1	NA	NA	NA	unphased	1.64307692307692	1.64307692307692	1
11	49204698	49204699	69	43	4	2	2	1	NA	NA	NA	unphased	1.75228937728938	0.876144688644689	2
11	55579016	55579017	139	92	4	2	2	1	NA	NA	NA	unphased	1.81773781773782	0.908868908868909	2
11	55579082	55579083	178	124	4	2	2	1	NA	NA	NA	unphased	1.87400237731364	0.937001188656818	2
11	57971268	57971269	135	66	4	2	2	1	NA	NA	NA	unphased	1.49866054343666	0.749330271718331	2
11	58170648	58170649	74	52	4	2	2	1	NA	NA	NA	unphased	1.88359788359788	0.941798941798942	2
11	63963245	63963246	115	57	4	2	2	1	NA	NA	NA	unphased	1.51252236135957	0.756261180679785	2
11	64536805	64536806	70	50	4	2	2	1	NA	NA	NA	unphased	1.9017094017094	0.950854700854701	2
11	65269714	65269715	51	3	4	2	2	1	NA	NA	NA	unphased	0.253561253561254	0.253561253561254	1
11	65726396	65726397	44	25	4	2	2	1	NA	NA	NA	unphased	1.65366034931252	0.826830174656262	2
11	68193624	68193625	43	82	5.9	4	2	0.98	0	1	0.02	unphased	4.24045128205128	1.0654400206159	3.98
11	68748188	68748189	51	50	5.9	4	2	0.98	0	1	0.02	unphased	3.2000507743082	1.07384254171416	2.98
11	92538416	92538417	99	6	5.9	4	2	0.98	0	1	0.02	unphased	0.369377289377289	0.369377289377289	1
11	99690429	99690430	96	14	5.9	4	2	0.98	0	1	0.02	unphased	0.822703962703963	0.822703962703963	1
11	101849138	101849139	336	60	5.5	4	2	0.9	0	1	0.1	unphased	0.918803418803419	0.918803418803419	1
11	108142120	108142121	242	88	5.5	4	2	0.9	0	1	0.1	unphased	1.61709401709402	0.898385565052232	1.8
11	114453124	114453125	188	53	5.5	4	2	0.9	0	1	0.1	unphased	1.3335993190765	0.740888510598054	1.8
11	117375651	117375652	78	15	5.5	4	2	0.9	0	1	0.1	unphased	0.97808105872622	0.97808105872622	1
11	117375652	117375653	79	16	5.5	4	2	0.9	0	1	0.1	unphased	1.02132253711201	1.02132253711201	1
11	123810656	123810657	145	20	5.5	4	2	0.9	0	1	0.1	unphased	0.735042735042735	0.735042735042735	1
11	124189572	124189573	106	26	5.5	4	2	0.9	0	1	0.1	unphased	1.19444444444444	1.19444444444444	1
11	124267051	124267052	77	16	5.5	4	2	0.9	0	1	0.1	unphased	1.0432864626413	1.0432864626413	1
11	124861461	124861462	30	9	5.5	4	2	0.9	0	1	0.1	unphased	1.39940828402367	1.39940828402367	1
12	1994214	1994215	57	62	3	2	1	1	NA	NA	NA	unphased	1.85692738633915	0.928463693169576	2
12	10213845	10213846	22	23	3	2	1	1	NA	NA	NA	unphased	1.82165242165242	0.910826210826211	2
12	20876145	20876146	43	41	3	2	1	1	NA	NA	NA	unphased	1.73962148962149	0.869810744810745	2
12	27058353	27058354	21	16	3	2	1	1	NA	NA	NA	unphased	1.54123354123354	0.77061677061677	2
12	40076744	40076745	40	16	3	2	1	1	NA	NA	NA	unphased	1.01831501831502	1.01831501831502	1
12	41337840	41337841	59	14	3	2	1	1	NA	NA	NA	unphased	0.683526519142957	0.683526519142957	1
12	43822147	43822148	74	18	3	2	1	1	NA	NA	NA	unphased	0.697324414715719	0.697324414715719	1
12	43826207	43826208	65	29	3	2	1	1	NA	NA	NA	unphased	1.09956355701037	1.09956355701037	1
12	45168585	45168586	69	24	3	2	1	1	NA	NA	NA	unphased	0.919768403639371	0.919768403639371	1
12	53242557	53242558	12	12	3	2	1	1	NA	NA	NA	unphased	1.78205128205128	0.891025641025641	2
12	55356300	55356301	106	122	3	2	1	1	NA	NA	NA	unphased	1.90710751237067	0.953553756185335	2
12	56531102	56531103	38	17	3	2	1	1	NA	NA	NA	unphased	1.1016317016317	1.1016317016317	1
12	57619551	57619552	24	5	3	2	1	1	NA	NA	NA	unphased	0.614500442086649	0.614500442086649	1
12	57843385	57843386	47	9	3	2	1	1	NA	NA	NA	unphased	0.572802197802198	0.572802197802198	1
12	66638296	66638297	10	29	2	2	0	1	NA	NA	NA	unphased	1.90664036817883	0.953320184089415	2
12	68051029	68051030	9	32	2	2	0	1	NA	NA	NA	unphased	2.00125078173859	1.00062539086929	2
12	77423772	77423773	21	57	2	2	0	1	NA	NA	NA	unphased	1.87376725838264	0.936883629191321	2
12	81111244	81111245	117	43	3	2	1	1	NA	NA	NA	unphased	0.957852564102564	0.957852564102564	1
12	85411276	85411277	15	18	3	2	1	1	NA	NA	NA	unphased	1.94405594405594	0.972027972027972	2
12	97345751	97345752	7	21	2	2	0	1	NA	NA	NA	unphased	1.92307692307692	0.961538461538461	2
12	106532254	106532255	8	37	2	2	0	1	NA	NA	NA	unphased	2.10826210826211	1.05413105413105	2
12	108686098	108686099	44	18	3	2	1	1	NA	NA	NA	unphased	1.03473945409429	1.03473945409429	1
12	117768487	117768488	53	13	3	2	1	1	NA	NA	NA	unphased	0.702020202020202	0.702020202020202	1
12	130839464	130839465	48	14	3	2	1	1	NA	NA	NA	unphased	0.80479735318445	0.80479735318445	1
13	33703799	33703800	61	23	3	3	0	1	NA	NA	NA	unphased	0.975885225885226	0.975885225885226	1
13	36886491	36886492	32	122	3	3	0	1	NA	NA	NA	unphased	2.82350982350982	0.941169941169941	3
13	67802505	67802506	12	101	4	4	0	1	NA	NA	NA	unphased	4.07941910596778	1.01985477649194	4
14	20344785	20344786	219	67	NA	NA	NA	NA	NA	NA	NA	unphased	NA	NA	1
14	20612051	20612052	321	215	1.18	2	1	0.09	0	1	0.91	unphased	0.699593379257558	0.699593379257558	1
14	21109216	21109217	65	44	1.18	2	1	0.09	0	1	0.91	unphased	0.704041402023053	0.704041402023053	1
14	21526053	21526054	54	7	1.18	2	1	0.09	0	1	0.91	unphased	0.200142917192098	0.200142917192098	1
14	22675780	22675781	19	15	1.18	2	1	0.09	0	1	0.91	unphased	0.769457013574661	0.769457013574661	1
14	24642548	24642549	128	79	1.18	2	1	0.09	0	1	0.91	unphased	0.665623683884553	0.665623683884553	1
14	52417388	52417389	68	15	3	2	1	1	NA	NA	NA	unphased	0.644114921223355	0.644114921223355	1
14	54955682	54955683	12	13	3	2	1	1	NA	NA	NA	unphased	1.85333333333333	0.926666666666667	2
14	80668571	80668572	15	32	6	4	2	1	NA	NA	NA	unphased	4.46917621385706	1.11729405346427	4
14	89172749	89172750	17	9	4	2	2	1	NA	NA	NA	unphased	1.57988165680473	1.57988165680473	1
14	89338736	89338737	86	39	4	2	2	1	NA	NA	NA	unphased	1.424	0.712	2
14	90651250	90651251	37	8	4	2	2	1	NA	NA	NA	unphased	0.811396011396011	0.811396011396011	1
14	94964515	94964516	76	67	4	2	2	1	NA	NA	NA	unphased	2.13842567688722	1.06921283844361	2
15	25436398	25436399	10	10	2	1	1	1	NA	NA	NA	unphased	1.28205128205128	1.28205128205128	1
15	34520014	34520015	40	32	2	1	1	1	NA	NA	NA	unphased	1.13960113960114	1.13960113960114	1
15	41816392	41816393	28	28	3	2	1	1	NA	NA	NA	unphased	1.78205128205128	0.891025641025641	2
15	54307767	54307768	81	24	3	2	1	1	NA	NA	NA	unphased	0.814652014652015	0.814652014652015	1
15	65622939	65622940	76	22	3	2	1	1	NA	NA	NA	unphased	0.800104657247514	0.800104657247514	1
15	88476246	88476247	18	21	3	2	1	1	NA	NA	NA	unphased	1.91913214990138	0.95956607495069	2
16	2752416	2752417	20	20	2	2	0	1	NA	NA	NA	unphased	1.28205128205128	1.28205128205128	1
16	18870912	18870913	20	3	2	1	1	1	NA	NA	NA	unphased	0.334448160535117	0.334448160535117	1
16	24185896	24185897	53	50	3	2	1	1	NA	NA	NA	unphased	1.73014687577794	0.865073437888972	2
16	28468196	28468197	73	47	3	2	1	1	NA	NA	NA	unphased	1.39594017094017	0.697970085470085	2
16	50759403	50759404	39	67	3	2	1	1	NA	NA	NA	unphased	2.25278180938558	1.12639090469279	2
16	58319973	58319974	130	16	3	2	1	1	NA	NA	NA	unphased	0.390586582367404	0.390586582367404	1
16	69406246	69406247	106	83	4	2	2	1	NA	NA	NA	unphased	2.00434133767467	1.00217066883734	2
16	71163604	71163605	23	28	4	2	2	1	NA	NA	NA	unphased	2.50578179989945	1.25289089994972	2
16	83816970	83816971	66	10	4	2	2	1	NA	NA	NA	unphased	0.600539811066127	0.600539811066127	1
17	3947560	3947561	12	37	2	2	0	1	NA	NA	NA	unphased	1.93615907901622	0.968079539508111	2
17	7577141	7577142	3	11	2	2	0	1	NA	NA	NA	unphased	2.01465201465201	1.00732600732601	2
17	37263688	37263689	65	13	4	4	0	1	NA	NA	NA	unphased	0.760683760683761	0.760683760683761	1
17	41222969	41222970	18	110	4	4	0	1	NA	NA	NA	unphased	3.92227564102564	0.98056891025641	4
17	48166563	48166564	20	141	4	4	0	1	NA	NA	NA	unphased	3.99713330148113	0.999283325370282	4
17	79287710	79287711	121	21	4	4	0	1	NA	NA	NA	unphased	0.674972914409534	0.674972914409534	1
18	7774266	7774267	109	49	5.44	4	2	0.86	1	1	0.14	unphased	1.86203180785459	1.0010923698143	1.86
18	15323351	15323352	32	3	2.56	3	1	0.52	1	0	0.48	unphased	0.26778021978022	0.514961961115807	0.52
18	66504214	66504215	152	16	3	2	1	1	NA	NA	NA	unphased	0.339438339438339	0.339438339438339	1
18	72914256	72914257	53	17	3	2	1	1	NA	NA	NA	unphased	0.865567765567765	0.865567765567765	1
19	6848013	6848014	13	73	2	2	0	1	NA	NA	NA	unphased	2.17650566487776	1.08825283243888	2
19	10418943	10418944	25	10	2	2	0	1	NA	NA	NA	unphased	0.732600732600733	0.732600732600733	1
19	10602636	10602637	11	25	2	2	0	1	NA	NA	NA	unphased	1.78062678062678	0.89031339031339	2
19	18273314	18273315	34	19	4	2	2	1	NA	NA	NA	unphased	1.63618771165941	0.818093855829705	2
19	21934204	21934205	63	24	4	2	2	1	NA	NA	NA	unphased	1.25906277630416	1.25906277630416	1
19	31039805	31039806	19	30	2	2	0	1	NA	NA	NA	unphased	1.56985871271586	0.784929356357928	2
19	33428537	33428538	32	265	5.36	6	0	0.84	1	1	0.16	unphased	5.28581541914875	0.986159593124767	5.36
19	35232478	35232479	46	32	5.36	6	0	0.84	1	1	0.16	unphased	2.43040105193951	0.906866064156535	2.68
19	35614394	35614395	54	8	5.36	6	0	0.84	1	1	0.16	unphased	0.764400330851944	0.764400330851944	1
19	38160701	38160702	149	32	5.36	6	0	0.84	1	1	0.16	unphased	1.0473551494546	1.0473551494546	1
19	42474402	42474403	11	33	NA	NA	NA	NA	NA	NA	NA	unphased	NA	NA	1
19	42753377	42753378	15	9	2	2	0	1	NA	NA	NA	unphased	0.961538461538461	0.961538461538461	1
19	57088601	57088602	67	11	2	2	0	1	NA	NA	NA	unphased	0.361604207758054	0.361604207758054	1
2	3691095	3691096	56	76	2.08	3	2	0.27	1	0	0.73	unphased	1.52236208236208	0.988546806728625	1.54
2	21224945	21224946	92	19	2.08	3	2	0.27	1	0	0.73	unphased	0.452594132594133	0.452594132594133	1
2	24291317	24291318	130	54	2.08	3	2	0.27	1	0	0.73	unphased	0.775986622073579	0.775986622073579	1
2	30993208	30993209	83	15	2.08	3	2	0.27	1	0	0.73	unphased	0.404709576138148	1.49892435606721	0.27
2	32476249	32476250	180	8	2.08	3	2	0.27	1	0	0.73	unphased	0.112515002727769	0.112515002727769	1
2	54839390	54839391	133	24	4.65	4	2	0.73	1	0	0.27	unphased	0.797060264576188	0.797060264576188	1
2	67637328	67637329	8	6	4	2	2	1	NA	NA	NA	unphased	1.95604395604396	1.95604395604396	1
2	68872925	68872926	70	21	4	2	2	1	NA	NA	NA	unphased	1.05325443786982	1.05325443786982	1
2	79971546	79971547	42	20	4	2	2	1	NA	NA	NA	unphased	1.4722911497105	0.736145574855252	2
2	80808906	80808907	52	39	4	2	2	1	NA	NA	NA	unphased	1.95604395604396	0.978021978021978	2
2	89309613	89309614	152	155	4	2	2	1	NA	NA	NA	unphased	2.30435145744592	1.15217572872296	2
2	103136343	103136344	41	38	4	2	2	1	NA	NA	NA	unphased	2.19539110678351	1.09769555339176	2
2	109382001	109382002	72	34	4	2	2	1	NA	NA	NA	unphased	1.46395742622158	0.731978713110789	2
2	113736900	113736901	31	16	4	2	2	1	NA	NA	NA	unphased	1.55373704309875	0.776868521549373	2
2	125175047	125175048	21	17	4	2	2	1	NA	NA	NA	unphased	2.04183535762483	1.02091767881242	2
2	130951505	130951506	183	7	4	2	2	1	NA	NA	NA	unphased	0.168151147098516	0.168151147098516	1
2	135711706	135711707	77	41	4	2	2	1	NA	NA	NA	unphased	1.5858322468492	0.792916123424598	2
2	169713224	169713225	86	23	4	2	2	1	NA	NA	NA	unphased	0.963067513526229	0.963067513526229	1
2	171807843	171807844	36	28	4	2	2	1	NA	NA	NA	unphased	1.99679487179487	0.998397435897436	2
2	179413144	179413145	210	72	4	2	2	1	NA	NA	NA	unphased	1.16530278232406	1.16530278232406	1
2	179483390	179483391	164	15	4	2	2	1	NA	NA	NA	unphased	0.382466695315857	0.382466695315857	1
2	179583618	179583619	34	11	4	2	2	1	NA	NA	NA	unphased	1.11566951566952	1.11566951566952	1
2	179659752	179659753	63	47	4	2	2	1	NA	NA	NA	unphased	1.95011655011655	0.975058275058275	2
2	202070680	202070681	107	8	4	2	2	1	NA	NA	NA	unphased	0.317502787068004	0.317502787068004	1
2	239140812	239140813	11	39	2	2	0	1	NA	NA	NA	unphased	2	1	2
20	1961066	1961067	153	100	5.12	3	3	0.78	1	1	0.22	unphased	2.24668085537651	0.877609709131448	2.56
20	2442302	2442303	19	14	5.12	3	3	0.78	1	1	0.22	unphased	2.41143745143745	0.941967754467754	2.56
20	31946876	31946877	84	49	2.3	2	2	0.15	1	1	0.85	unphased	1.05519568151147	1.05519568151147	1
20	47247285	47247286	63	27	2.3	2	2	0.15	1	1	0.85	unphased	0.859230769230769	0.859230769230769	1
21	11012961	11012962	114	17	NA	NA	NA	NA	NA	NA	NA	unphased	NA	NA	1
21	11038893	11038894	512	43	NA	NA	NA	NA	NA	NA	NA	unphased	NA	NA	1
21	43221456	43221457	22	33	3	2	1	1	NA	NA	NA	unphased	2.13846153846154	1.06923076923077	2
22	17072078	17072079	98	93	NA	NA	NA	NA	NA	NA	NA	unphased	NA	NA	1
22	19127178	19127179	131	58	5.28	4	2	0.82	1	1	0.18	unphased	1.79342830009497	0.985400164887344	1.82
22	19127179	19127180	134	58	5.28	4	2	0.82	1	1	0.18	unphased	1.76540598290598	0.97000328731098	1.82
22	23264834	23264835	86	28	5.28	4	2	0.82	1	1	0.18	unphased	1.43539361223572	0.788677808920724	1.82
22	30032830	30032831	139	69	5.28	4	2	0.82	1	1	0.18	unphased	1.93866863905325	1.06520254893036	1.82
22	40814682	40814683	17	11	5.28	4	2	0.82	1	1	0.18	unphased	2.29589743589744	0.86965811965812	2.64
3	4759062	4759063	65	247	2	2	0	1	NA	NA	NA	unphased	2.02991452991453	1.01495726495726	2
3	53804532	53804533	14	42	2	2	0	1	NA	NA	NA	unphased	1.92307692307692	0.961538461538461	2
3	68782204	68782205	8	22	2	2	0	1	NA	NA	NA	unphased	1.88034188034188	0.94017094017094	2
3	97888016	97888017	75	34	4	2	2	1	NA	NA	NA	unphased	1.4236650199953	0.711832509997648	2
3	97888017	97888018	74	34	4	2	2	1	NA	NA	NA	unphased	1.43684710351377	0.718423551756885	2
3	98518453	98518454	102	25	4	2	2	1	NA	NA	NA	unphased	0.898445386634363	0.898445386634363	1
3	111927120	111927121	241	72	4	2	2	1	NA	NA	NA	unphased	1.04988940771688	1.04988940771688	1
3	118865491	118865492	62	14	4	2	2	1	NA	NA	NA	unphased	0.840755735492578	0.840755735492578	1
3	119099831	119099832	50	25	4	2	2	1	NA	NA	NA	unphased	1.52136752136752	0.760683760683761	2
3	119459505	119459506	43	5	4	2	2	1	NA	NA	NA	unphased	0.47542735042735	0.47542735042735	1
3	124369716	124369717	129	31	4	2	2	1	NA	NA	NA	unphased	0.884294871794872	0.884294871794872	1
3	130095435	130095436	16	13	4	2	2	1	NA	NA	NA	unphased	2.04597701149425	1.02298850574713	2
3	183995760	183995761	67	257	9	7	2	1	NA	NA	NA	unphased	7.58634061411839	1.08376294487406	7
3	185960333	185960334	168	18	9	7	2	1	NA	NA	NA	unphased	0.925558312655087	0.925558312655087	1
3	186301716	186301717	80	8	4	2	2	1	NA	NA	NA	unphased	0.414918414918415	0.414918414918415	1
3	194063143	194063144	71	16	4	2	2	1	NA	NA	NA	unphased	0.83937518420277	0.83937518420277	1
3	195622189	195622190	33	11	4	2	2	1	NA	NA	NA	unphased	1.14102564102564	1.14102564102564	1
3	197574800	197574801	51	33	NA	NA	NA	NA	NA	NA	NA	unphased	NA	NA	1
4	16760824	16760825	54	32	4	2	2	1	NA	NA	NA	unphased	1.69827072152654	0.849135360763268	2
4	71201900	71201901	12	49	3	3	0	1	NA	NA	NA	unphased	2.86296763345944	0.954322544486479	3
4	90874376	90874377	19	77	3	3	0	1	NA	NA	NA	unphased	2.85870726495726	0.952902421652422	3
4	123107270	123107271	59	16	3	3	0	1	NA	NA	NA	unphased	0.76034188034188	0.76034188034188	1
4	155254601	155254602	9	19	3	3	0	1	NA	NA	NA	unphased	2.41849816849817	0.806166056166056	3
4	189012485	189012486	9	11	NA	NA	NA	NA	NA	NA	NA	unphased	NA	NA	1
5	7766835	7766836	176	31	4.8	4	2	0.76	1	0	0.24	unphased	0.803319707667534	0.803319707667534	1
5	14364869	14364870	75	28	4.8	4	2	0.76	1	0	0.24	unphased	1.45820263878516	0.828524226582479	1.76
5	19473391	19473392	103	53	4.8	4	2	0.76	1	0	0.24	unphased	1.822419460881	1.0354656027733	1.76
5	23524528	23524529	96	8	4	2	2	1	NA	NA	NA	unphased	0.351084812623274	0.351084812623274	1
5	32230246	32230247	146	9	4	2	2	1	NA	NA	NA	unphased	0.265012406947891	0.265012406947891	1
5	33947368	33947369	198	50	4	2	2	1	NA	NA	NA	unphased	0.920181968569065	0.920181968569065	1
5	33963908	33963909	100	65	4	2	2	1	NA	NA	NA	unphased	1.7979797979798	0.898989898989899	2
5	127624902	127624903	19	50	2	2	0	1	NA	NA	NA	unphased	1.85804533630621	0.929022668153103	2
5	140720326	140720327	28	90	2	2	0	1	NA	NA	NA	unphased	1.95567144719687	0.977835723598435	2
5	140750917	140750918	25	65	2	2	0	1	NA	NA	NA	unphased	1.85185185185185	0.925925925925926	2
6	592565	592566	45	8	NA	NA	NA	NA	NA	NA	NA	unphased	NA	NA	1
6	27215709	27215710	33	3	2	2	0	1	NA	NA	NA	unphased	0.213675213675214	0.213675213675214	1
6	30231060	30231061	57	119	2	2	0	1	NA	NA	NA	unphased	1.73368298368298	0.866841491841492	2
6	33162397	33162398	12	8	3	2	1	1	NA	NA	NA	unphased	1.42564102564103	1.42564102564103	1
6	33261025	33261026	76	25	3	2	1	1	NA	NA	NA	unphased	0.882203604975882	0.882203604975882	1
6	38862492	38862493	54	15	3	2	1	1	NA	NA	NA	unphased	0.774804905239688	0.774804905239688	1
6	41250156	41250157	29	24	5	3	2	1	NA	NA	NA	unphased	2.51959361393324	0.839864537977745	3
6	41899227	41899228	188	8	5	3	2	1	NA	NA	NA	unphased	0.227106227106227	0.227106227106227	1
6	49701454	49701455	75	27	3	2	1	1	NA	NA	NA	unphased	0.943438914027149	0.943438914027149	1
6	70851960	70851961	20	8	3	2	1	1	NA	NA	NA	unphased	1.01831501831502	1.01831501831502	1
6	70942366	70942367	61	60	3	2	1	1	NA	NA	NA	unphased	1.7673235855054	0.883661792752702	2
6	84665098	84665099	38	35	3	2	1	1	NA	NA	NA	unphased	1.70881629785739	0.854408148928697	2
6	97058565	97058566	118	44	3	2	1	1	NA	NA	NA	unphased	0.968027856916746	0.968027856916746	1
6	100896382	100896383	15	3	3	2	1	1	NA	NA	NA	unphased	0.594017094017094	0.594017094017094	1
6	108192993	108192994	103	21	3	2	1	1	NA	NA	NA	unphased	0.603598014888337	0.603598014888337	1
6	118880222	118880223	81	31	3	2	1	1	NA	NA	NA	unphased	0.986492673992674	0.986492673992674	1
6	122779772	122779773	109	41	3	2	1	1	NA	NA	NA	unphased	0.974188034188034	0.974188034188034	1
6	135239639	135239640	36	11	3	2	1	1	NA	NA	NA	unphased	0.834151663938898	0.834151663938898	1
6	148840749	148840750	72	12	3	2	1	1	NA	NA	NA	unphased	0.509157509157509	0.509157509157509	1
6	153042940	153042941	78	26	3	2	1	1	NA	NA	NA	unphased	0.891025641025641	0.891025641025641	1
7	7676621	7676622	87	77	5	3	2	1	NA	NA	NA	unphased	2.61241400875547	0.870804669585157	3
7	31117712	31117713	44	19	2.32	2	2	0.44	1	0	0.56	unphased	0.86980870980871	0.86980870980871	1
7	33042331	33042332	40	11	2.32	2	2	0.44	1	0	0.56	unphased	0.622061337355455	0.622061337355455	1
7	36489370	36489371	98	7	2.32	2	2	0.44	1	0	0.56	unphased	0.192273504273504	0.192273504273504	1
7	44104880	44104881	54	29	2.32	2	2	0.44	1	0	0.56	unphased	1.0076984862527	1.0076984862527	1
7	44804984	44804985	41	30	2.32	2	2	0.44	1	0	0.56	unphased	1.21863488624052	1.21863488624052	1
7	45750134	45750135	84	35	2.32	2	2	0.44	1	0	0.56	unphased	0.848265460030166	0.848265460030166	1
7	48416103	48416104	84	46	2.32	2	2	0.44	1	0	0.56	unphased	1.02052859960552	1.02052859960552	1
7	48416104	48416105	85	47	2.32	2	2	0.44	1	0	0.56	unphased	1.02691530691531	1.02691530691531	1
7	50514480	50514481	122	133	2.32	2	2	0.44	1	0	0.56	unphased	1.50425741578683	1.04462320540752	1.44
7	54612348	54612349	65	40	2.32	2	2	0.44	1	0	0.56	unphased	1.09870573870574	1.09870573870574	1
7	55560036	55560037	10	10	2.32	2	2	0.44	1	0	0.56	unphased	1.44205128205128	1.44205128205128	1
7	100681014	100681015	253	175	2.32	2	2	0.44	1	0	0.56	unphased	1.17924754373353	1.17924754373353	1
7	100683451	100683452	299	200	2.32	2	2	0.44	1	0	0.56	unphased	1.15595293150403	1.15595293150403	1
7	107394337	107394338	66	44	2.28	2	2	0.14	1	1	0.86	unphased	1.13764102564103	1.13764102564103	1
7	112723654	112723655	136	9	2.28	2	2	0.14	1	1	0.86	unphased	0.17653050397878	1.260932171277	0.14
7	143701445	143701446	61	55	2.28	2	2	0.14	1	1	0.86	unphased	1.34849690539346	1.18289202227496	1.14
7	143701875	143701876	103	74	2.28	2	2	0.14	1	1	0.86	unphased	1.18905982905983	1.04303493777178	1.14
7	144097345	144097346	71	41	2.28	2	2	0.14	1	1	0.86	unphased	1.04114468864469	1.04114468864469	1
7	149523002	149523003	14	11	2.28	2	2	0.14	1	1	0.86	unphased	1.25140512820513	1.25140512820513	1
7	151945151	151945152	612	34	2.28	2	2	0.14	1	1	0.86	unphased	0.149689608636977	1.06921149026412	0.14
8	48842472	48842473	18	34	2	2	0	1	NA	NA	NA	unphased	1.67652859960552	0.838264299802761	2
8	101083724	101083725	45	14	3	2	1	1	NA	NA	NA	unphased	0.845719252498913	0.845719252498913	1
8	110477150	110477151	51	50	3	2	1	1	NA	NA	NA	unphased	1.76440720995176	0.882203604975882	2
8	113326189	113326190	106	12	3	2	1	1	NA	NA	NA	unphased	0.36245110821382	0.36245110821382	1
8	113649053	113649054	49	18	3	2	1	1	NA	NA	NA	unphased	0.95752009184845	0.95752009184845	1
8	113933894	113933895	49	13	3	2	1	1	NA	NA	NA	unphased	0.747311827956989	0.747311827956989	1
8	145999527	145999528	92	9	NA	NA	NA	NA	NA	NA	NA	unphased	NA	NA	1
9	5163951	5163952	7	26	2	2	0	1	NA	NA	NA	unphased	2.02020202020202	1.01010101010101	2
9	17332627	17332628	16	43	2	2	0	1	NA	NA	NA	unphased	1.86875271621034	0.934376358105172	2
9	27202852	27202853	17	43	2	2	0	1	NA	NA	NA	unphased	1.83760683760684	0.918803418803419	2
9	73002836	73002837	10	8	1	1	0	1	NA	NA	NA	unphased	0.695156695156695	0.695156695156695	1
9	104307055	104307056	18	40	2	2	0	1	NA	NA	NA	unphased	1.7683465959328	0.884173297966401	2
9	118950182	118950183	9	23	2	2	0	1	NA	NA	NA	unphased	1.84294871794872	0.921474358974359	2
9	125273591	125273592	54	31	2	2	0	1	NA	NA	NA	unphased	0.935143288084464	0.935143288084464	1
9	125330724	125330725	33	9	2	2	0	1	NA	NA	NA	unphased	0.549450549450549	0.549450549450549	1
9	125437789	125437790	40	106	2	2	0	1	NA	NA	NA	unphased	1.86160871092378	0.93080435546189	2
9	127983040	127983041	3	9	2	2	0	1	NA	NA	NA	unphased	1.92307692307692	0.961538461538461	2
9	129157981	129157982	14	43	2	2	0	1	NA	NA	NA	unphased	1.93432298695457	0.967161493477283	2
9	133760332	133760333	5	9	2	2	0	1	NA	NA	NA	unphased	1.64835164835165	0.824175824175824	2
9	135977119	135977120	4	13	2	2	0	1	NA	NA	NA	unphased	1.96078431372549	0.980392156862745	2
9	139836050	139836051	2	9	2	2	0	1	NA	NA	NA	unphased	2.0979020979021	1.04895104895105	2
9	140008396	140008397	4	13	2	2	0	1	NA	NA	NA	unphased	1.96078431372549	0.980392156862745	2
X	27839908	27839909	13	21	NA	NA	NA	NA	NA	NA	NA	unphased	NA	NA	1
X	54321216	54321217	4	22	NA	NA	NA	NA	NA	NA	NA	unphased	NA	NA	1
X	54784775	54784776	4	13	NA	NA	NA	NA	NA	NA	NA	unphased	NA	NA	1
X	102339658	102339659	10	100	NA	NA	NA	NA	NA	NA	NA	unphased	NA	NA	1
X	152113821	152113822	1	16	NA	NA	NA	NA	NA	NA	NA	unphased	NA	NA	1
