chr	start	end	WT.count	mut.count	subclonal.CN	nMaj1	nMin1	frac1	nMaj2	nMin2	frac2	phase	mutation.copy.number	subclonal.fraction	no.chrs.bearing.mut
1	15986588	15986589	149	58	2	2	0	1	NA	NA	NA	unphased	0.86213303604608	0.86213303604608	1
1	19209685	19209686	29	41	2	2	0	1	NA	NA	NA	unphased	1.8021978021978	0.901098901098901	2
1	45253091	45253092	95	181	3	3	0	1	NA	NA	NA	unphased	2.67363433667782	0.891211445559272	3
1	93651975	93651976	40	96	3	3	0	1	NA	NA	NA	unphased	2.87782805429864	0.959276018099548	3
1	99772054	99772055	59	15	3	3	0	1	NA	NA	NA	unphased	0.826403326403327	0.826403326403327	1
1	117150835	117150836	25	22	4	3	1	1	NA	NA	NA	unphased	2.37643207855974	1.18821603927987	2
1	118623789	118623790	313	51	4	3	1	1	NA	NA	NA	unphased	0.711327134404057	0.711327134404057	1
1	150256017	150256018	296	39	6	5	1	1	NA	NA	NA	unphased	0.823880597014925	0.823880597014925	1
1	165370527	165370528	81	28	3	2	1	1	NA	NA	NA	unphased	1.04728299223712	1.04728299223712	1
1	167095878	167095879	45	11	2	1	1	1	NA	NA	NA	unphased	0.604395604395604	0.604395604395604	1
10	99667793	99667794	55	10	3	2	1	1	NA	NA	NA	unphased	0.627218934911243	0.627218934911243	1
10	103901184	103901185	84	24	3	2	1	1	NA	NA	NA	unphased	0.905982905982906	0.905982905982906	1
10	104809513	104809514	159	36	3	2	1	1	NA	NA	NA	unphased	0.752662721893491	0.752662721893491	1
11	3062108	3062109	110	18	3	2	1	1	NA	NA	NA	unphased	0.573317307692308	0.573317307692308	1
11	4842814	4842815	293	67	3	2	1	1	NA	NA	NA	unphased	0.758760683760684	0.758760683760684	1
11	6789763	6789764	79	23	3	2	1	1	NA	NA	NA	unphased	0.919306184012066	0.919306184012066	1
11	46418966	46418967	114	31	3	2	1	1	NA	NA	NA	unphased	0.871618037135279	0.871618037135279	1
11	55321899	55321900	286	65	3	2	1	1	NA	NA	NA	unphased	0.754985754985755	0.754985754985755	1
11	58920508	58920509	138	51	3	2	1	1	NA	NA	NA	unphased	1.1001221001221	1.1001221001221	1
11	67174427	67174428	172	134	3	2	1	1	NA	NA	NA	unphased	1.78531925590749	0.892659627953746	2
11	73021926	73021927	71	18	3	2	1	1	NA	NA	NA	unphased	0.824546240276578	0.824546240276578	1
11	89431698	89431699	102	103	3	2	1	1	NA	NA	NA	unphased	2.0484052532833	1.02420262664165	2
11	92715351	92715352	339	90	3	2	1	1	NA	NA	NA	unphased	0.85529854760624	0.85529854760624	1
11	94731717	94731718	52	21	3	2	1	1	NA	NA	NA	unphased	1.17281348788198	1.17281348788198	1
11	134253789	134253790	7	3	NA	NA	NA	NA	NA	NA	NA	unphased	NA	NA	1
12	11546584	11546585	762	134	4	2	2	1	NA	NA	NA	unphased	0.759271978021978	0.759271978021978	1
12	39763665	39763666	93	25	3	2	1	1	NA	NA	NA	unphased	0.863754889178618	0.863754889178618	1
12	45173489	45173490	119	27	3	2	1	1	NA	NA	NA	unphased	0.753951527924131	0.753951527924131	1
12	112478341	112478342	109	24	3	2	1	1	NA	NA	NA	unphased	0.735685367264315	0.735685367264315	1
12	133215751	133215752	96	15	NA	NA	NA	NA	NA	NA	NA	unphased	NA	NA	1
13	113819368	113819369	28	32	2	2	0	1	NA	NA	NA	unphased	1.64102564102564	0.82051282051282	2
14	65253721	65253722	51	32	3	2	1	1	NA	NA	NA	unphased	1.57182576459685	0.785912882298425	2
15	25453265	25453266	345	125	3.83	3	2	0.61	1	1	0.39	unphased	1.30503273322422	0.810579337406349	1.61
15	25475984	25475985	241	130	3.83	3	2	0.61	1	1	0.39	unphased	1.71940700808625	1.06795466340761	1.61
15	25615717	25615718	336	49	3.83	3	2	0.61	1	1	0.39	unphased	0.624517482517482	1.023799151668	0.61
15	28421626	28421627	161	19	3.83	3	2	0.61	1	1	0.39	unphased	0.517952991452991	0.849103264677035	0.61
15	31294194	31294195	266	197	3.83	3	2	0.61	1	1	0.39	unphased	2.08782688154178	0.940462559253056	2.22
15	41819249	41819250	87	81	3.83	3	2	0.61	1	1	0.39	unphased	2.36583791208791	1.06569275319275	2.22
15	42150810	42150811	14	22	3.83	3	2	0.61	1	1	0.39	unphased	2.99867521367521	1.14891770638897	2.61
15	75586773	75586774	185	30	3.48	3	2	0.62	1	0	0.38	unphased	0.635849731663685	1.02556408332852	0.62
15	91293048	91293049	80	55	4.16	3	2	0.79	1	0	0.21	unphased	2.13356125356125	0.826961726186532	2.58
16	2234822	2234823	15	11	3	2	1	1	NA	NA	NA	unphased	1.72485207100592	0.862426035502959	2
16	20944646	20944647	217	33	3	2	1	1	NA	NA	NA	unphased	0.538153846153846	0.538153846153846	1
16	23079454	23079455	158	33	3	2	1	1	NA	NA	NA	unphased	0.70438985098671	0.70438985098671	1
16	23079988	23079989	75	42	3	2	1	1	NA	NA	NA	unphased	1.46351084812623	0.731755424063116	2
17	8732153	8732154	20	12	2	2	0	1	NA	NA	NA	unphased	1.15384615384615	1.15384615384615	1
17	14139247	14139248	23	3	2	2	0	1	NA	NA	NA	unphased	0.355029585798817	0.355029585798817	1
17	59147362	59147363	132	37	4	4	0	1	NA	NA	NA	unphased	1.11151570323168	1.11151570323168	1
17	61972737	61972738	261	8	4	4	0	1	NA	NA	NA	unphased	0.150986559908493	0.150986559908493	1
17	64738757	64738758	286	47	4	4	0	1	NA	NA	NA	unphased	0.716562716562717	0.716562716562717	1
17	65908158	65908159	79	43	4	4	0	1	NA	NA	NA	unphased	1.78940731399748	0.894703656998739	2
17	78363637	78363638	45	133	4	4	0	1	NA	NA	NA	unphased	3.79343128781331	0.948357821953328	4
17	78797060	78797061	94	59	4	4	0	1	NA	NA	NA	unphased	1.9577677224736	0.978883861236802	2
17	80211075	80211076	432	76	4	4	0	1	NA	NA	NA	unphased	0.7595396729255	0.7595396729255	1
18	67563246	67563247	91	13	4	2	2	1	NA	NA	NA	unphased	0.634615384615384	0.634615384615384	1
19	6374903	6374904	64	35	2	2	0	1	NA	NA	NA	unphased	1.08780108780109	1.08780108780109	1
19	6718266	6718267	19	22	2	2	0	1	NA	NA	NA	unphased	1.65103189493433	0.825515947467167	2
19	14139150	14139151	43	82	2	2	0	1	NA	NA	NA	unphased	2.01846153846154	1.00923076923077	2
19	15871683	15871684	28	36	2	2	0	1	NA	NA	NA	unphased	1.73076923076923	0.865384615384615	2
19	21909692	21909693	118	34	2.15	2	1	0.15	1	1	0.85	unphased	0.721811740890688	0.721811740890688	1
19	33355534	33355535	55	9	3	2	1	1	NA	NA	NA	unphased	0.573317307692308	0.573317307692308	1
19	38160633	38160634	286	14	3	2	1	1	NA	NA	NA	unphased	0.19025641025641	0.19025641025641	1
19	38778546	38778547	218	54	3	2	1	1	NA	NA	NA	unphased	0.809389140271493	0.809389140271493	1
19	44515580	44515581	51	13	3	2	1	1	NA	NA	NA	unphased	0.828125	0.828125	1
19	46289600	46289601	57	23	3	2	1	1	NA	NA	NA	unphased	1.17211538461538	1.17211538461538	1
19	46289601	46289602	59	23	3	2	1	1	NA	NA	NA	unphased	1.14352720450281	1.14352720450281	1
19	49622110	49622111	32	10	3	2	1	1	NA	NA	NA	unphased	0.970695970695971	0.970695970695971	1
19	54496035	54496036	13	9	3	2	1	1	NA	NA	NA	unphased	1.66783216783217	1.66783216783217	1
2	99013207	99013208	127	85	4	2	2	1	NA	NA	NA	unphased	2.0355587808418	1.0177793904209	2
2	136547234	136547235	147	25	2.42	2	2	0.21	1	1	0.79	unphased	0.508273703041145	0.508273703041145	1
2	179633589	179633590	100	21	3	2	1	1	NA	NA	NA	unphased	0.707565162110617	0.707565162110617	1
2	237240049	237240050	153	62	2	2	0	1	NA	NA	NA	unphased	0.887298747763864	0.887298747763864	1
20	23666552	23666553	75	28	2.54	2	2	0.27	1	1	0.73	unphased	0.983241224794623	0.983241224794623	1
20	45976615	45976616	213	36	2.26	2	2	0.13	1	1	0.87	unphased	0.482446709916589	0.482446709916589	1
20	58318188	58318189	155	76	2.26	2	2	0.13	1	1	0.87	unphased	1.09786213786214	1.09786213786214	1
21	45833790	45833791	97	148	2	2	0	1	NA	NA	NA	unphased	1.85871271585557	0.929356357927786	2
3	25674272	25674273	82	42	2	2	0	1	NA	NA	NA	unphased	1.04218362282878	1.04218362282878	1
3	42906814	42906815	208	66	2	2	0	1	NA	NA	NA	unphased	0.741156653565413	0.741156653565413	1
3	48626759	48626760	19	7	2	2	0	1	NA	NA	NA	unphased	0.828402366863905	0.828402366863905	1
3	49949258	49949259	31	48	2	2	0	1	NA	NA	NA	unphased	1.86952288218111	0.934761441090555	2
3	63967988	63967989	52	3	2	2	0	1	NA	NA	NA	unphased	0.167832167832168	0.167832167832168	1
3	99897249	99897250	87	17	1.6	4	1	0.15	1	0	0.85	unphased	0.437573964497041	0.437573964497041	1
3	129270137	129270138	60	14	3	2	1	1	NA	NA	NA	unphased	0.771309771309771	0.771309771309771	1
3	130290177	130290178	47	42	3	2	1	1	NA	NA	NA	unphased	1.92394122731201	0.961970613656007	2
3	145809642	145809643	191	9	5.65	5	2	0.73	1	1	0.27	unphased	0.302711538461538	0.302711538461538	1
3	167254725	167254726	225	7	2.9	6	2	0.15	1	1	0.85	unphased	0.119993368700265	0.799955791335102	0.15
3	195492214	195492215	74	6	1.33	2	2	0.11	1	0	0.89	unphased	0.180519230769231	1.64108391608392	0.11
4	42580396	42580397	193	44	3	2	1	1	NA	NA	NA	unphased	0.756897111327491	0.756897111327491	1
4	49005779	49005780	139	36	3	2	1	1	NA	NA	NA	unphased	0.838681318681319	0.838681318681319	1
4	57190271	57190272	68	40	3	2	1	1	NA	NA	NA	unphased	1.50997150997151	0.754985754985755	2
4	71508697	71508698	157	59	3	2	1	1	NA	NA	NA	unphased	1.11360398860399	1.11360398860399	1
4	86852092	86852093	140	32	3	2	1	1	NA	NA	NA	unphased	0.758497316636852	0.758497316636852	1
4	90170452	90170453	170	64	3	2	1	1	NA	NA	NA	unphased	1.11505588428665	1.11505588428665	1
4	129964585	129964586	36	9	2	1	1	1	NA	NA	NA	unphased	0.615384615384615	0.615384615384615	1
4	155507371	155507372	169	74	2	1	1	1	NA	NA	NA	unphased	0.937005381449826	0.937005381449826	1
4	177650828	177650829	91	27	2	1	1	1	NA	NA	NA	unphased	0.704041720990873	0.704041720990873	1
4	178231013	178231014	8	4	2	1	1	1	NA	NA	NA	unphased	1.02564102564103	1.02564102564103	1
5	1073809	1073810	157	33	4.61	3	2	0.87	1	1	0.13	unphased	0.987728744939271	0.987728744939271	1
5	6611196	6611197	249	140	4.61	3	2	0.87	1	1	0.13	unphased	2.04670753411113	1.09449600754606	1.87
5	11199628	11199629	307	51	4.61	3	2	0.87	1	1	0.13	unphased	0.810148259561667	0.810148259561667	1
5	17354403	17354404	83	70	1.12	3	2	0.03	0	1	0.97	unphased	1.00512820512821	1.00512820512821	1
5	35065616	35065617	185	156	1.12	3	2	0.03	0	1	0.97	unphased	1.00504398826979	1.00504398826979	1
5	39377137	39377138	181	76	1.12	3	2	0.03	0	1	0.97	unphased	0.649673750374139	0.649673750374139	1
5	39382757	39382758	287	35	1.12	3	2	0.03	0	1	0.97	unphased	0.238795986622074	0.238795986622074	1
5	45462054	45462055	99	18	NA	NA	NA	NA	NA	NA	NA	unphased	NA	NA	1
5	140250177	140250178	128	22	NA	NA	NA	NA	NA	NA	NA	unphased	NA	NA	1
5	147029987	147029988	114	14	2	1	1	1	NA	NA	NA	unphased	0.336538461538462	0.336538461538462	1
5	179996223	179996224	158	60	2	1	1	1	NA	NA	NA	unphased	0.846859562455893	0.846859562455893	1
5	180374742	180374743	239	102	NA	NA	NA	NA	NA	NA	NA	unphased	NA	NA	1
6	3152807	3152808	137	30	2.2	2	2	0.1	1	1	0.9	unphased	0.588668816213726	0.588668816213726	1
6	49753636	49753637	69	30	1.12	2	1	0.06	0	1	0.94	unphased	0.665734265734266	0.665734265734266	1
6	56471707	56471708	130	23	3	2	1	1	NA	NA	NA	unphased	0.612870789341378	0.612870789341378	1
6	75831143	75831144	223	18	1.2	2	1	0.1	1	0	0.9	unphased	0.170060644749441	0.170060644749441	1
6	84234197	84234198	119	36	1.2	2	1	0.1	1	0	0.9	unphased	0.528833746898263	0.528833746898263	1
6	106554929	106554930	210	46	2.19	2	1	0.19	1	1	0.81	unphased	0.587025240384615	0.587025240384615	1
6	116966901	116966902	166	27	2.19	2	1	0.19	1	1	0.81	unphased	0.457030689517736	0.457030689517736	1
6	127797340	127797341	198	36	2.19	2	1	0.19	1	1	0.81	unphased	0.502603550295858	0.502603550295858	1
6	136582128	136582129	35	7	3.25	3	1	0.75	1	0	0.25	unphased	0.721153846153846	0.721153846153846	1
6	161174084	161174085	54	9	3.25	3	1	0.75	1	0	0.25	unphased	0.618131868131868	0.618131868131868	1
7	7476073	7476074	144	59	4	2	2	1	NA	NA	NA	unphased	1.47555892383479	0.737779461917393	2
7	19184756	19184757	36	11	4	2	2	1	NA	NA	NA	unphased	1.18821603927987	1.18821603927987	1
7	93055692	93055693	342	11	4	2	2	1	NA	NA	NA	unphased	0.158204401830464	0.158204401830464	1
7	94898728	94898729	133	78	4	2	2	1	NA	NA	NA	unphased	1.87677725118483	0.938388625592417	2
7	101960885	101960886	84	9	4	2	2	1	NA	NA	NA	unphased	0.491315136476427	0.491315136476427	1
7	106508489	106508490	25	10	4	2	2	1	NA	NA	NA	unphased	1.45054945054945	1.45054945054945	1
7	122635003	122635004	181	32	4	2	2	1	NA	NA	NA	unphased	0.76273022751896	0.76273022751896	1
7	143043684	143043685	178	9	4	2	2	1	NA	NA	NA	unphased	0.244343891402715	0.244343891402715	1
7	143747956	143747957	348	167	4	2	2	1	NA	NA	NA	unphased	1.64630321135175	0.823151605675877	2
7	148815408	148815409	343	86	4	2	2	1	NA	NA	NA	unphased	1.01775147928994	1.01775147928994	1
8	1950734	1950735	9	3	2	1	1	1	NA	NA	NA	unphased	0.769230769230769	0.769230769230769	1
8	17412159	17412160	152	96	2	1	1	1	NA	NA	NA	unphased	1.19106699751861	1.19106699751861	1
8	17851085	17851086	16	3	2	1	1	1	NA	NA	NA	unphased	0.48582995951417	0.48582995951417	1
8	101154395	101154396	133	10	2.16	2	1	0.16	1	1	0.84	unphased	0.226358257127488	1.4147391070468	0.16
8	110439364	110439365	60	17	2.16	2	1	0.16	1	1	0.84	unphased	0.714645354645355	0.714645354645355	1
8	113564903	113564904	99	27	2.16	2	1	0.16	1	1	0.84	unphased	0.693626373626374	0.693626373626374	1
8	134145774	134145775	104	32	2.16	2	1	0.16	1	1	0.84	unphased	0.761628959276018	0.761628959276018	1
8	141889696	141889697	446	88	2.16	2	1	0.16	1	1	0.84	unphased	0.533425525785076	0.533425525785076	1
8	141889697	141889698	451	92	2.16	2	1	0.16	1	1	0.84	unphased	0.548428955942768	0.548428955942768	1
8	145947100	145947101	67	26	NA	NA	NA	NA	NA	NA	NA	unphased	NA	NA	1
9	21481485	21481486	45	71	2	2	0	1	NA	NA	NA	unphased	1.88328912466843	0.941644562334217	2
9	71094457	71094458	94	29	3	3	0	1	NA	NA	NA	unphased	0.961225766103815	0.961225766103815	1
9	79985423	79985424	70	26	3	3	0	1	NA	NA	NA	unphased	1.10416666666667	1.10416666666667	1
9	103066023	103066024	184	63	3	3	0	1	NA	NA	NA	unphased	1.03986297103706	1.03986297103706	1
9	129455585	129455586	5	10	3	3	0	1	NA	NA	NA	unphased	2.71794871794872	0.905982905982906	3
9	130688211	130688212	30	65	3	3	0	1	NA	NA	NA	unphased	2.78947368421053	0.929824561403509	3
X	3235499	3235500	9	5	NA	NA	NA	NA	NA	NA	NA	unphased	NA	NA	1
X	15381378	15381379	105	31	NA	NA	NA	NA	NA	NA	NA	unphased	NA	NA	1
X	18956827	18956828	146	8	NA	NA	NA	NA	NA	NA	NA	unphased	NA	NA	1
X	48761910	48761911	14	3	NA	NA	NA	NA	NA	NA	NA	unphased	NA	NA	1
X	84502614	84502615	253	59	NA	NA	NA	NA	NA	NA	NA	unphased	NA	NA	1
X	99551334	99551335	328	73	NA	NA	NA	NA	NA	NA	NA	unphased	NA	NA	1
X	101096498	101096499	150	36	NA	NA	NA	NA	NA	NA	NA	unphased	NA	NA	1
X	120007819	120007820	930	163	NA	NA	NA	NA	NA	NA	NA	unphased	NA	NA	1
X	125299304	125299305	99	21	NA	NA	NA	NA	NA	NA	NA	unphased	NA	NA	1
X	144337260	144337261	171	56	NA	NA	NA	NA	NA	NA	NA	unphased	NA	NA	1
X	152959802	152959803	175	48	NA	NA	NA	NA	NA	NA	NA	unphased	NA	NA	1
X	153589927	153589928	136	42	NA	NA	NA	NA	NA	NA	NA	unphased	NA	NA	1
