chr	start	end	WT.count	mut.count	subclonal.CN	nMaj1	nMin1	frac1	nMaj2	nMin2	frac2	phase	mutation.copy.number	subclonal.fraction	no.chrs.bearing.mut
1	981367	981368	39	7	NA	NA	NA	NA	NA	NA	NA	unphased	NA	NA	1
1	1263142	1263143	29	4	NA	NA	NA	NA	NA	NA	NA	unphased	NA	NA	1
1	15844887	15844888	55	20	1.96	2	0	0.96	0	1	0.04	unphased	1.10044444444444	1.10044444444444	1
1	35332750	35332751	64	17	1	1	0	0.05	0	1	0.95	unphased	0.664609053497942	0.699588477366255	0.95
1	40874373	40874374	63	19	1	1	0	0.05	0	1	0.95	unphased	0.733739837398374	0.733739837398374	1
1	47765601	47765602	38	7	1	1	0	0.05	0	1	0.95	unphased	0.492592592592593	0.518518518518518	0.95
1	94343060	94343061	27	16	1	1	0	0.05	0	1	0.95	unphased	1.17829457364341	1.17829457364341	1
1	109242692	109242693	45	18	1	1	0	0.05	0	1	0.95	unphased	0.904761904761905	0.904761904761905	1
1	114483924	114483925	30	16	1	1	0	0.05	0	1	0.95	unphased	1.10144927536232	1.10144927536232	1
1	145103914	145103915	30	7	1	1	0	0.05	0	1	0.95	unphased	0.599099099099099	0.599099099099099	1
1	152325831	152325832	308	37	2	1	1	1	NA	NA	NA	unphased	0.446859903381642	0.446859903381642	1
1	155319172	155319173	41	19	2	1	1	1	NA	NA	NA	unphased	1.31944444444444	1.31944444444444	1
1	155408136	155408137	117	25	2	1	1	1	NA	NA	NA	unphased	0.733568075117371	0.733568075117371	1
1	157490978	157490979	58	20	2	1	1	1	NA	NA	NA	unphased	1.06837606837607	1.06837606837607	1
1	166962034	166962035	50	15	2	1	1	1	NA	NA	NA	unphased	0.961538461538462	0.961538461538462	1
1	179609117	179609118	101	30	2	1	1	1	NA	NA	NA	unphased	0.954198473282443	0.954198473282443	1
1	183221725	183221726	42	12	2	1	1	1	NA	NA	NA	unphased	0.925925925925926	0.925925925925926	1
1	183885716	183885717	109	50	2	1	1	1	NA	NA	NA	unphased	1.31027253668763	1.31027253668763	1
1	212965317	212965318	18	3	2	1	1	1	NA	NA	NA	unphased	0.595238095238095	0.595238095238095	1
1	214551396	214551397	49	15	2	1	1	1	NA	NA	NA	unphased	0.9765625	0.9765625	1
1	215963406	215963407	48	10	2	1	1	1	NA	NA	NA	unphased	0.718390804597701	0.718390804597701	1
1	216062109	216062110	33	13	2	1	1	1	NA	NA	NA	unphased	1.17753623188406	1.17753623188406	1
1	237837446	237837447	102	24	2	1	1	1	NA	NA	NA	unphased	0.793650793650794	0.793650793650794	1
1	247655047	247655048	87	24	2	1	1	1	NA	NA	NA	unphased	0.900900900900901	0.900900900900901	1
1	247655048	247655049	85	27	2	1	1	1	NA	NA	NA	unphased	1.00446428571429	1.00446428571429	1
10	59956139	59956140	51	24	1.86	1	0	0.14	1	1	0.86	unphased	1.28853333333333	1.28853333333333	1
10	70513623	70513624	60	26	1.86	1	0	0.14	1	1	0.86	unphased	1.21736434108527	1.21736434108527	1
10	70775422	70775423	77	20	1.86	1	0	0.14	1	1	0.86	unphased	0.830240549828179	0.830240549828179	1
10	88703343	88703344	57	16	1.86	1	0	0.14	1	1	0.86	unphased	0.882557077625571	0.882557077625571	1
10	98469673	98469674	22	5	2	1	1	0.13	1	1	0.87	unphased	0.771604938271605	0.771604938271605	1
10	104129062	104129063	81	10	2	1	1	0.13	1	1	0.87	unphased	0.457875457875458	0.457875457875458	1
10	108923899	108923900	25	8	2	1	1	0.13	1	1	0.87	unphased	1.01010101010101	1.01010101010101	1
10	114575204	114575205	12	5	2	1	1	0.13	1	1	0.87	unphased	1.22549019607843	1.22549019607843	1
10	124712422	124712423	90	6	2	1	1	0.13	1	1	0.87	unphased	0.260416666666667	0.260416666666667	1
10	129903514	129903515	114	24	2	1	1	0.13	1	1	0.87	unphased	0.72463768115942	0.832916874895885	0.87
11	611691	611692	29	16	1	1	1	0	0	1	1	unphased	1.12592592592593	1.12592592592593	1
11	1266002	1266003	65	12	1	1	1	0	0	1	1	unphased	0.493506493506494	0.493506493506494	1
11	1311617	1311618	20	7	1	1	1	0	0	1	1	unphased	0.820987654320988	0.820987654320988	1
11	1619127	1619128	89	17	1	1	1	0	0	1	1	unphased	0.507861635220126	0.507861635220126	1
11	4936659	4936660	49	5	1	1	1	0	0	1	1	unphased	0.29320987654321	0.29320987654321	1
11	5344620	5344621	31	12	1	1	1	0	0	1	1	unphased	0.883720930232558	0.883720930232558	1
11	5444069	5444070	66	18	1	1	1	0	0	1	1	unphased	0.678571428571428	0.678571428571428	1
11	5905885	5905886	68	7	1	1	1	0	0	1	1	unphased	0.295555555555556	0.295555555555556	1
11	5906037	5906038	72	13	1	1	1	0	0	1	1	unphased	0.484313725490196	0.484313725490196	1
11	6262864	6262865	136	64	1	1	1	0	0	1	1	unphased	1.01333333333333	1.01333333333333	1
11	6643178	6643179	14	7	1	1	1	0	0	1	1	unphased	1.05555555555556	1.05555555555556	1
11	20907009	20907010	28	11	1	1	1	0	0	1	1	unphased	0.893162393162393	0.893162393162393	1
11	55761501	55761502	58	7	1	1	1	0	0	1	1	unphased	0.341025641025641	0.341025641025641	1
11	56043842	56043843	125	21	1	1	1	0	0	1	1	unphased	0.455479452054795	0.455479452054795	1
11	57466568	57466569	43	17	1	1	1	0	0	1	1	unphased	0.897222222222222	0.897222222222222	1
11	58893611	58893612	64	21	1	1	1	0	0	1	1	unphased	0.782352941176471	0.782352941176471	1
11	62574923	62574924	22	8	1	1	1	0	0	1	1	unphased	0.844444444444444	0.844444444444444	1
11	68201263	68201264	13	6	1	1	1	0	0	1	1	unphased	1	1	1
11	71724062	71724063	72	14	1	1	1	0	0	1	1	unphased	0.515503875968992	0.515503875968992	1
11	71849985	71849986	9	4	1	1	1	0	0	1	1	unphased	0.974358974358974	0.974358974358974	1
11	92088059	92088060	98	25	1	1	1	0	0	1	1	unphased	0.643631436314363	0.643631436314363	1
11	107299539	107299540	127	15	1	1	1	0	0	1	1	unphased	0.334507042253521	0.334507042253521	1
11	120198200	120198201	27	12	1	1	1	0	0	1	1	unphased	0.974358974358974	0.974358974358974	1
11	120352084	120352085	32	5	1	1	1	0	0	1	1	unphased	0.427927927927928	0.427927927927928	1
11	121440876	121440877	92	12	1	1	1	0	0	1	1	unphased	0.365384615384615	0.365384615384615	1
11	123995011	123995012	19	3	1	1	1	0	0	1	1	unphased	0.431818181818182	0.431818181818182	1
11	124121209	124121210	35	17	1	1	1	0	0	1	1	unphased	1.03525641025641	1.03525641025641	1
11	124440253	124440254	66	30	1	1	1	0	0	1	1	unphased	0.989583333333333	0.989583333333333	1
12	4460526	4460527	30	8	2	2	0	1	NA	NA	NA	unphased	0.87719298245614	0.87719298245614	1
12	7045483	7045484	147	13	2	2	0	1	NA	NA	NA	unphased	0.338541666666667	0.338541666666667	1
12	11081918	11081919	78	11	2	2	0	1	NA	NA	NA	unphased	0.51498127340824	0.51498127340824	1
12	12278318	12278319	16	15	2	2	0	1	NA	NA	NA	unphased	2.01612903225806	1.00806451612903	2
12	12291457	12291458	66	20	2	2	0	1	NA	NA	NA	unphased	0.968992248062016	0.968992248062016	1
12	49933229	49933230	26	5	2	1	1	1	NA	NA	NA	unphased	0.672043010752688	0.672043010752688	1
12	53448096	53448097	20	13	2	1	1	1	NA	NA	NA	unphased	1.64141414141414	1.64141414141414	1
12	53899576	53899577	48	7	2	1	1	1	NA	NA	NA	unphased	0.53030303030303	0.53030303030303	1
12	54070000	54070001	41	8	2	1	1	1	NA	NA	NA	unphased	0.680272108843537	0.680272108843537	1
12	55356380	55356381	116	39	2	1	1	1	NA	NA	NA	unphased	1.04838709677419	1.04838709677419	1
12	57857821	57857822	122	41	2	1	1	1	NA	NA	NA	unphased	1.0480572597137	1.0480572597137	1
12	58139668	58139669	41	10	2	1	1	1	NA	NA	NA	unphased	0.816993464052288	0.816993464052288	1
12	71286539	71286540	91	31	2	1	1	1	NA	NA	NA	unphased	1.05874316939891	1.05874316939891	1
12	72338229	72338230	94	26	2	1	1	1	NA	NA	NA	unphased	0.902777777777778	0.902777777777778	1
12	73015516	73015517	40	9	2	1	1	1	NA	NA	NA	unphased	0.76530612244898	0.76530612244898	1
12	76767174	76767175	60	25	2	1	1	1	NA	NA	NA	unphased	1.22549019607843	1.22549019607843	1
12	77417880	77417881	52	14	2	1	1	1	NA	NA	NA	unphased	0.883838383838384	0.883838383838384	1
12	115114127	115114128	62	18	2	1	1	0.1	1	1	0.9	unphased	0.9375	0.9375	1
12	124915225	124915226	72	14	2	1	1	0.1	1	1	0.9	unphased	0.678294573643411	0.678294573643411	1
13	77844567	77844568	31	17	1	1	0	1	NA	NA	NA	unphased	1.12152777777778	1.12152777777778	1
13	103279417	103279418	82	30	2	2	0	1	NA	NA	NA	unphased	1.11607142857143	1.11607142857143	1
14	21465056	21465057	29	10	2	1	1	1	NA	NA	NA	unphased	1.06837606837607	1.06837606837607	1
14	23346450	23346451	33	9	2	1	1	1	NA	NA	NA	unphased	0.892857142857143	0.892857142857143	1
14	23901919	23901920	65	15	2	1	1	1	NA	NA	NA	unphased	0.78125	0.78125	1
14	24788417	24788418	60	26	2	1	1	1	NA	NA	NA	unphased	1.25968992248062	1.25968992248062	1
14	30105515	30105516	159	40	2	1	1	1	NA	NA	NA	unphased	0.837520938023451	0.837520938023451	1
14	42356689	42356690	66	15	2	1	1	1	NA	NA	NA	unphased	0.771604938271605	0.771604938271605	1
14	42373395	42373396	50	10	2	1	1	1	NA	NA	NA	unphased	0.694444444444444	0.694444444444444	1
14	52907399	52907400	23	9	2	1	1	1	NA	NA	NA	unphased	1.171875	1.171875	1
14	60581997	60581998	123	26	2	1	1	1	NA	NA	NA	unphased	0.727069351230425	0.727069351230425	1
14	70991101	70991102	48	9	2	1	1	1	NA	NA	NA	unphased	0.657894736842105	0.657894736842105	1
14	75329372	75329373	54	11	2	1	1	1	NA	NA	NA	unphased	0.705128205128205	0.705128205128205	1
14	88707110	88707111	127	23	2	1	1	1	NA	NA	NA	unphased	0.638888888888889	0.638888888888889	1
14	92600505	92600506	55	15	2	1	1	1	NA	NA	NA	unphased	0.892857142857143	0.892857142857143	1
14	101348271	101348272	96	28	2	1	1	1	NA	NA	NA	unphased	0.940860215053763	0.940860215053763	1
14	107198984	107198985	125	41	NA	NA	NA	NA	NA	NA	NA	unphased	NA	NA	1
15	21071318	21071319	14	4	NA	NA	NA	NA	NA	NA	NA	unphased	NA	NA	1
15	43621301	43621302	57	20	1	1	0	1	NA	NA	NA	unphased	0.822510822510823	0.822510822510823	1
15	48787691	48787692	161	11	1	1	0	1	NA	NA	NA	unphased	0.202519379844961	0.202519379844961	1
15	51502906	51502907	18	10	1	1	0	1	NA	NA	NA	unphased	1.13095238095238	1.13095238095238	1
15	68582854	68582855	40	7	1	1	0	1	NA	NA	NA	unphased	0.471631205673759	0.471631205673759	1
15	79750081	79750082	22	17	1	1	0	1	NA	NA	NA	unphased	1.38034188034188	1.38034188034188	1
16	705244	705245	5	6	2	1	1	1	NA	NA	NA	unphased	2.27272727272727	2.27272727272727	1
16	1397705	1397706	22	5	2	1	1	1	NA	NA	NA	unphased	0.771604938271605	0.771604938271605	1
16	2024957	2024958	44	18	2	1	1	1	NA	NA	NA	unphased	1.20967741935484	1.20967741935484	1
16	2152825	2152826	35	17	2	1	1	1	NA	NA	NA	unphased	1.36217948717949	1.36217948717949	1
16	4862172	4862173	28	4	2	1	1	1	NA	NA	NA	unphased	0.520833333333333	0.520833333333333	1
16	16219668	16219669	35	5	2	1	1	1	NA	NA	NA	unphased	0.520833333333333	0.520833333333333	1
16	46710570	46710571	57	18	2	1	1	1	NA	NA	NA	unphased	1	1	1
16	47732383	47732384	44	15	2	1	1	1	NA	NA	NA	unphased	1.05932203389831	1.05932203389831	1
16	50745377	50745378	55	24	2	1	1	1	NA	NA	NA	unphased	1.26582278481013	1.26582278481013	1
16	66881001	66881002	35	13	2	1	1	1	NA	NA	NA	unphased	1.12847222222222	1.12847222222222	1
16	71674861	71674862	28	4	2	1	1	1	NA	NA	NA	unphased	0.520833333333333	0.520833333333333	1
16	76513407	76513408	84	16	2	1	1	1	NA	NA	NA	unphased	0.666666666666667	0.666666666666667	1
16	81529059	81529060	18	5	1.08	1	1	0.08	0	1	0.92	unphased	0.705797101449275	0.705797101449275	1
16	83999365	83999366	30	8	1.08	1	1	0.08	0	1	0.92	unphased	0.683508771929825	0.683508771929825	1
16	87902862	87902863	58	11	1.08	1	1	0.08	0	1	0.92	unphased	0.517584541062802	0.517584541062802	1
17	7578201	7578202	14	7	1	1	0	1	NA	NA	NA	unphased	1.05555555555556	1.05555555555556	1
17	8170926	8170927	43	20	1	1	0	1	NA	NA	NA	unphased	1.00529100529101	1.00529100529101	1
17	10293780	10293781	80	20	1	1	0	1	NA	NA	NA	unphased	0.633333333333333	0.633333333333333	1
17	10315779	10315780	121	54	1	1	0	1	NA	NA	NA	unphased	0.977142857142857	0.977142857142857	1
17	10406384	10406385	82	25	1	1	0	1	NA	NA	NA	unphased	0.7398753894081	0.7398753894081	1
17	10433008	10433009	79	41	1	1	0	1	NA	NA	NA	unphased	1.08194444444444	1.08194444444444	1
17	29096930	29096931	33	7	2	1	1	1	NA	NA	NA	unphased	0.729166666666667	0.729166666666667	1
17	40733784	40733785	13	7	2	1	1	1	NA	NA	NA	unphased	1.45833333333333	1.45833333333333	1
17	57109408	57109409	107	27	2	1	1	1	NA	NA	NA	unphased	0.83955223880597	0.83955223880597	1
17	73623406	73623407	22	5	3	2	1	1	NA	NA	NA	unphased	0.95679012345679	0.95679012345679	1
17	74921167	74921168	69	10	3	2	1	1	NA	NA	NA	unphased	0.654008438818566	0.654008438818566	1
17	76831436	76831437	68	17	3	2	1	1	NA	NA	NA	unphased	1.03333333333333	1.03333333333333	1
18	21424983	21424984	32	9	2	1	1	1	NA	NA	NA	unphased	0.914634146341463	0.914634146341463	1
18	55361813	55361814	19	4	2	1	1	1	NA	NA	NA	unphased	0.72463768115942	0.72463768115942	1
18	73122658	73122659	5	3	2	1	1	1	NA	NA	NA	unphased	1.5625	1.5625	1
19	4512462	4512463	111	28	2	1	1	1	NA	NA	NA	unphased	0.839328537170264	0.839328537170264	1
19	9072614	9072615	104	17	2	1	1	1	NA	NA	NA	unphased	0.585399449035813	0.585399449035813	1
19	11515846	11515847	107	20	2	1	1	1	NA	NA	NA	unphased	0.656167979002625	0.656167979002625	1
19	11515888	11515889	87	17	2	1	1	1	NA	NA	NA	unphased	0.681089743589744	0.681089743589744	1
19	12638155	12638156	76	18	2	1	1	1	NA	NA	NA	unphased	0.797872340425532	0.797872340425532	1
19	12969500	12969501	36	10	2	1	1	1	NA	NA	NA	unphased	0.905797101449275	0.905797101449275	1
19	17835934	17835935	53	26	2	1	1	1	NA	NA	NA	unphased	1.37130801687764	1.37130801687764	1
19	21299685	21299686	57	8	2	1	1	1	NA	NA	NA	unphased	0.512820512820513	0.512820512820513	1
19	39297205	39297206	27	32	2.72	2	1	0.86	1	0	0.14	unphased	2.65039548022599	1.42494380657311	1.86
19	39998994	39998995	29	7	2.72	2	1	0.86	1	0	0.14	unphased	0.950185185185185	0.950185185185185	1
19	49910145	49910146	23	5	2	1	1	1	NA	NA	NA	unphased	0.744047619047619	0.744047619047619	1
19	52003548	52003549	42	20	2	1	1	1	NA	NA	NA	unphased	1.34408602150538	1.34408602150538	1
19	52520454	52520455	21	7	2	1	1	1	NA	NA	NA	unphased	1.04166666666667	1.04166666666667	1
19	53884041	53884042	125	16	2	1	1	1	NA	NA	NA	unphased	0.472813238770686	0.472813238770686	1
19	53912074	53912075	69	54	NA	NA	NA	NA	NA	NA	NA	unphased	NA	NA	1
19	55087553	55087554	141	125	4.85	4	2	0.77	1	0	0.23	unphased	3.29730576441103	0.996164883507863	3.31
19	55813534	55813535	405	108	4.85	4	2	0.77	1	0	0.23	unphased	1.47719298245614	0.834572306472396	1.77
19	57640913	57640914	41	19	4	2	2	1	NA	NA	NA	unphased	1.95277777777778	0.976388888888889	2
2	27260447	27260448	68	19	2	1	1	0.1	1	1	0.9	unphased	0.909961685823755	0.909961685823755	1
2	32832613	32832614	144	34	2	1	1	0.1	1	1	0.9	unphased	0.795880149812734	0.795880149812734	1
2	40656931	40656932	47	9	2	1	1	0.1	1	1	0.9	unphased	0.669642857142857	0.669642857142857	1
2	43986037	43986038	15	4	2	1	1	0.1	1	1	0.9	unphased	0.87719298245614	0.87719298245614	1
2	70064700	70064701	23	6	2	1	1	0.1	1	1	0.9	unphased	0.862068965517241	0.862068965517241	1
2	72359528	72359529	8	3	2	1	1	0.1	1	1	0.9	unphased	1.13636363636364	1.13636363636364	1
2	79878738	79878739	68	8	2	1	1	0.1	1	1	0.9	unphased	0.43859649122807	0.43859649122807	1
2	89247246	89247247	98	35	2	1	1	0.1	1	1	0.9	unphased	1.09649122807018	1.09649122807018	1
2	90229414	90229415	54	14	2	1	1	0.1	1	1	0.9	unphased	0.857843137254902	0.857843137254902	1
2	90229415	90229416	51	15	2	1	1	0.1	1	1	0.9	unphased	0.946969696969697	0.946969696969697	1
2	90260123	90260124	186	20	2	1	1	0.1	1	1	0.9	unphased	0.40453074433657	0.40453074433657	1
2	137814719	137814720	64	6	1	1	1	0	0	1	1	unphased	0.271428571428571	0.271428571428571	1
2	179702021	179702022	47	19	2	1	1	1	NA	NA	NA	unphased	1.19949494949495	1.19949494949495	1
2	200137135	200137136	65	21	2	1	1	1	NA	NA	NA	unphased	1.01744186046512	1.01744186046512	1
2	206023502	206023503	166	10	4	3	1	1	NA	NA	NA	unphased	0.350378787878788	0.350378787878788	1
2	209200097	209200098	76	20	1	1	0	1	NA	NA	NA	unphased	0.659722222222222	0.659722222222222	1
2	216251680	216251681	21	5	2	1	1	1	NA	NA	NA	unphased	0.801282051282051	0.801282051282051	1
20	2644302	2644303	36	9	2	1	1	1	NA	NA	NA	unphased	0.833333333333333	0.833333333333333	1
20	4866554	4866555	31	10	2	1	1	1	NA	NA	NA	unphased	1.01626016260163	1.01626016260163	1
20	7866368	7866369	103	32	2	1	1	1	NA	NA	NA	unphased	0.987654320987654	0.987654320987654	1
20	18529359	18529360	43	5	2	1	1	1	NA	NA	NA	unphased	0.434027777777778	0.434027777777778	1
20	62153022	62153023	42	5	2	1	1	1	NA	NA	NA	unphased	0.443262411347518	0.443262411347518	1
21	31588224	31588225	39	11	2	1	1	1	NA	NA	NA	unphased	0.916666666666667	0.916666666666667	1
21	31864182	31864183	158	49	2	1	1	1	NA	NA	NA	unphased	0.986312399355878	0.986312399355878	1
22	18064176	18064177	50	21	2	1	1	0.11	1	1	0.89	unphased	1.23239436619718	1.23239436619718	1
22	32477932	32477933	69	13	2	1	1	0.11	1	1	0.89	unphased	0.660569105691057	0.660569105691057	1
22	37466993	37466994	29	7	2	1	1	0.11	1	1	0.89	unphased	0.810185185185185	0.810185185185185	1
22	37707537	37707538	35	12	2	1	1	0.11	1	1	0.89	unphased	1.06382978723404	1.06382978723404	1
22	50662624	50662625	38	13	NA	NA	NA	NA	NA	NA	NA	unphased	NA	NA	1
3	14549197	14549198	19	9	1	1	0	1	NA	NA	NA	unphased	1.01785714285714	1.01785714285714	1
3	49094465	49094466	34	6	1	1	0	1	NA	NA	NA	unphased	0.475	0.475	1
3	50338436	50338437	11	4	1	1	0	1	NA	NA	NA	unphased	0.844444444444444	0.844444444444444	1
3	73437213	73437214	63	18	1	1	0	1	NA	NA	NA	unphased	0.703703703703704	0.703703703703704	1
3	96533763	96533764	37	5	6	5	1	1	NA	NA	NA	unphased	0.972222222222222	0.972222222222222	1
3	98109532	98109533	47	16	2	1	1	1	NA	NA	NA	unphased	1.05820105820106	1.05820105820106	1
3	100994576	100994577	42	10	2	1	1	1	NA	NA	NA	unphased	0.801282051282051	0.801282051282051	1
3	121712683	121712684	38	7	2	1	1	1	NA	NA	NA	unphased	0.648148148148148	0.648148148148148	1
3	123044198	123044199	61	13	2	1	1	1	NA	NA	NA	unphased	0.731981981981982	0.731981981981982	1
3	127649096	127649097	22	3	2	1	1	1	NA	NA	NA	unphased	0.5	0.5	1
3	164780247	164780248	37	11	1.02	2	1	0.01	0	1	0.99	unphased	0.730277777777778	0.730277777777778	1
3	167189517	167189518	122	23	1.02	2	1	0.01	0	1	0.99	unphased	0.505471264367816	0.505471264367816	1
3	167543134	167543135	54	10	1.02	2	1	0.01	0	1	0.99	unphased	0.497916666666667	0.497916666666667	1
3	169846592	169846593	248	51	1.02	2	1	0.01	0	1	0.99	unphased	0.543545150501672	0.543545150501672	1
4	38691455	38691456	74	24	2	1	1	1	NA	NA	NA	unphased	1.02040816326531	1.02040816326531	1
4	39482781	39482782	43	13	2	1	1	1	NA	NA	NA	unphased	0.967261904761905	0.967261904761905	1
4	39839562	39839563	52	16	2	1	1	1	NA	NA	NA	unphased	0.980392156862745	0.980392156862745	1
4	40121557	40121558	34	8	2	1	1	1	NA	NA	NA	unphased	0.793650793650794	0.793650793650794	1
4	47840018	47840019	18	3	2	1	1	1	NA	NA	NA	unphased	0.595238095238095	0.595238095238095	1
4	100504544	100504545	131	12	1	1	0	1	NA	NA	NA	unphased	0.265734265734266	0.265734265734266	1
4	122261668	122261669	27	10	1	1	0	1	NA	NA	NA	unphased	0.855855855855856	0.855855855855856	1
4	153245436	153245437	21	3	1	1	0	1	NA	NA	NA	unphased	0.395833333333333	0.395833333333333	1
4	177052850	177052851	96	38	1	1	0	1	NA	NA	NA	unphased	0.898009950248756	0.898009950248756	1
4	186263205	186263206	114	34	1	1	0	1	NA	NA	NA	unphased	0.727477477477478	0.727477477477478	1
4	186559237	186559238	74	23	1	1	0	1	NA	NA	NA	unphased	0.75085910652921	0.75085910652921	1
5	1232343	1232344	9	4	2	1	1	1	NA	NA	NA	unphased	1.28205128205128	1.28205128205128	1
5	23527186	23527187	52	11	2	1	1	1	NA	NA	NA	unphased	0.727513227513227	0.727513227513227	1
5	33527361	33527362	144	30	2	1	1	1	NA	NA	NA	unphased	0.718390804597701	0.718390804597701	1
5	40852312	40852313	44	10	2	1	1	1	NA	NA	NA	unphased	0.771604938271605	0.771604938271605	1
5	40964945	40964946	147	28	2	1	1	1	NA	NA	NA	unphased	0.666666666666667	0.666666666666667	1
5	70835475	70835476	27	7	2	1	1	1	NA	NA	NA	unphased	0.857843137254902	0.857843137254902	1
5	70855848	70855849	70	16	2	1	1	1	NA	NA	NA	unphased	0.775193798449612	0.775193798449612	1
5	71521967	71521968	45	14	2	1	1	1	NA	NA	NA	unphased	0.988700564971752	0.988700564971752	1
5	78423632	78423633	46	14	2	1	1	1	NA	NA	NA	unphased	0.972222222222222	0.972222222222222	1
5	82948607	82948608	30	11	2	1	1	1	NA	NA	NA	unphased	1.11788617886179	1.11788617886179	1
5	102513643	102513644	96	9	2	1	1	1	NA	NA	NA	unphased	0.357142857142857	0.357142857142857	1
5	129015458	129015459	59	15	2	1	1	1	NA	NA	NA	unphased	0.844594594594595	0.844594594594595	1
5	137780461	137780462	34	7	2	1	1	1	NA	NA	NA	unphased	0.711382113821138	0.711382113821138	1
5	140784057	140784058	44	9	2	1	1	1	NA	NA	NA	unphased	0.707547169811321	0.707547169811321	1
5	162910150	162910151	71	23	2	1	1	1	NA	NA	NA	unphased	1.01950354609929	1.01950354609929	1
6	3287236	3287237	30	13	1	1	0	1	NA	NA	NA	unphased	0.957364341085271	0.957364341085271	1
6	26285636	26285637	53	25	1	1	0	1	NA	NA	NA	unphased	1.01495726495727	1.01495726495727	1
6	27107139	27107140	19	7	1	1	0	1	NA	NA	NA	unphased	0.852564102564103	0.852564102564103	1
6	31937151	31937152	34	7	NA	NA	NA	NA	NA	NA	NA	unphased	NA	NA	1
6	33261748	33261749	268	168	NA	NA	NA	NA	NA	NA	NA	unphased	NA	NA	1
6	33262490	33262491	57	47	NA	NA	NA	NA	NA	NA	NA	unphased	NA	NA	1
6	39330270	39330271	63	100	3	3	0	1	NA	NA	NA	unphased	3.16973415132924	1.05657805044308	3
6	46847577	46847578	52	16	2	2	0	1	NA	NA	NA	unphased	0.980392156862745	0.980392156862745	1
6	52268163	52268164	22	7	2	2	0	1	NA	NA	NA	unphased	1.00574712643678	1.00574712643678	1
6	97676875	97676876	80	21	2	2	0	1	NA	NA	NA	unphased	0.866336633663366	0.866336633663366	1
6	100390822	100390823	33	22	2	2	0	1	NA	NA	NA	unphased	1.66666666666667	0.833333333333333	2
6	112506498	112506499	187	33	3	2	1	1	NA	NA	NA	unphased	0.775	0.775	1
6	117707018	117707019	50	11	3	2	1	1	NA	NA	NA	unphased	0.931693989071038	0.931693989071038	1
6	142764489	142764490	271	31	3	2	1	1	NA	NA	NA	unphased	0.530353200883002	0.530353200883002	1
6	157528346	157528347	78	17	3	2	1	1	NA	NA	NA	unphased	0.924561403508772	0.924561403508772	1
6	157743750	157743751	96	52	3	2	1	1	NA	NA	NA	unphased	1.81531531531532	0.907657657657658	2
6	160328350	160328351	126	29	3	2	1	1	NA	NA	NA	unphased	0.966666666666667	0.966666666666667	1
6	169053879	169053880	58	9	2.74	2	1	0.87	1	0	0.13	unphased	0.65910447761194	0.65910447761194	1
7	16644385	16644386	64	34	3	2	1	1	NA	NA	NA	unphased	1.79251700680272	0.89625850340136	2
7	21805044	21805045	107	36	2	1	1	1	NA	NA	NA	unphased	1.04895104895105	1.04895104895105	1
7	36338846	36338847	8	6	2	1	1	1	NA	NA	NA	unphased	1.78571428571429	1.78571428571429	1
7	63529390	63529391	21	5	2	1	1	1	NA	NA	NA	unphased	0.801282051282051	0.801282051282051	1
7	66453477	66453478	43	8	2	1	1	1	NA	NA	NA	unphased	0.65359477124183	0.65359477124183	1
7	75634625	75634626	44	12	2	1	1	1	NA	NA	NA	unphased	0.892857142857143	0.892857142857143	1
7	82997158	82997159	61	10	3	2	1	1	NA	NA	NA	unphased	0.727699530516432	0.727699530516432	1
7	86468971	86468972	52	11	3	2	1	1	NA	NA	NA	unphased	0.902116402116402	0.902116402116402	1
7	91709169	91709170	82	15	5	4	1	1	NA	NA	NA	unphased	1.10824742268041	1.10824742268041	1
7	100676098	100676099	267	16	1	1	0	1	NA	NA	NA	unphased	0.179034157832744	0.179034157832744	1
7	112724254	112724255	48	19	1	1	0	1	NA	NA	NA	unphased	0.898009950248756	0.898009950248756	1
8	17409473	17409474	19	13	1	1	0	1	NA	NA	NA	unphased	1.28645833333333	1.28645833333333	1
8	54960576	54960577	25	10	2	1	1	1	NA	NA	NA	unphased	1.19047619047619	1.19047619047619	1
8	55542764	55542765	37	10	2	1	1	1	NA	NA	NA	unphased	0.886524822695036	0.886524822695036	1
8	61736457	61736458	54	26	2	1	1	1	NA	NA	NA	unphased	1.35416666666667	1.35416666666667	1
8	77766781	77766782	121	20	2	1	1	1	NA	NA	NA	unphased	0.591016548463357	0.591016548463357	1
8	82571594	82571595	48	7	2	1	1	1	NA	NA	NA	unphased	0.53030303030303	0.53030303030303	1
8	118184912	118184913	103	45	2	1	1	1	NA	NA	NA	unphased	1.26689189189189	1.26689189189189	1
8	143624968	143624969	11	3	2	1	1	1	NA	NA	NA	unphased	0.892857142857143	0.892857142857143	1
9	19376296	19376297	59	22	1	1	0	1	NA	NA	NA	unphased	0.860082304526749	0.860082304526749	1
9	33278107	33278108	26	11	4	4	0	1	NA	NA	NA	unphased	1.83333333333333	0.916666666666667	2
9	90501471	90501472	56	15	1	1	0	1	NA	NA	NA	unphased	0.669014084507042	0.669014084507042	1
9	92020459	92020460	5	8	1	1	0	1	NA	NA	NA	unphased	1.94871794871795	1.94871794871795	1
9	139916915	139916916	9	7	1	1	0	1	NA	NA	NA	unphased	1.38541666666667	1.38541666666667	1
X	5811255	5811256	24	47	NA	NA	NA	NA	NA	NA	NA	unphased	NA	NA	1
X	47308086	47308087	23	8	NA	NA	NA	NA	NA	NA	NA	unphased	NA	NA	1
X	47308087	47308088	23	8	NA	NA	NA	NA	NA	NA	NA	unphased	NA	NA	1
X	52893868	52893869	31	19	NA	NA	NA	NA	NA	NA	NA	unphased	NA	NA	1
X	63412921	63412922	18	11	NA	NA	NA	NA	NA	NA	NA	unphased	NA	NA	1
X	76889175	76889176	11	10	NA	NA	NA	NA	NA	NA	NA	unphased	NA	NA	1
X	79282781	79282782	10	3	NA	NA	NA	NA	NA	NA	NA	unphased	NA	NA	1
X	79971738	79971739	22	12	NA	NA	NA	NA	NA	NA	NA	unphased	NA	NA	1
X	83128725	83128726	13	11	NA	NA	NA	NA	NA	NA	NA	unphased	NA	NA	1
X	105152884	105152885	17	10	NA	NA	NA	NA	NA	NA	NA	unphased	NA	NA	1
X	142803852	142803853	9	19	NA	NA	NA	NA	NA	NA	NA	unphased	NA	NA	1
X	153490659	153490660	34	5	NA	NA	NA	NA	NA	NA	NA	unphased	NA	NA	1
X	154185446	154185447	11	12	NA	NA	NA	NA	NA	NA	NA	unphased	NA	NA	1
