chr	start	end	WT.count	mut.count	subclonal.CN	nMaj1	nMin1	frac1	nMaj2	nMin2	frac2	phase	mutation.copy.number	subclonal.fraction	no.chrs.bearing.mut
1	28148800	28148801	49	12	2	1	1	0.12	1	1	0.88	unphased	0.983606557377049	0.983606557377049	1
1	186302467	186302468	29	3	2	1	1	0.12	1	1	0.88	unphased	0.46875	0.46875	1
2	228762933	228762934	30	5	2	1	1	0.09	1	1	0.91	unphased	0.714285714285714	0.714285714285714	1
3	9036108	9036109	57	10	2	1	1	1	NA	NA	NA	unphased	0.746268656716418	0.746268656716418	1
3	38307441	38307442	33	7	2	1	1	1	NA	NA	NA	unphased	0.875	0.875	1
5	23527794	23527795	92	18	2	1	1	1	NA	NA	NA	unphased	0.818181818181818	0.818181818181818	1
5	82937402	82937403	108	34	2	1	1	1	NA	NA	NA	unphased	1.19718309859155	1.19718309859155	1
6	38998145	38998146	44	4	2	1	1	1	NA	NA	NA	unphased	0.416666666666667	0.416666666666667	1
6	160575835	160575836	21	6	2	1	1	1	NA	NA	NA	unphased	1.11111111111111	1.11111111111111	1
7	99359828	99359829	38	6	2	1	1	1	NA	NA	NA	unphased	0.681818181818182	0.681818181818182	1
8	42873658	42873659	57	10	2	1	1	1	NA	NA	NA	unphased	0.746268656716418	0.746268656716418	1
9	19424784	19424785	54	8	2	1	1	0.12	1	1	0.88	unphased	0.645161290322581	0.645161290322581	1
10	94368780	94368781	13	7	2	1	1	0.14	1	1	0.86	unphased	1.75	1.75	1
10	118360597	118360598	42	18	2	1	1	0.14	1	1	0.86	unphased	1.5	1.5	1
11	65116347	65116348	44	10	2	1	1	1	NA	NA	NA	unphased	0.925925925925926	0.925925925925926	1
11	65636000	65636001	33	7	2	1	1	1	NA	NA	NA	unphased	0.875	0.875	1
14	74551055	74551056	38	4	2	1	1	1	NA	NA	NA	unphased	0.476190476190476	0.476190476190476	1
15	40628777	40628778	57	7	2	1	1	1	NA	NA	NA	unphased	0.546875	0.546875	1
17	15234675	15234676	73	5	2	1	1	1	NA	NA	NA	unphased	0.32051282051282	0.32051282051282	1
17	71165802	71165803	39	8	2	1	1	1	NA	NA	NA	unphased	0.851063829787234	0.851063829787234	1
18	2891824	2891825	46	5	2	1	1	1	NA	NA	NA	unphased	0.490196078431373	0.490196078431373	1
19	43268114	43268115	227	22	2	1	1	1	NA	NA	NA	unphased	0.441767068273092	0.441767068273092	1
19	43699307	43699308	181	18	2	1	1	1	NA	NA	NA	unphased	0.452261306532663	0.452261306532663	1
20	33439957	33439958	25	4	2	1	1	1	NA	NA	NA	unphased	0.689655172413793	0.689655172413793	1
20	33874756	33874757	32	16	2	1	1	1	NA	NA	NA	unphased	1.66666666666667	1.66666666666667	1
