chr	start	end	WT.count	mut.count	subclonal.CN	nMaj1	nMin1	frac1	nMaj2	nMin2	frac2	phase	mutation.copy.number	subclonal.fraction	no.chrs.bearing.mut
1	3809443	3809444	23	9	2.54	2	2	0.27	1	1	0.73	unphased	1.21319575471698	1.21319575471698	1
1	16914277	16914278	459	67	NA	NA	NA	NA	NA	NA	NA	unphased	NA	NA	1
1	19166218	19166219	46	8	2.5	2	2	0.25	1	1	0.75	unphased	0.633123689727463	0.633123689727463	1
1	46211801	46211802	51	15	1.06	2	1	0.03	0	1	0.97	unphased	0.643996569468268	0.643996569468268	1
1	74902156	74902157	24	3	3	2	1	1	NA	NA	NA	unphased	0.530398322851153	0.530398322851153	1
1	78435672	78435673	36	9	3	2	1	1	NA	NA	NA	unphased	0.954716981132076	0.954716981132076	1
1	99771601	99771602	125	25	4.2	4	2	0.64	1	0	0.36	unphased	0.99559748427673	0.99559748427673	1
1	149763000	149763001	52	12	1.18	2	2	0.06	0	1	0.94	unphased	0.553797169811321	0.553797169811321	1
1	157738326	157738327	127	68	4	2	2	1	NA	NA	NA	unphased	2.0133526850508	1.0066763425254	2
1	175066663	175066664	61	12	4	2	2	1	NA	NA	NA	unphased	0.949082450245541	0.949082450245541	1
1	183201963	183201964	116	23	4	2	2	1	NA	NA	NA	unphased	0.955341387267544	0.955341387267544	1
1	192544908	192544909	53	20	4	2	2	1	NA	NA	NA	unphased	1.58180408374257	0.790902041871285	2
1	242277282	242277283	76	17	4	2	2	1	NA	NA	NA	unphased	1.05538648813147	1.05538648813147	1
10	29777527	29777528	4	5	2	2	0	1	NA	NA	NA	unphased	2.09643605870021	2.09643605870021	1
10	50954883	50954884	59	24	4	2	2	1	NA	NA	NA	unphased	1.66947033416686	0.834735167083428	2
10	75011590	75011591	166	24	2.26	2	2	0.13	1	1	0.87	unphased	0.509505461767627	0.509505461767627	1
10	98170230	98170231	22	15	2.24	2	2	0.12	1	1	0.88	unphased	1.62712901580826	1.45279376411452	1.12
10	100185700	100185701	116	56	2.24	2	2	0.12	1	1	0.88	unphased	1.30674857393594	1.16673979815709	1.12
10	122648678	122648679	130	25	2.24	2	2	0.12	1	1	0.88	unphased	0.647352404138771	0.647352404138771	1
11	12265535	12265536	56	64	2	2	0	1	NA	NA	NA	unphased	2.0125786163522	1.0062893081761	2
11	57144264	57144265	132	80	2.7	2	2	0.35	1	1	0.65	unphased	1.68814524741901	1.25047796105112	1.35
11	63438772	63438773	16	4	2.7	2	2	0.35	1	1	0.65	unphased	0.894716981132076	0.894716981132076	1
11	64055812	64055813	197	47	2.7	2	2	0.35	1	1	0.65	unphased	0.861715125270647	0.861715125270647	1
11	66204682	66204683	61	39	2.7	2	2	0.35	1	1	0.65	unphased	1.74469811320755	1.29236897274633	1.35
11	92534951	92534952	90	19	3	2	1	1	NA	NA	NA	unphased	0.832092781720616	0.832092781720616	1
11	113860377	113860378	91	25	3	2	1	1	NA	NA	NA	unphased	1.02878985035784	1.02878985035784	1
11	123676163	123676164	119	25	3	2	1	1	NA	NA	NA	unphased	0.828747379454927	0.828747379454927	1
12	19436476	19436477	236	34	6	4	2	1	NA	NA	NA	unphased	0.978895877009084	0.978895877009084	1
12	21015719	21015720	255	8	9	7	2	1	NA	NA	NA	unphased	0.327713609297654	0.327713609297654	1
12	29786134	29786135	78	35	4	2	2	1	NA	NA	NA	unphased	1.78827851060277	0.894139255301386	2
12	106704938	106704939	85	15	2.22	2	2	0.11	1	1	0.89	unphased	0.599037735849057	0.599037735849057	1
12	108003970	108003971	135	28	2.22	2	2	0.11	1	1	0.89	unphased	0.686014585021415	0.686014585021415	1
12	122826035	122826036	362	69	2.32	2	2	0.16	1	1	0.84	unphased	0.655353499978112	0.655353499978112	1
13	20220961	20220962	52	14	2	2	0	1	NA	NA	NA	unphased	0.800457404230989	0.800457404230989	1
14	24679954	24679955	50	19	2	1	1	1	NA	NA	NA	unphased	1.03910308996445	1.03910308996445	1
14	24785063	24785064	109	27	2	1	1	1	NA	NA	NA	unphased	0.749167591564928	0.749167591564928	1
14	74343731	74343732	35	10	1.08	1	1	0.08	0	1	0.92	unphased	0.634129979035639	0.634129979035639	1
15	32912348	32912349	74	16	1.22	2	1	0.11	1	0	0.89	unphased	0.5321928721174	0.5321928721174	1
15	48450995	48450996	141	10	3	2	1	1	NA	NA	NA	unphased	0.316131450705985	0.316131450705985	1
15	84566693	84566694	54	12	3	2	1	1	NA	NA	NA	unphased	0.867924528301887	0.867924528301887	1
16	3707075	3707076	65	13	3.28	3	1	0.76	1	0	0.24	unphased	0.842264150943396	0.842264150943396	1
16	30567091	30567092	28	6	1.26	2	1	0.13	1	0	0.87	unphased	0.535338512763596	0.535338512763596	1
16	30567105	30567106	29	8	1.26	2	1	0.13	1	0	0.87	unphased	0.655910249872514	0.655910249872514	1
16	66947160	66947161	105	29	3	2	1	1	NA	NA	NA	unphased	1.03308927062799	1.03308927062799	1
16	70415746	70415747	169	13	3	2	1	1	NA	NA	NA	unphased	0.340970350404313	0.340970350404313	1
16	85667700	85667701	21	5	2.27	2	1	0.27	1	1	0.73	unphased	0.777612481857765	0.777612481857765	1
17	7578533	7578534	17	20	2	2	0	1	NA	NA	NA	unphased	2.03977562468129	1.01988781234064	2
17	10355576	10355577	60	58	2	2	0	1	NA	NA	NA	unphased	1.85481291973137	0.927406459865686	2
17	19648426	19648427	30	19	2	2	0	1	NA	NA	NA	unphased	1.46322680015402	0.731613400077012	2
17	26821424	26821425	74	25	2.21	2	1	0.21	1	1	0.79	unphased	1.00595578425767	1.00595578425767	1
17	40842163	40842164	318	37	3.74	4	1	0.58	1	1	0.42	unphased	0.574655328195589	0.990785048613084	0.58
17	74006261	74006262	97	15	4.04	4	1	0.68	1	1	0.32	unphased	0.778605121293801	0.778605121293801	1
17	74006262	74006263	96	14	4.04	4	1	0.68	1	1	0.32	unphased	0.739910806174957	0.739910806174957	1
17	74007748	74007749	59	8	4.04	4	1	0.68	1	1	0.32	unphased	0.694159391720642	0.694159391720642	1
17	79409907	79409908	71	4	4.04	4	1	0.68	1	1	0.32	unphased	0.31005786163522	0.455967443581206	0.68
17	79914822	79914823	67	15	4.04	4	1	0.68	1	1	0.32	unphased	1.06346065347446	1.06346065347446	1
18	14537813	14537814	54	8	3	2	1	1	NA	NA	NA	unphased	0.615946439440049	0.615946439440049	1
18	29453501	29453502	20	4	3	2	1	1	NA	NA	NA	unphased	0.79559748427673	0.79559748427673	1
18	42530225	42530226	74	60	3	2	1	1	NA	NA	NA	unphased	2.13742607716136	1.06871303858068	2
18	43450706	43450707	43	8	3	2	1	1	NA	NA	NA	unphased	0.748797632260451	0.748797632260451	1
19	1467097	1467098	34	7	2.72	2	2	0.36	1	1	0.64	unphased	0.767197422917625	0.767197422917625	1
19	17922595	17922596	68	31	2.72	2	2	0.36	1	1	0.64	unphased	1.40708214217648	1.03461922218859	1.36
19	42133302	42133303	28	12	2	2	0	1	NA	NA	NA	unphased	1.13207547169811	1.13207547169811	1
19	54445691	54445692	12	9	2	2	0	1	NA	NA	NA	unphased	1.61725067385445	1.61725067385445	1
19	55453115	55453116	11	10	2	2	0	1	NA	NA	NA	unphased	1.79694519317161	0.898472596585804	2
2	26652620	26652621	71	16	2.76	2	2	0.38	1	1	0.62	unphased	0.833762741270874	0.833762741270874	1
2	31467290	31467291	43	15	2.76	2	2	0.38	1	1	0.62	unphased	1.17247885491217	1.17247885491217	1
2	58449123	58449124	49	13	2.7	2	2	0.35	1	1	0.65	unphased	0.938009738283628	0.938009738283628	1
2	109099618	109099619	22	8	2.7	2	2	0.35	1	1	0.65	unphased	1.19295597484277	1.19295597484277	1
2	121036306	121036307	39	7	2.7	2	2	0.35	1	1	0.65	unphased	0.680762920426579	0.680762920426579	1
2	128341855	128341856	74	16	2.7	2	2	0.35	1	1	0.65	unphased	0.795303983228512	0.795303983228512	1
2	141242970	141242971	41	8	2.76	2	2	0.38	1	1	0.62	unphased	0.740177127454756	0.740177127454756	1
2	155099251	155099252	37	3	2.68	2	2	0.34	1	1	0.66	unphased	0.334018867924528	0.982408435072142	0.34
2	168102132	168102133	58	11	2.68	2	2	0.34	1	1	0.66	unphased	0.709991796554553	0.709991796554553	1
2	179579975	179579976	64	33	2.68	2	2	0.34	1	1	0.66	unphased	1.51513713285353	1.13069935287577	1.34
2	191898688	191898689	136	19	2.84	2	2	0.42	1	1	0.58	unphased	0.56553621424224	1.34651479581486	0.42
2	203644329	203644330	45	15	2.84	2	2	0.42	1	1	0.58	unphased	1.15339622641509	1.15339622641509	1
2	209113201	209113202	75	10	2.84	2	2	0.42	1	1	0.58	unphased	0.542774694783574	1.29232070186565	0.42
2	220072626	220072627	99	21	2.84	2	2	0.42	1	1	0.58	unphased	0.807377358490566	0.807377358490566	1
2	228560704	228560705	119	19	2.84	2	2	0.42	1	1	0.58	unphased	0.635203718895269	0.635203718895269	1
2	230662489	230662490	94	10	2.84	2	2	0.42	1	1	0.58	unphased	0.443613933236575	1.05622365056327	0.42
20	11899000	11899001	225	111	2.3	2	2	0.15	1	1	0.85	unphased	1.34573787061995	1.17020684401734	1.15
20	48259054	48259055	82	40	2.3	2	2	0.15	1	1	0.85	unphased	1.33560160841324	1.16139270296803	1.15
22	31850285	31850286	56	37	2.38	2	2	0.19	1	1	0.81	unphased	1.65250152160682	1.38865674084606	1.19
3	27760381	27760382	30	7	2	1	1	1	NA	NA	NA	unphased	0.71392146863845	0.71392146863845	1
3	52954584	52954585	35	9	2	1	1	1	NA	NA	NA	unphased	0.771869639794168	0.771869639794168	1
3	73047267	73047268	161	24	3	2	1	1	NA	NA	NA	unphased	0.619275879653238	0.619275879653238	1
3	75986734	75986735	35	3	3	2	1	1	NA	NA	NA	unphased	0.376861966236346	0.376861966236346	1
3	77089947	77089948	113	25	3	2	1	1	NA	NA	NA	unphased	0.864779874213837	0.864779874213837	1
3	97868993	97868994	53	11	2.28	2	2	0.14	1	1	0.86	unphased	0.696709905660377	0.696709905660377	1
3	123694227	123694228	18	9	2.28	2	2	0.14	1	1	0.86	unphased	1.35119496855346	1.35119496855346	1
3	164704981	164704982	128	21	2.64	2	2	0.32	1	1	0.68	unphased	0.622048879321261	0.622048879321261	1
3	171338215	171338216	79	13	2.64	2	2	0.32	1	1	0.68	unphased	0.623658736669401	0.623658736669401	1
3	183907647	183907648	91	40	2.64	2	2	0.32	1	1	0.68	unphased	1.34765951317874	1.02095417665056	1.32
3	187447542	187447543	48	12	2.64	2	2	0.32	1	1	0.68	unphased	0.882716981132076	0.882716981132076	1
4	2757761	2757762	19	5	2.54	2	2	0.27	1	1	0.73	unphased	0.898663522012579	0.898663522012579	1
4	177116674	177116675	78	19	4	2	2	1	NA	NA	NA	unphased	1.13090838358296	1.13090838358296	1
5	26902806	26902807	56	15	5	4	1	1	NA	NA	NA	unphased	1.43103906457614	1.43103906457614	1
5	37816163	37816164	109	12	5	4	1	1	NA	NA	NA	unphased	0.671760486511773	0.671760486511773	1
5	54460037	54460038	47	10	5	4	1	1	NA	NA	NA	unphased	1.18834822906322	1.18834822906322	1
5	70812023	70812024	42	8	5	4	1	1	NA	NA	NA	unphased	1.08377358490566	1.08377358490566	1
5	101735274	101735275	82	14	5	4	1	1	NA	NA	NA	unphased	0.987814465408805	0.987814465408805	1
5	111576489	111576490	47	7	5	4	1	1	NA	NA	NA	unphased	0.878057302585604	0.878057302585604	1
5	138723466	138723467	134	26	4.28	4	1	0.82	1	0	0.18	unphased	0.983707547169811	0.983707547169811	1
5	140802866	140802867	167	20	4.28	4	1	0.82	1	0	0.18	unphased	0.647442235899505	0.78956370231647	0.82
5	160025778	160025779	471	71	4.28	4	1	0.82	1	0	0.18	unphased	0.792997284689828	0.967069859377839	0.82
5	170883548	170883549	103	47	4.28	4	1	0.82	1	0	0.18	unphased	1.89678993710692	1.04219227313567	1.82
6	7378909	7378910	107	83	3	2	1	1	NA	NA	NA	unphased	2.08530287984111	1.04265143992056	2
6	42200422	42200423	17	3	2	2	0	1	NA	NA	NA	unphased	0.566037735849057	0.566037735849057	1
6	135776900	135776901	9	4	2	2	0	1	NA	NA	NA	unphased	1.1611030478955	1.1611030478955	1
6	136596779	136596780	174	7	2	2	0	1	NA	NA	NA	unphased	0.145939747732722	0.145939747732722	1
7	11514013	11514014	93	7	5	4	1	1	NA	NA	NA	unphased	0.474150943396226	0.474150943396226	1
7	77558458	77558459	48	6	3.84	4	1	0.71	1	0	0.29	unphased	0.623731656184486	0.623731656184486	1
7	100334137	100334138	438	239	3.64	6	1	0.44	1	0	0.56	unphased	1.91114740391851	1.01656776804176	1.88
7	129053478	129053479	231	66	8	7	1	1	NA	NA	NA	unphased	2.17190775681342	1.08595387840671	2
7	141635716	141635717	135	11	8	7	1	1	NA	NA	NA	unphased	0.736365986042905	0.736365986042905	1
7	142223886	142223887	416	25	8	7	1	1	NA	NA	NA	unphased	0.554058101227913	0.554058101227913	1
7	149430609	149430610	22	8	8	7	1	1	NA	NA	NA	unphased	2.6062893081761	0.868763102725367	3
7	149493700	149493701	72	9	8	7	1	1	NA	NA	NA	unphased	1.08595387840671	1.08595387840671	1
7	154684390	154684391	45	17	7.37	7	1	0.91	0	1	0.09	unphased	2.50711199026172	0.918356040388907	2.73
8	48874122	48874123	54	31	2.08	2	2	0.36	1	0	0.64	unphased	1.40542508324084	1.03340079650062	1.36
8	68184168	68184169	32	5	2.08	2	2	0.36	1	0	0.64	unphased	0.520754716981132	0.520754716981132	1
8	144941648	144941649	84	33	4.4	3	2	0.85	1	0	0.15	unphased	1.74126753749395	0.941225695942677	1.85
9	16437285	16437286	151	56	2	2	0	1	NA	NA	NA	unphased	1.02087321119315	1.02087321119315	1
9	103046858	103046859	15	4	3	2	1	1	NA	NA	NA	unphased	1.00496524329692	1.00496524329692	1
9	125797224	125797225	39	21	3	2	1	1	NA	NA	NA	unphased	1.67075471698113	0.835377358490566	2
9	131023763	131023764	113	22	3	2	1	1	NA	NA	NA	unphased	0.777917540181691	0.777917540181691	1
X	54107802	54107803	37	22	NA	NA	NA	NA	NA	NA	NA	unphased	NA	NA	1
X	69563591	69563592	12	18	NA	NA	NA	NA	NA	NA	NA	unphased	NA	NA	1
X	101395631	101395632	5	13	NA	NA	NA	NA	NA	NA	NA	unphased	NA	NA	1
X	119249499	119249500	77	58	NA	NA	NA	NA	NA	NA	NA	unphased	NA	NA	1
X	127185027	127185028	130	26	NA	NA	NA	NA	NA	NA	NA	unphased	NA	NA	1
X	154185267	154185268	181	35	NA	NA	NA	NA	NA	NA	NA	unphased	NA	NA	1
