chr	start	end	WT.count	mut.count	subclonal.CN	nMaj1	nMin1	frac1	nMaj2	nMin2	frac2	phase	mutation.copy.number	subclonal.fraction	no.chrs.bearing.mut
1	11118867	11118868	23	5	2	1	1	0.11	1	1	0.89	unphased	0.965250965250965	0.965250965250965	1
1	33252585	33252586	53	9	2	1	1	0.1	1	1	0.9	unphased	0.784655623365301	0.784655623365301	1
1	35452886	35452887	33	9	2	1	1	1	NA	NA	NA	unphased	1.15830115830116	1.15830115830116	1
1	39930775	39930776	96	13	2	1	1	1	NA	NA	NA	unphased	0.644681378626333	0.644681378626333	1
1	40092512	40092513	15	4	2	1	1	1	NA	NA	NA	unphased	1.13798008534851	1.13798008534851	1
1	40961577	40961578	43	8	2	1	1	1	NA	NA	NA	unphased	0.847906730259671	0.847906730259671	1
1	43812538	43812539	62	18	2	1	1	1	NA	NA	NA	unphased	1.21621621621622	1.21621621621622	1
1	47046262	47046263	44	7	2	1	1	1	NA	NA	NA	unphased	0.741918388977213	0.741918388977213	1
1	47746532	47746533	105	23	2	1	1	1	NA	NA	NA	unphased	0.971283783783784	0.971283783783784	1
1	91182663	91182664	126	33	2	1	1	1	NA	NA	NA	unphased	1.12187659357471	1.12187659357471	1
1	94337664	94337665	127	33	2	1	1	1	NA	NA	NA	unphased	1.11486486486486	1.11486486486486	1
1	94354492	94354493	44	8	2	1	1	1	NA	NA	NA	unphased	0.831600831600832	0.831600831600832	1
1	107979285	107979286	29	9	1	1	0	1	NA	NA	NA	unphased	1.04338549075391	1.04338549075391	1
1	111490858	111490859	61	11	1	1	0	1	NA	NA	NA	unphased	0.673048048048048	0.673048048048048	1
1	111862948	111862949	43	7	1	1	0	1	NA	NA	NA	unphased	0.616756756756757	0.616756756756757	1
1	150936164	150936165	122	22	1.07	1	1	0.07	0	1	0.93	unphased	0.683742492492493	0.683742492492493	1
1	151491170	151491171	79	11	1.07	1	1	0.07	0	1	0.93	unphased	0.546993993993994	0.546993993993994	1
1	157514253	157514254	115	23	2	1	1	1	NA	NA	NA	unphased	0.900900900900901	0.900900900900901	1
1	158592799	158592800	161	26	2	1	1	1	NA	NA	NA	unphased	0.751553692730163	0.751553692730163	1
1	159904595	159904596	39	11	2	1	1	1	NA	NA	NA	unphased	1.18918918918919	1.18918918918919	1
1	160145927	160145928	187	44	2	1	1	1	NA	NA	NA	unphased	1.02960102960103	1.02960102960103	1
1	160388805	160388806	82	7	2	1	1	1	NA	NA	NA	unphased	0.425144245368964	0.425144245368964	1
1	163044312	163044313	104	30	2	1	1	1	NA	NA	NA	unphased	1.21016538926987	1.21016538926987	1
1	170508452	170508453	54	17	2	1	1	1	NA	NA	NA	unphased	1.29425199847735	1.29425199847735	1
1	173505040	173505041	21	8	2	1	1	1	NA	NA	NA	unphased	1.49114631873253	1.49114631873253	1
1	180235527	180235528	91	18	2	1	1	1	NA	NA	NA	unphased	0.892635755021076	0.892635755021076	1
1	185159729	185159730	35	5	2	1	1	1	NA	NA	NA	unphased	0.675675675675676	0.675675675675676	1
1	186282111	186282112	10	5	2	1	1	1	NA	NA	NA	unphased	1.8018018018018	1.8018018018018	1
1	190250869	190250870	26	8	2	1	1	1	NA	NA	NA	unphased	1.27186009538951	1.27186009538951	1
1	190423908	190423909	38	15	2	1	1	1	NA	NA	NA	unphased	1.52983171851096	1.52983171851096	1
1	205041260	205041261	93	25	2	1	1	1	NA	NA	NA	unphased	1.14521300961979	1.14521300961979	1
1	205770107	205770108	78	15	2	1	1	1	NA	NA	NA	unphased	0.871839581517001	0.871839581517001	1
1	205770160	205770161	63	6	2	1	1	1	NA	NA	NA	unphased	0.470035252643948	0.470035252643948	1
1	209800795	209800796	56	15	2	1	1	1	NA	NA	NA	unphased	1.14198705748002	1.14198705748002	1
1	209800895	209800896	55	7	2	1	1	1	NA	NA	NA	unphased	0.610287707061901	0.610287707061901	1
1	216074239	216074240	70	14	2	1	1	1	NA	NA	NA	unphased	0.900900900900901	0.900900900900901	1
1	223179118	223179119	58	11	2	1	1	1	NA	NA	NA	unphased	0.861731296513905	0.861731296513905	1
1	223284021	223284022	36	9	2	1	1	1	NA	NA	NA	unphased	1.08108108108108	1.08108108108108	1
1	223947029	223947030	65	16	2	1	1	1	NA	NA	NA	unphased	1.06773440106773	1.06773440106773	1
1	226736737	226736738	29	6	2	1	1	1	NA	NA	NA	unphased	0.926640926640927	0.926640926640927	1
1	227935789	227935790	46	8	2	1	1	1	NA	NA	NA	unphased	0.800800800800801	0.800800800800801	1
1	232600711	232600712	61	9	2	1	1	1	NA	NA	NA	unphased	0.694980694980695	0.694980694980695	1
1	232650268	232650269	58	15	2	1	1	1	NA	NA	NA	unphased	1.11069974083673	1.11069974083673	1
1	242042186	242042187	54	7	2	1	1	1	NA	NA	NA	unphased	0.620292423571112	0.620292423571112	1
1	247921078	247921079	34	10	2	1	1	1	NA	NA	NA	unphased	1.22850122850123	1.22850122850123	1
1	248128740	248128741	86	17	2	1	1	1	NA	NA	NA	unphased	0.892154290212543	0.892154290212543	1
1	248263047	248263048	205	32	2	1	1	1	NA	NA	NA	unphased	0.729843767818451	0.729843767818451	1
1	248487773	248487774	200	35	2	1	1	1	NA	NA	NA	unphased	0.805060379528465	0.805060379528465	1
10	1054954	1054955	44	11	2	1	1	1	NA	NA	NA	unphased	1.08108108108108	1.08108108108108	1
10	7774411	7774412	48	9	2	1	1	1	NA	NA	NA	unphased	0.85348506401138	0.85348506401138	1
10	17107536	17107537	118	25	2	1	1	1	NA	NA	NA	unphased	0.945000945000945	0.945000945000945	1
10	17127634	17127635	84	22	2	1	1	1	NA	NA	NA	unphased	1.12187659357471	1.12187659357471	1
10	24874817	24874818	126	22	2	1	1	0.17	1	1	0.83	unphased	0.803506208911614	0.803506208911614	1
10	25160955	25160956	173	29	2	1	1	0.17	1	1	0.83	unphased	0.776023548300776	0.776023548300776	1
10	27400897	27400898	56	12	2	1	1	0.17	1	1	0.83	unphased	0.95389507154213	0.95389507154213	1
10	37451601	37451602	36	6	2	1	1	0.17	1	1	0.83	unphased	0.772200772200772	0.772200772200772	1
10	43654290	43654291	25	16	2	1	1	0.17	1	1	0.83	unphased	2.1094264996704	2.1094264996704	1
10	48387840	48387841	65	44	2	2	0	1	NA	NA	NA	unphased	2.18199851227374	1.09099925613687	2
10	55566748	55566749	39	19	2	2	0	1	NA	NA	NA	unphased	1.77073625349487	0.885368126747437	2
10	69881810	69881811	36	4	1.01	2	0	0.01	0	1	0.99	unphased	0.441540540540541	0.441540540540541	1
10	85981617	85981618	75	30	3	2	1	1	NA	NA	NA	unphased	1.83011583011583	0.915057915057915	2
10	102027397	102027398	47	8	1	1	0	1	NA	NA	NA	unphased	0.640786240786241	0.640786240786241	1
10	108431073	108431074	45	4	1	1	0	1	NA	NA	NA	unphased	0.359624931053502	0.359624931053502	1
10	112262538	112262539	57	16	1	1	0	1	NA	NA	NA	unphased	0.965568308034061	0.965568308034061	1
11	1586975	1586976	188	48	2	1	1	0.17	1	1	0.83	unphased	1.099404489235	1.099404489235	1
11	4825076	4825077	105	19	2	1	1	1	NA	NA	NA	unphased	0.828247602441151	0.828247602441151	1
11	6048001	6048002	41	5	2	1	1	1	NA	NA	NA	unphased	0.587544065804935	0.587544065804935	1
11	6340296	6340297	163	37	2	1	1	1	NA	NA	NA	unphased	1	1	1
11	6789441	6789442	40	6	2	1	1	1	NA	NA	NA	unphased	0.705052878965922	0.705052878965922	1
11	7061015	7061016	72	19	2	1	1	1	NA	NA	NA	unphased	1.12860112860113	1.12860112860113	1
11	7530625	7530626	56	7	2	1	1	1	NA	NA	NA	unphased	0.600600600600601	0.600600600600601	1
11	7960867	7960868	80	18	2	1	1	1	NA	NA	NA	unphased	0.992829564258136	0.992829564258136	1
11	8118932	8118933	97	20	2	1	1	1	NA	NA	NA	unphased	0.924000924000924	0.924000924000924	1
11	9435901	9435902	60	10	2	1	1	1	NA	NA	NA	unphased	0.772200772200772	0.772200772200772	1
11	14490256	14490257	114	24	2	1	1	1	NA	NA	NA	unphased	0.940070505287897	0.940070505287897	1
11	18636919	18636920	90	28	2	1	1	1	NA	NA	NA	unphased	1.28263857077416	1.28263857077416	1
11	19256461	19256462	58	7	2	1	1	1	NA	NA	NA	unphased	0.582120582120582	0.582120582120582	1
11	36596256	36596257	76	33	3	2	1	1	NA	NA	NA	unphased	1.93925117778329	0.969625588891644	2
11	40136478	40136479	98	12	3	2	1	1	NA	NA	NA	unphased	0.698771498771499	0.698771498771499	1
11	43923243	43923244	66	16	3	2	1	1	NA	NA	NA	unphased	1.24983520105471	1.24983520105471	1
11	46400643	46400644	20	4	3	2	1	1	NA	NA	NA	unphased	1.06756756756757	1.06756756756757	1
11	46765525	46765526	40	16	3	2	1	1	NA	NA	NA	unphased	1.83011583011583	0.915057915057915	2
11	55606943	55606944	91	21	2	1	1	1	NA	NA	NA	unphased	1.01351351351351	1.01351351351351	1
11	55653613	55653614	27	6	2	1	1	1	NA	NA	NA	unphased	0.982800982800983	0.982800982800983	1
11	55659156	55659157	59	14	2	1	1	1	NA	NA	NA	unphased	1.03665309144761	1.03665309144761	1
11	56185578	56185579	52	13	2	1	1	1	NA	NA	NA	unphased	1.08108108108108	1.08108108108108	1
11	57093896	57093897	93	13	2	1	1	1	NA	NA	NA	unphased	0.662927078021418	0.662927078021418	1
11	57571237	57571238	23	13	2	1	1	1	NA	NA	NA	unphased	1.95195195195195	1.95195195195195	1
11	57971167	57971168	152	28	2	1	1	1	NA	NA	NA	unphased	0.840840840840841	0.840840840840841	1
11	58169946	58169947	48	8	2	1	1	1	NA	NA	NA	unphased	0.772200772200772	0.772200772200772	1
11	59132759	59132760	50	15	2	1	1	1	NA	NA	NA	unphased	1.24740124740125	1.24740124740125	1
11	60064755	60064756	44	11	2	1	1	1	NA	NA	NA	unphased	1.08108108108108	1.08108108108108	1
11	61669931	61669932	8	3	2	1	1	1	NA	NA	NA	unphased	1.47420147420147	1.47420147420147	1
11	61897856	61897857	159	29	2	1	1	1	NA	NA	NA	unphased	0.833812535940196	0.833812535940196	1
11	62384693	62384694	30	7	2	1	1	1	NA	NA	NA	unphased	1.02264426588751	1.02264426588751	1
11	64323536	64323537	87	27	2	1	1	1	NA	NA	NA	unphased	1.28022759601707	1.28022759601707	1
11	64497258	64497259	86	12	2	1	1	1	NA	NA	NA	unphased	0.66188637617209	0.66188637617209	1
11	65271487	65271488	6	3	2	1	1	1	NA	NA	NA	unphased	1.8018018018018	1.8018018018018	1
11	66999413	66999414	163	20	2	1	1	1	NA	NA	NA	unphased	0.590754689115345	0.590754689115345	1
11	73362917	73362918	23	3	2	1	1	1	NA	NA	NA	unphased	0.623700623700624	0.623700623700624	1
11	77387970	77387971	85	14	2	1	1	1	NA	NA	NA	unphased	0.764400764400764	0.764400764400764	1
11	77775381	77775382	26	3	2	1	1	1	NA	NA	NA	unphased	0.559179869524697	0.559179869524697	1
11	86161345	86161346	53	6	2	1	1	1	NA	NA	NA	unphased	0.549702244617499	0.549702244617499	1
11	86518869	86518870	69	14	2	1	1	1	NA	NA	NA	unphased	0.911755128622598	0.911755128622598	1
11	86519521	86519522	83	15	2	1	1	1	NA	NA	NA	unphased	0.827357970215113	0.827357970215113	1
11	86519736	86519737	108	20	2	1	1	1	NA	NA	NA	unphased	0.844594594594595	0.844594594594595	1
11	93212436	93212437	18	4	2	1	1	1	NA	NA	NA	unphased	0.982800982800983	0.982800982800983	1
11	113103054	113103055	34	9	2	1	1	1	NA	NA	NA	unphased	1.1313639220616	1.1313639220616	1
11	118516181	118516182	113	16	2	1	1	1	NA	NA	NA	unphased	0.670437879740205	0.670437879740205	1
11	119050773	119050774	52	12	2	1	1	1	NA	NA	NA	unphased	1.01351351351351	1.01351351351351	1
11	119216762	119216763	12	9	2	1	1	1	NA	NA	NA	unphased	2.31660231660232	2.31660231660232	1
11	123901120	123901121	59	17	1	1	0	1	NA	NA	NA	unphased	0.985419630156472	0.985419630156472	1
11	134095099	134095100	36	9	1	1	0	1	NA	NA	NA	unphased	0.881081081081081	0.881081081081081	1
12	3931141	3931142	70	5	4	4	0	1	NA	NA	NA	unphased	0.493693693693694	0.493693693693694	1
12	6933694	6933695	58	69	4	4	0	1	NA	NA	NA	unphased	4.02340923600766	1.00585230900192	4
12	6958875	6958876	117	15	4	4	0	1	NA	NA	NA	unphased	0.841523341523342	0.841523341523342	1
12	6959756	6959757	151	23	4	4	0	1	NA	NA	NA	unphased	0.978875427151289	0.978875427151289	1
12	20868182	20868183	70	19	2	2	0	0.19	1	1	0.81	unphased	1.15396295171576	1.15396295171576	1
12	27175542	27175543	111	10	2	2	0	0.19	1	1	0.81	unphased	0.446727719454992	0.551515703030855	0.81
12	49463532	49463533	51	4	1.11	1	1	0.11	1	0	0.89	unphased	0.32839312039312	0.32839312039312	1
12	49937247	49937248	74	17	1.11	1	1	0.11	1	0	0.89	unphased	0.843537273537273	0.843537273537273	1
12	52794403	52794404	43	10	1.11	1	1	0.11	1	0	0.89	unphased	0.851963284038756	0.851963284038756	1
12	53675381	53675382	109	19	1.11	1	1	0.11	1	0	0.89	unphased	0.670255489864865	0.670255489864865	1
12	54902241	54902242	156	43	1.11	1	1	0.11	1	0	0.89	unphased	0.975690615238354	0.975690615238354	1
12	54903726	54903727	110	30	1.11	1	1	0.11	1	0	0.89	unphased	0.967586872586873	0.967586872586873	1
12	56078929	56078930	39	8	1.11	1	1	0.11	1	0	0.89	unphased	0.76857964347326	0.76857964347326	1
12	56568528	56568529	69	19	1.11	1	1	0.11	1	0	0.89	unphased	0.974917076167076	0.974917076167076	1
12	56744635	56744636	110	32	1.11	1	1	0.11	1	0	0.89	unphased	1.01755614769699	1.01755614769699	1
12	64814187	64814188	49	8	1.11	1	1	0.11	1	0	0.89	unphased	0.633741109530583	0.633741109530583	1
12	70049168	70049169	143	31	1.11	1	1	0.11	1	0	0.89	unphased	0.804468779123952	0.804468779123952	1
12	70953249	70953250	174	31	1.11	1	1	0.11	1	0	0.89	unphased	0.682817402768622	0.682817402768622	1
12	73014930	73014931	30	9	1.11	1	1	0.11	1	0	0.89	unphased	1.04201663201663	1.04201663201663	1
12	77220738	77220739	37	12	1.11	1	1	0.11	1	0	0.89	unphased	1.10581356867071	1.10581356867071	1
12	78542678	78542679	26	5	1.11	1	1	0.11	1	0	0.89	unphased	0.728291194420227	0.728291194420227	1
12	80749667	80749668	126	20	1.11	1	1	0.11	1	0	0.89	unphased	0.618548685671973	0.618548685671973	1
12	83081327	83081328	5	4	1.11	1	1	0.11	1	0	0.89	unphased	2.00684684684685	2.00684684684685	1
12	101680112	101680113	114	22	2	1	1	1	NA	NA	NA	unphased	0.874403815580286	0.874403815580286	1
12	102056295	102056296	51	10	2	1	1	1	NA	NA	NA	unphased	0.886132033673017	0.886132033673017	1
12	108589969	108589970	41	7	2	1	1	1	NA	NA	NA	unphased	0.788288288288288	0.788288288288288	1
12	109281255	109281256	324	71	2	1	1	1	NA	NA	NA	unphased	0.971604515908313	0.971604515908313	1
12	109577848	109577849	60	9	2	1	1	1	NA	NA	NA	unphased	0.705052878965922	0.705052878965922	1
12	109605754	109605755	67	15	2	1	1	1	NA	NA	NA	unphased	0.988793671720501	0.988793671720501	1
12	110205818	110205819	57	5	2	1	1	1	NA	NA	NA	unphased	0.4359197907585	0.4359197907585	1
12	111746322	111746323	9	3	2	1	1	1	NA	NA	NA	unphased	1.35135135135135	1.35135135135135	1
12	111785782	111785783	100	20	2	1	1	1	NA	NA	NA	unphased	0.900900900900901	0.900900900900901	1
12	113346584	113346585	107	21	2	1	1	1	NA	NA	NA	unphased	0.886824324324324	0.886824324324324	1
12	133732360	133732361	56	12	2	1	1	0.14	1	1	0.86	unphased	0.95389507154213	0.95389507154213	1
13	32759230	32759231	57	22	1	1	0	1	NA	NA	NA	unphased	1.22682175846733	1.22682175846733	1
13	40175075	40175076	106	29	1	1	0	1	NA	NA	NA	unphased	0.946346346346346	0.946346346346346	1
13	47409682	47409683	40	10	1	1	0	1	NA	NA	NA	unphased	0.881081081081081	0.881081081081081	1
13	48941647	48941648	31	7	1	1	0	1	NA	NA	NA	unphased	0.811522048364154	0.811522048364154	1
13	61102519	61102520	53	23	1	1	0	1	NA	NA	NA	unphased	1.33321479374111	1.33321479374111	1
13	70514368	70514369	8	7	1.29	2	0	0.29	1	0	0.71	unphased	2.19118918918919	1.69859627068929	1.29
14	22090518	22090519	91	23	2	1	1	1	NA	NA	NA	unphased	1.09056424845899	1.09056424845899	1
14	22102489	22102490	91	19	2	1	1	1	NA	NA	NA	unphased	0.933660933660934	0.933660933660934	1
14	23549501	23549502	64	5	2	1	1	1	NA	NA	NA	unphased	0.391696043869957	0.391696043869957	1
14	24800262	24800263	48	14	2	1	1	1	NA	NA	NA	unphased	1.2205754141238	1.2205754141238	1
14	24879334	24879335	92	12	2	1	1	1	NA	NA	NA	unphased	0.623700623700624	0.623700623700624	1
14	36096677	36096678	79	13	2	1	1	1	NA	NA	NA	unphased	0.763807285546416	0.763807285546416	1
14	50792414	50792415	75	15	2	1	1	1	NA	NA	NA	unphased	0.900900900900901	0.900900900900901	1
14	60212987	60212988	50	8	2	1	1	1	NA	NA	NA	unphased	0.745573159366263	0.745573159366263	1
14	61346527	61346528	33	6	2	1	1	1	NA	NA	NA	unphased	0.831600831600832	0.831600831600832	1
14	64518589	64518590	101	24	2	1	1	1	NA	NA	NA	unphased	1.03783783783784	1.03783783783784	1
14	65258478	65258479	52	18	2	1	1	1	NA	NA	NA	unphased	1.38996138996139	1.38996138996139	1
14	89110775	89110776	28	13	2	1	1	1	NA	NA	NA	unphased	1.7139090309822	1.7139090309822	1
14	93043733	93043734	192	39	2	1	1	1	NA	NA	NA	unphased	0.912600912600913	0.912600912600913	1
14	100612929	100612930	20	6	2	1	1	1	NA	NA	NA	unphased	1.24740124740125	1.24740124740125	1
14	103174864	103174865	186	49	2	1	1	1	NA	NA	NA	unphased	1.12708453133985	1.12708453133985	1
14	105407437	105407438	66	14	2	1	1	1	NA	NA	NA	unphased	0.945945945945946	0.945945945945946	1
14	105417962	105417963	171	37	2	1	1	1	NA	NA	NA	unphased	0.961538461538462	0.961538461538462	1
14	106667698	106667699	163	40	NA	NA	NA	NA	NA	NA	NA	unphased	NA	NA	1
14	106667699	106667700	162	40	NA	NA	NA	NA	NA	NA	NA	unphased	NA	NA	1
15	24923250	24923251	108	30	1	1	0	1	NA	NA	NA	unphased	0.957696827262045	0.957696827262045	1
15	25321095	25321096	48	10	1	1	0	1	NA	NA	NA	unphased	0.75955265610438	0.75955265610438	1
15	25475818	25475819	13	4	1	1	0	1	NA	NA	NA	unphased	1.03656597774245	1.03656597774245	1
15	42110390	42110391	42	14	1	1	0	1	NA	NA	NA	unphased	1.10135135135135	1.10135135135135	1
15	50158644	50158645	50	8	2	1	1	1	NA	NA	NA	unphased	0.745573159366263	0.745573159366263	1
15	54015105	54015106	53	10	2	1	1	1	NA	NA	NA	unphased	0.858000858000858	0.858000858000858	1
15	55652657	55652658	155	30	2	1	1	1	NA	NA	NA	unphased	0.876552227903579	0.876552227903579	1
15	65257783	65257784	60	10	2	1	1	1	NA	NA	NA	unphased	0.772200772200772	0.772200772200772	1
15	68118508	68118509	88	25	2	1	1	1	NA	NA	NA	unphased	1.19588615163836	1.19588615163836	1
15	69548499	69548500	134	29	2	1	1	1	NA	NA	NA	unphased	0.961697894213232	0.961697894213232	1
15	69714377	69714378	45	10	2	1	1	1	NA	NA	NA	unphased	0.982800982800983	0.982800982800983	1
15	74467374	74467375	88	9	2	1	1	1	NA	NA	NA	unphased	0.501532460295347	0.501532460295347	1
15	80191380	80191381	48	6	2	1	1	1	NA	NA	NA	unphased	0.600600600600601	0.600600600600601	1
15	82512142	82512143	33	6	2	1	1	1	NA	NA	NA	unphased	0.831600831600832	0.831600831600832	1
15	100331235	100331236	131	30	2	1	1	1	NA	NA	NA	unphased	1.00721839852275	1.00721839852275	1
16	716785	716786	72	13	2	1	1	1	NA	NA	NA	unphased	0.82670906200318	0.82670906200318	1
16	1836629	1836630	67	19	2	1	1	1	NA	NA	NA	unphased	1.19421747328724	1.19421747328724	1
16	2882063	2882064	101	22	2	1	1	1	NA	NA	NA	unphased	0.966820479015601	0.966820479015601	1
16	3299705	3299706	38	5	2	1	1	1	NA	NA	NA	unphased	0.628535512256442	0.628535512256442	1
16	11154877	11154878	119	7	2	1	1	1	NA	NA	NA	unphased	0.3003003003003	0.3003003003003	1
16	20410608	20410609	100	15	2	1	1	1	NA	NA	NA	unphased	0.705052878965922	0.705052878965922	1
16	27476848	27476849	16	4	2	1	1	1	NA	NA	NA	unphased	1.08108108108108	1.08108108108108	1
16	28905507	28905508	43	10	2	1	1	1	NA	NA	NA	unphased	1.01988781234064	1.01988781234064	1
16	30732230	30732231	81	16	1	1	0	1	NA	NA	NA	unphased	0.726664809139036	0.726664809139036	1
16	31123200	31123201	68	25	1	1	0	1	NA	NA	NA	unphased	1.18424876489393	1.18424876489393	1
16	34739786	34739787	32	5	4	4	0	1	NA	NA	NA	unphased	1.00073046018992	1.00073046018992	1
16	49412470	49412471	15	3	2	1	1	1	NA	NA	NA	unphased	0.900900900900901	0.900900900900901	1
16	53499460	53499461	25	10	2	1	1	1	NA	NA	NA	unphased	1.54440154440154	1.54440154440154	1
16	54965311	54965312	39	14	2	1	1	1	NA	NA	NA	unphased	1.4278429372769	1.4278429372769	1
16	57741585	57741586	27	7	2	1	1	1	NA	NA	NA	unphased	1.11287758346582	1.11287758346582	1
16	58073876	58073877	49	11	2	1	1	1	NA	NA	NA	unphased	0.990990990990991	0.990990990990991	1
16	58073904	58073905	53	13	2	1	1	1	NA	NA	NA	unphased	1.06470106470106	1.06470106470106	1
16	61891030	61891031	58	16	2	1	1	1	NA	NA	NA	unphased	1.16873630387144	1.16873630387144	1
16	67034822	67034823	31	11	2	1	1	1	NA	NA	NA	unphased	1.41570141570142	1.41570141570142	1
16	67100644	67100645	26	12	2	1	1	1	NA	NA	NA	unphased	1.70697012802276	1.70697012802276	1
16	72923796	72923797	36	5	2	1	1	1	NA	NA	NA	unphased	0.659195781147001	0.659195781147001	1
16	75204098	75204099	43	9	2	1	1	1	NA	NA	NA	unphased	0.935550935550935	0.935550935550935	1
16	84203766	84203767	74	20	2	1	1	0.16	1	1	0.84	unphased	1.15008625646924	1.15008625646924	1
16	88061221	88061222	113	26	2	1	1	0.16	1	1	0.84	unphased	1.01108302547151	1.01108302547151	1
16	90103783	90103784	29	4	2	1	1	0.16	1	1	0.84	unphased	0.655200655200655	0.655200655200655	1
17	3773177	3773178	25	7	1	1	0	1	NA	NA	NA	unphased	0.963682432432432	0.963682432432432	1
17	4269660	4269661	12	5	1	1	0	1	NA	NA	NA	unphased	1.29570747217806	1.29570747217806	1
17	7578205	7578206	28	7	1	1	0	1	NA	NA	NA	unphased	0.881081081081081	0.881081081081081	1
17	15215748	15215749	41	13	1	1	0	1	NA	NA	NA	unphased	1.06056056056056	1.06056056056056	1
17	28004697	28004698	56	7	1	1	0	1	NA	NA	NA	unphased	0.489489489489489	0.489489489489489	1
17	29113017	29113018	66	26	1	1	0	1	NA	NA	NA	unphased	1.24500587544066	1.24500587544066	1
17	34249613	34249614	49	18	1	1	0	1	NA	NA	NA	unphased	1.18354175070593	1.18354175070593	1
17	37627862	37627863	139	39	1	1	0	1	NA	NA	NA	unphased	0.965229274218038	0.965229274218038	1
17	38340571	38340572	101	27	1	1	0	1	NA	NA	NA	unphased	0.929265202702703	0.929265202702703	1
17	39034617	39034618	35	6	1	1	0	1	NA	NA	NA	unphased	0.644693473961767	0.644693473961767	1
17	43321327	43321328	88	25	1	1	0	1	NA	NA	NA	unphased	0.974647213585267	0.974647213585267	1
17	45299063	45299064	102	41	2	2	0	1	NA	NA	NA	unphased	1.54980154980155	0.774900774900775	2
17	58524823	58524824	10	10	2	2	0	1	NA	NA	NA	unphased	2.7027027027027	1.35135135135135	2
17	62036787	62036788	12	9	2	2	0	1	NA	NA	NA	unphased	2.31660231660232	1.15830115830116	2
17	62291361	62291362	131	101	2	2	0	1	NA	NA	NA	unphased	2.35321528424977	1.17660764212488	2
17	73951965	73951966	95	43	2	2	0	1	NA	NA	NA	unphased	1.68429298864081	0.842146494320407	2
17	74878390	74878391	17	4	2	2	0	1	NA	NA	NA	unphased	1.02960102960103	1.02960102960103	1
17	79225349	79225350	25	3	2	2	0	1	NA	NA	NA	unphased	0.579150579150579	0.579150579150579	1
18	581006	581007	16	4	2	1	1	1	NA	NA	NA	unphased	1.08108108108108	1.08108108108108	1
18	12963339	12963340	84	17	2	1	1	1	NA	NA	NA	unphased	0.90982071180091	0.90982071180091	1
18	24436216	24436217	217	30	2	1	1	1	NA	NA	NA	unphased	0.656526972316446	0.656526972316446	1
18	29116258	29116259	45	7	2	1	1	1	NA	NA	NA	unphased	0.727650727650728	0.727650727650728	1
18	33785105	33785106	77	13	2	1	1	1	NA	NA	NA	unphased	0.780780780780781	0.780780780780781	1
18	40853612	40853613	24	7	2	1	1	1	NA	NA	NA	unphased	1.2205754141238	1.2205754141238	1
18	47788483	47788484	69	17	2	1	1	1	NA	NA	NA	unphased	1.06851037083595	1.06851037083595	1
18	48450466	48450467	44	5	2	1	1	1	NA	NA	NA	unphased	0.551571980143409	0.551571980143409	1
18	54424248	54424249	121	19	2	1	1	1	NA	NA	NA	unphased	0.733590733590734	0.733590733590734	1
18	64211990	64211991	12	3	2	1	1	1	NA	NA	NA	unphased	1.08108108108108	1.08108108108108	1
18	65178877	65178878	56	12	2	1	1	1	NA	NA	NA	unphased	0.95389507154213	0.95389507154213	1
18	70450915	70450916	68	18	2	1	1	1	NA	NA	NA	unphased	1.1313639220616	1.1313639220616	1
18	76754396	76754397	36	9	2	1	1	1	NA	NA	NA	unphased	1.08108108108108	1.08108108108108	1
19	2191193	2191194	76	19	1	1	0	1	NA	NA	NA	unphased	0.881081081081081	0.881081081081081	1
19	5744496	5744497	59	8	2	1	1	0.11	1	1	0.89	unphased	0.645421540943929	0.645421540943929	1
19	6427162	6427163	19	5	2	1	1	0.11	1	1	0.89	unphased	1.12612612612613	1.12612612612613	1
19	7707915	7707916	98	20	2	1	1	0.11	1	1	0.89	unphased	0.916170407695831	0.916170407695831	1
19	7913953	7913954	22	8	2	1	1	0.11	1	1	0.89	unphased	1.44144144144144	1.44144144144144	1
19	9266681	9266682	63	7	2	1	1	0.11	1	1	0.89	unphased	0.540540540540541	0.607348921955664	0.89
19	10084475	10084476	117	27	2	1	1	0.11	1	1	0.89	unphased	1.01351351351351	1.01351351351351	1
19	10670311	10670312	60	11	2	1	1	0.11	1	1	0.89	unphased	0.837457175485344	0.837457175485344	1
19	11657703	11657704	118	22	2	1	1	0.11	1	1	0.89	unphased	0.849420849420849	0.849420849420849	1
19	12800978	12800979	22	8	2	1	1	0.11	1	1	0.89	unphased	1.44144144144144	1.44144144144144	1
19	15989666	15989667	56	13	2	1	1	0.11	1	1	0.89	unphased	1.01840971406189	1.01840971406189	1
19	16000390	16000391	147	24	2	1	1	0.11	1	1	0.89	unphased	0.758653390232338	0.758653390232338	1
19	18279300	18279301	19	3	2	1	1	0.11	1	1	0.89	unphased	0.737100737100737	0.737100737100737	1
19	18898380	18898381	214	39	2	1	1	0.11	1	1	0.89	unphased	0.833244311505181	0.833244311505181	1
19	32844762	32844763	105	23	2	1	1	0.11	1	1	0.89	unphased	0.971283783783784	0.971283783783784	1
19	35761677	35761678	98	15	2	1	1	0.11	1	1	0.89	unphased	0.717531690983018	0.717531690983018	1
19	36271187	36271188	56	12	2	1	1	1	NA	NA	NA	unphased	0.95389507154213	0.95389507154213	1
19	36333121	36333122	27	3	2	1	1	1	NA	NA	NA	unphased	0.540540540540541	0.540540540540541	1
19	36964322	36964323	58	10	2	1	1	0.12	1	1	0.88	unphased	0.794912559618442	0.794912559618442	1
19	37005825	37005826	72	13	2	1	1	0.12	1	1	0.88	unphased	0.82670906200318	0.82670906200318	1
19	39002748	39002749	45	13	2	1	1	0.12	1	1	0.88	unphased	1.21155638397018	1.21155638397018	1
19	39232499	39232500	35	4	2	1	1	0.12	1	1	0.88	unphased	0.554400554400554	0.554400554400554	1
19	39336581	39336582	125	33	2	1	1	0.12	1	1	0.88	unphased	1.12897707834417	1.12897707834417	1
19	39361500	39361501	123	30	2	1	1	0.12	1	1	0.88	unphased	1.05988341282459	1.05988341282459	1
19	41822565	41822566	45	8	2	1	1	0.12	1	1	0.88	unphased	0.815910249872514	0.815910249872514	1
19	41822590	41822591	39	12	2	1	1	0.12	1	1	0.88	unphased	1.27186009538951	1.27186009538951	1
19	43093624	43093625	122	26	2	1	1	0.12	1	1	0.88	unphased	0.949598246895544	0.949598246895544	1
19	43857889	43857890	105	23	1.07	1	1	0.07	0	1	0.93	unphased	0.804174408783784	0.804174408783784	1
19	43968597	43968598	44	14	1.07	1	1	0.07	0	1	0.93	unphased	1.08027027027027	1.08027027027027	1
19	43969650	43969651	141	29	1.07	1	1	0.07	0	1	0.93	unphased	0.763451510333863	0.763451510333863	1
19	44352365	44352366	37	13	1.07	1	1	0.07	0	1	0.93	unphased	1.16360540540541	1.16360540540541	1
19	44377966	44377967	44	10	1.07	1	1	0.07	0	1	0.93	unphased	0.828778778778779	0.828778778778779	1
19	44777470	44777471	22	7	1.07	1	1	0.07	0	1	0.93	unphased	1.08027027027027	1.08027027027027	1
19	45853977	45853978	20	3	1.07	1	1	0.07	0	1	0.93	unphased	0.583748531139835	0.583748531139835	1
19	48558171	48558172	114	32	1.07	1	1	0.07	0	1	0.93	unphased	0.980910773787486	0.980910773787486	1
19	54687463	54687464	79	18	1.07	1	1	0.07	0	1	0.93	unphased	0.830487601003065	0.830487601003065	1
19	54745453	54745454	76	19	1.07	1	1	0.07	0	1	0.93	unphased	0.895081081081081	0.895081081081081	1
19	55106388	55106389	86	20	1.07	1	1	0.07	0	1	0.93	unphased	0.844416114227435	0.844416114227435	1
19	55697698	55697699	73	13	1.07	1	1	0.07	0	1	0.93	unphased	0.676514770584538	0.676514770584538	1
19	56424492	56424493	128	28	1.07	1	1	0.07	0	1	0.93	unphased	0.803277893277893	0.803277893277893	1
2	7179869	7179870	103	15	3.08	4	1	0.52	1	0	0.48	unphased	0.824415941365094	0.824415941365094	1
2	15557805	15557806	52	6	3.08	4	1	0.52	1	0	0.48	unphased	0.670904007455732	0.670904007455732	1
2	17947869	17947870	87	10	3.08	4	1	0.52	1	0	0.48	unphased	0.668598495402619	0.668598495402619	1
2	24245691	24245692	19	3	2	1	1	1	NA	NA	NA	unphased	0.737100737100737	0.737100737100737	1
2	26022311	26022312	128	26	2	1	1	1	NA	NA	NA	unphased	0.912600912600913	0.912600912600913	1
2	27157590	27157591	218	59	2	1	1	1	NA	NA	NA	unphased	1.15133183725241	1.15133183725241	1
2	33487833	33487834	40	11	2	1	1	1	NA	NA	NA	unphased	1.16587175410705	1.16587175410705	1
2	50149204	50149205	66	12	2	1	1	1	NA	NA	NA	unphased	0.831600831600832	0.831600831600832	1
2	55795489	55795490	20	6	1.09	1	1	0.09	1	0	0.91	unphased	1.03740124740125	1.03740124740125	1
2	64327569	64327570	71	10	1.09	1	1	0.09	1	0	0.91	unphased	0.554988321654988	0.554988321654988	1
2	67631525	67631526	43	11	1.09	1	1	0.09	1	0	0.91	unphased	0.915730730730731	0.915730730730731	1
2	71160167	71160168	59	4	2	1	1	1	NA	NA	NA	unphased	0.343200343200343	0.343200343200343	1
2	74307631	74307632	19	5	2	1	1	1	NA	NA	NA	unphased	1.12612612612613	1.12612612612613	1
2	74709823	74709824	90	23	2	1	1	1	NA	NA	NA	unphased	1.10021525950729	1.10021525950729	1
2	74753820	74753821	25	9	2	1	1	1	NA	NA	NA	unphased	1.4308426073132	1.4308426073132	1
2	96012823	96012824	21	7	2	1	1	1	NA	NA	NA	unphased	1.35135135135135	1.35135135135135	1
2	103299842	103299843	69	11	2	1	1	1	NA	NA	NA	unphased	0.743243243243243	0.743243243243243	1
2	107423095	107423096	73	14	2	1	1	1	NA	NA	NA	unphased	0.869835352593973	0.869835352593973	1
2	107459952	107459953	172	39	2	1	1	1	NA	NA	NA	unphased	0.999103368771615	0.999103368771615	1
2	120677690	120677691	49	11	2	1	1	1	NA	NA	NA	unphased	0.990990990990991	0.990990990990991	1
2	132021805	132021806	419	29	2	1	1	1	NA	NA	NA	unphased	0.349903474903475	0.349903474903475	1
2	139428705	139428706	31	5	2	1	1	1	NA	NA	NA	unphased	0.750750750750751	0.750750750750751	1
2	141777603	141777604	73	14	2	1	1	1	NA	NA	NA	unphased	0.869835352593973	0.869835352593973	1
2	165584494	165584495	30	10	1.1	1	1	0.1	1	0	0.9	unphased	1.12635135135135	1.12635135135135	1
2	169783769	169783770	81	19	1.1	1	1	0.1	1	0	0.9	unphased	0.856027027027027	0.856027027027027	1
2	177036244	177036245	50	10	1.1	1	1	0.1	1	0	0.9	unphased	0.750900900900901	0.750900900900901	1
2	178482908	178482909	119	19	1.1	1	1	0.1	1	0	0.9	unphased	0.620309439874657	0.620309439874657	1
2	179397103	179397104	46	14	1.1	1	1	0.1	1	0	0.9	unphased	1.05126126126126	1.05126126126126	1
2	179484602	179484603	48	7	1.1	1	1	0.1	1	0	0.9	unphased	0.573415233415233	0.573415233415233	1
2	179591862	179591863	83	13	1.1	1	1	0.1	1	0	0.9	unphased	0.610106981981982	0.610106981981982	1
2	179598040	179598041	50	14	1.1	1	1	0.1	1	0	0.9	unphased	0.985557432432432	0.985557432432432	1
2	179629289	179629290	93	22	1.1	1	1	0.1	1	0	0.9	unphased	0.861903642773208	0.861903642773208	1
2	179664213	179664214	57	15	1.1	1	1	0.1	1	0	0.9	unphased	0.938626126126126	0.938626126126126	1
2	186671910	186671911	79	13	1.11	1	1	0.11	1	0	0.89	unphased	0.638046415981199	0.638046415981199	1
2	186673296	186673297	10	4	1.11	1	1	0.11	1	0	0.89	unphased	1.29011583011583	1.29011583011583	1
2	190324064	190324065	40	8	1.11	1	1	0.11	1	0	0.89	unphased	0.752567567567568	0.752567567567568	1
2	190554260	190554261	52	8	1.11	1	1	0.11	1	0	0.89	unphased	0.602054054054054	0.602054054054054	1
2	190554341	190554342	55	12	1.11	1	1	0.11	1	0	0.89	unphased	0.808729326341267	0.808729326341267	1
2	210557511	210557512	52	11	1.11	1	1	0.11	1	0	0.89	unphased	0.788404118404119	0.788404118404119	1
2	210640632	210640633	107	21	1.11	1	1	0.11	1	0	0.89	unphased	0.740808699324324	0.740808699324324	1
2	216190857	216190858	74	11	2	1	1	1	NA	NA	NA	unphased	0.699523052464229	0.699523052464229	1
2	223085033	223085034	92	20	2	1	1	1	NA	NA	NA	unphased	0.965250965250965	0.965250965250965	1
2	228173698	228173699	53	8	2	1	1	1	NA	NA	NA	unphased	0.708905626938414	0.708905626938414	1
2	231118126	231118127	52	9	2	1	1	1	NA	NA	NA	unphased	0.797518830305716	0.797518830305716	1
2	233243768	233243769	147	37	2	1	1	1	NA	NA	NA	unphased	1.08695652173913	1.08695652173913	1
2	233995248	233995249	30	7	2	1	1	1	NA	NA	NA	unphased	1.02264426588751	1.02264426588751	1
2	234173736	234173737	98	12	2	1	1	1	NA	NA	NA	unphased	0.58968058968059	0.58968058968059	1
2	238275417	238275418	148	19	2	1	1	0.11	1	1	0.89	unphased	0.614986243728759	0.690995779470515	0.89
2	238672050	238672051	33	5	2	1	1	0.11	1	1	0.89	unphased	0.711237553342816	0.711237553342816	1
2	242035851	242035852	66	8	2	1	1	0.11	1	1	0.89	unphased	0.58436815193572	0.58436815193572	1
2	242176090	242176091	100	24	2	1	1	0.11	1	1	0.89	unphased	1.0462074978204	1.0462074978204	1
20	76785	76786	119	17	2	1	1	1	NA	NA	NA	unphased	0.675675675675676	0.675675675675676	1
20	947901	947902	93	20	2	1	1	1	NA	NA	NA	unphased	0.956708921310691	0.956708921310691	1
20	2378635	2378636	73	8	2	1	1	1	NA	NA	NA	unphased	0.533867200533867	0.533867200533867	1
20	17931013	17931014	19	6	3	2	1	1	NA	NA	NA	unphased	1.5372972972973	1.5372972972973	1
20	18453544	18453545	23	3	3	2	1	1	NA	NA	NA	unphased	0.739085239085239	0.739085239085239	1
20	18474639	18474640	60	8	3	2	1	1	NA	NA	NA	unphased	0.753577106518283	0.753577106518283	1
20	25394483	25394484	58	7	3	2	1	1	NA	NA	NA	unphased	0.68981288981289	0.68981288981289	1
20	30954243	30954244	50	10	2	1	1	1	NA	NA	NA	unphased	0.900900900900901	0.900900900900901	1
20	30954249	30954250	49	10	2	1	1	1	NA	NA	NA	unphased	0.916170407695831	0.916170407695831	1
20	32212756	32212757	55	17	2	1	1	1	NA	NA	NA	unphased	1.27627627627628	1.27627627627628	1
20	34092673	34092674	64	25	2	1	1	1	NA	NA	NA	unphased	1.51837230488916	1.51837230488916	1
20	35651060	35651061	62	8	2	1	1	1	NA	NA	NA	unphased	0.617760617760618	0.617760617760618	1
20	60937563	60937564	26	4	2.74	2	1	0.74	1	1	0.26	unphased	0.819387387387387	0.819387387387387	1
20	61341035	61341036	102	41	2.74	2	1	0.74	1	1	0.26	unphased	1.76196938196938	1.0126260815916	1.74
20	62194338	62194339	14	7	2.74	2	1	0.74	1	1	0.26	unphased	2.04846846846847	1.17728072900487	1.74
21	18931437	18931438	87	6	2	1	1	1	NA	NA	NA	unphased	0.3487358326068	0.3487358326068	1
21	27130365	27130366	46	9	2	1	1	1	NA	NA	NA	unphased	0.884520884520885	0.884520884520885	1
21	43912885	43912886	53	15	2	1	1	1	NA	NA	NA	unphased	1.19236883942766	1.19236883942766	1
21	45212562	45212563	122	22	2	1	1	1	NA	NA	NA	unphased	0.825825825825826	0.825825825825826	1
21	45994837	45994838	76	9	2	1	1	1	NA	NA	NA	unphased	0.572337042925278	0.572337042925278	1
21	48083428	48083429	52	14	2	1	1	1	NA	NA	NA	unphased	1.14660114660115	1.14660114660115	1
22	21988757	21988758	91	19	2	1	1	0.1	1	1	0.9	unphased	0.933660933660934	0.933660933660934	1
22	22868422	22868423	72	17	2	1	1	0.1	1	1	0.9	unphased	1.03249316732463	1.03249316732463	1
22	23742451	23742452	35	10	2	1	1	0.1	1	1	0.9	unphased	1.2012012012012	1.2012012012012	1
22	32894376	32894377	80	20	2	1	1	0.11	1	1	0.89	unphased	1.08108108108108	1.08108108108108	1
22	37697020	37697021	25	9	2	1	1	0.11	1	1	0.89	unphased	1.4308426073132	1.4308426073132	1
22	38155423	38155424	177	47	2	1	1	0.11	1	1	0.89	unphased	1.13416988416988	1.13416988416988	1
22	38875651	38875652	143	39	2	1	1	0.11	1	1	0.89	unphased	1.15830115830116	1.15830115830116	1
22	42154455	42154456	36	9	2	1	1	0.11	1	1	0.89	unphased	1.08108108108108	1.08108108108108	1
22	42415715	42415716	109	22	2	1	1	0.11	1	1	0.89	unphased	0.907778007014648	0.907778007014648	1
22	44286964	44286965	33	5	2	1	1	0.11	1	1	0.89	unphased	0.711237553342816	0.711237553342816	1
22	44602295	44602296	54	9	2	1	1	0.11	1	1	0.89	unphased	0.772200772200772	0.772200772200772	1
22	46654880	46654881	65	8	2	1	1	0.11	1	1	0.89	unphased	0.592373195112921	0.592373195112921	1
22	50167854	50167855	260	48	2	1	1	0.11	1	1	0.89	unphased	0.842400842400842	0.842400842400842	1
22	50854517	50854518	67	21	2	1	1	0.11	1	1	0.89	unphased	1.28992628992629	1.28992628992629	1
22	50941793	50941794	20	5	2	1	1	0.11	1	1	0.89	unphased	1.08108108108108	1.08108108108108	1
22	50943123	50943124	96	13	2	1	1	0.11	1	1	0.89	unphased	0.644681378626333	0.644681378626333	1
22	51065260	51065261	225	45	2	1	1	0.11	1	1	0.89	unphased	0.900900900900901	0.900900900900901	1
3	4842121	4842122	86	18	2	2	0	1	NA	NA	NA	unphased	0.935550935550935	0.935550935550935	1
3	9859400	9859401	108	26	2	2	0	1	NA	NA	NA	unphased	1.04881000403388	1.04881000403388	1
3	15094953	15094954	35	4	2	2	0	1	NA	NA	NA	unphased	0.554400554400554	0.554400554400554	1
3	33415165	33415166	68	12	2	2	0	1	NA	NA	NA	unphased	0.810810810810811	0.810810810810811	1
3	36570386	36570387	19	5	2	2	0	1	NA	NA	NA	unphased	1.12612612612613	1.12612612612613	1
3	36759578	36759579	124	69	2	2	0	1	NA	NA	NA	unphased	1.93250245063717	0.966251225318583	2
3	48451013	48451014	65	32	2	2	0	1	NA	NA	NA	unphased	1.78322652549457	0.891613262747283	2
3	48465681	48465682	6	3	2	2	0	1	NA	NA	NA	unphased	1.8018018018018	1.8018018018018	1
3	48474308	48474309	112	22	2	2	0	1	NA	NA	NA	unphased	0.887454618797902	0.887454618797902	1
3	49002407	49002408	28	5	2	2	0	1	NA	NA	NA	unphased	0.819000819000819	0.819000819000819	1
3	49153278	49153279	63	15	2	2	0	1	NA	NA	NA	unphased	1.03950103950104	1.03950103950104	1
3	49760141	49760142	31	4	2	2	0	1	NA	NA	NA	unphased	0.617760617760618	0.617760617760618	1
3	49940021	49940022	205	48	2	2	0	1	NA	NA	NA	unphased	1.02553146031407	1.02553146031407	1
3	49940928	49940929	129	27	2	2	0	1	NA	NA	NA	unphased	0.935550935550935	0.935550935550935	1
3	51981790	51981791	72	16	1	1	0	1	NA	NA	NA	unphased	0.800982800982801	0.800982800982801	1
3	52090118	52090119	17	3	1	1	0	1	NA	NA	NA	unphased	0.660810810810811	0.660810810810811	1
3	52524107	52524108	30	6	1	1	0	1	NA	NA	NA	unphased	0.734234234234234	0.734234234234234	1
3	62388833	62388834	23	11	1	1	0	1	NA	NA	NA	unphased	1.42527821939587	1.42527821939587	1
3	97662146	97662147	26	7	2.74	3	1	0.37	1	1	0.63	unphased	1.30357084357084	1.30357084357084	1
3	97983703	97983704	26	5	2.74	3	1	0.37	1	1	0.63	unphased	0.991194420226678	0.991194420226678	1
3	97983705	97983706	29	5	2.74	3	1	0.37	1	1	0.63	unphased	0.903736089030207	0.903736089030207	1
3	98307584	98307585	61	17	2.74	3	1	0.37	1	1	0.63	unphased	1.33938322938323	1.33938322938323	1
3	99897172	99897173	39	10	2.74	3	1	0.37	1	1	0.63	unphased	1.25416436845008	1.25416436845008	1
3	100963562	100963563	68	11	2.74	3	1	0.37	1	1	0.63	unphased	0.855689360246322	0.855689360246322	1
3	111286403	111286404	19	14	1.45	3	1	0.15	1	0	0.85	unphased	2.05986895986896	0.958078585985563	2.15
3	113378876	113378877	116	14	1.45	3	1	0.15	1	0	0.85	unphased	0.522889812889813	0.522889812889813	1
3	113513769	113513770	152	9	1.45	3	1	0.15	1	0	0.85	unphased	0.271420177941917	0.271420177941917	1
3	119120993	119120994	202	24	1.45	3	1	0.15	1	0	0.85	unphased	0.515618273140397	0.515618273140397	1
3	124536490	124536491	33	4	1.45	3	1	0.15	1	0	0.85	unphased	0.52490869247626	0.52490869247626	1
3	124567238	124567239	214	26	1.45	3	1	0.15	1	0	0.85	unphased	0.526002252252252	0.526002252252252	1
3	125833398	125833399	96	11	1.45	3	1	0.15	1	0	0.85	unphased	0.49915382672392	0.49915382672392	1
3	126071644	126071645	14	3	1.45	3	1	0.15	1	0	0.85	unphased	0.856836248012719	0.856836248012719	1
3	126071673	126071674	19	5	1.45	3	1	0.15	1	0	0.85	unphased	1.01154279279279	1.01154279279279	1
3	127642838	127642839	80	8	1.45	3	1	0.15	1	0	0.85	unphased	0.441400491400491	0.441400491400491	1
3	128181853	128181854	173	18	1.45	3	1	0.15	1	0	0.85	unphased	0.457577472760719	0.457577472760719	1
3	128979574	128979575	109	11	1.45	3	1	0.15	1	0	0.85	unphased	0.445078828828829	0.445078828828829	1
3	130452440	130452441	73	30	3.04	4	1	0.51	1	0	0.49	unphased	1.87730254526371	0.929357695675104	2.02
3	130683833	130683834	47	4	3.04	4	1	0.51	1	0	0.49	unphased	0.505521992580816	0.505521992580816	1
3	137981276	137981277	30	4	2.42	3	1	0.21	1	1	0.79	unphased	0.685341812400636	0.685341812400636	1
3	139171938	139171939	63	11	2.42	3	1	0.21	1	1	0.79	unphased	0.865938641344047	0.865938641344047	1
3	147128594	147128595	31	30	2.42	3	1	0.21	1	1	0.79	unphased	2.86495347806823	1.29635903984988	2.21
3	148904505	148904506	77	11	2.42	3	1	0.21	1	1	0.79	unphased	0.728175675675676	0.728175675675676	1
3	150264545	150264546	54	28	2.42	3	1	0.21	1	1	0.79	unphased	1.98916282135794	0.900073674822599	2.21
3	153993985	153993986	88	16	2.42	3	1	0.21	1	1	0.79	unphased	0.896216216216216	0.896216216216216	1
3	158364598	158364599	36	5	2.42	3	1	0.21	1	1	0.79	unphased	0.710415293342123	0.710415293342123	1
3	158524851	158524852	53	4	2.42	3	1	0.21	1	1	0.79	unphased	0.408800379326695	0.408800379326695	1
3	176750909	176750910	61	9	2.5	3	1	0.25	1	1	0.75	unphased	0.759266409266409	0.759266409266409	1
3	179576851	179576852	51	5	2.5	3	1	0.25	1	1	0.75	unphased	0.52726833976834	0.52726833976834	1
3	180397281	180397282	49	6	2.5	3	1	0.25	1	1	0.75	unphased	0.644226044226044	0.644226044226044	1
3	184072336	184072337	60	7	2.5	3	1	0.25	1	1	0.75	unphased	0.616982654296087	0.616982654296087	1
3	185146381	185146382	67	7	2.5	3	1	0.25	1	1	0.75	unphased	0.558619430241052	0.558619430241052	1
3	187003674	187003675	96	16	2.5	3	1	0.25	1	1	0.75	unphased	0.843629343629344	0.843629343629344	1
3	195516686	195516687	440	58	4	3	1	1	NA	NA	NA	unphased	0.862476934766092	0.862476934766092	1
3	197547254	197547255	56	8	4	3	1	1	NA	NA	NA	unphased	0.925675675675676	0.925675675675676	1
4	984974	984975	28	7	1	1	0	1	NA	NA	NA	unphased	0.881081081081081	0.881081081081081	1
4	6596299	6596300	46	10	1	1	0	1	NA	NA	NA	unphased	0.786679536679537	0.786679536679537	1
4	9446294	9446295	83	5	5	5	0	1	NA	NA	NA	unphased	0.477579852579853	0.477579852579853	1
4	70080070	70080071	34	9	2.46	2	1	0.73	0	1	0.27	unphased	1.22764299182904	1.22764299182904	1
4	103610737	103610738	28	8	1	1	0	0.17	1	0	0.83	unphased	0.978978978978979	0.978978978978979	1
4	123283345	123283346	49	12	1	1	0	1	NA	NA	NA	unphased	0.866637128932211	0.866637128932211	1
4	155491806	155491807	16	12	1	1	0	1	NA	NA	NA	unphased	1.88803088803089	1.88803088803089	1
4	169842794	169842795	37	10	1	1	0	1	NA	NA	NA	unphased	0.937320299022427	0.937320299022427	1
5	143351	143352	83	15	3.49	2	2	0.83	0	1	0.17	unphased	1.05541919470491	1.05541919470491	1
5	251487	251488	58	6	3.49	2	2	0.83	0	1	0.17	unphased	0.646444256756757	0.646444256756757	1
5	878474	878475	133	36	3.52	2	2	0.84	1	0	0.16	unphased	1.47523428754198	0.801757764968468	1.84
5	13766183	13766184	143	29	3	2	1	1	NA	NA	NA	unphased	1.07998114393463	1.07998114393463	1
5	23527500	23527501	170	26	2.08	2	1	0.54	1	0	0.46	unphased	0.727655819084391	0.727655819084391	1
5	37516692	37516693	16	6	2.08	2	1	0.54	1	0	0.46	unphased	1.49601965601966	1.49601965601966	1
5	41929954	41929955	101	28	2.08	2	1	0.54	1	0	0.46	unphased	1.19063063063063	1.19063063063063	1
5	45267262	45267263	100	14	2.08	2	1	0.54	1	0	0.46	unphased	0.673646277856804	0.673646277856804	1
5	80497258	80497259	41	8	1	1	0	1	NA	NA	NA	unphased	0.719249862107005	0.719249862107005	1
5	114557698	114557699	15	4	1	1	0	1	NA	NA	NA	unphased	0.927453769559033	0.927453769559033	1
5	137426380	137426381	40	13	1	1	0	1	NA	NA	NA	unphased	1.08057113717491	1.08057113717491	1
5	140554007	140554008	114	24	1	1	0	1	NA	NA	NA	unphased	0.766157461809636	0.766157461809636	1
5	143586408	143586409	31	6	1	1	0	1	NA	NA	NA	unphased	0.714390065741417	0.714390065741417	1
5	156378728	156378729	176	44	1	1	0	1	NA	NA	NA	unphased	0.881081081081081	0.881081081081081	1
5	161569317	161569318	50	9	1	1	0	1	NA	NA	NA	unphased	0.672010994044892	0.672010994044892	1
5	168180039	168180040	41	8	1	1	0	1	NA	NA	NA	unphased	0.719249862107005	0.719249862107005	1
5	170148828	170148829	88	29	1	1	0	1	NA	NA	NA	unphased	1.09193809193809	1.09193809193809	1
5	176730072	176730073	61	8	3	3	0	1	NA	NA	NA	unphased	0.742655699177438	0.742655699177438	1
5	178358742	178358743	46	4	3	3	0	1	NA	NA	NA	unphased	0.512432432432433	0.512432432432433	1
6	637825	637826	107	32	1.04	1	1	0.04	0	1	0.96	unphased	1.0234026832588	1.0234026832588	1
6	7211805	7211806	47	12	2	1	1	1	NA	NA	NA	unphased	1.099404489235	1.099404489235	1
6	26205228	26205229	29	9	2	1	1	1	NA	NA	NA	unphased	1.28022759601707	1.28022759601707	1
6	26428954	26428955	121	23	2	1	1	1	NA	NA	NA	unphased	0.863363363363363	0.863363363363363	1
6	31557391	31557392	47	12	1	1	0	1	NA	NA	NA	unphased	0.896014658726523	0.896014658726523	1
6	31777789	31777790	21	5	1	1	0	1	NA	NA	NA	unphased	0.847193347193347	0.847193347193347	1
6	32946048	32946049	88	32	1	1	0	1	NA	NA	NA	unphased	1.17477477477477	1.17477477477477	1
6	33288282	33288283	66	18	1	1	0	1	NA	NA	NA	unphased	0.944015444015444	0.944015444015444	1
6	33288555	33288556	84	25	1	1	0	1	NA	NA	NA	unphased	1.01041408380858	1.01041408380858	1
6	41884614	41884615	57	13	1	1	0	1	NA	NA	NA	unphased	0.818146718146718	0.818146718146718	1
6	42797564	42797565	65	18	1	1	0	1	NA	NA	NA	unphased	0.955389124063823	0.955389124063823	1
6	43023303	43023304	88	20	1	1	0	1	NA	NA	NA	unphased	0.815815815815816	0.815815815815816	1
6	49426966	49426967	54	12	2	1	1	1	NA	NA	NA	unphased	0.982800982800983	0.982800982800983	1
6	52622686	52622687	72	13	2	1	1	1	NA	NA	NA	unphased	0.82670906200318	0.82670906200318	1
6	84910510	84910511	38	6	1	1	0	1	NA	NA	NA	unphased	0.600737100737101	0.600737100737101	1
6	88769292	88769293	23	7	1	1	0	1	NA	NA	NA	unphased	1.02792792792793	1.02792792792793	1
6	90642170	90642171	209	60	1	1	0	1	NA	NA	NA	unphased	0.98261830603838	0.98261830603838	1
6	90642236	90642237	146	53	1	1	0	1	NA	NA	NA	unphased	1.17329892706777	1.17329892706777	1
6	94120845	94120846	71	6	1	1	0	0.21	1	0	0.79	unphased	0.343278343278343	0.343278343278343	1
6	99282756	99282757	36	5	1	1	0	0.21	1	0	0.79	unphased	0.537244561634805	0.537244561634805	1
6	149911861	149911862	15	6	1	1	0	1	NA	NA	NA	unphased	1.25868725868726	1.25868725868726	1
6	158517282	158517283	40	7	1	1	0	1	NA	NA	NA	unphased	0.656124209315699	0.656124209315699	1
6	160450673	160450674	17	7	1	1	0	1	NA	NA	NA	unphased	1.28490990990991	1.28490990990991	1
7	15584501	15584502	47	13	2	1	1	0.13	1	1	0.87	unphased	1.17117117117117	1.17117117117117	1
7	22985096	22985097	14	5	2	1	1	0.13	1	1	0.87	unphased	1.42247510668563	1.42247510668563	1
7	23239849	23239850	14	3	2	1	1	0.13	1	1	0.87	unphased	0.95389507154213	0.95389507154213	1
7	38398569	38398570	23	13	2	1	1	1	NA	NA	NA	unphased	1.95195195195195	1.95195195195195	1
7	43519288	43519289	135	43	2	1	1	1	NA	NA	NA	unphased	1.30580018220468	1.30580018220468	1
7	53103990	53103991	94	10	2	1	1	1	NA	NA	NA	unphased	0.51975051975052	0.51975051975052	1
7	56087426	56087427	33	10	2	1	1	1	NA	NA	NA	unphased	1.25707102451288	1.25707102451288	1
7	66479537	66479538	117	24	2	1	1	1	NA	NA	NA	unphased	0.920069005175388	0.920069005175388	1
7	71571192	71571193	28	9	2	1	1	1	NA	NA	NA	unphased	1.31482834185537	1.31482834185537	1
7	72743435	72743436	85	12	2	1	1	1	NA	NA	NA	unphased	0.668709947060463	0.668709947060463	1
7	75140400	75140401	134	28	2	1	1	1	NA	NA	NA	unphased	0.934267600934268	0.934267600934268	1
7	80378338	80378339	30	10	2	1	1	1	NA	NA	NA	unphased	1.35135135135135	1.35135135135135	1
7	87179519	87179520	48	7	2	1	1	0.11	1	1	0.89	unphased	0.687960687960688	0.687960687960688	1
7	87537242	87537243	43	9	2	1	1	0.11	1	1	0.89	unphased	0.935550935550935	0.935550935550935	1
7	99227016	99227017	65	11	2	1	1	1	NA	NA	NA	unphased	0.782361308677098	0.782361308677098	1
7	100859265	100859266	69	15	2	1	1	1	NA	NA	NA	unphased	0.965250965250965	0.965250965250965	1
7	101758526	101758527	51	7	2	1	1	1	NA	NA	NA	unphased	0.65237651444548	0.65237651444548	1
7	128615983	128615984	54	13	2	1	1	1	NA	NA	NA	unphased	1.04881000403388	1.04881000403388	1
7	138487729	138487730	31	4	2	1	1	1	NA	NA	NA	unphased	0.617760617760618	0.617760617760618	1
7	143632564	143632565	202	32	2	1	1	1	NA	NA	NA	unphased	0.739200739200739	0.739200739200739	1
7	144061101	144061102	33	8	2	1	1	1	NA	NA	NA	unphased	1.0547132498352	1.0547132498352	1
7	149422531	149422532	30	4	2	1	1	1	NA	NA	NA	unphased	0.635930047694754	0.635930047694754	1
7	149504039	149504040	5	4	2	1	1	1	NA	NA	NA	unphased	2.4024024024024	2.4024024024024	1
7	151092967	151092968	20	4	2	1	1	1	NA	NA	NA	unphased	0.900900900900901	0.900900900900901	1
7	154172077	154172078	48	8	2	1	1	1	NA	NA	NA	unphased	0.772200772200772	0.772200772200772	1
8	2964070	2964071	30	4	2	1	1	1	NA	NA	NA	unphased	0.635930047694754	0.635930047694754	1
8	10470830	10470831	87	19	2	1	1	1	NA	NA	NA	unphased	0.96889342172361	0.96889342172361	1
8	18541578	18541579	12	5	2	1	1	1	NA	NA	NA	unphased	1.58982511923688	1.58982511923688	1
8	20110496	20110497	70	10	2	1	1	1	NA	NA	NA	unphased	0.675675675675676	0.675675675675676	1
8	21767310	21767311	77	12	2	1	1	1	NA	NA	NA	unphased	0.728818706346796	0.728818706346796	1
8	35606160	35606161	90	19	2	1	1	1	NA	NA	NA	unphased	0.942226630300025	0.942226630300025	1
8	42698249	42698250	66	9	2	1	1	1	NA	NA	NA	unphased	0.648648648648649	0.648648648648649	1
8	62460735	62460736	48	12	2	1	1	1	NA	NA	NA	unphased	1.08108108108108	1.08108108108108	1
8	67062059	67062060	66	17	1.13	1	1	0.13	1	0	0.87	unphased	0.928938456528818	0.928938456528818	1
8	68005813	68005814	46	7	1.13	1	1	0.13	1	0	0.87	unphased	0.599015808261091	0.599015808261091	1
8	71129000	71129001	43	11	1.13	1	1	0.13	1	0	0.87	unphased	0.923878878878879	0.923878878878879	1
8	113304831	113304832	120	8	2	1	1	0.26	1	1	0.74	unphased	0.337837837837838	0.337837837837838	1
8	114389068	114389069	64	18	2	1	1	0.26	1	1	0.74	unphased	1.1865524060646	1.1865524060646	1
8	126052131	126052132	17	6	2	1	1	1	NA	NA	NA	unphased	1.41010575793184	1.41010575793184	1
8	145624749	145624750	54	4	1.14	1	1	0.14	0	1	0.86	unphased	0.313476234855545	0.313476234855545	1
8	145692355	145692356	12	3	1.14	1	1	0.14	0	1	0.86	unphased	0.909081081081081	0.909081081081081	1
9	27949501	27949502	60	15	1	1	0	1	NA	NA	NA	unphased	0.881081081081081	0.881081081081081	1
9	32431747	32431748	55	18	1	1	0	1	NA	NA	NA	unphased	1.08626434653832	1.08626434653832	1
9	35101912	35101913	48	10	1	1	0	1	NA	NA	NA	unphased	0.75955265610438	0.75955265610438	1
9	84532406	84532407	40	6	2	1	1	1	NA	NA	NA	unphased	0.705052878965922	0.705052878965922	1
9	87285494	87285495	17	4	2	1	1	1	NA	NA	NA	unphased	1.02960102960103	1.02960102960103	1
9	100190911	100190912	62	15	2	1	1	1	NA	NA	NA	unphased	1.05300105300105	1.05300105300105	1
9	100616393	100616394	26	3	2	1	1	1	NA	NA	NA	unphased	0.559179869524697	0.559179869524697	1
9	103059270	103059271	37	5	2	1	1	1	NA	NA	NA	unphased	0.643500643500644	0.643500643500644	1
9	104152768	104152769	60	8	2	1	1	1	NA	NA	NA	unphased	0.635930047694754	0.635930047694754	1
9	115805948	115805949	75	15	2	1	1	1	NA	NA	NA	unphased	0.900900900900901	0.900900900900901	1
9	116018451	116018452	63	11	2	1	1	1	NA	NA	NA	unphased	0.803506208911614	0.803506208911614	1
9	123898082	123898083	47	12	2	1	1	1	NA	NA	NA	unphased	1.099404489235	1.099404489235	1
9	124921999	124922000	77	11	2	1	1	1	NA	NA	NA	unphased	0.675675675675676	0.675675675675676	1
9	125377395	125377396	104	13	2	1	1	1	NA	NA	NA	unphased	0.600600600600601	0.600600600600601	1
9	127566467	127566468	45	9	2	1	1	1	NA	NA	NA	unphased	0.900900900900901	0.900900900900901	1
9	130219615	130219616	54	10	2	1	1	1	NA	NA	NA	unphased	0.844594594594595	0.844594594594595	1
9	130478393	130478394	141	28	2	1	1	1	NA	NA	NA	unphased	0.895570126339357	0.895570126339357	1
9	134019948	134019949	119	13	2	1	1	1	NA	NA	NA	unphased	0.532350532350532	0.532350532350532	1
9	135073458	135073459	86	22	2	1	1	1	NA	NA	NA	unphased	1.1011011011011	1.1011011011011	1
9	135152447	135152448	36	7	2	1	1	1	NA	NA	NA	unphased	0.87994971715902	0.87994971715902	1
9	136521599	136521600	47	11	2	1	1	1	NA	NA	NA	unphased	1.02516309412861	1.02516309412861	1
9	137328373	137328374	114	14	2	1	1	1	NA	NA	NA	unphased	0.591216216216216	0.591216216216216	1
9	138516280	138516281	48	9	2	1	1	1	NA	NA	NA	unphased	0.85348506401138	0.85348506401138	1
9	139305037	139305038	8	3	2	1	1	1	NA	NA	NA	unphased	1.47420147420147	1.47420147420147	1
9	139305112	139305113	15	3	2	1	1	1	NA	NA	NA	unphased	0.900900900900901	0.900900900900901	1
9	139699010	139699011	58	10	2	1	1	1	NA	NA	NA	unphased	0.794912559618442	0.794912559618442	1
9	140130477	140130478	119	34	2	1	1	1	NA	NA	NA	unphased	1.2012012012012	1.2012012012012	1
9	140865842	140865843	8	4	2	1	1	1	NA	NA	NA	unphased	1.8018018018018	1.8018018018018	1
X	13621516	13621517	103	9	NA	NA	NA	NA	NA	NA	NA	unphased	NA	NA	1
X	13775839	13775840	73	10	NA	NA	NA	NA	NA	NA	NA	unphased	NA	NA	1
X	18944624	18944625	131	121	NA	NA	NA	NA	NA	NA	NA	unphased	NA	NA	1
X	19606879	19606880	193	125	NA	NA	NA	NA	NA	NA	NA	unphased	NA	NA	1
X	20236922	20236923	50	5	NA	NA	NA	NA	NA	NA	NA	unphased	NA	NA	1
X	21624995	21624996	29	31	NA	NA	NA	NA	NA	NA	NA	unphased	NA	NA	1
X	22239771	22239772	50	33	NA	NA	NA	NA	NA	NA	NA	unphased	NA	NA	1
X	23412031	23412032	37	38	NA	NA	NA	NA	NA	NA	NA	unphased	NA	NA	1
X	27998406	27998407	26	29	NA	NA	NA	NA	NA	NA	NA	unphased	NA	NA	1
X	37586908	37586909	42	12	NA	NA	NA	NA	NA	NA	NA	unphased	NA	NA	1
X	37985907	37985908	31	8	NA	NA	NA	NA	NA	NA	NA	unphased	NA	NA	1
X	38016170	38016171	26	3	NA	NA	NA	NA	NA	NA	NA	unphased	NA	NA	1
X	47518317	47518318	48	38	NA	NA	NA	NA	NA	NA	NA	unphased	NA	NA	1
X	47837004	47837005	25	29	NA	NA	NA	NA	NA	NA	NA	unphased	NA	NA	1
X	51638147	51638148	23	73	NA	NA	NA	NA	NA	NA	NA	unphased	NA	NA	1
X	51641691	51641692	85	5	NA	NA	NA	NA	NA	NA	NA	unphased	NA	NA	1
X	53436120	53436121	45	5	NA	NA	NA	NA	NA	NA	NA	unphased	NA	NA	1
X	53641572	53641573	96	16	NA	NA	NA	NA	NA	NA	NA	unphased	NA	NA	1
X	54472751	54472752	124	13	NA	NA	NA	NA	NA	NA	NA	unphased	NA	NA	1
X	55748691	55748692	44	57	NA	NA	NA	NA	NA	NA	NA	unphased	NA	NA	1
X	56591624	56591625	44	93	NA	NA	NA	NA	NA	NA	NA	unphased	NA	NA	1
X	62875485	62875486	94	25	NA	NA	NA	NA	NA	NA	NA	unphased	NA	NA	1
X	65392226	65392227	36	9	NA	NA	NA	NA	NA	NA	NA	unphased	NA	NA	1
X	65479958	65479959	69	11	NA	NA	NA	NA	NA	NA	NA	unphased	NA	NA	1
X	65479959	65479960	70	11	NA	NA	NA	NA	NA	NA	NA	unphased	NA	NA	1
X	89177851	89177852	53	20	NA	NA	NA	NA	NA	NA	NA	unphased	NA	NA	1
X	100807803	100807804	29	4	NA	NA	NA	NA	NA	NA	NA	unphased	NA	NA	1
X	101396306	101396307	45	15	NA	NA	NA	NA	NA	NA	NA	unphased	NA	NA	1
X	103499134	103499135	355	53	NA	NA	NA	NA	NA	NA	NA	unphased	NA	NA	1
X	105281098	105281099	28	7	NA	NA	NA	NA	NA	NA	NA	unphased	NA	NA	1
X	106171604	106171605	160	18	NA	NA	NA	NA	NA	NA	NA	unphased	NA	NA	1
X	106242943	106242944	3	7	NA	NA	NA	NA	NA	NA	NA	unphased	NA	NA	1
X	111195441	111195442	159	24	NA	NA	NA	NA	NA	NA	NA	unphased	NA	NA	1
X	117785974	117785975	62	36	NA	NA	NA	NA	NA	NA	NA	unphased	NA	NA	1
X	118230455	118230456	34	10	NA	NA	NA	NA	NA	NA	NA	unphased	NA	NA	1
X	118585944	118585945	59	17	NA	NA	NA	NA	NA	NA	NA	unphased	NA	NA	1
X	119293304	119293305	83	9	NA	NA	NA	NA	NA	NA	NA	unphased	NA	NA	1
X	123019588	123019589	58	19	NA	NA	NA	NA	NA	NA	NA	unphased	NA	NA	1
X	123657317	123657318	108	22	NA	NA	NA	NA	NA	NA	NA	unphased	NA	NA	1
X	129201294	129201295	86	20	NA	NA	NA	NA	NA	NA	NA	unphased	NA	NA	1
X	129206353	129206354	103	18	NA	NA	NA	NA	NA	NA	NA	unphased	NA	NA	1
X	134992260	134992261	91	16	NA	NA	NA	NA	NA	NA	NA	unphased	NA	NA	1
X	135593668	135593669	46	9	NA	NA	NA	NA	NA	NA	NA	unphased	NA	NA	1
X	138667328	138667329	86	15	NA	NA	NA	NA	NA	NA	NA	unphased	NA	NA	1
X	139586528	139586529	19	9	NA	NA	NA	NA	NA	NA	NA	unphased	NA	NA	1
X	148048381	148048382	94	25	NA	NA	NA	NA	NA	NA	NA	unphased	NA	NA	1
X	149638486	149638487	188	29	NA	NA	NA	NA	NA	NA	NA	unphased	NA	NA	1
X	149919218	149919219	49	12	NA	NA	NA	NA	NA	NA	NA	unphased	NA	NA	1
X	149963947	149963948	99	24	NA	NA	NA	NA	NA	NA	NA	unphased	NA	NA	1
X	151093027	151093028	153	48	NA	NA	NA	NA	NA	NA	NA	unphased	NA	NA	1
X	153035661	153035662	78	18	NA	NA	NA	NA	NA	NA	NA	unphased	NA	NA	1
X	153035662	153035663	78	18	NA	NA	NA	NA	NA	NA	NA	unphased	NA	NA	1
X	153056029	153056030	30	7	NA	NA	NA	NA	NA	NA	NA	unphased	NA	NA	1
X	153135927	153135928	46	9	NA	NA	NA	NA	NA	NA	NA	unphased	NA	NA	1
X	153215868	153215869	85	12	NA	NA	NA	NA	NA	NA	NA	unphased	NA	NA	1
X	153581387	153581388	38	13	NA	NA	NA	NA	NA	NA	NA	unphased	NA	NA	1
X	153588901	153588902	68	15	NA	NA	NA	NA	NA	NA	NA	unphased	NA	NA	1
X	153588902	153588903	67	15	NA	NA	NA	NA	NA	NA	NA	unphased	NA	NA	1
X	153692584	153692585	31	5	NA	NA	NA	NA	NA	NA	NA	unphased	NA	NA	1
X	153881754	153881755	15	4	NA	NA	NA	NA	NA	NA	NA	unphased	NA	NA	1
X	154489925	154489926	20	3	NA	NA	NA	NA	NA	NA	NA	unphased	NA	NA	1
