chr	start	end	WT.count	mut.count	subclonal.CN	nMaj1	nMin1	frac1	nMaj2	nMin2	frac2	phase	mutation.copy.number	subclonal.fraction	no.chrs.bearing.mut
1	9188907	9188908	10	3	1.05	1	1	0.05	0	1	0.95	unphased	0.46963260619977	0.46963260619977	1
1	11158194	11158195	51	27	1	1	0	1	NA	NA	NA	unphased	0.687141216991963	0.687141216991963	1
1	24434609	24434610	21	15	1	1	0	1	NA	NA	NA	unphased	0.827114427860696	0.827114427860696	1
1	24663155	24663156	184	123	1.01	1	1	0.01	0	1	0.99	unphased	0.79932957363022	0.79932957363022	1
1	26664161	26664162	26	21	1.01	1	1	0.01	0	1	0.99	unphased	0.891416322642108	0.891416322642108	1
1	27648882	27648883	5	5	1.01	1	1	0.01	0	1	0.99	unphased	0.997537313432836	0.997537313432836	1
1	32673381	32673382	150	88	1.01	1	1	0.01	0	1	0.99	unphased	0.737674651950332	0.737674651950332	1
1	40980594	40980595	152	35	1.01	1	1	0.01	0	1	0.99	unphased	0.373409689520313	0.373409689520313	1
1	55566597	55566598	102	11	1.01	1	1	0.01	0	1	0.99	unphased	0.194210804385154	0.194210804385154	1
1	74665363	74665364	116	55	1.01	1	1	0.01	0	1	0.99	unphased	0.641690669459719	0.641690669459719	1
1	85422121	85422122	120	104	1	1	0	1	NA	NA	NA	unphased	0.921641791044776	0.921641791044776	1
1	86889923	86889924	53	40	1	1	0	1	NA	NA	NA	unphased	0.853795538436848	0.853795538436848	1
1	94496615	94496616	23	19	1	1	0	1	NA	NA	NA	unphased	0.898009950248756	0.898009950248756	1
1	101704931	101704932	60	41	1	1	0	1	NA	NA	NA	unphased	0.805822373282104	0.805822373282104	1
1	103405901	103405902	63	56	1	1	0	1	NA	NA	NA	unphased	0.934152765583846	0.934152765583846	1
1	149858885	149858886	119	50	1	1	0	1	NA	NA	NA	unphased	0.587300185463216	0.587300185463216	1
1	150900288	150900289	207	115	2	1	1	1	NA	NA	NA	unphased	1.06609808102345	1.06609808102345	1
1	151133378	151133379	196	99	2	1	1	1	NA	NA	NA	unphased	1.00177080698204	1.00177080698204	1
1	152327239	152327240	495	258	2	1	1	1	NA	NA	NA	unphased	1.0227745733484	1.0227745733484	1
1	153915406	153915407	23	13	2	1	1	1	NA	NA	NA	unphased	1.07794361525705	1.07794361525705	1
1	153984797	153984798	226	93	2	1	1	1	NA	NA	NA	unphased	0.870256866139522	0.870256866139522	1
1	155838147	155838148	192	80	2	1	1	1	NA	NA	NA	unphased	0.877963125548727	0.877963125548727	1
1	156821830	156821831	50	24	2	1	1	1	NA	NA	NA	unphased	0.968132311415894	0.968132311415894	1
1	158450403	158450404	175	88	2	1	1	1	NA	NA	NA	unphased	0.998808240167981	0.998808240167981	1
1	159275931	159275932	122	48	2	1	1	1	NA	NA	NA	unphased	0.842844600526778	0.842844600526778	1
1	160523825	160523826	129	49	2	1	1	1	NA	NA	NA	unphased	0.82173402649673	0.82173402649673	1
1	164789419	164789420	59	28	2	1	1	1	NA	NA	NA	unphased	0.960713673014239	0.960713673014239	1
1	166039930	166039931	156	27	2	1	1	1	NA	NA	NA	unphased	0.440420846586738	0.440420846586738	1
1	167815443	167815444	227	109	2	1	1	1	NA	NA	NA	unphased	0.968372423596304	0.968372423596304	1
1	175096159	175096160	139	74	2	1	1	1	NA	NA	NA	unphased	1.03706818022563	1.03706818022563	1
1	176564297	176564298	77	38	2	1	1	1	NA	NA	NA	unphased	0.986372485399091	0.986372485399091	1
1	182615930	182615931	271	127	2	1	1	1	NA	NA	NA	unphased	0.952523813095327	0.952523813095327	1
1	196884210	196884211	526	119	2	1	1	1	NA	NA	NA	unphased	0.550734698600023	0.550734698600023	1
1	197325965	197325966	57	36	2	1	1	1	NA	NA	NA	unphased	1.15551275878671	1.15551275878671	1
1	200539040	200539041	101	55	2	1	1	1	NA	NA	NA	unphased	1.05243015690777	1.05243015690777	1
1	207930886	207930887	42	17	2	1	1	1	NA	NA	NA	unphased	0.860106248418922	0.860106248418922	1
1	208390970	208390971	106	49	2	1	1	1	NA	NA	NA	unphased	0.943668753009148	0.943668753009148	1
1	212969881	212969882	72	31	2	1	1	1	NA	NA	NA	unphased	0.898420518765396	0.898420518765396	1
1	215821935	215821936	175	9	2	1	1	1	NA	NA	NA	unphased	0.146009085009734	0.146009085009734	1
1	222923532	222923533	17	9	2	1	1	1	NA	NA	NA	unphased	1.03329506314581	1.03329506314581	1
1	224599261	224599262	93	29	2	1	1	1	NA	NA	NA	unphased	0.709566919500856	0.709566919500856	1
1	237052582	237052583	124	68	2	1	1	1	NA	NA	NA	unphased	1.05721393034826	1.05721393034826	1
1	243328006	243328007	78	25	2	1	1	1	NA	NA	NA	unphased	0.724532676423707	0.724532676423707	1
1	245862229	245862230	61	4	2	1	1	1	NA	NA	NA	unphased	0.183696900114811	0.183696900114811	1
1	248224063	248224064	600	247	NA	NA	NA	NA	NA	NA	NA	unphased	NA	NA	1
1	248402227	248402228	105	51	NA	NA	NA	NA	NA	NA	NA	unphased	NA	NA	1
1	248487633	248487634	429	207	NA	NA	NA	NA	NA	NA	NA	unphased	NA	NA	1
1	248512379	248512380	103	45	NA	NA	NA	NA	NA	NA	NA	unphased	NA	NA	1
1	248524927	248524928	103	39	NA	NA	NA	NA	NA	NA	NA	unphased	NA	NA	1
1	248651976	248651977	322	51	NA	NA	NA	NA	NA	NA	NA	unphased	NA	NA	1
1	249211932	249211933	124	57	NA	NA	NA	NA	NA	NA	NA	unphased	NA	NA	1
10	5836976	5836977	124	65	2	1	1	0.08	1	1	0.92	unphased	1.02661296691147	1.02661296691147	1
10	7214074	7214075	22	11	2	1	1	0.08	1	1	0.92	unphased	0.99502487562189	0.99502487562189	1
10	21097436	21097437	130	42	2	1	1	0.08	1	1	0.92	unphased	0.728913571676501	0.792297360517936	0.92
10	24813351	24813352	68	33	2	1	1	0.08	1	1	0.92	unphased	0.975321412738289	0.975321412738289	1
10	28032254	28032255	12	3	2	1	1	0.08	1	1	0.92	unphased	0.597014925373134	0.597014925373134	1
10	48388773	48388774	84	61	NA	NA	NA	NA	NA	NA	NA	unphased	NA	NA	1
10	48388776	48388777	89	58	NA	NA	NA	NA	NA	NA	NA	unphased	NA	NA	1
10	60549107	60549108	187	107	1.02	1	1	0.02	0	1	0.98	unphased	0.72973804447152	0.72973804447152	1
10	64574131	64574132	117	7	1.02	1	1	0.02	0	1	0.98	unphased	0.113189696677901	0.113189696677901	1
10	64975338	64975339	145	87	1.02	1	1	0.02	0	1	0.98	unphased	0.751902985074627	0.751902985074627	1
10	70333645	70333646	89	27	1.02	1	1	0.02	0	1	0.98	unphased	0.466698404529079	0.466698404529079	1
10	70451517	70451518	221	107	1.02	1	1	0.02	0	1	0.98	unphased	0.654094466690936	0.654094466690936	1
10	70509372	70509373	153	66	1.02	1	1	0.02	0	1	0.98	unphased	0.60426906563075	0.60426906563075	1
10	72291068	72291069	124	17	1.02	1	1	0.02	0	1	0.98	unphased	0.241746586217847	0.241746586217847	1
10	72291069	72291070	124	17	1.02	1	1	0.02	0	1	0.98	unphased	0.241746586217847	0.241746586217847	1
10	75562270	75562271	37	3	1.02	1	1	0.02	0	1	0.98	unphased	0.150380597014925	0.150380597014925	1
10	90438283	90438284	125	98	1	1	0	1	NA	NA	NA	unphased	0.872364634227963	0.872364634227963	1
10	91143382	91143383	70	64	1	1	0	1	NA	NA	NA	unphased	0.948095344174649	0.948095344174649	1
10	98146802	98146803	49	61	1	1	0	1	NA	NA	NA	unphased	1.10081411126187	1.10081411126187	1
10	106907422	106907423	79	47	1	1	0	1	NA	NA	NA	unphased	0.740464344941957	0.740464344941957	1
10	121212677	121212678	161	126	1	1	0	1	NA	NA	NA	unphased	0.871496177648344	0.871496177648344	1
10	128147612	128147613	42	35	1	1	0	1	NA	NA	NA	unphased	0.902306648575305	0.902306648575305	1
10	134622125	134622126	17	13	1	1	0	1	NA	NA	NA	unphased	0.860199004975124	0.860199004975124	1
11	1265817	1265818	51	7	1	1	0	1	NA	NA	NA	unphased	0.239577972207926	0.239577972207926	1
11	1267917	1267918	28	22	1	1	0	1	NA	NA	NA	unphased	0.873432835820896	0.873432835820896	1
11	4389333	4389334	29	19	1	1	0	1	NA	NA	NA	unphased	0.785758706467662	0.785758706467662	1
11	4869505	4869506	74	59	1	1	0	1	NA	NA	NA	unphased	0.880597014925373	0.880597014925373	1
11	5020319	5020320	257	12	1	1	0	1	NA	NA	NA	unphased	0.0885535149531155	0.0885535149531155	1
11	7079608	7079609	102	93	1	1	0	1	NA	NA	NA	unphased	0.946727898966705	0.946727898966705	1
11	26582471	26582472	35	9	1	1	1	0	0	1	1	unphased	0.406037991858887	0.406037991858887	1
11	34113457	34113458	126	22	1	1	1	0	0	1	1	unphased	0.295078660750303	0.295078660750303	1
11	55371230	55371231	176	73	2	1	1	0.14	1	1	0.86	unphased	0.875142360486723	0.875142360486723	1
11	55371752	55371753	190	79	2	1	1	0.14	1	1	0.86	unphased	0.876657604172446	0.876657604172446	1
11	57003298	57003299	63	23	2	1	1	0.14	1	1	0.86	unphased	0.798333911836168	0.798333911836168	1
11	60482588	60482589	178	118	2	1	1	0.14	1	1	0.86	unphased	1.18999596611537	1.18999596611537	1
11	62760849	62760850	74	58	2	1	1	0.14	1	1	0.86	unphased	1.3116236996834	1.3116236996834	1
11	64360947	64360948	104	75	2	1	1	0.14	1	1	0.86	unphased	1.25072959226215	1.25072959226215	1
11	64535192	64535193	76	46	2	1	1	0.14	1	1	0.86	unphased	1.12551994127722	1.12551994127722	1
11	64597311	64597312	34	16	2	1	1	0.14	1	1	0.86	unphased	0.955223880597015	0.955223880597015	1
11	65715499	65715500	10	6	2	1	1	0.14	1	1	0.86	unphased	1.11940298507463	1.11940298507463	1
11	65743953	65743954	45	14	2	1	1	0.14	1	1	0.86	unphased	0.708322792815583	0.708322792815583	1
11	66359968	66359969	53	41	2	1	1	0.14	1	1	0.86	unphased	1.30200063512226	1.30200063512226	1
11	69455969	69455970	19	11	2	1	1	0.14	1	1	0.86	unphased	1.09452736318408	1.09452736318408	1
11	72145604	72145605	22	6	2	1	1	0.14	1	1	0.86	unphased	0.639658848614072	0.639658848614072	1
11	77728079	77728080	62	56	2	1	1	0.14	1	1	0.86	unphased	1.41664558563117	1.41664558563117	1
11	82643505	82643506	657	120	2	1	1	0.14	1	1	0.86	unphased	0.461015386388521	0.461015386388521	1
11	85429841	85429842	51	15	2	1	1	0.14	1	1	0.86	unphased	0.67842605156038	0.788867501814395	0.86
11	88029409	88029410	69	25	2	1	1	0.14	1	1	0.86	unphased	0.793902826294062	0.793902826294062	1
11	105923715	105923716	211	73	2	1	1	0.14	1	1	0.86	unphased	0.767290309018289	0.892198033742196	0.86
11	107299576	107299577	460	140	2	1	1	0.14	1	1	0.86	unphased	0.696517412935323	0.696517412935323	1
11	107677462	107677463	120	55	2	1	1	0.14	1	1	0.86	unphased	0.93816631130064	0.93816631130064	1
11	108032209	108032210	712	363	2	1	1	0.14	1	1	0.86	unphased	1.00798333911836	1.00798333911836	1
11	114398622	114398623	112	20	2	1	1	0.14	1	1	0.86	unphased	0.452284034373587	0.452284034373587	1
11	122928974	122928975	182	70	2	1	1	0.14	1	1	0.86	unphased	0.829187396351575	0.964171391106483	0.86
11	133715044	133715045	212	29	2	1	1	0.14	1	1	0.86	unphased	0.359199851365579	0.359199851365579	1
11	134151965	134151966	39	4	NA	NA	NA	NA	NA	NA	NA	unphased	NA	NA	1
11	134253717	134253718	14	6	NA	NA	NA	NA	NA	NA	NA	unphased	NA	NA	1
12	10134717	10134718	71	30	1	1	1	0	0	1	1	unphased	0.589626126791784	0.589626126791784	1
12	10786679	10786680	273	85	1	1	1	0	0	1	1	unphased	0.471316601350788	0.471316601350788	1
12	12510332	12510333	19	9	1	1	1	0	0	1	1	unphased	0.638059701492537	0.638059701492537	1
12	13214672	13214673	69	22	1	1	1	0	0	1	1	unphased	0.479908151549943	0.479908151549943	1
12	39726779	39726780	142	71	1	1	1	0	0	1	1	unphased	0.661691542288557	0.661691542288557	1
12	48482583	48482584	19	7	1	1	1	0	0	1	1	unphased	0.534443168771527	0.534443168771527	1
12	49359978	49359979	33	10	1	1	1	0	0	1	1	unphased	0.461645262061784	0.461645262061784	1
12	52449820	52449821	76	13	1	1	1	0	0	1	1	unphased	0.289954720778132	0.289954720778132	1
12	56086981	56086982	116	19	1	1	1	0	0	1	1	unphased	0.279380873410724	0.279380873410724	1
12	58087922	58087923	141	30	1	1	1	0	0	1	1	unphased	0.348258706467662	0.348258706467662	1
12	72969156	72969157	167	14	1	1	0	0.14	1	0	0.86	unphased	0.153541683845964	0.153541683845964	1
12	78515766	78515767	47	37	1	1	0	1	NA	NA	NA	unphased	0.874378109452736	0.874378109452736	1
12	78534060	78534061	105	75	1	1	0	1	NA	NA	NA	unphased	0.827114427860696	0.827114427860696	1
12	90004200	90004201	125	121	1	1	0	1	NA	NA	NA	unphased	0.976398495328237	0.976398495328237	1
12	106772054	106772055	75	58	1	1	0	1	NA	NA	NA	unphased	0.865671641791045	0.865671641791045	1
12	120510335	120510336	76	64	1	1	0	1	NA	NA	NA	unphased	0.907462686567164	0.907462686567164	1
13	77569276	77569277	108	121	1	1	0	1	NA	NA	NA	unphased	1.04888222642247	1.04888222642247	1
13	84454196	84454197	35	45	1	1	0	1	NA	NA	NA	unphased	1.11660447761194	1.11660447761194	1
13	96086248	96086249	66	76	2	2	0	1	NA	NA	NA	unphased	1.59764557494219	0.798822787471095	2
13	111155573	111155574	44	94	2	2	0	1	NA	NA	NA	unphased	2.03331170235778	1.01665585117889	2
13	113803713	113803714	80	115	2	2	0	1	NA	NA	NA	unphased	1.76042862610027	0.880214313050134	2
14	22539437	22539438	46	22	1.37	1	1	0.37	1	0	0.63	unphased	0.761935908691835	0.761935908691835	1
14	22631531	22631532	26	4	1.37	1	1	0.37	1	0	0.63	unphased	0.314009950248756	0.848675541212855	0.37
14	22631532	22631533	28	4	1.37	1	1	0.37	1	0	0.63	unphased	0.294384328358209	0.795633319887051	0.37
14	22891938	22891939	151	91	1.37	1	1	0.37	1	0	0.63	unphased	0.885585913408166	0.885585913408166	1
14	23817724	23817725	130	103	1.37	1	1	0.37	1	0	0.63	unphased	1.04108449170457	1.04108449170457	1
14	23858819	23858820	109	62	1.37	1	1	0.37	1	0	0.63	unphased	0.853886706816793	0.853886706816793	1
14	44976160	44976161	413	184	1.37	1	1	0.37	1	0	0.63	unphased	0.725852146303658	0.725852146303658	1
14	45400679	45400680	87	50	1.37	1	1	0.37	1	0	0.63	unphased	0.859516287177252	0.859516287177252	1
14	52735194	52735195	78	31	1.37	1	1	0.37	1	0	0.63	unphased	0.669791866356292	0.669791866356292	1
14	56746495	56746496	137	70	1.37	1	1	0.37	1	0	0.63	unphased	0.796402047732353	0.796402047732353	1
14	64153374	64153375	54	24	1.37	1	1	0.37	1	0	0.63	unphased	0.724638346727899	0.724638346727899	1
14	66096257	66096258	212	70	1.37	1	1	0.37	1	0	0.63	unphased	0.584592992484387	0.584592992484387	1
14	68234441	68234442	193	73	1.37	1	1	0.37	1	0	0.63	unphased	0.646317472786444	0.646317472786444	1
14	70238303	70238304	19	6	1.27	1	1	0.27	1	0	0.73	unphased	0.541217910447761	0.541217910447761	1
14	70925510	70925511	137	48	1.27	1	1	0.27	1	0	0.73	unphased	0.585100443727309	0.585100443727309	1
14	80669427	80669428	55	18	1.27	1	1	0.27	1	0	0.73	unphased	0.556045798405234	0.556045798405234	1
14	88452845	88452846	64	27	1.27	1	1	0.27	1	0	0.73	unphased	0.669088076103001	0.669088076103001	1
14	92959847	92959848	50	17	1.27	1	1	0.27	1	0	0.73	unphased	0.572183114279349	0.572183114279349	1
14	93151478	93151479	31	13	1.27	1	1	0.27	1	0	0.73	unphased	0.666272048846676	0.666272048846676	1
14	102028706	102028707	134	50	2.82	2	1	0.91	0	1	0.09	unphased	1.03398767034393	1.03398767034393	1
14	104641888	104641889	26	29	2.82	2	1	0.91	0	1	0.09	unphased	2.00631207598372	1.0504251706721	1.91
14	105396385	105396386	162	43	2.82	2	1	0.91	0	1	0.09	unphased	0.798137604659629	0.877074290834757	0.91
14	105404733	105404734	62	52	2.82	2	1	0.91	0	1	0.09	unphased	1.73564807541241	0.953652788688138	1.82
14	106236301	106236302	90	70	NA	NA	NA	NA	NA	NA	NA	unphased	NA	NA	1
14	106963105	106963106	223	93	NA	NA	NA	NA	NA	NA	NA	unphased	NA	NA	1
15	23261863	23261864	54	33	NA	NA	NA	NA	NA	NA	NA	unphased	NA	NA	1
15	25925976	25925977	190	34	1.02	1	1	0.02	0	1	0.98	unphased	0.304341684434968	0.304341684434968	1
15	43020158	43020159	447	260	1.02	1	1	0.02	0	1	0.98	unphased	0.737368321053854	0.737368321053854	1
15	43638115	43638116	191	90	1.02	1	1	0.02	0	1	0.98	unphased	0.642194720348436	0.642194720348436	1
15	53908407	53908408	95	23	1.02	1	1	0.02	0	1	0.98	unphased	0.390819630660258	0.390819630660258	1
15	54630611	54630612	188	44	1.02	1	1	0.02	0	1	0.98	unphased	0.380272774060731	0.380272774060731	1
15	65157605	65157606	84	26	1.02	1	1	0.02	0	1	0.98	unphased	0.473926729986431	0.473926729986431	1
15	72643511	72643512	56	39	1.02	1	1	0.02	0	1	0.98	unphased	0.823135899450118	0.823135899450118	1
15	72987551	72987552	126	38	1.02	1	1	0.02	0	1	0.98	unphased	0.464590462322534	0.464590462322534	1
15	75014914	75014915	137	43	1.02	1	1	0.02	0	1	0.98	unphased	0.478990049751244	0.478990049751244	1
15	76225330	76225331	149	89	1.02	1	1	0.02	0	1	0.98	unphased	0.749796814248087	0.749796814248087	1
15	80423617	80423618	103	26	1.02	1	1	0.02	0	1	0.98	unphased	0.404123568205484	0.404123568205484	1
15	86122468	86122469	210	17	1.02	1	1	0.02	0	1	0.98	unphased	0.150159773818134	0.150159773818134	1
16	819633	819634	3	16	1	1	0	1	NA	NA	NA	unphased	1.67164179104478	1.67164179104478	1
16	2983293	2983294	8	6	1	1	0	1	NA	NA	NA	unphased	0.850746268656716	0.850746268656716	1
16	20471589	20471590	77	35	2	1	1	0.43	1	1	0.57	unphased	0.932835820895522	0.932835820895522	1
16	22588127	22588128	20	5	2	1	1	0.43	1	1	0.57	unphased	0.597014925373134	0.597014925373134	1
16	24104167	24104168	253	130	2	1	1	0.43	1	1	0.57	unphased	1.0132107088578	1.0132107088578	1
16	24895426	24895427	341	173	2	1	1	0.43	1	1	0.57	unphased	1.0047041059295	1.0047041059295	1
16	24902198	24902199	397	16	2	1	1	0.43	1	1	0.57	unphased	0.115644537602544	0.115644537602544	1
16	31235575	31235576	35	9	2	1	1	0.43	1	1	0.57	unphased	0.610583446404342	1.07119902877955	0.57
16	55844486	55844487	272	84	1	1	0	1	NA	NA	NA	unphased	0.468388395103136	0.468388395103136	1
16	67943499	67943500	35	37	1	1	0	1	NA	NA	NA	unphased	1.02010779436153	1.02010779436153	1
16	70834842	70834843	6	5	1	1	0	1	NA	NA	NA	unphased	0.902306648575305	0.902306648575305	1
16	70934959	70934960	257	25	1	1	0	1	NA	NA	NA	unphased	0.17598179316185	0.17598179316185	1
16	89702442	89702443	7	7	NA	NA	NA	NA	NA	NA	NA	unphased	NA	NA	1
17	1538211	1538212	38	52	1	1	0	1	NA	NA	NA	unphased	1.1469320066335	1.1469320066335	1
17	4443134	4443135	99	102	1	1	0	1	NA	NA	NA	unphased	1.00735130318556	1.00735130318556	1
17	4843193	4843194	6	7	1	1	0	1	NA	NA	NA	unphased	1.06888633754305	1.06888633754305	1
17	7577105	7577106	32	30	1	1	0	1	NA	NA	NA	unphased	0.960519980741454	0.960519980741454	1
17	7851283	7851284	180	181	1	1	0	1	NA	NA	NA	unphased	0.99528672427337	0.99528672427337	1
17	8221892	8221893	43	35	1	1	0	1	NA	NA	NA	unphased	0.890738614619212	0.890738614619212	1
17	17129540	17129541	54	42	1	1	0	1	NA	NA	NA	unphased	0.868470149253731	0.868470149253731	1
17	27076390	27076391	64	11	1	1	0	1	NA	NA	NA	unphased	0.291144278606965	0.291144278606965	1
17	27425443	27425444	22	25	1	1	0	1	NA	NA	NA	unphased	1.0558907589711	1.0558907589711	1
17	28656432	28656433	106	72	1	1	0	1	NA	NA	NA	unphased	0.802951534462519	0.802951534462519	1
17	59482959	59482960	10	5	2	2	0	1	NA	NA	NA	unphased	0.99502487562189	0.99502487562189	1
17	62856502	62856503	63	114	2	2	0	1	NA	NA	NA	unphased	1.9225904376423	0.961295218821148	2
17	67041416	67041417	82	135	2	2	0	1	NA	NA	NA	unphased	1.8570740766215	0.92853703831075	2
17	67132310	67132311	24	40	2	2	0	1	NA	NA	NA	unphased	1.86567164179104	0.932835820895522	2
17	67273891	67273892	56	81	2	2	0	1	NA	NA	NA	unphased	1.76489813705197	0.882449068525983	2
17	73870923	73870924	54	95	2	2	0	1	NA	NA	NA	unphased	1.9032355003506	0.951617750175298	2
18	14513713	14513714	63	44	1	1	0	1	NA	NA	NA	unphased	0.816292369926071	0.816292369926071	1
18	28666568	28666569	115	87	1	1	0	1	NA	NA	NA	unphased	0.854957883848086	0.854957883848086	1
18	31323716	31323717	92	55	1	1	0	1	NA	NA	NA	unphased	0.74271499644634	0.74271499644634	1
18	59157657	59157658	17	14	1	1	0	1	NA	NA	NA	unphased	0.89648531535869	0.89648531535869	1
19	828342	828343	100	50	2	1	1	0.09	1	1	0.91	unphased	0.99502487562189	0.99502487562189	1
19	1056968	1056969	186	6	2	1	1	0.09	1	1	0.91	unphased	0.0932835820895522	0.0932835820895522	1
19	2279030	2279031	12	3	2	1	1	0.09	1	1	0.91	unphased	0.597014925373134	0.597014925373134	1
19	3789355	3789356	40	11	2	1	1	0.09	1	1	0.91	unphased	0.6438396254024	0.707516071870769	0.91
19	6697744	6697745	39	25	2	1	1	0.09	1	1	0.91	unphased	1.1660447761194	1.1660447761194	1
19	8595447	8595448	133	71	2	1	1	0.09	1	1	0.91	unphased	1.03892303189933	1.03892303189933	1
19	9058096	9058097	59	31	2	1	1	0.09	1	1	0.91	unphased	1.02819237147595	1.02819237147595	1
19	9068678	9068679	147	53	2	1	1	0.09	1	1	0.91	unphased	0.791044776119403	0.869279973757586	0.91
19	14627578	14627579	275	89	2	1	1	1	NA	NA	NA	unphased	0.729867147777595	0.729867147777595	1
19	14698494	14698495	24	8	2	1	1	1	NA	NA	NA	unphased	0.746268656716418	0.746268656716418	1
19	17449959	17449960	66	21	2	1	1	1	NA	NA	NA	unphased	0.720535254760679	0.720535254760679	1
19	18327648	18327649	129	54	2	1	1	1	NA	NA	NA	unphased	0.880841693173477	0.880841693173477	1
19	37879767	37879768	262	146	2	1	1	1	NA	NA	NA	unphased	1.06818846941762	1.06818846941762	1
19	39361378	39361379	63	38	2	1	1	1	NA	NA	NA	unphased	1.1230973843653	1.1230973843653	1
19	39798446	39798447	7	5	2	1	1	1	NA	NA	NA	unphased	1.24378109452736	1.24378109452736	1
19	39869140	39869141	84	21	2	1	1	1	NA	NA	NA	unphased	0.597014925373134	0.597014925373134	1
19	40895577	40895578	298	10	2	1	1	1	NA	NA	NA	unphased	0.0969180073657685	0.0969180073657685	1
19	45448692	45448693	23	8	2	1	1	1	NA	NA	NA	unphased	0.770341839191141	0.770341839191141	1
19	45448693	45448694	22	8	2	1	1	1	NA	NA	NA	unphased	0.796019900497512	0.796019900497512	1
19	46973240	46973241	424	139	2	1	1	1	NA	NA	NA	unphased	0.736990005567191	0.736990005567191	1
19	51563313	51563314	130	75	2	1	1	1	NA	NA	NA	unphased	1.09210047324354	1.09210047324354	1
19	51768733	51768734	103	45	2	1	1	1	NA	NA	NA	unphased	0.9076240419524	0.9076240419524	1
19	51994990	51994991	164	67	2	1	1	1	NA	NA	NA	unphased	0.865800865800866	0.865800865800866	1
19	52825872	52825873	229	93	2	1	1	1	NA	NA	NA	unphased	0.862148882914619	0.862148882914619	1
19	53384079	53384080	132	41	2	1	1	1	NA	NA	NA	unphased	0.707445431800535	0.707445431800535	1
19	53668045	53668046	258	94	2	1	1	1	NA	NA	NA	unphased	0.797150610583446	0.797150610583446	1
19	54297351	54297352	102	44	2	1	1	1	NA	NA	NA	unphased	0.899611531384175	0.899611531384175	1
19	54726882	54726883	78	28	2	1	1	1	NA	NA	NA	unphased	0.788510278794706	0.788510278794706	1
19	54784361	54784362	196	70	2	1	1	1	NA	NA	NA	unphased	0.785545954438335	0.785545954438335	1
19	55316353	55316354	35	56	2	1	1	1	NA	NA	NA	unphased	1.83696900114811	1.83696900114811	1
19	55493894	55493895	85	39	2	1	1	1	NA	NA	NA	unphased	0.938854116514203	0.938854116514203	1
19	56321317	56321318	85	61	2	1	1	1	NA	NA	NA	unphased	1.24718871396442	1.24718871396442	1
19	56925399	56925400	151	61	2	1	1	1	NA	NA	NA	unphased	0.858912982258519	0.858912982258519	1
19	57326944	57326945	283	79	2	1	1	1	NA	NA	NA	unphased	0.651438937907149	0.651438937907149	1
19	57326952	57326953	309	82	2	1	1	1	NA	NA	NA	unphased	0.626025880826049	0.626025880826049	1
19	58967782	58967783	105	59	NA	NA	NA	NA	NA	NA	NA	unphased	NA	NA	1
2	1491689	1491690	121	58	2	1	1	1	NA	NA	NA	unphased	0.967230884682732	0.967230884682732	1
2	43547589	43547590	170	64	2	1	1	1	NA	NA	NA	unphased	0.816430667176936	0.816430667176936	1
2	48896929	48896930	290	48	2	1	1	1	NA	NA	NA	unphased	0.423915923341871	0.423915923341871	1
2	50733743	50733744	60	15	2	1	1	1	NA	NA	NA	unphased	0.597014925373134	0.597014925373134	1
2	56599542	56599543	19	9	2	1	1	1	NA	NA	NA	unphased	0.959488272921109	0.959488272921109	1
2	73651666	73651667	29	33	1	1	0	1	NA	NA	NA	unphased	1.0565719788156	1.0565719788156	1
2	73680983	73680984	67	60	1	1	0	1	NA	NA	NA	unphased	0.937830532377483	0.937830532377483	1
2	74747069	74747070	252	80	2	1	1	1	NA	NA	NA	unphased	0.719295090811005	0.719295090811005	1
2	80529774	80529775	25	16	1	1	0	1	NA	NA	NA	unphased	0.77466326902075	0.77466326902075	1
2	80530813	80530814	22	20	1	1	0	1	NA	NA	NA	unphased	0.945273631840796	0.945273631840796	1
2	85133581	85133582	11	7	2	1	1	1	NA	NA	NA	unphased	1.16086235489221	1.16086235489221	1
2	96992836	96992837	159	20	2	1	1	1	NA	NA	NA	unphased	0.333527891269907	0.333527891269907	1
2	128471190	128471191	299	108	1.08	1	1	0.08	1	0	0.92	unphased	0.547980490667058	0.547980490667058	1
2	136575531	136575532	73	71	1	1	0	1	NA	NA	NA	unphased	0.978752072968491	0.978752072968491	1
2	138762735	138762736	180	155	1	1	0	1	NA	NA	NA	unphased	0.918467364669191	0.918467364669191	1
2	141108423	141108424	67	56	1	1	0	1	NA	NA	NA	unphased	0.903773813857541	0.903773813857541	1
2	166900509	166900510	61	62	1	1	0	1	NA	NA	NA	unphased	1.00060672248514	1.00060672248514	1
2	167334121	167334122	8	6	1	1	0	1	NA	NA	NA	unphased	0.850746268656716	0.850746268656716	1
2	171240298	171240299	68	51	1	1	0	1	NA	NA	NA	unphased	0.850746268656716	0.850746268656716	1
2	176987710	176987711	4	4	1	1	0	1	NA	NA	NA	unphased	0.992537313432836	0.992537313432836	1
2	179604276	179604277	143	5	1	1	0	1	NA	NA	NA	unphased	0.0670633319887051	0.0670633319887051	1
2	185803754	185803755	231	206	1	1	0	1	NA	NA	NA	unphased	0.935756002595717	0.935756002595717	1
2	187523841	187523842	100	75	1	1	0	1	NA	NA	NA	unphased	0.850746268656716	0.850746268656716	1
2	212248319	212248320	33	27	1	1	0	1	NA	NA	NA	unphased	0.893283582089552	0.893283582089552	1
2	241813422	241813423	145	52	1	1	0	1	NA	NA	NA	unphased	0.523979089324949	0.523979089324949	1
20	1546880	1546881	7	6	1	1	0	1	NA	NA	NA	unphased	0.916188289322618	0.916188289322618	1
20	23433376	23433377	118	42	2	1	1	1	NA	NA	NA	unphased	0.783582089552239	0.783582089552239	1
20	24950912	24950913	263	109	2	1	1	1	NA	NA	NA	unphased	0.874658963248275	0.874658963248275	1
20	30584969	30584970	71	49	2	1	1	1	NA	NA	NA	unphased	1.21890547263682	1.21890547263682	1
20	31062442	31062443	94	29	2	1	1	1	NA	NA	NA	unphased	0.703798082756947	0.703798082756947	1
20	50803457	50803458	60	23	2	1	1	1	NA	NA	NA	unphased	0.827189354432656	0.827189354432656	1
20	62038176	62038177	28	7	2	1	1	1	NA	NA	NA	unphased	0.597014925373134	0.597014925373134	1
20	62421832	62421833	58	5	NA	NA	NA	NA	NA	NA	NA	unphased	NA	NA	1
21	22838976	22838977	35	35	1.01	1	1	0.01	0	1	0.99	unphased	0.997537313432836	0.997537313432836	1
21	35893928	35893929	35	9	1.01	1	1	0.01	0	1	0.99	unphased	0.408083446404342	0.408083446404342	1
21	45670818	45670819	7	9	1	1	0	1	NA	NA	NA	unphased	1.11660447761194	1.11660447761194	1
21	46032302	46032303	58	51	1	1	0	1	NA	NA	NA	unphased	0.928796385047241	0.928796385047241	1
21	46932275	46932276	16	16	1	1	0	1	NA	NA	NA	unphased	0.992537313432836	0.992537313432836	1
22	16267030	16267031	659	74	NA	NA	NA	NA	NA	NA	NA	unphased	NA	NA	1
22	16277793	16277794	256	39	NA	NA	NA	NA	NA	NA	NA	unphased	NA	NA	1
22	23077341	23077342	285	131	1.05	1	1	0.05	0	1	0.95	unphased	0.640852827210103	0.640852827210103	1
22	25152462	25152463	46	28	1.05	1	1	0.05	0	1	0.95	unphased	0.770028237192416	0.770028237192416	1
22	26299710	26299711	12	6	1.05	1	1	0.05	0	1	0.95	unphased	0.678358208955224	0.678358208955224	1
22	26299711	26299712	12	6	1.05	1	1	0.05	0	1	0.95	unphased	0.678358208955224	0.678358208955224	1
22	26351203	26351204	17	8	1.05	1	1	0.05	0	1	0.95	unphased	0.651223880597015	0.651223880597015	1
22	30659813	30659814	92	49	1.31	1	1	0.31	1	0	0.69	unphased	0.797579125648354	0.797579125648354	1
22	40161478	40161479	264	111	1.31	1	1	0.31	1	0	0.69	unphased	0.679342089552239	0.679342089552239	1
22	41565528	41565529	196	140	1.31	1	1	0.31	1	0	0.69	unphased	0.956281094527363	0.956281094527363	1
22	43930575	43930576	78	44	1.31	1	1	0.31	1	0	0.69	unphased	0.827731832640078	0.827731832640078	1
3	3111851	3111852	92	93	1	1	0	1	NA	NA	NA	unphased	0.997902379991932	0.997902379991932	1
3	28454870	28454871	145	139	1	1	0	1	NA	NA	NA	unphased	0.97156821526172	0.97156821526172	1
3	38294340	38294341	46	50	1	1	0	1	NA	NA	NA	unphased	1.03389303482587	1.03389303482587	1
3	42679872	42679873	66	11	1	1	0	1	NA	NA	NA	unphased	0.283582089552239	0.283582089552239	1
3	64619204	64619205	76	62	1	1	0	1	NA	NA	NA	unphased	0.891845122215012	0.891845122215012	1
3	74385766	74385767	135	21	2.71	2	1	0.71	1	1	0.29	unphased	0.497413892078071	0.700582946588833	0.71
3	74411091	74411092	152	35	2.71	2	1	0.71	1	1	0.29	unphased	0.691591507702131	0.974072546059339	0.71
3	77526582	77526583	238	90	2.71	2	1	0.71	1	1	0.29	unphased	1.01389242810339	1.01389242810339	1
3	88104602	88104603	201	22	2.71	2	1	0.71	1	1	0.29	unphased	0.364536510273743	0.364536510273743	1
3	99515031	99515032	25	4	2.71	2	1	0.71	1	1	0.29	unphased	0.509665465774575	0.509665465774575	1
3	100365480	100365481	210	24	2.71	2	1	0.71	1	1	0.29	unphased	0.378982013011864	0.378982013011864	1
3	105495384	105495385	215	50	2.71	2	1	0.71	1	1	0.29	unphased	0.697183891861447	0.981949143466827	0.71
3	108324206	108324207	177	131	2.71	2	1	0.71	1	1	0.29	unphased	1.57160641597209	0.919068079515841	1.71
3	111780769	111780770	165	32	2.71	2	1	0.71	1	1	0.29	unphased	0.600215167815743	0.845373475796822	0.71
3	113098308	113098309	368	34	2.71	2	1	0.71	1	1	0.29	unphased	0.312518749535903	0.312518749535903	1
3	119150878	119150879	103	20	2.71	2	1	0.71	1	1	0.29	unphased	0.600825142579784	0.846232595182794	0.71
3	119396167	119396168	9	15	2.71	2	1	0.71	1	1	0.29	unphased	2.30942164179104	1.35053897180763	1.71
3	129816072	129816073	43	7	2.71	2	1	0.71	1	1	0.29	unphased	0.517310447761194	0.728606264452386	0.71
3	131261560	131261561	101	68	2.71	2	1	0.71	1	1	0.29	unphased	1.48677558950808	0.869459409069053	1.71
3	138739141	138739142	65	54	2.71	2	1	0.71	1	1	0.29	unphased	1.67675655336762	0.980559387934278	1.71
3	140401760	140401761	77	44	2.71	2	1	0.71	1	1	0.29	unphased	1.34366350067843	0.785768129051711	1.71
3	142775290	142775291	43	30	2.71	2	1	0.71	1	1	0.29	unphased	1.51852381925986	0.888025625298167	1.71
3	147128308	147128309	27	14	2.71	2	1	0.71	1	1	0.29	unphased	1.26173279941755	1.26173279941755	1
3	147128309	147128310	29	14	2.71	2	1	0.71	1	1	0.29	unphased	1.20304755293301	1.20304755293301	1
3	156395781	156395782	310	66	2.71	2	1	0.71	1	1	0.29	unphased	0.648603524928549	0.91352609144866	0.71
3	182948761	182948762	65	44	2.88	2	1	0.94	0	1	0.0600000000000001	unphased	1.56021361084486	0.829900856832371	1.88
3	184953215	184953216	50	71	2.88	2	1	0.94	0	1	0.0600000000000001	unphased	2.26793635130134	1.1690393563409	1.94
3	185638957	185638958	68	48	2.88	2	1	0.94	0	1	0.0600000000000001	unphased	1.59934122490993	0.850713417505284	1.88
3	194118140	194118141	71	7	2.88	2	1	0.94	0	1	0.0600000000000001	unphased	0.346865671641791	0.346865671641791	1
3	194151030	194151031	78	7	2.88	2	1	0.94	0	1	0.0600000000000001	unphased	0.318300263388938	0.318300263388938	1
4	20715093	20715094	160	56	2	1	1	0.11	1	1	0.89	unphased	0.773908236594804	0.869559816398656	0.89
4	40045442	40045443	44	15	2	1	1	0.11	1	1	0.89	unphased	0.758917278016696	0.758917278016696	1
4	56309860	56309861	618	66	8	7	1	1	NA	NA	NA	unphased	0.866980885048442	0.866980885048442	1
4	56310046	56310047	459	35	8	7	1	1	NA	NA	NA	unphased	0.63659435615445	0.63659435615445	1
4	57221561	57221562	65	49	1	1	0	1	NA	NA	NA	unphased	0.853233830845771	0.853233830845771	1
4	69811131	69811132	43	38	1	1	0	1	NA	NA	NA	unphased	0.931269578035747	0.931269578035747	1
4	84342849	84342850	48	33	1	1	0	1	NA	NA	NA	unphased	0.80873410724157	0.80873410724157	1
4	89679909	89679910	67	53	1	1	0	1	NA	NA	NA	unphased	0.876741293532338	0.876741293532338	1
4	113970899	113970900	15	16	1	1	0	1	NA	NA	NA	unphased	1.02455464612422	1.02455464612422	1
4	119220047	119220048	87	16	1	1	0	1	NA	NA	NA	unphased	0.30836110708593	0.30836110708593	1
4	126239262	126239263	37	31	1	1	0	1	NA	NA	NA	unphased	0.90496049165935	0.90496049165935	1
4	134073307	134073308	17	18	1	1	0	1	NA	NA	NA	unphased	1.02089552238806	1.02089552238806	1
4	146073749	146073750	38	41	1	1	0	1	NA	NA	NA	unphased	1.03022860381636	1.03022860381636	1
4	154502647	154502648	72	41	1	1	0	1	NA	NA	NA	unphased	0.720248315942412	0.720248315942412	1
4	156634712	156634713	23	17	1	1	0	1	NA	NA	NA	unphased	0.84365671641791	0.84365671641791	1
4	156773400	156773401	103	66	1	1	0	1	NA	NA	NA	unphased	0.775236244811446	0.775236244811446	1
4	158257832	158257833	137	70	1	1	0	1	NA	NA	NA	unphased	0.671281274785493	0.671281274785493	1
4	158257833	158257834	138	70	1	1	0	1	NA	NA	NA	unphased	0.668053960964409	0.668053960964409	1
4	158281081	158281082	31	33	1	1	0	1	NA	NA	NA	unphased	1.02355410447761	1.02355410447761	1
5	428048	428049	65	21	NA	NA	NA	NA	NA	NA	NA	unphased	NA	NA	1
5	9629448	9629449	78	35	2	1	1	0.08	1	1	0.92	unphased	0.92458063663981	0.92458063663981	1
5	13830717	13830718	147	22	2	1	1	0.08	1	1	0.92	unphased	0.388589596396715	0.388589596396715	1
5	31799814	31799815	97	33	2	1	1	0.08	1	1	0.92	unphased	0.757749712973594	0.823640992362602	0.92
5	33546194	33546195	155	40	2	1	1	0.08	1	1	0.92	unphased	0.612323000382702	0.612323000382702	1
5	35740019	35740020	110	19	2	1	1	0.08	1	1	0.92	unphased	0.439662154344556	0.439662154344556	1
5	40959661	40959662	38	6	2	1	1	0.08	1	1	0.92	unphased	0.407055630936228	0.407055630936228	1
5	43677882	43677883	272	30	2	1	1	0.08	1	1	0.92	unphased	0.296530592072749	0.296530592072749	1
5	45645412	45645413	104	7	2	1	1	0.08	1	1	0.92	unphased	0.188247949441979	0.188247949441979	1
5	71493829	71493830	61	72	1	1	0	1	NA	NA	NA	unphased	1.07462686567164	1.07462686567164	1
5	74893589	74893590	49	52	1	1	0	1	NA	NA	NA	unphased	1.02201861977243	1.02201861977243	1
5	77298535	77298536	5	3	1	1	0	1	NA	NA	NA	unphased	0.744402985074627	0.744402985074627	1
5	79084820	79084821	97	83	1	1	0	1	NA	NA	NA	unphased	0.915339966832504	0.915339966832504	1
5	81614127	81614128	30	35	1	1	0	1	NA	NA	NA	unphased	1.06888633754305	1.06888633754305	1
5	112849644	112849645	3	7	1	1	0	1	NA	NA	NA	unphased	1.38955223880597	1.38955223880597	1
5	113831656	113831657	127	111	1	1	0	1	NA	NA	NA	unphased	0.925812115891133	0.925812115891133	1
5	121187976	121187977	34	34	1	1	0	1	NA	NA	NA	unphased	0.992537313432836	0.992537313432836	1
5	122272480	122272481	51	40	1	1	0	1	NA	NA	NA	unphased	0.87256027554535	0.87256027554535	1
5	140741838	140741839	110	66	1	1	0	1	NA	NA	NA	unphased	0.744402985074627	0.744402985074627	1
5	140769699	140769700	254	214	1	1	0	1	NA	NA	NA	unphased	0.907705064421482	0.907705064421482	1
5	141248634	141248635	61	49	1	1	0	1	NA	NA	NA	unphased	0.884260515603799	0.884260515603799	1
5	169679494	169679495	13	7	1	1	0	1	NA	NA	NA	unphased	0.694776119402985	0.694776119402985	1
6	348861	348862	59	37	NA	NA	NA	NA	NA	NA	NA	unphased	NA	NA	1
6	7327089	7327090	104	27	1.04	1	1	0.04	0	1	0.96	unphased	0.417381793323459	0.417381793323459	1
6	10894191	10894192	84	25	1.04	1	1	0.04	0	1	0.96	unphased	0.464466657537998	0.464466657537998	1
6	25450633	25450634	50	19	1.04	1	1	0.04	0	1	0.96	unphased	0.557629245078953	0.557629245078953	1
6	26189071	26189072	99	48	1.04	1	1	0.04	0	1	0.96	unphased	0.661248857752056	0.661248857752056	1
6	29141628	29141629	317	83	1.04	1	1	0.04	0	1	0.96	unphased	0.420202985074627	0.420202985074627	1
6	31079318	31079319	129	38	1.04	1	1	0.04	0	1	0.96	unphased	0.460795424077219	0.460795424077219	1
6	32187379	32187380	28	13	1.04	1	1	0.04	0	1	0.96	unphased	0.642096832908628	0.642096832908628	1
6	37284590	37284591	167	67	1.04	1	1	0.04	0	1	0.96	unphased	0.57982905982906	0.57982905982906	1
6	41197819	41197820	155	64	1.04	1	1	0.04	0	1	0.96	unphased	0.591802630682205	0.591802630682205	1
6	43307501	43307502	88	22	1.04	1	1	0.04	0	1	0.96	unphased	0.405014925373134	0.405014925373134	1
6	49427214	49427215	45	24	1.04	1	1	0.04	0	1	0.96	unphased	0.704373783257625	0.704373783257625	1
6	51491893	51491894	280	58	1.04	1	1	0.04	0	1	0.96	unphased	0.347498012894109	0.347498012894109	1
6	51892633	51892634	77	17	1.04	1	1	0.04	0	1	0.96	unphased	0.366236900603366	0.366236900603366	1
6	57472439	57472440	80	8	1.04	1	1	0.04	0	1	0.96	unphased	0.184097693351425	0.184097693351425	1
6	57512734	57512735	405	20	1.04	1	1	0.04	0	1	0.96	unphased	0.095297629499561	0.095297629499561	1
6	75875301	75875302	207	93	1.04	1	1	0.04	0	1	0.96	unphased	0.627773134328358	0.627773134328358	1
6	89890083	89890084	33	27	1	1	0	1	NA	NA	NA	unphased	0.893283582089552	0.893283582089552	1
6	90718356	90718357	98	4	1	1	0	1	NA	NA	NA	unphased	0.0778460637986538	0.0778460637986538	1
6	105573293	105573294	191	150	1	1	0	1	NA	NA	NA	unphased	0.873199982492231	0.873199982492231	1
6	117641145	117641146	68	56	1	1	0	1	NA	NA	NA	unphased	0.89648531535869	0.89648531535869	1
6	128134170	128134171	97	85	1	1	0	1	NA	NA	NA	unphased	0.927095292766935	0.927095292766935	1
6	131949222	131949223	45	48	1	1	0	1	NA	NA	NA	unphased	1.02455464612422	1.02455464612422	1
6	132910095	132910096	45	43	1	1	0	1	NA	NA	NA	unphased	0.969979647218453	0.969979647218453	1
6	133789709	133789710	83	74	1	1	0	1	NA	NA	NA	unphased	0.935640269987641	0.935640269987641	1
6	133836551	133836552	120	91	1	1	0	1	NA	NA	NA	unphased	0.856122232439697	0.856122232439697	1
6	142726875	142726876	22	22	1	1	0	1	NA	NA	NA	unphased	0.992537313432836	0.992537313432836	1
6	161781191	161781192	87	70	1	1	0	1	NA	NA	NA	unphased	0.88506512025858	0.88506512025858	1
7	15240876	15240877	74	36	2	1	1	1	NA	NA	NA	unphased	0.976933514246947	0.976933514246947	1
7	21826350	21826351	273	10	2	1	1	1	NA	NA	NA	unphased	0.10547966879384	0.10547966879384	1
7	21946240	21946241	164	6	2	1	1	1	NA	NA	NA	unphased	0.105355575065847	0.105355575065847	1
7	22985294	22985295	202	95	2	1	1	1	NA	NA	NA	unphased	0.954821850344238	0.954821850344238	1
7	24854818	24854819	146	71	2	1	1	1	NA	NA	NA	unphased	0.976683403260197	0.976683403260197	1
7	25175512	25175513	44	24	2	1	1	1	NA	NA	NA	unphased	1.05355575065847	1.05355575065847	1
7	27134300	27134301	148	82	2	1	1	1	NA	NA	NA	unphased	1.06424399740428	1.06424399740428	1
7	27224828	27224829	28	19	2	1	1	1	NA	NA	NA	unphased	1.20673229596697	1.20673229596697	1
7	30693148	30693149	160	63	2	1	1	1	NA	NA	NA	unphased	0.843317047051737	0.843317047051737	1
7	30791832	30791833	146	48	2	1	1	1	NA	NA	NA	unphased	0.738575165410063	0.738575165410063	1
7	31018794	31018795	100	34	2	1	1	1	NA	NA	NA	unphased	0.757406994876364	0.757406994876364	1
7	31617869	31617870	109	10	2	1	1	1	NA	NA	NA	unphased	0.250846607299636	0.250846607299636	1
7	31890252	31890253	159	69	2	1	1	1	NA	NA	NA	unphased	0.903377847604085	0.903377847604085	1
7	44155787	44155788	104	36	2	1	1	1	NA	NA	NA	unphased	0.767590618336887	0.767590618336887	1
7	45932715	45932716	65	40	2	1	1	1	NA	NA	NA	unphased	1.13717128642502	1.13717128642502	1
7	50674066	50674067	140	39	2	1	1	1	NA	NA	NA	unphased	0.650379387976319	0.650379387976319	1
7	55231500	55231501	121	47	2	1	1	1	NA	NA	NA	unphased	0.835110163468372	0.835110163468372	1
7	71571264	71571265	53	17	2	1	1	0.09	1	1	0.91	unphased	0.724946695095949	0.724946695095949	1
7	87174181	87174182	220	93	2	1	1	0.09	1	1	0.91	unphased	0.886939106385008	0.886939106385008	1
7	87196137	87196138	83	48	2	1	1	0.09	1	1	0.91	unphased	1.09376780221032	1.09376780221032	1
7	87811360	87811361	94	9	2	1	1	0.09	1	1	0.91	unphased	0.260831763512534	0.260831763512534	1
7	88963283	88963284	88	48	2	1	1	0.09	1	1	0.91	unphased	1.05355575065847	1.05355575065847	1
7	89901182	89901183	47	13	2	1	1	0.09	1	1	0.91	unphased	0.646766169154229	0.710732054015636	0.91
7	93090229	93090230	160	56	2	1	1	0.09	1	1	0.91	unphased	0.773908236594804	0.850448611642641	0.91
7	94176440	94176441	125	63	2	1	1	0.09	1	1	0.91	unphased	1.00031756113052	1.00031756113052	1
7	94293675	94293676	18	4	2	1	1	0.09	1	1	0.91	unphased	0.542740841248304	0.542740841248304	1
7	94931586	94931587	129	33	2	1	1	0.09	1	1	0.91	unphased	0.608070757324489	0.608070757324489	1
7	94931587	94931588	129	33	2	1	1	0.09	1	1	0.91	unphased	0.608070757324489	0.608070757324489	1
7	99022624	99022625	113	61	2	1	1	0.09	1	1	0.91	unphased	1.04649167953337	1.04649167953337	1
7	103230066	103230067	294	109	2	1	1	0.09	1	1	0.91	unphased	0.807377504536869	0.887228026963592	0.91
7	105207723	105207724	94	48	2	1	1	0.09	1	1	0.91	unphased	1.0090393104898	1.0090393104898	1
7	107115494	107115495	140	66	2	1	1	0.09	1	1	0.91	unphased	0.956383132879293	0.956383132879293	1
7	123594309	123594310	194	106	2	1	1	0.09	1	1	0.91	unphased	1.0547263681592	1.0547263681592	1
7	127255260	127255261	28	11	2	1	1	0.09	1	1	0.91	unphased	0.841944125526215	0.841944125526215	1
7	127255380	127255381	60	28	2	1	1	0.09	1	1	0.91	unphased	0.949796472184532	0.949796472184532	1
7	131815233	131815234	141	12	2	1	1	0.09	1	1	0.91	unphased	0.234123500146327	0.234123500146327	1
7	138529069	138529070	47	9	2	1	1	0.09	1	1	0.91	unphased	0.479744136460554	0.479744136460554	1
7	146536990	146536991	43	13	2	1	1	0.09	1	1	0.91	unphased	0.692963752665245	0.692963752665245	1
7	147092865	147092866	161	68	2	1	1	0.09	1	1	0.91	unphased	0.886397705794173	0.886397705794173	1
7	148964224	148964225	37	22	2	1	1	0.09	1	1	0.91	unphased	1.11307867442449	1.11307867442449	1
7	150418002	150418003	24	9	2	1	1	0.09	1	1	0.91	unphased	0.814111261872456	0.814111261872456	1
8	22138667	22138668	79	71	1	1	0	1	NA	NA	NA	unphased	0.939601990049751	0.939601990049751	1
8	25897592	25897593	180	7	1	1	0	1	NA	NA	NA	unphased	0.0743076063532604	0.0743076063532604	1
8	26722123	26722124	51	24	1	1	0	1	NA	NA	NA	unphased	0.635223880597015	0.635223880597015	1
8	26722124	26722125	51	24	1	1	0	1	NA	NA	NA	unphased	0.635223880597015	0.635223880597015	1
8	35583823	35583824	341	35	8	7	1	1	NA	NA	NA	unphased	0.836376627500794	0.836376627500794	1
8	41519055	41519056	252	68	6	5	1	1	NA	NA	NA	unphased	1.48432835820896	0.742164179104478	2
8	52320772	52320773	221	25	3.1	3	1	0.7	1	0	0.3	unphased	0.415149860453828	0.415149860453828	1
8	52321319	52321320	25	11	3.1	3	1	0.7	1	0	0.3	unphased	1.24821724709784	1.24821724709784	1
8	52773686	52773687	101	122	3.1	3	1	0.7	1	0	0.3	unphased	2.23488387658122	0.931201615242175	2.4
8	55541588	55541589	284	65	3.1	3	1	0.7	1	0	0.3	unphased	0.760830517897618	1.08690073985374	0.7
8	59496618	59496619	172	34	1.45	3	1	0.15	1	0	0.85	unphased	0.401905520938994	0.401905520938994	1
8	63976810	63976811	170	33	3.24	4	1	0.56	1	0	0.44	unphased	0.686834791559444	1.22649069921329	0.56
8	67590142	67590143	18	6	2.12	2	1	0.56	1	0	0.44	unphased	0.776268656716418	0.776268656716418	1
8	68939532	68939533	149	45	2.12	2	1	0.56	1	0	0.44	unphased	0.720249269118326	0.720249269118326	1
8	75898238	75898239	393	122	2.52	2	1	0.76	1	0	0.24	unphased	0.830328358208955	1.09253731343284	0.76
8	77766791	77766792	257	12	2.52	2	1	0.76	1	0	0.24	unphased	0.15636020640293	0.15636020640293	1
8	88886262	88886263	37	11	2.52	2	1	0.76	1	0	0.24	unphased	0.803246268656716	0.803246268656716	1
8	92983052	92983053	72	32	2.52	2	1	0.76	1	0	0.24	unphased	1.07848450057405	1.07848450057405	1
8	95866062	95866063	230	170	2.52	2	1	0.76	1	0	0.24	unphased	1.48965671641791	0.846395861601085	1.76
8	99149121	99149122	376	112	2.52	2	1	0.76	1	0	0.24	unphased	0.804443356985564	1.05847810129679	0.76
8	105361701	105361702	612	153	2.52	2	1	0.76	1	0	0.24	unphased	0.701014925373134	0.922388059701493	0.76
8	113256796	113256797	99	79	3	2	1	1	NA	NA	NA	unphased	1.76865671641791	0.884328358208955	2
8	113304919	113304920	154	43	3	2	1	1	NA	NA	NA	unphased	0.869838624138192	0.869838624138192	1
8	143822394	143822395	13	5	3.4	3	1	0.8	1	0	0.2	unphased	1.21807628524046	1.21807628524046	1
8	145634409	145634410	113	180	NA	NA	NA	NA	NA	NA	NA	unphased	NA	NA	1
9	14801697	14801698	74	25	2	1	1	0.08	1	1	0.92	unphased	0.753806723955978	0.753806723955978	1
9	17416045	17416046	129	65	2	1	1	0.08	1	1	0.92	unphased	1.00015386982613	1.00015386982613	1
9	21333174	21333175	189	68	2	1	1	0.08	1	1	0.92	unphased	0.789825193100645	0.858505644674614	0.92
9	43626969	43626970	79	67	NA	NA	NA	NA	NA	NA	NA	unphased	NA	NA	1
9	84609747	84609748	40	30	1	1	0	1	NA	NA	NA	unphased	0.850746268656716	0.850746268656716	1
9	94493271	94493272	41	36	1	1	0	1	NA	NA	NA	unphased	0.9280868385346	0.9280868385346	1
9	95077000	95077001	28	31	1	1	0	1	NA	NA	NA	unphased	1.04300531242095	1.04300531242095	1
9	107556764	107556765	23	43	1	1	0	1	NA	NA	NA	unphased	1.29330619629127	1.29330619629127	1
9	133901777	133901778	25	35	1	1	0	1	NA	NA	NA	unphased	1.15796019900498	1.15796019900498	1
9	137642704	137642705	25	10	1	1	0	1	NA	NA	NA	unphased	0.567164179104478	0.567164179104478	1
9	139802568	139802569	50	36	1	1	0	1	NA	NA	NA	unphased	0.830961471711211	0.830961471711211	1
X	6451847	6451848	478	80	NA	NA	NA	NA	NA	NA	NA	unphased	NA	NA	1
X	16170571	16170572	215	87	NA	NA	NA	NA	NA	NA	NA	unphased	NA	NA	1
X	16858000	16858001	130	40	NA	NA	NA	NA	NA	NA	NA	unphased	NA	NA	1
X	18283769	18283770	293	73	NA	NA	NA	NA	NA	NA	NA	unphased	NA	NA	1
X	21674688	21674689	7	6	NA	NA	NA	NA	NA	NA	NA	unphased	NA	NA	1
X	31165522	31165523	85	31	NA	NA	NA	NA	NA	NA	NA	unphased	NA	NA	1
X	41000370	41000371	38	29	NA	NA	NA	NA	NA	NA	NA	unphased	NA	NA	1
X	41383257	41383258	41	9	NA	NA	NA	NA	NA	NA	NA	unphased	NA	NA	1
X	45010843	45010844	66	14	NA	NA	NA	NA	NA	NA	NA	unphased	NA	NA	1
X	47101704	47101705	32	7	NA	NA	NA	NA	NA	NA	NA	unphased	NA	NA	1
X	48418719	48418720	76	13	NA	NA	NA	NA	NA	NA	NA	unphased	NA	NA	1
X	48853674	48853675	19	3	NA	NA	NA	NA	NA	NA	NA	unphased	NA	NA	1
X	49065138	49065139	99	22	NA	NA	NA	NA	NA	NA	NA	unphased	NA	NA	1
X	49079263	49079264	127	21	NA	NA	NA	NA	NA	NA	NA	unphased	NA	NA	1
X	50114794	50114795	24	16	NA	NA	NA	NA	NA	NA	NA	unphased	NA	NA	1
X	53564622	53564623	24	18	NA	NA	NA	NA	NA	NA	NA	unphased	NA	NA	1
X	54265437	54265438	74	32	NA	NA	NA	NA	NA	NA	NA	unphased	NA	NA	1
X	54321178	54321179	113	26	NA	NA	NA	NA	NA	NA	NA	unphased	NA	NA	1
X	54569758	54569759	49	12	NA	NA	NA	NA	NA	NA	NA	unphased	NA	NA	1
X	54784426	54784427	247	29	NA	NA	NA	NA	NA	NA	NA	unphased	NA	NA	1
X	69665407	69665408	7	6	NA	NA	NA	NA	NA	NA	NA	unphased	NA	NA	1
X	73043318	73043319	12	12	NA	NA	NA	NA	NA	NA	NA	unphased	NA	NA	1
X	73071840	73071841	22	17	NA	NA	NA	NA	NA	NA	NA	unphased	NA	NA	1
X	100297168	100297169	82	261	NA	NA	NA	NA	NA	NA	NA	unphased	NA	NA	1
X	102755637	102755638	50	176	NA	NA	NA	NA	NA	NA	NA	unphased	NA	NA	1
X	105075070	105075071	84	164	NA	NA	NA	NA	NA	NA	NA	unphased	NA	NA	1
X	110490619	110490620	716	68	NA	NA	NA	NA	NA	NA	NA	unphased	NA	NA	1
X	115304521	115304522	171	444	NA	NA	NA	NA	NA	NA	NA	unphased	NA	NA	1
X	115582713	115582714	173	355	NA	NA	NA	NA	NA	NA	NA	unphased	NA	NA	1
X	129149113	129149114	43	68	NA	NA	NA	NA	NA	NA	NA	unphased	NA	NA	1
X	132795840	132795841	161	18	NA	NA	NA	NA	NA	NA	NA	unphased	NA	NA	1
X	153678267	153678268	72	19	NA	NA	NA	NA	NA	NA	NA	unphased	NA	NA	1
X	155004440	155004441	37	48	NA	NA	NA	NA	NA	NA	NA	unphased	NA	NA	1
