chr	pos	ref	alt	gene	classification	t_ref_count	t_alt_count	total_depth	vaf	local_cn	major_cn	minor_cn	mcn	multiplicity	ccf	ccf_capped	is_clonal	purity	ploidy
1	26527516	C	G	CATSPER4	Missense_Mutation	53	22	75	0.29333333333333333	2	1	1	2.023	1	2.023	1.0	True	0.29	1.93
1	38227180	G	T	EPHA10	Silent	15	6	21	0.2857142857142857	2	1	1	1.9704	1	1.9704	1.0	True	0.29	1.93
1	46105896	G	T	GPBP1L1	Missense_Mutation	68	32	100	0.32	2	1	1	2.2069	1	2.2069	1.0	True	0.29	1.93
1	55282768	C	G	C1orf177	Nonsense_Mutation	29	12	41	0.2926829268292683	2	1	1	2.0185	1	2.0185	1.0	True	0.29	1.93
1	84991427	C	G	SPATA1	RNA	54	11	65	0.16923076923076924	2	1	1	1.1671	1	1.1671	1.0	True	0.29	1.93
1	112045897	A	G	ADORA3	Missense_Mutation	25	10	35	0.2857142857142857	2	1	1	1.9704	1	1.9704	1.0	True	0.29	1.93
1	144930941	C	T	PDE4DIP	Intron	93	6	99	0.06060606060606061	2	1	1	0.418	1	0.418	0.418	False	0.29	1.93
1	155254985	C	T	HCN3	Silent	60	31	91	0.34065934065934067	2	1	1	2.3494	1	2.3494	1.0	True	0.29	1.93
1	156721162	C	T	HDGF	Intron	43	8	51	0.1568627450980392	2	1	1	1.0818	1	1.0818	1.0	True	0.29	1.93
1	160811560	G	T	CD244	Missense_Mutation	67	6	73	0.0821917808219178	2	1	1	0.5668	1	0.5668	0.5668	False	0.29	1.93
1	181701992	C	T	CACNA1E	Missense_Mutation	65	20	85	0.23529411764705882	2	1	1	1.6227	1	1.6227	1.0	True	0.29	1.93
1	202394796	G	A	PPP1R12B	Missense_Mutation	152	62	214	0.2897196261682243	2	1	1	1.9981	1	1.9981	1.0	True	0.29	1.93
1	212558747	G	C	TMEM206	Missense_Mutation	30	11	41	0.2682926829268293	2	1	1	1.8503	1	1.8503	1.0	True	0.29	1.93
1	213302960	C	T	RPS6KC1	Missense_Mutation	47	19	66	0.2878787878787879	2	1	1	1.9854	1	1.9854	1.0	True	0.29	1.93
1	216595619	C	T	USH2A	Silent	41	26	67	0.3880597014925373	2	1	1	2.6763	1	2.6763	1.0	True	0.29	1.93
1	236729993	C	G	HEATR1	Missense_Mutation	20	10	30	0.3333333333333333	2	1	1	2.2989	1	2.2989	1.0	True	0.29	1.93
1	248308801	A	T	OR2M5	Missense_Mutation	261	44	305	0.14426229508196722	2	1	1	0.9949	1	0.9949	0.9949	True	0.29	1.93
2	233104	C	G	SH3YL1	Missense_Mutation	34	10	44	0.22727272727272727	2	1	1	1.5674	1	1.5674	1.0	True	0.29	1.93
2	25022647	C	G	CENPO	Silent	73	29	102	0.28431372549019607	2	1	1	1.9608	1	1.9608	1.0	True	0.29	1.93
2	70188815	C	T	ASPRV1	Silent	82	17	99	0.1717171717171717	2	1	1	1.1843	1	1.1843	1.0	True	0.29	1.93
2	116599880	G	C	DPP10	Missense_Mutation	27	16	43	0.37209302325581395	2	1	1	2.5662	1	2.5662	1.0	True	0.29	1.93
2	153575054	C	T	ARL6IP6	5'UTR	19	3	22	0.13636363636363635	2	1	1	0.9404	1	0.9404	0.9404	True	0.29	1.93
2	160043418	C	G	TANC1	Silent	60	14	74	0.1891891891891892	2	1	1	1.3048	1	1.3048	1.0	True	0.29	1.93
2	160889488	C	T	PLA2R1	Missense_Mutation	79	33	112	0.29464285714285715	2	1	1	2.032	1	2.032	1.0	True	0.29	1.93
2	168101136	T	A	XIRP2	Missense_Mutation	31	11	42	0.2619047619047619	2	1	1	1.8062	1	1.8062	1.0	True	0.29	1.93
2	178098945	G	C	NFE2L2	Missense_Mutation	40	22	62	0.3548387096774194	2	1	1	2.4472	1	2.4472	1.0	True	0.29	1.93
2	198265579	C	T	SF3B1	Missense_Mutation	36	19	55	0.34545454545454546	2	1	1	2.3824	1	2.3824	1.0	True	0.29	1.93
2	231101841	G	C	SP140	Missense_Mutation	34	11	45	0.24444444444444444	2	1	1	1.6858	1	1.6858	1.0	True	0.29	1.93
3	44763421	G	T	ZNF502	Missense_Mutation	44	19	63	0.30158730158730157	1	1	0	1.7783	1	1.7783	1.0	True	0.29	1.93
3	44803150	G	C	KIAA1143	5'UTR	15	3	18	0.16666666666666666	1	1	0	0.9828	1	0.9828	0.9828	True	0.29	1.93
3	49756686	G	A	AMIGO3	Silent	57	8	65	0.12307692307692308	1	1	0	0.7257	1	0.7257	0.7257	False	0.29	1.93
3	51308328	G	C	DOCK3	Missense_Mutation	34	18	52	0.34615384615384615	1	1	0	2.0411	1	2.0411	1.0	True	0.29	1.93
3	52019390	A	G	ACY1	Missense_Mutation	19	11	30	0.36666666666666664	1	1	0	2.1621	1	2.1621	1.0	True	0.29	1.93
3	53783393	T	C	CACNA1D	Missense_Mutation	54	11	65	0.16923076923076924	1	1	0	0.9979	1	0.9979	0.9979	True	0.29	1.93
3	138289995	G	A	CEP70	Silent	22	35	57	0.6140350877192983	5	5	0	6.0768	5	1.2154	1.0	True	0.29	1.93
3	148876570	G	A	HPS3	Silent	67	83	150	0.5533333333333333	5	5	0	5.4761	5	1.0952	1.0	True	0.29	1.93
3	148905872	C	G	CP	Missense_Mutation	111	112	223	0.5022421524663677	5	5	0	4.9705	5	0.9941	0.9941	True	0.29	1.93
3	150176286	C	G	TSC22D2	Missense_Mutation	126	10	136	0.07352941176470588	5	5	0	0.7277	1	0.7277	0.7277	False	0.29	1.93
3	151134181	C	T	MED12L	Missense_Mutation	86	15	101	0.1485148514851485	5	5	0	1.4698	1	1.4698	1.0	True	0.29	1.93
3	170150402	G	A	CLDN11	Missense_Mutation	120	11	131	0.08396946564885496	6	5	0	0.915	1	0.915	0.915	True	0.29	1.93
3	180328085	C	T	TTC14	Missense_Mutation	87	9	96	0.09375	6	5	0	1.0216	1	1.0216	1.0	True	0.29	1.93
3	186502252	G	A	EIF4A2	Missense_Mutation	66	75	141	0.5319148936170213	5	5	0	5.2641	5	1.0528	1.0	True	0.29	1.93
3	189586405	G	C	TP63	Silent	31	34	65	0.5230769230769231	5	5	0	5.1767	5	1.0353	1.0	True	0.29	1.93
3	189586422	G	A	TP63	Missense_Mutation	32	36	68	0.5294117647058824	5	5	0	5.2394	5	1.0479	1.0	True	0.29	1.93
3	189586431	G	T	TP63	Missense_Mutation	38	47	85	0.5529411764705883	5	5	0	5.4722	5	1.0944	1.0	True	0.29	1.93
3	189586439	G	A	TP63	Missense_Mutation	44	53	97	0.5463917525773195	5	5	0	5.4074	5	1.0815	1.0	True	0.29	1.93
4	41640972	C	G	LIMCH1	Missense_Mutation	122	5	127	0.03937007874015748	1	1	0	0.2321	1	0.2321	0.2321	False	0.29	1.93
4	74013060	G	A	ANKRD17	Silent	54	4	58	0.06896551724137931	1	1	0	0.4067	1	0.4067	0.4067	False	0.29	1.93
4	141323201	C	T	CLGN	Missense_Mutation	31	11	42	0.2619047619047619	1	1	0	1.5443	1	1.5443	1.0	True	0.29	1.93
4	144469117	A	C	SMARCA5	Missense_Mutation	51	14	65	0.2153846153846154	1	1	0	1.27	1	1.27	1.0	True	0.29	1.93
5	256537	G	A	SDHA	3'UTR	60	21	81	0.25925925925925924	4	3	1	2.3065	2	1.1533	1.0	True	0.29	1.93
5	14498674	G	T	TRIO	Missense_Mutation	55	20	75	0.26666666666666666	4	3	1	2.3724	2	1.1862	1.0	True	0.29	1.93
5	41054878	G	A	MROH2B	Silent	48	14	62	0.22580645161290322	2	1	1	1.5573	1	1.5573	1.0	True	0.29	1.93
5	77330255	C	G	AP3B1	Missense_Mutation	61	17	78	0.21794871794871795	2	1	1	1.5031	1	1.5031	1.0	True	0.29	1.93
5	98208137	G	C	CHD1	Missense_Mutation	45	16	61	0.26229508196721313	2	1	1	1.8089	1	1.8089	1.0	True	0.29	1.93
5	108714059	C	G	PJA2	Missense_Mutation	85	15	100	0.15	2	1	1	1.0345	1	1.0345	1.0	True	0.29	1.93
5	140038573	C	T	IK	Missense_Mutation	39	9	48	0.1875	2	1	1	1.2931	1	1.2931	1.0	True	0.29	1.93
5	140626776	G	A	PCDHB15	Missense_Mutation	54	20	74	0.2702702702702703	2	1	1	1.8639	1	1.8639	1.0	True	0.29	1.93
5	141018424	G	A	RELL2	Missense_Mutation	49	15	64	0.234375	2	1	1	1.6164	1	1.6164	1.0	True	0.29	1.93
5	147030078	G	A	JAKMIP2	Silent	48	11	59	0.1864406779661017	2	1	1	1.2858	1	1.2858	1.0	True	0.29	1.93
5	176305478	G	C	UNC5A	Missense_Mutation	51	3	54	0.05555555555555555	2	1	1	0.3831	1	0.3831	0.3831	False	0.29	1.93
6	26271219	G	A	HIST1H3G	Missense_Mutation	67	19	86	0.22093023255813954	1	1	0	1.3027	1	1.3027	1.0	True	0.29	1.93
6	46216504	C	T	RCAN2	Missense_Mutation	41	17	58	0.29310344827586204	1	1	0	1.7283	1	1.7283	1.0	True	0.29	1.93
6	88768484	C	G	SPACA1	Missense_Mutation	29	7	36	0.19444444444444445	1	1	0	1.1466	1	1.1466	1.0	True	0.29	1.93
6	105609918	G	C	POPDC3	5'UTR	15	5	20	0.25	1	1	0	1.4741	1	1.4741	1.0	True	0.29	1.93
6	108581967	G	A	SNX3	Silent	30	6	36	0.16666666666666666	1	1	0	0.9828	1	0.9828	0.9828	True	0.29	1.93
6	110301179	C	A	GPR6	Missense_Mutation	31	9	40	0.225	1	1	0	1.3267	1	1.3267	1.0	True	0.29	1.93
6	112575022	G	A	LAMA4	Intron	40	17	57	0.2982456140350877	1	1	0	1.7586	1	1.7586	1.0	True	0.29	1.93
6	151865777	C	G	CCDC170	Missense_Mutation	52	8	60	0.13333333333333333	1	1	0	0.7862	1	0.7862	0.7862	False	0.29	1.93
6	152763347	C	G	SYNE1	Missense_Mutation	42	22	64	0.34375	1	1	0	2.0269	1	2.0269	1.0	True	0.29	1.93
7	5330819	G	A	SLC29A4	Silent	31	6	37	0.16216216216216217	2	1	1	1.1184	1	1.1184	1.0	True	0.29	1.93
7	6472522	G	A	DAGLB	Silent	36	15	51	0.29411764705882354	2	1	1	2.0284	1	2.0284	1.0	True	0.29	1.93
7	8008910	C	A	GLCCI1	5'UTR	9	7	16	0.4375	2	1	1	3.0172	1	3.0172	1.0	True	0.29	1.93
7	16415841	A	G	ISPD	Missense_Mutation	22	12	34	0.35294117647058826	2	1	1	2.4341	1	2.4341	1.0	True	0.29	1.93
7	30490888	G	C	NOD1	Silent	50	15	65	0.23076923076923078	2	1	1	1.5915	1	1.5915	1.0	True	0.29	1.93
7	30491056	G	C	NOD1	Missense_Mutation	26	10	36	0.2777777777777778	2	1	1	1.9157	1	1.9157	1.0	True	0.29	1.93
7	38805225	G	C	VPS41	Silent	59	25	84	0.2976190476190476	2	1	1	2.0525	1	2.0525	1.0	True	0.29	1.93
7	72413825	C	T	POM121	Missense_Mutation	23	4	27	0.14814814814814814	2	1	1	1.0217	1	1.0217	1.0	True	0.29	1.93
7	82764883	C	T	PCLO	Silent	18	4	22	0.18181818181818182	2	1	1	1.2539	1	1.2539	1.0	True	0.29	1.93
7	87838667	C	T	SRI	Silent	71	18	89	0.20224719101123595	2	1	1	1.3948	1	1.3948	1.0	True	0.29	1.93
7	100390072	A	G	ZAN	Silent	26	14	40	0.35	2	1	1	2.4138	1	2.4138	1.0	True	0.29	1.93
7	140301638	G	A	DENND2A	Missense_Mutation	27	8	35	0.22857142857142856	2	1	1	1.5764	1	1.5764	1.0	True	0.29	1.93
7	149483202	G	A	SSPO	RNA	13	5	18	0.2777777777777778	2	1	1	1.9157	1	1.9157	1.0	True	0.29	1.93
7	150873259	G	A	ASB10	Silent	32	12	44	0.2727272727272727	2	1	1	1.8809	1	1.8809	1.0	True	0.29	1.93
7	154862970	G	A	HTR5A-AS1	Missense_Mutation	16	11	27	0.4074074074074074	2	1	1	2.8097	1	2.8097	1.0	True	0.29	1.93
7	157874045	G	A	PTPRN2	Silent	76	19	95	0.2	2	1	1	1.3793	1	1.3793	1.0	True	0.29	1.93
8	17169082	G	C	MTMR7	Missense_Mutation	158	72	230	0.3130434782608696	2	1	1	2.1589	1	2.1589	1.0	True	0.29	1.93
8	27364481	G	A	EPHX2	Silent	65	20	85	0.23529411764705882	2	1	1	1.6227	1	1.6227	1.0	True	0.29	1.93
8	41551505	C	T	ANK1	Missense_Mutation	18	5	23	0.21739130434782608	2	1	1	1.4993	1	1.4993	1.0	True	0.29	1.93
8	67514680	C	T	MYBL1	Nonsense_Mutation	48	16	64	0.25	2	1	1	1.7241	1	1.7241	1.0	True	0.29	1.93
8	80577108	G	A	STMN2	3'UTR	12	7	19	0.3684210526315789	2	1	1	2.5408	1	2.5408	1.0	True	0.29	1.93
8	100493950	C	G	VPS13B	Missense_Mutation	69	20	89	0.2247191011235955	2	1	1	1.5498	1	1.5498	1.0	True	0.29	1.93
9	16437329	C	G	BNC2	Missense_Mutation	101	19	120	0.15833333333333333	2	1	1	1.092	1	1.092	1.0	True	0.29	1.93
9	21971111	G	A	CDKN2A	Missense_Mutation	5	5	10	0.5	0	1	0	2.4483	1	2.4483	1.0	True	0.29	1.93
9	32457121	C	G	DDX58	Nonstop_Mutation	53	20	73	0.273972602739726	2	1	1	1.8895	1	1.8895	1.0	True	0.29	1.93
9	35869568	G	C	OR13J1	Silent	41	17	58	0.29310344827586204	2	1	1	2.0214	1	2.0214	1.0	True	0.29	1.93
9	88193896	C	G	AGTPBP1	Missense_Mutation	97	5	102	0.049019607843137254	2	1	1	0.3381	1	0.3381	0.3381	False	0.29	1.93
9	134067676	C	T	NUP214	Missense_Mutation	73	15	88	0.17045454545454544	2	1	1	1.1755	1	1.1755	1.0	True	0.29	1.93
9	136501718	G	A	DBH	Silent	19	12	31	0.3870967741935484	2	1	1	2.6696	1	2.6696	1.0	True	0.29	1.93
9	137582861	G	A	COL5A1	Silent	40	9	49	0.1836734693877551	2	1	1	1.2667	1	1.2667	1.0	True	0.29	1.93
9	137688262	C	T	COL5A1	Missense_Mutation	60	20	80	0.25	2	1	1	1.7241	1	1.7241	1.0	True	0.29	1.93
9	138454154	G	T	PAEP	Missense_Mutation	20	4	24	0.16666666666666666	2	1	1	1.1494	1	1.1494	1.0	True	0.29	1.93
10	14995989	C	T	DCLRE1C	Silent	26	7	33	0.21212121212121213	2	1	1	1.4629	1	1.4629	1.0	True	0.29	1.93
10	21806533	G	A	SKIDA1	Silent	14	11	25	0.44	2	1	1	3.0345	1	3.0345	1.0	True	0.29	1.93
10	26781309	G	C	APBB1IP	Missense_Mutation	69	23	92	0.25	2	1	1	1.7241	1	1.7241	1.0	True	0.29	1.93
10	50732714	C	T	ERCC6-PGBD3	Silent	104	32	136	0.23529411764705882	2	1	1	1.6227	1	1.6227	1.0	True	0.29	1.93
10	50945875	C	T	OGDHL	Silent	67	22	89	0.24719101123595505	2	1	1	1.7048	1	1.7048	1.0	True	0.29	1.93
10	100152696	C	T	PYROXD2	Intron	29	8	37	0.21621621621621623	2	1	1	1.4911	1	1.4911	1.0	True	0.29	1.93
10	118451883	G	A	HSPA12A	Silent	108	36	144	0.25	2	1	1	1.7241	1	1.7241	1.0	True	0.29	1.93
10	135101642	G	A	TUBGCP2	Silent	35	13	48	0.2708333333333333	2	1	1	1.8678	1	1.8678	1.0	True	0.29	1.93
11	5021112	G	T	OR51L1	Missense_Mutation	43	20	63	0.31746031746031744	2	1	1	2.1894	1	2.1894	1.0	True	0.29	1.93
11	5906312	C	G	OR52E4	Missense_Mutation	122	43	165	0.2606060606060606	2	1	1	1.7973	1	1.7973	1.0	True	0.29	1.93
11	36680736	A	T	C11orf74	Nonstop_Mutation	45	10	55	0.18181818181818182	2	1	1	1.2539	1	1.2539	1.0	True	0.29	1.93
11	47315469	G	A	MADD	Missense_Mutation	52	15	67	0.22388059701492538	2	1	1	1.544	1	1.544	1.0	True	0.29	1.93
11	49598223	C	G	RP11-707M1.1	RNA	23	11	34	0.3235294117647059	2	1	1	2.2312	1	2.2312	1.0	True	0.29	1.93
11	51411569	G	A	OR4A5	Missense_Mutation	41	10	51	0.19607843137254902	2	1	1	1.3523	1	1.3523	1.0	True	0.29	1.93
11	59211279	C	T	OR5A1	Missense_Mutation	94	46	140	0.32857142857142857	2	1	1	2.266	1	2.266	1.0	True	0.29	1.93
11	70507734	C	G	SHANK2	Missense_Mutation	98	56	154	0.36363636363636365	2	1	1	2.5078	1	2.5078	1.0	True	0.29	1.93
11	73748741	T	A	C2CD3	Missense_Mutation	12	4	16	0.25	2	1	1	1.7241	1	1.7241	1.0	True	0.29	1.93
11	120096466	G	C	OAF	Missense_Mutation	80	39	119	0.3277310924369748	2	1	1	2.2602	1	2.2602	1.0	True	0.29	1.93
11	125889610	T	C	CDON	Missense_Mutation	67	38	105	0.3619047619047619	2	1	1	2.4959	1	2.4959	1.0	True	0.29	1.93
12	2931957	C	G	ITFG2	Intron	63	14	77	0.18181818181818182	3	2	1	1.4357	1	1.4357	1.0	True	0.29	1.93
12	8084001	A	G	SLC2A3	Missense_Mutation	52	23	75	0.30666666666666664	3	2	1	2.4216	2	1.2108	1.0	True	0.29	1.93
12	8759524	G	A	AICDA	Silent	32	16	48	0.3333333333333333	3	2	1	2.6322	2	1.3161	1.0	True	0.29	1.93
12	14614029	C	G	ATF7IP	Missense_Mutation	72	4	76	0.05263157894736842	3	2	1	0.4156	1	0.4156	0.4156	False	0.29	1.93
12	14943498	G	A	WBP11	Nonsense_Mutation	38	16	54	0.2962962962962963	3	2	1	2.3397	2	1.1699	1.0	True	0.29	1.93
12	26568407	C	G	ITPR2	Missense_Mutation	59	17	76	0.2236842105263158	3	2	1	1.7663	2	0.8832	0.8832	True	0.29	1.93
12	26647208	C	G	ITPR2	Missense_Mutation	32	13	45	0.28888888888888886	3	2	1	2.2812	2	1.1406	1.0	True	0.29	1.93
12	29604346	C	T	OVCH1	Missense_Mutation	36	8	44	0.18181818181818182	3	2	1	1.4357	1	1.4357	1.0	True	0.29	1.93
12	41386995	C	T	CNTN1	Silent	92	47	139	0.3381294964028777	3	2	1	2.6701	2	1.335	1.0	True	0.29	1.93
12	46320993	G	C	SCAF11	Missense_Mutation	99	55	154	0.35714285714285715	3	2	1	2.8202	2	1.4101	1.0	True	0.29	1.93
12	48543105	C	A	ASB8	3'UTR	14	4	18	0.2222222222222222	3	2	1	1.7548	2	0.8774	0.8774	True	0.29	1.93
12	56216927	G	T	DNAJC14	Missense_Mutation	68	30	98	0.30612244897959184	3	2	1	2.4173	2	1.2087	1.0	True	0.29	1.93
12	57008938	C	T	BAZ2A	Missense_Mutation	21	6	27	0.2222222222222222	3	2	1	1.7548	2	0.8774	0.8774	True	0.29	1.93
12	76462743	C	G	NAP1L1	Missense_Mutation	184	38	222	0.17117117117117117	3	2	1	1.3517	1	1.3517	1.0	True	0.29	1.93
12	100657615	G	C	DEPDC4	Missense_Mutation	87	4	91	0.04395604395604396	3	2	1	0.3471	1	0.3471	0.3471	False	0.29	1.93
12	104341509	G	C	HSP90B1	3'UTR	26	8	34	0.23529411764705882	3	2	1	1.858	2	0.929	0.929	True	0.29	1.93
12	119617107	G	A	HSPB8	5'UTR	22	15	37	0.40540540540540543	3	2	1	3.2013	2	1.6007	1.0	True	0.29	1.93
12	133257861	C	G	POLE	Missense_Mutation	65	21	86	0.2441860465116279	3	2	1	1.9282	2	0.9641	0.9641	True	0.29	1.93
13	32912444	G	A	BRCA2	Missense_Mutation	50	3	53	0.05660377358490566	2	1	1	0.3904	1	0.3904	0.3904	False	0.29	1.93
14	21826511	C	T	SUPT16H	Missense_Mutation	24	7	31	0.22580645161290322	1	1	0	1.3315	1	1.3315	1.0	True	0.29	1.93
14	45658269	G	C	FANCM	Missense_Mutation	72	4	76	0.05263157894736842	1	1	0	0.3103	1	0.3103	0.3103	False	0.29	1.93
14	67779322	C	T	MPP5	Nonsense_Mutation	52	16	68	0.23529411764705882	1	1	0	1.3874	1	1.3874	1.0	True	0.29	1.93
14	94964457	C	T	SERPINA12	Missense_Mutation	57	11	68	0.16176470588235295	1	1	0	0.9539	1	0.9539	0.9539	True	0.29	1.93
14	102492964	G	A	DYNC1H1	Silent	47	24	71	0.3380281690140845	1	1	0	1.9932	1	1.9932	1.0	True	0.29	1.93
14	102493544	G	C	DYNC1H1	Silent	198	84	282	0.2978723404255319	1	1	0	1.7564	1	1.7564	1.0	True	0.29	1.93
14	102496188	G	C	DYNC1H1	Missense_Mutation	58	34	92	0.3695652173913043	1	1	0	2.1792	1	2.1792	1.0	True	0.29	1.93
14	105411002	C	T	AHNAK2	Missense_Mutation	150	27	177	0.15254237288135594	1	1	0	0.8995	1	0.8995	0.8995	True	0.29	1.93
14	105944793	G	T	CRIP2	Missense_Mutation	11	5	16	0.3125	1	1	0	1.8427	1	1.8427	1.0	True	0.29	1.93
15	25230278	G	A	SNORD64	RNA	73	20	93	0.21505376344086022	2	1	1	1.4831	1	1.4831	1.0	True	0.29	1.93
15	33895328	C	T	RYR3	Missense_Mutation	53	20	73	0.273972602739726	2	1	1	1.8895	1	1.8895	1.0	True	0.29	1.93
15	34109136	G	A	RYR3	Missense_Mutation	15	5	20	0.25	2	1	1	1.7241	1	1.7241	1.0	True	0.29	1.93
15	40916690	C	G	CASC5	Missense_Mutation	74	26	100	0.26	2	1	1	1.7931	1	1.7931	1.0	True	0.29	1.93
15	40916715	C	T	CASC5	Missense_Mutation	83	23	106	0.2169811320754717	2	1	1	1.4964	1	1.4964	1.0	True	0.29	1.93
15	42503801	G	C	TMEM87A	3'UTR	50	13	63	0.20634920634920634	2	1	1	1.4231	1	1.4231	1.0	True	0.29	1.93
15	42651856	G	C	CAPN3	5'UTR	5	7	12	0.5833333333333334	2	1	1	4.023	1	4.023	1.0	True	0.29	1.93
16	21218205	G	A	ZP2	Missense_Mutation	69	37	106	0.3490566037735849	1	1	0	2.0582	1	2.0582	1.0	True	0.29	1.93
16	31226446	C	T	TRIM72	Silent	19	4	23	0.17391304347826086	1	1	0	1.0255	1	1.0255	1.0	True	0.29	1.93
16	48221240	G	A	ABCC11	Silent	32	15	47	0.3191489361702128	1	1	0	1.8819	1	1.8819	1.0	True	0.29	1.93
16	55801406	G	C	CES1P1	RNA	112	6	118	0.05084745762711865	1	1	0	0.2998	1	0.2998	0.2998	False	0.29	1.93
16	56871558	G	C	NUP93	Silent	41	21	62	0.3387096774193548	1	1	0	1.9972	1	1.9972	1.0	True	0.29	1.93
16	67697147	C	G	ENKD1	Missense_Mutation	56	13	69	0.18840579710144928	1	1	0	1.1109	1	1.1109	1.0	True	0.29	1.93
16	80574923	T	C	DYNLRB2	5'UTR	12	6	18	0.3333333333333333	1	1	0	1.9655	1	1.9655	1.0	True	0.29	1.93
17	4576232	G	A	PELP1	Missense_Mutation	19	13	32	0.40625	0	1	0	1.9892	1	1.9892	1.0	True	0.29	1.93
17	7577105	G	A	TP53	Missense_Mutation	14	11	25	0.44	0	1	0	2.1545	1	2.1545	1.0	True	0.29	1.93
17	20000094	G	C	SPECC1	Missense_Mutation	42	25	67	0.373134328358209	0	1	0	1.8271	1	1.8271	1.0	True	0.29	1.93
17	30528026	A	G	RHOT1	Silent	96	5	101	0.04950495049504951	3	2	1	0.3909	1	0.3909	0.3909	False	0.29	1.93
17	31087616	G	A	MYO1D	Silent	86	31	117	0.26495726495726496	3	2	1	2.0922	2	1.0461	1.0	True	0.29	1.93
17	37119252	G	A	FBXO47	Silent	91	13	104	0.125	3	2	1	0.9871	1	0.9871	0.9871	True	0.29	1.93
17	37649026	G	A	CDK12	Missense_Mutation	62	17	79	0.21518987341772153	3	2	1	1.6993	2	0.8496	0.8496	False	0.29	1.93
17	37881979	G	C	ERBB2	Silent	40	16	56	0.2857142857142857	3	2	1	2.2562	2	1.1281	1.0	True	0.29	1.93
17	37883134	G	C	ERBB2	Missense_Mutation	107	28	135	0.2074074074074074	3	2	1	1.6378	2	0.8189	0.8189	False	0.29	1.93
17	40765719	C	A	TUBG1	Missense_Mutation	95	24	119	0.20168067226890757	3	2	1	1.5926	2	0.7963	0.7963	False	0.29	1.93
17	47115661	G	A	IGF2BP1	Missense_Mutation	21	19	40	0.475	3	2	1	3.7509	2	1.8754	1.0	True	0.29	1.93
17	55962827	G	C	CUEDC1	Silent	24	21	45	0.4666666666666667	3	2	1	3.6851	2	1.8425	1.0	True	0.29	1.93
17	57652715	G	C	DHX40	Missense_Mutation	44	13	57	0.22807017543859648	3	2	1	1.801	2	0.9005	0.9005	True	0.29	1.93
17	57652778	G	C	DHX40	Missense_Mutation	61	21	82	0.25609756097560976	3	2	1	2.0223	2	1.0111	1.0	True	0.29	1.93
17	57918661	G	A	VMP1	3'Flank	96	78	174	0.4482758620689655	3	2	1	3.5398	2	1.7699	1.0	True	0.29	1.93
17	59668230	A	T	NACA2	Missense_Mutation	162	83	245	0.33877551020408164	3	2	1	2.6752	2	1.3376	1.0	True	0.29	1.93
17	73261875	G	A	MRPS7	Silent	59	39	98	0.3979591836734694	3	2	1	3.1425	2	1.5713	1.0	True	0.29	1.93
17	80045707	G	T	FASN	Missense_Mutation	26	12	38	0.3157894736842105	3	2	1	2.4936	2	1.2468	1.0	True	0.29	1.93
18	28968393	C	G	DSG4	Missense_Mutation	42	11	53	0.20754716981132076	1	1	0	1.2238	1	1.2238	1.0	True	0.29	1.93
19	1051202	G	C	ABCA7	Silent	16	4	20	0.2	1	1	0	1.1793	1	1.1793	1.0	True	0.29	1.93
19	3767441	C	A	MRPL54	3'UTR	11	6	17	0.35294117647058826	1	1	0	2.0811	1	2.0811	1.0	True	0.29	1.93
19	12542697	G	C	ZNF443	Missense_Mutation	34	21	55	0.38181818181818183	1	1	0	2.2514	1	2.2514	1.0	True	0.29	1.93
19	14804277	G	C	ZNF333	5'UTR	27	5	32	0.15625	1	1	0	0.9213	1	0.9213	0.9213	True	0.29	1.93
19	19115078	G	A	SUGP2	Missense_Mutation	27	4	31	0.12903225806451613	1	1	0	0.7608	1	0.7608	0.7608	False	0.29	1.93
19	19766436	C	T	ATP13A1	Missense_Mutation	15	4	19	0.21052631578947367	1	1	0	1.2414	1	1.2414	1.0	True	0.29	1.93
19	35610278	G	A	FXYD3	Missense_Mutation	68	6	74	0.08108108108108109	3	3	0	0.6403	1	0.6403	0.6403	False	0.29	1.93
19	43430051	G	A	PSG7	Nonsense_Mutation	296	29	325	0.08923076923076922	3	3	0	0.7046	1	0.7046	0.7046	False	0.29	1.93
19	45476392	C	T	CLPTM1	Silent	44	25	69	0.36231884057971014	3	3	0	2.8611	3	0.9537	0.9537	True	0.29	1.93
19	48917311	G	A	GRIN2D	Silent	30	15	45	0.3333333333333333	3	3	0	2.6322	3	0.8774	0.8774	True	0.29	1.93
19	53794466	C	T	BIRC8	5'UTR	11	3	14	0.21428571428571427	3	3	0	1.6921	2	0.8461	0.8461	False	0.29	1.93
19	55697321	G	A	PTPRH	Missense_Mutation	103	24	127	0.1889763779527559	3	3	0	1.4923	1	1.4923	1.0	True	0.29	1.93
19	57036530	G	A	ZNF471	Nonsense_Mutation	83	29	112	0.25892857142857145	3	3	0	2.0446	2	1.0223	1.0	True	0.29	1.93
19	59012740	G	C	SLC27A5	Silent	85	9	94	0.09574468085106383	3	3	0	0.7561	1	0.7561	0.7561	False	0.29	1.93
20	30738663	G	A	TM9SF4	Silent	24	4	28	0.14285714285714285	2	1	1	0.9852	1	0.9852	0.9852	True	0.29	1.93
20	31830307	G	C	BPIFA1	Missense_Mutation	46	13	59	0.22033898305084745	2	1	1	1.5196	1	1.5196	1.0	True	0.29	1.93
20	50290703	G	A	ATP9A	Silent	30	14	44	0.3181818181818182	2	1	1	2.1944	1	2.1944	1.0	True	0.29	1.93
20	54578975	C	T	CBLN4	Missense_Mutation	146	20	166	0.12048192771084337	2	1	1	0.8309	1	0.8309	0.8309	False	0.29	1.93
20	57767298	C	T	ZNF831	Silent	4	5	9	0.5555555555555556	2	1	1	3.8314	1	3.8314	1.0	True	0.29	1.93
20	62187646	C	T	C20orf195	Silent	111	47	158	0.2974683544303797	2	1	1	2.0515	1	2.0515	1.0	True	0.29	1.93
21	31971061	C	T	KRTAP6-2	Missense_Mutation	30	10	40	0.25	2	1	1	1.7241	1	1.7241	1.0	True	0.29	1.93
21	38126596	C	T	HLCS	Missense_Mutation	27	3	30	0.1	2	1	1	0.6897	1	0.6897	0.6897	False	0.29	1.93
22	20781775	C	G	SCARF2	Missense_Mutation	11	9	20	0.45	1	1	0	2.6534	1	2.6534	1.0	True	0.29	1.93
22	39358513	G	A	APOBEC3A	Silent	56	17	73	0.2328767123287671	1	1	0	1.3732	1	1.3732	1.0	True	0.29	1.93
X	31792255	G	A	DMD	Missense_Mutation	45	4	49	0.08163265306122448	2	1	1	0.563	1	0.563	0.563	False	0.29	1.93
X	34150375	C	T	FAM47A	Silent	10	27	37	0.7297297297297297	2	1	1	5.0326	1	5.0326	1.0	True	0.29	1.93
X	103495476	G	A	ESX1	Silent	87	4	91	0.04395604395604396	2	1	1	0.3031	1	0.3031	0.3031	False	0.29	1.93
X	114953501	G	C	RP1-241P17.4	Missense_Mutation	15	24	39	0.6153846153846154	2	1	1	4.244	1	4.244	1.0	True	0.29	1.93
X	153629057	G	C	RPL10	Missense_Mutation	14	25	39	0.6410256410256411	2	1	1	4.4209	1	4.4209	1.0	True	0.29	1.93
