chr	start	end	WT.count	mut.count	subclonal.CN	nMaj1	nMin1	frac1	nMaj2	nMin2	frac2	phase	mutation.copy.number	subclonal.fraction	no.chrs.bearing.mut
1	1246436	1246437	69	20	2	1	1	1	NA	NA	NA	unphased	0.774893452150329	0.774893452150329	1
1	3677975	3677976	47	11	2	1	1	1	NA	NA	NA	unphased	0.653983353151011	0.653983353151011	1
1	10211557	10211558	135	40	2	1	1	1	NA	NA	NA	unphased	0.788177339901478	0.788177339901478	1
1	17559429	17559430	16	5	2	1	1	1	NA	NA	NA	unphased	0.821018062397373	0.821018062397373	1
1	20440643	20440644	29	11	2	1	1	1	NA	NA	NA	unphased	0.948275862068966	0.948275862068966	1
1	39797771	39797772	100	28	2	1	1	1	NA	NA	NA	unphased	0.754310344827586	0.754310344827586	1
1	44467198	44467199	106	47	2	1	1	1	NA	NA	NA	unphased	1.05927428442641	1.05927428442641	1
1	65145387	65145388	55	26	2	1	1	1	NA	NA	NA	unphased	1.1068539804172	1.1068539804172	1
1	67101697	67101698	55	26	2	1	1	1	NA	NA	NA	unphased	1.1068539804172	1.1068539804172	1
1	76282202	76282203	47	17	2	1	1	1	NA	NA	NA	unphased	0.915948275862069	0.915948275862069	1
1	79093671	79093672	59	28	2	1	1	1	NA	NA	NA	unphased	1.1097899326199	1.1097899326199	1
1	87045090	87045091	73	23	2	1	1	1	NA	NA	NA	unphased	0.826149425287356	0.826149425287356	1
1	87045091	87045092	71	23	2	1	1	1	NA	NA	NA	unphased	0.843727072633896	0.843727072633896	1
1	109275926	109275927	197	83	2	1	1	1	NA	NA	NA	unphased	1.02216748768473	1.02216748768473	1
1	115576761	115576762	188	79	2	1	1	1	NA	NA	NA	unphased	1.0202763786646	1.0202763786646	1
1	145535895	145535896	170	36	4	3	1	1	NA	NA	NA	unphased	0.952125878808169	0.952125878808169	1
1	152281830	152281831	813	178	4	3	1	1	NA	NA	NA	unphased	0.97860050802046	0.97860050802046	1
1	152538316	152538317	51	75	4	3	1	1	NA	NA	NA	unphased	3.24302134646962	1.08100711548987	3
1	152648872	152648873	62	10	4	3	1	1	NA	NA	NA	unphased	0.756704980842912	0.756704980842912	1
1	156646840	156646841	18	4	4	3	1	1	NA	NA	NA	unphased	0.990595611285267	0.990595611285267	1
1	158368635	158368636	79	29	4	3	1	1	NA	NA	NA	unphased	1.46296296296296	0.731481481481482	2
1	160851994	160851995	84	48	4	3	1	1	NA	NA	NA	unphased	1.98119122257053	0.990595611285267	2
1	171958098	171958099	8	10	4	3	1	1	NA	NA	NA	unphased	3.02681992337165	1.00893997445722	3
1	176903320	176903321	103	27	4	3	1	1	NA	NA	NA	unphased	1.1315649867374	1.1315649867374	1
1	181546974	181546975	26	4	4	3	1	1	NA	NA	NA	unphased	0.726436781609196	0.726436781609196	1
1	193060687	193060688	22	4	4	3	1	1	NA	NA	NA	unphased	0.838196286472149	0.838196286472149	1
1	201489421	201489422	41	5	4	3	1	1	NA	NA	NA	unphased	0.592203898050975	0.592203898050975	1
1	214488166	214488167	121	23	4	3	1	1	NA	NA	NA	unphased	0.870210727969349	0.870210727969349	1
1	214816524	214816525	40	51	4	3	1	1	NA	NA	NA	unphased	3.0534293292914	1.01780977643047	3
1	216011439	216011440	170	88	4	3	1	1	NA	NA	NA	unphased	1.85832665062817	0.929163325314087	2
1	228528529	228528530	15	5	4	3	1	1	NA	NA	NA	unphased	1.36206896551724	1.36206896551724	1
1	232601031	232601032	204	30	4	3	1	1	NA	NA	NA	unphased	0.698496905393457	0.698496905393457	1
1	235878547	235878548	173	30	4	3	1	1	NA	NA	NA	unphased	0.805163920502803	0.805163920502803	1
1	237660049	237660050	235	97	4	3	1	1	NA	NA	NA	unphased	1.59181553801413	0.795907769007063	2
1	245005303	245005304	117	26	4	3	1	1	NA	NA	NA	unphased	0.990595611285267	0.990595611285267	1
1	245027245	245027246	44	6	4	3	1	1	NA	NA	NA	unphased	0.653793103448276	0.653793103448276	1
1	245165486	245165487	25	8	4	3	1	1	NA	NA	NA	unphased	1.32079414838036	1.32079414838036	1
1	247588027	247588028	138	17	4	3	1	1	NA	NA	NA	unphased	0.597552836484983	0.597552836484983	1
1	248112557	248112558	402	79	4	3	1	1	NA	NA	NA	unphased	0.89483117069324	0.89483117069324	1
1	248343360	248343361	514	101	4	3	1	1	NA	NA	NA	unphased	0.894757499299131	0.894757499299131	1
1	248737692	248737693	105	19	4	3	1	1	NA	NA	NA	unphased	0.834816462736374	0.834816462736374	1
10	93578	93579	46	18	NA	NA	NA	NA	NA	NA	NA	unphased	NA	NA	1
10	13240792	13240793	59	26	2	1	1	1	NA	NA	NA	unphased	1.05476673427992	1.05476673427992	1
10	13240793	13240794	56	27	2	1	1	1	NA	NA	NA	unphased	1.12172829248027	1.12172829248027	1
10	15617545	15617546	74	28	2	1	1	1	NA	NA	NA	unphased	0.94658553076403	0.94658553076403	1
10	15617546	15617547	75	29	2	1	1	1	NA	NA	NA	unphased	0.961538461538462	0.961538461538462	1
10	17110717	17110718	135	44	2	1	1	1	NA	NA	NA	unphased	0.847620882296282	0.847620882296282	1
10	22680774	22680775	62	20	2	1	1	1	NA	NA	NA	unphased	0.841042893187553	0.841042893187553	1
10	48416570	48416571	29	11	2	1	1	1	NA	NA	NA	unphased	0.948275862068966	0.948275862068966	1
10	49634456	49634457	74	38	2	1	1	1	NA	NA	NA	unphased	1.16995073891626	1.16995073891626	1
10	51877700	51877701	8	7	2	1	1	1	NA	NA	NA	unphased	1.60919540229885	1.60919540229885	1
10	88677013	88677014	53	18	2	1	1	1	NA	NA	NA	unphased	0.874210781932977	0.874210781932977	1
10	90353862	90353863	68	20	2	1	1	1	NA	NA	NA	unphased	0.783699059561129	0.783699059561129	1
10	98386626	98386627	136	20	2	1	1	1	NA	NA	NA	unphased	0.442086648983201	0.442086648983201	1
10	126477721	126477722	70	12	2	1	1	1	NA	NA	NA	unphased	0.504625735912532	0.504625735912532	1
10	129535890	129535891	4	4	2	1	1	1	NA	NA	NA	unphased	1.72413793103448	1.72413793103448	1
10	129535891	129535892	4	4	2	1	1	1	NA	NA	NA	unphased	1.72413793103448	1.72413793103448	1
10	134591205	134591206	66	14	2	1	1	1	NA	NA	NA	unphased	0.603448275862069	0.603448275862069	1
11	3022477	3022478	55	19	2	1	1	1	NA	NA	NA	unphased	0.885368126747437	0.885368126747437	1
11	4825488	4825489	41	14	2	1	1	1	NA	NA	NA	unphased	0.877742946708464	0.877742946708464	1
11	6453179	6453180	130	58	2	1	1	1	NA	NA	NA	unphased	1.06382978723404	1.06382978723404	1
11	6913671	6913672	91	32	2	1	1	1	NA	NA	NA	unphased	0.897112419400056	0.897112419400056	1
11	7092436	7092437	49	24	2	1	1	1	NA	NA	NA	unphased	1.13367973547473	1.13367973547473	1
11	26681820	26681821	117	44	2	1	1	1	NA	NA	NA	unphased	0.942385949882202	0.942385949882202	1
11	44640743	44640744	28	12	2	1	1	1	NA	NA	NA	unphased	1.03448275862069	1.03448275862069	1
11	45992771	45992772	80	31	2	1	1	1	NA	NA	NA	unphased	0.963031997514756	0.963031997514756	1
11	46916242	46916243	47	22	2	1	1	1	NA	NA	NA	unphased	1.09945027486257	1.09945027486257	1
11	48347243	48347244	113	10	2	1	1	1	NA	NA	NA	unphased	0.280347631062518	0.280347631062518	1
11	55659109	55659110	176	59	2	1	1	1	NA	NA	NA	unphased	0.86573734409391	0.86573734409391	1
11	60563026	60563027	20	6	2	1	1	1	NA	NA	NA	unphased	0.795755968169761	0.795755968169761	1
11	62287774	62287775	321	116	2	1	1	1	NA	NA	NA	unphased	0.91533180778032	0.91533180778032	1
11	66114912	66114913	7	9	2	1	1	1	NA	NA	NA	unphased	1.93965517241379	1.93965517241379	1
11	68671328	68671329	39	11	2	1	1	1	NA	NA	NA	unphased	0.758620689655172	0.758620689655172	1
11	85989683	85989684	11	4	2	1	1	1	NA	NA	NA	unphased	0.919540229885058	0.919540229885058	1
11	89768486	89768487	27	13	2	1	1	1	NA	NA	NA	unphased	1.12068965517241	1.12068965517241	1
11	102819819	102819820	93	28	2	1	1	1	NA	NA	NA	unphased	0.797948133371331	0.797948133371331	1
11	102826058	102826059	149	46	2	1	1	1	NA	NA	NA	unphased	0.813439434129089	0.813439434129089	1
11	111365896	111365897	58	29	2	1	1	1	NA	NA	NA	unphased	1.14942528735632	1.14942528735632	1
11	120983918	120983919	71	23	2	1	1	1	NA	NA	NA	unphased	0.843727072633896	0.843727072633896	1
11	134014887	134014888	38	17	2	1	1	1	NA	NA	NA	unphased	1.06583072100313	1.06583072100313	1
12	662868	662869	45	18	2	1	1	1	NA	NA	NA	unphased	0.985221674876847	0.985221674876847	1
12	2711025	2711026	36	14	2	1	1	1	NA	NA	NA	unphased	0.96551724137931	0.96551724137931	1
12	10233908	10233909	108	40	2	1	1	1	NA	NA	NA	unphased	0.931966449207829	0.931966449207829	1
12	14589179	14589180	141	37	2	1	1	1	NA	NA	NA	unphased	0.716776443239055	0.716776443239055	1
12	15733669	15733670	64	32	2	1	1	1	NA	NA	NA	unphased	1.14942528735632	1.14942528735632	1
12	18242290	18242291	7	5	2	1	1	1	NA	NA	NA	unphased	1.4367816091954	1.4367816091954	1
12	21918623	21918624	81	42	2	1	1	1	NA	NA	NA	unphased	1.17746005046257	1.17746005046257	1
12	25398281	25398282	33	7	2	1	1	1	NA	NA	NA	unphased	0.603448275862069	0.603448275862069	1
12	47186882	47186883	74	27	2	1	1	1	NA	NA	NA	unphased	0.921816319562991	0.921816319562991	1
12	48189063	48189064	58	25	2	1	1	1	NA	NA	NA	unphased	1.0386373078521	1.0386373078521	1
12	50190887	50190888	7	5	2	1	1	1	NA	NA	NA	unphased	1.4367816091954	1.4367816091954	1
12	50190888	50190889	7	5	2	1	1	1	NA	NA	NA	unphased	1.4367816091954	1.4367816091954	1
12	53825062	53825063	93	29	2	1	1	1	NA	NA	NA	unphased	0.819672131147541	0.819672131147541	1
12	57869696	57869697	19	6	2	1	1	1	NA	NA	NA	unphased	0.827586206896552	0.827586206896552	1
12	64062050	64062051	59	23	2	1	1	1	NA	NA	NA	unphased	0.967199327165686	0.967199327165686	1
12	70953088	70953089	125	53	2	1	1	1	NA	NA	NA	unphased	1.02673382409919	1.02673382409919	1
12	78515819	78515820	36	16	2	1	1	1	NA	NA	NA	unphased	1.06100795755968	1.06100795755968	1
12	78569161	78569162	86	25	2	1	1	1	NA	NA	NA	unphased	0.776638707673191	0.776638707673191	1
12	81331513	81331514	10	7	2	1	1	1	NA	NA	NA	unphased	1.41987829614604	1.41987829614604	1
12	100646267	100646268	40	18	2	1	1	1	NA	NA	NA	unphased	1.07015457788347	1.07015457788347	1
12	104458364	104458365	5	5	2	1	1	1	NA	NA	NA	unphased	1.72413793103448	1.72413793103448	1
12	108604048	108604049	12	3	2	1	1	1	NA	NA	NA	unphased	0.689655172413793	0.689655172413793	1
12	109527869	109527870	95	13	2	1	1	1	NA	NA	NA	unphased	0.41507024265645	0.41507024265645	1
12	115121049	115121050	38	12	2	1	1	1	NA	NA	NA	unphased	0.827586206896552	0.827586206896552	1
12	122622811	122622812	24	7	2	1	1	1	NA	NA	NA	unphased	0.778642936596218	0.778642936596218	1
13	23906878	23906879	114	40	2	1	1	1	NA	NA	NA	unphased	0.895656068069861	0.895656068069861	1
13	31822047	31822048	58	14	2	1	1	1	NA	NA	NA	unphased	0.670498084291188	0.670498084291188	1
13	43500531	43500532	169	73	2	1	1	1	NA	NA	NA	unphased	1.04018238814477	1.04018238814477	1
13	46060664	46060665	147	31	2	1	1	1	NA	NA	NA	unphased	0.600542425416505	0.600542425416505	1
13	46288437	46288438	17	12	2	1	1	1	NA	NA	NA	unphased	1.4268727705113	1.4268727705113	1
13	46542004	46542005	66	33	2	1	1	1	NA	NA	NA	unphased	1.14942528735632	1.14942528735632	1
13	53603009	53603010	169	50	2	1	1	1	NA	NA	NA	unphased	0.787277594079672	0.787277594079672	1
13	58208841	58208842	92	21	2	1	1	1	NA	NA	NA	unphased	0.640830027464144	0.640830027464144	1
13	76432134	76432135	67	22	2	1	1	1	NA	NA	NA	unphased	0.852382797365362	0.852382797365362	1
13	77566283	77566284	16	5	2	1	1	1	NA	NA	NA	unphased	0.821018062397373	0.821018062397373	1
13	77570218	77570219	195	62	2	1	1	1	NA	NA	NA	unphased	0.831879779954381	0.831879779954381	1
13	99092232	99092233	262	73	2	1	1	1	NA	NA	NA	unphased	0.751415337107566	0.751415337107566	1
13	102029382	102029383	68	15	2	1	1	1	NA	NA	NA	unphased	0.623182384711259	0.623182384711259	1
14	20586583	20586584	36	8	2	1	1	1	NA	NA	NA	unphased	0.626959247648903	0.626959247648903	1
14	32902813	32902814	46	27	2	1	1	1	NA	NA	NA	unphased	1.27538970240907	1.27538970240907	1
14	35871599	35871600	91	36	2	1	1	1	NA	NA	NA	unphased	0.977464023893565	0.977464023893565	1
14	45609896	45609897	120	33	2	1	1	1	NA	NA	NA	unphased	0.743745774171738	0.743745774171738	1
14	51561237	51561238	14	10	2	1	1	1	NA	NA	NA	unphased	1.4367816091954	1.4367816091954	1
14	51561238	51561239	14	11	2	1	1	1	NA	NA	NA	unphased	1.51724137931034	1.51724137931034	1
14	52520631	52520632	70	27	2	1	1	1	NA	NA	NA	unphased	0.959829363668681	0.959829363668681	1
14	55310604	55310605	31	21	2	1	1	1	NA	NA	NA	unphased	1.39257294429708	1.39257294429708	1
14	59108329	59108330	130	51	2	1	1	1	NA	NA	NA	unphased	0.971613640693465	0.971613640693465	1
14	81610497	81610498	140	54	2	1	1	1	NA	NA	NA	unphased	0.959829363668681	0.959829363668681	1
14	81610576	81610577	102	38	2	1	1	1	NA	NA	NA	unphased	0.935960591133005	0.935960591133005	1
14	81964776	81964777	69	22	2	1	1	1	NA	NA	NA	unphased	0.833649109511179	0.833649109511179	1
14	95030230	95030231	97	33	2	1	1	1	NA	NA	NA	unphased	0.875331564986737	0.875331564986737	1
14	96178584	96178585	179	50	2	1	1	1	NA	NA	NA	unphased	0.752898659840386	0.752898659840386	1
15	23931764	23931765	28	12	2	1	1	1	NA	NA	NA	unphased	1.03448275862069	1.03448275862069	1
15	28387459	28387460	38	19	2	1	1	1	NA	NA	NA	unphased	1.14942528735632	1.14942528735632	1
15	33895498	33895499	216	80	2	1	1	1	NA	NA	NA	unphased	0.931966449207829	0.931966449207829	1
15	43621285	43621286	91	37	2	1	1	1	NA	NA	NA	unphased	0.99676724137931	0.99676724137931	1
15	43818747	43818748	22	10	2	1	1	1	NA	NA	NA	unphased	1.07758620689655	1.07758620689655	1
15	45408445	45408446	130	8	2	1	1	1	NA	NA	NA	unphased	0.199900049975013	0.199900049975013	1
15	88678497	88678498	98	39	2	1	1	1	NA	NA	NA	unphased	0.981625975333501	0.981625975333501	1
15	88726681	88726682	110	43	2	1	1	1	NA	NA	NA	unphased	0.969123281496507	0.969123281496507	1
16	4015804	4015805	86	32	2	1	1	1	NA	NA	NA	unphased	0.935125657510228	0.935125657510228	1
16	9857951	9857952	162	50	2	1	1	1	NA	NA	NA	unphased	0.81327260897853	0.81327260897853	1
16	11362811	11362812	56	13	2	1	1	1	NA	NA	NA	unphased	0.649675162418791	0.649675162418791	1
16	24805964	24805965	60	33	2	1	1	1	NA	NA	NA	unphased	1.22358175750834	1.22358175750834	1
16	56602767	56602768	176	63	2	1	1	1	NA	NA	NA	unphased	0.908959746068389	0.908959746068389	1
16	56669688	56669689	59	24	2	1	1	1	NA	NA	NA	unphased	0.997091815538014	0.997091815538014	1
16	57012129	57012130	141	43	2	1	1	1	NA	NA	NA	unphased	0.805847076461769	0.805847076461769	1
16	61687460	61687461	59	8	2	1	1	1	NA	NA	NA	unphased	0.411734431291817	0.411734431291817	1
16	84056377	84056378	24	10	2	1	1	1	NA	NA	NA	unphased	1.01419878296146	1.01419878296146	1
16	89724820	89724821	13	5	2	1	1	1	NA	NA	NA	unphased	0.957854406130268	0.957854406130268	1
17	3806524	3806525	41	13	2	1	1	1	NA	NA	NA	unphased	0.830140485312899	0.830140485312899	1
17	7701121	7701122	100	58	2	1	1	1	NA	NA	NA	unphased	1.26582278481013	1.26582278481013	1
17	9792732	9792733	43	18	2	1	1	1	NA	NA	NA	unphased	1.01752402487281	1.01752402487281	1
17	10302104	10302105	89	25	2	1	1	1	NA	NA	NA	unphased	0.756200846944949	0.756200846944949	1
17	11795155	11795156	163	53	2	1	1	1	NA	NA	NA	unphased	0.84610472541507	0.84610472541507	1
17	15215661	15215662	119	26	2	1	1	1	NA	NA	NA	unphased	0.618311533888228	0.618311533888228	1
17	16638358	16638359	36	13	2	1	1	1	NA	NA	NA	unphased	0.91484869809993	0.91484869809993	1
17	18881946	18881947	111	33	2	1	1	1	NA	NA	NA	unphased	0.790229885057471	0.790229885057471	1
17	21319318	21319319	68	13	2	1	1	1	NA	NA	NA	unphased	0.553426990208599	0.553426990208599	1
17	25919605	25919606	34	8	2	1	1	1	NA	NA	NA	unphased	0.656814449917898	0.656814449917898	1
17	33849820	33849821	31	12	2	1	1	1	NA	NA	NA	unphased	0.962309542902967	0.962309542902967	1
17	36881058	36881059	5	4	2	1	1	1	NA	NA	NA	unphased	1.53256704980843	1.53256704980843	1
17	37343116	37343117	55	22	2	1	1	1	NA	NA	NA	unphased	0.985221674876847	0.985221674876847	1
17	37343118	37343119	55	23	2	1	1	1	NA	NA	NA	unphased	1.01679929266136	1.01679929266136	1
17	42328857	42328858	58	21	2	1	1	1	NA	NA	NA	unphased	0.916630292448712	0.916630292448712	1
17	47121401	47121402	60	24	2	1	1	1	NA	NA	NA	unphased	0.985221674876847	0.985221674876847	1
17	47482452	47482453	17	6	2	1	1	1	NA	NA	NA	unphased	0.899550224887556	0.899550224887556	1
17	55027939	55027940	116	41	2	1	1	1	NA	NA	NA	unphased	0.900505161432023	0.900505161432023	1
17	74080605	74080606	24	10	2	1	1	1	NA	NA	NA	unphased	1.01419878296146	1.01419878296146	1
17	74080606	74080607	25	10	2	1	1	1	NA	NA	NA	unphased	0.985221674876847	0.985221674876847	1
18	28719717	28719718	40	16	2	1	1	1	NA	NA	NA	unphased	0.985221674876847	0.985221674876847	1
18	77893690	77893691	72	34	2	1	1	1	NA	NA	NA	unphased	1.1060507482108	1.1060507482108	1
19	885977	885978	26	21	1	1	0	1	NA	NA	NA	unphased	1.09391049156273	1.09391049156273	1
19	3747814	3747815	11	3	1	1	0	1	NA	NA	NA	unphased	0.524630541871921	0.524630541871921	1
19	7795935	7795936	22	9	1	1	0	1	NA	NA	NA	unphased	0.710789766407119	0.710789766407119	1
19	10439613	10439614	6	6	1	1	0	1	NA	NA	NA	unphased	1.22413793103448	1.22413793103448	1
19	10600427	10600428	27	21	1	1	0	1	NA	NA	NA	unphased	1.07112068965517	1.07112068965517	1
19	12223933	12223934	4	5	1	1	0	1	NA	NA	NA	unphased	1.36015325670498	1.36015325670498	1
19	16611969	16611970	72	35	2	1	1	1	NA	NA	NA	unphased	1.12794070254592	1.12794070254592	1
19	19656542	19656543	22	8	2	1	1	1	NA	NA	NA	unphased	0.919540229885058	0.919540229885058	1
19	20808036	20808037	93	35	2	1	1	1	NA	NA	NA	unphased	0.942887931034483	0.942887931034483	1
19	22155819	22155820	83	25	2	1	1	1	NA	NA	NA	unphased	0.798212005108557	0.798212005108557	1
19	22363770	22363771	144	28	2	1	1	1	NA	NA	NA	unphased	0.561347233360064	0.561347233360064	1
19	23329334	23329335	20	7	2	1	1	1	NA	NA	NA	unphased	0.893997445721584	0.893997445721584	1
19	31770156	31770157	47	9	2	1	1	1	NA	NA	NA	unphased	0.554187192118227	0.554187192118227	1
19	34180191	34180192	81	31	2	1	1	1	NA	NA	NA	unphased	0.954433497536946	0.954433497536946	1
19	34180192	34180193	81	31	2	1	1	1	NA	NA	NA	unphased	0.954433497536946	0.954433497536946	1
19	40149297	40149298	7	4	2	1	1	1	NA	NA	NA	unphased	1.25391849529781	1.25391849529781	1
19	40367779	40367780	64	17	2	1	1	1	NA	NA	NA	unphased	0.723712217965092	0.723712217965092	1
19	50310427	50310428	44	12	2	1	1	1	NA	NA	NA	unphased	0.738916256157635	0.738916256157635	1
19	50461658	50461659	24	9	2	1	1	1	NA	NA	NA	unphased	0.940438871473354	0.940438871473354	1
19	51446815	51446816	45	23	2	1	1	1	NA	NA	NA	unphased	1.16632860040568	1.16632860040568	1
19	53014174	53014175	158	67	2	1	1	1	NA	NA	NA	unphased	1.02681992337165	1.02681992337165	1
19	53644926	53644927	122	46	2	1	1	1	NA	NA	NA	unphased	0.944170771756979	0.944170771756979	1
19	54314283	54314284	81	32	2	1	1	1	NA	NA	NA	unphased	0.976502898992981	0.976502898992981	1
19	55086873	55086874	88	33	2	1	1	1	NA	NA	NA	unphased	0.940438871473354	0.940438871473354	1
19	55174998	55174999	89	23	2	1	1	1	NA	NA	NA	unphased	0.708128078817734	0.708128078817734	1
19	55174999	55175000	89	24	2	1	1	1	NA	NA	NA	unphased	0.732377174244736	0.732377174244736	1
19	55816204	55816205	14	8	2	1	1	1	NA	NA	NA	unphased	1.25391849529781	1.25391849529781	1
19	56379119	56379120	112	40	2	1	1	1	NA	NA	NA	unphased	0.907441016333938	0.907441016333938	1
19	58131811	58131812	62	20	2	1	1	1	NA	NA	NA	unphased	0.841042893187553	0.841042893187553	1
19	58145429	58145430	53	9	2	1	1	1	NA	NA	NA	unphased	0.50055617352614	0.50055617352614	1
19	58598320	58598321	48	14	2	1	1	1	NA	NA	NA	unphased	0.778642936596218	0.778642936596218	1
2	18757498	18757499	41	27	2	1	1	1	NA	NA	NA	unphased	1.36916835699797	1.36916835699797	1
2	26486258	26486259	113	46	2	1	1	1	NA	NA	NA	unphased	0.997614400346996	0.997614400346996	1
2	31489544	31489545	60	15	2	1	1	1	NA	NA	NA	unphased	0.689655172413793	0.689655172413793	1
2	44502821	44502822	20	9	2	1	1	1	NA	NA	NA	unphased	1.07015457788347	1.07015457788347	1
2	50850487	50850488	45	20	2	1	1	1	NA	NA	NA	unphased	1.06100795755968	1.06100795755968	1
2	60687818	60687819	103	44	2	1	1	1	NA	NA	NA	unphased	1.03213699272813	1.03213699272813	1
2	89416880	89416881	108	52	2	1	1	1	NA	NA	NA	unphased	1.12068965517241	1.12068965517241	1
2	103281573	103281574	198	91	2	1	1	1	NA	NA	NA	unphased	1.08578928528815	1.08578928528815	1
2	109384318	109384319	358	95	2	1	1	1	NA	NA	NA	unphased	0.723148359595037	0.723148359595037	1
2	111395736	111395737	19	4	2	1	1	1	NA	NA	NA	unphased	0.599700149925038	0.599700149925038	1
2	120844792	120844793	78	26	2	1	1	1	NA	NA	NA	unphased	0.862068965517241	0.862068965517241	1
2	122208525	122208526	103	26	2	1	1	1	NA	NA	NA	unphased	0.695001336541032	0.695001336541032	1
2	148731061	148731062	109	26	2	1	1	1	NA	NA	NA	unphased	0.664112388250319	0.664112388250319	1
2	157427642	157427643	143	40	2	1	1	1	NA	NA	NA	unphased	0.753721499905785	0.753721499905785	1
2	169764539	169764540	127	46	2	1	1	1	NA	NA	NA	unphased	0.916882599162846	0.916882599162846	1
2	170058243	170058244	71	22	2	1	1	1	NA	NA	NA	unphased	0.815721171672228	0.815721171672228	1
2	175676256	175676257	19	10	2	1	1	1	NA	NA	NA	unphased	1.18906064209275	1.18906064209275	1
2	182339891	182339892	80	29	2	1	1	1	NA	NA	NA	unphased	0.917431192660551	0.917431192660551	1
2	196834682	196834683	65	19	2	1	1	1	NA	NA	NA	unphased	0.779967159277504	0.779967159277504	1
2	211476984	211476985	163	54	2	1	1	1	NA	NA	NA	unphased	0.858096297473383	0.858096297473383	1
2	216960739	216960740	70	18	2	1	1	1	NA	NA	NA	unphased	0.705329153605016	0.705329153605016	1
2	216960740	216960741	68	18	2	1	1	1	NA	NA	NA	unphased	0.721732157177225	0.721732157177225	1
2	220357518	220357519	8	6	2	1	1	1	NA	NA	NA	unphased	1.47783251231527	1.47783251231527	1
2	224463162	224463163	232	42	2	1	1	1	NA	NA	NA	unphased	0.528567832871885	0.528567832871885	1
2	224463339	224463340	186	54	2	1	1	1	NA	NA	NA	unphased	0.775862068965517	0.775862068965517	1
2	240969237	240969238	37	8	2	1	1	1	NA	NA	NA	unphased	0.613026819923372	0.613026819923372	1
20	30432981	30432982	13	8	2	1	1	1	NA	NA	NA	unphased	1.3136288998358	1.3136288998358	1
20	35207321	35207322	78	21	2	1	1	1	NA	NA	NA	unphased	0.731452455590387	0.731452455590387	1
20	35743656	35743657	174	76	2	1	1	1	NA	NA	NA	unphased	1.04827586206897	1.04827586206897	1
20	41101198	41101199	33	12	2	1	1	1	NA	NA	NA	unphased	0.919540229885058	0.919540229885058	1
20	42680008	42680009	35	14	2	1	1	1	NA	NA	NA	unphased	0.985221674876847	0.985221674876847	1
20	44757722	44757723	36	9	2	1	1	1	NA	NA	NA	unphased	0.689655172413793	0.689655172413793	1
20	49508223	49508224	125	41	2	1	1	1	NA	NA	NA	unphased	0.85168259243872	0.85168259243872	1
20	56735901	56735902	20	3	2	1	1	1	NA	NA	NA	unphased	0.449775112443778	0.449775112443778	1
20	61990926	61990927	50	10	2	1	1	1	NA	NA	NA	unphased	0.574712643678161	0.574712643678161	1
20	62729779	62729780	107	29	2	1	1	1	NA	NA	NA	unphased	0.735294117647059	0.735294117647059	1
21	15599703	15599704	14	3	2	1	1	1	NA	NA	NA	unphased	0.608519269776876	0.608519269776876	1
21	41559873	41559874	66	22	2	1	1	1	NA	NA	NA	unphased	0.862068965517241	0.862068965517241	1
21	45094949	45094950	177	77	2	1	1	1	NA	NA	NA	unphased	1.04534346999729	1.04534346999729	1
21	46900666	46900667	34	5	2	1	1	1	NA	NA	NA	unphased	0.442086648983201	0.442086648983201	1
22	18845910	18845911	21	3	2	1	1	1	NA	NA	NA	unphased	0.431034482758621	0.431034482758621	1
22	24122661	24122662	62	18	2	1	1	1	NA	NA	NA	unphased	0.775862068965517	0.775862068965517	1
22	30772755	30772756	15	6	2	1	1	1	NA	NA	NA	unphased	0.985221674876847	0.985221674876847	1
22	36205960	36205961	159	42	2	1	1	1	NA	NA	NA	unphased	0.720535254760679	0.720535254760679	1
22	37319388	37319389	26	7	2	1	1	1	NA	NA	NA	unphased	0.731452455590387	0.731452455590387	1
22	50988041	50988042	77	24	2	1	1	1	NA	NA	NA	unphased	0.819392284055992	0.819392284055992	1
3	1369193	1369194	65	19	2	1	1	1	NA	NA	NA	unphased	0.779967159277504	0.779967159277504	1
3	7620487	7620488	157	74	2	1	1	1	NA	NA	NA	unphased	1.10464248395283	1.10464248395283	1
3	27346452	27346453	16	6	2	1	1	1	NA	NA	NA	unphased	0.940438871473354	0.940438871473354	1
3	32030689	32030690	112	21	2	1	1	1	NA	NA	NA	unphased	0.544464609800363	0.544464609800363	1
3	44408979	44408980	97	31	2	1	1	1	NA	NA	NA	unphased	0.835129310344828	0.835129310344828	1
3	49362338	49362339	145	46	2	1	1	1	NA	NA	NA	unphased	0.830474814948547	0.830474814948547	1
3	71050203	71050204	79	24	2	1	1	1	NA	NA	NA	unphased	0.803481754268497	0.803481754268497	1
3	97852051	97852052	93	14	2	1	1	1	NA	NA	NA	unphased	0.451176281018369	0.451176281018369	1
3	108836878	108836879	12	3	2	1	1	1	NA	NA	NA	unphased	0.689655172413793	0.689655172413793	1
3	126154468	126154469	27	4	2	1	1	1	NA	NA	NA	unphased	0.444938820912125	0.444938820912125	1
3	128976377	128976378	179	66	2	1	1	1	NA	NA	NA	unphased	0.928923293455313	0.928923293455313	1
3	184290624	184290625	49	23	2	1	1	1	NA	NA	NA	unphased	1.10153256704981	1.10153256704981	1
4	154961	154962	16	4	2	1	1	1	NA	NA	NA	unphased	0.689655172413793	0.689655172413793	1
4	5630424	5630425	79	30	2	1	1	1	NA	NA	NA	unphased	0.949066751028156	0.949066751028156	1
4	10079460	10079461	10	6	2	1	1	1	NA	NA	NA	unphased	1.29310344827586	1.29310344827586	1
4	10446123	10446124	175	75	2	1	1	1	NA	NA	NA	unphased	1.03448275862069	1.03448275862069	1
4	36162125	36162126	26	5	2	1	1	1	NA	NA	NA	unphased	0.556173526140156	0.556173526140156	1
4	36162148	36162149	26	7	2	1	1	1	NA	NA	NA	unphased	0.731452455590387	0.731452455590387	1
4	62599250	62599251	32	5	2	1	1	1	NA	NA	NA	unphased	0.465983224603914	0.465983224603914	1
4	62599251	62599252	30	5	2	1	1	1	NA	NA	NA	unphased	0.492610837438424	0.492610837438424	1
4	71115170	71115171	34	15	2	1	1	1	NA	NA	NA	unphased	1.05559465165377	1.05559465165377	1
4	76481260	76481261	25	10	2	1	1	1	NA	NA	NA	unphased	0.985221674876847	0.985221674876847	1
4	84457911	84457912	38	12	2	1	1	1	NA	NA	NA	unphased	0.827586206896552	0.827586206896552	1
4	90647628	90647629	7	8	2	1	1	1	NA	NA	NA	unphased	1.83908045977012	1.83908045977012	1
4	96046197	96046198	57	15	2	1	1	1	NA	NA	NA	unphased	0.718390804597701	0.718390804597701	1
4	153897453	153897454	58	20	2	1	1	1	NA	NA	NA	unphased	0.884173297966401	0.884173297966401	1
4	162697071	162697072	103	41	2	1	1	1	NA	NA	NA	unphased	0.981800766283525	0.981800766283525	1
4	169108656	169108657	26	15	2	1	1	1	NA	NA	NA	unphased	1.26156433978133	1.26156433978133	1
4	178231022	178231023	4	7	2	1	1	1	NA	NA	NA	unphased	2.19435736677116	2.19435736677116	1
5	13902232	13902233	25	5	2	1	1	1	NA	NA	NA	unphased	0.574712643678161	0.574712643678161	1
5	19503127	19503128	69	20	2	1	1	1	NA	NA	NA	unphased	0.774893452150329	0.774893452150329	1
5	19503168	19503169	76	11	2	1	1	1	NA	NA	NA	unphased	0.435988902100674	0.435988902100674	1
5	32087672	32087673	22	3	2	1	1	1	NA	NA	NA	unphased	0.413793103448276	0.413793103448276	1
5	33576969	33576970	78	21	2	1	1	1	NA	NA	NA	unphased	0.731452455590387	0.731452455590387	1
5	41939542	41939543	168	49	2	1	1	1	NA	NA	NA	unphased	0.778642936596218	0.778642936596218	1
5	55466582	55466583	96	36	2	1	1	1	NA	NA	NA	unphased	0.940438871473354	0.940438871473354	1
5	68470845	68470846	167	64	2	1	1	1	NA	NA	NA	unphased	0.955366472607852	0.955366472607852	1
5	70858314	70858315	119	43	2	1	1	1	NA	NA	NA	unphased	0.915283099191145	0.915283099191145	1
5	74324735	74324736	61	18	2	1	1	1	NA	NA	NA	unphased	0.785683107813182	0.785683107813182	1
5	74324736	74324737	61	18	2	1	1	1	NA	NA	NA	unphased	0.785683107813182	0.785683107813182	1
5	75960890	75960891	63	11	2	1	1	1	NA	NA	NA	unphased	0.512581547064306	0.512581547064306	1
5	79029305	79029306	173	71	2	1	1	1	NA	NA	NA	unphased	1.00339174674958	1.00339174674958	1
5	100192083	100192084	58	18	2	1	1	1	NA	NA	NA	unphased	0.816696914700545	0.816696914700545	1
5	127516680	127516681	112	44	2	1	1	1	NA	NA	NA	unphased	0.972590627763042	0.972590627763042	1
5	140167227	140167228	84	45	2	1	1	1	NA	NA	NA	unphased	1.20288692862871	1.20288692862871	1
5	140530237	140530238	137	58	2	1	1	1	NA	NA	NA	unphased	1.02564102564103	1.02564102564103	1
5	140710462	140710463	174	51	2	1	1	1	NA	NA	NA	unphased	0.781609195402299	0.781609195402299	1
5	140724490	140724491	44	13	2	1	1	1	NA	NA	NA	unphased	0.786448880822747	0.786448880822747	1
5	140750263	140750264	279	94	2	1	1	1	NA	NA	NA	unphased	0.869002496070999	0.869002496070999	1
5	140799282	140799283	93	32	2	1	1	1	NA	NA	NA	unphased	0.882758620689655	0.882758620689655	1
5	156638347	156638348	101	33	2	1	1	1	NA	NA	NA	unphased	0.849202264539372	0.849202264539372	1
5	159821977	159821978	116	36	2	1	1	1	NA	NA	NA	unphased	0.816696914700545	0.816696914700545	1
6	10935337	10935338	45	37	3	2	1	1	NA	NA	NA	unphased	2.00714886459209	1.00357443229605	2
6	28539962	28539963	94	22	3	2	1	1	NA	NA	NA	unphased	0.843638525564804	0.843638525564804	1
6	32944373	32944374	132	23	3	2	1	1	NA	NA	NA	unphased	0.660066740823137	0.660066740823137	1
6	33638116	33638117	85	43	3	2	1	1	NA	NA	NA	unphased	1.49434267241379	0.747171336206897	2
6	49585779	49585780	29	24	3	2	1	1	NA	NA	NA	unphased	2.01431359791802	1.00715679895901	2
6	50696617	50696618	137	20	3	2	1	1	NA	NA	NA	unphased	0.566659345486493	0.566659345486493	1
6	56919042	56919043	72	8	3	2	1	1	NA	NA	NA	unphased	0.444827586206897	0.444827586206897	1
6	63990461	63990462	49	21	1	1	0	1	NA	NA	NA	unphased	0.73448275862069	0.73448275862069	1
6	70981354	70981355	41	18	1	1	0	1	NA	NA	NA	unphased	0.746931618936295	0.746931618936295	1
6	88126412	88126413	29	9	1	1	0	1	NA	NA	NA	unphased	0.579854809437387	0.579854809437387	1
6	112390714	112390715	47	32	1	1	0	1	NA	NA	NA	unphased	0.991706678306416	0.991706678306416	1
6	112457368	112457369	66	22	1	1	0	1	NA	NA	NA	unphased	0.612068965517241	0.612068965517241	1
6	129618856	129618857	34	35	1	1	0	1	NA	NA	NA	unphased	1.24187906046977	1.24187906046977	1
7	44154538	44154539	22	5	2	1	1	1	NA	NA	NA	unphased	0.638569604086845	0.638569604086845	1
7	45725759	45725760	90	37	2	1	1	1	NA	NA	NA	unphased	1.00461580233505	1.00461580233505	1
7	71488745	71488746	63	30	2	1	1	1	NA	NA	NA	unphased	1.11234705228031	1.11234705228031	1
7	71488746	71488747	63	30	2	1	1	1	NA	NA	NA	unphased	1.11234705228031	1.11234705228031	1
7	72657959	72657960	109	34	2	1	1	1	NA	NA	NA	unphased	0.819869785387027	0.819869785387027	1
7	94040216	94040217	94	22	2	1	1	1	NA	NA	NA	unphased	0.653983353151011	0.653983353151011	1
7	100002652	100002653	207	75	2	1	1	1	NA	NA	NA	unphased	0.917094644167278	0.917094644167278	1
7	100087082	100087083	51	11	2	1	1	1	NA	NA	NA	unphased	0.611790878754171	0.611790878754171	1
7	103202356	103202357	45	15	2	1	1	1	NA	NA	NA	unphased	0.862068965517241	0.862068965517241	1
7	107430025	107430026	47	23	2	1	1	1	NA	NA	NA	unphased	1.13300492610837	1.13300492610837	1
7	107704341	107704342	94	44	2	1	1	1	NA	NA	NA	unphased	1.09945027486257	1.09945027486257	1
7	111430529	111430530	51	10	2	1	1	1	NA	NA	NA	unphased	0.565291124929339	0.565291124929339	1
7	121942155	121942156	47	14	2	1	1	1	NA	NA	NA	unphased	0.791407574901074	0.791407574901074	1
7	121942156	121942157	50	14	2	1	1	1	NA	NA	NA	unphased	0.754310344827586	0.754310344827586	1
7	126882808	126882809	103	43	2	1	1	1	NA	NA	NA	unphased	1.01558809636278	1.01558809636278	1
7	134879798	134879799	32	12	2	1	1	1	NA	NA	NA	unphased	0.940438871473354	0.940438871473354	1
7	142124539	142124540	65	26	2	1	1	1	NA	NA	NA	unphased	0.985221674876847	0.985221674876847	1
7	142326800	142326801	112	37	2	1	1	1	NA	NA	NA	unphased	0.856283267762092	0.856283267762092	1
7	142326801	142326802	113	37	2	1	1	1	NA	NA	NA	unphased	0.850574712643678	0.850574712643678	1
7	142638445	142638446	70	39	2	1	1	1	NA	NA	NA	unphased	1.2337867763366	1.2337867763366	1
7	150490185	150490186	70	14	2	1	1	1	NA	NA	NA	unphased	0.574712643678161	0.574712643678161	1
8	642555	642556	83	14	3	2	1	1	NA	NA	NA	unphased	0.642019196587273	0.642019196587273	1
8	1575025	1575026	7	4	3	2	1	1	NA	NA	NA	unphased	1.61755485893417	1.61755485893417	1
8	1575026	1575027	7	4	3	2	1	1	NA	NA	NA	unphased	1.61755485893417	1.61755485893417	1
8	2807847	2807848	143	105	3	2	1	1	NA	NA	NA	unphased	1.8833426028921	0.941671301446051	2
8	3200873	3200874	68	42	3	2	1	1	NA	NA	NA	unphased	1.69843260188088	0.849216300940439	2
8	53568928	53568929	63	9	3	2	1	1	NA	NA	NA	unphased	0.556034482758621	0.556034482758621	1
8	61757937	61757938	30	23	3	2	1	1	NA	NA	NA	unphased	1.93038386467144	0.965191932335719	2
8	71508555	71508556	94	66	3	2	1	1	NA	NA	NA	unphased	1.83491379310345	0.917456896551724	2
8	77766736	77766737	199	43	3	2	1	1	NA	NA	NA	unphased	0.790396124251924	0.790396124251924	1
8	77766828	77766829	99	25	3	2	1	1	NA	NA	NA	unphased	0.896829810901001	0.896829810901001	1
8	77766840	77766841	94	23	3	2	1	1	NA	NA	NA	unphased	0.874447391688771	0.874447391688771	1
8	88885414	88885415	82	66	3	2	1	1	NA	NA	NA	unphased	1.98369058713886	0.991845293569432	2
8	99961673	99961674	210	175	3	2	1	1	NA	NA	NA	unphased	2.02194357366771	1.01097178683386	2
8	124553287	124553288	15	13	3	2	1	1	NA	NA	NA	unphased	2.06527093596059	1.0326354679803	2
8	134488117	134488118	71	18	3	2	1	1	NA	NA	NA	unphased	0.899651297946532	0.899651297946532	1
9	8471006	8471007	126	57	2	1	1	1	NA	NA	NA	unphased	1.07405313736574	1.07405313736574	1
9	36966648	36966649	37	8	2	1	1	1	NA	NA	NA	unphased	0.613026819923372	0.613026819923372	1
9	71628084	71628085	80	49	2	1	1	1	NA	NA	NA	unphased	1.30981021117348	1.30981021117348	1
9	71851088	71851089	84	32	2	1	1	1	NA	NA	NA	unphased	0.951248513674197	0.951248513674197	1
9	74300093	74300094	55	24	2	1	1	1	NA	NA	NA	unphased	1.04757747708424	1.04757747708424	1
9	84549024	84549025	11	5	2	1	1	1	NA	NA	NA	unphased	1.07758620689655	1.07758620689655	1
9	87486748	87486749	169	63	2	1	1	1	NA	NA	NA	unphased	0.936385255648038	0.936385255648038	1
9	90534070	90534071	11	5	2	1	1	1	NA	NA	NA	unphased	1.07758620689655	1.07758620689655	1
9	94488831	94488832	67	26	2	1	1	1	NA	NA	NA	unphased	0.96403411197627	0.96403411197627	1
9	100326389	100326390	24	11	2	1	1	1	NA	NA	NA	unphased	1.08374384236453	1.08374384236453	1
9	109687432	109687433	104	37	2	1	1	1	NA	NA	NA	unphased	0.904866715578381	0.904866715578381	1
9	109687462	109687463	86	44	2	1	1	1	NA	NA	NA	unphased	1.16710875331565	1.16710875331565	1
9	111753117	111753118	44	14	2	1	1	1	NA	NA	NA	unphased	0.832342449464923	0.832342449464923	1
9	115337245	115337246	254	91	2	1	1	1	NA	NA	NA	unphased	0.909545227386307	0.909545227386307	1
9	117568146	117568147	42	22	2	1	1	1	NA	NA	NA	unphased	1.18534482758621	1.18534482758621	1
9	134019959	134019960	95	37	2	1	1	1	NA	NA	NA	unphased	0.966562173458725	0.966562173458725	1
9	135865280	135865281	33	11	2	1	1	1	NA	NA	NA	unphased	0.862068965517241	0.862068965517241	1
9	136596589	136596590	49	13	2	1	1	1	NA	NA	NA	unphased	0.723025583982203	0.723025583982203	1
9	138377865	138377866	44	14	2	1	1	1	NA	NA	NA	unphased	0.832342449464923	0.832342449464923	1
9	139943246	139943247	16	8	2	1	1	1	NA	NA	NA	unphased	1.14942528735632	1.14942528735632	1
X	21624982	21624983	23	30	NA	NA	NA	NA	NA	NA	NA	unphased	NA	NA	1
X	31986630	31986631	18	18	NA	NA	NA	NA	NA	NA	NA	unphased	NA	NA	1
X	33038317	33038318	4	9	NA	NA	NA	NA	NA	NA	NA	unphased	NA	NA	1
X	65247910	65247911	41	16	NA	NA	NA	NA	NA	NA	NA	unphased	NA	NA	1
X	69283122	69283123	20	13	NA	NA	NA	NA	NA	NA	NA	unphased	NA	NA	1
X	78618124	78618125	28	31	NA	NA	NA	NA	NA	NA	NA	unphased	NA	NA	1
X	84569446	84569447	11	16	NA	NA	NA	NA	NA	NA	NA	unphased	NA	NA	1
X	91133465	91133466	67	63	NA	NA	NA	NA	NA	NA	NA	unphased	NA	NA	1
X	102337205	102337206	69	82	NA	NA	NA	NA	NA	NA	NA	unphased	NA	NA	1
X	120008812	120008813	43	62	NA	NA	NA	NA	NA	NA	NA	unphased	NA	NA	1
X	142717339	142717340	51	90	NA	NA	NA	NA	NA	NA	NA	unphased	NA	NA	1
X	154754266	154754267	45	46	NA	NA	NA	NA	NA	NA	NA	unphased	NA	NA	1
