chr	start	end	WT.count	mut.count	subclonal.CN	nMaj1	nMin1	frac1	nMaj2	nMin2	frac2	phase	mutation.copy.number	subclonal.fraction	no.chrs.bearing.mut
1	874781	874782	18	12	2	1	1	1	NA	NA	NA	unphased	0.860215053763441	0.860215053763441	1
1	2075773	2075774	5	4	2	1	1	1	NA	NA	NA	unphased	0.955794504181601	0.955794504181601	1
1	11574455	11574456	41	28	2	1	1	1	NA	NA	NA	unphased	0.872681938600592	0.872681938600592	1
1	16945396	16945397	36	6	2	1	1	1	NA	NA	NA	unphased	0.307219662058372	0.307219662058372	1
1	17326956	17326957	17	15	2	1	1	1	NA	NA	NA	unphased	1.00806451612903	1.00806451612903	1
1	17349217	17349218	12	13	2	1	1	1	NA	NA	NA	unphased	1.11827956989247	1.11827956989247	1
1	17570700	17570701	36	15	2	1	1	1	NA	NA	NA	unphased	0.632511068943706	0.632511068943706	1
1	23520621	23520622	52	34	2	1	1	1	NA	NA	NA	unphased	0.850212553138284	0.850212553138284	1
1	34164466	34164467	34	38	2	1	1	1	NA	NA	NA	unphased	1.13500597371565	1.13500597371565	1
1	36282511	36282512	63	74	2	1	1	1	NA	NA	NA	unphased	1.16160426968056	1.16160426968056	1
1	38226986	38226987	82	55	2	1	1	1	NA	NA	NA	unphased	0.863354524762577	0.863354524762577	1
1	52863353	52863354	26	22	2	1	1	1	NA	NA	NA	unphased	0.985663082437276	0.985663082437276	1
1	74663868	74663869	13	8	2	1	1	0.88	1	1	0.12	unphased	0.819252432155658	0.819252432155658	1
1	77763592	77763593	42	27	2	1	1	0.88	1	1	0.12	unphased	0.841514726507714	0.841514726507714	1
1	87189997	87189998	6	11	1.91	1	1	0.91	1	0	0.09	unphased	1.33328905755851	1.33328905755851	1
1	95356767	95356768	43	24	1.9	1	1	0.9	1	0	0.1	unphased	0.734520943668753	0.81613438185417	0.9
1	111857208	111857209	22	12	2	1	1	1	NA	NA	NA	unphased	0.759013282732448	0.759013282732448	1
1	118534099	118534100	7	12	2	1	1	1	NA	NA	NA	unphased	1.35823429541596	1.35823429541596	1
1	120285568	120285569	247	42	7	6	1	1	NA	NA	NA	unphased	1.03917847974104	1.03917847974104	1
1	145209186	145209187	25	3	4.48	3	2	0.87	1	0	0.13	unphased	0.496129032258064	0.496129032258064	1
1	156639615	156639616	52	59	4.52	3	2	0.88	1	0	0.12	unphased	2.48253802189286	0.899470297787268	2.76
1	156639616	156639617	52	57	4.52	3	2	0.88	1	0	0.12	unphased	2.44239124001184	0.88492436232313	2.76
1	158747279	158747280	169	126	4.52	3	2	0.88	1	0	0.12	unphased	1.99487370147622	1.06110303270012	1.88
1	159170798	159170799	15	16	4.52	3	2	0.88	1	0	0.12	unphased	2.41060006937218	0.873405822236298	2.76
1	161022123	161022124	234	61	4.52	3	2	0.88	1	0	0.12	unphased	0.965772188809914	0.965772188809914	1
1	161954678	161954679	137	178	4.52	3	2	0.88	1	0	0.12	unphased	2.63922444103089	0.956240739503947	2.76
1	173842615	173842616	86	14	4.52	3	2	0.88	1	0	0.12	unphased	0.653875268817204	0.743040078201369	0.88
1	180135673	180135674	60	64	4.52	3	2	0.88	1	0	0.12	unphased	2.41060006937218	0.873405822236298	2.76
1	196706115	196706116	47	29	4.52	3	2	0.88	1	0	0.12	unphased	1.78217883418223	0.947967464990548	1.88
1	196973870	196973871	94	119	4.25	3	2	0.75	1	1	0.25	unphased	2.45851633096067	0.98340653238427	2.5
1	206821910	206821911	273	331	4.25	3	2	0.75	1	1	0.25	unphased	2.41155290892259	0.964621163569038	2.5
1	216246235	216246236	84	39	4.24	3	2	0.81	1	0	0.19	unphased	1.39212168895883	0.769128004949627	1.81
1	240256872	240256873	20	12	4.2	3	2	0.8	1	0	0.2	unphased	1.63145161290323	0.906362007168459	1.8
1	245850768	245850769	12	4	4.46	3	2	0.82	1	1	0.18	unphased	1.15263440860215	1.15263440860215	1
1	247319914	247319915	74	28	4.16	3	2	0.79	1	0	0.21	unphased	1.18328484081805	1.18328484081805	1
1	248366728	248366729	237	314	4.16	3	2	0.79	1	0	0.21	unphased	2.45645883340164	0.952115826899859	2.58
1	248685738	248685739	61	94	NA	NA	NA	NA	NA	NA	NA	unphased	NA	NA	1
10	5416154	5416155	42	22	4	2	2	1	NA	NA	NA	unphased	1.42674731182796	0.713373655913979	2
10	13698941	13698942	31	5	4	2	2	1	NA	NA	NA	unphased	0.576463560334528	0.576463560334528	1
10	18807330	18807331	114	97	4	2	2	1	NA	NA	NA	unphased	1.9080670641594	0.954033532079702	2
10	21074755	21074756	27	41	4	2	2	1	NA	NA	NA	unphased	2.50253004427577	1.25126502213789	2
10	31816066	31816067	25	12	2.16	2	2	0.08	1	1	0.92	unphased	0.749363557105493	0.749363557105493	1
10	37422872	37422873	140	97	2.16	2	2	0.08	1	1	0.92	unphased	0.945663082437276	0.945663082437276	1
10	53921695	53921696	26	9	3	2	1	1	NA	NA	NA	unphased	0.810138248847926	0.810138248847926	1
10	72360303	72360304	38	14	3	2	1	1	NA	NA	NA	unphased	0.848221670802316	0.848221670802316	1
10	73563146	73563147	19	4	3	2	1	1	NA	NA	NA	unphased	0.5479195885928	0.5479195885928	1
10	74692355	74692356	8	7	3	2	1	1	NA	NA	NA	unphased	1.47025089605735	1.47025089605735	1
10	102740589	102740590	76	130	3	2	1	1	NA	NA	NA	unphased	1.98820336151999	0.994101680759996	2
10	114170350	114170351	29	7	3	2	1	1	NA	NA	NA	unphased	0.612604540023895	0.612604540023895	1
10	117026361	117026362	90	45	3	2	1	1	NA	NA	NA	unphased	1.05017921146953	1.05017921146953	1
11	1094727	1094728	3	91	2	2	0	1	NA	NA	NA	unphased	2.08190345458705	1.04095172729353	2
11	5080000	5080001	4	84	2	2	0	1	NA	NA	NA	unphased	2.05278592375367	1.02639296187683	2
11	5410654	5410655	11	113	2	2	0	1	NA	NA	NA	unphased	1.95976413458203	0.979882067291016	2
11	31616395	31616396	1	32	2	2	0	1	NA	NA	NA	unphased	2.08536982730531	1.04268491365266	2
11	49831731	49831732	16	166	2	2	0	1	NA	NA	NA	unphased	1.96147938083422	0.98073969041711	2
11	58604587	58604588	4	54	2	2	0	1	NA	NA	NA	unphased	2.00222469410456	1.00111234705228	2
11	67397305	67397306	13	41	9	7	2	1	NA	NA	NA	unphased	6.94763042612505	0.992518632303579	7
11	68029689	68029690	86	578	9	7	2	1	NA	NA	NA	unphased	7.96537763959062	1.13791109137009	7
11	93170850	93170851	5	71	2	2	0	1	NA	NA	NA	unphased	2.00905489530277	1.00452744765139	2
12	1755335	1755336	49	30	1.16	2	1	0.08	1	0	0.92	unphased	0.497672519395672	0.497672519395672	1
12	10541424	10541425	19	47	2.11	2	1	0.11	1	1	0.89	unphased	1.60977680026067	1.45024936960421	1.11
12	15742464	15742465	135	19	1.22	2	1	0.11	1	0	0.89	unphased	0.169092305543918	1.53720277767199	0.11
12	22659674	22659675	82	129	1.22	2	1	0.11	1	0	0.89	unphased	0.837911634306681	0.837911634306681	1
12	30815421	30815422	12	10	1.22	2	1	0.11	1	0	0.89	unphased	0.62297165200391	0.62297165200391	1
12	45568043	45568044	91	135	3	2	1	1	NA	NA	NA	unphased	1.88195832143877	0.940979160719383	2
12	51748232	51748233	23	30	3	2	1	1	NA	NA	NA	unphased	1.78332318928789	0.891661594643944	2
12	51888802	51888803	86	45	3	2	1	1	NA	NA	NA	unphased	1.08224575227776	1.08224575227776	1
12	53586164	53586165	90	38	3	2	1	1	NA	NA	NA	unphased	0.935315860215054	0.935315860215054	1
12	55688351	55688352	30	46	3	2	1	1	NA	NA	NA	unphased	1.90690435766836	0.953452178834182	2
12	62888927	62888928	49	26	3	2	1	1	NA	NA	NA	unphased	1.09218637992832	1.09218637992832	1
12	67703973	67703974	81	29	3	2	1	1	NA	NA	NA	unphased	0.830596285434995	0.830596285434995	1
12	69742179	69742180	51	21	3	2	1	1	NA	NA	NA	unphased	0.918906810035842	0.918906810035842	1
12	78444819	78444820	28	30	3	2	1	1	NA	NA	NA	unphased	1.62958843159066	0.814794215795328	2
12	78583981	78583982	17	12	3	2	1	1	NA	NA	NA	unphased	1.30367074527252	1.30367074527252	1
12	113344915	113344916	99	35	2.16	2	1	0.16	1	1	0.84	unphased	0.603498635852993	0.603498635852993	1
12	113440863	113440864	151	280	2.16	2	1	0.16	1	1	0.84	unphased	1.5010453309383	1.29400459563647	1.16
12	120589044	120589045	39	43	2.21	2	1	0.21	1	1	0.79	unphased	1.23784290584841	1.02301066599042	1.21
12	130832662	130832663	21	11	2.21	2	1	0.21	1	1	0.79	unphased	0.811434811827957	0.811434811827957	1
13	25066729	25066730	6	74	2	2	0	1	NA	NA	NA	unphased	1.98924731182796	0.994623655913978	2
13	35864579	35864580	4	158	2	2	0	1	NA	NA	NA	unphased	2.09743793973185	1.04871896986592	2
13	92560266	92560267	2	24	2	2	0	1	NA	NA	NA	unphased	1.98511166253102	0.992555831265509	2
13	97639001	97639002	1	31	2	2	0	1	NA	NA	NA	unphased	2.08333333333333	1.04166666666667	2
13	100618010	100618011	70	16	2	2	0	1	NA	NA	NA	unphased	0.400100025006252	0.400100025006252	1
13	100635331	100635332	5	86	2	2	0	1	NA	NA	NA	unphased	2.03237622592461	1.01618811296231	2
14	20344722	20344723	123	42	2	1	1	1	NA	NA	NA	unphased	0.547409579667644	0.547409579667644	1
14	20502631	20502632	32	30	2	1	1	1	NA	NA	NA	unphased	1.04058272632674	1.04058272632674	1
14	20711626	20711627	117	85	2	1	1	1	NA	NA	NA	unphased	0.904929202597679	0.904929202597679	1
14	22465916	22465917	18	16	2	1	1	1	NA	NA	NA	unphased	1.01201771030993	1.01201771030993	1
14	23586846	23586847	43	25	2	1	1	1	NA	NA	NA	unphased	0.790638836179633	0.790638836179633	1
14	23862606	23862607	40	53	2	1	1	1	NA	NA	NA	unphased	1.22557521100705	1.22557521100705	1
14	24836465	24836466	7	8	2	1	1	1	NA	NA	NA	unphased	1.14695340501792	1.14695340501792	1
14	34985548	34985549	39	33	2	1	1	1	NA	NA	NA	unphased	0.985663082437276	0.985663082437276	1
14	38061248	38061249	14	19	2	1	1	1	NA	NA	NA	unphased	1.23818833496253	1.23818833496253	1
14	42361104	42361105	28	21	2	1	1	1	NA	NA	NA	unphased	0.921658986175115	0.921658986175115	1
14	45433657	45433658	14	40	2	1	1	1	NA	NA	NA	unphased	1.59299084030267	1.59299084030267	1
14	50159990	50159991	19	20	2	1	1	1	NA	NA	NA	unphased	1.10283981251723	1.10283981251723	1
14	92413557	92413558	19	13	2	1	1	1	NA	NA	NA	unphased	0.873655913978495	0.873655913978495	1
14	96730449	96730450	31	38	2	1	1	1	NA	NA	NA	unphased	1.18435405952938	1.18435405952938	1
15	23931491	23931492	2	15	1	1	0	1	NA	NA	NA	unphased	1.01518026565465	1.01518026565465	1
15	23931492	23931493	2	15	1	1	0	1	NA	NA	NA	unphased	1.01518026565465	1.01518026565465	1
15	40662275	40662276	8	39	1	1	0	1	NA	NA	NA	unphased	0.954701441317776	0.954701441317776	1
15	40943667	40943668	12	25	NA	NA	NA	NA	NA	NA	NA	unphased	NA	NA	1
15	42807495	42807496	43	78	4	3	1	1	NA	NA	NA	unphased	2.67555318581712	0.891851061939038	3
15	58471376	58471377	32	74	4	3	1	1	NA	NA	NA	unphased	2.89754514100223	0.965848380334077	3
15	63000926	63000927	53	27	4	3	1	1	NA	NA	NA	unphased	1.4008064516129	0.700403225806452	2
15	90246268	90246269	129	41	4	3	1	1	NA	NA	NA	unphased	1.00101201771031	1.00101201771031	1
15	92988106	92988107	135	37	4	3	1	1	NA	NA	NA	unphased	0.892848212053013	0.892848212053013	1
16	2100412	2100413	2	30	2	2	0	1	NA	NA	NA	unphased	2.01612903225806	1.00806451612903	2
16	61687960	61687961	11	112	3	3	0	1	NA	NA	NA	unphased	2.86878223620946	0.956260745403153	3
16	70732686	70732687	7	53	3	3	0	1	NA	NA	NA	unphased	2.78297491039426	0.927658303464755	3
17	2227840	2227841	28	52	3	3	0	1	NA	NA	NA	unphased	2.04784946236559	1.0239247311828	2
17	7578290	7578291	2	57	3	3	0	1	NA	NA	NA	unphased	3.04373974849645	1.01457991616548	3
17	7804680	7804681	3	104	3	3	0	1	NA	NA	NA	unphased	3.06220480353733	1.02073493451244	3
17	11882052	11882053	77	36	3	3	0	1	NA	NA	NA	unphased	1.00371110476734	1.00371110476734	1
17	18923828	18923829	1	10	3	3	0	1	NA	NA	NA	unphased	2.86412512218964	0.954708374063213	3
17	20916235	20916236	86	40	3	3	0	1	NA	NA	NA	unphased	1.00017067759003	1.00017067759003	1
17	21826324	21826325	13	15	3	3	0	1	NA	NA	NA	unphased	1.68778801843318	0.84389400921659	2
17	29677250	29677251	6	68	2	2	0	1	NA	NA	NA	unphased	1.9761697181052	0.988084859052601	2
17	29858884	29858885	2	17	2	2	0	1	NA	NA	NA	unphased	1.92416525183928	0.962082625919638	2
17	41020575	41020576	2	14	2	2	0	1	NA	NA	NA	unphased	1.88172043010753	0.940860215053763	2
17	60484412	60484413	3	78	4	4	0	1	NA	NA	NA	unphased	3.99681401831939	0.999203504579849	4
17	60637390	60637391	34	41	4	4	0	1	NA	NA	NA	unphased	2.2689605734767	1.13448028673835	2
17	60637399	60637400	38	44	4	4	0	1	NA	NA	NA	unphased	2.22711775504852	1.11355887752426	2
17	64026129	64026130	48	41	4	4	0	1	NA	NA	NA	unphased	1.91204542708711	0.956022713543555	2
17	73235522	73235523	2	57	4	4	0	1	NA	NA	NA	unphased	4.0098414434117	1.00246036085293	4
17	78704428	78704429	3	104	4	4	0	1	NA	NA	NA	unphased	4.03416742035976	1.00854185508994	4
18	192856	192857	44	73	2.16	2	1	0.16	1	1	0.84	unphased	1.44161749839169	1.24277370551008	1.16
18	2772365	2772366	30	42	2.16	2	1	0.16	1	1	0.84	unphased	1.34781362007169	1.16190829316525	1.16
18	5416079	5416080	42	85	3	2	1	1	NA	NA	NA	unphased	2.10862755058843	1.05431377529422	2
18	6986192	6986193	146	68	3	2	1	1	NA	NA	NA	unphased	1.00110541654105	1.00110541654105	1
18	28737485	28737486	38	49	3	2	1	1	NA	NA	NA	unphased	1.77444073662094	0.887220368310468	2
18	28737486	28737487	39	49	3	2	1	1	NA	NA	NA	unphased	1.75427663734115	0.877138318670577	2
18	29206257	29206258	37	14	3	2	1	1	NA	NA	NA	unphased	0.864853468269028	0.864853468269028	1
18	47463678	47463679	6	69	2	2	0	1	NA	NA	NA	unphased	1.97849462365591	0.989247311827957	2
19	547414	547415	8	79	2	2	0	1	NA	NA	NA	unphased	1.95278704733655	0.976393523668273	2
19	886135	886136	22	4	2	2	0	1	NA	NA	NA	unphased	0.33085194375517	0.33085194375517	1
19	2115340	2115341	5	47	2	2	0	1	NA	NA	NA	unphased	1.94375516956162	0.971877584780811	2
19	4047799	4047800	24	56	3	2	1	1	NA	NA	NA	unphased	2.20537634408602	1.10268817204301	2
19	5745997	5745998	123	197	3	2	1	1	NA	NA	NA	unphased	1.9395497311828	0.969774865591398	2
19	6364620	6364621	15	32	3	2	1	1	NA	NA	NA	unphased	2.14504690002288	1.07252345001144	2
19	7833877	7833878	51	24	3	2	1	1	NA	NA	NA	unphased	1.00817204301075	1.00817204301075	1
19	8180414	8180415	23	27	3	2	1	1	NA	NA	NA	unphased	1.70129032258065	0.850645161290323	2
19	9046487	9046488	78	90	3	2	1	1	NA	NA	NA	unphased	1.68778801843318	0.84389400921659	2
19	9060093	9060094	33	51	3	2	1	1	NA	NA	NA	unphased	1.91282642089094	0.956413210445468	2
19	9529291	9529292	38	15	3	2	1	1	NA	NA	NA	unphased	0.891661594643944	0.891661594643944	1
19	11123693	11123694	3	46	2	2	0	1	NA	NA	NA	unphased	2.01887206495501	1.00943603247751	2
19	12694314	12694315	56	35	2	2	0	1	NA	NA	NA	unphased	0.827129859387924	0.827129859387924	1
19	21720679	21720680	9	53	2	2	0	1	NA	NA	NA	unphased	1.83836281651058	0.91918140825529	2
19	22952017	22952018	5	64	2	2	0	1	NA	NA	NA	unphased	1.99470157394421	0.997350786972105	2
19	35251311	35251312	112	42	1.16	2	1	0.08	1	0	0.92	unphased	0.35741935483871	0.35741935483871	1
19	36388626	36388627	51	19	3	2	1	1	NA	NA	NA	unphased	0.855145929339477	0.855145929339477	1
19	38959741	38959742	95	27	3	2	1	1	NA	NA	NA	unphased	0.697250132205182	0.697250132205182	1
19	41038676	41038677	24	15	3	2	1	1	NA	NA	NA	unphased	1.21174524400331	1.21174524400331	1
19	41268963	41268964	44	24	3	2	1	1	NA	NA	NA	unphased	1.11195445920304	1.11195445920304	1
19	42083748	42083749	31	45	3	2	1	1	NA	NA	NA	unphased	1.86544991511036	0.932724957555178	2
19	44832416	44832417	153	67	3	2	1	1	NA	NA	NA	unphased	0.959481915933529	0.959481915933529	1
19	46807316	46807317	3	7	3	2	1	1	NA	NA	NA	unphased	2.20537634408602	1.10268817204301	2
19	47912390	47912391	48	74	3	2	1	1	NA	NA	NA	unphased	1.91098184382161	0.955490921910805	2
19	48339498	48339499	90	47	3	2	1	1	NA	NA	NA	unphased	1.08084137822777	1.08084137822777	1
19	49949921	49949922	66	82	3	2	1	1	NA	NA	NA	unphased	1.74556814879396	0.872784074396978	2
19	50831753	50831754	43	14	3	2	1	1	NA	NA	NA	unphased	0.773816261082814	0.773816261082814	1
19	50865288	50865289	13	13	3	2	1	1	NA	NA	NA	unphased	1.5752688172043	0.78763440860215	2
19	51015732	51015733	35	23	3	2	1	1	NA	NA	NA	unphased	1.24935113088617	1.24935113088617	1
19	52149692	52149693	61	34	3	2	1	1	NA	NA	NA	unphased	1.12756083757782	1.12756083757782	1
19	53668813	53668814	61	112	3	2	1	1	NA	NA	NA	unphased	2.03965442227609	1.01982721113804	2
19	53762450	53762451	106	42	3	2	1	1	NA	NA	NA	unphased	0.894071490845684	0.894071490845684	1
19	54515550	54515551	12	40	3	2	1	1	NA	NA	NA	unphased	2.42349048800662	1.21174524400331	2
19	55452327	55452328	65	83	3	2	1	1	NA	NA	NA	unphased	1.76685556524266	0.883427782621331	2
19	55494391	55494392	40	13	3	2	1	1	NA	NA	NA	unphased	0.772773382024751	0.772773382024751	1
19	55716849	55716850	49	105	3	2	1	1	NA	NA	NA	unphased	2.14809384164223	1.07404692082111	2
19	55853342	55853343	74	94	3	2	1	1	NA	NA	NA	unphased	1.76280081925243	0.881400409626216	2
19	55995524	55995525	10	3	3	2	1	1	NA	NA	NA	unphased	0.727047146401985	0.727047146401985	1
19	56465915	56465916	61	31	3	2	1	1	NA	NA	NA	unphased	1.06159420289855	1.06159420289855	1
19	58216301	58216302	56	115	3	2	1	1	NA	NA	NA	unphased	2.11878261963152	1.05939130981576	2
2	27458403	27458404	138	37	4	4	0	1	NA	NA	NA	unphased	0.877542242703533	0.877542242703533	1
2	31215799	31215800	5	98	4	4	0	1	NA	NA	NA	unphased	3.94905522497129	0.987263806242823	4
2	44502725	44502726	39	5	4	4	0	1	NA	NA	NA	unphased	0.471652003910068	0.471652003910068	1
2	60780424	60780425	2	84	4	4	0	1	NA	NA	NA	unphased	4.05401350337584	1.01350337584396	4
2	98428908	98428909	46	50	4	2	2	1	NA	NA	NA	unphased	2.16173835125448	1.08086917562724	2
2	98451244	98451245	53	48	4	2	2	1	NA	NA	NA	unphased	1.97253273714468	0.986266368572341	2
2	128890812	128890813	150	68	3	2	1	1	NA	NA	NA	unphased	0.982736509815527	0.982736509815527	1
2	141359087	141359088	46	27	3	2	1	1	NA	NA	NA	unphased	1.16526734423332	1.16526734423332	1
2	152695629	152695630	27	15	1.3	2	1	0.15	1	0	0.85	unphased	0.518049155145929	0.518049155145929	1
2	182347331	182347332	134	70	1.3	2	1	0.15	1	0	0.85	unphased	0.497733502002952	0.497733502002952	1
2	198949099	198949100	101	50	1.3	2	1	0.15	1	0	0.85	unphased	0.480310474969736	0.480310474969736	1
2	202719660	202719661	43	25	1.3	2	1	0.15	1	0	0.85	unphased	0.533285895003162	0.533285895003162	1
2	207175883	207175884	14	19	1.3	2	1	0.15	1	0	0.85	unphased	0.835158031932225	0.835158031932225	1
2	211503936	211503937	8	15	1.32	2	1	0.16	1	0	0.84	unphased	0.959046283309958	0.959046283309958	1
2	219868968	219868969	54	43	2	1	1	1	NA	NA	NA	unphased	0.953331116284226	0.953331116284226	1
2	225740817	225740818	24	17	2	1	1	1	NA	NA	NA	unphased	0.891686336218201	0.891686336218201	1
2	241725779	241725780	35	18	NA	NA	NA	NA	NA	NA	NA	unphased	NA	NA	1
20	742392	742393	12	27	3	2	1	1	NA	NA	NA	unphased	2.18114143920595	1.09057071960298	2
20	20033183	20033184	48	9	2	2	0	1	NA	NA	NA	unphased	0.33955857385399	0.33955857385399	1
20	37524239	37524240	43	45	4	2	2	1	NA	NA	NA	unphased	2.12243401759531	1.06121700879765	2
20	43926611	43926612	89	28	2.16	2	2	0.08	1	1	0.92	unphased	0.552949177465307	0.552949177465307	1
20	47852960	47852961	171	53	2.16	2	2	0.08	1	1	0.92	unphased	0.546689708141321	0.546689708141321	1
20	60791173	60791174	1	24	2	2	0	1	NA	NA	NA	unphased	2.06451612903226	1.03225806451613	2
20	62200183	62200184	5	61	2	2	0	1	NA	NA	NA	unphased	1.98761811665037	0.993809058325187	2
21	30339356	30339357	6	91	2	2	0	1	NA	NA	NA	unphased	2.01751468795034	1.00875734397517	2
21	46323444	46323445	3	37	2	2	0	1	NA	NA	NA	unphased	1.98924731182796	0.994623655913978	2
22	20131127	20131128	15	16	1.44	2	1	0.22	1	0	0.78	unphased	0.820922650017343	0.820922650017343	1
22	26176073	26176074	8	4	1.5	2	1	0.25	1	0	0.75	unphased	0.550179211469534	0.550179211469534	1
22	26776325	26776326	26	37	1.5	2	1	0.25	1	0	0.75	unphased	0.969363372589179	0.969363372589179	1
22	32015764	32015765	45	17	1.5	2	1	0.25	1	0	0.75	unphased	0.452566770724939	0.452566770724939	1
22	38055320	38055321	28	11	1.5	2	1	0.25	1	0	0.75	unphased	0.465536255858836	0.465536255858836	1
22	39812822	39812823	112	32	1.5	2	1	0.25	1	0	0.75	unphased	0.366786140979689	0.366786140979689	1
22	43606190	43606191	46	17	2.3	2	1	0.3	1	1	0.7	unphased	0.661256187062639	0.661256187062639	1
3	30686246	30686247	28	21	4	4	0	1	NA	NA	NA	unphased	1.77880184331797	0.889400921658986	2
3	42679413	42679414	62	26	3	3	0	1	NA	NA	NA	unphased	0.930840664711632	0.930840664711632	1
3	46542222	46542223	54	30	3	3	0	1	NA	NA	NA	unphased	1.12519201228879	1.12519201228879	1
3	46542277	46542278	66	25	3	3	0	1	NA	NA	NA	unphased	0.86553231714522	0.86553231714522	1
3	95374075	95374076	1	9	2.23	2	1	0.23	1	1	0.77	unphased	2.14248387096774	1.74185680566483	1.23
3	99881243	99881244	37	59	2.23	2	1	0.23	1	1	0.77	unphased	1.46303875448029	1.18946240201649	1.23
3	108682450	108682451	0	15	1	1	0	1	NA	NA	NA	unphased	1.1505376344086	1.1505376344086	1
3	114018522	114018523	20	10	2	2	0	1	NA	NA	NA	unphased	0.716845878136201	0.716845878136201	1
3	115395438	115395439	36	5	3.13	3	1	0.71	1	0	0.29	unphased	0.400065565171781	0.563472627002508	0.71
3	119205769	119205770	76	79	3.13	3	1	0.71	1	0	0.29	unphased	1.6720159556018	0.977787108539066	1.71
3	120121761	120121762	119	28	3.13	3	1	0.71	1	0	0.29	unphased	0.624864311315924	0.880090579318203	0.71
3	121305318	121305319	77	29	3.13	3	1	0.71	1	0	0.29	unphased	0.897505579224995	0.897505579224995	1
3	137484357	137484358	76	12	3.52	3	1	0.84	1	0	0.16	unphased	0.500527859237537	0.595866499092305	0.84
3	141678673	141678674	64	53	3.52	3	1	0.84	1	0	0.16	unphased	1.66272217627056	0.903653356668784	1.84
3	149192709	149192710	59	10	4	3	1	1	NA	NA	NA	unphased	0.601527193392551	0.601527193392551	1
3	149192710	149192711	60	11	4	3	1	1	NA	NA	NA	unphased	0.643041041950629	0.643041041950629	1
3	149290671	149290672	90	21	4	3	1	1	NA	NA	NA	unphased	0.785236849752979	0.785236849752979	1
3	178546161	178546162	33	13	3.58	3	1	0.86	1	0	0.14	unphased	1.05428237494156	1.05428237494156	1
3	180397192	180397193	122	91	3.58	3	1	0.86	1	0	0.14	unphased	1.593797768691	0.856880520801613	1.86
3	183516716	183516717	208	49	3.58	3	1	0.86	1	0	0.14	unphased	0.711269821346387	0.827057931798125	0.86
3	183854626	183854627	67	24	3.58	3	1	0.86	1	0	0.14	unphased	0.983878057426445	0.983878057426445	1
3	190347301	190347302	26	11	3.58	3	1	0.86	1	0	0.14	unphased	1.10907875617553	1.10907875617553	1
3	197665514	197665515	328	110	3.28	3	1	0.76	1	0	0.24	unphased	0.861550547454215	1.13361914138713	0.76
4	1818518	1818519	37	37	2	1	1	1	NA	NA	NA	unphased	1.0752688172043	1.0752688172043	1
4	13338671	13338672	26	16	2	1	1	1	NA	NA	NA	unphased	0.819252432155658	0.819252432155658	1
4	46314645	46314646	33	18	2	1	1	0.9	1	1	0.1	unphased	0.759013282732448	0.759013282732448	1
4	48591822	48591823	60	25	2	1	1	0.9	1	1	0.1	unphased	0.632511068943706	0.632511068943706	1
4	69696394	69696395	91	72	2	1	1	0.86	1	1	0.14	unphased	0.949930734217297	0.949930734217297	1
4	85722957	85722958	24	26	2	1	1	0.89	1	1	0.11	unphased	1.11827956989247	1.11827956989247	1
4	90857796	90857797	38	30	2	1	1	0.89	1	1	0.11	unphased	0.94876660341556	0.94876660341556	1
4	96137242	96137243	12	15	2	1	1	0.89	1	1	0.11	unphased	1.194743130227	1.194743130227	1
4	106395102	106395103	15	11	2	1	1	0.85	1	1	0.15	unphased	0.909842845326716	0.909842845326716	1
4	110749181	110749182	50	31	2	1	1	0.88	1	1	0.12	unphased	0.823045267489712	0.823045267489712	1
4	147561914	147561915	53	30	2	1	1	0.9	1	1	0.1	unphased	0.777302759424796	0.777302759424796	1
4	153244140	153244141	100	47	2	1	1	0.9	1	1	0.1	unphased	0.68758686270207	0.68758686270207	1
4	156135152	156135153	22	15	2	1	1	0.87	1	1	0.13	unphased	0.871839581517001	0.871839581517001	1
4	156294487	156294488	26	20	2	1	1	0.87	1	1	0.13	unphased	0.935016362786349	0.935016362786349	1
4	166924655	166924656	32	28	2	1	1	0.86	1	1	0.14	unphased	1.00358422939068	1.00358422939068	1
4	166924656	166924657	32	29	2	1	1	0.86	1	1	0.14	unphased	1.02238674422704	1.02238674422704	1
4	169348388	169348389	9	6	2	1	1	0.86	1	1	0.14	unphased	0.860215053763441	0.860215053763441	1
4	183601695	183601696	41	21	2	1	1	1	NA	NA	NA	unphased	0.72840790842872	0.72840790842872	1
5	9629658	9629659	87	36	3	2	1	1	NA	NA	NA	unphased	0.922108575924469	0.922108575924469	1
5	16701589	16701590	28	43	1.7	2	1	0.35	1	0	0.65	unphased	1.12074814478267	1.12074814478267	1
5	31323352	31323353	55	107	3.53	4	1	0.51	1	1	0.49	unphased	2.43097238815877	0.968514895680784	2.51
5	40959720	40959721	24	7	3.53	4	1	0.51	1	1	0.49	unphased	0.831089143253555	0.831089143253555	1
5	41052644	41052645	73	21	3.68	4	1	0.56	1	1	0.44	unphased	0.855758407687028	0.855758407687028	1
5	41054911	41054912	115	20	3.68	4	1	0.56	1	1	0.44	unphased	0.567487056949422	1.01336974455254	0.56
5	42804764	42804765	54	14	3.68	4	1	0.56	1	1	0.44	unphased	0.788640101201771	0.788640101201771	1
5	65324099	65324100	3	18	2	2	0	1	NA	NA	NA	unphased	1.84331797235023	0.921658986175115	2
5	86672351	86672352	4	24	2	2	0	1	NA	NA	NA	unphased	1.84331797235023	0.921658986175115	2
5	86674215	86674216	2	65	2	2	0	1	NA	NA	NA	unphased	2.08634248114267	1.04317124057134	2
5	108281896	108281897	38	38	2	2	0	1	NA	NA	NA	unphased	1.0752688172043	1.0752688172043	1
5	134871098	134871099	0	18	2	2	0	1	NA	NA	NA	unphased	2.1505376344086	1.0752688172043	2
5	140222426	140222427	10	163	2	2	0	1	NA	NA	NA	unphased	2.02622910062776	1.01311455031388	2
5	140229461	140229462	8	132	2	2	0	1	NA	NA	NA	unphased	2.02764976958525	1.01382488479263	2
5	140346534	140346535	1	21	2	2	0	1	NA	NA	NA	unphased	2.05278592375367	1.02639296187683	2
5	140516738	140516739	19	140	2	2	0	1	NA	NA	NA	unphased	1.89355514979374	0.946777574896869	2
5	145510659	145510660	0	8	2	2	0	1	NA	NA	NA	unphased	2.1505376344086	1.0752688172043	2
5	170395379	170395380	2	33	2	2	0	1	NA	NA	NA	unphased	2.02764976958525	1.01382488479263	2
5	170863221	170863222	2	25	2	2	0	1	NA	NA	NA	unphased	1.99123855037834	0.995619275189168	2
6	6182335	6182336	4	39	3	3	0	1	NA	NA	NA	unphased	2.85746436609152	0.952488122030507	3
6	26031918	26031919	91	37	3	3	0	1	NA	NA	NA	unphased	0.910702284946236	0.910702284946236	1
6	49753712	49753713	166	40	4	4	0	1	NA	NA	NA	unphased	0.805929637749243	0.805929637749243	1
6	75892764	75892765	97	21	4	4	0	1	NA	NA	NA	unphased	0.738655002733734	0.738655002733734	1
6	83767609	83767610	1	46	4	4	0	1	NA	NA	NA	unphased	4.06222832303821	1.01555708075955	4
6	97058446	97058447	6	219	4	4	0	1	NA	NA	NA	unphased	4.03985663082437	1.00996415770609	4
6	136599114	136599115	96	10	4	4	0	1	NA	NA	NA	unphased	0.391560154189491	0.391560154189491	1
6	146719976	146719977	12	218	3	3	0	1	NA	NA	NA	unphased	2.98616175783076	0.995387252610254	3
6	153043077	153043078	117	49	3	3	0	1	NA	NA	NA	unphased	0.929977976421816	0.929977976421816	1
7	2629589	2629590	29	35	1.22	2	1	0.11	1	0	0.89	unphased	0.749512768817204	0.749512768817204	1
7	37780540	37780541	86	26	1.22	2	1	0.11	1	0	0.89	unphased	0.318160522273426	0.318160522273426	1
7	43484960	43484961	126	39	1.22	2	1	0.11	1	0	0.89	unphased	0.323945259042033	0.323945259042033	1
7	44578498	44578499	81	27	1.22	2	1	0.11	1	0	0.89	unphased	0.34263440860215	0.34263440860215	1
7	49951628	49951629	44	19	1.22	2	1	0.11	1	0	0.89	unphased	0.413336746885134	0.413336746885134	1
7	53103887	53103888	20	54	1.22	2	1	0.11	1	0	0.89	unphased	1.00012205754141	1.00012205754141	1
7	63726998	63726999	32	8	1.22	2	1	0.11	1	0	0.89	unphased	0.27410752688172	0.27410752688172	1
7	88963228	88963229	28	52	1.2	3	2	0.05	0	1	0.95	unphased	0.877849462365591	0.877849462365591	1
7	100244446	100244447	151	22	6.76	5	2	0.96	0	1	0.04	unphased	0.878796693393001	0.878796693393001	1
7	103136259	103136260	137	58	2.69	3	2	0.23	1	1	0.77	unphased	0.844877860490764	0.844877860490764	1
7	112723907	112723908	82	101	4	2	2	1	NA	NA	NA	unphased	2.29073388565721	1.1453669428286	2
7	114330062	114330063	29	28	4	2	2	1	NA	NA	NA	unphased	2.03886059234107	1.01943029617053	2
7	117431989	117431990	119	118	4	2	2	1	NA	NA	NA	unphased	2.06651240869289	1.03325620434645	2
7	122339008	122339009	27	25	4	2	2	1	NA	NA	NA	unphased	1.99545078577337	0.997725392886683	2
7	134260186	134260187	52	42	2.24	2	2	0.12	1	1	0.88	unphased	1.06811256005491	1.06811256005491	1
7	137080371	137080372	47	37	2.24	2	2	0.12	1	1	0.88	unphased	1.05297491039427	1.05297491039427	1
7	137080372	137080373	46	37	2.24	2	2	0.12	1	1	0.88	unphased	1.06566135509781	1.06566135509781	1
7	138524930	138524931	7	4	2.24	2	2	0.12	1	1	0.88	unphased	0.869286412512219	0.869286412512219	1
7	150266985	150266986	36	28	2.24	2	2	0.12	1	1	0.88	unphased	1.04586021505376	1.04586021505376	1
7	150720202	150720203	194	242	2.24	2	2	0.12	1	1	0.88	unphased	1.32685804478643	1.18469468284502	1.12
7	151927076	151927077	276	30	2.24	2	2	0.12	1	1	0.88	unphased	0.234366434745941	0.234366434745941	1
8	33424321	33424322	1	7	2	2	0	1	NA	NA	NA	unphased	1.88172043010753	0.940860215053763	2
8	48696345	48696346	82	72	1.15	2	2	0.05	0	1	0.95	unphased	0.608043569333892	0.608043569333892	1
8	59329420	59329421	43	24	1.15	2	2	0.05	0	1	0.95	unphased	0.465864227250842	0.465864227250842	1
8	70585235	70585236	86	55	1.15	2	2	0.05	0	1	0.95	unphased	0.507301914131015	0.507301914131015	1
8	77775514	77775515	19	24	2.18	2	2	0.09	1	1	0.91	unphased	1.30076519129782	1.30076519129782	1
8	77895877	77895878	83	54	2.18	2	2	0.09	1	1	0.91	unphased	0.918606074876383	0.918606074876383	1
8	110131748	110131749	9	11	2.28	2	2	0.14	1	1	0.86	unphased	1.33679569892473	1.33679569892473	1
8	110445415	110445416	161	104	2.28	2	2	0.14	1	1	0.86	unphased	0.953871373503754	0.953871373503754	1
8	110456935	110456936	213	52	2.28	2	2	0.14	1	1	0.86	unphased	0.476935686751877	0.476935686751877	1
8	113318400	113318401	36	25	2.28	2	2	0.14	1	1	0.86	unphased	0.996121981315001	0.996121981315001	1
8	113348880	113348881	66	44	2.28	2	2	0.14	1	1	0.86	unphased	0.972215053763441	0.972215053763441	1
8	113662399	113662400	61	53	2.28	2	2	0.14	1	1	0.86	unphased	1.12998679494435	1.12998679494435	1
8	121279103	121279104	155	91	2.28	2	2	0.14	1	1	0.86	unphased	0.899101320045459	0.899101320045459	1
8	133150152	133150153	52	70	2.28	2	2	0.14	1	1	0.86	unphased	1.394570773841	1.22330769635176	1.14
9	6007633	6007634	2	62	2	2	0	1	NA	NA	NA	unphased	2.08333333333333	1.04166666666667	2
9	12694043	12694044	34	28	2	2	0	1	NA	NA	NA	unphased	0.971210544571627	0.971210544571627	1
9	17747076	17747077	1	18	2	2	0	1	NA	NA	NA	unphased	2.03735144312394	1.01867572156197	2
9	33073752	33073753	3	73	2	2	0	1	NA	NA	NA	unphased	2.0656479909451	1.03282399547255	2
9	36351166	36351167	147	28	9	7	2	1	NA	NA	NA	unphased	1.46408602150538	0.732043010752688	2
9	69391102	69391103	45	19	2	2	0	1	NA	NA	NA	unphased	0.638440860215054	0.638440860215054	1
9	71155560	71155561	1	14	2	2	0	1	NA	NA	NA	unphased	2.00716845878136	1.00358422939068	2
9	91652955	91652956	11	125	2	2	0	1	NA	NA	NA	unphased	1.97659709044908	0.988298545224541	2
9	116224372	116224373	11	99	2	2	0	1	NA	NA	NA	unphased	1.93548387096774	0.967741935483871	2
9	130507135	130507136	18	193	2	2	0	1	NA	NA	NA	unphased	1.96707944758702	0.983539723793508	2
9	130605480	130605481	50	35	2	2	0	1	NA	NA	NA	unphased	0.885515496521189	0.885515496521189	1
9	135750501	135750502	0	35	2	2	0	1	NA	NA	NA	unphased	2.1505376344086	1.0752688172043	2
X	14861947	14861948	24	26	NA	NA	NA	NA	NA	NA	NA	unphased	NA	NA	1
X	78426637	78426638	0	20	NA	NA	NA	NA	NA	NA	NA	unphased	NA	NA	1
X	111097036	111097037	3	134	NA	NA	NA	NA	NA	NA	NA	unphased	NA	NA	1
X	149013339	149013340	3	127	NA	NA	NA	NA	NA	NA	NA	unphased	NA	NA	1
