chr	start	end	WT.count	mut.count	subclonal.CN	nMaj1	nMin1	frac1	nMaj2	nMin2	frac2	phase	mutation.copy.number	subclonal.fraction	no.chrs.bearing.mut
1	1563438	1563439	56	12	NA	NA	NA	NA	NA	NA	NA	unphased	NA	NA	1
1	11187808	11187809	427	59	2.7	2	1	0.7	1	1	0.3	unphased	1.09663923182442	1.09663923182442	1
1	16534564	16534565	95	18	2.7	2	1	0.7	1	1	0.3	unphased	1.43893805309735	1.43893805309735	1
1	17570693	17570694	120	15	2.7	2	1	0.7	1	1	0.3	unphased	1.0037037037037	1.0037037037037	1
1	19593930	19593931	136	14	2.7	2	1	0.7	1	1	0.3	unphased	0.843111111111111	0.843111111111111	1
1	20469942	20469943	102	32	2.7	2	1	0.7	1	1	0.3	unphased	2.15721393034826	1.26894937079309	1.7
1	20944997	20944998	57	11	2.7	2	1	0.7	1	1	0.3	unphased	1.46127450980392	1.46127450980392	1
1	25166472	25166473	166	26	2.7	2	1	0.7	1	1	0.3	unphased	1.22326388888889	1.22326388888889	1
1	26370802	26370803	63	13	2.7	2	1	0.7	1	1	0.3	unphased	1.54517543859649	1.54517543859649	1
1	32050543	32050544	100	26	2.7	2	1	0.7	1	1	0.3	unphased	1.86402116402116	1.09648303765951	1.7
1	32672176	32672177	182	19	2.7	2	1	0.7	1	1	0.3	unphased	0.853897180762853	0.853897180762853	1
1	38330068	38330069	74	4	2.7	2	1	0.7	1	1	0.3	unphased	0.463247863247863	0.463247863247863	1
1	49208330	49208331	247	22	2.7	2	1	0.7	1	1	0.3	unphased	0.738785625774473	0.738785625774473	1
1	57395200	57395201	107	9	2.7	2	1	0.7	1	1	0.3	unphased	0.700862068965517	0.700862068965517	1
1	59248698	59248699	188	40	2.7	2	1	0.7	1	1	0.3	unphased	1.58479532163743	0.932232542139663	1.7
1	67155978	67155979	212	32	2.7	2	1	0.7	1	1	0.3	unphased	1.18469945355191	1.18469945355191	1
1	70482208	70482209	132	18	2.7	2	1	0.7	1	1	0.3	unphased	1.084	1.084	1
1	70639303	70639304	43	4	2.7	2	1	0.7	1	1	0.3	unphased	0.768794326241135	0.768794326241135	1
1	76356446	76356447	122	29	2.7	2	1	0.7	1	1	0.3	unphased	1.73487858719647	1.02051681599792	1.7
1	79107269	79107270	213	20	2.7	2	1	0.7	1	1	0.3	unphased	0.775393419170243	0.775393419170243	1
1	85595727	85595728	228	73	2.7	2	1	0.7	1	1	0.3	unphased	2.19080841638981	1.28871083317048	1.7
1	92737153	92737154	167	27	2.7	2	1	0.7	1	1	0.3	unphased	1.25721649484536	1.25721649484536	1
1	103573637	103573638	75	11	2.7	2	1	0.7	1	1	0.3	unphased	1.15542635658915	1.15542635658915	1
1	110162771	110162772	49	7	2.7	2	1	0.7	1	1	0.3	unphased	1.12916666666667	1.12916666666667	1
1	110734761	110734762	85	28	2.7	2	1	0.7	1	1	0.3	unphased	2.23834808259587	1.31667534270345	1.7
1	111863018	111863019	73	22	2.7	2	1	0.7	1	1	0.3	unphased	2.0919298245614	1.23054695562436	1.7
1	112309422	112309423	191	26	2.7	2	1	0.7	1	1	0.3	unphased	1.08233486943164	1.08233486943164	1
1	115537561	115537562	168	22	2.7	2	1	0.7	1	1	0.3	unphased	1.0459649122807	1.0459649122807	1
1	115615627	115615628	47	5	2.7	2	1	0.7	1	1	0.3	unphased	0.868589743589744	0.868589743589744	1
1	117617771	117617772	169	23	2.7	2	1	0.7	1	1	0.3	unphased	1.08211805555556	1.08211805555556	1
1	118550755	118550756	68	14	2.7	2	1	0.7	1	1	0.3	unphased	1.54227642276423	1.54227642276423	1
1	118634551	118634552	408	86	2.7	2	1	0.7	1	1	0.3	unphased	1.57260458839406	0.925061522584743	1.7
1	145586522	145586523	45	22	2.7	2	1	0.7	1	1	0.3	unphased	2.96616915422886	1.7448053848405	1.7
1	146639394	146639395	389	43	2.7	2	1	0.7	1	1	0.3	unphased	0.899151234567901	0.899151234567901	1
1	151506504	151506505	64	7	2.7	2	1	0.7	1	1	0.3	unphased	0.890610328638498	0.890610328638498	1
1	151773746	151773747	260	74	2.7	2	1	0.7	1	1	0.3	unphased	2.00139720558882	1.17729247387578	1.7
1	151773747	151773748	261	74	2.7	2	1	0.7	1	1	0.3	unphased	1.99542288557214	1.17377816798361	1.7
1	156215017	156215018	68	24	2.7	2	1	0.7	1	1	0.3	unphased	2.35652173913043	1.38618925831202	1.7
1	156264225	156264226	92	22	2.7	2	1	0.7	1	1	0.3	unphased	1.74327485380117	1.02545579635363	1.7
1	156713579	156713580	30	10	2.7	2	1	0.7	1	1	0.3	unphased	2.25833333333333	1.32843137254902	1.7
1	157667113	157667114	131	27	2.7	2	1	0.7	1	1	0.3	unphased	1.54367088607595	0.908041697691735	1.7
1	158227298	158227299	293	43	2.7	2	1	0.7	1	1	0.3	unphased	1.15605158730159	1.15605158730159	1
1	158621257	158621258	206	65	2.7	2	1	0.7	1	1	0.3	unphased	2.16666666666667	1.27450980392157	1.7
1	159557625	159557626	87	8	2.7	2	1	0.7	1	1	0.3	unphased	0.760701754385965	0.760701754385965	1
1	160054310	160054311	32	4	2.7	2	1	0.7	1	1	0.3	unphased	1.0037037037037	1.0037037037037	1
1	161654968	161654969	16	4	2.7	2	1	0.7	1	1	0.3	unphased	1.80666666666667	1.80666666666667	1
1	165397970	165397971	82	11	2.7	2	1	0.7	1	1	0.3	unphased	1.06845878136201	1.06845878136201	1
1	170521514	170521515	237	40	2.7	2	1	0.7	1	1	0.3	unphased	1.30445246690734	0.76732498053373	1.7
1	172633477	172633478	70	10	2.7	2	1	0.7	1	1	0.3	unphased	1.12916666666667	1.12916666666667	1
1	173499193	173499194	114	13	2.7	2	1	0.7	1	1	0.3	unphased	0.924671916010499	0.924671916010499	1
1	173921146	173921147	111	11	2.7	2	1	0.7	1	1	0.3	unphased	0.81448087431694	0.81448087431694	1
1	175066699	175066700	95	24	2.7	2	1	0.7	1	1	0.3	unphased	1.8218487394958	1.07167572911518	1.7
1	175066700	175066701	98	24	2.7	2	1	0.7	1	1	0.3	unphased	1.77704918032787	1.04532304725169	1.7
1	175105029	175105030	162	47	2.7	2	1	0.7	1	1	0.3	unphased	2.03141945773525	1.1949526221972	1.7
1	175332953	175332954	144	9	2.7	2	1	0.7	1	1	0.3	unphased	0.531372549019608	0.759103641456583	0.7
1	176838081	176838082	143	18	2.7	2	1	0.7	1	1	0.3	unphased	1.00993788819876	1.00993788819876	1
1	178490174	178490175	16	9	2.7	2	1	0.7	1	1	0.3	unphased	3.252	1.91294117647059	1.7
1	185106857	185106858	266	24	2.7	2	1	0.7	1	1	0.3	unphased	0.747586206896552	0.747586206896552	1
1	186113694	186113695	260	67	2.7	2	1	0.7	1	1	0.3	unphased	1.85086646279307	1.08874497811357	1.7
1	193218897	193218898	140	15	2.7	2	1	0.7	1	1	0.3	unphased	0.874193548387097	0.874193548387097	1
1	196920155	196920156	133	16	2.7	2	1	0.7	1	1	0.3	unphased	0.970022371364653	0.970022371364653	1
1	197169469	197169470	197	32	2.7	2	1	0.7	1	1	0.3	unphased	1.26229985443959	1.26229985443959	1
1	201008938	201008939	90	15	2.7	2	1	0.7	1	1	0.3	unphased	1.29047619047619	1.29047619047619	1
1	204518245	204518246	212	28	2.7	2	1	0.7	1	1	0.3	unphased	1.05388888888889	1.05388888888889	1
1	205819109	205819110	83	9	2.7	2	1	0.7	1	1	0.3	unphased	0.883695652173913	0.883695652173913	1
1	207110485	207110486	78	10	2.7	2	1	0.7	1	1	0.3	unphased	1.02651515151515	1.02651515151515	1
1	207314498	207314499	78	12	2.7	2	1	0.7	1	1	0.3	unphased	1.20444444444444	1.20444444444444	1
1	207758188	207758189	143	29	2.7	2	1	0.7	1	1	0.3	unphased	1.52306201550388	0.895918832649339	1.7
1	208269444	208269445	406	111	2.7	2	1	0.7	1	1	0.3	unphased	1.9394584139265	1.140857890545	1.7
1	209963109	209963110	104	14	2.7	2	1	0.7	1	1	0.3	unphased	1.07175141242938	1.07175141242938	1
1	210329203	210329204	69	19	2.7	2	1	0.7	1	1	0.3	unphased	1.95037878787879	1.1472816399287	1.7
1	211542792	211542793	178	21	2.7	2	1	0.7	1	1	0.3	unphased	0.953266331658292	0.953266331658292	1
1	215933104	215933105	186	43	2.7	2	1	0.7	1	1	0.3	unphased	1.6962154294032	0.997773782001884	1.7
1	215933177	215933178	157	37	2.7	2	1	0.7	1	1	0.3	unphased	1.72285223367698	1.01344249039822	1.7
1	216144030	216144031	172	47	2.7	2	1	0.7	1	1	0.3	unphased	1.93866057838661	1.14038857552153	1.7
1	216741440	216741441	123	18	2.7	2	1	0.7	1	1	0.3	unphased	1.1531914893617	1.1531914893617	1
1	220870076	220870077	120	24	2.7	2	1	0.7	1	1	0.3	unphased	1.50555555555556	0.88562091503268	1.7
1	222717299	222717300	104	22	2.7	2	1	0.7	1	1	0.3	unphased	1.57724867724868	0.927793339558045	1.7
1	233515291	233515292	98	10	2.7	2	1	0.7	1	1	0.3	unphased	0.83641975308642	0.83641975308642	1
1	235292090	235292091	69	10	2.7	2	1	0.7	1	1	0.3	unphased	1.14345991561181	1.14345991561181	1
1	236205357	236205358	146	41	2.7	2	1	0.7	1	1	0.3	unphased	1.98057040998217	1.16504141763657	1.7
1	237494239	237494240	97	17	2.7	2	1	0.7	1	1	0.3	unphased	1.34707602339181	1.34707602339181	1
1	237777803	237777804	250	80	2.7	2	1	0.7	1	1	0.3	unphased	2.18989898989899	1.28817587641117	1.7
1	240255862	240255863	29	5	2.7	2	1	0.7	1	1	0.3	unphased	1.32843137254902	1.32843137254902	1
1	240975324	240975325	189	51	2.7	2	1	0.7	1	1	0.3	unphased	1.91958333333333	1.12916666666667	1.7
1	241728351	241728352	140	13	2.7	2	1	0.7	1	1	0.3	unphased	0.767538126361656	0.767538126361656	1
1	241729816	241729817	185	44	2.7	2	1	0.7	1	1	0.3	unphased	1.73566229985444	1.02097782344379	1.7
1	241798990	241798991	268	35	2.7	2	1	0.7	1	1	0.3	unphased	1.04345434543454	1.04345434543454	1
1	243303248	243303249	73	10	2.7	2	1	0.7	1	1	0.3	unphased	1.08835341365462	1.08835341365462	1
1	247737500	247737501	202	45	2.7	2	1	0.7	1	1	0.3	unphased	1.64574898785425	0.968087639914265	1.7
1	247875490	247875491	189	17	NA	NA	NA	NA	NA	NA	NA	unphased	NA	NA	1
1	248128926	248128927	303	85	NA	NA	NA	NA	NA	NA	NA	unphased	NA	NA	1
1	248201815	248201816	447	120	NA	NA	NA	NA	NA	NA	NA	unphased	NA	NA	1
1	248202160	248202161	390	96	NA	NA	NA	NA	NA	NA	NA	unphased	NA	NA	1
1	248512969	248512970	216	43	NA	NA	NA	NA	NA	NA	NA	unphased	NA	NA	1
1	248525142	248525143	751	48	NA	NA	NA	NA	NA	NA	NA	unphased	NA	NA	1
1	248737696	248737697	53	20	NA	NA	NA	NA	NA	NA	NA	unphased	NA	NA	1
10	15559137	15559138	66	8	3	2	1	1	NA	NA	NA	unphased	1.00900900900901	1.00900900900901	1
10	21102880	21102881	132	14	3	2	1	1	NA	NA	NA	unphased	0.894977168949772	0.894977168949772	1
10	25887399	25887400	226	44	3	2	1	1	NA	NA	NA	unphased	1.52098765432099	0.760493827160494	2
10	26822367	26822368	48	4	3	2	1	1	NA	NA	NA	unphased	0.717948717948718	0.717948717948718	1
10	27687736	27687737	105	45	3	2	1	1	NA	NA	NA	unphased	2.8	1.4	2
10	29813419	29813420	122	19	3	2	1	1	NA	NA	NA	unphased	1.25768321513002	1.25768321513002	1
10	32856596	32856597	34	3	3	2	1	1	NA	NA	NA	unphased	0.756756756756757	0.756756756756757	1
10	32856597	32856598	36	3	3	2	1	1	NA	NA	NA	unphased	0.717948717948718	0.717948717948718	1
10	35324134	35324135	67	25	3	2	1	1	NA	NA	NA	unphased	2.53623188405797	1.26811594202899	2
10	38407495	38407496	101	16	3	2	1	1	NA	NA	NA	unphased	1.27635327635328	1.27635327635328	1
10	44052603	44052604	163	31	3	2	1	1	NA	NA	NA	unphased	1.4914089347079	0.745704467353952	2
10	47086968	47086969	166	23	3	2	1	1	NA	NA	NA	unphased	1.1358024691358	1.1358024691358	1
10	48371517	48371518	167	22	3	2	1	1	NA	NA	NA	unphased	1.08641975308642	1.08641975308642	1
10	48382062	48382063	71	24	3	2	1	1	NA	NA	NA	unphased	2.35789473684211	1.17894736842105	2
10	50599253	50599254	24	5	3	2	1	1	NA	NA	NA	unphased	1.60919540229885	1.60919540229885	1
10	55568896	55568897	124	24	3	2	1	1	NA	NA	NA	unphased	1.51351351351351	0.756756756756757	2
10	64966547	64966548	192	19	3	2	1	1	NA	NA	NA	unphased	0.84044233807267	0.84044233807267	1
10	72538256	72538257	194	24	3	2	1	1	NA	NA	NA	unphased	1.02752293577982	1.02752293577982	1
10	73051186	73051187	78	10	3	2	1	1	NA	NA	NA	unphased	1.06060606060606	1.06060606060606	1
10	73538043	73538044	40	7	3	2	1	1	NA	NA	NA	unphased	1.39007092198582	1.39007092198582	1
10	87362006	87362007	8	4	3	2	1	1	NA	NA	NA	unphased	3.11111111111111	1.55555555555556	2
10	91162568	91162569	363	34	3	2	1	1	NA	NA	NA	unphased	0.799328295549958	0.799328295549958	1
10	98105772	98105773	349	31	3	2	1	1	NA	NA	NA	unphased	0.76140350877193	0.76140350877193	1
10	98743991	98743992	212	58	3	2	1	1	NA	NA	NA	unphased	2.00493827160494	1.00246913580247	2
10	98790524	98790525	24	9	3	2	1	1	NA	NA	NA	unphased	2.54545454545455	1.27272727272727	2
10	102896513	102896514	66	30	3	2	1	1	NA	NA	NA	unphased	2.91666666666667	1.45833333333333	2
10	103826299	103826300	101	9	3	2	1	1	NA	NA	NA	unphased	0.763636363636364	0.763636363636364	1
10	104174966	104174967	89	8	3	2	1	1	NA	NA	NA	unphased	0.769759450171821	0.769759450171821	1
10	104592311	104592312	101	34	3	2	1	1	NA	NA	NA	unphased	2.35061728395062	1.17530864197531	2
10	116925367	116925368	153	33	3	2	1	1	NA	NA	NA	unphased	1.65591397849462	0.827956989247312	2
10	118306916	118306917	141	14	3	2	1	1	NA	NA	NA	unphased	0.843010752688172	0.843010752688172	1
10	123658366	123658367	131	41	3	2	1	1	NA	NA	NA	unphased	2.22480620155039	1.11240310077519	2
10	123892150	123892151	118	24	3	2	1	1	NA	NA	NA	unphased	1.57746478873239	0.788732394366197	2
10	135211935	135211936	116	45	3	2	1	1	NA	NA	NA	unphased	2.60869565217391	1.30434782608696	2
11	1011308	1011309	43	22	3	3	0	1	NA	NA	NA	unphased	3.15897435897436	1.05299145299145	3
11	4510756	4510757	322	113	3	3	0	1	NA	NA	NA	unphased	2.42452107279694	0.808173690932312	3
11	4928796	4928797	207	87	3	3	0	1	NA	NA	NA	unphased	2.76190476190476	0.920634920634921	3
11	5474902	5474903	94	44	3	3	0	1	NA	NA	NA	unphased	2.97584541062802	0.99194847020934	3
11	5878130	5878131	207	90	3	3	0	1	NA	NA	NA	unphased	2.82828282828283	0.942760942760943	3
11	6913350	6913351	133	53	3	3	0	1	NA	NA	NA	unphased	2.65949820788531	0.886499402628435	3
11	7846888	7846889	69	34	3	3	0	1	NA	NA	NA	unphased	3.08090614886731	1.0269687162891	3
11	18731005	18731006	117	46	3	3	0	1	NA	NA	NA	unphased	2.63394683026585	0.877982276755283	3
11	20385920	20385921	119	8	3	3	0	1	NA	NA	NA	unphased	0.587926509186352	0.587926509186352	1
11	22391663	22391664	98	36	3	3	0	1	NA	NA	NA	unphased	2.50746268656716	0.835820895522388	3
11	26677993	26677994	257	91	3	3	0	1	NA	NA	NA	unphased	2.44061302681992	0.813537675606641	3
11	43283836	43283837	21	5	3	3	0	1	NA	NA	NA	unphased	1.7948717948718	1.7948717948718	1
11	45924720	45924721	41	22	3	3	0	1	NA	NA	NA	unphased	3.25925925925926	1.08641975308642	3
11	46724277	46724278	251	63	3	3	0	1	NA	NA	NA	unphased	1.87261146496815	0.936305732484077	2
11	47359040	47359041	48	25	3	3	0	1	NA	NA	NA	unphased	3.19634703196347	1.06544901065449	3
11	57958329	57958330	110	68	3	3	0	1	NA	NA	NA	unphased	3.56554307116105	1.18851435705368	3
11	58979610	58979611	49	22	3	3	0	1	NA	NA	NA	unphased	2.89201877934272	0.964006259780908	3
11	59224600	59224601	148	56	3	3	0	1	NA	NA	NA	unphased	2.56209150326797	0.854030501089325	3
11	60183926	60183927	144	66	3	3	0	1	NA	NA	NA	unphased	2.93333333333333	0.977777777777778	3
11	65310942	65310943	79	32	3	3	0	1	NA	NA	NA	unphased	2.69069069069069	0.896896896896897	3
11	65403018	65403019	19	10	3	3	0	1	NA	NA	NA	unphased	3.2183908045977	1.0727969348659	3
11	82561405	82561406	158	75	3	3	0	1	NA	NA	NA	unphased	3.00429184549356	1.00143061516452	3
11	85429915	85429916	29	24	3	3	0	1	NA	NA	NA	unphased	4.22641509433962	1.40880503144654	3
11	93104212	93104213	23	7	3	3	0	1	NA	NA	NA	unphased	2.17777777777778	1.08888888888889	2
11	105948331	105948332	9	6	3	3	0	1	NA	NA	NA	unphased	3.73333333333333	1.24444444444444	3
11	116745952	116745953	57	15	3	3	0	1	NA	NA	NA	unphased	1.94444444444444	0.972222222222222	2
11	119054157	119054158	25	14	3	3	0	1	NA	NA	NA	unphased	3.35042735042735	1.11680911680912	3
11	119244221	119244222	44	5	3	3	0	1	NA	NA	NA	unphased	0.952380952380953	0.952380952380953	1
11	123886527	123886528	133	36	3	3	0	1	NA	NA	NA	unphased	1.98816568047337	0.994082840236687	2
11	123893875	123893876	137	50	3	3	0	1	NA	NA	NA	unphased	2.49554367201426	0.83184789067142	3
11	124120458	124120459	68	28	3	3	0	1	NA	NA	NA	unphased	2.72222222222222	0.907407407407408	3
11	124252984	124252985	118	53	3	3	0	1	NA	NA	NA	unphased	2.89278752436647	0.964262508122157	3
11	128710146	128710147	105	50	3	3	0	1	NA	NA	NA	unphased	3.01075268817204	1.00358422939068	3
12	7528608	7528609	61	19	2	2	0	1	NA	NA	NA	unphased	1.97916666666667	0.989583333333333	2
12	8211826	8211827	127	51	2	2	0	1	NA	NA	NA	unphased	2.3876404494382	1.1938202247191	2
12	11091177	11091178	78	29	2	2	0	1	NA	NA	NA	unphased	2.25856697819315	1.12928348909657	2
12	40001402	40001403	118	21	2	2	0	0.7	1	1	0.3	unphased	1.2589928057554	1.2589928057554	1
12	45803201	45803202	192	24	2	1	1	1	NA	NA	NA	unphased	0.925925925925926	0.925925925925926	1
12	51566112	51566113	239	45	2	1	1	1	NA	NA	NA	unphased	1.32042253521127	1.32042253521127	1
12	52312768	52312769	134	12	2	1	1	1	NA	NA	NA	unphased	0.684931506849315	0.684931506849315	1
12	52863659	52863660	46	8	2	1	1	1	NA	NA	NA	unphased	1.23456790123457	1.23456790123457	1
12	54379132	54379133	113	20	2	1	1	1	NA	NA	NA	unphased	1.2531328320802	1.2531328320802	1
12	55615276	55615277	159	22	2	1	1	1	NA	NA	NA	unphased	1.01289134438306	1.01289134438306	1
12	55641800	55641801	199	33	2	1	1	1	NA	NA	NA	unphased	1.18534482758621	1.18534482758621	1
12	55726209	55726210	143	30	2	1	1	1	NA	NA	NA	unphased	1.44508670520231	1.44508670520231	1
12	57843081	57843082	471	61	2	1	1	1	NA	NA	NA	unphased	0.955513784461153	0.955513784461153	1
12	72667030	72667031	86	8	2	1	1	1	NA	NA	NA	unphased	0.709219858156028	0.709219858156028	1
12	72667031	72667032	86	8	2	1	1	1	NA	NA	NA	unphased	0.709219858156028	0.709219858156028	1
12	78530954	78530955	76	10	2	1	1	1	NA	NA	NA	unphased	0.968992248062016	0.968992248062016	1
12	81833825	81833826	77	13	2	1	1	1	NA	NA	NA	unphased	1.2037037037037	1.2037037037037	1
12	88448127	88448128	68	29	3.19	3	1	0.73	1	0	0.27	unphased	2.84718213058419	1.04292385735685	2.73
12	91449450	91449451	215	65	3.19	3	1	0.73	1	0	0.27	unphased	2.21077380952381	0.898688540456833	2.46
12	95867852	95867853	34	4	1.06	3	1	0.02	0	1	0.98	unphased	0.778245614035088	0.778245614035088	1
12	98848838	98848839	11	7	1.06	3	1	0.02	0	1	0.98	unphased	2.87518518518519	1.42335900256692	2.02
12	99052996	99052997	223	94	1.06	3	1	0.02	0	1	0.98	unphased	2.19234490010515	1.0853192574778	2.02
12	99793424	99793425	181	18	1.06	3	1	0.02	0	1	0.98	unphased	0.668743718592965	0.668743718592965	1
12	105380244	105380245	23	4	1.06	3	1	0.02	0	1	0.98	unphased	1.09530864197531	1.09530864197531	1
12	108589686	108589687	261	25	1.06	3	1	0.02	0	1	0.98	unphased	0.646270396270396	0.646270396270396	1
12	113545007	113545008	58	9	1.06	3	1	0.02	0	1	0.98	unphased	0.993134328358209	0.993134328358209	1
12	113873286	113873287	98	42	1.06	3	1	0.02	0	1	0.98	unphased	2.218	1.0980198019802	2.02
12	114804141	114804142	192	26	1.06	3	1	0.02	0	1	0.98	unphased	0.88177370030581	0.88177370030581	1
12	124114995	124114996	58	29	1.06	3	1	0.02	0	1	0.98	unphased	2.46444444444444	1.22002200220022	2.02
12	124236879	124236880	121	51	1.06	3	1	0.02	0	1	0.98	unphased	2.19220930232558	1.08525212986415	2.02
13	21381614	21381615	169	42	2	2	0	1	NA	NA	NA	unphased	1.65876777251185	0.829383886255924	2
13	21751267	21751268	34	6	2	2	0	1	NA	NA	NA	unphased	1.25	1.25	1
13	38158185	38158186	54	10	2	2	0	1	NA	NA	NA	unphased	1.30208333333333	1.30208333333333	1
13	48528602	48528603	176	63	2	2	0	1	NA	NA	NA	unphased	2.19665271966527	1.09832635983264	2
13	50296093	50296094	101	39	2	2	0	1	NA	NA	NA	unphased	2.32142857142857	1.16071428571429	2
13	77667370	77667371	210	80	2	2	0	1	NA	NA	NA	unphased	2.29885057471264	1.14942528735632	2
13	77738645	77738646	80	21	2	2	0	1	NA	NA	NA	unphased	1.73267326732673	0.866336633663366	2
13	84453546	84453547	44	13	2	2	0	1	NA	NA	NA	unphased	1.90058479532164	0.950292397660819	2
13	96637558	96637559	23	4	2	2	0	1	NA	NA	NA	unphased	1.23456790123457	1.23456790123457	1
13	113516823	113516824	43	10	2	2	0	1	NA	NA	NA	unphased	1.57232704402516	1.57232704402516	1
14	19563538	19563539	371	47	NA	NA	NA	NA	NA	NA	NA	unphased	NA	NA	1
14	20216333	20216334	192	26	NA	NA	NA	NA	NA	NA	NA	unphased	NA	NA	1
14	21052443	21052444	345	59	2	1	1	1	NA	NA	NA	unphased	1.21699669966997	1.21699669966997	1
14	21771640	21771641	76	12	2	1	1	1	NA	NA	NA	unphased	1.13636363636364	1.13636363636364	1
14	22090496	22090497	113	12	2	1	1	1	NA	NA	NA	unphased	0.8	0.8	1
14	22538966	22538967	12	3	2	1	1	1	NA	NA	NA	unphased	1.66666666666667	1.66666666666667	1
14	22600528	22600529	71	9	2	1	1	1	NA	NA	NA	unphased	0.9375	0.9375	1
14	22938572	22938573	14	3	2	1	1	1	NA	NA	NA	unphased	1.47058823529412	1.47058823529412	1
14	23344910	23344911	107	12	2	1	1	1	NA	NA	NA	unphased	0.840336134453782	0.840336134453782	1
14	42356773	42356774	192	24	2	1	1	1	NA	NA	NA	unphased	0.925925925925926	0.925925925925926	1
14	42361026	42361027	53	10	2	1	1	1	NA	NA	NA	unphased	1.32275132275132	1.32275132275132	1
14	45374748	45374749	206	25	2	1	1	1	NA	NA	NA	unphased	0.901875901875902	0.901875901875902	1
14	45606381	45606382	117	15	2	1	1	1	NA	NA	NA	unphased	0.946969696969697	0.946969696969697	1
14	53570446	53570447	92	7	2	1	1	1	NA	NA	NA	unphased	0.589225589225589	0.589225589225589	1
14	58563633	58563634	67	5	2	1	1	1	NA	NA	NA	unphased	0.578703703703704	0.578703703703704	1
14	59950740	59950741	18	4	2	1	1	1	NA	NA	NA	unphased	1.51515151515152	1.51515151515152	1
14	60591902	60591903	45	5	2	1	1	1	NA	NA	NA	unphased	0.833333333333333	0.833333333333333	1
14	61180369	61180370	79	14	2	1	1	1	NA	NA	NA	unphased	1.25448028673835	1.25448028673835	1
14	62547878	62547879	33	4	2	1	1	1	NA	NA	NA	unphased	0.900900900900901	0.900900900900901	1
14	63416961	63416962	136	13	2	1	1	1	NA	NA	NA	unphased	0.727069351230425	0.727069351230425	1
14	73543032	73543033	117	7	2	1	1	1	NA	NA	NA	unphased	0.470430107526882	0.470430107526882	1
14	74823656	74823657	128	14	2	1	1	1	NA	NA	NA	unphased	0.821596244131455	0.821596244131455	1
14	76238110	76238111	297	35	2	1	1	1	NA	NA	NA	unphased	0.8785140562249	0.8785140562249	1
14	79746518	79746519	71	11	2	1	1	1	NA	NA	NA	unphased	1.11788617886179	1.11788617886179	1
14	88477634	88477635	378	46	2	1	1	1	NA	NA	NA	unphased	0.904088050314465	0.904088050314465	1
14	88693787	88693788	222	26	2	1	1	1	NA	NA	NA	unphased	0.873655913978495	0.873655913978495	1
14	89202829	89202830	174	26	2	1	1	1	NA	NA	NA	unphased	1.08333333333333	1.08333333333333	1
14	91787476	91787477	32	6	2	1	1	1	NA	NA	NA	unphased	1.31578947368421	1.31578947368421	1
14	93712532	93712533	253	31	2	1	1	1	NA	NA	NA	unphased	0.90962441314554	0.90962441314554	1
14	94173128	94173129	103	13	2	1	1	1	NA	NA	NA	unphased	0.933908045977011	0.933908045977011	1
14	94914662	94914663	343	32	2	1	1	1	NA	NA	NA	unphased	0.711111111111111	0.711111111111111	1
14	96010320	96010321	155	31	2	1	1	1	NA	NA	NA	unphased	1.38888888888889	1.38888888888889	1
14	96730562	96730563	108	9	2	1	1	1	NA	NA	NA	unphased	0.641025641025641	0.641025641025641	1
14	96922764	96922765	150	9	2	1	1	1	NA	NA	NA	unphased	0.471698113207547	0.471698113207547	1
14	99182671	99182672	46	9	2	1	1	1	NA	NA	NA	unphased	1.36363636363636	1.36363636363636	1
14	101515062	101515063	81	8	2	1	1	1	NA	NA	NA	unphased	0.749063670411985	0.749063670411985	1
14	104571747	104571748	22	3	2	1	1	1	NA	NA	NA	unphased	1	1	1
14	105419320	105419321	393	49	2	1	1	1	NA	NA	NA	unphased	0.923831070889894	0.923831070889894	1
14	106641811	106641812	177	31	NA	NA	NA	NA	NA	NA	NA	unphased	NA	NA	1
14	106967185	106967186	202	23	NA	NA	NA	NA	NA	NA	NA	unphased	NA	NA	1
14	107199125	107199126	163	22	NA	NA	NA	NA	NA	NA	NA	unphased	NA	NA	1
15	25959114	25959115	49	6	0.88	0	0	0.56	1	1	0.44	unphased	0.786909090909091	0.786909090909091	1
15	33927896	33927897	37	8	0.88	0	0	0.56	1	1	0.44	unphased	1.28237037037037	1.28237037037037	1
15	40764547	40764548	117	13	0.88	0	0	0.56	1	1	0.44	unphased	0.721333333333333	0.721333333333333	1
15	41227129	41227130	135	22	0.88	0	0	0.56	1	1	0.44	unphased	1.0107855626327	1.0107855626327	1
15	43896907	43896908	96	20	0.88	0	0	0.56	1	1	0.44	unphased	1.24367816091954	1.24367816091954	1
15	45983387	45983388	24	6	0.88	0	0	0.56	1	1	0.44	unphased	1.44266666666667	1.44266666666667	1
15	53081010	53081011	56	16	3	2	1	1	NA	NA	NA	unphased	2.07407407407407	1.03703703703704	2
15	54916044	54916045	61	17	3	2	1	1	NA	NA	NA	unphased	2.03418803418803	1.01709401709402	2
15	57730713	57730714	173	48	3	2	1	1	NA	NA	NA	unphased	2.02714932126697	1.01357466063348	2
15	65054587	65054588	66	8	2.74	3	1	0.58	1	0	0.42	unphased	0.980900900900901	0.980900900900901	1
15	65558917	65558918	106	23	2.74	3	1	0.58	1	0	0.42	unphased	1.61772609819121	1.02387727733621	1.58
15	65667695	65667696	17	6	2.74	3	1	0.58	1	0	0.42	unphased	2.36695652173913	0.917425008426019	2.58
15	73566287	73566288	126	12	2.74	3	1	0.58	1	0	0.42	unphased	0.788985507246377	0.788985507246377	1
15	74239440	74239441	50	11	2.74	3	1	0.58	1	0	0.42	unphased	1.63617486338798	1.63617486338798	1
15	75498585	75498586	48	3	2.74	3	1	0.58	1	0	0.42	unphased	0.533725490196079	0.533725490196079	1
15	76074675	76074676	137	19	2.74	3	1	0.58	1	0	0.42	unphased	1.10508547008547	1.10508547008547	1
15	77906752	77906753	42	8	2.74	3	1	0.58	1	0	0.42	unphased	1.45173333333333	1.45173333333333	1
15	78633493	78633494	15	6	2.74	3	1	0.58	1	0	0.42	unphased	2.59238095238095	1.00479881875231	2.58
15	80215330	80215331	50	6	2.74	3	1	0.58	1	0	0.42	unphased	0.972142857142857	0.972142857142857	1
15	88420090	88420091	28	21	2.74	3	1	0.58	1	0	0.42	unphased	3.88857142857143	1.50719822812846	2.58
15	88420091	88420092	27	20	2.74	3	1	0.58	1	0	0.42	unphased	3.86099290780142	1.4965088789928	2.58
15	90903716	90903717	106	11	2.74	3	1	0.58	1	0	0.42	unphased	0.853048433048433	0.853048433048433	1
15	91801729	91801730	111	44	2.74	3	1	0.58	1	0	0.42	unphased	2.57565591397849	0.998316245728099	2.58
15	101938621	101938622	217	24	NA	NA	NA	NA	NA	NA	NA	unphased	NA	NA	1
16	421969	421970	87	15	NA	NA	NA	NA	NA	NA	NA	unphased	NA	NA	1
16	814994	814995	28	6	2.34	4	0	0.17	1	1	0.83	unphased	1.53058823529412	1.53058823529412	1
16	2578306	2578307	47	24	2.34	4	0	0.17	1	1	0.83	unphased	2.93183098591549	0.924867818900786	3.17
16	4415052	4415053	10	7	2.34	4	0	0.17	1	1	0.83	unphased	3.57137254901961	1.12661594606297	3.17
16	8990937	8990938	475	109	2.86	3	1	0.43	1	1	0.57	unphased	1.71587899543379	0.922515588942898	1.86
16	19651420	19651421	62	17	2.86	3	1	0.43	1	1	0.57	unphased	1.97831223628692	1.06360872918652	1.86
16	20043776	20043777	137	41	2.86	3	1	0.43	1	1	0.57	unphased	2.11756554307116	0.871426149412	2.43
16	23359926	23359927	40	8	2.86	3	1	0.43	1	1	0.57	unphased	1.53222222222222	1.53222222222222	1
16	23625323	23625324	66	14	2.86	3	1	0.43	1	1	0.57	unphased	1.60883333333333	1.12505827505827	1.43
16	30779652	30779653	54	13	2.86	3	1	0.43	1	1	0.57	unphased	1.78378109452736	0.959022093831916	1.86
16	50250094	50250095	85	24	2	2	0	1	NA	NA	NA	unphased	1.8348623853211	0.917431192660551	2
16	50827521	50827522	237	75	2	2	0	1	NA	NA	NA	unphased	2.00320512820513	1.00160256410256	2
16	67943534	67943535	51	19	2	2	0	1	NA	NA	NA	unphased	2.26190476190476	1.13095238095238	2
16	71482576	71482577	76	21	2	2	0	1	NA	NA	NA	unphased	1.80412371134021	0.902061855670103	2
16	72992405	72992406	104	11	2	2	0	1	NA	NA	NA	unphased	0.797101449275362	0.797101449275362	1
17	556541	556542	179	79	NA	NA	NA	NA	NA	NA	NA	unphased	NA	NA	1
17	2323770	2323771	215	72	2	2	0	1	NA	NA	NA	unphased	2.09059233449477	1.04529616724739	2
17	3119824	3119825	101	24	2	2	0	1	NA	NA	NA	unphased	1.6	0.8	2
17	3324352	3324353	156	50	2	2	0	1	NA	NA	NA	unphased	2.02265372168285	1.01132686084142	2
17	3936141	3936142	62	14	2	2	0	1	NA	NA	NA	unphased	1.53508771929825	1.53508771929825	1
17	7579373	7579374	76	23	2	2	0	1	NA	NA	NA	unphased	1.93602693602694	0.968013468013468	2
17	7948280	7948281	61	19	2	2	0	1	NA	NA	NA	unphased	1.97916666666667	0.989583333333333	2
17	10322107	10322108	126	39	2	2	0	1	NA	NA	NA	unphased	1.96969696969697	0.984848484848485	2
17	10354158	10354159	166	53	2	2	0	1	NA	NA	NA	unphased	2.01674277016743	1.00837138508371	2
17	11631212	11631213	60	13	2	2	0	1	NA	NA	NA	unphased	1.48401826484018	1.48401826484018	1
17	18023318	18023319	106	14	2	2	0	1	NA	NA	NA	unphased	0.972222222222222	0.972222222222222	1
17	19250439	19250440	17	8	2	2	0	1	NA	NA	NA	unphased	2.66666666666667	1.33333333333333	2
17	21731557	21731558	34	10	2	2	0	1	NA	NA	NA	unphased	1.89393939393939	0.946969696969697	2
17	34072929	34072930	70	27	2	2	0	1	NA	NA	NA	unphased	2.31958762886598	1.15979381443299	2
17	34199313	34199314	43	17	2	2	0	1	NA	NA	NA	unphased	2.36111111111111	1.18055555555556	2
17	34391669	34391670	180	49	2	2	0	1	NA	NA	NA	unphased	1.78311499272198	0.89155749636099	2
17	36288222	36288223	1550	62	2	2	0	1	NA	NA	NA	unphased	0.320512820512821	0.320512820512821	1
17	36288223	36288224	1569	61	2	2	0	1	NA	NA	NA	unphased	0.311860940695297	0.311860940695297	1
17	37809816	37809817	51	8	2	2	0	1	NA	NA	NA	unphased	1.12994350282486	1.12994350282486	1
17	39412236	39412237	85	25	1.69	4	0	0.23	1	0	0.77	unphased	1.82348484848485	1.07898511744666	1.69
17	40835845	40835846	55	4	1.69	4	0	0.23	1	0	0.77	unphased	0.543954802259887	0.543954802259887	1
17	42018887	42018888	78	53	1.69	4	0	0.23	1	0	0.77	unphased	3.24608142493639	1.00497876933015	3.23
17	42462435	42462436	131	99	1.69	4	0	0.23	1	0	0.77	unphased	3.45352173913043	1.06920177682057	3.23
17	47296927	47296928	9	3	1.69	4	0	0.23	1	0	0.77	unphased	2.00583333333333	2.00583333333333	1
17	48683383	48683384	89	44	1.69	4	0	0.23	1	0	0.77	unphased	2.654335839599	1.07899830878008	2.46
17	51901333	51901334	175	17	1.69	4	0	0.23	1	0	0.77	unphased	0.710399305555556	0.710399305555556	1
17	56386265	56386266	74	33	1.69	4	0	0.23	1	0	0.77	unphased	2.47448598130841	1.00588861028797	2.46
17	59557606	59557607	67	10	1.69	4	0	0.23	1	0	0.77	unphased	1.04199134199134	1.04199134199134	1
17	63133651	63133652	95	22	1.69	4	0	0.23	1	0	0.77	unphased	1.50866096866097	1.0333294305897	1.46
17	67014552	67014553	269	153	1.69	4	0	0.23	1	0	0.77	unphased	2.9089336492891	0.900598653030681	3.23
17	67148243	67148244	125	83	1.69	4	0	0.23	1	0	0.77	unphased	3.20161858974359	0.99121318567913	3.23
17	73008906	73008907	26	18	1.69	4	0	0.23	1	0	0.77	unphased	3.28227272727273	1.01618350689558	3.23
18	225375	225376	94	12	NA	NA	NA	NA	NA	NA	NA	unphased	NA	NA	1
18	2891252	2891253	106	9	3.28	3	1	0.76	1	0	0.24	unphased	0.752347826086957	0.752347826086957	1
18	5433545	5433546	57	3	3.28	3	1	0.76	1	0	0.24	unphased	0.480666666666667	0.480666666666667	1
18	5891809	5891810	58	9	3.28	3	1	0.76	1	0	0.24	unphased	1.29134328358209	1.29134328358209	1
18	7231329	7231330	129	15	3.28	3	1	0.76	1	0	0.24	unphased	1.00138888888889	1.00138888888889	1
18	10696419	10696420	80	34	3.28	3	1	0.76	1	0	0.24	unphased	2.86713450292398	1.0388168488855	2.76
18	12264403	12264404	75	20	3.28	3	1	0.76	1	0	0.24	unphased	2.02385964912281	1.14992025518341	1.76
18	20548848	20548849	54	9	2	1	1	1	NA	NA	NA	unphased	1.19047619047619	1.19047619047619	1
18	21053534	21053535	51	8	2	1	1	1	NA	NA	NA	unphased	1.12994350282486	1.12994350282486	1
18	21140376	21140377	58	8	2	1	1	1	NA	NA	NA	unphased	1.01010101010101	1.01010101010101	1
18	46570403	46570404	396	34	2	1	1	1	NA	NA	NA	unphased	0.658914728682171	0.658914728682171	1
18	46783395	46783396	87	14	2	1	1	1	NA	NA	NA	unphased	1.15511551155116	1.15511551155116	1
18	54339796	54339797	129	12	2	1	1	1	NA	NA	NA	unphased	0.709219858156028	0.709219858156028	1
18	56010253	56010254	108	14	2	1	1	1	NA	NA	NA	unphased	0.956284153005465	0.956284153005465	1
18	56587134	56587135	47	4	2	1	1	1	NA	NA	NA	unphased	0.65359477124183	0.65359477124183	1
18	60645698	60645699	15	3	2	1	1	1	NA	NA	NA	unphased	1.38888888888889	1.38888888888889	1
18	61654535	61654536	115	21	2	1	1	1	NA	NA	NA	unphased	1.28676470588235	1.28676470588235	1
18	64218474	64218475	122	19	2	1	1	1	NA	NA	NA	unphased	1.12293144208038	1.12293144208038	1
18	66564545	66564546	161	13	2	1	1	1	NA	NA	NA	unphased	0.622605363984674	0.622605363984674	1
18	77798535	77798536	102	16	NA	NA	NA	NA	NA	NA	NA	unphased	NA	NA	1
19	1785174	1785175	9	3	1.32	2	0	0.32	1	0	0.68	unphased	1.91333333333333	1.91333333333333	1
19	4552598	4552599	27	11	1.32	2	0	0.32	1	0	0.68	unphased	2.21543859649123	1.67836257309942	1.32
19	5867615	5867616	51	17	1.32	2	0	0.32	1	0	0.68	unphased	1.91333333333333	1.44949494949495	1.32
19	8808026	8808027	58	12	1.32	2	0	0.32	1	0	0.68	unphased	1.312	1.312	1
19	9060730	9060731	183	52	1.32	2	0	0.32	1	0	0.68	unphased	1.69350354609929	1.2829572318934	1.32
19	9063709	9063710	120	45	1.32	2	0	0.32	1	0	0.68	unphased	2.08727272727273	1.58126721763085	1.32
19	9073772	9073773	58	16	1.32	2	0	0.32	1	0	0.68	unphased	1.65477477477477	1.25361725361725	1.32
19	9076861	9076862	160	49	1.32	2	0	0.32	1	0	0.68	unphased	1.79432216905901	1.35933497655986	1.32
19	10220891	10220892	19	10	1.32	2	0	0.32	1	0	0.68	unphased	2.63908045977012	1.99930337861372	1.32
19	14884770	14884771	181	41	1.32	2	0	0.32	1	0	0.68	unphased	1.41345345345345	1.07079807079807	1.32
19	15281164	15281165	43	11	1.32	2	0	0.32	1	0	0.68	unphased	1.55901234567901	1.55901234567901	1
19	16552784	16552785	155	51	1.32	2	0	0.32	1	0	0.68	unphased	1.8947572815534	1.435422182995	1.32
19	19338361	19338362	69	28	1.32	2	0	0.32	1	0	0.68	unphased	2.20920962199313	1.6736436530251	1.32
19	22574399	22574400	58	13	1.32	2	0	0.32	1	0	0.68	unphased	1.40131455399061	1.40131455399061	1
19	24310853	24310854	55	17	4	2	2	1	NA	NA	NA	unphased	2.43981481481481	1.21990740740741	2
19	30936354	30936355	274	44	4	2	2	1	NA	NA	NA	unphased	1.42976939203354	0.714884696016772	2
19	35842980	35842981	65	13	2.62	2	2	0.31	1	1	0.69	unphased	1.49222222222222	1.49222222222222	1
19	36334446	36334447	170	37	2.62	2	2	0.31	1	1	0.69	unphased	1.60035426731079	1.2216444788632	1.31
19	36334447	36334448	171	38	2.62	2	2	0.31	1	1	0.69	unphased	1.62787878787879	1.24265556326625	1.31
19	38572902	38572903	79	18	2.62	2	2	0.31	1	1	0.69	unphased	1.66144329896907	1.26827732745731	1.31
19	38976305	38976306	119	17	2.62	2	2	0.31	1	1	0.69	unphased	1.11916666666667	1.11916666666667	1
19	45422573	45422574	61	15	2.62	2	2	0.31	1	1	0.69	unphased	1.76710526315789	1.34893531538771	1.31
19	46032171	46032172	24	3	2.62	2	2	0.31	1	1	0.69	unphased	0.994814814814815	0.994814814814815	1
19	46095064	46095065	69	15	2.62	2	2	0.31	1	1	0.69	unphased	1.59880952380952	1.22046528535078	1.31
19	47151820	47151821	390	104	2.62	2	2	0.31	1	1	0.69	unphased	1.88491228070175	1.43886433641355	1.31
19	50760617	50760618	22	4	2.62	2	2	0.31	1	1	0.69	unphased	1.3774358974359	1.3774358974359	1
19	50826804	50826805	90	23	2.62	2	2	0.31	1	1	0.69	unphased	1.8223598820059	1.39111441374496	1.31
19	51465089	51465090	109	20	2.62	2	2	0.31	1	1	0.69	unphased	1.38811369509044	1.38811369509044	1
19	52327633	52327634	134	32	2.62	2	2	0.31	1	1	0.69	unphased	1.7259437751004	1.31751433213771	1.31
19	53209724	53209725	331	91	2.62	2	2	0.31	1	1	0.69	unphased	1.93069510268562	1.47381305548521	1.31
19	54445424	54445425	122	33	2.62	2	2	0.31	1	1	0.69	unphased	1.9061935483871	1.45510957892145	1.31
19	54759904	54759905	118	24	2.62	2	2	0.31	1	1	0.69	unphased	1.51323943661972	1.15514460810666	1.31
19	55399593	55399594	45	9	2.62	2	2	0.31	1	1	0.69	unphased	1.49222222222222	1.49222222222222	1
19	56545042	56545043	427	85	2.62	2	2	0.31	1	1	0.69	unphased	1.48639322916667	1.13465131997455	1.31
19	57326423	57326424	271	54	2.62	2	2	0.31	1	1	0.69	unphased	1.48763076923077	1.13559600704639	1.31
19	57640578	57640579	196	46	2.62	2	2	0.31	1	1	0.69	unphased	1.70187327823691	1.29913990705108	1.31
19	58153198	58153199	176	29	2.62	2	2	0.31	1	1	0.69	unphased	1.26656910569106	1.26656910569106	1
19	58213776	58213777	363	84	2.62	2	2	0.31	1	1	0.69	unphased	1.68250559284116	1.28435541438257	1.31
19	58500001	58500002	328	67	2.62	2	2	0.31	1	1	0.69	unphased	1.51866666666667	1.15928753180662	1.31
2	1653427	1653428	98	18	1.24	3	2	0.06	0	1	0.94	unphased	1.1751724137931	1.1751724137931	1
2	1914115	1914116	23	11	1.24	3	2	0.06	0	1	0.94	unphased	2.45019607843137	1.18941557205406	2.06
2	8999013	8999014	137	19	1.24	3	2	0.06	0	1	0.94	unphased	0.922393162393162	0.922393162393162	1
2	8999014	8999015	136	19	1.24	3	2	0.06	0	1	0.94	unphased	0.928344086021505	0.928344086021505	1
2	21224865	21224866	263	90	1.24	3	2	0.06	0	1	0.94	unphased	1.93087818696884	0.9373195082373	2.06
2	26950988	26950989	12	9	1.24	3	2	0.06	0	1	0.94	unphased	3.24571428571429	1.5755894590846	2.06
2	27480182	27480183	34	16	1.24	3	2	0.06	0	1	0.94	unphased	2.42346666666667	1.17644012944984	2.06
2	37259831	37259832	178	29	1.24	3	2	0.06	0	1	0.94	unphased	1.06099838969404	1.06099838969404	1
2	43937252	43937253	188	80	1.24	3	2	0.06	0	1	0.94	unphased	2.26069651741294	1.09742549388977	2.06
2	48873901	48873902	201	22	1.24	3	2	0.06	0	1	0.94	unphased	0.747144992526159	0.747144992526159	1
2	54864875	54864876	121	21	1.24	3	2	0.06	0	1	0.94	unphased	1.12	1.12	1
2	55749273	55749274	57	15	1.24	3	2	0.06	0	1	0.94	unphased	1.57777777777778	0.765911542610572	2.06
2	65559139	65559140	139	14	1.24	3	2	0.06	0	1	0.94	unphased	0.692984749455338	0.692984749455338	1
2	69098280	69098281	243	36	1.12	3	2	0.03	0	1	0.97	unphased	0.961720430107527	0.961720430107527	1
2	70187912	70187913	302	98	1.12	3	2	0.03	0	1	0.97	unphased	1.82606666666667	0.899540229885057	2.03
2	71906275	71906276	81	7	1.12	3	2	0.03	0	1	0.97	unphased	0.592878787878788	0.592878787878788	1
2	74902652	74902653	158	40	1.12	3	2	0.03	0	1	0.97	unphased	1.50572390572391	0.741735914149707	2.03
2	86701996	86701997	238	88	1.6	3	2	0.15	0	1	0.85	unphased	2.14151329243354	0.996052694155134	2.15
2	88407926	88407927	111	39	1.6	3	2	0.15	0	1	0.85	unphased	2.06266666666667	0.95937984496124	2.15
2	90229118	90229119	293	41	1.6	3	2	0.15	0	1	0.85	unphased	0.973852295409182	0.973852295409182	1
2	95537377	95537378	33	7	1.6	3	2	0.15	0	1	0.85	unphased	1.38833333333333	1.38833333333333	1
2	95952303	95952304	109	14	1.6	3	2	0.15	0	1	0.85	unphased	0.902981029810298	0.902981029810298	1
2	107041440	107041441	409	56	2	1	1	0.46	1	1	0.54	unphased	1.00358422939068	1.00358422939068	1
2	112786166	112786167	202	42	2.9	3	2	0.3	1	1	0.7	unphased	1.58934426229508	0.993340163934426	1.6
2	128046269	128046270	723	137	2	1	1	0.41	1	1	0.59	unphased	1.32751937984496	1.32751937984496	1
2	128331517	128331518	92	18	2	1	1	0.41	1	1	0.59	unphased	1.36363636363636	1.36363636363636	1
2	128347752	128347753	32	7	2	1	1	0.41	1	1	0.59	unphased	1.4957264957265	1.4957264957265	1
2	131904470	131904471	30	5	2	1	1	0.41	1	1	0.59	unphased	1.19047619047619	1.19047619047619	1
2	135738899	135738900	231	36	2	1	1	0.41	1	1	0.59	unphased	1.12359550561798	1.12359550561798	1
2	135744027	135744028	196	24	2	1	1	0.41	1	1	0.59	unphased	0.909090909090909	0.909090909090909	1
2	141359052	141359053	89	17	2	1	1	0.41	1	1	0.59	unphased	1.33647798742138	1.33647798742138	1
2	141812692	141812693	95	28	2	1	1	0.41	1	1	0.59	unphased	1.8970189701897	1.8970189701897	1
2	143787248	143787249	122	35	2	1	1	0.41	1	1	0.59	unphased	1.85774946921444	1.85774946921444	1
2	150061867	150061868	367	68	2	1	1	0.41	1	1	0.59	unphased	1.30268199233716	1.30268199233716	1
2	165578811	165578812	106	19	2	1	1	0.41	1	1	0.59	unphased	1.26666666666667	1.26666666666667	1
2	166179836	166179837	50	12	2	1	1	0.41	1	1	0.59	unphased	1.61290322580645	1.61290322580645	1
2	166747106	166747107	128	14	2	1	1	0.41	1	1	0.59	unphased	0.821596244131455	0.821596244131455	1
2	167298072	167298073	85	13	2	1	1	0.41	1	1	0.59	unphased	1.10544217687075	1.10544217687075	1
2	170062882	170062883	93	17	2	1	1	0.41	1	1	0.59	unphased	1.28787878787879	1.28787878787879	1
2	174229529	174229530	155	20	2	1	1	0.41	1	1	0.59	unphased	0.952380952380952	0.952380952380952	1
2	175618257	175618258	220	27	2	1	1	0.41	1	1	0.59	unphased	0.910931174089069	0.910931174089069	1
2	179414496	179414497	134	32	2	1	1	0.41	1	1	0.59	unphased	1.60642570281125	1.60642570281125	1
2	179454775	179454776	133	25	2	1	1	0.41	1	1	0.59	unphased	1.31856540084388	1.31856540084388	1
2	179583940	179583941	115	36	2	1	1	0.41	1	1	0.59	unphased	1.98675496688742	1.98675496688742	1
2	179598068	179598069	150	46	2	1	1	0.41	1	1	0.59	unphased	1.95578231292517	1.95578231292517	1
2	179610352	179610353	168	21	2	1	1	0.41	1	1	0.59	unphased	0.925925925925926	0.925925925925926	1
2	179615427	179615428	110	24	2	1	1	0.41	1	1	0.59	unphased	1.49253731343284	1.49253731343284	1
2	179632743	179632744	148	47	2	1	1	0.41	1	1	0.59	unphased	2.00854700854701	2.00854700854701	1
2	185801047	185801048	99	19	2	1	1	0.41	1	1	0.59	unphased	1.34180790960452	1.34180790960452	1
2	185801721	185801722	100	21	2	1	1	0.41	1	1	0.59	unphased	1.44628099173554	1.44628099173554	1
2	196726544	196726545	140	25	2	1	1	0.41	1	1	0.59	unphased	1.26262626262626	1.26262626262626	1
2	196892686	196892687	287	66	2	1	1	0.41	1	1	0.59	unphased	1.55807365439093	1.55807365439093	1
2	202498082	202498083	18	4	2	1	1	0.41	1	1	0.59	unphased	1.51515151515152	1.51515151515152	1
2	202568915	202568916	110	23	2	1	1	0.41	1	1	0.59	unphased	1.44110275689223	1.44110275689223	1
2	204571377	204571378	53	12	2	1	1	0.41	1	1	0.59	unphased	1.53846153846154	1.53846153846154	1
2	210574810	210574811	168	36	2	1	1	0.41	1	1	0.59	unphased	1.47058823529412	1.47058823529412	1
2	211179748	211179749	319	40	2	1	1	0.41	1	1	0.59	unphased	0.928505106778087	0.928505106778087	1
2	212248297	212248298	50	8	2	1	1	0.41	1	1	0.59	unphased	1.14942528735632	1.14942528735632	1
2	219922230	219922231	24	6	2	1	1	0.41	1	1	0.59	unphased	1.66666666666667	1.66666666666667	1
2	220405235	220405236	42	11	2	1	1	0.41	1	1	0.59	unphased	1.72955974842767	1.72955974842767	1
2	223791855	223791856	147	15	2	1	1	0.41	1	1	0.59	unphased	0.771604938271605	0.771604938271605	1
2	227958912	227958913	104	27	2	1	1	0.41	1	1	0.59	unphased	1.7175572519084	1.7175572519084	1
2	238903408	238903409	133	15	2	1	1	0.41	1	1	0.59	unphased	0.844594594594595	0.844594594594595	1
2	242004852	242004853	55	9	2	1	1	0.41	1	1	0.59	unphased	1.171875	1.171875	1
20	865796	865797	26	4	2.68	2	1	0.84	0	1	0.16	unphased	1.20177777777778	1.20177777777778	1
20	3653196	3653197	77	11	2.68	2	1	0.84	0	1	0.16	unphased	1.12666666666667	1.12666666666667	1
20	4768870	4768871	157	31	2.68	2	1	0.84	0	1	0.16	unphased	1.48624113475177	0.884667342114151	1.68
20	5295007	5295008	95	13	2.68	2	1	0.84	0	1	0.16	unphased	1.08493827160494	1.08493827160494	1
20	13098351	13098352	172	22	2.68	2	1	0.84	0	1	0.16	unphased	1.02213058419244	1.02213058419244	1
20	20071503	20071504	361	76	1.51	2	2	0.17	1	0	0.83	unphased	1.36405797101449	1.1658615136876	1.17
20	20269514	20269515	64	14	1.51	2	2	0.17	1	0	0.83	unphased	1.40777777777778	1.40777777777778	1
20	25057095	25057096	189	43	1.51	2	2	0.17	1	0	0.83	unphased	1.45372126436782	1.24249680715198	1.17
20	30038036	30038037	71	14	1.51	2	2	0.17	1	0	0.83	unphased	1.2918431372549	1.2918431372549	1
20	30784973	30784974	81	21	1.51	2	2	0.17	1	0	0.83	unphased	1.61480392156863	1.380174291939	1.17
20	31021326	31021327	178	43	1.51	2	2	0.17	1	0	0.83	unphased	1.52607843137255	1.30434053963466	1.17
20	36625175	36625176	272	32	1.51	2	2	0.17	1	0	0.83	unphased	0.825614035087719	0.825614035087719	1
20	39985817	39985818	54	8	1.51	2	2	0.17	1	0	0.83	unphased	1.01204301075269	1.01204301075269	1
20	40081415	40081416	171	34	1.51	2	2	0.17	1	0	0.83	unphased	1.30084552845528	1.30084552845528	1
20	42815297	42815298	78	9	1.51	2	2	0.17	1	0	0.83	unphased	0.811379310344828	0.811379310344828	1
20	43138574	43138575	180	39	1.51	2	2	0.17	1	0	0.83	unphased	1.39675799086758	1.19381024860477	1.17
20	43994313	43994314	583	109	1.51	2	2	0.17	1	0	0.83	unphased	1.23543834296724	1.05593020766431	1.17
20	47865583	47865584	208	47	1.51	2	2	0.17	1	0	0.83	unphased	1.4456339869281	1.23558460421206	1.17
20	50408011	50408012	72	17	1.51	2	2	0.17	1	0	0.83	unphased	1.49816479400749	1.49816479400749	1
20	62192550	62192551	54	19	1.51	2	2	0.17	1	0	0.83	unphased	2.04141552511416	1.74479959411466	1.17
21	19687507	19687508	134	33	2	2	0	1	NA	NA	NA	unphased	1.64670658682635	0.823353293413174	2
21	22658587	22658588	35	11	2	2	0	1	NA	NA	NA	unphased	1.99275362318841	0.996376811594203	2
21	32253490	32253491	61	20	2	2	0	1	NA	NA	NA	unphased	2.05761316872428	1.02880658436214	2
21	43187070	43187071	25	5	2	2	0	1	NA	NA	NA	unphased	1.38888888888889	1.38888888888889	1
21	43411869	43411870	335	102	2	2	0	1	NA	NA	NA	unphased	1.94508009153318	0.97254004576659	2
21	46047328	46047329	108	27	2	2	0	1	NA	NA	NA	unphased	1.66666666666667	0.833333333333333	2
21	46624590	46624591	97	21	2	2	0	1	NA	NA	NA	unphased	1.48305084745763	0.741525423728814	2
22	17119536	17119537	110	10	NA	NA	NA	NA	NA	NA	NA	unphased	NA	NA	1
22	17472769	17472770	426	146	6	3	3	1	NA	NA	NA	unphased	3.14801864801865	1.04933954933955	3
22	18083947	18083948	258	40	6	3	3	1	NA	NA	NA	unphased	1.65548098434004	0.827740492170022	2
22	19967558	19967559	14	3	NA	NA	NA	NA	NA	NA	NA	unphased	NA	NA	1
22	21377801	21377802	75	10	NA	NA	NA	NA	NA	NA	NA	unphased	NA	NA	1
22	22891005	22891006	264	38	1.54	3	0	0.27	1	0	0.73	unphased	0.990684326710817	0.990684326710817	1
22	32275525	32275526	62	11	1.54	3	0	0.27	1	0	0.73	unphased	1.18639269406393	1.18639269406393	1
22	32588980	32588981	130	72	1.54	3	0	0.27	1	0	0.73	unphased	2.80633663366337	1.23627164478562	2.27
22	42321507	42321508	87	29	1.54	3	0	0.27	1	0	0.73	unphased	1.96833333333333	0.867107195301028	2.27
3	425507	425508	85	29	NA	NA	NA	NA	NA	NA	NA	unphased	NA	NA	1
3	7620578	7620579	196	56	2	2	0	1	NA	NA	NA	unphased	1.85185185185185	0.925925925925926	2
3	9470610	9470611	29	6	2	2	0	1	NA	NA	NA	unphased	1.42857142857143	1.42857142857143	1
3	9517628	9517629	50	21	2	2	0	1	NA	NA	NA	unphased	2.46478873239437	1.23239436619718	2
3	21467002	21467003	172	37	2	2	0	1	NA	NA	NA	unphased	1.47527910685805	0.737639553429027	2
3	39374699	39374700	118	43	2	2	0	1	NA	NA	NA	unphased	2.22567287784679	1.1128364389234	2
3	40231372	40231373	140	7	2	2	0	1	NA	NA	NA	unphased	0.396825396825397	0.396825396825397	1
3	42916408	42916409	34	6	2	2	0	1	NA	NA	NA	unphased	1.25	1.25	1
3	43618754	43618755	30	14	2	2	0	1	NA	NA	NA	unphased	2.65151515151515	1.32575757575758	2
3	48601782	48601783	24	9	2	2	0	1	NA	NA	NA	unphased	2.27272727272727	1.13636363636364	2
3	78655951	78655952	792	226	2	2	0	1	NA	NA	NA	unphased	1.85003274394237	0.925016371971185	2
3	97596566	97596567	100	25	4	2	2	1	NA	NA	NA	unphased	2.06666666666667	1.03333333333333	2
3	108380772	108380773	109	16	4	2	2	1	NA	NA	NA	unphased	1.32266666666667	1.32266666666667	1
3	111316995	111316996	424	34	4	2	2	1	NA	NA	NA	unphased	0.767103347889374	0.767103347889374	1
3	111317004	111317005	431	36	4	2	2	1	NA	NA	NA	unphased	0.796573875802998	0.796573875802998	1
3	113375943	113375944	130	24	4	2	2	1	NA	NA	NA	unphased	1.61038961038961	0.805194805194805	2
3	113849963	113849964	116	26	4	2	2	1	NA	NA	NA	unphased	1.89201877934272	0.946009389671362	2
3	119466711	119466712	120	27	4	2	2	1	NA	NA	NA	unphased	1.89795918367347	0.948979591836735	2
3	119582369	119582370	128	39	4	2	2	1	NA	NA	NA	unphased	2.41317365269461	1.20658682634731	2
3	119582424	119582425	66	25	4	2	2	1	NA	NA	NA	unphased	2.83882783882784	1.41941391941392	2
3	120428627	120428628	104	22	4	2	2	1	NA	NA	NA	unphased	1.8042328042328	0.902116402116402	2
3	122102020	122102021	103	28	4	2	2	1	NA	NA	NA	unphased	2.20865139949109	1.10432569974555	2
3	123166522	123166523	9	3	4	2	2	1	NA	NA	NA	unphased	2.58333333333333	2.58333333333333	1
3	129277392	129277393	87	16	4	2	2	1	NA	NA	NA	unphased	1.60517799352751	0.802588996763754	2
3	132172223	132172224	137	26	4	2	2	1	NA	NA	NA	unphased	1.64826175869121	0.824130879345603	2
3	133167475	133167476	41	13	4	2	2	1	NA	NA	NA	unphased	2.48765432098765	1.24382716049383	2
3	145924505	145924506	33	7	8	6	2	1	NA	NA	NA	unphased	2.50833333333333	0.836111111111111	3
3	146318136	146318137	50	4	8	6	2	1	NA	NA	NA	unphased	1.06172839506173	1.06172839506173	1
3	147131327	147131328	148	39	8	6	2	1	NA	NA	NA	unphased	2.98930481283422	0.996434937611408	3
3	150911500	150911501	129	67	8	6	2	1	NA	NA	NA	unphased	4.89965986394558	0.979931972789116	5
3	154147331	154147332	199	89	8	6	2	1	NA	NA	NA	unphased	4.42939814814815	1.10734953703704	4
3	154832820	154832821	182	117	8	6	2	1	NA	NA	NA	unphased	5.60869565217391	0.934782608695652	6
3	154832945	154832946	157	96	8	6	2	1	NA	NA	NA	unphased	5.43873517786561	1.08774703557312	5
3	157188146	157188147	250	34	8	6	2	1	NA	NA	NA	unphased	1.71596244131455	0.857981220657277	2
3	164727158	164727159	163	12	8	6	2	1	NA	NA	NA	unphased	0.982857142857143	0.982857142857143	1
3	170219075	170219076	119	16	8	6	2	1	NA	NA	NA	unphased	1.69876543209877	0.849382716049383	2
3	173322230	173322231	117	15	8	6	2	1	NA	NA	NA	unphased	1.62878787878788	0.814393939393939	2
3	175184900	175184901	247	40	8	6	2	1	NA	NA	NA	unphased	1.99767711962834	0.99883855981417	2
3	179519574	179519575	228	9	8	6	2	1	NA	NA	NA	unphased	0.544303797468354	0.544303797468354	1
3	179593165	179593166	226	118	8	6	2	1	NA	NA	NA	unphased	4.91666666666667	0.983333333333333	5
3	184801169	184801170	209	150	8	6	2	1	NA	NA	NA	unphased	5.98885793871866	0.998142989786444	6
3	186383837	186383838	165	22	8	6	2	1	NA	NA	NA	unphased	1.68627450980392	0.843137254901961	2
3	186572116	186572117	255	9	8	6	2	1	NA	NA	NA	unphased	0.488636363636364	0.488636363636364	1
3	186953582	186953583	129	23	8	6	2	1	NA	NA	NA	unphased	2.16885964912281	1.0844298245614	2
3	190993049	190993050	438	40	8	6	2	1	NA	NA	NA	unphased	1.19944211994421	1.19944211994421	1
3	194336393	194336394	545	84	8	6	2	1	NA	NA	NA	unphased	1.91414944356121	0.957074721780604	2
3	195474149	195474150	122	17	8	6	2	1	NA	NA	NA	unphased	1.75299760191847	0.876498800959233	2
4	4199363	4199364	92	20	1.02	2	0	0.02	0	1	0.98	unphased	1.31309523809524	1.31309523809524	1
4	9784456	9784457	55	21	1.02	2	0	0.02	0	1	0.98	unphased	2.03184210526316	1.99200206398349	1.02
4	16014930	16014931	162	44	1.02	2	0	0.02	0	1	0.98	unphased	1.57061488673139	1.53981851640332	1.02
4	22414970	22414971	131	40	1.02	2	0	0.02	0	1	0.98	unphased	1.72007797270955	1.68635095363682	1.02
4	22749238	22749239	254	73	1.02	2	0	0.02	0	1	0.98	unphased	1.64156982670744	1.60938218304651	1.02
4	24538882	24538883	20	4	1.02	2	0	0.02	0	1	0.98	unphased	1.22555555555556	1.22555555555556	1
4	30725401	30725402	75	21	1.02	2	0	0.02	0	1	0.98	unphased	1.60854166666667	1.57700163398693	1.02
4	42400229	42400230	15	5	1.02	2	0	0.02	0	1	0.98	unphased	1.83833333333333	1.83833333333333	1
4	42445679	42445680	97	22	1.02	2	0	0.02	0	1	0.98	unphased	1.35943977591036	1.35943977591036	1
4	47597839	47597840	149	17	1.02	2	0	0.02	0	1	0.98	unphased	0.753052208835341	0.753052208835341	1
4	49052709	49052710	143	14	1.02	2	0	0.02	0	1	0.98	unphased	0.655711252653928	0.655711252653928	1
4	52861481	52861482	190	63	1.02	2	0	0.02	0	1	0.98	unphased	1.83106719367589	1.79516391536852	1.02
4	54364857	54364858	107	17	1.02	2	0	0.02	0	1	0.98	unphased	1.00811827956989	1.00811827956989	1
4	56314942	56314943	59	17	1.02	2	0	0.02	0	1	0.98	unphased	1.64482456140351	1.6125730994152	1.02
4	57190421	57190422	60	6	1.02	2	0	0.02	0	1	0.98	unphased	0.668484848484849	0.668484848484849	1
4	57777612	57777613	111	12	1.02	2	0	0.02	0	1	0.98	unphased	0.71739837398374	0.71739837398374	1
4	66197512	66197513	10	3	1.25	1	1	0.25	1	0	0.75	unphased	1.75	1.75	1
4	69111391	69111392	57	16	1.25	1	1	0.25	1	0	0.75	unphased	1.662100456621	1.662100456621	1
4	74274353	74274354	101	8	1.25	1	1	0.25	1	0	0.75	unphased	0.556574923547401	0.556574923547401	1
4	77084444	77084445	156	18	1.25	1	1	0.25	1	0	0.75	unphased	0.78448275862069	0.78448275862069	1
4	79516534	79516535	293	73	1.25	1	1	0.25	1	0	0.75	unphased	1.51252276867031	1.51252276867031	1
4	80247001	80247002	82	10	1.25	1	1	0.25	1	0	0.75	unphased	0.824275362318841	0.824275362318841	1
4	88767347	88767348	109	12	1.25	1	1	0.25	1	0	0.75	unphased	0.752066115702479	0.752066115702479	1
4	89199676	89199677	68	15	1.25	1	1	0.25	1	0	0.75	unphased	1.37048192771084	1.37048192771084	1
4	89571124	89571125	158	19	1.25	1	1	0.25	1	0	0.75	unphased	0.814030131826742	0.814030131826742	1
4	96141251	96141252	84	13	1.25	1	1	0.25	1	0	0.75	unphased	1.01632302405498	1.01632302405498	1
4	104041453	104041454	81	8	1.25	1	1	0.25	1	0	0.75	unphased	0.681647940074906	0.681647940074906	1
4	106890101	106890102	51	12	1.25	1	1	0.25	1	0	0.75	unphased	1.44444444444444	1.44444444444444	1
4	122853503	122853504	50	5	1.25	1	1	0.25	1	0	0.75	unphased	0.68939393939394	0.68939393939394	1
4	122853504	122853505	50	5	1.25	1	1	0.25	1	0	0.75	unphased	0.68939393939394	0.68939393939394	1
4	126389859	126389860	160	32	1.25	1	1	0.25	1	0	0.75	unphased	1.26388888888889	1.26388888888889	1
4	138452530	138452531	165	24	1.25	1	1	0.25	1	0	0.75	unphased	0.962962962962963	0.962962962962963	1
4	145040930	145040931	116	11	1.25	1	1	0.25	1	0	0.75	unphased	0.656824146981627	0.656824146981627	1
4	146823809	146823810	66	16	1.25	1	1	0.25	1	0	0.75	unphased	1.47967479674797	1.47967479674797	1
4	147754968	147754969	72	9	1.25	1	1	0.25	1	0	0.75	unphased	0.842592592592593	0.842592592592593	1
4	149357215	149357216	133	17	1.25	1	1	0.25	1	0	0.75	unphased	0.859444444444444	0.859444444444444	1
4	153573688	153573689	258	29	2	1	1	1	NA	NA	NA	unphased	0.842044134727062	0.842044134727062	1
4	155254391	155254392	104	20	2	1	1	1	NA	NA	NA	unphased	1.34408602150538	1.34408602150538	1
4	156632269	156632270	134	14	2	1	1	1	NA	NA	NA	unphased	0.788288288288288	0.788288288288288	1
4	156764858	156764859	107	16	2	1	1	1	NA	NA	NA	unphased	1.0840108401084	1.0840108401084	1
4	156775444	156775445	123	13	2	1	1	1	NA	NA	NA	unphased	0.79656862745098	0.79656862745098	1
4	162307161	162307162	227	34	2	1	1	1	NA	NA	NA	unphased	1.08556832694764	1.08556832694764	1
4	165961589	165961590	99	17	2	1	1	0.22	1	1	0.78	unphased	1.22126436781609	1.22126436781609	1
4	177067280	177067281	218	31	2	1	1	0.22	1	1	0.78	unphased	1.03748326639893	1.03748326639893	1
4	177093524	177093525	84	12	2	1	1	0.22	1	1	0.78	unphased	1.04166666666667	1.04166666666667	1
4	177138109	177138110	280	49	2	1	1	0.22	1	1	0.78	unphased	1.24113475177305	1.24113475177305	1
4	185309883	185309884	109	10	2	1	1	0.22	1	1	0.78	unphased	0.700280112044818	0.700280112044818	1
4	187524824	187524825	57	12	2	1	1	0.22	1	1	0.78	unphased	1.44927536231884	1.44927536231884	1
5	5465215	5465216	42	7	4	2	2	1	NA	NA	NA	unphased	1.47619047619048	1.47619047619048	1
5	13716733	13716734	112	26	4	2	2	1	NA	NA	NA	unphased	1.94685990338164	0.973429951690821	2
5	24498620	24498621	164	37	4	2	2	1	NA	NA	NA	unphased	1.90215588723051	0.951077943615257	2
5	35065610	35065611	227	47	4	2	2	1	NA	NA	NA	unphased	1.77250608272506	0.886253041362531	2
5	36270074	36270075	346	78	4	2	2	1	NA	NA	NA	unphased	1.90094339622642	0.950471698113208	2
5	41176708	41176709	145	26	4	2	2	1	NA	NA	NA	unphased	1.57115009746589	0.785575048732943	2
5	44310631	44310632	82	23	4	2	2	1	NA	NA	NA	unphased	2.26349206349206	1.13174603174603	2
5	65076020	65076021	96	30	2	2	0	1	NA	NA	NA	unphased	1.98412698412698	0.992063492063492	2
5	74892275	74892276	96	34	2	2	0	1	NA	NA	NA	unphased	2.17948717948718	1.08974358974359	2
5	79031407	79031408	131	56	2	2	0	1	NA	NA	NA	unphased	2.49554367201426	1.24777183600713	2
5	90052270	90052271	179	55	2	2	0	1	NA	NA	NA	unphased	1.95868945868946	0.979344729344729	2
5	102343344	102343345	80	15	2	2	0	1	NA	NA	NA	unphased	1.31578947368421	1.31578947368421	1
5	118970267	118970268	156	55	2	2	0	1	NA	NA	NA	unphased	2.17219589257504	1.08609794628752	2
5	127514354	127514355	83	28	2	2	0	1	NA	NA	NA	unphased	2.1021021021021	1.05105105105105	2
5	127712451	127712452	160	41	2	2	0	1	NA	NA	NA	unphased	1.69983416252073	0.849917081260365	2
5	137682783	137682784	12	4	2	2	0	1	NA	NA	NA	unphased	2.08333333333333	2.08333333333333	1
5	137682786	137682787	12	4	2	2	0	1	NA	NA	NA	unphased	2.08333333333333	2.08333333333333	1
5	139876144	139876145	173	21	2	2	0	1	NA	NA	NA	unphased	0.902061855670103	0.902061855670103	1
5	140214253	140214254	280	42	2	2	0	1	NA	NA	NA	unphased	1.08695652173913	1.08695652173913	1
5	140235956	140235957	105	74	2	2	0	1	NA	NA	NA	unphased	3.44506517690875	1.72253258845438	2
5	140432163	140432164	111	28	2	2	0	1	NA	NA	NA	unphased	1.67865707434053	0.839328537170264	2
5	140754314	140754315	24	13	2	2	0	1	NA	NA	NA	unphased	2.92792792792793	1.46396396396396	2
5	145508638	145508639	78	18	2	2	0	1	NA	NA	NA	unphased	1.5625	0.78125	2
5	147929785	147929786	57	12	2	2	0	1	NA	NA	NA	unphased	1.44927536231884	1.44927536231884	1
5	156592861	156592862	68	27	2	2	0	1	NA	NA	NA	unphased	2.36842105263158	1.18421052631579	2
5	158524018	158524019	30	8	2	2	0	1	NA	NA	NA	unphased	1.75438596491228	1.75438596491228	1
5	160114943	160114944	237	78	2	2	0	1	NA	NA	NA	unphased	2.06349206349206	1.03174603174603	2
5	160763733	160763734	146	23	2	2	0	1	NA	NA	NA	unphased	1.13412228796844	1.13412228796844	1
5	172517558	172517559	198	18	2.98	4	0	0.49	1	1	0.51	unphased	0.776111111111111	0.776111111111111	1
5	172745060	172745061	71	45	2.98	4	0	0.49	1	1	0.51	unphased	3.61293103448276	1.0352237921154	3.49
6	26431618	26431619	72	22	2	2	0	1	NA	NA	NA	unphased	1.95035460992908	0.975177304964539	2
6	28499667	28499668	255	77	2	2	0	1	NA	NA	NA	unphased	1.93273092369478	0.96636546184739	2
6	32171992	32171993	23	6	2	2	0	1	NA	NA	NA	unphased	1.72413793103448	1.72413793103448	1
6	33157159	33157160	73	28	2	2	0	1	NA	NA	NA	unphased	2.31023102310231	1.15511551155116	2
6	38905861	38905862	102	13	2	2	0	1	NA	NA	NA	unphased	0.942028985507246	0.942028985507246	1
6	43027973	43027974	116	31	2	2	0	1	NA	NA	NA	unphased	1.75736961451247	0.878684807256236	2
6	47776013	47776014	261	107	2	1	1	1	NA	NA	NA	unphased	2.42300724637681	2.42300724637681	1
6	54214581	54214582	185	20	2	1	1	1	NA	NA	NA	unphased	0.813008130081301	0.813008130081301	1
6	70890212	70890213	115	8	2	1	1	1	NA	NA	NA	unphased	0.542005420054201	0.542005420054201	1
6	75860975	75860976	202	28	2	1	1	1	NA	NA	NA	unphased	1.01449275362319	1.01449275362319	1
6	80749527	80749528	147	14	2	1	1	1	NA	NA	NA	unphased	0.72463768115942	0.72463768115942	1
6	84233947	84233948	93	15	2	1	1	1	NA	NA	NA	unphased	1.15740740740741	1.15740740740741	1
6	87726080	87726081	184	24	2	1	1	1	NA	NA	NA	unphased	0.961538461538462	0.961538461538462	1
6	87965106	87965107	68	13	2	1	1	1	NA	NA	NA	unphased	1.33744855967078	1.33744855967078	1
6	90276740	90276741	19	3	2	1	1	1	NA	NA	NA	unphased	1.13636363636364	1.13636363636364	1
6	106555084	106555085	324	49	2	1	1	1	NA	NA	NA	unphased	1.09472743521001	1.09472743521001	1
6	109815284	109815285	75	14	2	1	1	1	NA	NA	NA	unphased	1.31086142322097	1.31086142322097	1
6	110300686	110300687	194	26	2	1	1	1	NA	NA	NA	unphased	0.984848484848485	0.984848484848485	1
6	110746270	110746271	109	16	2	1	1	1	NA	NA	NA	unphased	1.06666666666667	1.06666666666667	1
6	112671092	112671093	63	7	2	1	1	1	NA	NA	NA	unphased	0.833333333333333	0.833333333333333	1
6	117113927	117113928	83	14	2	1	1	1	NA	NA	NA	unphased	1.20274914089347	1.20274914089347	1
6	117662646	117662647	189	17	2	1	1	1	NA	NA	NA	unphased	0.687702265372168	0.687702265372168	1
6	127440281	127440282	40	6	2	1	1	1	NA	NA	NA	unphased	1.08695652173913	1.08695652173913	1
6	129588363	129588364	261	41	2	1	1	1	NA	NA	NA	unphased	1.13134657836645	1.13134657836645	1
6	132031798	132031799	232	25	2	1	1	1	NA	NA	NA	unphased	0.810635538261997	0.810635538261997	1
6	132270504	132270505	149	23	2	1	1	1	NA	NA	NA	unphased	1.11434108527132	1.11434108527132	1
6	139591748	139591749	94	11	2	1	1	1	NA	NA	NA	unphased	0.873015873015873	0.873015873015873	1
6	139591749	139591750	93	11	2	1	1	1	NA	NA	NA	unphased	0.881410256410256	0.881410256410256	1
6	146720378	146720379	174	19	2	1	1	1	NA	NA	NA	unphased	0.820379965457686	0.820379965457686	1
6	152642966	152642967	201	17	2	1	1	1	NA	NA	NA	unphased	0.649847094801223	0.649847094801223	1
6	152746683	152746684	112	17	2	1	1	1	NA	NA	NA	unphased	1.09819121447028	1.09819121447028	1
6	161966308	161966309	6	4	2	1	1	1	NA	NA	NA	unphased	3.33333333333333	3.33333333333333	1
6	165693561	165693562	106	13	2	1	1	1	NA	NA	NA	unphased	0.910364145658263	0.910364145658263	1
6	167440043	167440044	67	7	2	1	1	1	NA	NA	NA	unphased	0.788288288288288	0.788288288288288	1
6	167754171	167754172	354	46	2	1	1	1	NA	NA	NA	unphased	0.958333333333333	0.958333333333333	1
7	750962	750963	49	17	3	2	1	1	NA	NA	NA	unphased	2.4040404040404	1.2020202020202	2
7	1484490	1484491	17	9	3	2	1	1	NA	NA	NA	unphased	3.23076923076923	1.61538461538462	2
7	11441448	11441449	96	19	3	2	1	1	NA	NA	NA	unphased	1.54202898550725	0.771014492753623	2
7	14188808	14188809	216	23	3	2	1	1	NA	NA	NA	unphased	0.898186889818689	0.898186889818689	1
7	21723529	21723530	208	50	3	2	1	1	NA	NA	NA	unphased	1.80878552971576	0.904392764857881	2
7	31146271	31146272	29	5	3	2	1	1	NA	NA	NA	unphased	1.37254901960784	1.37254901960784	1
7	31617704	31617705	46	6	3	2	1	1	NA	NA	NA	unphased	1.07692307692308	1.07692307692308	1
7	31890295	31890296	181	18	3	2	1	1	NA	NA	NA	unphased	0.844221105527638	0.844221105527638	1
7	35129969	35129970	273	31	3	2	1	1	NA	NA	NA	unphased	0.951754385964912	0.951754385964912	1
7	35293188	35293189	96	12	3	2	1	1	NA	NA	NA	unphased	1.03703703703704	1.03703703703704	1
7	35923503	35923504	103	11	3	2	1	1	NA	NA	NA	unphased	0.900584795321637	0.900584795321637	1
7	44047304	44047305	161	13	3	2	1	1	NA	NA	NA	unphased	0.697318007662835	0.697318007662835	1
7	53103674	53103675	36	6	3	2	1	1	NA	NA	NA	unphased	1.33333333333333	1.33333333333333	1
7	54617573	54617574	27	11	0.9	0	0	0.55	1	1	0.45	unphased	2.09385964912281	2.09385964912281	1
7	64167145	64167146	80	11	3	2	1	1	NA	NA	NA	unphased	1.12820512820513	1.12820512820513	1
7	71036279	71036280	176	41	3	2	1	1	NA	NA	NA	unphased	1.76344086021505	0.881720430107527	2
7	72178604	72178605	107	16	3	2	1	1	NA	NA	NA	unphased	1.21409214092141	1.21409214092141	1
7	80276086	80276087	160	32	3	2	1	1	NA	NA	NA	unphased	1.55555555555556	0.777777777777778	2
7	81331830	81331831	80	14	3	2	1	1	NA	NA	NA	unphased	1.39007092198582	1.39007092198582	1
7	82545486	82545487	670	88	3	2	1	1	NA	NA	NA	unphased	1.08355321020229	1.08355321020229	1
7	82584606	82584607	81	29	3	2	1	1	NA	NA	NA	unphased	2.46060606060606	1.23030303030303	2
7	84751169	84751170	86	8	3	2	1	1	NA	NA	NA	unphased	0.794326241134752	0.794326241134752	1
7	86415677	86415678	221	23	3	2	1	1	NA	NA	NA	unphased	0.879781420765027	0.879781420765027	1
7	87370887	87370888	45	4	3	2	1	1	NA	NA	NA	unphased	0.761904761904762	0.761904761904762	1
7	87407269	87407270	141	12	3	2	1	1	NA	NA	NA	unphased	0.73202614379085	0.73202614379085	1
7	91715663	91715664	424	108	3	2	1	1	NA	NA	NA	unphased	1.89473684210526	0.947368421052632	2
7	96747022	96747023	92	6	3	2	1	1	NA	NA	NA	unphased	0.571428571428572	0.571428571428572	1
7	98567913	98567914	71	12	3	2	1	1	NA	NA	NA	unphased	1.34939759036145	1.34939759036145	1
7	100679591	100679592	373	128	3	2	1	1	NA	NA	NA	unphased	2.38456420492349	1.19228210246174	2
7	107204353	107204354	29	15	3	2	1	1	NA	NA	NA	unphased	3.18181818181818	1.59090909090909	2
7	107342427	107342428	93	18	3	2	1	1	NA	NA	NA	unphased	1.51351351351351	0.756756756756757	2
7	107822272	107822273	64	12	3	2	1	1	NA	NA	NA	unphased	1.47368421052632	1.47368421052632	1
7	127326810	127326811	147	15	3	2	1	1	NA	NA	NA	unphased	0.864197530864198	0.864197530864198	1
7	128484753	128484754	90	12	3	2	1	1	NA	NA	NA	unphased	1.09803921568627	1.09803921568627	1
7	129125553	129125554	163	49	3	2	1	1	NA	NA	NA	unphased	2.15723270440252	1.07861635220126	2
7	133812269	133812270	122	35	3	2	1	1	NA	NA	NA	unphased	2.08067940552017	1.04033970276009	2
7	136588033	136588034	128	26	3	2	1	1	NA	NA	NA	unphased	1.57575757575758	0.787878787878788	2
7	136700283	136700284	65	8	3	2	1	1	NA	NA	NA	unphased	1.02283105022831	1.02283105022831	1
7	138603071	138603072	115	14	3	2	1	1	NA	NA	NA	unphased	1.01291989664083	1.01291989664083	1
7	141734631	141734632	94	9	3	2	1	1	NA	NA	NA	unphased	0.815533980582524	0.815533980582524	1
7	142423392	142423393	73	18	3	2	1	1	NA	NA	NA	unphased	1.84615384615385	0.923076923076923	2
7	142723909	142723910	84	15	3	2	1	1	NA	NA	NA	unphased	1.41414141414141	1.41414141414141	1
7	143657319	143657320	384	127	3	2	1	1	NA	NA	NA	unphased	2.31963470319635	1.15981735159817	2
7	149522399	149522400	141	18	1.2	2	1	0.1	0	1	0.9	unphased	0.852830188679245	0.852830188679245	1
7	156974804	156974805	148	36	1.2	2	1	0.1	0	1	0.9	unphased	1.47391304347826	1.3399209486166	1.1
8	18079901	18079902	286	45	0.92	0	0	0.54	1	1	0.46	unphased	0.986102719033233	0.986102719033233	1
8	23112819	23112820	49	9	0.92	0	0	0.54	1	1	0.46	unphased	1.12551724137931	1.12551724137931	1
8	27358525	27358526	98	15	0.92	0	0	0.54	1	1	0.46	unphased	0.96283185840708	0.96283185840708	1
8	35588590	35588591	71	22	5	4	1	1	NA	NA	NA	unphased	2.68100358422939	0.893667861409797	3
8	37688271	37688272	14	11	5	4	1	1	NA	NA	NA	unphased	4.98666666666667	1.24666666666667	4
8	37796291	37796292	38	3	5	4	1	1	NA	NA	NA	unphased	0.829268292682927	0.829268292682927	1
8	38947572	38947573	391	35	5	4	1	1	NA	NA	NA	unphased	0.93114241001565	0.93114241001565	1
8	39644508	39644509	133	12	5	4	1	1	NA	NA	NA	unphased	0.937931034482759	0.937931034482759	1
8	48879961	48879962	97	54	5	4	1	1	NA	NA	NA	unphased	4.05298013245033	1.01324503311258	4
8	70744536	70744537	91	11	2.6	2	1	0.6	1	1	0.4	unphased	0.963398692810458	0.963398692810458	1
8	72946575	72946576	69	18	2.6	2	1	0.6	1	1	0.4	unphased	1.84827586206897	1.1551724137931	1.6
8	77763575	77763576	39	12	2.6	2	1	0.6	1	1	0.4	unphased	2.10196078431373	1.31372549019608	1.6
8	82614909	82614910	110	8	2.6	2	1	0.6	1	1	0.4	unphased	0.605649717514124	0.605649717514124	1
8	95541394	95541395	46	14	2.6	2	1	0.6	1	1	0.4	unphased	2.08444444444444	1.30277777777778	1.6
8	110432816	110432817	118	17	2.6	2	1	0.6	1	1	0.4	unphased	1.12493827160494	1.12493827160494	1
8	110437343	110437344	27	9	2.6	2	1	0.6	1	1	0.4	unphased	2.23333333333333	1.39583333333333	1.6
8	110563103	110563104	26	3	2.6	2	1	0.6	1	1	0.4	unphased	0.924137931034483	0.924137931034483	1
8	113392601	113392602	185	35	2.6	2	1	0.6	1	1	0.4	unphased	1.42121212121212	0.888257575757576	1.6
8	118159213	118159214	95	26	2.6	2	1	0.6	1	1	0.4	unphased	1.91955922865014	1.19972451790634	1.6
8	120118440	120118441	122	35	2.6	2	1	0.6	1	1	0.4	unphased	1.99150743099788	1.24469214437367	1.6
8	131826444	131826445	261	11	5.32	6	1	0.72	1	0	0.28	unphased	0.471274509803922	0.654547930283224	0.72
8	133141443	133141444	76	7	5.32	6	1	0.72	1	0	0.28	unphased	0.98281124497992	0.98281124497992	1
8	133192491	133192492	232	13	5.32	6	1	0.72	1	0	0.28	unphased	0.618340136054422	0.85880574452003	0.72
8	134488405	134488406	8	4	5.32	6	1	0.72	1	0	0.28	unphased	3.88444444444444	1.00114547537228	3.88
8	139268960	139268961	61	36	5.32	6	1	0.72	1	0	0.28	unphased	4.32494845360825	0.974087489551407	4.44
8	140630920	140630921	119	18	5.32	6	1	0.72	1	0	0.28	unphased	1.53109489051095	0.890171447971482	1.72
8	140631275	140631276	34	27	5.32	6	1	0.72	1	0	0.28	unphased	5.15803278688525	0.999618757148304	5.16
8	143866619	143866620	24	7	5.32	6	1	0.72	1	0	0.28	unphased	2.63139784946237	0.967425679949399	2.72
8	144661912	144661913	224	14	5.32	6	1	0.72	1	0	0.28	unphased	0.685490196078431	0.685490196078431	1
8	146107135	146107136	53	11	NA	NA	NA	NA	NA	NA	NA	unphased	NA	NA	1
9	32630605	32630606	297	121	2	2	0	1	NA	NA	NA	unphased	2.41228070175439	1.20614035087719	2
9	35842620	35842621	37	18	2	2	0	1	NA	NA	NA	unphased	2.72727272727273	1.36363636363636	2
9	43625539	43625540	69	15	2	2	0	1	NA	NA	NA	unphased	1.48809523809524	1.48809523809524	1
9	72067200	72067201	68	32	2	2	0	1	NA	NA	NA	unphased	2.66666666666667	1.33333333333333	2
9	74865498	74865499	15	6	2	2	0	1	NA	NA	NA	unphased	2.38095238095238	1.19047619047619	2
9	77277448	77277449	158	61	2	2	0	1	NA	NA	NA	unphased	2.32115677321157	1.16057838660578	2
9	79635368	79635369	43	8	2	2	0	1	NA	NA	NA	unphased	1.30718954248366	1.30718954248366	1
9	80262728	80262729	6	3	2	2	0	1	NA	NA	NA	unphased	2.77777777777778	2.77777777777778	1
9	84608407	84608408	268	85	2	2	0	1	NA	NA	NA	unphased	2.00661000944287	1.00330500472144	2
9	90387868	90387869	68	15	2	2	0	1	NA	NA	NA	unphased	1.50602409638554	1.50602409638554	1
9	90387869	90387870	71	16	2	2	0	1	NA	NA	NA	unphased	1.53256704980843	0.766283524904215	2
9	95766348	95766349	69	23	2	2	0	1	NA	NA	NA	unphased	2.08333333333333	1.04166666666667	2
9	100971079	100971080	47	18	2	2	0	1	NA	NA	NA	unphased	2.30769230769231	1.15384615384615	2
9	111745533	111745534	83	9	2	2	0	1	NA	NA	NA	unphased	0.815217391304348	0.815217391304348	1
9	123906255	123906256	48	14	2	2	0	1	NA	NA	NA	unphased	1.88172043010753	0.940860215053763	2
9	125391203	125391204	49	11	2	2	0	1	NA	NA	NA	unphased	1.52777777777778	1.52777777777778	1
9	125585445	125585446	216	48	2	2	0	1	NA	NA	NA	unphased	1.51515151515152	0.757575757575758	2
9	127572629	127572630	51	11	2	2	0	1	NA	NA	NA	unphased	1.47849462365591	1.47849462365591	1
9	127965284	127965285	91	22	2	2	0	1	NA	NA	NA	unphased	1.62241887905605	0.811209439528024	2
9	128113115	128113116	183	63	2	2	0	1	NA	NA	NA	unphased	2.13414634146341	1.06707317073171	2
9	131670787	131670788	28	7	2	2	0	1	NA	NA	NA	unphased	1.66666666666667	1.66666666666667	1
9	131870333	131870334	48	18	2	2	0	1	NA	NA	NA	unphased	2.27272727272727	1.13636363636364	2
9	135173621	135173622	138	39	2	2	0	1	NA	NA	NA	unphased	1.8361581920904	0.918079096045198	2
9	138678180	138678181	8	4	2	2	0	1	NA	NA	NA	unphased	2.77777777777778	1.38888888888889	2
9	140809109	140809110	33	18	2	2	0	1	NA	NA	NA	unphased	2.94117647058824	1.47058823529412	2
X	1584899	1584900	36	4	NA	NA	NA	NA	NA	NA	NA	unphased	NA	NA	1
X	12994418	12994419	95	11	NA	NA	NA	NA	NA	NA	NA	unphased	NA	NA	1
X	15320886	15320887	121	20	NA	NA	NA	NA	NA	NA	NA	unphased	NA	NA	1
X	17745107	17745108	215	37	NA	NA	NA	NA	NA	NA	NA	unphased	NA	NA	1
X	22291685	22291686	153	21	NA	NA	NA	NA	NA	NA	NA	unphased	NA	NA	1
X	30236689	30236690	43	9	NA	NA	NA	NA	NA	NA	NA	unphased	NA	NA	1
X	35988904	35988905	45	6	NA	NA	NA	NA	NA	NA	NA	unphased	NA	NA	1
X	36122742	36122743	131	27	NA	NA	NA	NA	NA	NA	NA	unphased	NA	NA	1
X	37587066	37587067	86	10	NA	NA	NA	NA	NA	NA	NA	unphased	NA	NA	1
X	38144762	38144763	102	22	NA	NA	NA	NA	NA	NA	NA	unphased	NA	NA	1
X	48209458	48209459	380	57	NA	NA	NA	NA	NA	NA	NA	unphased	NA	NA	1
X	48320457	48320458	55	17	NA	NA	NA	NA	NA	NA	NA	unphased	NA	NA	1
X	52842203	52842204	41	11	NA	NA	NA	NA	NA	NA	NA	unphased	NA	NA	1
X	52895562	52895563	71	14	NA	NA	NA	NA	NA	NA	NA	unphased	NA	NA	1
X	54839563	54839564	169	36	NA	NA	NA	NA	NA	NA	NA	unphased	NA	NA	1
X	86773314	86773315	127	20	NA	NA	NA	NA	NA	NA	NA	unphased	NA	NA	1
X	91134244	91134245	229	42	NA	NA	NA	NA	NA	NA	NA	unphased	NA	NA	1
X	135579716	135579717	12	4	NA	NA	NA	NA	NA	NA	NA	unphased	NA	NA	1
X	140969421	140969422	313	54	NA	NA	NA	NA	NA	NA	NA	unphased	NA	NA	1
X	140984749	140984750	24	5	NA	NA	NA	NA	NA	NA	NA	unphased	NA	NA	1
X	150349812	150349813	219	36	NA	NA	NA	NA	NA	NA	NA	unphased	NA	NA	1
X	150832686	150832687	134	21	NA	NA	NA	NA	NA	NA	NA	unphased	NA	NA	1
X	153461459	153461460	61	8	NA	NA	NA	NA	NA	NA	NA	unphased	NA	NA	1
X	153586643	153586644	29	23	NA	NA	NA	NA	NA	NA	NA	unphased	NA	NA	1
X	154124455	154124456	233	95	NA	NA	NA	NA	NA	NA	NA	unphased	NA	NA	1
