chr	start	end	WT.count	mut.count	subclonal.CN	nMaj1	nMin1	frac1	nMaj2	nMin2	frac2	phase	mutation.copy.number	subclonal.fraction	no.chrs.bearing.mut
1	1190557	1190558	14	4	1.19	2	0	0.19	1	0	0.81	unphased	0.412592592592593	0.412592592592593	1
1	1390861	1390862	25	13	1.19	2	0	0.19	1	0	0.81	unphased	0.635175438596491	0.635175438596491	1
1	1961655	1961656	88	64	2	2	0	1	NA	NA	NA	unphased	1.12280701754386	1.12280701754386	1
1	6206844	6206845	8	5	2	2	0	1	NA	NA	NA	unphased	1.02564102564103	1.02564102564103	1
1	11184673	11184674	26	8	2	2	0	1	NA	NA	NA	unphased	0.627450980392157	0.627450980392157	1
1	20879558	20879559	3	6	2	2	0	1	NA	NA	NA	unphased	1.77777777777778	1.77777777777778	1
1	24795646	24795647	8	18	2	2	0	1	NA	NA	NA	unphased	1.84615384615385	0.923076923076923	2
1	34100907	34100908	17	14	2	2	0	1	NA	NA	NA	unphased	1.20430107526882	1.20430107526882	1
1	35916042	35916043	41	27	2	2	0	1	NA	NA	NA	unphased	1.05882352941176	1.05882352941176	1
1	38053053	38053054	41	21	2	2	0	1	NA	NA	NA	unphased	0.903225806451613	0.903225806451613	1
1	46088443	46088444	11	6	2	2	0	1	NA	NA	NA	unphased	0.941176470588235	0.941176470588235	1
1	62574114	62574115	5	7	2	2	0	1	NA	NA	NA	unphased	1.55555555555556	1.55555555555556	1
1	63070370	63070371	42	14	2	2	0	1	NA	NA	NA	unphased	0.666666666666667	0.666666666666667	1
1	66036244	66036245	55	26	2	2	0	1	NA	NA	NA	unphased	0.8559670781893	0.8559670781893	1
1	67266895	67266896	13	10	2	2	0	1	NA	NA	NA	unphased	1.15942028985507	1.15942028985507	1
1	78189028	78189029	30	3	2	2	0	1	NA	NA	NA	unphased	0.242424242424242	0.242424242424242	1
1	79101115	79101116	62	32	2	2	0	1	NA	NA	NA	unphased	0.907801418439716	0.907801418439716	1
1	84878079	84878080	33	25	2	2	0	1	NA	NA	NA	unphased	1.14942528735632	1.14942528735632	1
1	85563299	85563300	15	7	2	2	0	1	NA	NA	NA	unphased	0.848484848484849	0.848484848484849	1
1	91817151	91817152	29	58	2	2	0	1	NA	NA	NA	unphased	1.77777777777778	0.888888888888889	2
1	93300457	93300458	62	44	2	2	0	1	NA	NA	NA	unphased	1.10691823899371	1.10691823899371	1
1	102270202	102270203	24	36	2	2	0	1	NA	NA	NA	unphased	1.6	0.8	2
1	114309828	114309829	19	9	2	2	0	1	NA	NA	NA	unphased	0.857142857142857	0.857142857142857	1
1	114940202	114940203	4	5	2	2	0	1	NA	NA	NA	unphased	1.48148148148148	1.48148148148148	1
1	118454680	118454681	34	26	2	2	0	1	NA	NA	NA	unphased	1.15555555555556	1.15555555555556	1
1	120300056	120300057	24	5	2	2	0	1	NA	NA	NA	unphased	0.459770114942529	0.459770114942529	1
1	145474523	145474524	4	5	3	2	1	1	NA	NA	NA	unphased	2.03703703703704	2.03703703703704	1
1	146055373	146055374	63	15	3	2	1	1	NA	NA	NA	unphased	0.705128205128205	0.705128205128205	1
1	152279830	152279831	479	55	3	2	1	1	NA	NA	NA	unphased	0.377652933832709	0.377652933832709	1
1	154296134	154296135	119	52	3	2	1	1	NA	NA	NA	unphased	1.11500974658869	1.11500974658869	1
1	157739695	157739696	77	30	3	2	1	1	NA	NA	NA	unphased	1.02803738317757	1.02803738317757	1
1	158549103	158549104	44	13	3	2	1	1	NA	NA	NA	unphased	0.83625730994152	0.83625730994152	1
1	158607987	158607988	54	23	3	2	1	1	NA	NA	NA	unphased	1.0952380952381	1.0952380952381	1
1	158609779	158609780	79	32	3	2	1	1	NA	NA	NA	unphased	1.05705705705706	1.05705705705706	1
1	158724750	158724751	93	29	3	2	1	1	NA	NA	NA	unphased	0.871584699453552	0.871584699453552	1
1	158736261	158736262	45	14	3	2	1	1	NA	NA	NA	unphased	0.870056497175141	0.870056497175141	1
1	158912187	158912188	43	9	3	2	1	1	NA	NA	NA	unphased	0.634615384615385	0.634615384615385	1
1	158943542	158943543	83	26	3	2	1	1	NA	NA	NA	unphased	0.874617737003058	0.874617737003058	1
1	160062944	160062945	24	10	3	2	1	1	NA	NA	NA	unphased	1.07843137254902	1.07843137254902	1
1	160395045	160395046	59	4	3	2	1	1	NA	NA	NA	unphased	0.232804232804233	0.232804232804233	1
1	161953813	161953814	50	14	3	2	1	1	NA	NA	NA	unphased	0.802083333333333	0.802083333333333	1
1	166958579	166958580	11	3	3	2	1	1	NA	NA	NA	unphased	0.785714285714286	0.785714285714286	1
1	167086729	167086730	6	11	3	2	1	1	NA	NA	NA	unphased	2.37254901960784	1.18627450980392	2
1	169562871	169562872	49	12	3	2	1	1	NA	NA	NA	unphased	0.721311475409836	0.721311475409836	1
1	170940989	170940990	188	24	3	2	1	1	NA	NA	NA	unphased	0.415094339622641	0.415094339622641	1
1	175324763	175324764	55	14	3	2	1	1	NA	NA	NA	unphased	0.743961352657005	0.743961352657005	1
1	175331939	175331940	87	31	3	2	1	1	NA	NA	NA	unphased	0.963276836158192	0.963276836158192	1
1	176564565	176564566	48	14	3	2	1	1	NA	NA	NA	unphased	0.827956989247312	0.827956989247312	1
1	176926855	176926856	42	12	3	2	1	1	NA	NA	NA	unphased	0.814814814814815	0.814814814814815	1
1	177030320	177030321	169	55	3	2	1	1	NA	NA	NA	unphased	0.900297619047619	0.900297619047619	1
1	181701976	181701977	93	33	3	2	1	1	NA	NA	NA	unphased	0.96031746031746	0.96031746031746	1
1	184787825	184787826	188	60	3	2	1	1	NA	NA	NA	unphased	0.887096774193548	0.887096774193548	1
1	185959532	185959533	55	75	3	2	1	1	NA	NA	NA	unphased	2.11538461538461	1.05769230769231	2
1	186057872	186057873	26	44	3	2	1	1	NA	NA	NA	unphased	2.30476190476191	1.15238095238095	2
1	186084417	186084418	97	23	3	2	1	1	NA	NA	NA	unphased	0.702777777777778	0.702777777777778	1
1	186141154	186141155	55	21	3	2	1	1	NA	NA	NA	unphased	1.01315789473684	1.01315789473684	1
1	186277432	186277433	124	41	3	2	1	1	NA	NA	NA	unphased	0.911111111111111	0.911111111111111	1
1	186283838	186283839	57	59	3	2	1	1	NA	NA	NA	unphased	1.86494252873563	0.932471264367816	2
1	186283839	186283840	57	58	3	2	1	1	NA	NA	NA	unphased	1.84927536231884	0.92463768115942	2
1	196714964	196714965	163	33	3.94	2	2	0.98	0	1	0.02	unphased	0.775612244897959	0.775612244897959	1
1	197102623	197102624	82	69	3.94	2	2	0.98	0	1	0.02	unphased	2.10503311258278	1.06314803665797	1.98
1	201012442	201012443	147	40	3.54	2	2	0.77	1	1	0.23	unphased	0.89982174688057	0.89982174688057	1
1	201063006	201063007	62	21	3.54	2	2	0.77	1	1	0.23	unphased	1.06433734939759	1.06433734939759	1
1	201195183	201195184	36	20	3.54	2	2	0.77	1	1	0.23	unphased	1.50238095238095	0.84880279795534	1.77
1	201356192	201356193	43	10	3.54	2	2	0.77	1	1	0.23	unphased	0.793710691823899	0.793710691823899	1
1	203144857	203144858	103	24	3.54	2	2	0.77	1	1	0.23	unphased	0.79496062992126	0.79496062992126	1
1	204425170	204425171	42	12	3.54	2	2	0.77	1	1	0.23	unphased	0.934814814814815	0.934814814814815	1
1	209800794	209800795	63	13	3.54	2	2	0.77	1	1	0.23	unphased	0.719561403508772	0.719561403508772	1
1	209935925	209935926	51	13	3.54	2	2	0.77	1	1	0.23	unphased	0.854479166666667	0.854479166666667	1
1	211307392	211307393	13	4	3.5	2	2	0.75	1	1	0.25	unphased	0.980392156862745	0.980392156862745	1
1	213178539	213178540	76	37	3.5	2	2	0.75	1	1	0.25	unphased	1.36430678466077	0.77960387694901	1.75
1	216348678	216348679	48	25	3.52	2	2	0.76	1	1	0.24	unphased	1.4337899543379	0.814653383146534	1.76
1	222717020	222717021	125	71	3.52	2	2	0.76	1	1	0.24	unphased	1.51659863945578	0.861703772418058	1.76
1	227923161	227923162	9	4	3.52	2	2	0.76	1	1	0.24	unphased	1.28820512820513	1.28820512820513	1
1	228494302	228494303	31	12	3.52	2	2	0.76	1	1	0.24	unphased	1.16837209302326	1.16837209302326	1
1	229568564	229568565	80	54	3.52	2	2	0.76	1	1	0.24	unphased	1.68716417910448	0.958616010854817	1.76
1	229738318	229738319	62	54	3.52	2	2	0.76	1	1	0.24	unphased	1.94896551724138	1.10736677115987	1.76
1	232534887	232534888	57	8	3.52	2	2	0.76	1	1	0.24	unphased	0.515282051282051	0.678002699055331	0.76
1	233514681	233514682	47	28	3.52	2	2	0.76	1	1	0.24	unphased	1.56302222222222	0.888080808080808	1.76
1	236157077	236157078	30	18	3.52	2	2	0.76	1	1	0.24	unphased	1.57	0.892045454545455	1.76
1	236205346	236205347	44	33	3.52	2	2	0.76	1	1	0.24	unphased	1.79428571428571	1.01948051948052	1.76
1	236572513	236572514	60	34	3.52	2	2	0.76	1	1	0.24	unphased	1.51432624113475	0.860412637008382	1.76
1	236645787	236645788	53	34	3.52	2	2	0.76	1	1	0.24	unphased	1.63616858237548	0.929641239986068	1.76
1	236907946	236907947	37	7	3.52	2	2	0.76	1	1	0.24	unphased	0.666060606060606	0.666060606060606	1
1	237951321	237951322	15	3	3.52	2	2	0.76	1	1	0.24	unphased	0.697777777777778	0.697777777777778	1
1	237965156	237965157	46	10	3.52	2	2	0.76	1	1	0.24	unphased	0.747619047619048	0.747619047619048	1
1	238048527	238048528	50	20	3.52	2	2	0.76	1	1	0.24	unphased	1.19619047619048	1.19619047619048	1
1	238090420	238090421	52	17	3.52	2	2	0.76	1	1	0.24	unphased	1.03149758454106	1.03149758454106	1
1	244528052	244528053	70	50	3.62	2	2	0.81	1	1	0.19	unphased	1.78611111111111	0.986801718845918	1.81
1	244587309	244587310	38	5	3.62	2	2	0.81	1	1	0.19	unphased	0.498449612403101	0.498449612403101	1
1	245927386	245927387	92	32	3.62	2	2	0.81	1	1	0.19	unphased	1.10623655913978	1.10623655913978	1
1	246797301	246797302	131	32	3.62	2	2	0.81	1	1	0.19	unphased	0.841554192229039	0.841554192229039	1
1	247004159	247004160	119	6	3.62	2	2	0.81	1	1	0.19	unphased	0.20576	0.20576	1
1	247607302	247607303	26	8	3.62	2	2	0.81	1	1	0.19	unphased	1.00862745098039	1.00862745098039	1
1	247614959	247614960	92	43	3.62	2	2	0.81	1	1	0.19	unphased	1.36538271604938	0.75435509173999	1.81
1	247654905	247654906	69	14	3.62	2	2	0.81	1	1	0.19	unphased	0.723052208835341	0.723052208835341	1
1	247752159	247752160	90	62	3.62	2	2	0.81	1	1	0.19	unphased	1.74850877192982	0.966026945817583	1.81
1	247875186	247875187	123	32	3.62	2	2	0.81	1	1	0.19	unphased	0.884989247311828	0.884989247311828	1
1	247875821	247875822	75	21	3.62	2	2	0.81	1	1	0.19	unphased	0.937708333333333	0.937708333333333	1
1	247921001	247921002	34	11	3.62	2	2	0.81	1	1	0.19	unphased	1.04785185185185	1.04785185185185	1
1	248039360	248039361	41	24	3.62	2	2	0.81	1	1	0.19	unphased	1.58276923076923	0.874458138546536	1.81
1	248262880	248262881	146	44	3.62	2	2	0.81	1	1	0.19	unphased	0.992701754385965	0.992701754385965	1
1	248309225	248309226	270	75	3.62	2	2	0.81	1	1	0.19	unphased	0.931884057971014	0.931884057971014	1
1	248436859	248436860	274	43	3.62	2	2	0.81	1	1	0.19	unphased	0.581472134595163	0.581472134595163	1
1	248512612	248512613	82	20	3.62	2	2	0.81	1	1	0.19	unphased	0.840522875816993	0.840522875816993	1
1	248525513	248525514	171	51	3.62	2	2	0.81	1	1	0.19	unphased	0.984774774774775	0.984774774774775	1
1	248570268	248570269	103	57	3.62	2	2	0.81	1	1	0.19	unphased	1.527125	0.84371546961326	1.81
1	248570352	248570353	135	38	3.62	2	2	0.81	1	1	0.19	unphased	0.941579961464355	0.941579961464355	1
1	249141998	249141999	4	5	4	2	2	1	NA	NA	NA	unphased	2.59259259259259	1.2962962962963	2
10	859023	859024	21	42	1	1	0	1	NA	NA	NA	unphased	1.11111111111111	1.11111111111111	1
10	8100494	8100495	15	29	1	1	0	1	NA	NA	NA	unphased	1.09848484848485	1.09848484848485	1
10	13230897	13230898	98	50	2	1	1	1	NA	NA	NA	unphased	0.900900900900901	0.900900900900901	1
10	16970192	16970193	41	20	2	1	1	1	NA	NA	NA	unphased	0.87431693989071	0.87431693989071	1
10	17061850	17061851	34	8	2	1	1	1	NA	NA	NA	unphased	0.507936507936508	0.507936507936508	1
10	17271858	17271859	7	4	2	1	1	1	NA	NA	NA	unphased	0.96969696969697	0.96969696969697	1
10	25888251	25888252	15	7	2	1	1	1	NA	NA	NA	unphased	0.848484848484849	0.848484848484849	1
10	31133856	31133857	59	33	2	1	1	1	NA	NA	NA	unphased	0.956521739130435	0.956521739130435	1
10	32197725	32197726	53	31	2	1	1	1	NA	NA	NA	unphased	0.984126984126984	0.984126984126984	1
10	50285340	50285341	25	3	2	1	1	1	NA	NA	NA	unphased	0.285714285714286	0.285714285714286	1
10	50946064	50946065	123	68	2	1	1	1	NA	NA	NA	unphased	0.949389179755672	0.949389179755672	1
10	55568990	55568991	26	6	2	1	1	1	NA	NA	NA	unphased	0.5	0.5	1
10	70451624	70451625	24	20	2	1	1	1	NA	NA	NA	unphased	1.21212121212121	1.21212121212121	1
10	73550971	73550972	9	9	2	1	1	1	NA	NA	NA	unphased	1.33333333333333	1.33333333333333	1
10	81063847	81063848	28	14	2	1	1	1	NA	NA	NA	unphased	0.888888888888889	0.888888888888889	1
10	85992295	85992296	41	16	2	1	1	1	NA	NA	NA	unphased	0.748538011695906	0.748538011695906	1
10	86223738	86223739	14	14	2	1	1	1	NA	NA	NA	unphased	1.33333333333333	1.33333333333333	1
10	93940772	93940773	17	16	2	1	1	1	NA	NA	NA	unphased	1.29292929292929	1.29292929292929	1
10	95518088	95518089	37	32	2	1	1	1	NA	NA	NA	unphased	1.23671497584541	1.23671497584541	1
10	97919543	97919544	45	25	2	1	1	1	NA	NA	NA	unphased	0.952380952380952	0.952380952380952	1
10	98079039	98079040	72	45	2	1	1	1	NA	NA	NA	unphased	1.02564102564103	1.02564102564103	1
10	101124251	101124252	8	8	2	1	1	1	NA	NA	NA	unphased	1.33333333333333	1.33333333333333	1
10	101659796	101659797	41	28	2	1	1	1	NA	NA	NA	unphased	1.08212560386473	1.08212560386473	1
10	103546345	103546346	13	8	2	1	1	1	NA	NA	NA	unphased	1.01587301587302	1.01587301587302	1
10	115970639	115970640	26	17	2	1	1	1	NA	NA	NA	unphased	1.05426356589147	1.05426356589147	1
10	116049303	116049304	19	6	2	1	1	1	NA	NA	NA	unphased	0.64	0.64	1
10	119800006	119800007	14	12	2	1	1	1	NA	NA	NA	unphased	1.23076923076923	1.23076923076923	1
10	126490360	126490361	64	22	2	1	1	1	NA	NA	NA	unphased	0.682170542635659	0.682170542635659	1
10	133976915	133976916	4	7	2	1	1	1	NA	NA	NA	unphased	1.6969696969697	1.6969696969697	1
10	134886449	134886450	8	11	2	1	1	1	NA	NA	NA	unphased	1.54385964912281	1.54385964912281	1
11	1213297	1213298	128	58	2	2	0	1	NA	NA	NA	unphased	0.831541218637993	0.831541218637993	1
11	1629197	1629198	99	61	2	2	0	1	NA	NA	NA	unphased	1.01666666666667	1.01666666666667	1
11	2154380	2154381	12	9	2	2	0	1	NA	NA	NA	unphased	1.14285714285714	1.14285714285714	1
11	3688647	3688648	5	11	2	2	0	1	NA	NA	NA	unphased	1.83333333333333	0.916666666666667	2
11	4824714	4824715	56	16	2	2	0	1	NA	NA	NA	unphased	0.592592592592593	0.592592592592593	1
11	7981801	7981802	33	73	2	2	0	1	NA	NA	NA	unphased	1.83647798742138	0.918238993710692	2
11	7981994	7981995	22	25	2	2	0	1	NA	NA	NA	unphased	1.41843971631206	0.709219858156028	2
11	18736120	18736121	41	16	2	2	0	1	NA	NA	NA	unphased	0.748538011695906	0.748538011695906	1
11	20676431	20676432	58	19	2	2	0	1	NA	NA	NA	unphased	0.658008658008658	0.658008658008658	1
11	31115638	31115639	90	7	2.16	2	1	0.58	1	0	0.42	unphased	0.203986254295533	0.203986254295533	1
11	31671710	31671711	41	14	2.16	2	1	0.58	1	0	0.42	unphased	0.719515151515151	0.719515151515151	1
11	32450144	32450145	23	6	2	1	1	1	NA	NA	NA	unphased	0.551724137931034	0.551724137931034	1
11	33564117	33564118	10	27	1	1	0	1	NA	NA	NA	unphased	1.21621621621622	1.21621621621622	1
11	45832807	45832808	17	8	2	1	1	1	NA	NA	NA	unphased	0.853333333333333	0.853333333333333	1
11	46784286	46784287	43	21	2	1	1	1	NA	NA	NA	unphased	0.875	0.875	1
11	46889640	46889641	49	15	2	1	1	1	NA	NA	NA	unphased	0.625	0.625	1
11	46889641	46889642	46	15	2	1	1	1	NA	NA	NA	unphased	0.655737704918033	0.655737704918033	1
11	47772825	47772826	58	32	2	1	1	1	NA	NA	NA	unphased	0.948148148148148	0.948148148148148	1
11	55406153	55406154	27	27	1	1	0	1	NA	NA	NA	unphased	0.833333333333333	0.833333333333333	1
11	55606719	55606720	36	25	2	2	0	1	NA	NA	NA	unphased	1.09289617486339	1.09289617486339	1
11	55652976	55652977	26	15	NA	NA	NA	NA	NA	NA	NA	unphased	NA	NA	1
11	55653238	55653239	28	17	NA	NA	NA	NA	NA	NA	NA	unphased	NA	NA	1
11	55653287	55653288	40	21	NA	NA	NA	NA	NA	NA	NA	unphased	NA	NA	1
11	55681378	55681379	28	13	2	1	1	1	NA	NA	NA	unphased	0.845528455284553	0.845528455284553	1
11	55681385	55681386	32	13	2	1	1	1	NA	NA	NA	unphased	0.77037037037037	0.77037037037037	1
11	55927608	55927609	49	36	2	1	1	1	NA	NA	NA	unphased	1.12941176470588	1.12941176470588	1
11	56310026	56310027	45	22	2	1	1	1	NA	NA	NA	unphased	0.875621890547264	0.875621890547264	1
11	56409000	56409001	38	21	2	1	1	1	NA	NA	NA	unphased	0.949152542372881	0.949152542372881	1
11	57327851	57327852	78	6	2	1	1	1	NA	NA	NA	unphased	0.19047619047619	0.19047619047619	1
11	60160166	60160167	79	23	2	1	1	1	NA	NA	NA	unphased	0.601307189542484	0.601307189542484	1
11	61249351	61249352	12	4	2	1	1	1	NA	NA	NA	unphased	0.666666666666667	0.666666666666667	1
11	63987696	63987697	266	150	2	1	1	1	NA	NA	NA	unphased	0.961538461538462	0.961538461538462	1
11	64822126	64822127	14	16	2	1	1	1	NA	NA	NA	unphased	1.42222222222222	1.42222222222222	1
11	64846866	64846867	57	20	2	1	1	1	NA	NA	NA	unphased	0.692640692640693	0.692640692640693	1
11	66325187	66325188	12	3	2	1	1	1	NA	NA	NA	unphased	0.533333333333333	0.533333333333333	1
11	69588198	69588199	59	25	2	1	1	1	NA	NA	NA	unphased	0.793650793650794	0.793650793650794	1
11	73785604	73785605	10	11	2	1	1	1	NA	NA	NA	unphased	1.3968253968254	1.3968253968254	1
11	73850716	73850717	65	32	2	1	1	1	NA	NA	NA	unphased	0.879725085910653	0.879725085910653	1
11	76371139	76371140	36	17	3	2	1	1	NA	NA	NA	unphased	1.17610062893082	1.17610062893082	1
11	76372045	76372046	57	12	3	2	1	1	NA	NA	NA	unphased	0.63768115942029	0.63768115942029	1
11	77436648	77436649	13	3	2	1	1	1	NA	NA	NA	unphased	0.5	0.5	1
11	88337910	88337911	25	21	2	1	1	1	NA	NA	NA	unphased	1.21739130434783	1.21739130434783	1
11	92533612	92533613	45	22	2	1	1	1	NA	NA	NA	unphased	0.875621890547264	0.875621890547264	1
11	92534829	92534830	27	9	2	1	1	1	NA	NA	NA	unphased	0.666666666666667	0.666666666666667	1
11	99690396	99690397	37	7	2	1	1	1	NA	NA	NA	unphased	0.424242424242424	0.424242424242424	1
11	108384173	108384174	62	35	2	1	1	1	NA	NA	NA	unphased	0.962199312714777	0.962199312714777	1
11	110102667	110102668	150	72	2	1	1	1	NA	NA	NA	unphased	0.864864864864865	0.864864864864865	1
11	113076891	113076892	60	32	2	1	1	1	NA	NA	NA	unphased	0.927536231884058	0.927536231884058	1
11	114393670	114393671	30	10	2	1	1	1	NA	NA	NA	unphased	0.666666666666667	0.666666666666667	1
11	115049435	115049436	56	43	2	1	1	1	NA	NA	NA	unphased	1.15824915824916	1.15824915824916	1
11	117308737	117308738	17	7	2	1	1	1	NA	NA	NA	unphased	0.777777777777778	0.777777777777778	1
11	118240172	118240173	25	16	2	1	1	1	NA	NA	NA	unphased	1.04065040650407	1.04065040650407	1
11	119170447	119170448	188	121	2	1	1	1	NA	NA	NA	unphased	1.04422869471413	1.04422869471413	1
11	123909292	123909293	119	33	2	1	1	1	NA	NA	NA	unphased	0.578947368421053	0.578947368421053	1
11	124294108	124294109	34	13	2	1	1	1	NA	NA	NA	unphased	0.73758865248227	0.73758865248227	1
11	124761262	124761263	18	13	2	1	1	1	NA	NA	NA	unphased	1.11827956989247	1.11827956989247	1
11	125237755	125237756	18	12	2	1	1	1	NA	NA	NA	unphased	1.06666666666667	1.06666666666667	1
11	128709397	128709398	64	59	3	2	1	1	NA	NA	NA	unphased	1.75880758807588	0.87940379403794	2
11	128868244	128868245	102	39	3	2	1	1	NA	NA	NA	unphased	1.01418439716312	1.01418439716312	1
12	442757	442758	83	28	2.4	2	1	0.7	1	0	0.3	unphased	0.773573573573573	0.773573573573573	1
12	2760752	2760753	49	26	2.4	2	1	0.7	1	0	0.3	unphased	1.06311111111111	1.06311111111111	1
12	2788660	2788661	14	5	2.4	2	1	0.7	1	0	0.3	unphased	0.807017543859649	0.807017543859649	1
12	4874618	4874619	26	17	2.4	2	1	0.7	1	0	0.3	unphased	1.21240310077519	1.21240310077519	1
12	4874619	4874620	25	17	2.4	2	1	0.7	1	0	0.3	unphased	1.24126984126984	1.24126984126984	1
12	6030417	6030418	44	7	2.4	2	1	0.7	1	0	0.3	unphased	0.420915032679739	0.601307189542484	0.7
12	8212556	8212557	24	12	2.4	2	1	0.7	1	0	0.3	unphased	1.02222222222222	1.02222222222222	1
12	8328516	8328517	206	10	2.4	2	1	0.7	1	0	0.3	unphased	0.141975308641975	0.141975308641975	1
12	9264807	9264808	19	13	1.1	1	1	0.1	0	1	0.9	unphased	0.717708333333333	0.717708333333333	1
12	9333587	9333588	16	3	1.1	1	1	0.1	0	1	0.9	unphased	0.278947368421053	0.278947368421053	1
12	10324597	10324598	14	5	1.01	1	1	0.01	0	1	0.99	unphased	0.441228070175439	0.441228070175439	1
12	11061427	11061428	52	22	1.01	1	1	0.01	0	1	0.99	unphased	0.498468468468468	0.498468468468468	1
12	11992135	11992136	34	5	1.01	1	1	0.01	0	1	0.99	unphased	0.214957264957265	0.214957264957265	1
12	14019103	14019104	20	8	1.01	1	1	0.01	0	1	0.99	unphased	0.479047619047619	0.479047619047619	1
12	14613484	14613485	45	18	1.01	1	1	0.01	0	1	0.99	unphased	0.479047619047619	0.479047619047619	1
12	14959251	14959252	57	22	1.01	1	1	0.01	0	1	0.99	unphased	0.466919831223629	0.466919831223629	1
12	18524112	18524113	8	3	1.01	1	1	0.01	0	1	0.99	unphased	0.457272727272727	0.457272727272727	1
12	19406946	19406947	116	43	1.01	1	1	0.01	0	1	0.99	unphased	0.453438155136268	0.453438155136268	1
12	20890098	20890099	27	24	1.01	1	1	0.01	0	1	0.99	unphased	0.789019607843137	0.789019607843137	1
12	21011427	21011428	29	14	1.01	1	1	0.01	0	1	0.99	unphased	0.545891472868217	0.545891472868217	1
12	21054341	21054342	62	21	1.01	1	1	0.01	0	1	0.99	unphased	0.42421686746988	0.42421686746988	1
12	21196407	21196408	20	7	1.09	1	1	0.09	0	1	0.91	unphased	0.455432098765432	0.455432098765432	1
12	21454202	21454203	19	10	1.09	1	1	0.09	0	1	0.91	unphased	0.605747126436782	0.605747126436782	1
12	21919060	21919061	413	11	8	7	1	1	NA	NA	NA	unphased	0.224842767295597	0.224842767295597	1
12	22796819	22796820	579	26	8	7	1	1	NA	NA	NA	unphased	0.372451790633609	0.372451790633609	1
12	23716217	23716218	274	32	4.8	5	1	0.76	1	0	0.24	unphased	0.571677559912854	0.752207315674808	0.76
12	27944711	27944712	451	16	4.65	5	1	0.73	1	0	0.27	unphased	0.182155603140614	0.182155603140614	1
12	29514594	29514595	125	168	4.65	5	1	0.73	1	0	0.27	unphased	3.04846416382253	0.955631399317406	3.19
12	30881745	30881746	345	54	4.65	5	1	0.73	1	0	0.27	unphased	0.719548872180451	0.985683386548563	0.73
12	33021947	33021948	167	20	4.65	5	1	0.73	1	0	0.27	unphased	0.568627450980392	0.77894171367177	0.73
12	40012645	40012646	41	22	2	1	1	1	NA	NA	NA	unphased	0.931216931216931	0.931216931216931	1
12	46345438	46345439	47	20	2	1	1	1	NA	NA	NA	unphased	0.796019900497512	0.796019900497512	1
12	48537935	48537936	35	21	2	1	1	1	NA	NA	NA	unphased	1	1	1
12	49729918	49729919	10	6	2	1	1	1	NA	NA	NA	unphased	1	1	1
12	51584287	51584288	98	61	2	1	1	1	NA	NA	NA	unphased	1.0230607966457	1.0230607966457	1
12	51856102	51856103	36	27	2	1	1	1	NA	NA	NA	unphased	1.14285714285714	1.14285714285714	1
12	53073974	53073975	26	9	4	3	1	1	NA	NA	NA	unphased	1.2	1.2	1
12	54575742	54575743	25	4	4	3	1	1	NA	NA	NA	unphased	0.64367816091954	0.64367816091954	1
12	54575783	54575784	43	18	4	3	1	1	NA	NA	NA	unphased	1.37704918032787	1.37704918032787	1
12	54943736	54943737	16	34	4	3	1	1	NA	NA	NA	unphased	3.17333333333333	1.05777777777778	3
12	56495321	56495322	51	47	3	2	1	1	NA	NA	NA	unphased	1.75850340136054	0.879251700680272	2
12	57587065	57587066	29	32	3	2	1	1	NA	NA	NA	unphased	1.92349726775956	0.961748633879781	2
12	57881755	57881756	15	8	3	2	1	1	NA	NA	NA	unphased	1.27536231884058	1.27536231884058	1
12	64383707	64383708	66	20	3	2	1	1	NA	NA	NA	unphased	0.852713178294574	0.852713178294574	1
12	64815217	64815218	47	10	3	2	1	1	NA	NA	NA	unphased	0.64327485380117	0.64327485380117	1
12	65564234	65564235	28	10	3	2	1	1	NA	NA	NA	unphased	0.964912280701754	0.964912280701754	1
12	68646399	68646400	41	17	3	2	1	1	NA	NA	NA	unphased	1.07471264367816	1.07471264367816	1
12	69127245	69127246	62	16	3	2	1	1	NA	NA	NA	unphased	0.752136752136752	0.752136752136752	1
12	70974879	70974880	87	29	3	2	1	1	NA	NA	NA	unphased	0.916666666666667	0.916666666666667	1
12	75884199	75884200	13	17	3	2	1	1	NA	NA	NA	unphased	2.07777777777778	1.03888888888889	2
12	77440086	77440087	21	16	3	2	1	1	NA	NA	NA	unphased	1.58558558558559	0.792792792792793	2
12	78511900	78511901	64	85	3	2	1	1	NA	NA	NA	unphased	2.0917225950783	1.04586129753915	2
12	81111240	81111241	99	47	3	2	1	1	NA	NA	NA	unphased	1.18036529680365	1.18036529680365	1
12	81719567	81719568	19	14	3	2	1	1	NA	NA	NA	unphased	1.55555555555556	0.777777777777778	2
12	85450576	85450577	58	16	3	2	1	1	NA	NA	NA	unphased	0.792792792792793	0.792792792792793	1
12	85638756	85638757	19	7	3	2	1	1	NA	NA	NA	unphased	0.987179487179487	0.987179487179487	1
12	86199481	86199482	76	22	3	2	1	1	NA	NA	NA	unphased	0.82312925170068	0.82312925170068	1
12	86272221	86272222	81	36	3	2	1	1	NA	NA	NA	unphased	1.12820512820513	1.12820512820513	1
12	91502322	91502323	104	24	3	2	1	1	NA	NA	NA	unphased	0.6875	0.6875	1
12	94244064	94244065	17	19	3	2	1	1	NA	NA	NA	unphased	1.93518518518519	0.967592592592593	2
12	100041833	100041834	14	9	3	2	1	1	NA	NA	NA	unphased	1.43478260869565	1.43478260869565	1
12	101757431	101757432	47	5	3	2	1	1	NA	NA	NA	unphased	0.352564102564103	0.352564102564103	1
12	102061552	102061553	44	33	3	2	1	1	NA	NA	NA	unphased	1.57142857142857	0.785714285714286	2
12	109998851	109998852	25	27	3	2	1	1	NA	NA	NA	unphased	1.90384615384615	0.951923076923077	2
12	111785988	111785989	60	54	3	2	1	1	NA	NA	NA	unphased	1.73684210526316	0.868421052631579	2
12	114395811	114395812	83	41	3	2	1	1	NA	NA	NA	unphased	1.21236559139785	1.21236559139785	1
12	123187057	123187058	20	21	3	2	1	1	NA	NA	NA	unphased	1.8780487804878	0.939024390243902	2
12	129294650	129294651	47	37	3	2	1	1	NA	NA	NA	unphased	1.61507936507937	0.807539682539683	2
12	131622768	131622769	5	29	2	2	0	1	NA	NA	NA	unphased	2.27450980392157	1.13725490196078	2
13	26129179	26129180	19	19	1	1	0	1	NA	NA	NA	unphased	0.833333333333333	0.833333333333333	1
13	26129189	26129190	16	18	1	1	0	1	NA	NA	NA	unphased	0.882352941176471	0.882352941176471	1
13	38172924	38172925	10	13	1	1	0	1	NA	NA	NA	unphased	0.942028985507246	0.942028985507246	1
13	51918492	51918493	8	4	1	1	0	1	NA	NA	NA	unphased	0.555555555555556	0.555555555555556	1
13	52971507	52971508	11	19	1	1	0	1	NA	NA	NA	unphased	1.05555555555556	1.05555555555556	1
13	99362009	99362010	28	3	1	1	0	1	NA	NA	NA	unphased	0.161290322580645	0.161290322580645	1
13	102359224	102359225	40	36	1	1	0	1	NA	NA	NA	unphased	0.789473684210526	0.789473684210526	1
13	103338570	103338571	10	14	1	1	0	1	NA	NA	NA	unphased	0.972222222222222	0.972222222222222	1
13	115030630	115030631	27	38	1	1	0	1	NA	NA	NA	unphased	0.974358974358974	0.974358974358974	1
14	20215701	20215702	62	41	NA	NA	NA	NA	NA	NA	NA	unphased	NA	NA	1
14	20841730	20841731	25	15	2	1	1	1	NA	NA	NA	unphased	1	1	1
14	24525830	24525831	21	22	2	1	1	1	NA	NA	NA	unphased	1.36434108527132	1.36434108527132	1
14	24800478	24800479	31	21	2	1	1	1	NA	NA	NA	unphased	1.07692307692308	1.07692307692308	1
14	30093445	30093446	37	14	2	1	1	1	NA	NA	NA	unphased	0.73202614379085	0.73202614379085	1
14	39304866	39304867	7	8	2	1	1	1	NA	NA	NA	unphased	1.42222222222222	1.42222222222222	1
14	39782629	39782630	29	12	2	1	1	1	NA	NA	NA	unphased	0.780487804878049	0.780487804878049	1
14	50647399	50647400	12	6	2	1	1	1	NA	NA	NA	unphased	0.888888888888889	0.888888888888889	1
14	52781574	52781575	29	8	2	1	1	1	NA	NA	NA	unphased	0.576576576576577	0.576576576576577	1
14	52781754	52781755	38	24	2	1	1	1	NA	NA	NA	unphased	1.03225806451613	1.03225806451613	1
14	56094701	56094702	25	18	2	1	1	1	NA	NA	NA	unphased	1.11627906976744	1.11627906976744	1
14	57858350	57858351	125	69	2	1	1	1	NA	NA	NA	unphased	0.948453608247423	0.948453608247423	1
14	58604728	58604729	41	17	2	1	1	1	NA	NA	NA	unphased	0.781609195402299	0.781609195402299	1
14	60921817	60921818	74	20	2	1	1	1	NA	NA	NA	unphased	0.567375886524823	0.567375886524823	1
14	65392785	65392786	71	37	2	1	1	1	NA	NA	NA	unphased	0.91358024691358	0.91358024691358	1
14	69345186	69345187	35	18	2	1	1	1	NA	NA	NA	unphased	0.90566037735849	0.90566037735849	1
14	70477624	70477625	42	16	2	1	1	1	NA	NA	NA	unphased	0.735632183908046	0.735632183908046	1
14	70713852	70713853	32	13	2	1	1	1	NA	NA	NA	unphased	0.77037037037037	0.77037037037037	1
14	79434677	79434678	17	20	1	1	1	0	0	1	1	unphased	0.900900900900901	0.900900900900901	1
14	81743462	81743463	61	17	1	1	1	0	0	1	1	unphased	0.363247863247863	0.363247863247863	1
14	88406325	88406326	98	26	1	1	1	0	0	1	1	unphased	0.349462365591398	0.349462365591398	1
14	92249384	92249385	12	4	1	1	1	0	0	1	1	unphased	0.416666666666667	0.416666666666667	1
14	101200749	101200750	30	14	1	1	1	0	0	1	1	unphased	0.53030303030303	0.53030303030303	1
14	104508498	104508499	18	8	1	1	1	0	0	1	1	unphased	0.512820512820513	0.512820512820513	1
14	105617651	105617652	13	16	1	1	1	0	0	1	1	unphased	0.919540229885057	0.919540229885057	1
14	106207825	106207826	27	11	1	1	1	0	0	1	1	unphased	0.482456140350877	0.482456140350877	1
14	106207826	106207827	27	12	1	1	1	0	0	1	1	unphased	0.512820512820513	0.512820512820513	1
14	106208127	106208128	108	32	1	1	1	0	0	1	1	unphased	0.380952380952381	0.380952380952381	1
14	106405658	106405659	79	49	NA	NA	NA	NA	NA	NA	NA	unphased	NA	NA	1
15	22368695	22368696	358	55	NA	NA	NA	NA	NA	NA	NA	unphased	NA	NA	1
15	22382759	22382760	132	16	NA	NA	NA	NA	NA	NA	NA	unphased	NA	NA	1
15	22383098	22383099	138	21	NA	NA	NA	NA	NA	NA	NA	unphased	NA	NA	1
15	22383100	22383101	138	20	NA	NA	NA	NA	NA	NA	NA	unphased	NA	NA	1
15	23932100	23932101	24	15	2	1	1	1	NA	NA	NA	unphased	1.02564102564103	1.02564102564103	1
15	24921104	24921105	3	8	2	1	1	1	NA	NA	NA	unphased	1.93939393939394	1.93939393939394	1
15	25473954	25473955	7	11	2	1	1	1	NA	NA	NA	unphased	1.62962962962963	1.62962962962963	1
15	34355007	34355008	48	28	2	1	1	1	NA	NA	NA	unphased	0.982456140350877	0.982456140350877	1
15	40660481	40660482	14	14	2	1	1	1	NA	NA	NA	unphased	1.33333333333333	1.33333333333333	1
15	43483673	43483674	31	16	2	1	1	1	NA	NA	NA	unphased	0.907801418439716	0.907801418439716	1
15	43990259	43990260	69	39	2	1	1	1	NA	NA	NA	unphased	0.962962962962963	0.962962962962963	1
15	44783082	44783083	59	21	2	1	1	1	NA	NA	NA	unphased	0.7	0.7	1
15	44944066	44944067	33	13	2	1	1	1	NA	NA	NA	unphased	0.753623188405797	0.753623188405797	1
15	45059730	45059731	38	24	2	1	1	1	NA	NA	NA	unphased	1.03225806451613	1.03225806451613	1
15	48760726	48760727	21	10	2	1	1	1	NA	NA	NA	unphased	0.860215053763441	0.860215053763441	1
15	55838287	55838288	30	11	2	1	1	1	NA	NA	NA	unphased	0.715447154471545	0.715447154471545	1
15	62221885	62221886	27	6	2	1	1	1	NA	NA	NA	unphased	0.484848484848485	0.484848484848485	1
15	63069107	63069108	22	20	2	1	1	1	NA	NA	NA	unphased	1.26984126984127	1.26984126984127	1
15	64005682	64005683	42	11	2	1	1	1	NA	NA	NA	unphased	0.553459119496855	0.553459119496855	1
15	66007911	66007912	6	5	2	1	1	1	NA	NA	NA	unphased	1.21212121212121	1.21212121212121	1
15	67473644	67473645	18	5	2	1	1	1	NA	NA	NA	unphased	0.579710144927536	0.579710144927536	1
15	73617656	73617657	29	37	2	1	1	1	NA	NA	NA	unphased	1.49494949494949	1.49494949494949	1
15	75982899	75982900	36	29	2	1	1	1	NA	NA	NA	unphased	1.18974358974359	1.18974358974359	1
15	78568033	78568034	17	8	2	1	1	1	NA	NA	NA	unphased	0.853333333333333	0.853333333333333	1
15	79324556	79324557	18	11	2	1	1	1	NA	NA	NA	unphased	1.01149425287356	1.01149425287356	1
15	83499560	83499561	7	11	2	1	1	1	NA	NA	NA	unphased	1.62962962962963	1.62962962962963	1
15	97326884	97326885	26	24	3	2	1	1	NA	NA	NA	unphased	1.76	0.88	2
15	98984314	98984315	17	26	3	2	1	1	NA	NA	NA	unphased	2.21705426356589	1.10852713178295	2
15	101589852	101589853	61	19	3	2	1	1	NA	NA	NA	unphased	0.870833333333333	0.870833333333333	1
15	102291758	102291759	44	22	3	2	1	1	NA	NA	NA	unphased	1.22222222222222	1.22222222222222	1
16	1555496	1555497	48	12	3	2	1	1	NA	NA	NA	unphased	0.733333333333333	0.733333333333333	1
16	1575278	1575279	75	15	3	2	1	1	NA	NA	NA	unphased	0.611111111111111	0.611111111111111	1
16	2094716	2094717	23	11	3	2	1	1	NA	NA	NA	unphased	1.18627450980392	1.18627450980392	1
16	2156194	2156195	16	17	3	2	1	1	NA	NA	NA	unphased	1.88888888888889	0.944444444444444	2
16	2239519	2239520	22	11	3	2	1	1	NA	NA	NA	unphased	1.22222222222222	1.22222222222222	1
16	3119422	3119423	26	9	2	1	1	1	NA	NA	NA	unphased	0.685714285714286	0.685714285714286	1
16	3586074	3586075	18	5	2	1	1	1	NA	NA	NA	unphased	0.579710144927536	0.579710144927536	1
16	11836620	11836621	3	9	2	1	1	1	NA	NA	NA	unphased	2	2	1
16	14015936	14015937	27	7	2	1	1	1	NA	NA	NA	unphased	0.549019607843137	0.549019607843137	1
16	14312791	14312792	28	15	2	1	1	1	NA	NA	NA	unphased	0.930232558139535	0.930232558139535	1
16	20566698	20566699	84	35	2	1	1	1	NA	NA	NA	unphased	0.784313725490196	0.784313725490196	1
16	24135256	24135257	44	32	2	1	1	1	NA	NA	NA	unphased	1.12280701754386	1.12280701754386	1
16	28922224	28922225	27	19	2	1	1	1	NA	NA	NA	unphased	1.10144927536232	1.10144927536232	1
16	31500070	31500071	9	4	2	1	1	1	NA	NA	NA	unphased	0.820512820512821	0.820512820512821	1
16	46743477	46743478	63	37	2	1	1	1	NA	NA	NA	unphased	0.986666666666667	0.986666666666667	1
16	48149473	48149474	34	14	2	1	1	1	NA	NA	NA	unphased	0.777777777777778	0.777777777777778	1
16	55903592	55903593	23	11	2	1	1	1	NA	NA	NA	unphased	0.862745098039216	0.862745098039216	1
16	56921838	56921839	28	14	2	1	1	1	NA	NA	NA	unphased	0.888888888888889	0.888888888888889	1
16	68265275	68265276	22	12	2	1	1	1	NA	NA	NA	unphased	0.941176470588235	0.941176470588235	1
16	68901112	68901113	85	33	2	1	1	1	NA	NA	NA	unphased	0.745762711864407	0.745762711864407	1
16	71805085	71805086	38	22	2	1	1	1	NA	NA	NA	unphased	0.977777777777778	0.977777777777778	1
16	78064665	78064666	36	12	2	1	1	1	NA	NA	NA	unphased	0.666666666666667	0.666666666666667	1
16	84027928	84027929	15	3	2	1	1	1	NA	NA	NA	unphased	0.444444444444444	0.444444444444444	1
16	89211798	89211799	17	20	2	1	1	1	NA	NA	NA	unphased	1.44144144144144	1.44144144144144	1
16	89696827	89696828	33	29	2	1	1	1	NA	NA	NA	unphased	1.24731182795699	1.24731182795699	1
17	4937332	4937333	20	24	1	1	0	1	NA	NA	NA	unphased	0.909090909090909	0.909090909090909	1
17	6555619	6555620	11	8	1	1	0	1	NA	NA	NA	unphased	0.701754385964912	0.701754385964912	1
17	7417511	7417512	13	18	1	1	0	1	NA	NA	NA	unphased	0.967741935483871	0.967741935483871	1
17	7578234	7578235	14	9	1	1	0	1	NA	NA	NA	unphased	0.652173913043478	0.652173913043478	1
17	8701000	8701001	6	15	1	1	0	1	NA	NA	NA	unphased	1.19047619047619	1.19047619047619	1
17	10399424	10399425	19	21	1	1	0	1	NA	NA	NA	unphased	0.875	0.875	1
17	10533503	10533504	46	48	1	1	0	1	NA	NA	NA	unphased	0.851063829787234	0.851063829787234	1
17	11696894	11696895	20	21	1	1	0	1	NA	NA	NA	unphased	0.853658536585366	0.853658536585366	1
17	15212080	15212081	22	25	1	1	0	1	NA	NA	NA	unphased	0.886524822695036	0.886524822695036	1
17	18167119	18167120	10	14	1	1	0	1	NA	NA	NA	unphased	0.972222222222222	0.972222222222222	1
17	21731273	21731274	36	26	2	1	1	1	NA	NA	NA	unphased	1.11827956989247	1.11827956989247	1
17	26603620	26603621	9	10	2	1	1	1	NA	NA	NA	unphased	1.40350877192982	1.40350877192982	1
17	34235730	34235731	59	18	3	2	1	1	NA	NA	NA	unphased	0.857142857142857	0.857142857142857	1
17	34869483	34869484	23	11	3	2	1	1	NA	NA	NA	unphased	1.18627450980392	1.18627450980392	1
17	35297954	35297955	28	22	3	2	1	1	NA	NA	NA	unphased	1.61333333333333	0.806666666666667	2
17	36453202	36453203	31	18	2	1	1	1	NA	NA	NA	unphased	0.979591836734694	0.979591836734694	1
17	37667825	37667826	37	13	2	1	1	1	NA	NA	NA	unphased	0.693333333333333	0.693333333333333	1
17	38974680	38974681	15	4	2	1	1	1	NA	NA	NA	unphased	0.56140350877193	0.56140350877193	1
17	39036131	39036132	33	12	2	1	1	1	NA	NA	NA	unphased	0.711111111111111	0.711111111111111	1
17	39411672	39411673	44	25	NA	NA	NA	NA	NA	NA	NA	unphased	NA	NA	1
17	39521458	39521459	44	38	2	1	1	1	NA	NA	NA	unphased	1.23577235772358	1.23577235772358	1
17	40475329	40475330	64	29	2	1	1	1	NA	NA	NA	unphased	0.831541218637993	0.831541218637993	1
17	41960281	41960282	88	49	2	1	1	1	NA	NA	NA	unphased	0.953771289537713	0.953771289537713	1
17	43010055	43010056	59	33	2	1	1	1	NA	NA	NA	unphased	0.956521739130435	0.956521739130435	1
17	43553020	43553021	15	5	2	1	1	1	NA	NA	NA	unphased	0.666666666666667	0.666666666666667	1
17	44248820	44248821	49	23	2	1	1	1	NA	NA	NA	unphased	0.851851851851852	0.851851851851852	1
17	46628189	46628190	63	40	2	1	1	1	NA	NA	NA	unphased	1.03559870550162	1.03559870550162	1
17	47241587	47241588	88	62	2	1	1	1	NA	NA	NA	unphased	1.10222222222222	1.10222222222222	1
17	48669449	48669450	18	11	2	1	1	1	NA	NA	NA	unphased	1.01149425287356	1.01149425287356	1
17	59861692	59861693	169	55	3	2	1	1	NA	NA	NA	unphased	0.900297619047619	0.900297619047619	1
17	60045495	60045496	52	53	3	2	1	1	NA	NA	NA	unphased	1.85079365079365	0.925396825396825	2
17	60493394	60493395	35	31	3	2	1	1	NA	NA	NA	unphased	1.72222222222222	0.861111111111111	2
17	60768373	60768374	8	18	3	2	1	1	NA	NA	NA	unphased	2.53846153846154	1.26923076923077	2
17	61623345	61623346	13	9	3	2	1	1	NA	NA	NA	unphased	1.5	1.5	1
17	61987875	61987876	78	83	3	2	1	1	NA	NA	NA	unphased	1.89026915113872	0.945134575569358	2
17	63530054	63530055	33	11	3	2	1	1	NA	NA	NA	unphased	0.916666666666667	0.916666666666667	1
17	66347816	66347817	42	22	4	2	2	1	NA	NA	NA	unphased	1.60416666666667	0.802083333333333	2
17	67161126	67161127	59	41	4	2	2	1	NA	NA	NA	unphased	1.91333333333333	0.956666666666667	2
17	67297278	67297279	142	79	4	2	2	1	NA	NA	NA	unphased	1.66817496229261	0.834087481146305	2
17	70117535	70117536	34	4	4	2	2	1	NA	NA	NA	unphased	0.491228070175439	0.491228070175439	1
17	70943997	70943998	75	49	4	2	2	1	NA	NA	NA	unphased	1.84408602150538	0.922043010752688	2
17	72868217	72868218	31	13	4	2	2	1	NA	NA	NA	unphased	1.37878787878788	1.37878787878788	1
17	72926572	72926573	216	57	4	2	2	1	NA	NA	NA	unphased	0.974358974358974	0.974358974358974	1
17	73089739	73089740	36	4	4	2	2	1	NA	NA	NA	unphased	0.466666666666667	0.466666666666667	1
17	76458934	76458935	32	25	4	2	2	1	NA	NA	NA	unphased	2.04678362573099	1.0233918128655	2
17	77043732	77043733	78	26	4	2	2	1	NA	NA	NA	unphased	1.16666666666667	1.16666666666667	1
17	78084566	78084567	101	18	4	2	2	1	NA	NA	NA	unphased	0.705882352941176	0.705882352941176	1
17	80129583	80129584	46	33	4	2	2	1	NA	NA	NA	unphased	1.94936708860759	0.974683544303797	2
18	6966259	6966260	19	6	2	2	0	1	NA	NA	NA	unphased	0.64	0.64	1
18	29340428	29340429	73	42	2	2	0	1	NA	NA	NA	unphased	0.973913043478261	0.973913043478261	1
18	29340501	29340502	84	39	2	2	0	1	NA	NA	NA	unphased	0.845528455284553	0.845528455284553	1
18	61570315	61570316	28	16	2	2	0	1	NA	NA	NA	unphased	0.96969696969697	0.96969696969697	1
18	63430227	63430228	28	13	2	2	0	1	NA	NA	NA	unphased	0.845528455284553	0.845528455284553	1
18	63530250	63530251	14	7	2	2	0	1	NA	NA	NA	unphased	0.888888888888889	0.888888888888889	1
18	64176231	64176232	19	15	2	2	0	1	NA	NA	NA	unphased	1.17647058823529	1.17647058823529	1
18	67614063	67614064	31	25	2	2	0	1	NA	NA	NA	unphased	1.19047619047619	1.19047619047619	1
18	72601889	72601890	8	4	2	2	0	1	NA	NA	NA	unphased	0.888888888888889	0.888888888888889	1
18	72998985	72998986	50	23	2	2	0	1	NA	NA	NA	unphased	0.840182648401826	0.840182648401826	1
18	74091542	74091543	58	28	2	2	0	1	NA	NA	NA	unphased	0.868217054263566	0.868217054263566	1
18	77475194	77475195	10	7	2	2	0	1	NA	NA	NA	unphased	1.09803921568627	1.09803921568627	1
18	77710897	77710898	4	4	2	2	0	1	NA	NA	NA	unphased	1.33333333333333	1.33333333333333	1
19	3778353	3778354	7	21	1	1	0	1	NA	NA	NA	unphased	1.25	1.25	1
19	6381017	6381018	8	13	1	1	0	1	NA	NA	NA	unphased	1.03174603174603	1.03174603174603	1
19	9048421	9048422	20	27	1	1	0	1	NA	NA	NA	unphased	0.957446808510638	0.957446808510638	1
19	9074059	9074060	13	19	1	1	0	1	NA	NA	NA	unphased	0.989583333333333	0.989583333333333	1
19	9213308	9213309	12	24	1	1	0	1	NA	NA	NA	unphased	1.11111111111111	1.11111111111111	1
19	10602583	10602584	6	9	1	1	0	1	NA	NA	NA	unphased	1	1	1
19	11123700	11123701	11	14	1	1	0	1	NA	NA	NA	unphased	0.933333333333333	0.933333333333333	1
19	11422864	11422865	5	7	1	1	0	1	NA	NA	NA	unphased	0.972222222222222	0.972222222222222	1
19	12461885	12461886	30	37	1	1	0	1	NA	NA	NA	unphased	0.920398009950249	0.920398009950249	1
19	13397637	13397638	6	4	1	1	0	1	NA	NA	NA	unphased	0.666666666666667	0.666666666666667	1
19	15131271	15131272	6	5	1	1	0	1	NA	NA	NA	unphased	0.757575757575758	0.757575757575758	1
19	17763440	17763441	48	60	1	1	0	1	NA	NA	NA	unphased	0.925925925925926	0.925925925925926	1
19	18330083	18330084	6	11	1	1	0	1	NA	NA	NA	unphased	1.07843137254902	1.07843137254902	1
19	19339244	19339245	27	43	1	1	0	1	NA	NA	NA	unphased	1.02380952380952	1.02380952380952	1
19	19339362	19339363	13	27	1	1	0	1	NA	NA	NA	unphased	1.125	1.125	1
19	22574634	22574635	49	12	1	1	0	1	NA	NA	NA	unphased	0.327868852459016	0.327868852459016	1
19	22847749	22847750	17	8	1	1	0	1	NA	NA	NA	unphased	0.533333333333333	0.533333333333333	1
19	31039370	31039371	121	81	2	2	0	1	NA	NA	NA	unphased	1.06930693069307	1.06930693069307	1
19	33106642	33106643	45	14	2	2	0	1	NA	NA	NA	unphased	0.632768361581921	0.632768361581921	1
19	33462805	33462806	6	5	2	2	0	1	NA	NA	NA	unphased	1.21212121212121	1.21212121212121	1
19	35790571	35790572	11	5	3	3	0	1	NA	NA	NA	unphased	1.14583333333333	1.14583333333333	1
19	36255834	36255835	9	59	3	3	0	1	NA	NA	NA	unphased	3.18137254901961	1.06045751633987	3
19	37367763	37367764	66	25	3	3	0	1	NA	NA	NA	unphased	1.00732600732601	1.00732600732601	1
19	38126551	38126552	79	25	3	3	0	1	NA	NA	NA	unphased	0.881410256410256	0.881410256410256	1
19	38643485	38643486	157	48	3	3	0	1	NA	NA	NA	unphased	0.858536585365854	0.858536585365854	1
19	39078153	39078154	3	10	3	3	0	1	NA	NA	NA	unphased	2.82051282051282	0.94017094017094	3
19	40382590	40382591	26	6	3	3	0	1	NA	NA	NA	unphased	0.6875	0.6875	1
19	40430554	40430555	10	6	3	3	0	1	NA	NA	NA	unphased	1.375	1.375	1
19	41455033	41455034	21	6	3	3	0	1	NA	NA	NA	unphased	0.814814814814815	0.814814814814815	1
19	43441221	43441222	92	25	3	3	0	1	NA	NA	NA	unphased	0.783475783475784	0.783475783475784	1
19	44012033	44012034	11	3	3	3	0	1	NA	NA	NA	unphased	0.785714285714286	0.785714285714286	1
19	46387517	46387518	23	8	3	3	0	1	NA	NA	NA	unphased	0.946236559139785	0.946236559139785	1
19	47774694	47774695	16	6	2	2	0	1	NA	NA	NA	unphased	0.727272727272727	0.727272727272727	1
19	48608652	48608653	70	51	2	2	0	1	NA	NA	NA	unphased	1.12396694214876	1.12396694214876	1
19	48922534	48922535	40	13	3	3	0	1	NA	NA	NA	unphased	0.89937106918239	0.89937106918239	1
19	49003101	49003102	4	4	3	3	0	1	NA	NA	NA	unphased	1.83333333333333	1.83333333333333	1
19	49448188	49448189	68	28	3	3	0	1	NA	NA	NA	unphased	1.06944444444444	1.06944444444444	1
19	50474519	50474520	14	10	2	2	0	1	NA	NA	NA	unphased	1.11111111111111	1.11111111111111	1
19	50940747	50940748	11	4	2	2	0	1	NA	NA	NA	unphased	0.711111111111111	0.711111111111111	1
19	51329969	51329970	46	19	2	2	0	1	NA	NA	NA	unphased	0.779487179487179	0.779487179487179	1
19	52272162	52272163	78	40	2	2	0	1	NA	NA	NA	unphased	0.903954802259887	0.903954802259887	1
19	53219119	53219120	34	136	2	2	0	1	NA	NA	NA	unphased	2.13333333333333	1.06666666666667	2
19	54410132	54410133	43	13	2	2	0	1	NA	NA	NA	unphased	0.619047619047619	0.619047619047619	1
19	54937892	54937893	16	58	2	2	0	1	NA	NA	NA	unphased	2.09009009009009	1.04504504504505	2
19	55377863	55377864	121	42	3	3	0	1	NA	NA	NA	unphased	0.94478527607362	0.94478527607362	1
19	56693590	56693591	38	11	3	3	0	1	NA	NA	NA	unphased	0.82312925170068	0.82312925170068	1
19	56701355	56701356	46	19	3	3	0	1	NA	NA	NA	unphased	1.07179487179487	1.07179487179487	1
19	57036020	57036021	26	22	3	3	0	1	NA	NA	NA	unphased	1.68055555555556	0.840277777777778	2
19	57889162	57889163	113	6	3	3	0	1	NA	NA	NA	unphased	0.184873949579832	0.184873949579832	1
19	58499598	58499599	45	21	3	3	0	1	NA	NA	NA	unphased	1.16666666666667	1.16666666666667	1
19	58512666	58512667	26	5	3	3	0	1	NA	NA	NA	unphased	0.591397849462366	0.591397849462366	1
2	275159	275160	53	11	3	2	1	1	NA	NA	NA	unphased	0.630208333333333	0.630208333333333	1
2	1241721	1241722	9	7	3	2	1	1	NA	NA	NA	unphased	1.60416666666667	1.60416666666667	1
2	1982989	1982990	14	7	3	2	1	1	NA	NA	NA	unphased	1.22222222222222	1.22222222222222	1
2	3341834	3341835	24	38	3	2	1	1	NA	NA	NA	unphased	2.24731182795699	1.12365591397849	2
2	11052608	11052609	3	8	3	2	1	1	NA	NA	NA	unphased	2.66666666666667	1.33333333333333	2
2	15676614	15676615	156	46	3	2	1	1	NA	NA	NA	unphased	0.834983498349835	0.834983498349835	1
2	16743392	16743393	49	17	3	2	1	1	NA	NA	NA	unphased	0.944444444444444	0.944444444444444	1
2	21230294	21230295	89	32	3	2	1	1	NA	NA	NA	unphased	0.96969696969697	0.96969696969697	1
2	27303656	27303657	34	5	2.47	2	2	0.49	1	0	0.51	unphased	0.402136752136752	0.820687249258678	0.49
2	27695147	27695148	105	129	2.47	2	2	0.49	1	0	0.51	unphased	1.72918803418803	1.16052888200539	1.49
2	27801939	27801940	107	59	2.47	2	2	0.49	1	0	0.51	unphased	1.11483935742972	1.11483935742972	1
2	33487869	33487870	12	16	3	2	1	1	NA	NA	NA	unphased	2.09523809523809	1.04761904761905	2
2	38302171	38302172	6	5	3	2	1	1	NA	NA	NA	unphased	1.66666666666667	1.66666666666667	1
2	40656102	40656103	78	40	3	2	1	1	NA	NA	NA	unphased	1.24293785310734	1.24293785310734	1
2	44126663	44126664	88	21	4	2	2	1	NA	NA	NA	unphased	0.899082568807339	0.899082568807339	1
2	48061776	48061777	73	24	3	2	1	1	NA	NA	NA	unphased	0.907216494845361	0.907216494845361	1
2	49381523	49381524	44	8	4	2	2	1	NA	NA	NA	unphased	0.717948717948718	0.717948717948718	1
2	50765483	50765484	249	72	3	2	1	1	NA	NA	NA	unphased	0.822429906542056	0.822429906542056	1
2	50847276	50847277	27	7	3	2	1	1	NA	NA	NA	unphased	0.754901960784314	0.754901960784314	1
2	54483269	54483270	81	25	4	2	2	1	NA	NA	NA	unphased	1.10062893081761	1.10062893081761	1
2	69002441	69002442	173	58	3	2	1	1	NA	NA	NA	unphased	0.920634920634921	0.920634920634921	1
2	74479473	74479474	26	10	3	2	1	1	NA	NA	NA	unphased	1.01851851851852	1.01851851851852	1
2	79878740	79878741	37	10	3	2	1	1	NA	NA	NA	unphased	0.780141843971631	0.780141843971631	1
2	79878741	79878742	37	10	3	2	1	1	NA	NA	NA	unphased	0.780141843971631	0.780141843971631	1
2	80529912	80529913	25	9	3	2	1	1	NA	NA	NA	unphased	0.970588235294118	0.970588235294118	1
2	86790582	86790583	14	11	3	2	1	1	NA	NA	NA	unphased	1.61333333333333	0.806666666666667	2
2	89476042	89476043	112	33	3	2	1	1	NA	NA	NA	unphased	0.83448275862069	0.83448275862069	1
2	118753861	118753862	26	10	2	2	0	1	NA	NA	NA	unphased	0.740740740740741	0.740740740740741	1
2	119752108	119752109	27	8	2	2	0	1	NA	NA	NA	unphased	0.609523809523809	0.609523809523809	1
2	121743880	121743881	13	31	2	2	0	1	NA	NA	NA	unphased	1.87878787878788	0.939393939393939	2
2	128367531	128367532	6	14	2	2	0	1	NA	NA	NA	unphased	1.86666666666667	0.933333333333333	2
2	133542349	133542350	55	33	2	2	0	1	NA	NA	NA	unphased	1	1	1
2	133542607	133542608	31	21	2	2	0	1	NA	NA	NA	unphased	1.07692307692308	1.07692307692308	1
2	135749118	135749119	47	21	2	2	0	1	NA	NA	NA	unphased	0.823529411764706	0.823529411764706	1
2	141130644	141130645	51	29	2	2	0	1	NA	NA	NA	unphased	0.966666666666667	0.966666666666667	1
2	157185981	157185982	13	6	2	2	0	1	NA	NA	NA	unphased	0.842105263157895	0.842105263157895	1
2	166223756	166223757	18	16	2	2	0	1	NA	NA	NA	unphased	1.25490196078431	1.25490196078431	1
2	166904246	166904247	19	62	2	2	0	1	NA	NA	NA	unphased	2.04115226337449	1.02057613168724	2
2	167108335	167108336	24	11	2	2	0	1	NA	NA	NA	unphased	0.838095238095238	0.838095238095238	1
2	173420984	173420985	4	4	2	2	0	1	NA	NA	NA	unphased	1.33333333333333	1.33333333333333	1
2	176973924	176973925	20	8	2	2	0	1	NA	NA	NA	unphased	0.761904761904762	0.761904761904762	1
2	177037050	177037051	8	7	2	2	0	1	NA	NA	NA	unphased	1.24444444444444	1.24444444444444	1
2	179454339	179454340	77	44	2	2	0	1	NA	NA	NA	unphased	0.96969696969697	0.96969696969697	1
2	179583504	179583505	28	22	2	2	0	1	NA	NA	NA	unphased	1.17333333333333	1.17333333333333	1
2	179634850	179634851	70	49	2	2	0	1	NA	NA	NA	unphased	1.09803921568627	1.09803921568627	1
2	185800894	185800895	47	38	2	2	0	1	NA	NA	NA	unphased	1.1921568627451	1.1921568627451	1
2	188223845	188223846	53	41	2	2	0	1	NA	NA	NA	unphased	1.16312056737589	1.16312056737589	1
2	188247987	188247988	37	18	2	2	0	1	NA	NA	NA	unphased	0.872727272727273	0.872727272727273	1
2	206640999	206641000	25	63	2	2	0	1	NA	NA	NA	unphased	1.90909090909091	0.954545454545455	2
2	210561732	210561733	50	28	2	2	0	1	NA	NA	NA	unphased	0.957264957264957	0.957264957264957	1
2	212251658	212251659	51	25	2	2	0	1	NA	NA	NA	unphased	0.87719298245614	0.87719298245614	1
2	212589850	212589851	46	26	2	2	0	1	NA	NA	NA	unphased	0.962962962962963	0.962962962962963	1
2	220026658	220026659	19	58	2	2	0	1	NA	NA	NA	unphased	2.00865800865801	1.004329004329	2
2	220326735	220326736	52	22	2	2	0	1	NA	NA	NA	unphased	0.792792792792793	0.792792792792793	1
2	233759340	233759341	13	3	2	2	0	1	NA	NA	NA	unphased	0.5	0.5	1
2	242814853	242814854	27	14	2	2	0	1	NA	NA	NA	unphased	0.910569105691057	0.910569105691057	1
20	1616134	1616135	67	36	2	2	0	1	NA	NA	NA	unphased	0.932038834951456	0.932038834951456	1
20	1961434	1961435	48	22	2	2	0	1	NA	NA	NA	unphased	0.838095238095238	0.838095238095238	1
20	2638638	2638639	59	29	2	2	0	1	NA	NA	NA	unphased	0.878787878787879	0.878787878787879	1
20	3199277	3199278	10	8	2	2	0	1	NA	NA	NA	unphased	1.18518518518519	1.18518518518519	1
20	7894921	7894922	68	21	3	2	1	1	NA	NA	NA	unphased	0.865168539325843	0.865168539325843	1
20	8696851	8696852	6	13	3	2	1	1	NA	NA	NA	unphased	2.50877192982456	1.25438596491228	2
20	9546791	9546792	56	16	3	2	1	1	NA	NA	NA	unphased	0.814814814814815	0.814814814814815	1
20	14307639	14307640	65	22	2.86	2	1	0.93	0	1	0.07	unphased	0.891800766283525	0.891800766283525	1
20	17617367	17617368	82	11	2.86	2	1	0.93	0	1	0.07	unphased	0.417132616487455	0.417132616487455	1
20	23016396	23016397	71	134	2.86	2	1	0.93	0	1	0.07	unphased	2.30523577235772	1.1944226799781	1.93
20	23807120	23807121	36	17	2.86	2	1	0.93	0	1	0.07	unphased	1.13119496855346	1.13119496855346	1
20	30072004	30072005	7	3	2.86	2	1	0.93	0	1	0.07	unphased	1.058	1.058	1
20	32881904	32881905	30	12	2.96	2	1	0.98	0	1	0.02	unphased	1.03619047619048	1.03619047619048	1
20	34778673	34778674	36	5	2.96	2	1	0.98	0	1	0.02	unphased	0.442276422764228	0.442276422764228	1
20	41100942	41100943	71	24	3.79	2	2	0.93	0	1	0.07	unphased	1.12589473684211	1.12589473684211	1
20	42343775	42343776	254	55	3.79	2	2	0.93	0	1	0.07	unphased	0.793257820927724	0.852965398847015	0.93
20	43955841	43955842	17	11	1.04	2	1	0.02	0	1	0.98	unphased	0.670476190476191	0.670476190476191	1
20	44505408	44505409	61	15	1.04	2	1	0.02	0	1	0.98	unphased	0.336842105263158	0.336842105263158	1
20	44673772	44673773	33	12	1.04	2	1	0.02	0	1	0.98	unphased	0.455111111111111	0.455111111111111	1
20	46365659	46365660	19	40	1.04	2	1	0.02	0	1	0.98	unphased	1.15706214689266	1.15706214689266	1
20	50140410	50140411	24	9	1.04	2	1	0.02	0	1	0.98	unphased	0.465454545454545	0.465454545454545	1
20	50140411	50140412	25	9	1.04	2	1	0.02	0	1	0.98	unphased	0.451764705882353	0.451764705882353	1
20	50705001	50705002	77	33	1.04	2	1	0.02	0	1	0.98	unphased	0.512	0.512	1
20	51871330	51871331	56	127	1.04	2	1	0.02	0	1	0.98	unphased	1.18440801457195	1.16118432801171	1.02
20	54573601	54573602	49	16	3	2	1	1	0	1	0	unphased	0.902564102564103	0.902564102564103	1
20	54972782	54972783	48	21	3	2	1	1	0	1	0	unphased	1.11594202898551	1.11594202898551	1
20	61143687	61143688	85	12	4	3	1	1	0	1	0	unphased	0.577319587628866	0.577319587628866	1
20	61458609	61458610	13	38	4	3	1	1	0	1	0	unphased	3.47712418300654	1.15904139433551	3
20	61637643	61637644	55	9	4	3	1	1	0	1	0	unphased	0.65625	0.65625	1
20	61981061	61981062	150	11	4	3	1	1	0	1	0	unphased	0.318840579710145	0.318840579710145	1
21	43411923	43411924	39	99	1	1	0	1	NA	NA	NA	unphased	1.19565217391304	1.19565217391304	1
21	46066942	46066943	56	85	1	1	0	1	NA	NA	NA	unphased	1.00472813238771	1.00472813238771	1
22	17443764	17443765	9	12	1	1	0	1	NA	NA	NA	unphased	0.952380952380952	0.952380952380952	1
22	17443765	17443766	7	11	1	1	0	1	NA	NA	NA	unphased	1.01851851851852	1.01851851851852	1
22	26706635	26706636	21	38	1	1	0	1	NA	NA	NA	unphased	1.07344632768362	1.07344632768362	1
22	28192879	28192880	20	23	1	1	0	1	NA	NA	NA	unphased	0.891472868217054	0.891472868217054	1
22	32464011	32464012	27	59	1	1	0	1	NA	NA	NA	unphased	1.14341085271318	1.14341085271318	1
22	38308393	38308394	13	23	1	1	0	1	NA	NA	NA	unphased	1.06481481481481	1.06481481481481	1
22	44283528	44283529	3	9	1	1	0	1	NA	NA	NA	unphased	1.25	1.25	1
22	46776810	46776811	13	5	1	1	0	1	NA	NA	NA	unphased	0.462962962962963	0.462962962962963	1
3	3118233	3118234	10	53	3	3	0	1	NA	NA	NA	unphased	3.08465608465608	1.02821869488536	3
3	7728102	7728103	129	52	3	3	0	1	NA	NA	NA	unphased	1.05340699815838	1.05340699815838	1
3	11070425	11070426	34	16	3	3	0	1	NA	NA	NA	unphased	1.17333333333333	1.17333333333333	1
3	13361273	13361274	29	18	1.4	3	0	0.2	1	0	0.8	unphased	0.791489361702128	0.791489361702128	1
3	35750480	35750481	6	15	1	1	0	1	NA	NA	NA	unphased	1.19047619047619	1.19047619047619	1
3	35750481	35750482	6	16	1	1	0	1	NA	NA	NA	unphased	1.21212121212121	1.21212121212121	1
3	53381621	53381622	3	8	1	1	0	1	NA	NA	NA	unphased	1.21212121212121	1.21212121212121	1
3	64601846	64601847	110	96	1.45	3	1	0.15	1	0	0.85	unphased	0.986407766990291	0.986407766990291	1
3	65342238	65342239	138	19	1.45	3	1	0.15	1	0	0.85	unphased	0.256157112526539	0.256157112526539	1
3	69097100	69097101	72	30	3	2	1	1	NA	NA	NA	unphased	1.07843137254902	1.07843137254902	1
3	77614132	77614133	10	11	2	1	1	1	NA	NA	NA	unphased	1.3968253968254	1.3968253968254	1
3	93772113	93772114	5	16	2	1	1	1	NA	NA	NA	unphased	2.03174603174603	2.03174603174603	1
3	96963088	96963089	33	60	3	2	1	1	NA	NA	NA	unphased	2.36559139784946	1.18279569892473	2
3	97251232	97251233	47	45	3	2	1	1	NA	NA	NA	unphased	1.79347826086957	0.896739130434783	2
3	98002222	98002223	39	18	3	2	1	1	NA	NA	NA	unphased	1.15789473684211	1.15789473684211	1
3	99515014	99515015	8	3	3	2	1	1	NA	NA	NA	unphased	1	1	1
3	101375014	101375015	55	41	3	2	1	1	NA	NA	NA	unphased	1.56597222222222	0.782986111111111	2
3	108172959	108172960	68	32	3	2	1	1	NA	NA	NA	unphased	1.17333333333333	1.17333333333333	1
3	124215167	124215168	32	8	2	2	0	1	NA	NA	NA	unphased	0.533333333333333	0.533333333333333	1
3	128694742	128694743	4	13	2	2	0	1	NA	NA	NA	unphased	2.03921568627451	1.01960784313725	2
3	133524829	133524830	10	41	2	2	0	1	NA	NA	NA	unphased	2.1437908496732	1.0718954248366	2
3	137843633	137843634	12	42	2	2	0	1	NA	NA	NA	unphased	2.07407407407407	1.03703703703704	2
3	150644517	150644518	5	10	3	2	1	1	NA	NA	NA	unphased	2.44444444444444	1.22222222222222	2
3	157820473	157820474	45	21	3	2	1	1	NA	NA	NA	unphased	1.16666666666667	1.16666666666667	1
3	164908121	164908122	26	34	3	2	1	1	NA	NA	NA	unphased	2.07777777777778	1.03888888888889	2
3	170216485	170216486	19	26	3	2	1	1	NA	NA	NA	unphased	2.11851851851852	1.05925925925926	2
3	172499972	172499973	55	20	3	2	1	1	NA	NA	NA	unphased	0.977777777777778	0.977777777777778	1
3	179334770	179334771	21	14	3	2	1	1	NA	NA	NA	unphased	1.46666666666667	1.46666666666667	1
3	183887948	183887949	38	16	3	2	1	1	NA	NA	NA	unphased	1.08641975308642	1.08641975308642	1
3	184035503	184035504	12	16	3	2	1	1	NA	NA	NA	unphased	2.09523809523809	1.04761904761905	2
3	185540999	185541000	18	10	3	2	1	1	NA	NA	NA	unphased	1.30952380952381	1.30952380952381	1
3	186015882	186015883	89	18	3	2	1	1	NA	NA	NA	unphased	0.616822429906542	0.616822429906542	1
3	195594641	195594642	7	10	3	2	1	1	NA	NA	NA	unphased	2.15686274509804	1.07843137254902	2
4	647652	647653	27	5	2	1	1	1	NA	NA	NA	unphased	0.416666666666667	0.416666666666667	1
4	3487349	3487350	13	10	2	1	1	1	NA	NA	NA	unphased	1.15942028985507	1.15942028985507	1
4	5841342	5841343	11	5	2	1	1	1	NA	NA	NA	unphased	0.833333333333333	0.833333333333333	1
4	6043930	6043931	25	16	2	1	1	1	NA	NA	NA	unphased	1.04065040650407	1.04065040650407	1
4	8229271	8229272	62	32	2	1	1	1	NA	NA	NA	unphased	0.907801418439716	0.907801418439716	1
4	20620644	20620645	28	13	2	1	1	1	NA	NA	NA	unphased	0.845528455284553	0.845528455284553	1
4	38091597	38091598	64	18	2	1	1	1	NA	NA	NA	unphased	0.585365853658537	0.585365853658537	1
4	44177125	44177126	58	25	2	1	1	1	NA	NA	NA	unphased	0.803212851405623	0.803212851405623	1
4	47034460	47034461	124	57	3	2	1	1	NA	NA	NA	unphased	1.15469613259669	1.15469613259669	1
4	57272666	57272667	17	45	2	2	0	1	NA	NA	NA	unphased	1.93548387096774	0.967741935483871	2
4	62362962	62362963	5	6	2	2	0	1	NA	NA	NA	unphased	1.45454545454545	1.45454545454545	1
4	69433503	69433504	103	38	NA	NA	NA	NA	NA	NA	NA	unphased	NA	NA	1
4	69687987	69687988	167	13	2	2	0	1	NA	NA	NA	unphased	0.192592592592593	0.192592592592593	1
4	70070201	70070202	48	122	2	2	0	1	NA	NA	NA	unphased	1.91372549019608	0.956862745098039	2
4	70596370	70596371	14	11	2	2	0	1	NA	NA	NA	unphased	1.17333333333333	1.17333333333333	1
4	72631217	72631218	66	39	2	2	0	1	NA	NA	NA	unphased	0.990476190476191	0.990476190476191	1
4	73169784	73169785	76	29	2	2	0	1	NA	NA	NA	unphased	0.736507936507937	0.736507936507937	1
4	76447137	76447138	29	12	2	2	0	1	NA	NA	NA	unphased	0.780487804878049	0.780487804878049	1
4	79462067	79462068	23	26	2	2	0	1	NA	NA	NA	unphased	1.41496598639456	0.707482993197279	2
4	96035925	96035926	81	55	2	2	0	1	NA	NA	NA	unphased	1.07843137254902	1.07843137254902	1
4	98480258	98480259	33	19	2	2	0	1	NA	NA	NA	unphased	0.974358974358974	0.974358974358974	1
4	100242523	100242524	11	41	2	2	0	1	NA	NA	NA	unphased	2.1025641025641	1.05128205128205	2
4	103822349	103822350	237	11	2	2	0	1	NA	NA	NA	unphased	0.118279569892473	0.118279569892473	1
4	104027424	104027425	39	19	2	2	0	1	NA	NA	NA	unphased	0.873563218390805	0.873563218390805	1
4	119609099	119609100	22	25	2	2	0	1	NA	NA	NA	unphased	1.41843971631206	0.709219858156028	2
4	124011769	124011770	40	29	2	2	0	1	NA	NA	NA	unphased	1.1207729468599	1.1207729468599	1
4	128635179	128635180	31	12	2	2	0	1	NA	NA	NA	unphased	0.744186046511628	0.744186046511628	1
4	134073205	134073206	6	35	2	2	0	1	NA	NA	NA	unphased	2.27642276422764	1.13821138211382	2
4	139981688	139981689	53	28	2	2	0	1	NA	NA	NA	unphased	0.921810699588477	0.921810699588477	1
4	146575287	146575288	39	19	2	2	0	1	NA	NA	NA	unphased	0.873563218390805	0.873563218390805	1
4	169108668	169108669	3	19	2	2	0	1	NA	NA	NA	unphased	2.3030303030303	1.15151515151515	2
4	177608554	177608555	75	47	2	2	0	1	NA	NA	NA	unphased	1.02732240437158	1.02732240437158	1
4	187003727	187003728	46	13	2	2	0	1	NA	NA	NA	unphased	0.587570621468927	0.587570621468927	1
4	188924601	188924602	63	31	2	2	0	1	NA	NA	NA	unphased	0.879432624113475	0.879432624113475	1
4	189068615	189068616	1	10	2	2	0	1	NA	NA	NA	unphased	2.42424242424242	1.21212121212121	2
5	886836	886837	71	22	2.72	2	1	0.86	1	0	0.14	unphased	0.801146953405018	0.801146953405018	1
5	5182299	5182300	46	20	2.72	2	1	0.86	1	0	0.14	unphased	1.02626262626263	1.02626262626263	1
5	5462502	5462503	63	16	2.72	2	1	0.86	1	0	0.14	unphased	0.685907172995781	0.797566480227652	0.86
5	7789877	7789878	33	17	2.76	2	1	0.88	1	0	0.12	unphased	1.16506666666667	1.16506666666667	1
5	11236868	11236869	70	70	2.76	2	1	0.88	1	0	0.12	unphased	1.71333333333333	0.911347517730496	1.88
5	11397220	11397221	65	25	2.76	2	1	0.88	1	0	0.12	unphased	0.951851851851852	0.951851851851852	1
5	13845011	13845012	77	29	3	2	1	1	NA	NA	NA	unphased	1.00314465408805	1.00314465408805	1
5	14419958	14419959	24	8	3	2	1	1	NA	NA	NA	unphased	0.916666666666667	0.916666666666667	1
5	26902595	26902596	47	9	3	2	1	1	NA	NA	NA	unphased	0.589285714285714	0.589285714285714	1
5	26915966	26915967	106	30	3	2	1	1	NA	NA	NA	unphased	0.808823529411765	0.808823529411765	1
5	33938280	33938281	20	4	3	2	1	1	NA	NA	NA	unphased	0.611111111111111	0.611111111111111	1
5	33964082	33964083	18	22	3	2	1	1	NA	NA	NA	unphased	2.01666666666667	1.00833333333333	2
5	42719117	42719118	67	11	4	2	2	1	NA	NA	NA	unphased	0.658119658119658	0.658119658119658	1
5	42719118	42719119	66	11	4	2	2	1	NA	NA	NA	unphased	0.666666666666667	0.666666666666667	1
5	43700246	43700247	128	36	4	2	2	1	NA	NA	NA	unphased	1.02439024390244	1.02439024390244	1
5	45303833	45303834	125	27	4	2	2	1	NA	NA	NA	unphased	0.828947368421053	0.828947368421053	1
5	61778979	61778980	54	9	3	3	0	1	NA	NA	NA	unphased	0.523809523809524	0.523809523809524	1
5	63257021	63257022	100	50	2	2	0	1	NA	NA	NA	unphased	0.888888888888889	0.888888888888889	1
5	72192348	72192349	8	13	1	1	0	1	NA	NA	NA	unphased	1.03174603174603	1.03174603174603	1
5	89989727	89989728	4	7	1	1	0	1	NA	NA	NA	unphased	1.06060606060606	1.06060606060606	1
5	122729045	122729046	21	26	1	1	0	1	NA	NA	NA	unphased	0.921985815602837	0.921985815602837	1
5	129521257	129521258	10	21	1	1	0	1	NA	NA	NA	unphased	1.12903225806452	1.12903225806452	1
5	137892519	137892520	23	21	1	1	0	1	NA	NA	NA	unphased	0.795454545454545	0.795454545454545	1
5	138266327	138266328	58	7	1	1	0	1	NA	NA	NA	unphased	0.17948717948718	0.17948717948718	1
5	140626034	140626035	20	16	1	1	0	1	NA	NA	NA	unphased	0.740740740740741	0.740740740740741	1
5	149278974	149278975	17	21	1	1	0	1	NA	NA	NA	unphased	0.921052631578947	0.921052631578947	1
5	150925052	150925053	14	34	1	1	0	1	NA	NA	NA	unphased	1.18055555555556	1.18055555555556	1
5	154267691	154267692	5	9	2	1	1	1	NA	NA	NA	unphased	1.71428571428571	1.71428571428571	1
5	159520048	159520049	6	4	2	1	1	1	NA	NA	NA	unphased	1.06666666666667	1.06666666666667	1
5	161277832	161277833	51	37	2	1	1	1	NA	NA	NA	unphased	1.12121212121212	1.12121212121212	1
5	167957255	167957256	23	12	2	1	1	1	NA	NA	NA	unphased	0.914285714285714	0.914285714285714	1
5	172518520	172518521	13	7	2	1	1	1	NA	NA	NA	unphased	0.933333333333333	0.933333333333333	1
5	173531306	173531307	24	16	2	1	1	1	NA	NA	NA	unphased	1.06666666666667	1.06666666666667	1
5	173531308	173531309	25	17	2	1	1	1	NA	NA	NA	unphased	1.07936507936508	1.07936507936508	1
5	174953672	174953673	59	33	2	1	1	1	NA	NA	NA	unphased	0.956521739130435	0.956521739130435	1
5	176823959	176823960	37	17	2	1	1	1	NA	NA	NA	unphased	0.839506172839506	0.839506172839506	1
5	176823960	176823961	36	16	2	1	1	1	NA	NA	NA	unphased	0.820512820512821	0.820512820512821	1
5	180377111	180377112	35	24	2	1	1	1	NA	NA	NA	unphased	1.08474576271186	1.08474576271186	1
5	180477185	180477186	44	22	2	1	1	1	NA	NA	NA	unphased	0.888888888888889	0.888888888888889	1
5	180582876	180582877	16	15	2	1	1	1	NA	NA	NA	unphased	1.29032258064516	1.29032258064516	1
6	10709642	10709643	15	30	2	2	0	1	NA	NA	NA	unphased	1.77777777777778	0.888888888888889	2
6	10756825	10756826	6	16	2	2	0	1	NA	NA	NA	unphased	1.93939393939394	0.96969696969697	2
6	26184239	26184240	44	103	2	2	0	1	NA	NA	NA	unphased	1.86848072562358	0.934240362811791	2
6	32008334	32008335	32	28	2	2	0	1	NA	NA	NA	unphased	1.24444444444444	1.24444444444444	1
6	36270030	36270031	56	25	2	2	0	1	NA	NA	NA	unphased	0.823045267489712	0.823045267489712	1
6	43550168	43550169	81	57	2	2	0	1	NA	NA	NA	unphased	1.10144927536232	1.10144927536232	1
6	66044863	66044864	35	8	2	2	0	1	NA	NA	NA	unphased	0.496124031007752	0.496124031007752	1
6	70812077	70812078	29	15	2	2	0	1	NA	NA	NA	unphased	0.909090909090909	0.909090909090909	1
6	75814999	75815000	13	4	2	2	0	1	NA	NA	NA	unphased	0.627450980392157	0.627450980392157	1
6	84913807	84913808	14	15	1	1	0	1	NA	NA	NA	unphased	0.862068965517241	0.862068965517241	1
6	85446749	85446750	33	36	1	1	0	1	NA	NA	NA	unphased	0.869565217391304	0.869565217391304	1
6	93967869	93967870	22	25	1	1	0	1	NA	NA	NA	unphased	0.886524822695036	0.886524822695036	1
6	97246913	97246914	21	34	1	1	0	1	NA	NA	NA	unphased	1.03030303030303	1.03030303030303	1
6	110777956	110777957	23	44	1	1	0	1	NA	NA	NA	unphased	1.09452736318408	1.09452736318408	1
6	118635225	118635226	21	25	1	1	0	1	NA	NA	NA	unphased	0.905797101449275	0.905797101449275	1
6	126080737	126080738	66	56	1	1	0	1	NA	NA	NA	unphased	0.765027322404372	0.765027322404372	1
6	130455018	130455019	9	12	1	1	0	1	NA	NA	NA	unphased	0.952380952380952	0.952380952380952	1
6	132859646	132859647	20	20	1	1	0	1	NA	NA	NA	unphased	0.833333333333333	0.833333333333333	1
6	146127198	146127199	35	49	1	1	0	1	NA	NA	NA	unphased	0.972222222222222	0.972222222222222	1
6	149944293	149944294	24	21	1	1	0	1	NA	NA	NA	unphased	0.777777777777778	0.777777777777778	1
6	150005601	150005602	9	23	1	1	0	1	NA	NA	NA	unphased	1.19791666666667	1.19791666666667	1
6	151686882	151686883	21	16	1	1	0	1	NA	NA	NA	unphased	0.720720720720721	0.720720720720721	1
6	152776691	152776692	21	25	1	1	0	1	NA	NA	NA	unphased	0.905797101449275	0.905797101449275	1
6	158483053	158483054	45	72	1	1	0	1	NA	NA	NA	unphased	1.02564102564103	1.02564102564103	1
6	170173466	170173467	27	14	1	1	0	1	NA	NA	NA	unphased	0.569105691056911	0.569105691056911	1
7	5167309	5167310	11	10	2	2	0	1	NA	NA	NA	unphased	1.26984126984127	1.26984126984127	1
7	18067329	18067330	42	89	2	2	0	1	NA	NA	NA	unphased	1.8117048346056	0.905852417302799	2
7	19185024	19185025	2	12	2	2	0	1	NA	NA	NA	unphased	2.28571428571429	1.14285714285714	2
7	43485020	43485021	11	24	1	1	0	1	NA	NA	NA	unphased	1.14285714285714	1.14285714285714	1
7	50450271	50450272	8	5	1	1	0	1	NA	NA	NA	unphased	0.641025641025641	0.641025641025641	1
7	73455560	73455561	142	68	2	1	1	1	NA	NA	NA	unphased	0.863492063492064	0.863492063492064	1
7	75511250	75511251	50	49	2	1	1	1	NA	NA	NA	unphased	1.31986531986532	1.31986531986532	1
7	82546057	82546058	33	15	2	2	0	1	NA	NA	NA	unphased	0.833333333333333	0.833333333333333	1
7	103417052	103417053	21	23	1	1	0	1	NA	NA	NA	unphased	0.871212121212121	0.871212121212121	1
7	128359028	128359029	47	35	2	1	1	1	NA	NA	NA	unphased	1.13821138211382	1.13821138211382	1
7	142028603	142028604	80	51	2	1	1	1	NA	NA	NA	unphased	1.0381679389313	1.0381679389313	1
7	142045370	142045371	33	25	2	1	1	1	NA	NA	NA	unphased	1.14942528735632	1.14942528735632	1
7	142251124	142251125	55	28	2	1	1	1	NA	NA	NA	unphased	0.899598393574297	0.899598393574297	1
7	142571883	142571884	14	5	2	1	1	1	NA	NA	NA	unphased	0.701754385964912	0.701754385964912	1
7	143047545	143047546	16	14	2	1	1	1	NA	NA	NA	unphased	1.24444444444444	1.24444444444444	1
7	148701124	148701125	61	50	3	2	1	1	NA	NA	NA	unphased	1.65165165165165	0.825825825825826	2
7	149191374	149191375	95	97	3	2	1	1	NA	NA	NA	unphased	1.85243055555556	0.926215277777778	2
7	149191375	149191376	94	96	3	2	1	1	NA	NA	NA	unphased	1.85263157894737	0.926315789473684	2
7	150324968	150324969	107	31	3	2	1	1	NA	NA	NA	unphased	0.823671497584541	0.823671497584541	1
7	150779302	150779303	120	72	2	1	1	1	NA	NA	NA	unphased	1	1	1
7	150784028	150784029	17	5	2	1	1	1	NA	NA	NA	unphased	0.606060606060606	0.606060606060606	1
7	155595651	155595652	12	11	2	1	1	1	NA	NA	NA	unphased	1.27536231884058	1.27536231884058	1
8	2836149	2836150	4	4	1	1	0	1	NA	NA	NA	unphased	0.833333333333333	0.833333333333333	1
8	10389038	10389039	40	15	2	1	1	1	NA	NA	NA	unphased	0.727272727272727	0.727272727272727	1
8	19363371	19363372	4	7	1	1	0	1	NA	NA	NA	unphased	1.06060606060606	1.06060606060606	1
8	23167420	23167421	12	13	1	1	0	1	NA	NA	NA	unphased	0.866666666666667	0.866666666666667	1
8	36693883	36693884	16	11	1	1	0	1	NA	NA	NA	unphased	0.679012345679012	0.679012345679012	1
8	40011077	40011078	21	26	3	2	1	1	NA	NA	NA	unphased	2.02836879432624	1.01418439716312	2
8	42761345	42761346	43	25	2	1	1	1	NA	NA	NA	unphased	0.980392156862745	0.980392156862745	1
8	51664634	51664635	43	24	2	1	1	1	NA	NA	NA	unphased	0.955223880597015	0.955223880597015	1
8	52322027	52322028	23	13	2	1	1	1	NA	NA	NA	unphased	0.962962962962963	0.962962962962963	1
8	54163408	54163409	69	37	4.1	5	1	0.62	1	0	0.38	unphased	1.66383647798742	1.02705955431322	1.62
8	64099292	64099293	51	49	3	2	1	1	NA	NA	NA	unphased	1.79666666666667	0.898333333333333	2
8	65527708	65527709	35	17	2	1	1	1	NA	NA	NA	unphased	0.871794871794872	0.871794871794872	1
8	71520309	71520310	7	7	2	1	1	1	NA	NA	NA	unphased	1.33333333333333	1.33333333333333	1
8	76470802	76470803	81	60	2	1	1	1	NA	NA	NA	unphased	1.13475177304965	1.13475177304965	1
8	77766571	77766572	17	13	2	1	1	1	NA	NA	NA	unphased	1.15555555555556	1.15555555555556	1
8	87060825	87060826	39	22	2	1	1	1	NA	NA	NA	unphased	0.961748633879781	0.961748633879781	1
8	88886221	88886222	9	9	2	1	1	1	NA	NA	NA	unphased	1.33333333333333	1.33333333333333	1
8	92261874	92261875	18	8	2	1	1	1	NA	NA	NA	unphased	0.820512820512821	0.820512820512821	1
8	104955110	104955111	36	20	2	1	1	1	NA	NA	NA	unphased	0.952380952380952	0.952380952380952	1
8	105463558	105463559	24	5	2	1	1	1	NA	NA	NA	unphased	0.459770114942529	0.459770114942529	1
8	109241313	109241314	44	28	2	1	1	1	NA	NA	NA	unphased	1.03703703703704	1.03703703703704	1
8	110476783	110476784	32	10	2	1	1	1	NA	NA	NA	unphased	0.634920634920635	0.634920634920635	1
8	110587754	110587755	38	16	2	1	1	1	NA	NA	NA	unphased	0.790123456790123	0.790123456790123	1
8	113418864	113418865	34	20	2	1	1	1	NA	NA	NA	unphased	0.987654320987654	0.987654320987654	1
8	113421208	113421209	39	18	2	1	1	1	NA	NA	NA	unphased	0.842105263157895	0.842105263157895	1
8	113649188	113649189	56	27	2	1	1	1	NA	NA	NA	unphased	0.867469879518072	0.867469879518072	1
8	113657441	113657442	29	22	2	1	1	1	NA	NA	NA	unphased	1.15032679738562	1.15032679738562	1
8	113988341	113988342	30	18	2	1	1	1	NA	NA	NA	unphased	1	1	1
8	116616230	116616231	23	5	2	1	1	1	NA	NA	NA	unphased	0.476190476190476	0.476190476190476	1
8	116632221	116632222	40	20	2	1	1	1	NA	NA	NA	unphased	0.888888888888889	0.888888888888889	1
8	133844551	133844552	90	34	2	1	1	1	NA	NA	NA	unphased	0.731182795698925	0.731182795698925	1
8	134472021	134472022	54	34	2	1	1	1	NA	NA	NA	unphased	1.03030303030303	1.03030303030303	1
8	139190840	139190841	30	19	2	1	1	1	NA	NA	NA	unphased	1.03401360544218	1.03401360544218	1
8	144998338	144998339	17	7	2	1	1	1	NA	NA	NA	unphased	0.777777777777778	0.777777777777778	1
8	145140292	145140293	15	4	2	1	1	1	NA	NA	NA	unphased	0.56140350877193	0.56140350877193	1
8	146279474	146279475	109	73	2	1	1	1	NA	NA	NA	unphased	1.06959706959707	1.06959706959707	1
9	6329038	6329039	6	12	1	1	0	1	NA	NA	NA	unphased	1.11111111111111	1.11111111111111	1
9	8341805	8341806	83	41	2	1	1	1	NA	NA	NA	unphased	0.881720430107527	0.881720430107527	1
9	17416186	17416187	17	11	2	1	1	1	NA	NA	NA	unphased	1.04761904761905	1.04761904761905	1
9	18817157	18817158	8	8	1	1	0	1	NA	NA	NA	unphased	0.833333333333333	0.833333333333333	1
9	21970984	21970985	5	10	1	1	0	1	NA	NA	NA	unphased	1.11111111111111	1.11111111111111	1
9	35711077	35711078	7	6	1	1	0	1	NA	NA	NA	unphased	0.769230769230769	0.769230769230769	1
9	37719161	37719162	13	10	1	1	0	1	NA	NA	NA	unphased	0.72463768115942	0.72463768115942	1
9	43816725	43816726	53	12	1	1	0	1	NA	NA	NA	unphased	0.307692307692308	0.307692307692308	1
9	77683964	77683965	32	10	2	2	0	1	NA	NA	NA	unphased	0.634920634920635	0.634920634920635	1
9	90499847	90499848	31	8	2	2	0	1	NA	NA	NA	unphased	0.547008547008547	0.547008547008547	1
9	92003844	92003845	18	85	2	2	0	1	NA	NA	NA	unphased	2.20064724919094	1.10032362459547	2
9	94519596	94519597	49	30	2	2	0	1	NA	NA	NA	unphased	1.0126582278481	1.0126582278481	1
9	100672279	100672280	25	12	2	2	0	1	NA	NA	NA	unphased	0.864864864864865	0.864864864864865	1
9	107646816	107646817	37	25	2	2	0	1	NA	NA	NA	unphased	1.0752688172043	1.0752688172043	1
9	120476108	120476109	22	19	2	2	0	1	NA	NA	NA	unphased	1.23577235772358	1.23577235772358	1
9	124976285	124976286	21	15	2	2	0	1	NA	NA	NA	unphased	1.11111111111111	1.11111111111111	1
9	125616229	125616230	45	22	2	2	0	1	NA	NA	NA	unphased	0.875621890547264	0.875621890547264	1
9	133942581	133942582	13	38	2	2	0	1	NA	NA	NA	unphased	1.98692810457516	0.993464052287582	2
9	139741098	139741099	16	13	2	2	0	1	NA	NA	NA	unphased	1.19540229885057	1.19540229885057	1
X	1471325	1471326	102	40	NA	NA	NA	NA	NA	NA	NA	unphased	NA	NA	1
X	6069304	6069305	45	39	NA	NA	NA	NA	NA	NA	NA	unphased	NA	NA	1
X	10423024	10423025	47	28	NA	NA	NA	NA	NA	NA	NA	unphased	NA	NA	1
X	14927022	14927023	61	46	NA	NA	NA	NA	NA	NA	NA	unphased	NA	NA	1
X	26158112	26158113	6	5	NA	NA	NA	NA	NA	NA	NA	unphased	NA	NA	1
X	27839657	27839658	19	7	NA	NA	NA	NA	NA	NA	NA	unphased	NA	NA	1
X	27999294	27999295	46	8	NA	NA	NA	NA	NA	NA	NA	unphased	NA	NA	1
X	28807496	28807497	29	16	NA	NA	NA	NA	NA	NA	NA	unphased	NA	NA	1
X	30322896	30322897	39	17	NA	NA	NA	NA	NA	NA	NA	unphased	NA	NA	1
X	30873034	30873035	12	8	NA	NA	NA	NA	NA	NA	NA	unphased	NA	NA	1
X	30873035	30873036	12	8	NA	NA	NA	NA	NA	NA	NA	unphased	NA	NA	1
X	37028121	37028122	75	43	NA	NA	NA	NA	NA	NA	NA	unphased	NA	NA	1
X	55102508	55102509	31	27	NA	NA	NA	NA	NA	NA	NA	unphased	NA	NA	1
X	64138951	64138952	6	22	NA	NA	NA	NA	NA	NA	NA	unphased	NA	NA	1
X	69479329	69479330	1	10	NA	NA	NA	NA	NA	NA	NA	unphased	NA	NA	1
X	80001084	80001085	5	12	NA	NA	NA	NA	NA	NA	NA	unphased	NA	NA	1
X	82763607	82763608	4	4	NA	NA	NA	NA	NA	NA	NA	unphased	NA	NA	1
X	107225090	107225091	19	81	NA	NA	NA	NA	NA	NA	NA	unphased	NA	NA	1
X	123556481	123556482	20	54	NA	NA	NA	NA	NA	NA	NA	unphased	NA	NA	1
X	125685301	125685302	16	37	NA	NA	NA	NA	NA	NA	NA	unphased	NA	NA	1
X	129147216	129147217	10	19	NA	NA	NA	NA	NA	NA	NA	unphased	NA	NA	1
X	129630150	129630151	27	15	NA	NA	NA	NA	NA	NA	NA	unphased	NA	NA	1
X	130419111	130419112	0	21	NA	NA	NA	NA	NA	NA	NA	unphased	NA	NA	1
X	134978413	134978414	5	42	NA	NA	NA	NA	NA	NA	NA	unphased	NA	NA	1
X	135405288	135405289	31	27	NA	NA	NA	NA	NA	NA	NA	unphased	NA	NA	1
X	136649263	136649264	2	6	NA	NA	NA	NA	NA	NA	NA	unphased	NA	NA	1
X	142718270	142718271	16	25	NA	NA	NA	NA	NA	NA	NA	unphased	NA	NA	1
X	152713229	152713230	32	97	NA	NA	NA	NA	NA	NA	NA	unphased	NA	NA	1
X	155239684	155239685	13	23	NA	NA	NA	NA	NA	NA	NA	unphased	NA	NA	1
Y	14888703	14888704	6	15	NA	NA	NA	NA	NA	NA	NA	unphased	NA	NA	1
